n_samples,model_type,seed,lambda_tau,rmse_naive,rmse_rasch,rmse_amortized,auc_naive,auc_rasch,auc_amortized,active_dims,active_indices,tau_values,embedding_type,scenario
1,beta,36,0.012,0.4642138821845151,0.4576483090311837,0.4802284415111065,0.5,0.6031055233182893,0.6747158183328396,30,"[0, 1, 2, 3, 4, 5, 6, 7, 8, 9, 10, 11, 12, 13, 14, 15, 16, 17, 18, 19, 20, 21, 22, 23, 24, 25, 26, 27, 28, 29]","[2.539461135864258, 2.512707471847534, 2.419769763946533, 2.458472728729248, 2.1900906562805176, 2.535839080810547, 2.459996223449707, 2.1286349296569824, 2.5354411602020264, 2.4671831130981445, 2.5195562839508057, 2.5640478134155273, 2.215235948562622, 2.511223793029785, 2.1982173919677734, 2.5331592559814453, 2.576484441757202, 2.386636972427368, 2.609128713607788, 2.249311685562134, 2.131021022796631, 2.5093255043029785, 2.5158071517944336, 2.3309860229492188, 2.528852701187134, 2.405888795852661, 2.453701972961426, 2.3547403812408447, 2.478923797607422, 2.204822063446045]",sae,Pre-64
1,beta,42,0.03,0.4546678683050885,0.4407690563496341,0.4612375026653567,0.5,0.6336081445133979,0.6596250060133738,30,"[0, 1, 2, 3, 4, 5, 6, 7, 8, 9, 10, 11, 12, 13, 14, 15, 16, 17, 18, 19, 20, 21, 22, 23, 24, 25, 26, 27, 28, 29]","[1.805177927017212, 1.6903496980667114, 1.7995400428771973, 1.8199924230575562, 1.7740384340286255, 1.7907218933105469, 1.767648458480835, 1.7047853469848633, 1.6522928476333618, 1.8142621517181396, 1.7799608707427979, 1.8124077320098877, 1.6838003396987915, 1.4660004377365112, 1.8199803829193115, 1.6853601932525635, 1.6197144985198975, 1.6123430728912354, 1.7902902364730835, 1.8263499736785889, 1.715967059135437, 1.6657884120941162, 1.7327017784118652, 1.6313856840133667, 1.670375943183899, 1.6333427429199219, 1.8437175750732422, 1.6186344623565674, 1.738214373588562, 1.6556214094161987]",sae,Pre-64
1,beta,8,0.012,0.4517491928182039,0.4406431065890545,0.4564830067470609,0.5,0.6098144493254953,0.6803767605384718,30,"[0, 1, 2, 3, 4, 5, 6, 7, 8, 9, 10, 11, 12, 13, 14, 15, 16, 17, 18, 19, 20, 21, 22, 23, 24, 25, 26, 27, 28, 29]","[2.4507791996002197, 2.4581058025360107, 2.3000690937042236, 2.2513394355773926, 2.5187313556671143, 2.335840940475464, 2.491856098175049, 2.4476850032806396, 2.1538166999816895, 2.308619976043701, 2.6104509830474854, 2.5224690437316895, 2.0809123516082764, 2.223768949508667, 2.54319167137146, 2.495936393737793, 2.2473864555358887, 2.471999168395996, 2.404154062271118, 2.362502098083496, 2.4499688148498535, 2.437605142593384, 2.5426039695739746, 2.487027883529663, 2.569312334060669, 2.5277016162872314, 2.278451681137085, 2.5157470703125, 2.3452863693237305, 2.4426138401031494]",sae,Pre-64
1,beta,37,0.012,0.4546908257221888,0.444978337644671,0.4475461421651973,0.5,0.6058579085235571,0.7151425622578191,30,"[0, 1, 2, 3, 4, 5, 6, 7, 8, 9, 10, 11, 12, 13, 14, 15, 16, 17, 18, 19, 20, 21, 22, 23, 24, 25, 26, 27, 28, 29]","[2.2386467456817627, 2.483199119567871, 2.243464231491089, 2.391406297683716, 2.460101842880249, 2.5431137084960938, 2.5568487644195557, 2.1862058639526367, 2.2224578857421875, 2.346910238265991, 2.440852403640747, 2.239706039428711, 2.489384889602661, 2.408869504928589, 2.5588924884796143, 2.2445385456085205, 2.4287869930267334, 2.4917547702789307, 2.3032636642456055, 2.2690927982330322, 2.4190080165863037, 2.5742454528808594, 2.5397448539733887, 2.533222198486328, 2.4871137142181396, 2.539976119995117, 2.5348076820373535, 2.5496959686279297, 2.5466256141662598, 2.545480489730835]",sae,Pre-64
1,beta,43,0.03,0.4515364523902173,0.4432102910589974,0.4460349329773184,0.5,0.6060785767234989,0.7030808005930319,30,"[0, 1, 2, 3, 4, 5, 6, 7, 8, 9, 10, 11, 12, 13, 14, 15, 16, 17, 18, 19, 20, 21, 22, 23, 24, 25, 26, 27, 28, 29]","[1.7570745944976807, 1.8041083812713623, 1.8383790254592896, 1.6987351179122925, 1.7308363914489746, 1.663116693496704, 1.6956533193588257, 1.6928163766860962, 1.743070363998413, 1.6653718948364258, 1.6315122842788696, 1.8756996393203735, 1.7959412336349487, 1.7428967952728271, 1.7145545482635498, 1.66994309425354, 1.831753134727478, 1.6965793371200562, 1.7800663709640503, 1.7862886190414429, 1.7065393924713135, 1.7005327939987183, 1.853737235069275, 1.7169004678726196, 1.6838440895080566, 1.7066004276275635, 1.8693711757659912, 1.6939531564712524, 1.8042067289352417, 1.863999605178833]",sae,Pre-64
1,beta,9,0.012,0.448644851968101,0.4348910401892977,0.4736713039842096,0.5,0.6286670530281078,0.6721501014198783,30,"[0, 1, 2, 3, 4, 5, 6, 7, 8, 9, 10, 11, 12, 13, 14, 15, 16, 17, 18, 19, 20, 21, 22, 23, 24, 25, 26, 27, 28, 29]","[2.5648903846740723, 2.238177537918091, 2.6843576431274414, 2.6201744079589844, 2.332534074783325, 2.3966612815856934, 2.556431770324707, 2.608140230178833, 2.675288438796997, 2.4450876712799072, 2.3526628017425537, 2.4828455448150635, 2.2705166339874268, 2.5943634510040283, 2.652355670928955, 2.340231418609619, 2.5794625282287598, 2.608032703399658, 2.6285898685455322, 2.2863945960998535, 2.6559841632843018, 2.648979902267456, 2.2828619480133057, 2.653150796890259, 2.5527498722076416, 2.658945083618164, 2.618408679962158, 2.536810874938965, 2.4082164764404297, 2.615056037902832]",sae,Pre-64
1,beta,6,0.022,0.4540822999211705,0.4457917896713532,0.4541075839392022,0.5,0.5933447799067053,0.6653062464862565,30,"[0, 1, 2, 3, 4, 5, 6, 7, 8, 9, 10, 11, 12, 13, 14, 15, 16, 17, 18, 19, 20, 21, 22, 23, 24, 25, 26, 27, 28, 29]","[1.8069301843643188, 1.872438669204712, 1.7296956777572632, 1.8983005285263062, 1.741514801979065, 1.803104281425476, 1.7742468118667603, 1.7947328090667725, 1.70436692237854, 1.8478169441223145, 1.78623366355896, 1.735568881034851, 1.7833365201950073, 1.711482048034668, 1.5245410203933716, 1.8755433559417725, 1.7502740621566772, 1.807676911354065, 1.8001761436462402, 1.787126064300537, 1.7941789627075195, 1.7309212684631348, 1.8553552627563477, 1.7573606967926025, 1.7483329772949219, 1.8244704008102417, 1.818777322769165, 1.7153687477111816, 1.7718682289123535, 1.8219654560089111]",sae,Pre-64
1,beta,48,0.015,0.4556814132376,0.4510566266980289,0.5111845008565297,0.5,0.5923878577171784,0.6001225892665029,30,"[0, 1, 2, 3, 4, 5, 6, 7, 8, 9, 10, 11, 12, 13, 14, 15, 16, 17, 18, 19, 20, 21, 22, 23, 24, 25, 26, 27, 28, 29]","[2.615495204925537, 2.417034149169922, 2.308520793914795, 2.4366824626922607, 2.5584311485290527, 2.237358331680298, 2.271044969558716, 2.5365681648254395, 2.5011470317840576, 2.4710469245910645, 2.312609910964966, 2.525377035140991, 2.374408483505249, 2.223311424255371, 2.234917402267456, 2.2233777046203613, 2.638610363006592, 2.599646806716919, 2.558859348297119, 2.4963011741638184, 2.213087558746338, 2.6167874336242676, 2.628209114074707, 2.5268051624298096, 2.482621669769287, 2.567819833755493, 2.5508508682250977, 2.677931785583496, 2.3995578289031982, 2.5438315868377686]",sae,Pre-64
1,beta,42,0.014,0.4546678683050885,0.4407690563496341,0.4767332240245158,0.5,0.6336081445133979,0.6580404820320394,30,"[0, 1, 2, 3, 4, 5, 6, 7, 8, 9, 10, 11, 12, 13, 14, 15, 16, 17, 18, 19, 20, 21, 22, 23, 24, 25, 26, 27, 28, 29]","[2.550593614578247, 2.4447410106658936, 2.5566203594207764, 2.594791889190674, 2.378326654434204, 2.546567678451538, 2.547402858734131, 2.4844672679901123, 2.390282392501831, 2.418910026550293, 2.3042051792144775, 2.584150791168213, 2.4839634895324707, 2.431971788406372, 2.602553129196167, 2.2043545246124268, 2.0462467670440674, 2.410618305206299, 2.28493332862854, 2.4613614082336426, 2.5249505043029785, 2.1102566719055176, 2.6109116077423096, 2.2269320487976074, 2.2048261165618896, 2.3056602478027344, 2.6270103454589844, 2.1050572395324707, 2.527459144592285, 2.295325756072998]",sae,Pre-64
1,beta,7,0.022,0.4564836922581216,0.4420418003909208,0.4587274034948063,0.5,0.6095136152062148,0.6976582346601321,30,"[0, 1, 2, 3, 4, 5, 6, 7, 8, 9, 10, 11, 12, 13, 14, 15, 16, 17, 18, 19, 20, 21, 22, 23, 24, 25, 26, 27, 28, 29]","[2.034327268600464, 2.0700535774230957, 2.3180999755859375, 2.3728983402252197, 2.324138641357422, 2.3027544021606445, 2.3516998291015625, 1.971400260925293, 2.3932876586914062, 1.9689770936965942, 2.202934741973877, 2.016590118408203, 2.2875828742980957, 2.1741549968719482, 2.338320016860962, 2.161663293838501, 2.103780508041382, 2.313896417617798, 2.080716371536255, 2.3602795600891113, 2.1400792598724365, 2.3883368968963623, 2.401519536972046, 2.2486979961395264, 2.1190319061279297, 2.4036426544189453, 2.2636942863464355, 2.346013069152832, 2.3622827529907227, 1.9247440099716187]",sae,Pre-64
1,beta,2,0.01,0.4419681213812466,0.4306250660512843,0.4434044600766593,0.5,0.6028191218064636,0.6903023137200354,30,"[0, 1, 2, 3, 4, 5, 6, 7, 8, 9, 10, 11, 12, 13, 14, 15, 16, 17, 18, 19, 20, 21, 22, 23, 24, 25, 26, 27, 28, 29]","[2.2447328567504883, 2.2031095027923584, 2.323779344558716, 2.423511505126953, 2.261489152908325, 2.6279184818267822, 2.1612002849578857, 2.404625654220581, 2.332199811935425, 2.3659636974334717, 2.511443614959717, 2.3807201385498047, 2.48297381401062, 2.5553152561187744, 2.315525770187378, 2.606990337371826, 2.470463752746582, 2.618950605392456, 2.5939807891845703, 2.540699005126953, 2.4901375770568848, 2.324578046798706, 2.551870822906494, 2.616126537322998, 2.104753255844116, 2.411166191101074, 2.514087438583374, 2.521796464920044, 2.367915630340576, 2.579028367996216]",sae,Pre-64
1,beta,49,0.015,0.462130925118617,0.4524487678230295,0.4691286623888301,0.5,0.6141152509743157,0.6877905338780109,30,"[0, 1, 2, 3, 4, 5, 6, 7, 8, 9, 10, 11, 12, 13, 14, 15, 16, 17, 18, 19, 20, 21, 22, 23, 24, 25, 26, 27, 28, 29]","[2.2091331481933594, 2.281545400619507, 2.4844706058502197, 2.167802572250366, 2.2729485034942627, 2.115457534790039, 2.5380513668060303, 2.5429553985595703, 2.4654903411865234, 2.540052652359009, 2.5457451343536377, 2.254760265350342, 2.4238295555114746, 2.5272419452667236, 2.5883383750915527, 2.4762215614318848, 2.568859338760376, 2.5524237155914307, 2.534395456314087, 2.316941261291504, 2.598607063293457, 2.208935260772705, 2.5587403774261475, 2.439556121826172, 2.408386707305908, 2.5479331016540527, 2.296704053878784, 2.4038360118865967, 2.465052843093872, 2.154090166091919]",sae,Pre-64
1,beta,18,0.006,0.4575117633693479,0.4471831599677374,0.4411248348092007,0.5,0.6052065040104606,0.733051474570918,30,"[0, 1, 2, 3, 4, 5, 6, 7, 8, 9, 10, 11, 12, 13, 14, 15, 16, 17, 18, 19, 20, 21, 22, 23, 24, 25, 26, 27, 28, 29]","[2.649353504180908, 2.5807676315307617, 2.7091660499572754, 2.363474130630493, 2.423907995223999, 2.435905933380127, 2.770597219467163, 2.35980486869812, 2.4722366333007812, 2.427198886871338, 2.7557501792907715, 2.7057371139526367, 2.4821598529815674, 2.6706371307373047, 2.4908807277679443, 2.622405767440796, 2.6592252254486084, 2.310885429382324, 2.545748710632324, 2.54314923286438, 2.757631540298462, 2.6214699745178223, 2.7332820892333984, 2.649782657623291, 2.7132632732391357, 2.560605525970459, 2.696451425552368, 2.718642473220825, 2.533175468444824, 2.426265239715576]",sae,Pre-64
1,beta,43,0.014,0.4515364523902173,0.4432102910589974,0.4558898824046455,0.5,0.6060785767234989,0.7073965900667161,30,"[0, 1, 2, 3, 4, 5, 6, 7, 8, 9, 10, 11, 12, 13, 14, 15, 16, 17, 18, 19, 20, 21, 22, 23, 24, 25, 26, 27, 28, 29]","[2.540876865386963, 2.431037187576294, 2.5916876792907715, 2.5203750133514404, 2.203335762023926, 2.2205729484558105, 2.2053704261779785, 2.396510362625122, 2.134481906890869, 2.453221082687378, 2.1625638008117676, 2.636626720428467, 2.4172658920288086, 2.550041675567627, 2.411705732345581, 2.449838876724243, 2.584444761276245, 2.467651128768921, 2.2943310737609863, 2.3932430744171143, 2.480623483657837, 2.2749698162078857, 2.538222312927246, 2.3687491416931152, 2.2757182121276855, 2.2084884643554688, 2.5666756629943848, 2.4503564834594727, 2.586341142654419, 2.4750707149505615]",sae,Pre-64
1,beta,3,0.01,0.4557259332451328,0.444824285747971,0.4923883966646017,0.5,0.6042731979176,0.6517197721038194,30,"[0, 1, 2, 3, 4, 5, 6, 7, 8, 9, 10, 11, 12, 13, 14, 15, 16, 17, 18, 19, 20, 21, 22, 23, 24, 25, 26, 27, 28, 29]","[2.518644332885742, 2.361621141433716, 2.5631723403930664, 2.519838333129883, 2.590587615966797, 2.544830083847046, 2.603635549545288, 2.648646116256714, 2.5171098709106445, 2.6614456176757812, 2.577091693878174, 2.662396192550659, 2.591280460357666, 2.6585607528686523, 2.6603221893310547, 2.368593215942383, 2.257333993911743, 2.563018560409546, 2.499176502227783, 2.342465400695801, 2.531980276107788, 2.2796623706817627, 2.3215227127075195, 2.660919427871704, 2.6275718212127686, 2.6206612586975098, 2.377624750137329, 2.587259292602539, 2.644099712371826, 2.6749041080474854]",sae,Pre-64
1,beta,19,0.006,0.4469965829377276,0.435497383761294,0.431861751756194,0.5,0.6104665954706788,0.7181722524107171,30,"[0, 1, 2, 3, 4, 5, 6, 7, 8, 9, 10, 11, 12, 13, 14, 15, 16, 17, 18, 19, 20, 21, 22, 23, 24, 25, 26, 27, 28, 29]","[2.391282081604004, 2.703545093536377, 2.5739729404449463, 2.429377317428589, 2.7040035724639893, 2.744762897491455, 2.63960862159729, 2.4649276733398438, 2.6610841751098633, 2.7570855617523193, 2.7356832027435303, 2.742983341217041, 2.717712640762329, 2.3438973426818848, 2.662014961242676, 2.5757765769958496, 2.5351719856262207, 2.7605204582214355, 2.3279008865356445, 2.307281732559204, 2.7587249279022217, 2.637589931488037, 2.639530897140503, 2.300222396850586, 2.2482008934020996, 2.684422731399536, 2.8080101013183594, 2.741124153137207, 2.7293827533721924, 2.599304437637329]",sae,Pre-64
1,beta,18,0.025,0.4575117633693479,0.4471831599677374,0.4395255813205963,0.5,0.6052065040104606,0.7314906219151036,30,"[0, 1, 2, 3, 4, 5, 6, 7, 8, 9, 10, 11, 12, 13, 14, 15, 16, 17, 18, 19, 20, 21, 22, 23, 24, 25, 26, 27, 28, 29]","[2.1789710521698, 2.0956828594207764, 2.2287955284118652, 1.884657621383667, 1.9311343431472778, 1.9451955556869507, 2.2920074462890625, 1.8675446510314941, 1.9864683151245117, 1.942386507987976, 2.272043466567993, 2.2310829162597656, 1.9883791208267212, 2.189507007598877, 2.006293773651123, 2.156299591064453, 2.1764981746673584, 1.8078529834747314, 2.071685791015625, 2.0681304931640625, 2.272822141647339, 2.1458523273468018, 2.251415729522705, 2.1563048362731934, 2.236865758895874, 2.087890386581421, 2.222282886505127, 2.2460684776306152, 2.035977363586426, 1.9369577169418335]",sae,Pre-64
1,beta,0,0.002,0.4600628296558519,0.4487196928272481,0.4509663795058374,0.5,0.6146148452673732,0.723551268538333,30,"[0, 1, 2, 3, 4, 5, 6, 7, 8, 9, 10, 11, 12, 13, 14, 15, 16, 17, 18, 19, 20, 21, 22, 23, 24, 25, 26, 27, 28, 29]","[2.6198480129241943, 2.4661178588867188, 2.603515625, 2.846588611602783, 2.5173733234405518, 2.6310925483703613, 2.89745831489563, 2.8715367317199707, 2.7927675247192383, 2.425640821456909, 2.7341856956481934, 2.4280552864074707, 2.598740816116333, 2.8213284015655518, 2.8696773052215576, 2.4173009395599365, 2.7759616374969482, 2.753007173538208, 2.753075361251831, 2.7934277057647705, 2.6418347358703613, 2.7744760513305664, 2.8113467693328857, 2.713085889816284, 2.775754451751709, 2.5437591075897217, 2.8263165950775146, 2.749286651611328, 2.8918826580047607, 2.489682912826538]",sae,Pre-64
1,beta,19,0.025,0.4469965829377276,0.435497383761294,0.420006020565251,0.5,0.6104665954706788,0.7150453874422841,30,"[0, 1, 2, 3, 4, 5, 6, 7, 8, 9, 10, 11, 12, 13, 14, 15, 16, 17, 18, 19, 20, 21, 22, 23, 24, 25, 26, 27, 28, 29]","[1.712836503982544, 1.7511483430862427, 1.812501072883606, 1.7173956632614136, 1.7116963863372803, 1.742716908454895, 1.734299659729004, 1.8033050298690796, 1.6802364587783813, 1.8422385454177856, 1.8854001760482788, 1.8718281984329224, 1.7518665790557861, 1.6953200101852417, 1.6801607608795166, 1.7058918476104736, 1.8395527601242065, 1.8554813861846924, 1.6625947952270508, 1.662264108657837, 1.8699910640716553, 1.720887303352356, 1.742584228515625, 1.6643640995025635, 1.6505060195922852, 1.8536534309387207, 1.8612594604492188, 1.7517422437667847, 1.7481576204299927, 1.6916574239730835]",sae,Pre-64
1,beta,0,0.02,0.4600628296558519,0.4487196928272481,0.4481036900996009,0.5,0.6146148452673732,0.7236866320196993,30,"[0, 1, 2, 3, 4, 5, 6, 7, 8, 9, 10, 11, 12, 13, 14, 15, 16, 17, 18, 19, 20, 21, 22, 23, 24, 25, 26, 27, 28, 29]","[2.187001943588257, 1.9919946193695068, 2.129467725753784, 2.39469313621521, 2.053300380706787, 2.160189390182495, 2.4567465782165527, 2.4263694286346436, 2.335932970046997, 1.9550338983535767, 2.280853509902954, 1.957329273223877, 2.1214077472686768, 2.373375415802002, 2.4203948974609375, 1.9459565877914429, 2.323993682861328, 2.308321714401245, 2.3071775436401367, 2.3344101905822754, 2.1884984970092773, 2.3375680446624756, 2.3509085178375244, 2.267462730407715, 2.332679033279419, 2.093935251235962, 2.377279758453369, 2.3104617595672607, 2.446376085281372, 2.027257204055786]",sae,Pre-64
1,beta,38,0.036,0.4455661720406026,0.4298851252298221,0.4493256648999467,0.5,0.6303640517897944,0.6572185833968012,30,"[0, 1, 2, 3, 4, 5, 6, 7, 8, 9, 10, 11, 12, 13, 14, 15, 16, 17, 18, 19, 20, 21, 22, 23, 24, 25, 26, 27, 28, 29]","[1.7200294733047485, 1.7300736904144287, 1.6829097270965576, 1.8327487707138062, 1.7727307081222534, 1.667897343635559, 1.8275518417358398, 1.746970295906067, 1.688219666481018, 1.7563408613204956, 1.6920286417007446, 1.8149738311767578, 1.7941797971725464, 1.7091187238693237, 1.8271161317825317, 1.7489535808563232, 1.6933656930923462, 1.7968456745147705, 1.6615865230560303, 1.7768474817276, 1.745278000831604, 1.7241344451904297, 1.798841118812561, 1.665603756904602, 1.7349015474319458, 1.8274508714675903, 1.7040271759033203, 1.7996491193771362, 1.7309544086456299, 1.8118693828582764]",sae,Pre-64
1,beta,16,0.038,0.4519396108125126,0.4401978349795346,0.4372684172377072,0.5,0.6159012314439947,0.7205092057065741,30,"[0, 1, 2, 3, 4, 5, 6, 7, 8, 9, 10, 11, 12, 13, 14, 15, 16, 17, 18, 19, 20, 21, 22, 23, 24, 25, 26, 27, 28, 29]","[1.6433438062667847, 1.556623101234436, 1.6138352155685425, 1.6787744760513306, 1.6940383911132812, 1.5907503366470337, 1.6920355558395386, 1.6369099617004395, 1.587019443511963, 1.693107008934021, 1.6999558210372925, 1.637019157409668, 1.6116350889205933, 1.5830342769622803, 1.6101313829421997, 1.6224298477172852, 1.6296285390853882, 1.5490870475769043, 1.5896393060684204, 1.6840518712997437, 1.7085022926330566, 1.6706163883209229, 1.6740822792053223, 1.6734083890914917, 1.5666910409927368, 1.6641814708709717, 1.6250295639038086, 1.5890097618103027, 1.5612413883209229, 1.602601170539856]",sae,Pre-64
1,beta,38,0.0159,0.4455661720406026,0.4298851252298221,0.4678475593981041,0.5,0.6303640517897944,0.6510495049504951,30,"[0, 1, 2, 3, 4, 5, 6, 7, 8, 9, 10, 11, 12, 13, 14, 15, 16, 17, 18, 19, 20, 21, 22, 23, 24, 25, 26, 27, 28, 29]","[2.502372980117798, 2.552856922149658, 2.1640326976776123, 2.6114513874053955, 2.3053972721099854, 2.509587287902832, 2.6204397678375244, 2.1909306049346924, 2.493421792984009, 2.4067561626434326, 2.170825958251953, 2.4903669357299805, 2.558945894241333, 2.0940096378326416, 2.606451988220215, 2.3017072677612305, 2.493293523788452, 2.5353193283081055, 2.2699055671691895, 2.5505688190460205, 2.325820207595825, 2.4666080474853516, 2.5028374195098877, 2.134669065475464, 2.271580219268799, 2.574878692626953, 2.474735736846924, 2.5634095668792725, 2.3410873413085938, 2.5291595458984375]",sae,Pre-64
1,beta,1,0.002,0.4560357198099471,0.4497423189216591,0.4654059816663354,0.5,0.5964054457666336,0.6887587358927139,30,"[0, 1, 2, 3, 4, 5, 6, 7, 8, 9, 10, 11, 12, 13, 14, 15, 16, 17, 18, 19, 20, 21, 22, 23, 24, 25, 26, 27, 28, 29]","[2.86984920501709, 2.757056951522827, 2.7711563110351562, 2.650616407394409, 2.8031063079833984, 2.7593917846679688, 2.844778299331665, 2.4494340419769287, 2.488396167755127, 2.4350221157073975, 2.52197003364563, 2.812750816345215, 2.8609256744384766, 2.632586717605591, 2.851918935775757, 2.8135361671447754, 2.7694764137268066, 2.818840265274048, 2.8334081172943115, 2.8109233379364014, 2.88802170753479, 2.4173765182495117, 2.633514404296875, 2.7472763061523438, 2.7619476318359375, 2.450645685195923, 2.780121088027954, 2.519071578979492, 2.838820457458496, 2.5967557430267334]",sae,Pre-64
1,beta,30,0.028,0.4638407167611665,0.4544841508273655,0.4424188022415881,0.5,0.6043368975359404,0.6964712961503746,30,"[0, 1, 2, 3, 4, 5, 6, 7, 8, 9, 10, 11, 12, 13, 14, 15, 16, 17, 18, 19, 20, 21, 22, 23, 24, 25, 26, 27, 28, 29]","[1.7612298727035522, 1.753010869026184, 1.718756914138794, 1.6743041276931763, 1.6773130893707275, 1.6543848514556885, 1.668725609779358, 1.6330795288085938, 1.606890082359314, 1.6675784587860107, 1.6805787086486816, 1.6717690229415894, 1.6261625289916992, 1.6741162538528442, 1.7310259342193604, 1.7342969179153442, 1.6400628089904785, 1.6786346435546875, 1.7513957023620605, 1.6494159698486328, 1.698939561843872, 1.6489348411560059, 1.7520297765731812, 1.661547064781189, 1.7527457475662231, 1.680171012878418, 1.6349129676818848, 1.664268970489502, 1.719408631324768, 1.660921573638916]",sae,Pre-64
1,beta,6,0.004,0.4540822999211705,0.4457917896713532,0.4662101122333844,0.5,0.5933447799067053,0.6654809840001215,30,"[0, 1, 2, 3, 4, 5, 6, 7, 8, 9, 10, 11, 12, 13, 14, 15, 16, 17, 18, 19, 20, 21, 22, 23, 24, 25, 26, 27, 28, 29]","[2.4437408447265625, 2.712567090988159, 2.3784384727478027, 2.738773822784424, 2.5799591541290283, 2.6600987911224365, 2.6486918926239014, 2.6648125648498535, 2.3674542903900146, 2.694800853729248, 2.657392740249634, 2.5578629970550537, 2.6719632148742676, 2.540118455886841, 2.468303680419922, 2.743055820465088, 2.448930025100708, 2.458998918533325, 2.4602768421173096, 2.6363589763641357, 2.50158953666687, 2.5562705993652344, 2.685490131378174, 2.3534891605377197, 2.625880479812622, 2.576706647872925, 2.7181396484375, 2.3767454624176025, 2.3733906745910645, 2.6917731761932373]",sae,Pre-64
1,beta,40,0.005,0.44666181227492,0.4340193094910912,0.4580554734017847,0.5,0.6093636266731638,0.6663372367479328,30,"[0, 1, 2, 3, 4, 5, 6, 7, 8, 9, 10, 11, 12, 13, 14, 15, 16, 17, 18, 19, 20, 21, 22, 23, 24, 25, 26, 27, 28, 29]","[2.7784903049468994, 2.7273974418640137, 2.6534805297851562, 2.4355907440185547, 2.761286735534668, 2.735219955444336, 2.626600980758667, 2.701606512069702, 2.7261316776275635, 2.6485698223114014, 2.3208696842193604, 2.369189739227295, 2.562199354171753, 2.625894784927368, 2.591020107269287, 2.7514727115631104, 2.7178897857666016, 2.3363165855407715, 2.456075429916382, 2.555910587310791, 2.5714468955993652, 2.611793279647827, 2.6754860877990723, 2.3554673194885254, 2.749661445617676, 2.3023133277893066, 2.7280499935150146, 2.698948860168457, 2.7882261276245117, 2.6434285640716553]",sae,Pre-64
1,beta,14,0.03,0.4467366851483266,0.4421697276018216,0.4401154845849683,0.5,0.5934222168898753,0.6937326594580003,30,"[0, 1, 2, 3, 4, 5, 6, 7, 8, 9, 10, 11, 12, 13, 14, 15, 16, 17, 18, 19, 20, 21, 22, 23, 24, 25, 26, 27, 28, 29]","[1.5865293741226196, 1.4893800020217896, 1.608260989189148, 1.644459843635559, 1.6125404834747314, 1.6142935752868652, 1.554017424583435, 1.7187519073486328, 1.6126128435134888, 1.6912070512771606, 1.5522990226745605, 1.5770522356033325, 1.5990334749221802, 1.6896809339523315, 1.6430718898773193, 1.615795373916626, 1.711205244064331, 1.7084226608276367, 1.6261203289031982, 1.5833364725112915, 1.599617838859558, 1.6273236274719238, 1.6893683671951294, 1.5774530172348022, 1.6994377374649048, 1.7055712938308716, 1.6542822122573853, 1.707969307899475, 1.6985385417938232, 1.6092718839645386]",sae,Pre-64
1,beta,0,0.014,0.4600628296558519,0.4487196928272481,0.4490779324284237,0.5,0.6146148452673732,0.7236638179498059,30,"[0, 1, 2, 3, 4, 5, 6, 7, 8, 9, 10, 11, 12, 13, 14, 15, 16, 17, 18, 19, 20, 21, 22, 23, 24, 25, 26, 27, 28, 29]","[2.3279926776885986, 2.1474461555480957, 2.2846567630767822, 2.542227268218994, 2.205399751663208, 2.3143885135650635, 2.600163221359253, 2.5713694095611572, 2.4852542877197266, 2.1091814041137695, 2.4287705421447754, 2.1117453575134277, 2.2782766819000244, 2.519406318664551, 2.56691312789917, 2.100334405899048, 2.471510648727417, 2.4532630443573, 2.4526472091674805, 2.4844377040863037, 2.3365979194641113, 2.4796454906463623, 2.5013389587402344, 2.412777900695801, 2.476996660232544, 2.2406351566314697, 2.523761034011841, 2.453237771987915, 2.5915329456329346, 2.178715705871582]",sae,Pre-64
1,beta,30,0.01,0.4638407167611665,0.4544841508273655,0.4520645228514314,0.5,0.6043368975359404,0.7047235633748334,30,"[0, 1, 2, 3, 4, 5, 6, 7, 8, 9, 10, 11, 12, 13, 14, 15, 16, 17, 18, 19, 20, 21, 22, 23, 24, 25, 26, 27, 28, 29]","[2.6239538192749023, 2.6198959350585938, 2.3430542945861816, 2.400617837905884, 2.3713796138763428, 2.5084071159362793, 2.3717682361602783, 2.3222908973693848, 2.3307979106903076, 2.5701916217803955, 2.207573413848877, 2.4596664905548096, 2.474668264389038, 2.4490790367126465, 2.6198902130126953, 2.6246249675750732, 2.554131507873535, 2.4873859882354736, 2.6201395988464355, 2.2997353076934814, 2.6705899238586426, 2.5949044227600098, 2.705570697784424, 2.608304500579834, 2.386914014816284, 2.5445425510406494, 2.4409029483795166, 2.5421652793884277, 2.583868980407715, 2.2857367992401123]",sae,Pre-64
1,beta,4,0.0155,0.4589558369307028,0.4477177462853796,0.4888030506572253,0.5,0.61034827708266,0.6504670883543409,30,"[0, 1, 2, 3, 4, 5, 6, 7, 8, 9, 10, 11, 12, 13, 14, 15, 16, 17, 18, 19, 20, 21, 22, 23, 24, 25, 26, 27, 28, 29]","[2.41462779045105, 2.4864418506622314, 2.1646525859832764, 2.5303237438201904, 2.4199042320251465, 2.4499433040618896, 2.4929404258728027, 2.4068219661712646, 2.03963303565979, 2.5589537620544434, 2.2825992107391357, 2.407770872116089, 2.5551602840423584, 2.103343963623047, 2.155167579650879, 2.329155921936035, 2.4758849143981934, 2.2525362968444824, 2.459974527359009, 2.2016215324401855, 2.4329116344451904, 2.289367437362671, 2.1323904991149902, 2.382516384124756, 2.490706443786621, 2.5008127689361572, 2.432738780975342, 2.447497606277466, 2.516805410385132, 2.21344256401062]",sae,Pre-64
1,beta,36,0.029,0.4642138821845151,0.4576483090311837,0.4719132660514173,0.5,0.6031055233182893,0.6748145631124355,30,"[0, 1, 2, 3, 4, 5, 6, 7, 8, 9, 10, 11, 12, 13, 14, 15, 16, 17, 18, 19, 20, 21, 22, 23, 24, 25, 26, 27, 28, 29]","[1.9309324026107788, 1.9684925079345703, 1.7607578039169312, 1.936303734779358, 1.776100993156433, 1.9701077938079834, 1.7736060619354248, 1.7790932655334473, 1.9922692775726318, 1.859954833984375, 1.8821650743484497, 1.9565074443817139, 1.825951337814331, 1.8861522674560547, 1.774989128112793, 1.965364694595337, 1.917863130569458, 1.897528886795044, 1.9743376970291138, 1.8142558336257935, 1.7549774646759033, 1.8869863748550415, 1.864691972732544, 1.7794228792190552, 1.929407000541687, 1.9378855228424072, 1.849043846130371, 1.9134893417358398, 1.8967204093933105, 1.7939785718917847]",sae,Pre-64
1,beta,0,0.03,0.4600628296558519,0.4487196928272481,0.4385352658267533,0.5,0.6146148452673732,0.7226615198124987,30,"[0, 1, 2, 3, 4, 5, 6, 7, 8, 9, 10, 11, 12, 13, 14, 15, 16, 17, 18, 19, 20, 21, 22, 23, 24, 25, 26, 27, 28, 29]","[1.7164150476455688, 1.7244539260864258, 1.764464259147644, 1.828710913658142, 1.6852688789367676, 1.7552692890167236, 1.8252599239349365, 1.8486064672470093, 1.8241546154022217, 1.6890078783035278, 1.767371416091919, 1.7048410177230835, 1.826871633529663, 1.829856038093567, 1.842168927192688, 1.7072961330413818, 1.8314930200576782, 1.715125560760498, 1.726616382598877, 1.8409806489944458, 1.6883103847503662, 1.7083408832550049, 1.8273650407791138, 1.7085031270980835, 1.7279239892959595, 1.6884846687316895, 1.809773564338684, 1.6786198616027832, 1.859188437461853, 1.6893433332443237]",sae,Pre-64
1,beta,38,0.008,0.4455661720406026,0.4298851252298221,0.4692888818107444,0.5,0.6303640517897944,0.6511256664127951,30,"[0, 1, 2, 3, 4, 5, 6, 7, 8, 9, 10, 11, 12, 13, 14, 15, 16, 17, 18, 19, 20, 21, 22, 23, 24, 25, 26, 27, 28, 29]","[2.706428050994873, 2.756368637084961, 2.384497880935669, 2.815610408782959, 2.519068956375122, 2.7142465114593506, 2.8239145278930664, 2.408245086669922, 2.699023485183716, 2.6152772903442383, 2.3926634788513184, 2.7040388584136963, 2.7649965286254883, 2.31150221824646, 2.8113720417022705, 2.5143966674804688, 2.697626829147339, 2.7399590015411377, 2.4800209999084473, 2.7561557292938232, 2.541060209274292, 2.671865463256836, 2.7058351039886475, 2.351300001144409, 2.487771511077881, 2.784661054611206, 2.6772589683532715, 2.7690911293029785, 2.553245782852173, 2.73667573928833]",sae,Pre-64
1,beta,4,0.035,0.4589558369307028,0.4477177462853796,0.4720366649449682,0.5,0.61034827708266,0.6540729796697293,30,"[0, 1, 2, 3, 4, 5, 6, 7, 8, 9, 10, 11, 12, 13, 14, 15, 16, 17, 18, 19, 20, 21, 22, 23, 24, 25, 26, 27, 28, 29]","[1.8242087364196777, 1.8316607475280762, 1.667188048362732, 1.836788296699524, 1.6776732206344604, 1.7162867784500122, 1.833081603050232, 1.690476655960083, 1.688596487045288, 1.8267030715942383, 1.786394476890564, 1.7062097787857056, 1.83292555809021, 1.6557027101516724, 1.6675879955291748, 1.7216509580612183, 1.7584701776504517, 1.7711894512176514, 1.719234824180603, 1.7700711488723755, 1.737563967704773, 1.7794541120529175, 1.7102357149124146, 1.691170573234558, 1.760451316833496, 1.7462207078933716, 1.6811610460281372, 1.7168487310409546, 1.7957707643508911, 1.6862523555755615]",sae,Pre-64
1,beta,40,0.024,0.44666181227492,0.4340193094910912,0.4547387032010078,0.5,0.6093636266731638,0.6672630921743897,30,"[0, 1, 2, 3, 4, 5, 6, 7, 8, 9, 10, 11, 12, 13, 14, 15, 16, 17, 18, 19, 20, 21, 22, 23, 24, 25, 26, 27, 28, 29]","[2.3185172080993652, 2.2571325302124023, 2.197866201400757, 1.9604780673980713, 2.3128769397735596, 2.2795631885528564, 2.1545400619506836, 2.2451283931732178, 2.265695810317993, 2.173823118209839, 1.8188172578811646, 1.873242735862732, 2.120615005493164, 2.146278142929077, 2.1283583641052246, 2.2874231338500977, 2.2516214847564697, 1.8434439897537231, 1.98280930519104, 2.0729892253875732, 2.114243984222412, 2.141150712966919, 2.1987743377685547, 1.8663533926010132, 2.2842094898223877, 1.8031357526779175, 2.259697675704956, 2.225534439086914, 2.321828842163086, 2.186230182647705]",sae,Pre-64
1,beta,14,0.014,0.4467366851483266,0.4421697276018216,0.4585938923200292,0.5,0.5934222168898753,0.688761079200348,30,"[0, 1, 2, 3, 4, 5, 6, 7, 8, 9, 10, 11, 12, 13, 14, 15, 16, 17, 18, 19, 20, 21, 22, 23, 24, 25, 26, 27, 28, 29]","[2.126175880432129, 2.300539493560791, 2.464232921600342, 2.397515296936035, 2.202922821044922, 2.4996769428253174, 2.119476556777954, 2.466387987136841, 2.5318732261657715, 2.6018502712249756, 2.382270097732544, 2.4845871925354004, 2.545872926712036, 2.5670387744903564, 2.4046292304992676, 2.241892099380493, 2.578658103942871, 2.566833972930908, 2.3606560230255127, 2.1175854206085205, 2.1539809703826904, 2.3245866298675537, 2.4623470306396484, 2.2489936351776123, 2.595454216003418, 2.5582191944122314, 2.5513241291046143, 2.507317066192627, 2.3965468406677246, 2.5757248401641846]",sae,Pre-64
1,beta,10,0.0159,0.4493907433353129,0.4390813823454372,0.466367068793533,0.5,0.6232207829487961,0.673605798557537,30,"[0, 1, 2, 3, 4, 5, 6, 7, 8, 9, 10, 11, 12, 13, 14, 15, 16, 17, 18, 19, 20, 21, 22, 23, 24, 25, 26, 27, 28, 29]","[2.4432921409606934, 2.284486770629883, 2.4825217723846436, 2.137659788131714, 2.487506151199341, 2.389592409133911, 2.129955768585205, 2.4737372398376465, 2.462658405303955, 2.5248162746429443, 2.3915927410125732, 2.317262649536133, 2.2839009761810303, 2.156027317047119, 2.1023426055908203, 2.2930033206939697, 2.417386770248413, 2.155395269393921, 2.498913049697876, 2.123868703842163, 2.1320745944976807, 2.4594194889068604, 2.477165937423706, 2.517275810241699, 2.496706247329712, 2.270611047744751, 2.4152815341949463, 2.4361727237701416, 2.43678617477417, 2.459510564804077]",sae,Pre-64
1,beta,48,0.032,0.4556814132376,0.4510566266980289,0.4934114194649082,0.5,0.5923878577171784,0.5936406464106543,30,"[0, 1, 2, 3, 4, 5, 6, 7, 8, 9, 10, 11, 12, 13, 14, 15, 16, 17, 18, 19, 20, 21, 22, 23, 24, 25, 26, 27, 28, 29]","[1.7364956140518188, 1.6689248085021973, 1.6355171203613281, 1.6148852109909058, 1.6209007501602173, 1.5439059734344482, 1.6437774896621704, 1.6141462326049805, 1.6174113750457764, 1.594029188156128, 1.6887098550796509, 1.619250774383545, 1.6695936918258667, 1.6157970428466797, 1.5843194723129272, 1.6436867713928223, 1.7231608629226685, 1.682590365409851, 1.6973521709442139, 1.585018515586853, 1.608764410018921, 1.7304037809371948, 1.7394583225250244, 1.5747255086898804, 1.617767333984375, 1.7062703371047974, 1.7052087783813477, 1.7416460514068604, 1.5952247381210327, 1.656172275543213]",sae,Pre-64
1,beta,1,0.02,0.4560357198099471,0.4497423189216591,0.4627395254502528,0.5,0.5964054457666336,0.6886096944798602,30,"[0, 1, 2, 3, 4, 5, 6, 7, 8, 9, 10, 11, 12, 13, 14, 15, 16, 17, 18, 19, 20, 21, 22, 23, 24, 25, 26, 27, 28, 29]","[2.42979097366333, 2.317446708679199, 2.34131121635437, 2.2054314613342285, 2.3555030822753906, 2.328845262527466, 2.4104177951812744, 1.9807629585266113, 2.0419559478759766, 1.9755324125289917, 2.0755088329315186, 2.3748085498809814, 2.4216980934143066, 2.187387228012085, 2.4098236560821533, 2.376298189163208, 2.341785430908203, 2.388406753540039, 2.388523817062378, 2.365280866622925, 2.4529545307159424, 1.943678855895996, 2.177164316177368, 2.3125216960906982, 2.3326432704925537, 2.0037574768066406, 2.347136974334717, 2.0578174591064453, 2.396094560623169, 2.143791675567627]",sae,Pre-64
1,beta,39,0.036,0.4461088087810431,0.4292341094433316,0.442396774240093,0.5,0.6205127278095635,0.6706963613739827,30,"[0, 1, 2, 3, 4, 5, 6, 7, 8, 9, 10, 11, 12, 13, 14, 15, 16, 17, 18, 19, 20, 21, 22, 23, 24, 25, 26, 27, 28, 29]","[1.5997512340545654, 1.7613863945007324, 1.676729679107666, 1.7281856536865234, 1.6151535511016846, 1.6062426567077637, 1.6627445220947266, 1.6632975339889526, 1.5972942113876343, 1.7667324542999268, 1.6733801364898682, 1.6192543506622314, 1.6819614171981812, 1.587156891822815, 1.6858677864074707, 1.7518802881240845, 1.7634869813919067, 1.7241564989089966, 1.609350562095642, 1.6389082670211792, 1.5891214609146118, 1.6353329420089722, 1.688514232635498, 1.6959608793258667, 1.714592695236206, 1.6118555068969727, 1.5816062688827515, 1.6154290437698364, 1.7549926042556763, 1.6141746044158936]",sae,Pre-64
1,beta,46,0.025,0.4545712902572906,0.4417269056853911,0.4752607232358458,0.5,0.6270377926330811,0.6877592015203163,30,"[0, 1, 2, 3, 4, 5, 6, 7, 8, 9, 10, 11, 12, 13, 14, 15, 16, 17, 18, 19, 20, 21, 22, 23, 24, 25, 26, 27, 28, 29]","[2.082690715789795, 2.273103713989258, 2.3229737281799316, 2.1716670989990234, 2.036956787109375, 1.9760874509811401, 1.9830492734909058, 2.3416671752929688, 2.324378490447998, 2.4292473793029785, 2.2118306159973145, 2.25816011428833, 2.3657584190368652, 2.223207473754883, 2.101388454437256, 2.329836845397949, 2.207576036453247, 2.326288938522339, 2.394742488861084, 2.221947193145752, 2.2879035472869873, 2.3412926197052, 2.295029401779175, 2.072080135345459, 1.9389865398406982, 2.0497548580169678, 2.314763069152832, 1.955735206604004, 2.3215696811676025, 2.3307695388793945]",sae,Pre-64
1,beta,46,0.006,0.4545712902572906,0.4417269056853911,0.4789090777215661,0.5,0.6270377926330811,0.6867812036217287,30,"[0, 1, 2, 3, 4, 5, 6, 7, 8, 9, 10, 11, 12, 13, 14, 15, 16, 17, 18, 19, 20, 21, 22, 23, 24, 25, 26, 27, 28, 29]","[2.5878138542175293, 2.7447261810302734, 2.803480386734009, 2.6787045001983643, 2.5340352058410645, 2.508352279663086, 2.4835565090179443, 2.8359100818634033, 2.7989933490753174, 2.91152286529541, 2.6897597312927246, 2.732910633087158, 2.8505702018737793, 2.6909921169281006, 2.6075551509857178, 2.829322338104248, 2.707882881164551, 2.8092615604400635, 2.879331350326538, 2.731502056121826, 2.765763282775879, 2.821096897125244, 2.7837555408477783, 2.5706450939178467, 2.461452007293701, 2.547835350036621, 2.8057358264923096, 2.4826722145080566, 2.801846504211426, 2.8136067390441895]",sae,Pre-64
1,beta,22,0.04,0.4519005213187685,0.4442985770479847,0.4518464894883466,0.5,0.5939599289403404,0.6795241708725984,30,"[0, 1, 2, 3, 4, 5, 6, 7, 8, 9, 10, 11, 12, 13, 14, 15, 16, 17, 18, 19, 20, 21, 22, 23, 24, 25, 26, 27, 28, 29]","[1.6632055044174194, 1.6815605163574219, 1.6879633665084839, 1.7946512699127197, 1.7903884649276733, 1.672341227531433, 1.704782485961914, 1.7112007141113281, 1.7280443906784058, 1.7717126607894897, 1.711240291595459, 1.783538818359375, 1.6696096658706665, 1.7885537147521973, 1.600142478942871, 1.7846418619155884, 1.7770838737487793, 1.713328242301941, 1.6453723907470703, 1.6027461290359497, 1.7671356201171875, 1.7521166801452637, 1.7409698963165283, 1.704221248626709, 1.7946550846099854, 1.792533278465271, 1.647902488708496, 1.6499511003494263, 1.7983921766281128, 1.6490291357040405]",sae,Pre-64
1,beta,26,0.0151,0.4502231978181314,0.4442488029476733,0.4839589116107684,0.5,0.5832450787939482,0.6479832914585855,30,"[0, 1, 2, 3, 4, 5, 6, 7, 8, 9, 10, 11, 12, 13, 14, 15, 16, 17, 18, 19, 20, 21, 22, 23, 24, 25, 26, 27, 28, 29]","[2.2385661602020264, 2.4503395557403564, 2.5605900287628174, 2.3384740352630615, 2.2318310737609863, 2.4328649044036865, 2.562283992767334, 2.46899676322937, 2.4508774280548096, 2.219543933868408, 2.5130486488342285, 2.628859758377075, 2.551818370819092, 2.5671873092651367, 2.5314481258392334, 2.5779366493225098, 2.2711946964263916, 2.351153612136841, 2.3270764350891113, 2.409977912902832, 2.107055187225342, 2.607677936553955, 2.5252137184143066, 2.549485921859741, 2.5774285793304443, 2.574209451675415, 2.251547336578369, 2.5396273136138916, 2.536623239517212, 2.1434853076934814]",sae,Pre-64
1,beta,22,0.018,0.4519005213187685,0.4442985770479847,0.4657308784538157,0.5,0.5939599289403404,0.6740799891763432,30,"[0, 1, 2, 3, 4, 5, 6, 7, 8, 9, 10, 11, 12, 13, 14, 15, 16, 17, 18, 19, 20, 21, 22, 23, 24, 25, 26, 27, 28, 29]","[2.336282253265381, 2.2160871028900146, 2.0837137699127197, 2.416343927383423, 2.400174379348755, 2.184711456298828, 2.3789420127868652, 2.3474998474121094, 2.332026243209839, 2.3746721744537354, 2.3675782680511475, 2.3907134532928467, 2.1537985801696777, 2.3900275230407715, 2.2054443359375, 2.263857126235962, 2.395399332046509, 2.259479284286499, 2.0762171745300293, 1.9985302686691284, 2.35772705078125, 2.266653060913086, 2.2230467796325684, 2.308053493499756, 2.3970487117767334, 2.3230059146881104, 2.202125310897827, 2.2972412109375, 2.426881790161133, 2.1166577339172363]",sae,Pre-64
1,beta,28,0.002,0.4589844236982603,0.4495627040154577,0.4585418353354135,0.5,0.5987249917034086,0.698743362726971,30,"[0, 1, 2, 3, 4, 5, 6, 7, 8, 9, 10, 11, 12, 13, 14, 15, 16, 17, 18, 19, 20, 21, 22, 23, 24, 25, 26, 27, 28, 29]","[2.6380510330200195, 2.7511818408966064, 2.697530746459961, 2.7904019355773926, 2.7354788780212402, 2.649263858795166, 2.8385472297668457, 2.605097532272339, 2.8000264167785645, 2.850975275039673, 2.5970726013183594, 2.6301941871643066, 2.8107666969299316, 2.725525379180908, 2.8685314655303955, 2.409980535507202, 2.4837305545806885, 2.80051851272583, 2.6226513385772705, 2.7264957427978516, 2.4604341983795166, 2.5437092781066895, 2.82027530670166, 2.747673749923706, 2.438678026199341, 2.815523624420166, 2.7697367668151855, 2.6802642345428467, 2.762188196182251, 2.4361062049865723]",sae,Pre-64
1,beta,28,0.02,0.4589844236982603,0.4495627040154577,0.4559143307860233,0.5,0.5987249917034086,0.6987641042051865,30,"[0, 1, 2, 3, 4, 5, 6, 7, 8, 9, 10, 11, 12, 13, 14, 15, 16, 17, 18, 19, 20, 21, 22, 23, 24, 25, 26, 27, 28, 29]","[2.1541452407836914, 2.282052516937256, 2.237159252166748, 2.3187787532806396, 2.2524983882904053, 2.1580607891082764, 2.3788819313049316, 2.1357662677764893, 2.331435203552246, 2.380746364593506, 2.1174068450927734, 2.14460825920105, 2.3440208435058594, 2.241326332092285, 2.4060590267181396, 1.9098896980285645, 1.981103777885437, 2.3287734985351562, 2.1316487789154053, 2.2489283084869385, 1.952787160873413, 2.0658516883850098, 2.358879804611206, 2.2900311946868896, 1.9464030265808105, 2.3451216220855713, 2.289405107498169, 2.205082654953003, 2.2955901622772217, 1.9434360265731812]",sae,Pre-64
1,beta,16,0.016,0.4519396108125126,0.4401978349795346,0.4465637863973531,0.5,0.6159012314439947,0.7221027327935223,30,"[0, 1, 2, 3, 4, 5, 6, 7, 8, 9, 10, 11, 12, 13, 14, 15, 16, 17, 18, 19, 20, 21, 22, 23, 24, 25, 26, 27, 28, 29]","[2.422609329223633, 2.1085455417633057, 2.39357590675354, 2.3907902240753174, 2.5100789070129395, 2.3178069591522217, 2.3982319831848145, 2.3649563789367676, 2.027238607406616, 2.2772750854492188, 2.452603578567505, 2.085395574569702, 2.3713231086730957, 2.2175891399383545, 2.2683353424072266, 2.166961669921875, 2.0652987957000732, 2.4271481037139893, 2.188622236251831, 2.4241652488708496, 2.14141583442688, 2.392169952392578, 2.1227400302886963, 2.3889334201812744, 2.378542184829712, 2.3791511058807373, 2.2721023559570312, 2.0291121006011963, 2.2139737606048584, 2.1921205520629883]",sae,Pre-64
1,beta,44,0.038,0.4469012312759677,0.43811650775401,0.4660536303694855,0.5,0.5982762074796864,0.6233361616375882,30,"[0, 1, 2, 3, 4, 5, 6, 7, 8, 9, 10, 11, 12, 13, 14, 15, 16, 17, 18, 19, 20, 21, 22, 23, 24, 25, 26, 27, 28, 29]","[1.7062232494354248, 1.6977076530456543, 1.6850359439849854, 1.6375375986099243, 1.6943848133087158, 1.7848941087722778, 1.7931331396102905, 1.638992190361023, 1.717065453529358, 1.8226534128189087, 1.7092103958129883, 1.6917643547058105, 1.7075740098953247, 1.6447911262512207, 1.8020141124725342, 1.794419288635254, 1.6225652694702148, 1.5615065097808838, 1.7201056480407715, 1.7072808742523193, 1.637479305267334, 1.6313812732696533, 1.7336766719818115, 1.725300669670105, 1.7636213302612305, 1.6718285083770752, 1.6640050411224365, 1.7034423351287842, 1.7263773679733276, 1.706984281539917]",sae,Pre-64
1,beta,26,0.034,0.4502231978181314,0.4442488029476733,0.4657385092509017,0.5,0.5832450787939482,0.6464678243889758,30,"[0, 1, 2, 3, 4, 5, 6, 7, 8, 9, 10, 11, 12, 13, 14, 15, 16, 17, 18, 19, 20, 21, 22, 23, 24, 25, 26, 27, 28, 29]","[1.5887231826782227, 1.5925506353378296, 1.7684242725372314, 1.5400373935699463, 1.6175260543823242, 1.6639060974121094, 1.665421962738037, 1.5655605792999268, 1.6795848608016968, 1.6221815347671509, 1.5383765697479248, 1.7769650220870972, 1.7069249153137207, 1.6587591171264648, 1.7396137714385986, 1.6222776174545288, 1.6677000522613525, 1.5245484113693237, 1.682679533958435, 1.6202195882797241, 1.5827134847640991, 1.74716317653656, 1.635770320892334, 1.6688542366027832, 1.7572824954986572, 1.7345739603042603, 1.6067023277282715, 1.6679800748825073, 1.4957746267318726, 1.5707974433898926]",sae,Pre-64
1,beta,38,0.026,0.4455661720406026,0.4298851252298221,0.4658067649294785,0.5,0.6303640517897944,0.6506976389946686,30,"[0, 1, 2, 3, 4, 5, 6, 7, 8, 9, 10, 11, 12, 13, 14, 15, 16, 17, 18, 19, 20, 21, 22, 23, 24, 25, 26, 27, 28, 29]","[2.2517688274383545, 2.302964925765991, 1.8888390064239502, 2.360912322998047, 2.0423288345336914, 2.2579505443573, 2.370867967605591, 1.9216946363449097, 2.2401936054229736, 2.1500089168548584, 1.8932218551635742, 2.2258832454681396, 2.3057029247283936, 1.8247246742248535, 2.3547778129577637, 2.0395402908325195, 2.2422125339508057, 2.2838246822357178, 2.01033353805542, 2.297764301300049, 2.0605533123016357, 2.2141518592834473, 2.2534470558166504, 1.8658218383789062, 2.0047342777252197, 2.314836263656616, 2.226365566253662, 2.310727834701538, 2.079540729522705, 2.273869752883911]",sae,Pre-64
1,beta,24,0.008,0.4501416387440968,0.4383559369047743,0.4655470936520711,0.5,0.6188330126613704,0.6511280412115192,30,"[0, 1, 2, 3, 4, 5, 6, 7, 8, 9, 10, 11, 12, 13, 14, 15, 16, 17, 18, 19, 20, 21, 22, 23, 24, 25, 26, 27, 28, 29]","[2.645923137664795, 2.569369316101074, 2.47202730178833, 2.690228223800659, 2.6837961673736572, 2.2287204265594482, 2.6587250232696533, 2.6755661964416504, 2.7493646144866943, 2.6460483074188232, 2.4687089920043945, 2.3223767280578613, 2.7439703941345215, 2.7410671710968018, 2.3901429176330566, 2.330843210220337, 2.733322858810425, 2.5877904891967773, 2.645004987716675, 2.6793153285980225, 2.672887086868286, 2.6711928844451904, 2.273129940032959, 2.633202314376831, 2.2423110008239746, 2.448636054992676, 2.515532970428467, 2.2540576457977295, 2.7464680671691895, 2.6484148502349854]",sae,Pre-64
1,beta,10,0.036,0.4493907433353129,0.4390813823454372,0.4515730655318495,0.5,0.6232207829487961,0.6764706304496035,30,"[0, 1, 2, 3, 4, 5, 6, 7, 8, 9, 10, 11, 12, 13, 14, 15, 16, 17, 18, 19, 20, 21, 22, 23, 24, 25, 26, 27, 28, 29]","[1.7258553504943848, 1.6201242208480835, 1.796252727508545, 1.6911953687667847, 1.723342776298523, 1.7045916318893433, 1.765211820602417, 1.758453130722046, 1.7196658849716187, 1.8213995695114136, 1.6888188123703003, 1.7629681825637817, 1.7652477025985718, 1.7107822895050049, 1.7249600887298584, 1.7420817613601685, 1.762959361076355, 1.647932767868042, 1.7674870491027832, 1.6739526987075806, 1.6856157779693604, 1.755367636680603, 1.813889741897583, 1.8185319900512695, 1.78410804271698, 1.6512383222579956, 1.7258306741714478, 1.6939677000045776, 1.7439298629760742, 1.8354294300079346]",sae,Pre-64
1,beta,44,0.016,0.4469012312759677,0.43811650775401,0.4799540329072739,0.5,0.5982762074796864,0.6268641765804623,30,"[0, 1, 2, 3, 4, 5, 6, 7, 8, 9, 10, 11, 12, 13, 14, 15, 16, 17, 18, 19, 20, 21, 22, 23, 24, 25, 26, 27, 28, 29]","[2.2190334796905518, 2.479994297027588, 2.2498745918273926, 2.1480705738067627, 2.4346556663513184, 2.553046703338623, 2.473320484161377, 2.4084360599517822, 2.371554374694824, 2.6194634437561035, 2.271944761276245, 2.5614986419677734, 2.4785408973693848, 2.1663026809692383, 2.5788700580596924, 2.5359175205230713, 2.114429473876953, 2.4520068168640137, 2.463878631591797, 2.480375289916992, 2.081726551055908, 2.306640863418579, 2.45029878616333, 2.5196268558502197, 2.459883451461792, 2.4789507389068604, 2.3129823207855225, 2.4276578426361084, 2.3739168643951416, 2.496340274810791]",sae,Pre-64
1,beta,20,0.032,0.4408022875601419,0.4262939306313442,0.441907648555743,0.5,0.6176087118064704,0.6530054921670754,30,"[0, 1, 2, 3, 4, 5, 6, 7, 8, 9, 10, 11, 12, 13, 14, 15, 16, 17, 18, 19, 20, 21, 22, 23, 24, 25, 26, 27, 28, 29]","[1.7127654552459717, 1.7648415565490723, 1.6979920864105225, 1.834526538848877, 1.7438422441482544, 1.7824372053146362, 1.785653829574585, 1.6806769371032715, 1.7114917039871216, 1.643033504486084, 1.6736226081848145, 1.6787753105163574, 1.8356879949569702, 1.6860276460647583, 1.7331262826919556, 1.798033356666565, 1.7042713165283203, 1.6168091297149658, 1.739677906036377, 1.7515459060668945, 1.6910649538040161, 1.6244770288467407, 1.7490267753601074, 1.81704843044281, 1.8007291555404663, 1.6276122331619263, 1.6958353519439697, 1.7461262941360474, 1.6157326698303223, 1.8026193380355835]",sae,Pre-64
1,beta,24,0.026,0.4501416387440968,0.4383559369047743,0.4633821541578909,0.5,0.6188330126613704,0.6493529667328699,30,"[0, 1, 2, 3, 4, 5, 6, 7, 8, 9, 10, 11, 12, 13, 14, 15, 16, 17, 18, 19, 20, 21, 22, 23, 24, 25, 26, 27, 28, 29]","[2.1727118492126465, 2.1093342304229736, 1.9898066520690918, 2.2265565395355225, 2.2041070461273193, 1.7337405681610107, 2.201589345932007, 2.219007730484009, 2.2909014225006104, 2.1839849948883057, 1.9846261739730835, 1.8380634784698486, 2.2882978916168213, 2.279888391494751, 1.9138619899749756, 1.8532493114471436, 2.269176483154297, 2.1336822509765625, 2.1897921562194824, 2.2122044563293457, 2.2011148929595947, 2.2026078701019287, 1.7673211097717285, 2.1708288192749023, 1.7285465002059937, 1.978747010231018, 2.0294675827026367, 1.7641003131866455, 2.2819738388061523, 2.1880531311035156]",sae,Pre-64
1,beta,32,0.0155,0.4555596844830426,0.4475674839123162,0.4885062195363414,0.5,0.5924839124839124,0.6426696083838941,30,"[0, 1, 2, 3, 4, 5, 6, 7, 8, 9, 10, 11, 12, 13, 14, 15, 16, 17, 18, 19, 20, 21, 22, 23, 24, 25, 26, 27, 28, 29]","[2.4482438564300537, 2.3895537853240967, 2.486006498336792, 2.433595895767212, 2.4094502925872803, 2.1540579795837402, 2.353015184402466, 2.3823065757751465, 2.371345043182373, 2.2739312648773193, 2.252429962158203, 2.4041121006011963, 2.4323692321777344, 2.1303791999816895, 2.1420204639434814, 2.1095314025878906, 2.321794033050537, 2.359877347946167, 2.158928155899048, 2.3424508571624756, 2.461024522781372, 2.2792704105377197, 2.1569511890411377, 2.4434654712677, 2.2967562675476074, 2.3110570907592773, 2.464962959289551, 2.3800737857818604, 2.346043109893799, 2.4064438343048096]",sae,Pre-64
1,beta,1,0.014,0.4560357198099471,0.4497423189216591,0.463664618984096,0.5,0.5964054457666336,0.6886451102611324,30,"[0, 1, 2, 3, 4, 5, 6, 7, 8, 9, 10, 11, 12, 13, 14, 15, 16, 17, 18, 19, 20, 21, 22, 23, 24, 25, 26, 27, 28, 29]","[2.5732874870300293, 2.460817813873291, 2.4814767837524414, 2.3506102561950684, 2.5020370483398438, 2.4690287113189697, 2.5519299507141113, 2.1347146034240723, 2.1876423358917236, 2.125697612762451, 2.2211434841156006, 2.5176241397857666, 2.564884901046753, 2.3330259323120117, 2.554110050201416, 2.5189132690429688, 2.4809505939483643, 2.52848744392395, 2.5337884426116943, 2.510695219039917, 2.5946860313415527, 2.099268674850464, 2.326345920562744, 2.4541993141174316, 2.4722962379455566, 2.149502754211426, 2.4881556034088135, 2.209073305130005, 2.540430784225464, 2.291959285736084]",sae,Pre-64
1,beta,12,0.005,0.4455148672091349,0.4361346773072694,0.4367729003309047,0.5,0.5892778403611032,0.7251605223344567,30,"[0, 1, 2, 3, 4, 5, 6, 7, 8, 9, 10, 11, 12, 13, 14, 15, 16, 17, 18, 19, 20, 21, 22, 23, 24, 25, 26, 27, 28, 29]","[2.548595666885376, 2.7464332580566406, 2.422440528869629, 2.709165334701538, 2.8023056983947754, 2.8616445064544678, 2.8018107414245605, 2.771760940551758, 2.653073787689209, 2.367034912109375, 2.3669605255126953, 2.8157575130462646, 2.6882948875427246, 2.6961846351623535, 2.5941240787506104, 2.864854574203491, 2.5330522060394287, 2.654210329055786, 2.6122069358825684, 2.852078437805176, 2.6971957683563232, 2.5747108459472656, 2.388779401779175, 2.8525612354278564, 2.852773666381836, 2.819613218307495, 2.727383852005005, 2.6524534225463867, 2.5233070850372314, 2.780360460281372]",sae,Pre-64
1,beta,32,0.035,0.4555596844830426,0.4475674839123162,0.4754962875810943,0.5,0.5924839124839124,0.6372539069681926,30,"[0, 1, 2, 3, 4, 5, 6, 7, 8, 9, 10, 11, 12, 13, 14, 15, 16, 17, 18, 19, 20, 21, 22, 23, 24, 25, 26, 27, 28, 29]","[1.7539466619491577, 1.6570173501968384, 1.7587450742721558, 1.692649483680725, 1.6734342575073242, 1.713027834892273, 1.6683034896850586, 1.6692142486572266, 1.632046103477478, 1.6365728378295898, 1.6974457502365112, 1.6450237035751343, 1.7024816274642944, 1.5942789316177368, 1.5908359289169312, 1.596136212348938, 1.610217571258545, 1.7061439752578735, 1.6372278928756714, 1.670896053314209, 1.748216986656189, 1.6866014003753662, 1.5640450716018677, 1.7570511102676392, 1.6897989511489868, 1.6030393838882446, 1.7332103252410889, 1.5820298194885254, 1.7663707733154297, 1.7484650611877441]",sae,Pre-64
1,beta,12,0.024,0.4455148672091349,0.4361346773072694,0.4195043217773971,0.5,0.5892778403611032,0.7302757353800418,30,"[0, 1, 2, 3, 4, 5, 6, 7, 8, 9, 10, 11, 12, 13, 14, 15, 16, 17, 18, 19, 20, 21, 22, 23, 24, 25, 26, 27, 28, 29]","[1.6214015483856201, 1.7960965633392334, 1.6545250415802002, 1.610412359237671, 1.8230127096176147, 1.7740342617034912, 1.7522813081741333, 1.74655020236969, 1.803764820098877, 1.6472482681274414, 1.6300737857818604, 1.8539217710494995, 1.6756441593170166, 1.7546207904815674, 1.61363685131073, 1.8558366298675537, 1.586545467376709, 1.8449710607528687, 1.7350801229476929, 1.8501092195510864, 1.7924588918685913, 1.747926115989685, 1.651128888130188, 1.851668119430542, 1.838912844657898, 1.7188574075698853, 1.840129017829895, 1.7521347999572754, 1.6987851858139038, 1.8528637886047363]",sae,Pre-64
1,beta,2,0.028,0.4419681213812466,0.4306250660512843,0.434607549207858,0.5,0.6028191218064636,0.6905587819353641,30,"[0, 1, 2, 3, 4, 5, 6, 7, 8, 9, 10, 11, 12, 13, 14, 15, 16, 17, 18, 19, 20, 21, 22, 23, 24, 25, 26, 27, 28, 29]","[1.7691417932510376, 1.7401373386383057, 1.7286477088928223, 1.8806625604629517, 1.7918729782104492, 1.9501457214355469, 1.7486697435379028, 1.814391016960144, 1.767151951789856, 1.8346737623214722, 1.854803204536438, 1.7458524703979492, 1.8897440433502197, 1.932660698890686, 1.8659100532531738, 1.8859761953353882, 1.8896716833114624, 1.9576082229614258, 1.9674946069717407, 1.9351333379745483, 1.8303337097167969, 1.7542352676391602, 1.9004818201065063, 1.9435335397720337, 1.7095383405685425, 1.760572910308838, 1.8649804592132568, 1.8734862804412842, 1.6703599691390991, 1.9465866088867188]",sae,Pre-64
1,beta,34,0.004,0.4568527557813058,0.4470225010708758,0.4691195938262345,0.5,0.6011606799053854,0.6807276180439545,30,"[0, 1, 2, 3, 4, 5, 6, 7, 8, 9, 10, 11, 12, 13, 14, 15, 16, 17, 18, 19, 20, 21, 22, 23, 24, 25, 26, 27, 28, 29]","[2.47440767288208, 2.715355157852173, 2.7104194164276123, 2.7106781005859375, 2.5411179065704346, 2.43774151802063, 2.73557448387146, 2.7197067737579346, 2.5084187984466553, 2.451057195663452, 2.6428682804107666, 2.5576062202453613, 2.6469767093658447, 2.7054080963134766, 2.4109997749328613, 2.56524395942688, 2.7230546474456787, 2.729116201400757, 2.689373254776001, 2.4037489891052246, 2.723022699356079, 2.7404794692993164, 2.567728042602539, 2.6595377922058105, 2.3362669944763184, 2.5446202754974365, 2.770217180252075, 2.7858617305755615, 2.6633129119873047, 2.6608660221099854]",sae,Pre-64
1,beta,14,0.002,0.4467366851483266,0.4421697276018216,0.4610542699030945,0.5,0.5934222168898753,0.6882061818563565,30,"[0, 1, 2, 3, 4, 5, 6, 7, 8, 9, 10, 11, 12, 13, 14, 15, 16, 17, 18, 19, 20, 21, 22, 23, 24, 25, 26, 27, 28, 29]","[2.464958429336548, 2.613468647003174, 2.7708864212036133, 2.718594789505005, 2.5370826721191406, 2.80897855758667, 2.447504758834839, 2.7900948524475098, 2.839557409286499, 2.9111177921295166, 2.69345760345459, 2.7980844974517822, 2.8588907718658447, 2.879218339920044, 2.7226805686950684, 2.5642213821411133, 2.8929049968719482, 2.881344795227051, 2.686284065246582, 2.445117950439453, 2.486476182937622, 2.643089771270752, 2.7728381156921387, 2.5709080696105957, 2.9058568477630615, 2.872887134552002, 2.860745668411255, 2.8282723426818848, 2.722538471221924, 2.8815863132476807]",sae,Pre-64
1,beta,34,0.022,0.4568527557813058,0.4470225010708758,0.4665616292619596,0.5,0.6011606799053854,0.680561144872192,30,"[0, 1, 2, 3, 4, 5, 6, 7, 8, 9, 10, 11, 12, 13, 14, 15, 16, 17, 18, 19, 20, 21, 22, 23, 24, 25, 26, 27, 28, 29]","[2.042799234390259, 2.289585590362549, 2.277158737182617, 2.29202938079834, 2.10880184173584, 1.996442198753357, 2.3236582279205322, 2.309680700302124, 2.077622413635254, 2.006713390350342, 2.2094480991363525, 2.1457648277282715, 2.2123608589172363, 2.292682409286499, 1.9637876749038696, 2.1313250064849854, 2.299058198928833, 2.3081140518188477, 2.2726528644561768, 1.9575825929641724, 2.3066108226776123, 2.318650484085083, 2.1277451515197754, 2.222888469696045, 1.8899105787277222, 2.1258633136749268, 2.351222038269043, 2.3658039569854736, 2.2223894596099854, 2.2228598594665527]",sae,Pre-64
1,beta,8,0.029,0.4517491928182039,0.4406431065890545,0.4442661440185546,0.5,0.6098144493254953,0.6807962479573864,30,"[0, 1, 2, 3, 4, 5, 6, 7, 8, 9, 10, 11, 12, 13, 14, 15, 16, 17, 18, 19, 20, 21, 22, 23, 24, 25, 26, 27, 28, 29]","[1.7067792415618896, 1.812185287475586, 1.697409749031067, 1.70510733127594, 1.8181968927383423, 1.7405322790145874, 1.7822762727737427, 1.677581787109375, 1.6981173753738403, 1.7885963916778564, 1.8180832862854004, 1.7324202060699463, 1.6379152536392212, 1.6977227926254272, 1.7645823955535889, 1.6902945041656494, 1.6523354053497314, 1.736374020576477, 1.621995210647583, 1.7485677003860474, 1.677323341369629, 1.630753517150879, 1.7706444263458252, 1.7238736152648926, 1.7719621658325195, 1.7760376930236816, 1.6754162311553955, 1.7568604946136475, 1.7479748725891113, 1.7761884927749634]",sae,Pre-64
1,beta,4,0.006,0.4589558369307028,0.4477177462853796,0.4901168347977129,0.5,0.61034827708266,0.6508579959062438,30,"[0, 1, 2, 3, 4, 5, 6, 7, 8, 9, 10, 11, 12, 13, 14, 15, 16, 17, 18, 19, 20, 21, 22, 23, 24, 25, 26, 27, 28, 29]","[2.6651387214660645, 2.736029863357544, 2.415971517562866, 2.7771618366241455, 2.6632204055786133, 2.6903674602508545, 2.7390260696411133, 2.6490235328674316, 2.297198534011841, 2.8028576374053955, 2.5324881076812744, 2.649851083755493, 2.7991836071014404, 2.353738307952881, 2.4123318195343018, 2.574774742126465, 2.719451904296875, 2.5026302337646484, 2.700953960418701, 2.452853202819824, 2.679736375808716, 2.5300168991088867, 2.3870880603790283, 2.6279349327087402, 2.7331244945526123, 2.7409298419952393, 2.6734414100646973, 2.6912684440612793, 2.759275436401367, 2.4616127014160156]",sae,Pre-64
1,beta,20,0.015,0.4408022875601419,0.4262939306313442,0.4552432730626564,0.5,0.6176087118064704,0.6532047774422579,30,"[0, 1, 2, 3, 4, 5, 6, 7, 8, 9, 10, 11, 12, 13, 14, 15, 16, 17, 18, 19, 20, 21, 22, 23, 24, 25, 26, 27, 28, 29]","[2.536149024963379, 2.5608983039855957, 2.5360584259033203, 2.567800283432007, 2.5190021991729736, 2.4231176376342773, 2.5655791759490967, 2.496760129928589, 2.4792816638946533, 2.202836275100708, 2.2959277629852295, 2.50563383102417, 2.6393189430236816, 2.548670530319214, 2.4645795822143555, 2.5638458728790283, 2.5387587547302246, 2.2453620433807373, 2.5313541889190674, 2.563293933868408, 2.144808530807495, 2.1752312183380127, 2.284026861190796, 2.553349256515503, 2.4768240451812744, 2.2753658294677734, 2.1674859523773193, 2.2375245094299316, 2.3906784057617188, 2.588329792022705]",sae,Pre-64
1,beta,39,0.0159,0.4461088087810431,0.4292341094433316,0.4569520800235022,0.5,0.6205127278095635,0.6745769197164301,30,"[0, 1, 2, 3, 4, 5, 6, 7, 8, 9, 10, 11, 12, 13, 14, 15, 16, 17, 18, 19, 20, 21, 22, 23, 24, 25, 26, 27, 28, 29]","[2.0938632488250732, 2.4008147716522217, 2.524970531463623, 2.537841320037842, 2.2037646770477295, 2.0786216259002686, 2.3134076595306396, 2.4354066848754883, 2.118675708770752, 2.487588882446289, 2.4200613498687744, 2.5009865760803223, 2.2068166732788086, 2.260127067565918, 2.459167957305908, 2.5862178802490234, 2.5583508014678955, 2.5175693035125732, 2.1118741035461426, 2.449382781982422, 2.45163631439209, 2.1401193141937256, 2.445328712463379, 2.476607322692871, 2.5493321418762207, 2.0651261806488037, 2.382669687271118, 2.408977508544922, 2.526327133178711, 2.405371904373169]",sae,Pre-64
1,beta,17,0.038,0.4599327030141671,0.4513468217402507,0.4479332650975641,0.5,0.6120635717004715,0.6979687917030675,30,"[0, 1, 2, 3, 4, 5, 6, 7, 8, 9, 10, 11, 12, 13, 14, 15, 16, 17, 18, 19, 20, 21, 22, 23, 24, 25, 26, 27, 28, 29]","[1.641366958618164, 1.5180703401565552, 1.5690585374832153, 1.5530445575714111, 1.674296259880066, 1.5446184873580933, 1.6063735485076904, 1.4375405311584473, 1.554911732673645, 1.5866148471832275, 1.6299939155578613, 1.6431363821029663, 1.5677835941314697, 1.653152346611023, 1.5654535293579102, 1.54729425907135, 1.6315786838531494, 1.578127384185791, 1.6254380941390991, 1.5940700769424438, 1.527305245399475, 1.5939286947250366, 1.4377636909484863, 1.5623334646224976, 1.5941025018692017, 1.5776790380477905, 1.5314819812774658, 1.5759998559951782, 1.553533673286438, 1.6182018518447876]",sae,Pre-64
1,beta,40,0.0151,0.44666181227492,0.4340193094910912,0.4563141111505601,0.5,0.6093636266731638,0.6669935586045166,30,"[0, 1, 2, 3, 4, 5, 6, 7, 8, 9, 10, 11, 12, 13, 14, 15, 16, 17, 18, 19, 20, 21, 22, 23, 24, 25, 26, 27, 28, 29]","[2.5295932292938232, 2.473416328430176, 2.4068946838378906, 2.1792304515838623, 2.5183026790618896, 2.4885425567626953, 2.3718297481536865, 2.454486846923828, 2.4770898818969727, 2.392575979232788, 2.0511982440948486, 2.102419853210449, 2.324408769607544, 2.367340326309204, 2.340977191925049, 2.5004489421844482, 2.4660980701446533, 2.0705177783966064, 2.2008042335510254, 2.295391321182251, 2.3240551948547363, 2.357804775238037, 2.4183363914489746, 2.0917861461639404, 2.4981133937835693, 2.0336060523986816, 2.475067615509033, 2.443472146987915, 2.5360307693481445, 2.3961598873138428]",sae,Pre-64
1,beta,6,0.015,0.4540822999211705,0.4457917896713532,0.4647951661694471,0.5,0.5933447799067053,0.6655706319420176,30,"[0, 1, 2, 3, 4, 5, 6, 7, 8, 9, 10, 11, 12, 13, 14, 15, 16, 17, 18, 19, 20, 21, 22, 23, 24, 25, 26, 27, 28, 29]","[2.193082332611084, 2.467275381088257, 2.127817392349243, 2.492797613143921, 2.3367843627929688, 2.4138283729553223, 2.409717321395874, 2.4243476390838623, 2.120481014251709, 2.4521098136901855, 2.417520046234131, 2.3124427795410156, 2.431978702545166, 2.298516035079956, 2.230870485305786, 2.5011250972747803, 2.1961722373962402, 2.207735538482666, 2.2069365978240967, 2.3963377475738525, 2.2503597736358643, 2.315457582473755, 2.444185733795166, 2.099954605102539, 2.3858137130737305, 2.3277432918548584, 2.476372003555298, 2.126786470413208, 2.1188273429870605, 2.4504716396331787]",sae,Pre-64
1,beta,39,0.008,0.4461088087810431,0.4292341094433316,0.4581086428013292,0.5,0.6205127278095635,0.6751794908876175,30,"[0, 1, 2, 3, 4, 5, 6, 7, 8, 9, 10, 11, 12, 13, 14, 15, 16, 17, 18, 19, 20, 21, 22, 23, 24, 25, 26, 27, 28, 29]","[2.3003299236297607, 2.602057933807373, 2.714712619781494, 2.7308664321899414, 2.4021682739257812, 2.286139488220215, 2.5125374794006348, 2.6264374256134033, 2.3172640800476074, 2.684762716293335, 2.6121878623962402, 2.690009593963623, 2.410395622253418, 2.4584591388702393, 2.6513617038726807, 2.7775356769561768, 2.7521798610687256, 2.7099175453186035, 2.3109753131866455, 2.6424028873443604, 2.6405422687530518, 2.3432185649871826, 2.642319917678833, 2.6732711791992188, 2.7421910762786865, 2.2737576961517334, 2.574777126312256, 2.5998871326446533, 2.7209932804107666, 2.5960748195648193]",sae,Pre-64
1,beta,1,0.03,0.4560357198099471,0.4497423189216591,0.4540691569261048,0.5,0.5964054457666336,0.6836263989233602,30,"[0, 1, 2, 3, 4, 5, 6, 7, 8, 9, 10, 11, 12, 13, 14, 15, 16, 17, 18, 19, 20, 21, 22, 23, 24, 25, 26, 27, 28, 29]","[1.7662945985794067, 1.6227409839630127, 1.7163398265838623, 1.5887279510498047, 1.730419397354126, 1.5718270540237427, 1.6402753591537476, 1.6443700790405273, 1.546740174293518, 1.625064492225647, 1.6454486846923828, 1.7034251689910889, 1.7511687278747559, 1.6050938367843628, 1.7445518970489502, 1.6366848945617676, 1.5858674049377441, 1.663871169090271, 1.7250293493270874, 1.7470697164535522, 1.7652405500411987, 1.6426116228103638, 1.6677556037902832, 1.6188912391662598, 1.5842851400375366, 1.5920898914337158, 1.664171814918518, 1.6372021436691284, 1.7528021335601807, 1.6728287935256958]",sae,Pre-64
1,beta,30,0.016,0.4638407167611665,0.4544841508273655,0.4513555540915578,0.5,0.6043368975359404,0.7043224114958667,30,"[0, 1, 2, 3, 4, 5, 6, 7, 8, 9, 10, 11, 12, 13, 14, 15, 16, 17, 18, 19, 20, 21, 22, 23, 24, 25, 26, 27, 28, 29]","[2.4686830043792725, 2.4632375240325928, 2.177211046218872, 2.245434284210205, 2.208512306213379, 2.3474233150482178, 2.2091431617736816, 2.1612143516540527, 2.1688244342803955, 2.4175827503204346, 2.0474696159362793, 2.300339937210083, 2.32053542137146, 2.2907087802886963, 2.4661734104156494, 2.469534397125244, 2.399630069732666, 2.3361189365386963, 2.4639129638671875, 2.1371703147888184, 2.5165224075317383, 2.441718339920044, 2.553447961807251, 2.4569931030273438, 2.218794584274292, 2.3933186531066895, 2.2854700088500977, 2.3871312141418457, 2.4272916316986084, 2.125497579574585]",sae,Pre-64
1,beta,30,0.038,0.4638407167611665,0.4544841508273655,0.4423505927135696,0.5,0.6043368975359404,0.6964155806116293,30,"[0, 1, 2, 3, 4, 5, 6, 7, 8, 9, 10, 11, 12, 13, 14, 15, 16, 17, 18, 19, 20, 21, 22, 23, 24, 25, 26, 27, 28, 29]","[1.7510792016983032, 1.7429718971252441, 1.7085237503051758, 1.6640596389770508, 1.6670562028884888, 1.644083857536316, 1.6584776639938354, 1.6228796243667603, 1.5966594219207764, 1.6574034690856934, 1.6702120304107666, 1.6616101264953613, 1.616008996963501, 1.6639437675476074, 1.720829963684082, 1.724088430404663, 1.6297744512557983, 1.668480396270752, 1.741199254989624, 1.6392775774002075, 1.689029574394226, 1.6388988494873047, 1.742030143737793, 1.6513521671295166, 1.7424840927124023, 1.6700283288955688, 1.6245348453521729, 1.6540549993515015, 1.7091842889785767, 1.6506552696228027]",sae,Pre-64
1,beta,4,0.025,0.4589558369307028,0.4477177462853796,0.472259197080929,0.5,0.61034827708266,0.6541068378041461,30,"[0, 1, 2, 3, 4, 5, 6, 7, 8, 9, 10, 11, 12, 13, 14, 15, 16, 17, 18, 19, 20, 21, 22, 23, 24, 25, 26, 27, 28, 29]","[1.8385123014450073, 1.8459059000015259, 1.6817330121994019, 1.8512643575668335, 1.6921149492263794, 1.7306554317474365, 1.8472133874893188, 1.7049074172973633, 1.7032859325408936, 1.8411856889724731, 1.8009124994277954, 1.7206859588623047, 1.8473966121673584, 1.6704514026641846, 1.6818331480026245, 1.7362072467803955, 1.773112416267395, 1.7854982614517212, 1.7336369752883911, 1.7846219539642334, 1.7522234916687012, 1.7940700054168701, 1.7248506546020508, 1.7056407928466797, 1.7749998569488525, 1.760507583618164, 1.6958351135253906, 1.7313200235366821, 1.8103221654891968, 1.7007324695587158]",sae,Pre-64
1,beta,2,0.014,0.4419681213812466,0.4306250660512843,0.4424938879291382,0.5,0.6028191218064636,0.6905080678814856,30,"[0, 1, 2, 3, 4, 5, 6, 7, 8, 9, 10, 11, 12, 13, 14, 15, 16, 17, 18, 19, 20, 21, 22, 23, 24, 25, 26, 27, 28, 29]","[2.148519992828369, 2.1004881858825684, 2.2119228839874268, 2.324686050415039, 2.1677730083465576, 2.5214760303497314, 2.0603373050689697, 2.3008787631988525, 2.233954906463623, 2.273808002471924, 2.4100780487060547, 2.2749602794647217, 2.3862593173980713, 2.452000617980957, 2.220863103866577, 2.501561164855957, 2.3655149936676025, 2.513517379760742, 2.4981942176818848, 2.43381404876709, 2.3848073482513428, 2.2204887866973877, 2.4461476802825928, 2.511486768722534, 2.0096077919006348, 2.3064396381378174, 2.4126718044281006, 2.4180660247802734, 2.259915590286255, 2.4784765243530273]",sae,Pre-64
1,beta,36,0.04,0.4642138821845151,0.4576483090311837,0.4659268399355309,0.5,0.6031055233182893,0.6747927811757599,30,"[0, 1, 2, 3, 4, 5, 6, 7, 8, 9, 10, 11, 12, 13, 14, 15, 16, 17, 18, 19, 20, 21, 22, 23, 24, 25, 26, 27, 28, 29]","[1.7294987440109253, 1.7509112358093262, 1.5899325609207153, 1.7376997470855713, 1.5962661504745483, 1.7502598762512207, 1.596754550933838, 1.640035629272461, 1.7755584716796875, 1.6328470706939697, 1.661280632019043, 1.744156837463379, 1.6186110973358154, 1.6749333143234253, 1.6259406805038452, 1.751328706741333, 1.7117666006088257, 1.6987427473068237, 1.7607558965682983, 1.6133148670196533, 1.6164923906326294, 1.6626893281936646, 1.6471822261810303, 1.6097877025604248, 1.7305585145950317, 1.7191522121429443, 1.633535385131836, 1.7114044427871704, 1.7242436408996582, 1.6095304489135742]",sae,Pre-64
1,beta,36,0.018,0.4642138821845151,0.4576483090311837,0.4791388987359734,0.5,0.6031055233182893,0.674938720151486,30,"[0, 1, 2, 3, 4, 5, 6, 7, 8, 9, 10, 11, 12, 13, 14, 15, 16, 17, 18, 19, 20, 21, 22, 23, 24, 25, 26, 27, 28, 29]","[2.4090607166290283, 2.380789279937744, 2.291583776473999, 2.3249595165252686, 2.057485818862915, 2.403830051422119, 2.332968235015869, 1.9878171682357788, 2.4021592140197754, 2.340308904647827, 2.3918652534484863, 2.433713674545288, 2.0785250663757324, 2.3823065757751465, 2.0596468448638916, 2.4016146659851074, 2.448254108428955, 2.2512147426605225, 2.4800496101379395, 2.1157405376434326, 1.9891282320022583, 2.3807485103607178, 2.3881044387817383, 2.1993415355682373, 2.397113561630249, 2.27132511138916, 2.3235559463500977, 2.219912052154541, 2.348600149154663, 2.0697202682495117]",sae,Pre-64
1,beta,14,0.02,0.4467366851483266,0.4421697276018216,0.4572573697459298,0.5,0.5934222168898753,0.6889320475711993,30,"[0, 1, 2, 3, 4, 5, 6, 7, 8, 9, 10, 11, 12, 13, 14, 15, 16, 17, 18, 19, 20, 21, 22, 23, 24, 25, 26, 27, 28, 29]","[1.960635781288147, 2.148850440979004, 2.316397190093994, 2.241504430770874, 2.039759874343872, 2.3503782749176025, 1.9597851037979126, 2.309091806411743, 2.3835513591766357, 2.452742099761963, 2.2316694259643555, 2.3330068588256836, 2.3944358825683594, 2.416243314743042, 2.2498459815979004, 2.085310459136963, 2.4267640113830566, 2.414583206176758, 2.202780246734619, 1.9581555128097534, 1.9914323091506958, 2.17083740234375, 2.31203031539917, 2.0930914878845215, 2.4458749294281006, 2.405717611312866, 2.4021475315093994, 2.351689577102661, 2.2377235889434814, 2.4283673763275146]",sae,Pre-64
1,beta,6,0.032,0.4540822999211705,0.4457917896713532,0.4521667443806297,0.5,0.5933447799067053,0.6652637017002719,30,"[0, 1, 2, 3, 4, 5, 6, 7, 8, 9, 10, 11, 12, 13, 14, 15, 16, 17, 18, 19, 20, 21, 22, 23, 24, 25, 26, 27, 28, 29]","[1.6762341260910034, 1.7206904888153076, 1.603378176689148, 1.7385672330856323, 1.5927335023880005, 1.640182375907898, 1.6181669235229492, 1.6709331274032593, 1.5745054483413696, 1.699724793434143, 1.6209814548492432, 1.5812733173370361, 1.6223210096359253, 1.5763994455337524, 1.3894662857055664, 1.7170531749725342, 1.5988167524337769, 1.6646710634231567, 1.6557985544204712, 1.6531435251235962, 1.6409298181533813, 1.5855387449264526, 1.7149287462234497, 1.62421452999115, 1.584283471107483, 1.6634187698364258, 1.6290578842163086, 1.5702509880065918, 1.62922203540802, 1.6752891540527344]",sae,Pre-64
1,beta,48,0.004,0.4556814132376,0.4510566266980289,0.5127530601313434,0.5,0.5923878577171784,0.6011276513821728,30,"[0, 1, 2, 3, 4, 5, 6, 7, 8, 9, 10, 11, 12, 13, 14, 15, 16, 17, 18, 19, 20, 21, 22, 23, 24, 25, 26, 27, 28, 29]","[2.899292469024658, 2.7083137035369873, 2.5986499786376953, 2.7187726497650146, 2.839085817337036, 2.52732253074646, 2.56949782371521, 2.8176352977752686, 2.786228656768799, 2.753028154373169, 2.6086337566375732, 2.8088948726654053, 2.6656031608581543, 2.5177693367004395, 2.528651475906372, 2.5151238441467285, 2.925250291824341, 2.8828794956207275, 2.846123456954956, 2.7838027477264404, 2.5024609565734863, 2.9005603790283203, 2.9149298667907715, 2.8111732006073, 2.766367197036743, 2.8539071083068848, 2.8378138542175293, 2.9590201377868652, 2.6808247566223145, 2.8269429206848145]",sae,Pre-64
1,beta,40,0.034,0.44666181227492,0.4340193094910912,0.4405940863404227,0.5,0.6093636266731638,0.6686549208911359,30,"[0, 1, 2, 3, 4, 5, 6, 7, 8, 9, 10, 11, 12, 13, 14, 15, 16, 17, 18, 19, 20, 21, 22, 23, 24, 25, 26, 27, 28, 29]","[1.7995400428771973, 1.7762384414672852, 1.6916396617889404, 1.6460962295532227, 1.7026727199554443, 1.7075732946395874, 1.711371898651123, 1.7572981119155884, 1.7239234447479248, 1.7848763465881348, 1.6299686431884766, 1.6447646617889404, 1.7406524419784546, 1.7130329608917236, 1.6725558042526245, 1.7858779430389404, 1.738413691520691, 1.6591203212738037, 1.6795769929885864, 1.7329683303833008, 1.6150882244110107, 1.6507617235183716, 1.786778211593628, 1.6584616899490356, 1.7713559865951538, 1.646471619606018, 1.7555837631225586, 1.7264289855957031, 1.7983931303024292, 1.6391829252243042]",sae,Pre-64
1,beta,46,0.0155,0.4545712902572906,0.4417269056853911,0.4771406075471069,0.5,0.6270377926330811,0.6873856804570073,30,"[0, 1, 2, 3, 4, 5, 6, 7, 8, 9, 10, 11, 12, 13, 14, 15, 16, 17, 18, 19, 20, 21, 22, 23, 24, 25, 26, 27, 28, 29]","[2.331514358520508, 2.504750967025757, 2.558562994003296, 2.421815872192383, 2.2809369564056396, 2.2394697666168213, 2.22940731048584, 2.584695816040039, 2.5567467212677, 2.6657841205596924, 2.4463205337524414, 2.490882396697998, 2.6036605834960938, 2.4526937007904053, 2.3507838249206543, 2.575645923614502, 2.453543186187744, 2.5632193088531494, 2.6325604915618896, 2.473421812057495, 2.522162675857544, 2.5765442848205566, 2.5350534915924072, 2.3170995712280273, 2.1970934867858887, 2.2945685386657715, 2.55580472946167, 2.216204881668091, 2.5570833683013916, 2.5675666332244873]",sae,Pre-64
1,beta,16,0.01,0.4519396108125126,0.4401978349795346,0.447491418074254,0.5,0.6159012314439947,0.7220545353769039,30,"[0, 1, 2, 3, 4, 5, 6, 7, 8, 9, 10, 11, 12, 13, 14, 15, 16, 17, 18, 19, 20, 21, 22, 23, 24, 25, 26, 27, 28, 29]","[2.580177068710327, 2.273951292037964, 2.5490126609802246, 2.5505762100219727, 2.6653642654418945, 2.473104476928711, 2.5617852210998535, 2.5228943824768066, 2.1928391456604004, 2.4421470165252686, 2.6105799674987793, 2.2509756088256836, 2.527905225753784, 2.377525568008423, 2.4293813705444336, 2.32649302482605, 2.232189655303955, 2.5802972316741943, 2.350010395050049, 2.581597089767456, 2.303931474685669, 2.550999879837036, 2.2849674224853516, 2.5492327213287354, 2.5329222679138184, 2.5381174087524414, 2.432633399963379, 2.195478677749634, 2.372169256210327, 2.34806227684021]",sae,Pre-64
1,beta,48,0.022,0.4556814132376,0.4510566266980289,0.5100884128116763,0.5,0.5923878577171784,0.5993270330566346,30,"[0, 1, 2, 3, 4, 5, 6, 7, 8, 9, 10, 11, 12, 13, 14, 15, 16, 17, 18, 19, 20, 21, 22, 23, 24, 25, 26, 27, 28, 29]","[2.4406862258911133, 2.2376973628997803, 2.1289210319519043, 2.2628495693206787, 2.3858418464660645, 2.058800220489502, 2.0861332416534424, 2.363534688949585, 2.325148344039917, 2.297286033630371, 2.130495548248291, 2.3506250381469727, 2.1952803134918213, 2.044767141342163, 2.053417205810547, 2.04339337348938, 2.461592435836792, 2.4251346588134766, 2.381769895553589, 2.3189735412597656, 2.0348613262176514, 2.442002296447754, 2.451138734817505, 2.3514389991760254, 2.308375835418701, 2.391758680343628, 2.373886823654175, 2.505028009414673, 2.2262909412384033, 2.3693127632141113]",sae,Pre-64
1,beta,46,0.035,0.4545712902572906,0.4417269056853911,0.4571671732088361,0.5,0.6270377926330811,0.688854102957802,30,"[0, 1, 2, 3, 4, 5, 6, 7, 8, 9, 10, 11, 12, 13, 14, 15, 16, 17, 18, 19, 20, 21, 22, 23, 24, 25, 26, 27, 28, 29]","[1.6414408683776855, 1.7605472803115845, 1.7409027814865112, 1.7296216487884521, 1.6459221839904785, 1.7660704851150513, 1.661812663078308, 1.8149487972259521, 1.7129788398742676, 1.8288414478302002, 1.5571285486221313, 1.6430004835128784, 1.7958303689956665, 1.6437203884124756, 1.6942743062973022, 1.8005636930465698, 1.7080252170562744, 1.7221277952194214, 1.8256851434707642, 1.78500235080719, 1.686018705368042, 1.7020455598831177, 1.7113553285598755, 1.7224392890930176, 1.7058196067810059, 1.7299582958221436, 1.730262279510498, 1.7469162940979004, 1.6956357955932617, 1.708354115486145]",sae,Pre-64
1,beta,22,0.029,0.4519005213187685,0.4442985770479847,0.4520081370378725,0.5,0.5939599289403404,0.6795079942116966,30,"[0, 1, 2, 3, 4, 5, 6, 7, 8, 9, 10, 11, 12, 13, 14, 15, 16, 17, 18, 19, 20, 21, 22, 23, 24, 25, 26, 27, 28, 29]","[1.6767475605010986, 1.695249080657959, 1.701709508895874, 1.807985782623291, 1.803987741470337, 1.6860648393630981, 1.7183185815811157, 1.7246469259262085, 1.7414240837097168, 1.7850537300109863, 1.724642276763916, 1.7971545457839966, 1.6833922863006592, 1.8021351099014282, 1.6139867305755615, 1.798075795173645, 1.7906384468078613, 1.7270411252975464, 1.6588819026947021, 1.6165372133255005, 1.7806135416030884, 1.7656902074813843, 1.7545737028121948, 1.7178231477737427, 1.8079423904418945, 1.806084394454956, 1.6614476442337036, 1.6636220216751099, 1.8120191097259521, 1.6626020669937134]",sae,Pre-64
1,beta,16,0.028,0.4519396108125126,0.4401978349795346,0.4374008236599106,0.5,0.6159012314439947,0.7205513784461153,30,"[0, 1, 2, 3, 4, 5, 6, 7, 8, 9, 10, 11, 12, 13, 14, 15, 16, 17, 18, 19, 20, 21, 22, 23, 24, 25, 26, 27, 28, 29]","[1.654464840888977, 1.5678540468215942, 1.6249181032180786, 1.6899189949035645, 1.7050904035568237, 1.6019115447998047, 1.703138828277588, 1.648105502128601, 1.598183274269104, 1.7042068243026733, 1.7110737562179565, 1.648053526878357, 1.6228141784667969, 1.5942730903625488, 1.6210633516311646, 1.6334939002990723, 1.6408618688583374, 1.5600214004516602, 1.600774884223938, 1.6951367855072021, 1.7196407318115234, 1.6817876100540161, 1.6852364540100098, 1.6845391988754272, 1.577752709388733, 1.6753469705581665, 1.6359599828720093, 1.6001431941986084, 1.5723073482513428, 1.6137611865997314]",sae,Pre-64
1,beta,28,0.03,0.4589844236982603,0.4495627040154577,0.4460503004195595,0.5,0.5987249917034086,0.69891373915517,30,"[0, 1, 2, 3, 4, 5, 6, 7, 8, 9, 10, 11, 12, 13, 14, 15, 16, 17, 18, 19, 20, 21, 22, 23, 24, 25, 26, 27, 28, 29]","[1.716880440711975, 1.626523733139038, 1.586022138595581, 1.7887682914733887, 1.7773876190185547, 1.7202447652816772, 1.7180042266845703, 1.6237761974334717, 1.7087138891220093, 1.770156979560852, 1.6663596630096436, 1.727034091949463, 1.7597213983535767, 1.8013927936553955, 1.74973726272583, 1.6336073875427246, 1.6672641038894653, 1.7373690605163574, 1.7463148832321167, 1.712327003479004, 1.6382322311401367, 1.6960325241088867, 1.7052339315414429, 1.6280373334884644, 1.6401129961013794, 1.7599196434020996, 1.7889015674591064, 1.6564160585403442, 1.6538748741149902, 1.6462395191192627]",sae,Pre-64
1,beta,28,0.014,0.4589844236982603,0.4495627040154577,0.4567829174703684,0.5,0.5987249917034086,0.6988529962546817,30,"[0, 1, 2, 3, 4, 5, 6, 7, 8, 9, 10, 11, 12, 13, 14, 15, 16, 17, 18, 19, 20, 21, 22, 23, 24, 25, 26, 27, 28, 29]","[2.312187671661377, 2.4347217082977295, 2.386810302734375, 2.472418785095215, 2.4102094173431396, 2.319399356842041, 2.5282323360443115, 2.2887749671936035, 2.4838762283325195, 2.53385591506958, 2.272844076156616, 2.303006410598755, 2.495803117752075, 2.399357557296753, 2.5563461780548096, 2.0738847255706787, 2.1452853679656982, 2.4822890758514404, 2.292022228240967, 2.4048542976379395, 2.1190848350524902, 2.2216131687164307, 2.5088109970092773, 2.438612937927246, 2.1075356006622314, 2.498303174972534, 2.4461147785186768, 2.359947681427002, 2.447438955307007, 2.104578733444214]",sae,Pre-64
1,beta,22,0.012,0.4519005213187685,0.4442985770479847,0.4663355155483165,0.5,0.5939599289403404,0.6741608724808527,30,"[0, 1, 2, 3, 4, 5, 6, 7, 8, 9, 10, 11, 12, 13, 14, 15, 16, 17, 18, 19, 20, 21, 22, 23, 24, 25, 26, 27, 28, 29]","[2.4608728885650635, 2.343040943145752, 2.2190558910369873, 2.541337490081787, 2.5276899337768555, 2.316115379333496, 2.5041892528533936, 2.4756364822387695, 2.459888458251953, 2.502652883529663, 2.4933552742004395, 2.519155979156494, 2.2827906608581543, 2.5185797214508057, 2.3311595916748047, 2.3931591510772705, 2.522177219390869, 2.389312744140625, 2.2061774730682373, 2.1329405307769775, 2.484046459197998, 2.395930290222168, 2.3536136150360107, 2.4357635974884033, 2.524505615234375, 2.4535603523254395, 2.329429864883423, 2.423579216003418, 2.5549240112304688, 2.246356964111328]",sae,Pre-64
1,beta,40,0.008,0.44666181227492,0.4340193094910912,0.4575436320109664,0.5,0.6093636266731638,0.666628089357231,30,"[0, 1, 2, 3, 4, 5, 6, 7, 8, 9, 10, 11, 12, 13, 14, 15, 16, 17, 18, 19, 20, 21, 22, 23, 24, 25, 26, 27, 28, 29]","[2.703618288040161, 2.6510813236236572, 2.5792930126190186, 2.358668804168701, 2.6881144046783447, 2.660980701446533, 2.550118923187256, 2.6272330284118652, 2.6512131690979004, 2.5717642307281494, 2.240208387374878, 2.2892651557922363, 2.490915536880493, 2.5483462810516357, 2.515836715698242, 2.6759610176086426, 2.6422321796417236, 2.256516456604004, 2.379441499710083, 2.4777464866638184, 2.4970040321350098, 2.5355072021484375, 2.5983355045318604, 2.2757203578948975, 2.6740365028381348, 2.2217931747436523, 2.652028799057007, 2.6222612857818604, 2.71238112449646, 2.569065809249878]",sae,Pre-64
1,beta,2,0.03,0.4419681213812466,0.4306250660512843,0.4331421433395999,0.5,0.6028191218064636,0.6901139472342004,30,"[0, 1, 2, 3, 4, 5, 6, 7, 8, 9, 10, 11, 12, 13, 14, 15, 16, 17, 18, 19, 20, 21, 22, 23, 24, 25, 26, 27, 28, 29]","[1.6739616394042969, 1.6467317342758179, 1.6308192014694214, 1.764980673789978, 1.6837083101272583, 1.820791244506836, 1.6586886644363403, 1.6981875896453857, 1.6432907581329346, 1.697259783744812, 1.7271169424057007, 1.6217302083969116, 1.7495287656784058, 1.803004503250122, 1.752374291419983, 1.7481234073638916, 1.768936038017273, 1.836328387260437, 1.836008906364441, 1.8030890226364136, 1.709405779838562, 1.6520543098449707, 1.7757158279418945, 1.8117667436599731, 1.619838833808899, 1.6579409837722778, 1.7557233572006226, 1.7467201948165894, 1.5360097885131836, 1.8267122507095337]",sae,Pre-64
1,beta,26,0.024,0.4502231978181314,0.4442488029476733,0.4823879430783617,0.5,0.5832450787939482,0.6480866858980324,30,"[0, 1, 2, 3, 4, 5, 6, 7, 8, 9, 10, 11, 12, 13, 14, 15, 16, 17, 18, 19, 20, 21, 22, 23, 24, 25, 26, 27, 28, 29]","[2.0051560401916504, 2.2244184017181396, 2.331439733505249, 2.115128755569458, 1.9971801042556763, 2.2021772861480713, 2.3396973609924316, 2.2502341270446777, 2.2171099185943604, 1.9855114221572876, 2.2972850799560547, 2.4012138843536377, 2.32106876373291, 2.343073606491089, 2.2991678714752197, 2.3584365844726562, 2.0348992347717285, 2.126213312149048, 2.093160390853882, 2.176959276199341, 1.866380214691162, 2.384469509124756, 2.301565170288086, 2.32732892036438, 2.349095106124878, 2.348721742630005, 2.0174806118011475, 2.3163070678710938, 2.3204307556152344, 1.899683952331543]",sae,Pre-64
1,beta,26,0.005,0.4502231978181314,0.4442488029476733,0.4855931101212427,0.5,0.5832450787939482,0.6477137273843128,30,"[0, 1, 2, 3, 4, 5, 6, 7, 8, 9, 10, 11, 12, 13, 14, 15, 16, 17, 18, 19, 20, 21, 22, 23, 24, 25, 26, 27, 28, 29]","[2.512021064758301, 2.7160890102386475, 2.829993724822998, 2.601245641708374, 2.50689697265625, 2.704314947128296, 2.82474422454834, 2.727531909942627, 2.7243294715881348, 2.493957996368408, 2.768491506576538, 2.8962628841400146, 2.822495937347412, 2.8314969539642334, 2.803677558898926, 2.8372995853424072, 2.548305034637451, 2.615638494491577, 2.6017348766326904, 2.681962251663208, 2.3878989219665527, 2.8708159923553467, 2.7888009548187256, 2.811537265777588, 2.8455958366394043, 2.839597463607788, 2.5265774726867676, 2.8028948307037354, 2.7927589416503906, 2.427215814590454]",sae,Pre-64
1,beta,42,0.02,0.4546678683050885,0.4407690563496341,0.4753811530468068,0.5,0.6336081445133979,0.6584478881031414,30,"[0, 1, 2, 3, 4, 5, 6, 7, 8, 9, 10, 11, 12, 13, 14, 15, 16, 17, 18, 19, 20, 21, 22, 23, 24, 25, 26, 27, 28, 29]","[2.404496431350708, 2.3050754070281982, 2.4109294414520264, 2.449160099029541, 2.22704815864563, 2.400369882583618, 2.4041457176208496, 2.3411405086517334, 2.247920274734497, 2.2657277584075928, 2.1514899730682373, 2.4385323524475098, 2.342137098312378, 2.291149616241455, 2.4574902057647705, 2.0508480072021484, 1.8887443542480469, 2.2688980102539062, 2.1323211193084717, 2.3094496726989746, 2.3826239109039307, 1.9517451524734497, 2.4704411029815674, 2.076944589614868, 2.051469564437866, 2.1613004207611084, 2.4823503494262695, 1.949194312095642, 2.3850715160369873, 2.1431984901428223]",sae,Pre-64
1,beta,42,0.002,0.4546678683050885,0.4407690563496341,0.4791991509607958,0.5,0.6336081445133979,0.6570858589503055,30,"[0, 1, 2, 3, 4, 5, 6, 7, 8, 9, 10, 11, 12, 13, 14, 15, 16, 17, 18, 19, 20, 21, 22, 23, 24, 25, 26, 27, 28, 29]","[2.8523049354553223, 2.7343246936798096, 2.857672691345215, 2.8955280780792236, 2.68961763381958, 2.848377227783203, 2.8441574573516846, 2.7811472415924072, 2.6848068237304688, 2.7334694862365723, 2.6187634468078613, 2.884974479675293, 2.7778892517089844, 2.724012851715088, 2.902341365814209, 2.5193281173706055, 2.368346691131592, 2.7041218280792236, 2.5991172790527344, 2.7738306522369385, 2.8198401927948, 2.434173107147217, 2.902482748031616, 2.536024570465088, 2.5201525688171387, 2.603835344314575, 2.9260997772216797, 2.423391342163086, 2.822495222091675, 2.6085686683654785]",sae,Pre-64
1,beta,10,0.008,0.4493907433353129,0.4390813823454372,0.466591075397736,0.5,0.6232207829487961,0.6734163407370196,30,"[0, 1, 2, 3, 4, 5, 6, 7, 8, 9, 10, 11, 12, 13, 14, 15, 16, 17, 18, 19, 20, 21, 22, 23, 24, 25, 26, 27, 28, 29]","[2.5926458835601807, 2.4181227684020996, 2.62498140335083, 2.3160078525543213, 2.621307611465454, 2.535613536834717, 2.3190383911132812, 2.6173925399780273, 2.6072230339050293, 2.6664674282073975, 2.5436105728149414, 2.4985861778259277, 2.4640088081359863, 2.338283061981201, 2.292560577392578, 2.4695281982421875, 2.5679333209991455, 2.3377573490142822, 2.6426608562469482, 2.3017306327819824, 2.3115413188934326, 2.6124699115753174, 2.6316092014312744, 2.6541223526000977, 2.637518882751465, 2.408259630203247, 2.5687365531921387, 2.573103904724121, 2.583085536956787, 2.6313467025756836]",sae,Pre-64
1,beta,31,0.028,0.4497611378811508,0.4308970333737342,0.43527067518894,0.5,0.642735734520437,0.7110683933630109,30,"[0, 1, 2, 3, 4, 5, 6, 7, 8, 9, 10, 11, 12, 13, 14, 15, 16, 17, 18, 19, 20, 21, 22, 23, 24, 25, 26, 27, 28, 29]","[1.723340392112732, 1.6818063259124756, 1.5734329223632812, 1.6118897199630737, 1.6476212739944458, 1.7571581602096558, 1.605715274810791, 1.6709922552108765, 1.6126160621643066, 1.706018090248108, 1.6323704719543457, 1.6740269660949707, 1.71263587474823, 1.5782338380813599, 1.7074116468429565, 1.6373300552368164, 1.6436933279037476, 1.677940011024475, 1.6871274709701538, 1.647458791732788, 1.7257957458496094, 1.6559338569641113, 1.71565842628479, 1.6525177955627441, 1.6652472019195557, 1.6945362091064453, 1.5749787092208862, 1.7327605485916138, 1.574122667312622, 1.6693485975265503]",sae,Pre-64
1,beta,18,0.035,0.4575117633693479,0.4471831599677374,0.4267809270190103,0.5,0.6052065040104606,0.7327936211018734,30,"[0, 1, 2, 3, 4, 5, 6, 7, 8, 9, 10, 11, 12, 13, 14, 15, 16, 17, 18, 19, 20, 21, 22, 23, 24, 25, 26, 27, 28, 29]","[1.5355932712554932, 1.6960785388946533, 1.726057767868042, 1.592369794845581, 1.6190563440322876, 1.6251416206359863, 1.8225535154342651, 1.5923501253128052, 1.7173662185668945, 1.5868897438049316, 1.7968999147415161, 1.681933879852295, 1.7230582237243652, 1.7010599374771118, 1.6250886917114258, 1.5993467569351196, 1.6850244998931885, 1.6254774332046509, 1.6034300327301025, 1.5543756484985352, 1.8197429180145264, 1.6214509010314941, 1.7612521648406982, 1.7066566944122314, 1.7001938819885254, 1.6283074617385864, 1.7096158266067505, 1.7526384592056274, 1.696641445159912, 1.6538200378417969]",sae,Pre-64
1,beta,18,0.0155,0.4575117633693479,0.4471831599677374,0.4403394788567816,0.5,0.6052065040104606,0.7322733368832687,30,"[0, 1, 2, 3, 4, 5, 6, 7, 8, 9, 10, 11, 12, 13, 14, 15, 16, 17, 18, 19, 20, 21, 22, 23, 24, 25, 26, 27, 28, 29]","[2.4095935821533203, 2.3339195251464844, 2.4646694660186768, 2.1196463108062744, 2.173447608947754, 2.186600923538208, 2.5268349647521973, 2.10959792137146, 2.224813461303711, 2.181056261062622, 2.5097689628601074, 2.46415638923645, 2.2309505939483643, 2.4258062839508057, 2.2442448139190674, 2.3848390579223633, 2.4137392044067383, 2.055788278579712, 2.304577112197876, 2.3015780448913574, 2.5111262798309326, 2.3793857097625732, 2.488001823425293, 2.3993825912475586, 2.4707584381103516, 2.320021390914917, 2.455095052719116, 2.477912187576294, 2.2804808616638184, 2.1772451400756836]",sae,Pre-64
1,beta,24,0.0159,0.4501416387440968,0.4383559369047743,0.4646304947674678,0.5,0.6188330126613704,0.6505058341608738,30,"[0, 1, 2, 3, 4, 5, 6, 7, 8, 9, 10, 11, 12, 13, 14, 15, 16, 17, 18, 19, 20, 21, 22, 23, 24, 25, 26, 27, 28, 29]","[2.4339261054992676, 2.362769603729248, 2.2565927505493164, 2.4820590019226074, 2.469048023223877, 2.008009433746338, 2.453277826309204, 2.470412015914917, 2.5433459281921387, 2.438854217529297, 2.251976728439331, 2.105952262878418, 2.5391016006469727, 2.5339951515197754, 2.175781011581421, 2.1171395778656006, 2.5249381065368652, 2.383758544921875, 2.4404098987579346, 2.469618797302246, 2.4613053798675537, 2.4610657691955566, 2.048171043395996, 2.425908088684082, 2.013746500015259, 2.238306760787964, 2.298264503479004, 2.0357751846313477, 2.5380709171295166, 2.441746711730957]",sae,Pre-64
1,beta,12,0.034,0.4455148672091349,0.4361346773072694,0.4193208340828567,0.5,0.5892778403611032,0.7302959905642004,30,"[0, 1, 2, 3, 4, 5, 6, 7, 8, 9, 10, 11, 12, 13, 14, 15, 16, 17, 18, 19, 20, 21, 22, 23, 24, 25, 26, 27, 28, 29]","[1.609865665435791, 1.7847404479980469, 1.6430984735488892, 1.5991668701171875, 1.8117389678955078, 1.7628322839736938, 1.7409517765045166, 1.7350200414657593, 1.7922922372817993, 1.635831594467163, 1.6185595989227295, 1.842543363571167, 1.6640774011611938, 1.7431097030639648, 1.6021709442138672, 1.8444397449493408, 1.5751237869262695, 1.8336882591247559, 1.7235978841781616, 1.8387525081634521, 1.7809356451034546, 1.7365734577178955, 1.6395683288574219, 1.840266227722168, 1.8274973630905151, 1.707498550415039, 1.828776240348816, 1.740598201751709, 1.6872658729553223, 1.841422200202942]",sae,Pre-64
1,beta,44,0.01,0.4469012312759677,0.43811650775401,0.4811314455375136,0.5,0.5982762074796864,0.626428146341176,30,"[0, 1, 2, 3, 4, 5, 6, 7, 8, 9, 10, 11, 12, 13, 14, 15, 16, 17, 18, 19, 20, 21, 22, 23, 24, 25, 26, 27, 28, 29]","[2.3699424266815186, 2.626110553741455, 2.3993115425109863, 2.305532693862915, 2.5798726081848145, 2.699350595474243, 2.6238183975219727, 2.5541880130767822, 2.525222063064575, 2.76554799079895, 2.424060583114624, 2.703922748565674, 2.6251490116119385, 2.3204262256622314, 2.724949598312378, 2.6852598190307617, 2.271152973175049, 2.593703269958496, 2.6118788719177246, 2.6242010593414307, 2.2370100021362305, 2.452596664428711, 2.597597360610962, 2.665268898010254, 2.6097044944763184, 2.6233410835266113, 2.4603917598724365, 2.5720882415771484, 2.525219678878784, 2.6430792808532715]",sae,Pre-64
1,beta,10,0.026,0.4493907433353129,0.4390813823454372,0.4517810556622813,0.5,0.6232207829487961,0.6764476658652985,30,"[0, 1, 2, 3, 4, 5, 6, 7, 8, 9, 10, 11, 12, 13, 14, 15, 16, 17, 18, 19, 20, 21, 22, 23, 24, 25, 26, 27, 28, 29]","[1.7410374879837036, 1.635083556175232, 1.8114718198776245, 1.7064170837402344, 1.7385578155517578, 1.7198290824890137, 1.7805413007736206, 1.7736397981643677, 1.7342907190322876, 1.8364510536193848, 1.7042750120162964, 1.7781890630722046, 1.7803810834884644, 1.725793719291687, 1.740445852279663, 1.7574090957641602, 1.7783015966415405, 1.6632672548294067, 1.7825132608413696, 1.6890177726745605, 1.700669288635254, 1.770491600036621, 1.8290703296661377, 1.8337013721466064, 1.799088478088379, 1.6666046380996704, 1.7411335706710815, 1.709308385848999, 1.7591170072555542, 1.8504234552383423]",sae,Pre-64
1,beta,24,0.036,0.4501416387440968,0.4383559369047743,0.4536288354216938,0.5,0.6188330126613704,0.6452147467725919,30,"[0, 1, 2, 3, 4, 5, 6, 7, 8, 9, 10, 11, 12, 13, 14, 15, 16, 17, 18, 19, 20, 21, 22, 23, 24, 25, 26, 27, 28, 29]","[1.736376166343689, 1.5839533805847168, 1.6386761665344238, 1.7377243041992188, 1.7302263975143433, 1.596879482269287, 1.6517984867095947, 1.6366174221038818, 1.7042030096054077, 1.6086345911026, 1.685531497001648, 1.6090258359909058, 1.7386436462402344, 1.730236291885376, 1.6484476327896118, 1.595981240272522, 1.7439988851547241, 1.5456100702285767, 1.614807367324829, 1.7409199476242065, 1.7153269052505493, 1.7224628925323486, 1.6024850606918335, 1.6917500495910645, 1.5691896677017212, 1.554192304611206, 1.6997588872909546, 1.5681742429733276, 1.7382621765136719, 1.634610891342163]",sae,Pre-64
1,beta,44,0.028,0.4469012312759677,0.43811650775401,0.4679640061228782,0.5,0.5982762074796864,0.6234849422259933,30,"[0, 1, 2, 3, 4, 5, 6, 7, 8, 9, 10, 11, 12, 13, 14, 15, 16, 17, 18, 19, 20, 21, 22, 23, 24, 25, 26, 27, 28, 29]","[1.783968210220337, 1.7812445163726807, 1.768384575843811, 1.702621340751648, 1.7706305980682373, 1.8706482648849487, 1.8860243558883667, 1.7272218465805054, 1.8056906461715698, 1.9108119010925293, 1.7971090078353882, 1.7786242961883545, 1.7883038520812988, 1.7081328630447388, 1.892828106880188, 1.88131582736969, 1.6930314302444458, 1.663680911064148, 1.8020497560501099, 1.798135757446289, 1.7085450887680054, 1.7112241983413696, 1.8250174522399902, 1.810834527015686, 1.8512991666793823, 1.760989785194397, 1.7339434623718262, 1.7902014255523682, 1.813496708869934, 1.7822009325027466]",sae,Pre-64
1,beta,32,0.025,0.4555596844830426,0.4475674839123162,0.4794465488071729,0.5,0.5924839124839124,0.639254274682846,30,"[0, 1, 2, 3, 4, 5, 6, 7, 8, 9, 10, 11, 12, 13, 14, 15, 16, 17, 18, 19, 20, 21, 22, 23, 24, 25, 26, 27, 28, 29]","[1.9103385210037231, 1.8348815441131592, 1.9402720928192139, 1.8894582986831665, 1.833167552947998, 1.8481522798538208, 1.8108612298965454, 1.8266167640686035, 1.8057523965835571, 1.7974929809570312, 1.8570733070373535, 1.8445931673049927, 1.8778165578842163, 1.744152307510376, 1.7640974521636963, 1.7494525909423828, 1.7803263664245605, 1.8830516338348389, 1.7928297519683838, 1.8432080745697021, 1.9122563600540161, 1.8652573823928833, 1.738063097000122, 1.9217209815979004, 1.8707923889160156, 1.764710545539856, 1.9209736585617065, 1.7793139219284058, 1.9148372411727905, 1.9032882452011108]",sae,Pre-64
1,beta,32,0.006,0.4555596844830426,0.4475674839123162,0.4909885426338259,0.5,0.5924839124839124,0.6438065820922964,30,"[0, 1, 2, 3, 4, 5, 6, 7, 8, 9, 10, 11, 12, 13, 14, 15, 16, 17, 18, 19, 20, 21, 22, 23, 24, 25, 26, 27, 28, 29]","[2.738722324371338, 2.692300796508789, 2.793452501296997, 2.7469704151153564, 2.7133851051330566, 2.4333319664001465, 2.648392677307129, 2.685497760772705, 2.6589365005493164, 2.5752198696136475, 2.507303476333618, 2.701019525527954, 2.739361047744751, 2.399775505065918, 2.415060043334961, 2.37597918510437, 2.6252083778381348, 2.6321096420288086, 2.42354154586792, 2.6562747955322266, 2.7443645000457764, 2.5426621437072754, 2.415729284286499, 2.7215449810028076, 2.56742525100708, 2.6210720539093018, 2.7514095306396484, 2.6857171058654785, 2.6573240756988525, 2.702836513519287]",sae,Pre-64
1,beta,12,0.0151,0.4455148672091349,0.4361346773072694,0.4350509557256886,0.5,0.5892778403611032,0.7249423895819798,30,"[0, 1, 2, 3, 4, 5, 6, 7, 8, 9, 10, 11, 12, 13, 14, 15, 16, 17, 18, 19, 20, 21, 22, 23, 24, 25, 26, 27, 28, 29]","[2.293818473815918, 2.4967691898345947, 2.157062530517578, 2.4598402976989746, 2.544710397720337, 2.6124579906463623, 2.5507442951202393, 2.5182762145996094, 2.3886210918426514, 2.0962727069854736, 2.0966498851776123, 2.5574092864990234, 2.4338526725769043, 2.446756362915039, 2.3408398628234863, 2.606964111328125, 2.278596878051758, 2.392251968383789, 2.348456382751465, 2.5974960327148438, 2.434722900390625, 2.3150246143341064, 2.1203529834747314, 2.5952272415161133, 2.5980231761932373, 2.5698859691619873, 2.463348865509033, 2.3895411491394043, 2.2659106254577637, 2.516921281814575]",sae,Pre-64
1,beta,41,0.005,0.4543678569363413,0.4427951465832617,0.4739758537184188,0.5,0.6190905384235713,0.6744479495268138,30,"[0, 1, 2, 3, 4, 5, 6, 7, 8, 9, 10, 11, 12, 13, 14, 15, 16, 17, 18, 19, 20, 21, 22, 23, 24, 25, 26, 27, 28, 29]","[2.364431381225586, 2.8019959926605225, 2.6606149673461914, 2.6174874305725098, 2.4826669692993164, 2.8275134563446045, 2.6632487773895264, 2.7897469997406006, 2.6610937118530273, 2.7866029739379883, 2.8154265880584717, 2.7538700103759766, 2.4823412895202637, 2.600759506225586, 2.7870452404022217, 2.395775318145752, 2.707014799118042, 2.7787024974823, 2.7046401500701904, 2.5952744483947754, 2.5337705612182617, 2.7630298137664795, 2.7043378353118896, 2.572617292404175, 2.7066495418548584, 2.3630268573760986, 2.5193397998809814, 2.791123151779175, 2.5529234409332275, 2.5090548992156982]",sae,Pre-64
1,beta,2,0.038,0.4419681213812466,0.4306250660512843,0.4310072312290533,0.5,0.6028191218064636,0.6899110910186859,30,"[0, 1, 2, 3, 4, 5, 6, 7, 8, 9, 10, 11, 12, 13, 14, 15, 16, 17, 18, 19, 20, 21, 22, 23, 24, 25, 26, 27, 28, 29]","[1.574271321296692, 1.5583451986312866, 1.5426450967788696, 1.6546027660369873, 1.5908583402633667, 1.702025055885315, 1.57426917552948, 1.5944960117340088, 1.54042649269104, 1.588209629058838, 1.6198768615722656, 1.5208649635314941, 1.6354650259017944, 1.6973919868469238, 1.6519811153411865, 1.6248054504394531, 1.6649351119995117, 1.7251559495925903, 1.7257930040359497, 1.6969846487045288, 1.611019253730774, 1.5565129518508911, 1.670210361480713, 1.6918359994888306, 1.5375086069107056, 1.563702940940857, 1.653294563293457, 1.632071614265442, 1.4131299257278442, 1.722985863685608]",sae,Pre-64
1,beta,2,0.016,0.4419681213812466,0.4306250660512843,0.4422082788282923,0.5,0.6028191218064636,0.6905457411786525,30,"[0, 1, 2, 3, 4, 5, 6, 7, 8, 9, 10, 11, 12, 13, 14, 15, 16, 17, 18, 19, 20, 21, 22, 23, 24, 25, 26, 27, 28, 29]","[2.1068429946899414, 2.0574827194213867, 2.1712870597839355, 2.283036947250366, 2.126568555831909, 2.481328010559082, 2.017171621322632, 2.2599053382873535, 2.192669153213501, 2.232961893081665, 2.3695638179779053, 2.234243869781494, 2.345332145690918, 2.41089129447937, 2.178912401199341, 2.462019205093384, 2.324082374572754, 2.4727768898010254, 2.4574146270751953, 2.392247438430786, 2.3445181846618652, 2.1795687675476074, 2.4057445526123047, 2.4712328910827637, 1.968435525894165, 2.266315221786499, 2.372587203979492, 2.3778164386749268, 2.22035551071167, 2.4375245571136475]",sae,Pre-64
1,beta,34,0.015,0.4568527557813058,0.4470225010708758,0.4676021349868379,0.5,0.6011606799053854,0.6807044565591878,30,"[0, 1, 2, 3, 4, 5, 6, 7, 8, 9, 10, 11, 12, 13, 14, 15, 16, 17, 18, 19, 20, 21, 22, 23, 24, 25, 26, 27, 28, 29]","[2.2076525688171387, 2.4520671367645264, 2.4428865909576416, 2.4515740871429443, 2.273756265640259, 2.164695978164673, 2.480393171310425, 2.4656808376312256, 2.2420578002929688, 2.176999807357788, 2.3749330043792725, 2.3026719093322754, 2.3782472610473633, 2.4497969150543213, 2.1354005336761475, 2.297067642211914, 2.4607722759246826, 2.4686222076416016, 2.4313812255859375, 2.1287050247192383, 2.4652490615844727, 2.479443073272705, 2.2959060668945312, 2.3897294998168945, 2.061065673828125, 2.285599708557129, 2.510918378829956, 2.525881767272949, 2.3909590244293213, 2.390415906906128]",sae,Pre-64
1,beta,39,0.026,0.4461088087810431,0.4292341094433316,0.4432681321686336,0.5,0.6205127278095635,0.6719391644145568,30,"[0, 1, 2, 3, 4, 5, 6, 7, 8, 9, 10, 11, 12, 13, 14, 15, 16, 17, 18, 19, 20, 21, 22, 23, 24, 25, 26, 27, 28, 29]","[1.6457853317260742, 1.8272809982299805, 1.7456872463226318, 1.7956652641296387, 1.6750508546829224, 1.6529730558395386, 1.723331332206726, 1.7164528369903564, 1.6449252367019653, 1.8394184112548828, 1.737977147102356, 1.6930103302001953, 1.7460252046585083, 1.6472551822662354, 1.7502171993255615, 1.813081979751587, 1.8339592218399048, 1.7901428937911987, 1.6629146337509155, 1.7153486013412476, 1.6523844003677368, 1.684842586517334, 1.7617149353027344, 1.7722229957580566, 1.7799264192581177, 1.6626797914505005, 1.6445008516311646, 1.6684774160385132, 1.8158924579620361, 1.6742393970489502]",sae,Pre-64
1,beta,8,0.04,0.4517491928182039,0.4406431065890545,0.4441129187645967,0.5,0.6098144493254953,0.680673160586575,30,"[0, 1, 2, 3, 4, 5, 6, 7, 8, 9, 10, 11, 12, 13, 14, 15, 16, 17, 18, 19, 20, 21, 22, 23, 24, 25, 26, 27, 28, 29]","[1.691084384918213, 1.7964584827423096, 1.681767463684082, 1.689152717590332, 1.8023933172225952, 1.7245604991912842, 1.7663992643356323, 1.661561131477356, 1.6820404529571533, 1.7727268934249878, 1.8022476434707642, 1.716578722000122, 1.6217681169509888, 1.6816527843475342, 1.748652696609497, 1.6743814945220947, 1.63629949092865, 1.7203540802001953, 1.6061211824417114, 1.7328137159347534, 1.6613737344741821, 1.6147693395614624, 1.7547080516815186, 1.7080777883529663, 1.7560771703720093, 1.760095238685608, 1.659503698348999, 1.7408215999603271, 1.7320586442947388, 1.7605255842208862]",sae,Pre-64
1,beta,34,0.032,0.4568527557813058,0.4470225010708758,0.4535796252557046,0.5,0.6011606799053854,0.6789934018720271,30,"[0, 1, 2, 3, 4, 5, 6, 7, 8, 9, 10, 11, 12, 13, 14, 15, 16, 17, 18, 19, 20, 21, 22, 23, 24, 25, 26, 27, 28, 29]","[1.6242064237594604, 1.7288587093353271, 1.7306435108184814, 1.667158842086792, 1.6119215488433838, 1.6439918279647827, 1.6751964092254639, 1.6243212223052979, 1.5921891927719116, 1.627519130706787, 1.704715609550476, 1.494474172592163, 1.7258331775665283, 1.6168208122253418, 1.5894147157669067, 1.6309397220611572, 1.7392226457595825, 1.729784369468689, 1.6460227966308594, 1.612267255783081, 1.6669753789901733, 1.7382146120071411, 1.690516471862793, 1.743807315826416, 1.604734182357788, 1.5738517045974731, 1.7559573650360107, 1.7571423053741455, 1.7259118556976318, 1.7398548126220703]",sae,Pre-64
1,beta,20,0.004,0.4408022875601419,0.4262939306313442,0.4566521825053877,0.5,0.6176087118064704,0.6540052962595168,30,"[0, 1, 2, 3, 4, 5, 6, 7, 8, 9, 10, 11, 12, 13, 14, 15, 16, 17, 18, 19, 20, 21, 22, 23, 24, 25, 26, 27, 28, 29]","[2.827326536178589, 2.8530070781707764, 2.823875665664673, 2.868479013442993, 2.8129701614379883, 2.727430582046509, 2.86293625831604, 2.782869338989258, 2.771637201309204, 2.512761354446411, 2.5879268646240234, 2.7922987937927246, 2.9302148818969727, 2.836050033569336, 2.7623538970947266, 2.8587377071380615, 2.8254270553588867, 2.5431573390960693, 2.822457790374756, 2.8531527519226074, 2.456660509109497, 2.479318380355835, 2.5887928009033203, 2.849992036819458, 2.7763140201568604, 2.57189679145813, 2.475400447845459, 2.546170949935913, 2.6829097270965576, 2.8818278312683105]",sae,Pre-64
1,beta,8,0.018,0.4517491928182039,0.4406431065890545,0.4561198839395705,0.5,0.6098144493254953,0.6793673026180826,30,"[0, 1, 2, 3, 4, 5, 6, 7, 8, 9, 10, 11, 12, 13, 14, 15, 16, 17, 18, 19, 20, 21, 22, 23, 24, 25, 26, 27, 28, 29]","[2.298842191696167, 2.300048589706421, 2.142380952835083, 2.086862325668335, 2.3642661571502686, 2.1796891689300537, 2.342778205871582, 2.2971408367156982, 1.9940158128738403, 2.147465467453003, 2.4604263305664062, 2.3704519271850586, 1.9164873361587524, 2.0715436935424805, 2.393237352371216, 2.347090244293213, 2.092550039291382, 2.3200318813323975, 2.255296230316162, 2.206146240234375, 2.3011443614959717, 2.2892611026763916, 2.391879081726074, 2.3351268768310547, 2.4189136028289795, 2.37669038772583, 2.12200927734375, 2.363332748413086, 2.188723564147949, 2.2876923084259033]",sae,Pre-64
1,beta,20,0.022,0.4408022875601419,0.4262939306313442,0.4542443163867328,0.5,0.6176087118064704,0.6524380357902844,30,"[0, 1, 2, 3, 4, 5, 6, 7, 8, 9, 10, 11, 12, 13, 14, 15, 16, 17, 18, 19, 20, 21, 22, 23, 24, 25, 26, 27, 28, 29]","[2.3577146530151367, 2.3819236755371094, 2.3601486682891846, 2.3818137645721436, 2.3386526107788086, 2.2345590591430664, 2.3831276893615723, 2.3219563961029053, 2.300401210784912, 2.010694742202759, 2.116300344467163, 2.330353021621704, 2.461230754852295, 2.3728997707366943, 2.28133225440979, 2.3829891681671143, 2.363569974899292, 2.0622591972351074, 2.3530662059783936, 2.3857922554016113, 1.9514576196670532, 1.9873113632202148, 2.095808506011963, 2.371471643447876, 2.292750835418701, 2.0931284427642822, 1.9771625995635986, 2.0464067459106445, 2.2113795280456543, 2.408439874649048]",sae,Pre-64
1,beta,40,0.026,0.44666181227492,0.4340193094910912,0.4543817455625332,0.5,0.6093636266731638,0.667234159192313,30,"[0, 1, 2, 3, 4, 5, 6, 7, 8, 9, 10, 11, 12, 13, 14, 15, 16, 17, 18, 19, 20, 21, 22, 23, 24, 25, 26, 27, 28, 29]","[2.2722489833831787, 2.209592580795288, 2.1520564556121826, 1.9123387336730957, 2.267939567565918, 2.233786106109619, 2.106743812561035, 2.1992709636688232, 2.2193219661712646, 2.125628709793091, 1.7673256397247314, 1.8225449323654175, 2.0756659507751465, 2.0975677967071533, 2.081639528274536, 2.24070405960083, 2.2044599056243896, 1.7933800220489502, 1.9347867965698242, 2.0240554809570312, 2.068242311477661, 2.0934555530548096, 2.150453567504883, 1.816351056098938, 2.2372241020202637, 1.7522376775741577, 2.2123637199401855, 2.177596092224121, 2.274812936782837, 2.140164613723755]",sae,Pre-64
1,beta,38,0.012,0.4455661720406026,0.4298851252298221,0.4685757154076936,0.5,0.6303640517897944,0.6510586443259712,30,"[0, 1, 2, 3, 4, 5, 6, 7, 8, 9, 10, 11, 12, 13, 14, 15, 16, 17, 18, 19, 20, 21, 22, 23, 24, 25, 26, 27, 28, 29]","[2.6022861003875732, 2.6524977684020996, 2.2723143100738525, 2.7114028930664062, 2.4100708961486816, 2.6098198890686035, 2.720045566558838, 2.2975125312805176, 2.594144105911255, 2.5088980197906494, 2.279836416244507, 2.595160722732544, 2.659848690032959, 2.2005133628845215, 2.70678973197937, 2.405925750732422, 2.5933475494384766, 2.635530710220337, 2.3728904724121094, 2.6512553691864014, 2.431297779083252, 2.567131519317627, 2.6022372245788574, 2.2409536838531494, 2.3775479793548584, 2.6777713298797607, 2.573866128921509, 2.6641275882720947, 2.4450554847717285, 2.6308014392852783]",sae,Pre-64
1,beta,15,0.002,0.4529015220185267,0.4424399871594601,0.4552735494370488,0.5,0.6161071485640408,0.7113511236363109,30,"[0, 1, 2, 3, 4, 5, 6, 7, 8, 9, 10, 11, 12, 13, 14, 15, 16, 17, 18, 19, 20, 21, 22, 23, 24, 25, 26, 27, 28, 29]","[2.758969306945801, 2.8004331588745117, 2.828172206878662, 2.704326629638672, 2.8641164302825928, 2.513293981552124, 2.5357697010040283, 2.4454495906829834, 2.7547497749328613, 2.6952269077301025, 2.853451728820801, 2.6616063117980957, 2.7831223011016846, 2.683371067047119, 2.4450063705444336, 2.8245022296905518, 2.590953826904297, 2.9362196922302246, 2.6309027671813965, 2.821227550506592, 2.750243902206421, 2.90018892288208, 2.4427144527435303, 2.7958567142486572, 2.787778854370117, 2.7710793018341064, 2.9143476486206055, 2.945800304412842, 2.7057361602783203, 2.6372697353363037]",sae,Pre-64
1,beta,7,0.004,0.4564836922581216,0.4420418003909208,0.4619579818524459,0.5,0.6095136152062148,0.6981005500929599,30,"[0, 1, 2, 3, 4, 5, 6, 7, 8, 9, 10, 11, 12, 13, 14, 15, 16, 17, 18, 19, 20, 21, 22, 23, 24, 25, 26, 27, 28, 29]","[2.5084712505340576, 2.5527827739715576, 2.7683427333831787, 2.825404644012451, 2.778343915939331, 2.749925136566162, 2.8078150749206543, 2.44834566116333, 2.8534793853759766, 2.463473320007324, 2.6547303199768066, 2.483395576477051, 2.7389039993286133, 2.627455472946167, 2.810063600540161, 2.6323232650756836, 2.5676076412200928, 2.7682995796203613, 2.5454397201538086, 2.811832904815674, 2.6155242919921875, 2.833953857421875, 2.8543035984039307, 2.697751998901367, 2.593811511993408, 2.863737106323242, 2.715344190597534, 2.788724660873413, 2.822075366973877, 2.3981521129608154]",sae,Pre-64
1,beta,0,0.0151,0.4600628296558519,0.4487196928272481,0.4489003089381527,0.5,0.6146148452673732,0.7236638179498059,30,"[0, 1, 2, 3, 4, 5, 6, 7, 8, 9, 10, 11, 12, 13, 14, 15, 16, 17, 18, 19, 20, 21, 22, 23, 24, 25, 26, 27, 28, 29]","[2.3018953800201416, 2.1187386512756348, 2.255971670150757, 2.514936685562134, 2.177316427230835, 2.285893678665161, 2.573592185974121, 2.54451584815979, 2.4576382637023926, 2.0807104110717773, 2.401393413543701, 2.0832455158233643, 2.2493436336517334, 2.492372751235962, 2.539789915084839, 2.0718133449554443, 2.4442193508148193, 2.4264280796051025, 2.425727367401123, 2.456697463989258, 2.3092093467712402, 2.4533183574676514, 2.4735116958618164, 2.3858819007873535, 2.4502716064453125, 2.213482141494751, 2.4966511726379395, 2.4267842769622803, 2.56465744972229, 2.1507346630096436]",sae,Pre-64
1,beta,16,0.002,0.4519396108125126,0.4401978349795346,0.4485908930470618,0.5,0.6159012314439947,0.7220470045305571,30,"[0, 1, 2, 3, 4, 5, 6, 7, 8, 9, 10, 11, 12, 13, 14, 15, 16, 17, 18, 19, 20, 21, 22, 23, 24, 25, 26, 27, 28, 29]","[2.795504331588745, 2.498734712600708, 2.7619073390960693, 2.768951416015625, 2.878042221069336, 2.6854872703552246, 2.7844862937927246, 2.7384002208709717, 2.419154405593872, 2.666449546813965, 2.826539993286133, 2.4763007164001465, 2.7420287132263184, 2.595520496368408, 2.648279905319214, 2.545158624649048, 2.459820032119751, 2.790201187133789, 2.569596767425537, 2.7964365482330322, 2.5273375511169434, 2.7678027153015137, 2.5077390670776367, 2.7678816318511963, 2.744265079498291, 2.7549960613250732, 2.6508851051330566, 2.4228243827819824, 2.5878055095672607, 2.574864625930786]",sae,Pre-64
1,beta,15,0.03,0.4529015220185267,0.4424399871594601,0.4404144284466061,0.5,0.6161071485640408,0.7114542628451894,30,"[0, 1, 2, 3, 4, 5, 6, 7, 8, 9, 10, 11, 12, 13, 14, 15, 16, 17, 18, 19, 20, 21, 22, 23, 24, 25, 26, 27, 28, 29]","[1.6086102724075317, 1.6237571239471436, 1.673160195350647, 1.6282732486724854, 1.7503817081451416, 1.6220462322235107, 1.598944902420044, 1.6234060525894165, 1.697862148284912, 1.692671775817871, 1.6682934761047363, 1.6135393381118774, 1.779384970664978, 1.6950016021728516, 1.5463513135910034, 1.6752352714538574, 1.5902166366577148, 1.793701171875, 1.5602402687072754, 1.646510362625122, 1.7450488805770874, 1.7411972284317017, 1.6039351224899292, 1.662361741065979, 1.6635501384735107, 1.5410219430923462, 1.7300878763198853, 1.770548701286316, 1.6831430196762085, 1.6346075534820557]",sae,Pre-64
1,beta,10,0.012,0.4493907433353129,0.4390813823454372,0.4670429618543643,0.5,0.6232207829487961,0.6736632100182999,30,"[0, 1, 2, 3, 4, 5, 6, 7, 8, 9, 10, 11, 12, 13, 14, 15, 16, 17, 18, 19, 20, 21, 22, 23, 24, 25, 26, 27, 28, 29]","[2.541917562484741, 2.3841309547424316, 2.583070755004883, 2.2417242527008057, 2.585629940032959, 2.4885342121124268, 2.2365634441375732, 2.57295298576355, 2.5621514320373535, 2.623898983001709, 2.490260362625122, 2.420030117034912, 2.3865551948547363, 2.2621655464172363, 2.2101786136627197, 2.395583391189575, 2.5176076889038086, 2.2584054470062256, 2.5977227687835693, 2.227571964263916, 2.236237049102783, 2.559051275253296, 2.577944278717041, 2.6166467666625977, 2.595048666000366, 2.368821144104004, 2.5161101818084717, 2.534151315689087, 2.5363526344299316, 2.5615880489349365]",sae,Pre-64
1,beta,44,0.03,0.4469012312759677,0.43811650775401,0.4679178480890339,0.5,0.5982762074796864,0.6234981999021878,30,"[0, 1, 2, 3, 4, 5, 6, 7, 8, 9, 10, 11, 12, 13, 14, 15, 16, 17, 18, 19, 20, 21, 22, 23, 24, 25, 26, 27, 28, 29]","[1.7809053659439087, 1.7781466245651245, 1.7653576135635376, 1.6995036602020264, 1.7675330638885498, 1.867582082748413, 1.8829948902130127, 1.724117636680603, 1.8026081323623657, 1.9077564477920532, 1.7940443754196167, 1.7755560874938965, 1.785213589668274, 1.7050303220748901, 1.889770269393921, 1.8782472610473633, 1.6899299621582031, 1.6606700420379639, 1.7989439964294434, 1.795074701309204, 1.705461025238037, 1.7081509828567505, 1.8219674825668335, 1.8077733516693115, 1.8482195138931274, 1.7579115629196167, 1.7308673858642578, 1.7871311902999878, 1.8104305267333984, 1.7790995836257935]",sae,Pre-64
1,beta,4,0.01,0.4589558369307028,0.4477177462853796,0.489577213884892,0.5,0.61034827708266,0.6506533080936331,30,"[0, 1, 2, 3, 4, 5, 6, 7, 8, 9, 10, 11, 12, 13, 14, 15, 16, 17, 18, 19, 20, 21, 22, 23, 24, 25, 26, 27, 28, 29]","[2.558713436126709, 2.6300408840179443, 2.309086322784424, 2.6722464561462402, 2.5597281455993652, 2.588045120239258, 2.634394645690918, 2.5459885597229004, 2.1880669593811035, 2.6991255283355713, 2.4262912273406982, 2.546919345855713, 2.695373296737671, 2.247229814529419, 2.303269624710083, 2.4704248905181885, 2.6158978939056396, 2.3963513374328613, 2.5984058380126953, 2.3462274074554443, 2.574862003326416, 2.427896499633789, 2.2789974212646484, 2.5235960483551025, 2.6300411224365234, 2.638746738433838, 2.5710158348083496, 2.5876095294952393, 2.656104326248169, 2.3560872077941895]",sae,Pre-64
1,beta,31,0.01,0.4497611378811508,0.4308970333737342,0.4506921901688954,0.5,0.642735734520437,0.7087688616523097,30,"[0, 1, 2, 3, 4, 5, 6, 7, 8, 9, 10, 11, 12, 13, 14, 15, 16, 17, 18, 19, 20, 21, 22, 23, 24, 25, 26, 27, 28, 29]","[2.485609531402588, 2.6355881690979004, 2.514883041381836, 2.3343653678894043, 2.3834116458892822, 2.5645010471343994, 2.4400296211242676, 2.3934993743896484, 2.5133378505706787, 2.54508638381958, 2.528334379196167, 2.3435840606689453, 2.6031641960144043, 2.5442113876342773, 2.6096997261047363, 2.5453765392303467, 2.2348079681396484, 2.574085235595703, 2.4729177951812744, 2.5377144813537598, 2.5779922008514404, 2.4632604122161865, 2.4884419441223145, 2.292754888534546, 2.3619441986083984, 2.5684762001037598, 2.393908739089966, 2.619137763977051, 2.432382345199585, 2.4528961181640625]",sae,Pre-64
1,beta,44,0.014,0.4469012312759677,0.43811650775401,0.4803510382138267,0.5,0.5982762074796864,0.626769899771968,30,"[0, 1, 2, 3, 4, 5, 6, 7, 8, 9, 10, 11, 12, 13, 14, 15, 16, 17, 18, 19, 20, 21, 22, 23, 24, 25, 26, 27, 28, 29]","[2.2690482139587402, 2.5283541679382324, 2.299375295639038, 2.2003419399261475, 2.4827098846435547, 2.6014604568481445, 2.5231783390045166, 2.4566650390625, 2.4224958419799805, 2.667789936065674, 2.3223531246185303, 2.608593225479126, 2.5270488262176514, 2.2174177169799805, 2.627206325531006, 2.585355758666992, 2.1664371490478516, 2.498861789703369, 2.512873411178589, 2.5279343128204346, 2.1332449913024902, 2.3549365997314453, 2.499052047729492, 2.5678107738494873, 2.5094850063323975, 2.5267333984375, 2.3617966175079346, 2.4754605293273926, 2.42403507232666, 2.544907331466675]",sae,Pre-64
1,beta,8,0.022,0.4517491928182039,0.4406431065890545,0.4558594508363061,0.5,0.6098144493254953,0.6787391325877352,30,"[0, 1, 2, 3, 4, 5, 6, 7, 8, 9, 10, 11, 12, 13, 14, 15, 16, 17, 18, 19, 20, 21, 22, 23, 24, 25, 26, 27, 28, 29]","[2.19956374168396, 2.1962640285491943, 2.039092540740967, 1.978420376777649, 2.263442277908325, 2.0778093338012695, 2.245614767074585, 2.198971748352051, 1.8893871307373047, 2.0420284271240234, 2.3626596927642822, 2.2712135314941406, 1.8089430332183838, 1.9720051288604736, 2.295498847961426, 2.250088691711426, 1.9911162853240967, 2.2210147380828857, 2.1582319736480713, 2.1039609909057617, 2.2041754722595215, 2.192636728286743, 2.293637752532959, 2.235875129699707, 2.3208491802215576, 2.2782480716705322, 2.019733428955078, 2.263805389404297, 2.086355447769165, 2.186393976211548]",sae,Pre-64
1,beta,41,0.024,0.4543678569363413,0.4427951465832617,0.4598857388913218,0.5,0.6190905384235713,0.6770560169388471,30,"[0, 1, 2, 3, 4, 5, 6, 7, 8, 9, 10, 11, 12, 13, 14, 15, 16, 17, 18, 19, 20, 21, 22, 23, 24, 25, 26, 27, 28, 29]","[1.6934001445770264, 1.8369650840759277, 1.7878144979476929, 1.6780649423599243, 1.707409381866455, 1.8860403299331665, 1.7146422863006592, 1.80649995803833, 1.7388980388641357, 1.8501800298690796, 1.8593631982803345, 1.7949820756912231, 1.7942851781845093, 1.83819580078125, 1.8658784627914429, 1.729272484779358, 1.8103126287460327, 1.8155146837234497, 1.8673419952392578, 1.8201711177825928, 1.72565495967865, 1.779074788093567, 1.7579045295715332, 1.8023909330368042, 1.747301697731018, 1.7022727727890015, 1.83346426486969, 1.8505773544311523, 1.8067607879638672, 1.69196355342865]",sae,Pre-64
1,beta,40,0.036,0.44666181227492,0.4340193094910912,0.4405622938190551,0.5,0.6093636266731638,0.6686442613714234,30,"[0, 1, 2, 3, 4, 5, 6, 7, 8, 9, 10, 11, 12, 13, 14, 15, 16, 17, 18, 19, 20, 21, 22, 23, 24, 25, 26, 27, 28, 29]","[1.7969639301300049, 1.773681879043579, 1.689022421836853, 1.6434904336929321, 1.700093150138855, 1.7049596309661865, 1.708752155303955, 1.7547184228897095, 1.721305251121521, 1.7823008298873901, 1.6273353099822998, 1.6421445608139038, 1.7380379438400269, 1.7104698419570923, 1.669988751411438, 1.783288836479187, 1.7358530759811401, 1.6564851999282837, 1.6770070791244507, 1.73041832447052, 1.6124227046966553, 1.6481287479400635, 1.7842020988464355, 1.6558454036712646, 1.7687525749206543, 1.6438562870025635, 1.752983808517456, 1.7238892316818237, 1.7957963943481445, 1.6365419626235962]",sae,Pre-64
1,beta,2,0.002,0.4419681213812466,0.4306250660512843,0.44456489449077,0.5,0.6028191218064636,0.6900661311262576,30,"[0, 1, 2, 3, 4, 5, 6, 7, 8, 9, 10, 11, 12, 13, 14, 15, 16, 17, 18, 19, 20, 21, 22, 23, 24, 25, 26, 27, 28, 29]","[2.4248645305633545, 2.388052225112915, 2.499110221862793, 2.6031548976898193, 2.4396345615386963, 2.8021366596221924, 2.3464159965515137, 2.581519603729248, 2.510560989379883, 2.542558431625366, 2.6866440773010254, 2.556657552719116, 2.6602518558502197, 2.7331135272979736, 2.4962658882141113, 2.778687000274658, 2.649235725402832, 2.795729637145996, 2.771332025527954, 2.72025465965271, 2.6646225452423096, 2.501185178756714, 2.727140188217163, 2.790668249130249, 2.2944350242614746, 2.585069417953491, 2.6880059242248535, 2.6963374614715576, 2.539289951324463, 2.7565886974334717]",sae,Pre-64
1,beta,40,0.0159,0.44666181227492,0.4340193094910912,0.4561738669222437,0.5,0.6093636266731638,0.6670285827407147,30,"[0, 1, 2, 3, 4, 5, 6, 7, 8, 9, 10, 11, 12, 13, 14, 15, 16, 17, 18, 19, 20, 21, 22, 23, 24, 25, 26, 27, 28, 29]","[2.5102858543395996, 2.4536707401275635, 2.387768268585205, 2.159275770187378, 2.499481439590454, 2.469423294067383, 2.3520023822784424, 2.4353296756744385, 2.457764148712158, 2.372636318206787, 2.030097246170044, 2.0815865993499756, 2.3058552742004395, 2.3471932411193848, 2.3215556144714355, 2.480973482131958, 2.446519136428833, 2.0498218536376953, 2.180933952331543, 2.275103807449341, 2.30486798286438, 2.338045358657837, 2.3983101844787598, 2.0713322162628174, 2.478574514389038, 2.012632369995117, 2.4554052352905273, 2.423586130142212, 2.5164480209350586, 2.376974105834961]",sae,Pre-64
1,beta,20,0.006,0.4408022875601419,0.4262939306313442,0.4564101571683403,0.5,0.6176087118064704,0.653831343858298,30,"[0, 1, 2, 3, 4, 5, 6, 7, 8, 9, 10, 11, 12, 13, 14, 15, 16, 17, 18, 19, 20, 21, 22, 23, 24, 25, 26, 27, 28, 29]","[2.773477792739868, 2.798980951309204, 2.770580291748047, 2.8130805492401123, 2.7586278915405273, 2.6714072227478027, 2.8079841136932373, 2.7298831939697266, 2.7175419330596924, 2.4557106494903564, 2.5340118408203125, 2.7392313480377197, 2.876399278640747, 2.7828664779663086, 2.707390069961548, 2.8042306900024414, 2.7723441123962402, 2.4881560802459717, 2.768606662750244, 2.7995340824127197, 2.399278163909912, 2.42327880859375, 2.5326197147369385, 2.7951512336730957, 2.7210021018981934, 2.5171146392822266, 2.4186651706695557, 2.4893381595611572, 2.628882884979248, 2.827561140060425]",sae,Pre-64
1,beta,20,0.025,0.4408022875601419,0.4262939306313442,0.4420102468485225,0.5,0.6176087118064704,0.653003803308811,30,"[0, 1, 2, 3, 4, 5, 6, 7, 8, 9, 10, 11, 12, 13, 14, 15, 16, 17, 18, 19, 20, 21, 22, 23, 24, 25, 26, 27, 28, 29]","[1.7199698686599731, 1.7720954418182373, 1.7052559852600098, 1.8416723012924194, 1.7511526346206665, 1.7896292209625244, 1.792825698852539, 1.6878796815872192, 1.71883225440979, 1.6503251791000366, 1.6808892488479614, 1.686018943786621, 1.8428752422332764, 1.693192958831787, 1.7402747869491577, 1.8053004741668701, 1.71142578125, 1.624215006828308, 1.746941089630127, 1.7587627172470093, 1.6983623504638672, 1.631658673286438, 1.7562799453735352, 1.824282169342041, 1.8078908920288086, 1.6349689960479736, 1.7030463218688965, 1.7532879114151, 1.6231485605239868, 1.8098610639572144]",sae,Pre-64
1,beta,2,0.02,0.4419681213812466,0.4306250660512843,0.4348523885380831,0.5,0.6028191218064636,0.6905037209625817,30,"[0, 1, 2, 3, 4, 5, 6, 7, 8, 9, 10, 11, 12, 13, 14, 15, 16, 17, 18, 19, 20, 21, 22, 23, 24, 25, 26, 27, 28, 29]","[1.7915923595428467, 1.7629494667053223, 1.7517364025115967, 1.9031352996826172, 1.8142845630645752, 1.9724808931350708, 1.771670937538147, 1.8370895385742188, 1.789635181427002, 1.8568379878997803, 1.8772482872009277, 1.7687900066375732, 1.9122029542922974, 1.9550950527191162, 1.8883613348007202, 1.9080874919891357, 1.9122037887573242, 1.9800899028778076, 1.9897828102111816, 1.9575445652008057, 1.8529752492904663, 1.7768630981445312, 1.9230051040649414, 1.9657769203186035, 1.7326925992965698, 1.7832099199295044, 1.8875716924667358, 1.8959424495697021, 1.6924045085906982, 1.9690958261489868]",sae,Pre-64
1,beta,5,0.0155,0.4445517550333296,0.4301735816232515,0.453032056550011,0.5,0.6070910659257547,0.6791612233799841,30,"[0, 1, 2, 3, 4, 5, 6, 7, 8, 9, 10, 11, 12, 13, 14, 15, 16, 17, 18, 19, 20, 21, 22, 23, 24, 25, 26, 27, 28, 29]","[2.42468523979187, 2.2496581077575684, 2.0074856281280518, 2.4321563243865967, 2.360227108001709, 2.3031015396118164, 2.4734392166137695, 2.156108856201172, 2.399595022201538, 2.114133596420288, 2.244525671005249, 2.3996376991271973, 2.4564759731292725, 2.2243471145629883, 2.3952198028564453, 2.216088056564331, 2.1791188716888428, 2.37028431892395, 2.26930832862854, 2.361816167831421, 2.451878547668457, 2.367443561553955, 2.3224542140960693, 2.0721137523651123, 2.222440004348755, 2.45168399810791, 2.1737327575683594, 2.3478121757507324, 2.434852123260498, 2.4669454097747803]",sae,Pre-64
1,beta,18,0.038,0.4575117633693479,0.4471831599677374,0.4267560840981965,0.5,0.6052065040104606,0.7327844665408423,30,"[0, 1, 2, 3, 4, 5, 6, 7, 8, 9, 10, 11, 12, 13, 14, 15, 16, 17, 18, 19, 20, 21, 22, 23, 24, 25, 26, 27, 28, 29]","[1.5324876308441162, 1.6929633617401123, 1.7229539155960083, 1.5892082452774048, 1.6159138679504395, 1.6220159530639648, 1.819447636604309, 1.5892298221588135, 1.7142915725708008, 1.5838241577148438, 1.793795108795166, 1.678821325302124, 1.7199686765670776, 1.6979053020477295, 1.621944546699524, 1.5962592363357544, 1.6818593740463257, 1.6223772764205933, 1.600324273109436, 1.5512839555740356, 1.8166412115097046, 1.6183266639709473, 1.7581650018692017, 1.7035421133041382, 1.6970956325531006, 1.6251676082611084, 1.7065168619155884, 1.7495462894439697, 1.693501353263855, 1.6507258415222168]",sae,Pre-64
1,beta,32,0.028,0.4555596844830426,0.4475674839123162,0.4755691118025136,0.5,0.5924839124839124,0.6372899430042287,30,"[0, 1, 2, 3, 4, 5, 6, 7, 8, 9, 10, 11, 12, 13, 14, 15, 16, 17, 18, 19, 20, 21, 22, 23, 24, 25, 26, 27, 28, 29]","[1.759365200996399, 1.6624263525009155, 1.7641609907150269, 1.6980797052383423, 1.678869605064392, 1.7185370922088623, 1.673782229423523, 1.674589991569519, 1.6375303268432617, 1.6420449018478394, 1.7028242349624634, 1.6504765748977661, 1.7078698873519897, 1.5996874570846558, 1.5961990356445312, 1.6015434265136719, 1.6157286167144775, 1.7115540504455566, 1.6426223516464233, 1.676335334777832, 1.7536448240280151, 1.6920040845870972, 1.5695604085922241, 1.7624694108963013, 1.6952331066131592, 1.6084741353988647, 1.7386454343795776, 1.5873905420303345, 1.771776795387268, 1.753899335861206]",sae,Pre-64
1,beta,49,0.032,0.462130925118617,0.4524487678230295,0.4549865466790841,0.5,0.6141152509743157,0.6858639127576653,30,"[0, 1, 2, 3, 4, 5, 6, 7, 8, 9, 10, 11, 12, 13, 14, 15, 16, 17, 18, 19, 20, 21, 22, 23, 24, 25, 26, 27, 28, 29]","[1.6801683902740479, 1.7610119581222534, 1.7512447834014893, 1.7086334228515625, 1.6312050819396973, 1.6727486848831177, 1.8176990747451782, 1.7246989011764526, 1.8663761615753174, 1.7689489126205444, 1.7436949014663696, 1.6803821325302124, 1.7831629514694214, 1.767005443572998, 1.8412959575653076, 1.8112761974334717, 1.833978295326233, 1.855440616607666, 1.692092776298523, 1.782160997390747, 1.8365284204483032, 1.6914424896240234, 1.843495488166809, 1.7528985738754272, 1.6596044301986694, 1.7557103633880615, 1.7757154703140259, 1.6718130111694336, 1.684465765953064, 1.6710759401321411]",sae,Pre-64
1,beta,42,0.005,0.4546678683050885,0.4407690563496341,0.4786128665445147,0.5,0.6336081445133979,0.6573369173040843,30,"[0, 1, 2, 3, 4, 5, 6, 7, 8, 9, 10, 11, 12, 13, 14, 15, 16, 17, 18, 19, 20, 21, 22, 23, 24, 25, 26, 27, 28, 29]","[2.775759696960449, 2.6607279777526855, 2.7812695503234863, 2.8192315101623535, 2.610780715942383, 2.7718160152435303, 2.7687718868255615, 2.7058026790618896, 2.610015869140625, 2.653878688812256, 2.5390679836273193, 2.8086469173431396, 2.7032032012939453, 2.6497769355773926, 2.826254367828369, 2.4396438598632812, 2.2869937419891357, 2.629558801651001, 2.519536018371582, 2.694706678390503, 2.744912624359131, 2.352396011352539, 2.8283467292785645, 2.457695722579956, 2.4403152465820312, 2.528170585632324, 2.8501851558685303, 2.3430075645446777, 2.7475359439849854, 2.529218912124634]",sae,Pre-64
1,beta,37,0.029,0.4546908257221888,0.444978337644671,0.4367604646908419,0.5,0.6058579085235571,0.7180381695054381,30,"[0, 1, 2, 3, 4, 5, 6, 7, 8, 9, 10, 11, 12, 13, 14, 15, 16, 17, 18, 19, 20, 21, 22, 23, 24, 25, 26, 27, 28, 29]","[1.6482017040252686, 1.7041144371032715, 1.6789602041244507, 1.667758584022522, 1.619589924812317, 1.732444167137146, 1.7542799711227417, 1.7031927108764648, 1.753737211227417, 1.7222180366516113, 1.691963791847229, 1.6734838485717773, 1.7072668075561523, 1.747806429862976, 1.7749961614608765, 1.703597903251648, 1.7181941270828247, 1.7250865697860718, 1.7189228534698486, 1.6899828910827637, 1.7509649991989136, 1.759078860282898, 1.7819945812225342, 1.7587716579437256, 1.7174170017242432, 1.7539750337600708, 1.7245559692382812, 1.7756280899047852, 1.7505958080291748, 1.7707527875900269]",sae,Pre-64
1,beta,5,0.035,0.4445517550333296,0.4301735816232515,0.4379117084365244,0.5,0.6070910659257547,0.6822115474769194,30,"[0, 1, 2, 3, 4, 5, 6, 7, 8, 9, 10, 11, 12, 13, 14, 15, 16, 17, 18, 19, 20, 21, 22, 23, 24, 25, 26, 27, 28, 29]","[1.7834856510162354, 1.601423978805542, 1.5940874814987183, 1.7542333602905273, 1.7512283325195312, 1.7365244626998901, 1.7054897546768188, 1.6317121982574463, 1.7165553569793701, 1.6033353805541992, 1.7282159328460693, 1.768068790435791, 1.7259076833724976, 1.6848880052566528, 1.7486072778701782, 1.7282898426055908, 1.7085579633712769, 1.7572470903396606, 1.6160129308700562, 1.6924740076065063, 1.7736338376998901, 1.675188660621643, 1.7992322444915771, 1.6047981977462769, 1.711348056793213, 1.7690836191177368, 1.6132131814956665, 1.7132740020751953, 1.7428898811340332, 1.7261720895767212]",sae,Pre-64
1,beta,41,0.0151,0.4543678569363413,0.4427951465832617,0.4719442095748773,0.5,0.6190905384235713,0.6754737226120733,30,"[0, 1, 2, 3, 4, 5, 6, 7, 8, 9, 10, 11, 12, 13, 14, 15, 16, 17, 18, 19, 20, 21, 22, 23, 24, 25, 26, 27, 28, 29]","[2.081681966781616, 2.5443687438964844, 2.396566867828369, 2.3638386726379395, 2.2184722423553467, 2.5731215476989746, 2.4103431701660156, 2.536731481552124, 2.4027602672576904, 2.530195713043213, 2.5590438842773438, 2.494141101837158, 2.2139391899108887, 2.3492043018341064, 2.5253591537475586, 2.125364065170288, 2.445753335952759, 2.5238282680511475, 2.439894676208496, 2.327670097351074, 2.2661101818084717, 2.5115766525268555, 2.446427345275879, 2.304680347442627, 2.4481632709503174, 2.0883591175079346, 2.248991012573242, 2.5371060371398926, 2.2873857021331787, 2.249983787536621]",sae,Pre-64
1,beta,8,0.004,0.4517491928182039,0.4406431065890545,0.4569222572976519,0.5,0.6098144493254953,0.681595608468977,30,"[0, 1, 2, 3, 4, 5, 6, 7, 8, 9, 10, 11, 12, 13, 14, 15, 16, 17, 18, 19, 20, 21, 22, 23, 24, 25, 26, 27, 28, 29]","[2.658658027648926, 2.6731116771698, 2.5151565074920654, 2.474060535430908, 2.7301435470581055, 2.549677610397339, 2.69629168510437, 2.654116630554199, 2.3718628883361816, 2.5284299850463867, 2.816243886947632, 2.730618476867676, 2.305248737335205, 2.431809663772583, 2.7488298416137695, 2.700183868408203, 2.458622455596924, 2.680443286895752, 2.6083030700683594, 2.5761942863464355, 2.654238700866699, 2.6412887573242188, 2.74930477142334, 2.6948893070220947, 2.775529146194458, 2.734781265258789, 2.4922337532043457, 2.724292278289795, 2.5591607093811035, 2.6542513370513916]",sae,Pre-64
1,beta,11,0.0159,0.4566976193509867,0.4496008864727478,0.4506186028236761,0.5,0.5995106990682213,0.7147949150161539,30,"[0, 1, 2, 3, 4, 5, 6, 7, 8, 9, 10, 11, 12, 13, 14, 15, 16, 17, 18, 19, 20, 21, 22, 23, 24, 25, 26, 27, 28, 29]","[2.199723958969116, 2.4267923831939697, 2.424663543701172, 2.441760778427124, 2.377925157546997, 2.387190580368042, 2.429272413253784, 2.1437740325927734, 2.4678080081939697, 2.42461895942688, 2.4330527782440186, 2.460343599319458, 2.5057883262634277, 2.4421486854553223, 2.2511887550354004, 2.4481308460235596, 2.2571911811828613, 2.091811418533325, 2.070329189300537, 2.28230357170105, 2.107633590698242, 2.471837282180786, 2.428755283355713, 2.2757537364959717, 2.0953316688537598, 2.366546630859375, 2.4674367904663086, 2.1349031925201416, 2.4159891605377197, 2.075768232345581]",sae,Pre-64
1,beta,16,0.03,0.4519396108125126,0.4401978349795346,0.4373743864656404,0.5,0.6159012314439947,0.7205287859070754,30,"[0, 1, 2, 3, 4, 5, 6, 7, 8, 9, 10, 11, 12, 13, 14, 15, 16, 17, 18, 19, 20, 21, 22, 23, 24, 25, 26, 27, 28, 29]","[1.6522399187088013, 1.5656073093414307, 1.6227004528045654, 1.6876896619796753, 1.7028796672821045, 1.5996779203414917, 1.7009177207946777, 1.6458653211593628, 1.5959492921829224, 1.7019853591918945, 1.708849310874939, 1.6458452939987183, 1.6205776929855347, 1.592024564743042, 1.6188762187957764, 1.631280779838562, 1.6386147737503052, 1.557832956314087, 1.598547339439392, 1.6929192543029785, 1.7174128293991089, 1.6795529127120972, 1.6830049753189087, 1.682310938835144, 1.575539231300354, 1.6731129884719849, 1.6337733268737793, 1.5979154109954834, 1.5700935125350952, 1.6115272045135498]",sae,Pre-64
1,beta,15,0.014,0.4529015220185267,0.4424399871594601,0.4525485153429298,0.5,0.6161071485640408,0.7122343439038916,30,"[0, 1, 2, 3, 4, 5, 6, 7, 8, 9, 10, 11, 12, 13, 14, 15, 16, 17, 18, 19, 20, 21, 22, 23, 24, 25, 26, 27, 28, 29]","[2.429218053817749, 2.467059850692749, 2.495631694793701, 2.3607170581817627, 2.513357400894165, 2.1735680103302, 2.188040018081665, 2.103651762008667, 2.4199130535125732, 2.3572206497192383, 2.513249635696411, 2.327737331390381, 2.4489448070526123, 2.3465659618377686, 2.107062578201294, 2.483989953994751, 2.2622368335723877, 2.600496292114258, 2.291428565979004, 2.4886884689331055, 2.4127249717712402, 2.56589937210083, 2.095579147338867, 2.4569332599639893, 2.449625253677368, 2.437098741531372, 2.576756000518799, 2.613644599914551, 2.3690972328186035, 2.2950453758239746]",sae,Pre-64
1,beta,32,0.01,0.4555596844830426,0.4475674839123162,0.4890800351055342,0.5,0.5924839124839124,0.6429211252068394,30,"[0, 1, 2, 3, 4, 5, 6, 7, 8, 9, 10, 11, 12, 13, 14, 15, 16, 17, 18, 19, 20, 21, 22, 23, 24, 25, 26, 27, 28, 29]","[2.5505285263061523, 2.4909331798553467, 2.5884294509887695, 2.535916566848755, 2.5107123851776123, 2.2605714797973633, 2.4558684825897217, 2.48354172706604, 2.4738500118255615, 2.3789777755737305, 2.3583004474639893, 2.5055112838745117, 2.5351788997650146, 2.2349822521209717, 2.247390031814575, 2.2143008708953857, 2.4245729446411133, 2.4645278453826904, 2.2641663551330566, 2.4446728229522705, 2.562960386276245, 2.3851184844970703, 2.2623291015625, 2.546407699584961, 2.403247833251953, 2.4118683338165283, 2.5676372051239014, 2.4805104732513428, 2.446197032928467, 2.510303497314453]",sae,Pre-64
1,beta,29,0.002,0.4558655961502112,0.4409050416793991,0.4723940035088151,0.5,0.6296548282533407,0.6792328983906571,30,"[0, 1, 2, 3, 4, 5, 6, 7, 8, 9, 10, 11, 12, 13, 14, 15, 16, 17, 18, 19, 20, 21, 22, 23, 24, 25, 26, 27, 28, 29]","[2.44400954246521, 2.717909574508667, 2.172027111053467, 2.740363359451294, 2.7068581581115723, 2.3919057846069336, 2.772329092025757, 2.384714126586914, 2.658203125, 2.71803879737854, 2.6038272380828857, 2.706087350845337, 2.6909477710723877, 2.4045238494873047, 2.5839507579803467, 2.383915424346924, 2.656555652618408, 2.69830060005188, 2.6829142570495605, 2.69378399848938, 2.548178195953369, 2.7503535747528076, 2.7022345066070557, 2.6744110584259033, 2.7235207557678223, 2.5320863723754883, 2.4183311462402344, 2.780944585800171, 2.683119058609009, 2.6524300575256348]",sae,Pre-64
1,beta,42,0.024,0.4546678683050885,0.4407690563496341,0.4744372742629365,0.5,0.6336081445133979,0.6586102491942079,30,"[0, 1, 2, 3, 4, 5, 6, 7, 8, 9, 10, 11, 12, 13, 14, 15, 16, 17, 18, 19, 20, 21, 22, 23, 24, 25, 26, 27, 28, 29]","[2.309011936187744, 2.2140278816223145, 2.315751791000366, 2.3539743423461914, 2.1279940605163574, 2.3047938346862793, 2.310720205307007, 2.2476155757904053, 2.154968023300171, 2.1653125286102295, 2.0515553951263428, 2.3433854579925537, 2.249660015106201, 2.1993625164031982, 2.3627259731292725, 1.9501049518585205, 1.7851927280426025, 2.176426649093628, 2.0324161052703857, 2.2099571228027344, 2.289806842803955, 1.8474935293197632, 2.378948926925659, 1.9788272380828857, 1.950985074043274, 2.0669474601745605, 2.387885332107544, 1.8465485572814941, 2.292224884033203, 2.0436482429504395]",sae,Pre-64
1,beta,42,0.0151,0.4546678683050885,0.4407690563496341,0.4764912036031788,0.5,0.6336081445133979,0.6580900923654207,30,"[0, 1, 2, 3, 4, 5, 6, 7, 8, 9, 10, 11, 12, 13, 14, 15, 16, 17, 18, 19, 20, 21, 22, 23, 24, 25, 26, 27, 28, 29]","[2.523557662963867, 2.418867588043213, 2.529658317565918, 2.5678465366363525, 2.3503594398498535, 2.519517183303833, 2.52087140083313, 2.457928419113159, 2.36392879486084, 2.3906054496765137, 2.2759673595428467, 2.5572001934051514, 2.457688570022583, 2.4058837890625, 2.57570219039917, 2.1759989261627197, 2.0171823501586914, 2.3843722343444824, 2.256716728210449, 2.43328857421875, 2.498584270477295, 2.081015110015869, 2.58488130569458, 2.199193000793457, 2.176482677459717, 2.2789466381073, 2.600234270095825, 2.076315402984619, 2.501084804534912, 2.267195701599121]",sae,Pre-64
1,beta,29,0.02,0.4558655961502112,0.4409050416793991,0.4700237293796988,0.5,0.6296548282533407,0.6786514429237019,30,"[0, 1, 2, 3, 4, 5, 6, 7, 8, 9, 10, 11, 12, 13, 14, 15, 16, 17, 18, 19, 20, 21, 22, 23, 24, 25, 26, 27, 28, 29]","[2.0327742099761963, 2.334446668624878, 1.7853573560714722, 2.3452517986297607, 2.316103219985962, 1.991883397102356, 2.3784067630767822, 1.9927899837493896, 2.2588841915130615, 2.3300225734710693, 2.2051100730895996, 2.3145461082458496, 2.2961418628692627, 1.9954233169555664, 2.179187297821045, 1.9751511812210083, 2.2584211826324463, 2.3108882904052734, 2.2962417602539062, 2.307610273361206, 2.1437795162200928, 2.350846767425537, 2.3142004013061523, 2.283689498901367, 2.334805727005005, 2.139279842376709, 2.0138585567474365, 2.390204906463623, 2.2771542072296143, 2.266413450241089]",sae,Pre-64
1,beta,6,0.0155,0.4540822999211705,0.4457917896713532,0.4647276116191215,0.5,0.5933447799067053,0.6655630346588061,30,"[0, 1, 2, 3, 4, 5, 6, 7, 8, 9, 10, 11, 12, 13, 14, 15, 16, 17, 18, 19, 20, 21, 22, 23, 24, 25, 26, 27, 28, 29]","[2.1818742752075195, 2.456312894821167, 2.1165945529937744, 2.481813669204712, 2.3259260654449463, 2.402808666229248, 2.3990707397460938, 2.413621187210083, 2.1094489097595215, 2.4412763118743896, 2.4068288803100586, 2.301471471786499, 2.4212725162506104, 2.2877328395843506, 2.2202930450439453, 2.4903314113616943, 2.1848459243774414, 2.1964988708496094, 2.195608615875244, 2.3856396675109863, 2.239125967025757, 2.3047070503234863, 2.4334282875061035, 2.088597536087036, 2.3751065731048584, 2.316605567932129, 2.465581178665161, 2.1155991554260254, 2.107422113418579, 2.4397072792053223]",sae,Pre-64
1,beta,45,0.038,0.4515599815008028,0.4347157609968581,0.4519400724143398,0.5,0.6289673345145609,0.6772613693153424,30,"[0, 1, 2, 3, 4, 5, 6, 7, 8, 9, 10, 11, 12, 13, 14, 15, 16, 17, 18, 19, 20, 21, 22, 23, 24, 25, 26, 27, 28, 29]","[1.6942766904830933, 1.6967706680297852, 1.575942873954773, 1.7740216255187988, 1.7749968767166138, 1.6259419918060303, 1.7754207849502563, 1.764448881149292, 1.6242339611053467, 1.5740810632705688, 1.7075320482254028, 1.774518370628357, 1.742331624031067, 1.6462411880493164, 1.6743454933166504, 1.6808691024780273, 1.7021855115890503, 1.6220144033432007, 1.6829975843429565, 1.6789237260818481, 1.7378612756729126, 1.6194853782653809, 1.752551555633545, 1.6442170143127441, 1.5846070051193237, 1.7743712663650513, 1.6151974201202393, 1.6282631158828735, 1.5667320489883423, 1.7785576581954956]",sae,Pre-64
1,beta,47,0.025,0.4460371044958436,0.4257646434940195,0.4209044029007819,0.5,0.6434257056516428,0.7367935446537646,30,"[0, 1, 2, 3, 4, 5, 6, 7, 8, 9, 10, 11, 12, 13, 14, 15, 16, 17, 18, 19, 20, 21, 22, 23, 24, 25, 26, 27, 28, 29]","[2.221306085586548, 2.135294198989868, 2.1475558280944824, 1.864637851715088, 2.2052063941955566, 2.263094663619995, 2.113463878631592, 2.2112479209899902, 1.9919583797454834, 1.9468681812286377, 2.159341812133789, 2.109489917755127, 1.9318724870681763, 2.2579214572906494, 2.197260618209839, 2.1301522254943848, 1.9085556268692017, 2.2764883041381836, 2.1130764484405518, 1.9616670608520508, 2.241572618484497, 2.0788896083831787, 2.19217848777771, 2.031541109085083, 2.1832711696624756, 2.068666458129883, 1.9665491580963135, 2.1615049839019775, 2.1565017700195312, 2.207396984100342]",sae,Pre-64
1,beta,0,0.034,0.4600628296558519,0.4487196928272481,0.4384740136970916,0.5,0.6146148452673732,0.7226630407504915,30,"[0, 1, 2, 3, 4, 5, 6, 7, 8, 9, 10, 11, 12, 13, 14, 15, 16, 17, 18, 19, 20, 21, 22, 23, 24, 25, 26, 27, 28, 29]","[1.7097150087356567, 1.71772038936615, 1.7577860355377197, 1.8220982551574707, 1.678679347038269, 1.7485851049423218, 1.8186557292938232, 1.8419681787490845, 1.817496418952942, 1.6822296380996704, 1.7607272863388062, 1.6981091499328613, 1.8202189207077026, 1.8231971263885498, 1.8355193138122559, 1.7005786895751953, 1.8249541521072388, 1.7084569931030273, 1.7201130390167236, 1.8343613147735596, 1.681663155555725, 1.7016828060150146, 1.820728063583374, 1.701798439025879, 1.721237063407898, 1.6818073987960815, 1.8030873537063599, 1.6719119548797607, 1.8525983095169067, 1.6827336549758911]",sae,Pre-64
1,beta,47,0.006,0.4460371044958436,0.4257646434940195,0.4225241999495405,0.5,0.6434257056516428,0.7370250112518485,30,"[0, 1, 2, 3, 4, 5, 6, 7, 8, 9, 10, 11, 12, 13, 14, 15, 16, 17, 18, 19, 20, 21, 22, 23, 24, 25, 26, 27, 28, 29]","[2.706632137298584, 2.595024824142456, 2.613023042678833, 2.3580148220062256, 2.6852450370788574, 2.7403430938720703, 2.570573568344116, 2.6989247798919678, 2.4710500240325928, 2.4264466762542725, 2.6314263343811035, 2.580150842666626, 2.416034698486328, 2.729215621948242, 2.653455972671509, 2.6142380237579346, 2.400491714477539, 2.7459464073181152, 2.574517250061035, 2.446155071258545, 2.6978914737701416, 2.5574398040771484, 2.67800235748291, 2.5021541118621826, 2.6528589725494385, 2.534640312194824, 2.434723138809204, 2.6399497985839844, 2.6170473098754883, 2.6745686531066895]",sae,Pre-64
1,beta,38,0.029,0.4455661720406026,0.4298851252298221,0.4494688747490439,0.5,0.6303640517897944,0.6572124904798172,30,"[0, 1, 2, 3, 4, 5, 6, 7, 8, 9, 10, 11, 12, 13, 14, 15, 16, 17, 18, 19, 20, 21, 22, 23, 24, 25, 26, 27, 28, 29]","[1.7292274236679077, 1.739274501800537, 1.6921961307525635, 1.8418322801589966, 1.7818546295166016, 1.6768494844436646, 1.8366804122924805, 1.7561230659484863, 1.6972019672393799, 1.7655214071273804, 1.7012708187103271, 1.8240528106689453, 1.803344964981079, 1.718367099761963, 1.8362091779708862, 1.758066177368164, 1.702644944190979, 1.806073784828186, 1.6707926988601685, 1.7860103845596313, 1.7544370889663696, 1.7334362268447876, 1.8080424070358276, 1.6747685670852661, 1.7441394329071045, 1.8365700244903564, 1.7131314277648926, 1.808855652809143, 1.7401132583618164, 1.8210396766662598]",sae,Pre-64
1,beta,45,0.016,0.4515599815008028,0.4347157609968581,0.4670031742094262,0.5,0.6289673345145609,0.6780639983038783,30,"[0, 1, 2, 3, 4, 5, 6, 7, 8, 9, 10, 11, 12, 13, 14, 15, 16, 17, 18, 19, 20, 21, 22, 23, 24, 25, 26, 27, 28, 29]","[2.484259605407715, 2.530003786087036, 2.3508975505828857, 2.56758975982666, 2.5461792945861816, 2.496049642562866, 2.515073776245117, 2.504375696182251, 2.153053045272827, 2.0333051681518555, 2.266115665435791, 2.547334671020508, 2.426894426345825, 2.5162384510040283, 2.2433457374572754, 2.4749510288238525, 2.331641674041748, 2.4471442699432373, 2.4262568950653076, 2.4529733657836914, 2.4816665649414062, 2.101571559906006, 2.271535634994507, 2.418555498123169, 2.461681365966797, 2.379784107208252, 2.107923984527588, 2.1672215461730957, 2.368594169616699, 2.5226633548736572]",sae,Pre-64
1,beta,25,0.008,0.4465066892532915,0.4352791138475453,0.4670131294152924,0.5,0.6270054355300688,0.6558379626030748,30,"[0, 1, 2, 3, 4, 5, 6, 7, 8, 9, 10, 11, 12, 13, 14, 15, 16, 17, 18, 19, 20, 21, 22, 23, 24, 25, 26, 27, 28, 29]","[2.5604662895202637, 2.668314218521118, 2.2720882892608643, 2.612643003463745, 2.695324659347534, 2.6970722675323486, 2.7086493968963623, 2.23582124710083, 2.4026572704315186, 2.5145320892333984, 2.7264742851257324, 2.644392251968384, 2.5029702186584473, 2.25601863861084, 2.512110948562622, 2.6965365409851074, 2.635369300842285, 2.4430322647094727, 2.618767261505127, 2.6324732303619385, 2.7017743587493896, 2.5678539276123047, 2.7370171546936035, 2.501091241836548, 2.4245059490203857, 2.2914395332336426, 2.7737109661102295, 2.4660284519195557, 2.709829092025757, 2.5548596382141113]",sae,Pre-64
1,beta,25,0.026,0.4465066892532915,0.4352791138475453,0.4531061563191035,0.5,0.6270054355300688,0.6592643198411797,30,"[0, 1, 2, 3, 4, 5, 6, 7, 8, 9, 10, 11, 12, 13, 14, 15, 16, 17, 18, 19, 20, 21, 22, 23, 24, 25, 26, 27, 28, 29]","[1.9045387506484985, 1.9130769968032837, 1.7216044664382935, 1.9767546653747559, 1.9761275053024292, 1.9746261835098267, 1.8834692239761353, 1.7561167478561401, 1.8452352285385132, 1.7536624670028687, 1.977474331855774, 1.9417479038238525, 1.9283255338668823, 1.7599031925201416, 1.8227297067642212, 1.9445741176605225, 1.7872555255889893, 1.7064411640167236, 1.8506643772125244, 1.8304893970489502, 1.9624345302581787, 1.761120319366455, 1.9577840566635132, 1.8549530506134033, 1.8935258388519287, 1.7825884819030762, 1.9959207773208618, 1.9081987142562866, 1.9738404750823975, 1.852870225906372]",sae,Pre-64
1,beta,6,0.035,0.4540822999211705,0.4457917896713532,0.4521311186075082,0.5,0.5933447799067053,0.665248507133849,30,"[0, 1, 2, 3, 4, 5, 6, 7, 8, 9, 10, 11, 12, 13, 14, 15, 16, 17, 18, 19, 20, 21, 22, 23, 24, 25, 26, 27, 28, 29]","[1.673644781112671, 1.7180967330932617, 1.6007710695266724, 1.7359908819198608, 1.5901031494140625, 1.637610912322998, 1.6155500411987305, 1.6683210134506226, 1.5718735456466675, 1.6971181631088257, 1.6183637380599976, 1.578673005104065, 1.6197022199630737, 1.5738122463226318, 1.3867945671081543, 1.7144695520401, 1.5962400436401367, 1.6620701551437378, 1.6532219648361206, 1.6505495309829712, 1.6383265256881714, 1.5829178094863892, 1.7123411893844604, 1.6215951442718506, 1.5816704034805298, 1.6608288288116455, 1.6265071630477905, 1.5676629543304443, 1.6266148090362549, 1.672677993774414]",sae,Pre-64
1,beta,9,0.029,0.448644851968101,0.4348910401892977,0.4534066903171798,0.5,0.6286670530281078,0.672832512315271,30,"[0, 1, 2, 3, 4, 5, 6, 7, 8, 9, 10, 11, 12, 13, 14, 15, 16, 17, 18, 19, 20, 21, 22, 23, 24, 25, 26, 27, 28, 29]","[1.734163522720337, 1.6076374053955078, 1.73116934299469, 1.7022647857666016, 1.6135544776916504, 1.4482661485671997, 1.7196139097213745, 1.6343940496444702, 1.7348408699035645, 1.5556013584136963, 1.6718621253967285, 1.6357029676437378, 1.6073883771896362, 1.6568297147750854, 1.7684555053710938, 1.629866361618042, 1.62151300907135, 1.6981030702590942, 1.7389640808105469, 1.5915248394012451, 1.733250379562378, 1.738279938697815, 1.6125317811965942, 1.7218109369277954, 1.7197829484939575, 1.7187458276748657, 1.5779231786727905, 1.5530647039413452, 1.6070904731750488, 1.7497386932373047]",sae,Pre-64
1,beta,23,0.04,0.4478205607315014,0.4344954522622479,0.4375837790790167,0.5,0.6150139710231751,0.6769176307202149,30,"[0, 1, 2, 3, 4, 5, 6, 7, 8, 9, 10, 11, 12, 13, 14, 15, 16, 17, 18, 19, 20, 21, 22, 23, 24, 25, 26, 27, 28, 29]","[1.5154050588607788, 1.6111903190612793, 1.5882596969604492, 1.6793557405471802, 1.4506343603134155, 1.5190386772155762, 1.6642740964889526, 1.521661639213562, 1.513309121131897, 1.6552971601486206, 1.6639814376831055, 1.616620659828186, 1.6110252141952515, 1.5227330923080444, 1.6106162071228027, 1.6622874736785889, 1.3607683181762695, 1.5469805002212524, 1.5068469047546387, 1.5378119945526123, 1.6576594114303589, 1.6721082925796509, 1.5265017747879028, 1.673946738243103, 1.6692239046096802, 1.5615636110305786, 1.5062272548675537, 1.590972900390625, 1.5566225051879883, 1.6853293180465698]",sae,Pre-64
1,beta,27,0.0151,0.4609757262074365,0.4537266978541116,0.4823154532853888,0.5,0.5914172664146189,0.6595705470003893,30,"[0, 1, 2, 3, 4, 5, 6, 7, 8, 9, 10, 11, 12, 13, 14, 15, 16, 17, 18, 19, 20, 21, 22, 23, 24, 25, 26, 27, 28, 29]","[2.4028453826904297, 2.5789458751678467, 2.210235595703125, 2.413648843765259, 2.5405666828155518, 2.442631244659424, 2.491560935974121, 2.2031660079956055, 2.5024309158325195, 2.534741163253784, 2.2308168411254883, 2.5260462760925293, 2.216916084289551, 2.1900432109832764, 2.2537879943847656, 2.188844919204712, 2.510281562805176, 2.531770706176758, 2.5050811767578125, 2.346003770828247, 2.576303720474243, 2.185636520385742, 2.4968295097351074, 2.481102466583252, 2.213252067565918, 2.566249370574951, 2.369502067565918, 2.5217325687408447, 2.4071717262268066, 2.4505980014801025]",sae,Pre-64
1,beta,17,0.016,0.4599327030141671,0.4513468217402507,0.4640986617926941,0.5,0.6120635717004715,0.6914990279311195,30,"[0, 1, 2, 3, 4, 5, 6, 7, 8, 9, 10, 11, 12, 13, 14, 15, 16, 17, 18, 19, 20, 21, 22, 23, 24, 25, 26, 27, 28, 29]","[2.4420464038848877, 2.390850305557251, 2.4481961727142334, 2.288034439086914, 2.443113327026367, 2.142477035522461, 2.1967544555664062, 2.0689289569854736, 2.4189298152923584, 2.33681058883667, 2.4843835830688477, 2.5015475749969482, 2.2397594451904297, 2.4970171451568604, 2.3785462379455566, 2.0539281368255615, 2.13826584815979, 2.4128506183624268, 2.4038686752319336, 2.227292060852051, 2.3479971885681152, 2.3828914165496826, 2.343733549118042, 2.44096040725708, 2.427070379257202, 2.4758310317993164, 2.237560987472534, 2.4856150150299072, 2.4376015663146973, 2.198045492172241]",sae,Pre-64
1,beta,3,0.028,0.4557259332451328,0.444824285747971,0.4765933292610423,0.5,0.6042731979176,0.651770357887191,30,"[0, 1, 2, 3, 4, 5, 6, 7, 8, 9, 10, 11, 12, 13, 14, 15, 16, 17, 18, 19, 20, 21, 22, 23, 24, 25, 26, 27, 28, 29]","[1.8021436929702759, 1.7732657194137573, 1.7939043045043945, 1.8509371280670166, 1.7948377132415771, 1.9027156829833984, 1.7775965929031372, 1.8976237773895264, 1.6522599458694458, 1.8714956045150757, 1.7890992164611816, 1.9012000560760498, 1.8078004121780396, 1.876431941986084, 1.8838685750961304, 1.7964866161346436, 1.7462568283081055, 1.8412755727767944, 1.832552433013916, 1.7755781412124634, 1.697582483291626, 1.74272620677948, 1.7516320943832397, 1.8891187906265259, 1.8685091733932495, 1.8097288608551025, 1.7829174995422363, 1.804355502128601, 1.8814064264297485, 1.8166335821151733]",sae,Pre-64
1,beta,11,0.036,0.4566976193509867,0.4496008864727478,0.440593071720925,0.5,0.5995106990682213,0.7116270426558037,30,"[0, 1, 2, 3, 4, 5, 6, 7, 8, 9, 10, 11, 12, 13, 14, 15, 16, 17, 18, 19, 20, 21, 22, 23, 24, 25, 26, 27, 28, 29]","[1.7078531980514526, 1.5597522258758545, 1.6491273641586304, 1.6017588376998901, 1.7496305704116821, 1.5862154960632324, 1.6209919452667236, 1.4586848020553589, 1.7299399375915527, 1.7277264595031738, 1.7319403886795044, 1.7489864826202393, 1.7785415649414062, 1.6382997035980225, 1.631582498550415, 1.629838228225708, 1.6884599924087524, 1.5856196880340576, 1.5965685844421387, 1.70294988155365, 1.6243714094161987, 1.6912108659744263, 1.750331163406372, 1.6689212322235107, 1.6297719478607178, 1.709537148475647, 1.7395589351654053, 1.58389151096344, 1.636847972869873, 1.589533805847168]",sae,Pre-64
1,beta,23,0.018,0.4478205607315014,0.4344954522622479,0.4512071471855534,0.5,0.6150139710231751,0.6827163239340949,30,"[0, 1, 2, 3, 4, 5, 6, 7, 8, 9, 10, 11, 12, 13, 14, 15, 16, 17, 18, 19, 20, 21, 22, 23, 24, 25, 26, 27, 28, 29]","[2.164038896560669, 2.4704158306121826, 2.4286139011383057, 2.438734292984009, 2.3164470195770264, 2.2607831954956055, 2.3573529720306396, 1.9876443147659302, 2.0286877155303955, 2.4791736602783203, 2.4774839878082275, 2.2056987285614014, 2.12703013420105, 2.3835668563842773, 2.4343714714050293, 2.4530093669891357, 2.3163983821868896, 2.031144380569458, 2.2338595390319824, 2.101768732070923, 2.456620693206787, 2.1811304092407227, 2.3497724533081055, 2.4801039695739746, 2.1833715438842773, 2.3563156127929688, 1.9583563804626465, 2.3672964572906494, 2.3781871795654297, 2.4765918254852295]",sae,Pre-64
1,beta,27,0.034,0.4609757262074365,0.4537266978541116,0.4680509759312282,0.5,0.5914172664146189,0.6592982364453295,30,"[0, 1, 2, 3, 4, 5, 6, 7, 8, 9, 10, 11, 12, 13, 14, 15, 16, 17, 18, 19, 20, 21, 22, 23, 24, 25, 26, 27, 28, 29]","[1.7428452968597412, 1.877737283706665, 1.7434628009796143, 1.7611918449401855, 1.836828589439392, 1.7702972888946533, 1.8617137670516968, 1.7157379388809204, 1.8583624362945557, 1.86409592628479, 1.7347753047943115, 1.8841910362243652, 1.755446195602417, 1.7171927690505981, 1.7249771356582642, 1.675216555595398, 1.795871615409851, 1.8225817680358887, 1.795384168624878, 1.8185279369354248, 1.8561733961105347, 1.7421202659606934, 1.7500159740447998, 1.7579883337020874, 1.7328388690948486, 1.8931268453598022, 1.747272253036499, 1.8055522441864014, 1.6830017566680908, 1.8054866790771484]",sae,Pre-64
1,beta,13,0.005,0.4619123366083722,0.4531466051409948,0.4583613448541997,0.5,0.6127276801885291,0.7152093114378859,30,"[0, 1, 2, 3, 4, 5, 6, 7, 8, 9, 10, 11, 12, 13, 14, 15, 16, 17, 18, 19, 20, 21, 22, 23, 24, 25, 26, 27, 28, 29]","[2.740302324295044, 2.7244975566864014, 2.722047805786133, 2.6382851600646973, 2.4577066898345947, 2.7506885528564453, 2.716554880142212, 2.6308674812316895, 2.439995527267456, 2.646186351776123, 2.7512800693511963, 2.6235101222991943, 2.7533745765686035, 2.417732000350952, 2.7046563625335693, 2.625993013381958, 2.648200750350952, 2.6511034965515137, 2.626927375793457, 2.585655450820923, 2.6325106620788574, 2.405083656311035, 2.767033100128174, 2.4526314735412598, 2.3043880462646484, 2.3882977962493896, 2.4244184494018555, 2.4030325412750244, 2.7009384632110596, 2.4469656944274902]",sae,Pre-64
1,beta,13,0.024,0.4619123366083722,0.4531466051409948,0.4560163755477681,0.5,0.6127276801885291,0.7148865457446372,30,"[0, 1, 2, 3, 4, 5, 6, 7, 8, 9, 10, 11, 12, 13, 14, 15, 16, 17, 18, 19, 20, 21, 22, 23, 24, 25, 26, 27, 28, 29]","[2.3209407329559326, 2.3146018981933594, 2.3019888401031494, 2.2185869216918945, 2.0353119373321533, 2.3289575576782227, 2.30116605758667, 2.211202621459961, 1.9984444379806519, 2.228269577026367, 2.3326237201690674, 2.2118160724639893, 2.3389484882354736, 1.9804447889328003, 2.2820730209350586, 2.21191143989563, 2.2272613048553467, 2.233649969100952, 2.1956472396850586, 2.1668784618377686, 2.2115414142608643, 1.9822092056274414, 2.3498618602752686, 2.030559778213501, 1.8492876291275024, 1.951066017150879, 1.9911800622940063, 1.9805783033370972, 2.2855772972106934, 2.01987886428833]",sae,Pre-64
1,beta,33,0.0155,0.4492211383258522,0.4377959816952598,0.4593289157562036,0.5,0.6165210074526608,0.6820061374853281,30,"[0, 1, 2, 3, 4, 5, 6, 7, 8, 9, 10, 11, 12, 13, 14, 15, 16, 17, 18, 19, 20, 21, 22, 23, 24, 25, 26, 27, 28, 29]","[2.4591381549835205, 2.4394640922546387, 2.2695913314819336, 2.265890598297119, 2.2046666145324707, 2.533160924911499, 2.117177724838257, 2.4929754734039307, 2.36065673828125, 2.4604852199554443, 2.191070795059204, 2.4477715492248535, 2.4677019119262695, 2.0676887035369873, 2.4943456649780273, 2.449244976043701, 2.4677374362945557, 2.3363518714904785, 2.4327216148376465, 2.4128499031066895, 2.445791244506836, 2.1353414058685303, 2.488067865371704, 2.4183201789855957, 2.4811675548553467, 2.430638313293457, 2.392392635345459, 2.1521246433258057, 2.2222394943237305, 2.1362154483795166]",sae,Pre-64
1,beta,33,0.035,0.4492211383258522,0.4377959816952598,0.4373431776178614,0.5,0.6165210074526608,0.6907909436737233,30,"[0, 1, 2, 3, 4, 5, 6, 7, 8, 9, 10, 11, 12, 13, 14, 15, 16, 17, 18, 19, 20, 21, 22, 23, 24, 25, 26, 27, 28, 29]","[1.705109715461731, 1.7505724430084229, 1.6972665786743164, 1.6438392400741577, 1.5830293893814087, 1.7920806407928467, 1.60237455368042, 1.7658051252365112, 1.737851858139038, 1.747473120689392, 1.6638256311416626, 1.7648268938064575, 1.7489795684814453, 1.5826934576034546, 1.6698132753372192, 1.7238799333572388, 1.6521804332733154, 1.622722864151001, 1.7720080614089966, 1.787086009979248, 1.672911286354065, 1.5906177759170532, 1.7769752740859985, 1.7038686275482178, 1.7716178894042969, 1.6930893659591675, 1.6352894306182861, 1.5805648565292358, 1.589680790901184, 1.6241637468338013]",sae,Pre-64
1,beta,3,0.014,0.4557259332451328,0.444824285747971,0.4916196150680005,0.5,0.6042731979176,0.6517992640491173,30,"[0, 1, 2, 3, 4, 5, 6, 7, 8, 9, 10, 11, 12, 13, 14, 15, 16, 17, 18, 19, 20, 21, 22, 23, 24, 25, 26, 27, 28, 29]","[2.428696632385254, 2.2721574306488037, 2.474773406982422, 2.428682804107666, 2.5032293796539307, 2.4533865451812744, 2.5173864364624023, 2.558901071548462, 2.431307077407837, 2.5731072425842285, 2.489253520965576, 2.574007511138916, 2.504056930541992, 2.571150541305542, 2.571953535079956, 2.276662588119507, 2.162966251373291, 2.476922035217285, 2.408506155014038, 2.250253677368164, 2.4457762241363525, 2.1867306232452393, 2.227928876876831, 2.5715725421905518, 2.5406758785247803, 2.5339560508728027, 2.287191390991211, 2.4988253116607666, 2.5556576251983643, 2.589083194732666]",sae,Pre-64
1,beta,41,0.008,0.4543678569363413,0.4427951465832617,0.4733833678618779,0.5,0.6190905384235713,0.674881435223932,30,"[0, 1, 2, 3, 4, 5, 6, 7, 8, 9, 10, 11, 12, 13, 14, 15, 16, 17, 18, 19, 20, 21, 22, 23, 24, 25, 26, 27, 28, 29]","[2.282334804534912, 2.727612018585205, 2.584704875946045, 2.5455498695373535, 2.4034245014190674, 2.7560853958129883, 2.5914976596832275, 2.718188524246216, 2.5868136882781982, 2.7119178771972656, 2.7417688369750977, 2.6790523529052734, 2.4034054279327393, 2.528745174407959, 2.711500644683838, 2.318094491958618, 2.6322994232177734, 2.7066142559051514, 2.628103494644165, 2.5163605213165283, 2.4559805393218994, 2.6916451454162598, 2.630152940750122, 2.4935619831085205, 2.6317811012268066, 2.2807164192199707, 2.44046950340271, 2.719287872314453, 2.4752426147460938, 2.4361257553100586]",sae,Pre-64
1,beta,41,0.034,0.4543678569363413,0.4427951465832617,0.4596348313137862,0.5,0.6190905384235713,0.6770975056689343,30,"[0, 1, 2, 3, 4, 5, 6, 7, 8, 9, 10, 11, 12, 13, 14, 15, 16, 17, 18, 19, 20, 21, 22, 23, 24, 25, 26, 27, 28, 29]","[1.674306869506836, 1.8180739879608154, 1.769113302230835, 1.6591774225234985, 1.688536524772644, 1.8672091960906982, 1.6957056522369385, 1.7876827716827393, 1.7197918891906738, 1.8313502073287964, 1.840557336807251, 1.7761825323104858, 1.7754231691360474, 1.819276213645935, 1.8471250534057617, 1.7101457118988037, 1.7918360233306885, 1.796723484992981, 1.8487247228622437, 1.801246166229248, 1.7067832946777344, 1.7603226900100708, 1.7387903928756714, 1.783470869064331, 1.7282623052597046, 1.6830365657806396, 1.8145983219146729, 1.8317320346832275, 1.787937045097351, 1.673000693321228]",sae,Pre-64
1,beta,30,0.002,0.4638407167611665,0.4544841508273655,0.4528892989284809,0.5,0.6043368975359404,0.7053221074482123,30,"[0, 1, 2, 3, 4, 5, 6, 7, 8, 9, 10, 11, 12, 13, 14, 15, 16, 17, 18, 19, 20, 21, 22, 23, 24, 25, 26, 27, 28, 29]","[2.8367414474487305, 2.8342084884643555, 2.569309711456299, 2.608738422393799, 2.593334674835205, 2.7278387546539307, 2.593531847000122, 2.5424206256866455, 2.551741123199463, 2.7796847820281982, 2.4265222549438477, 2.677276372909546, 2.6859796047210693, 2.665555477142334, 2.8307385444641113, 2.8371543884277344, 2.7658092975616455, 2.6941142082214355, 2.8340821266174316, 2.5216891765594482, 2.881747245788574, 2.805046319961548, 2.9145138263702393, 2.8162403106689453, 2.6155431270599365, 2.752046585083008, 2.6537041664123535, 2.7545247077941895, 2.7981932163238525, 2.5051939487457275]",sae,Pre-64
1,beta,12,0.0159,0.4455148672091349,0.4361346773072694,0.4349094396354849,0.5,0.5892778403611032,0.7248816240295041,30,"[0, 1, 2, 3, 4, 5, 6, 7, 8, 9, 10, 11, 12, 13, 14, 15, 16, 17, 18, 19, 20, 21, 22, 23, 24, 25, 26, 27, 28, 29]","[2.273991823196411, 2.477370023727417, 2.1363685131073, 2.4404919147491455, 2.5246589183807373, 2.593125343322754, 2.5312561988830566, 2.498586893081665, 2.3680248260498047, 2.075134754180908, 2.0755739212036133, 2.5373122692108154, 2.414088487625122, 2.427382230758667, 2.3211538791656494, 2.5868990421295166, 2.258796215057373, 2.3718860149383545, 2.3279218673706055, 2.577721118927002, 2.414304733276367, 2.2948126792907715, 2.0994110107421875, 2.5752041339874268, 2.5782296657562256, 2.550502300262451, 2.4427857398986816, 2.3690781593322754, 2.2458934783935547, 2.496392250061035]",sae,Pre-64
1,beta,5,0.006,0.4445517550333296,0.4301735816232515,0.4543447684104689,0.5,0.6070910659257547,0.6793456179719095,30,"[0, 1, 2, 3, 4, 5, 6, 7, 8, 9, 10, 11, 12, 13, 14, 15, 16, 17, 18, 19, 20, 21, 22, 23, 24, 25, 26, 27, 28, 29]","[2.6580541133880615, 2.478118896484375, 2.247450351715088, 2.661707639694214, 2.5975143909454346, 2.5400612354278564, 2.7002313137054443, 2.3948123455047607, 2.628056287765503, 2.345949649810791, 2.478811025619507, 2.6355791091918945, 2.682262897491455, 2.459378719329834, 2.624932289123535, 2.450594425201416, 2.417879343032837, 2.606400966644287, 2.496166467666626, 2.5888445377349854, 2.683964729309082, 2.595505714416504, 2.562779188156128, 2.317476987838745, 2.4578030109405518, 2.6803927421569824, 2.406355381011963, 2.5799193382263184, 2.664022207260132, 2.6925406455993652]",sae,Pre-64
1,beta,21,0.032,0.4504746503440228,0.4381370334360364,0.4440179881981974,0.5,0.6200058082774133,0.6872536116363277,30,"[0, 1, 2, 3, 4, 5, 6, 7, 8, 9, 10, 11, 12, 13, 14, 15, 16, 17, 18, 19, 20, 21, 22, 23, 24, 25, 26, 27, 28, 29]","[1.6200764179229736, 1.6920794248580933, 1.812534213066101, 1.8075289726257324, 1.8113878965377808, 1.7651863098144531, 1.6451165676116943, 1.680875301361084, 1.8095697164535522, 1.6714859008789062, 1.7768768072128296, 1.8047130107879639, 1.6439971923828125, 1.7035372257232666, 1.697543978691101, 1.6457037925720215, 1.6600286960601807, 1.6770426034927368, 1.6430907249450684, 1.805772304534912, 1.5976014137268066, 1.8014165163040161, 1.5967419147491455, 1.6221160888671875, 1.6626650094985962, 1.649909496307373, 1.622336983680725, 1.6684839725494385, 1.7508680820465088, 1.7493674755096436]",sae,Pre-64
1,beta,21,0.015,0.4504746503440228,0.4381370334360364,0.459057952177971,0.5,0.6200058082774133,0.6860425240054868,30,"[0, 1, 2, 3, 4, 5, 6, 7, 8, 9, 10, 11, 12, 13, 14, 15, 16, 17, 18, 19, 20, 21, 22, 23, 24, 25, 26, 27, 28, 29]","[2.358311653137207, 2.420705556869507, 2.5118372440338135, 2.4365804195404053, 2.432973623275757, 2.463132619857788, 2.3685176372528076, 2.4348208904266357, 2.5010502338409424, 2.094977855682373, 2.476609468460083, 2.5053868293762207, 2.2797024250030518, 2.4869353771209717, 2.408651113510132, 2.114130735397339, 2.1225831508636475, 2.1712865829467773, 2.330268144607544, 2.4553377628326416, 2.1366255283355713, 2.4778671264648438, 2.298840045928955, 2.3127567768096924, 2.3620190620422363, 2.181579828262329, 2.280449151992798, 2.2800533771514893, 2.3001725673675537, 2.371166706085205]",sae,Pre-64
1,beta,41,0.026,0.4543678569363413,0.4427951465832617,0.4598356914689085,0.5,0.6190905384235713,0.6770846298561485,30,"[0, 1, 2, 3, 4, 5, 6, 7, 8, 9, 10, 11, 12, 13, 14, 15, 16, 17, 18, 19, 20, 21, 22, 23, 24, 25, 26, 27, 28, 29]","[1.6895779371261597, 1.833182692527771, 1.784071683883667, 1.6742842197418213, 1.7036319971084595, 1.8822704553604126, 1.7108535766601562, 1.802733302116394, 1.7350740432739258, 1.8464107513427734, 1.8555998802185059, 1.7912191152572632, 1.7905086278915405, 1.834408164024353, 1.862125277519226, 1.7254436016082764, 1.806614637374878, 1.8117536306381226, 1.8636163473129272, 1.8163827657699585, 1.7218782901763916, 1.7753221988677979, 1.7540801763534546, 1.7986043691635132, 1.7434898614883423, 1.6984227895736694, 1.8296886682510376, 1.8468064069747925, 1.802992582321167, 1.688167929649353]",sae,Pre-64
1,beta,3,0.03,0.4557259332451328,0.444824285747971,0.476539830153282,0.5,0.6042731979176,0.6517602407305165,30,"[0, 1, 2, 3, 4, 5, 6, 7, 8, 9, 10, 11, 12, 13, 14, 15, 16, 17, 18, 19, 20, 21, 22, 23, 24, 25, 26, 27, 28, 29]","[1.7988673448562622, 1.769964575767517, 1.7906103134155273, 1.847731351852417, 1.791564702987671, 1.8995153903961182, 1.774328351020813, 1.8944000005722046, 1.6490929126739502, 1.8682358264923096, 1.785865068435669, 1.8979599475860596, 1.8045554161071777, 1.8732584714889526, 1.880616545677185, 1.793227195739746, 1.742977499961853, 1.8380382061004639, 1.829342246055603, 1.7723857164382935, 1.6943573951721191, 1.7394657135009766, 1.7483464479446411, 1.8858586549758911, 1.8652524948120117, 1.8064825534820557, 1.7796629667282104, 1.8010767698287964, 1.878157138824463, 1.8134148120880127]",sae,Pre-64
1,beta,16,0.014,0.4519396108125126,0.4401978349795346,0.4468797076584197,0.5,0.6159012314439947,0.7221358685174475,30,"[0, 1, 2, 3, 4, 5, 6, 7, 8, 9, 10, 11, 12, 13, 14, 15, 16, 17, 18, 19, 20, 21, 22, 23, 24, 25, 26, 27, 28, 29]","[2.4746978282928467, 2.163309335708618, 2.4449257850646973, 2.4436118602752686, 2.5613696575164795, 2.3691372871398926, 2.4523556232452393, 2.41717267036438, 2.082012176513672, 2.331821918487549, 2.5048270225524902, 2.140174388885498, 2.4230642318725586, 2.270505428314209, 2.3216166496276855, 2.2195897102355957, 2.1205077171325684, 2.4777231216430664, 2.242021083831787, 2.4762191772460938, 2.1950533390045166, 2.444689989089966, 2.176326274871826, 2.4419474601745605, 2.42954683303833, 2.431732177734375, 2.325183868408203, 2.0841257572174072, 2.266295909881592, 2.2440361976623535]",sae,Pre-64
1,beta,35,0.022,0.4566193215888805,0.4379483378046387,0.4465687582753372,0.5,0.637290178651746,0.7190357963166196,30,"[0, 1, 2, 3, 4, 5, 6, 7, 8, 9, 10, 11, 12, 13, 14, 15, 16, 17, 18, 19, 20, 21, 22, 23, 24, 25, 26, 27, 28, 29]","[1.9136847257614136, 2.3289966583251953, 2.3796067237854004, 2.1863532066345215, 2.333972930908203, 2.1405088901519775, 2.298138380050659, 2.31361722946167, 2.3745663166046143, 2.308319568634033, 2.094846487045288, 2.0091118812561035, 2.2546963691711426, 2.1635348796844482, 2.1287107467651367, 2.220508575439453, 2.3288354873657227, 1.9916187524795532, 2.1546308994293213, 2.0341877937316895, 1.9309900999069214, 1.9172338247299194, 2.064828395843506, 2.2366251945495605, 2.349946975708008, 2.313507318496704, 1.927063226699829, 2.323364734649658, 2.3990700244903564, 2.2558629512786865]",sae,Pre-64
1,beta,35,0.004,0.4566193215888805,0.4379483378046387,0.448574466589818,0.5,0.637290178651746,0.718452584423295,30,"[0, 1, 2, 3, 4, 5, 6, 7, 8, 9, 10, 11, 12, 13, 14, 15, 16, 17, 18, 19, 20, 21, 22, 23, 24, 25, 26, 27, 28, 29]","[2.375192880630493, 2.7413010597229004, 2.800063371658325, 2.6311776638031006, 2.748828411102295, 2.5813956260681152, 2.702859878540039, 2.754272937774658, 2.812880516052246, 2.7201192378997803, 2.5539684295654297, 2.4524734020233154, 2.6661107540130615, 2.5831193923950195, 2.5778896808624268, 2.634434938430786, 2.75734806060791, 2.4387035369873047, 2.6028709411621094, 2.470655918121338, 2.3941638469696045, 2.371290445327759, 2.5071609020233154, 2.642153263092041, 2.750554084777832, 2.7159299850463867, 2.381948947906494, 2.7395684719085693, 2.8112330436706543, 2.690220594406128]",sae,Pre-64
1,beta,30,0.02,0.4638407167611665,0.4544841508273655,0.4501555088014601,0.5,0.6043368975359404,0.7038050529218025,30,"[0, 1, 2, 3, 4, 5, 6, 7, 8, 9, 10, 11, 12, 13, 14, 15, 16, 17, 18, 19, 20, 21, 22, 23, 24, 25, 26, 27, 28, 29]","[2.3478846549987793, 2.334601402282715, 2.080209970474243, 2.1441919803619385, 2.1109373569488525, 2.2505223751068115, 2.1054582595825195, 2.05918550491333, 2.059417724609375, 2.2845818996429443, 1.9330897331237793, 2.1932263374328613, 2.1930086612701416, 2.197063684463501, 2.332763433456421, 2.3459417819976807, 2.267847776412964, 2.2049155235290527, 2.3525524139404297, 2.035487174987793, 2.3932337760925293, 2.3072948455810547, 2.4275383949279785, 2.3409125804901123, 2.1200978755950928, 2.2577903270721436, 2.1484375, 2.2577342987060547, 2.3048107624053955, 2.026482343673706]",sae,Pre-64
1,beta,17,0.002,0.4599327030141671,0.4513468217402507,0.466453569653976,0.5,0.6120635717004715,0.6899676365964609,30,"[0, 1, 2, 3, 4, 5, 6, 7, 8, 9, 10, 11, 12, 13, 14, 15, 16, 17, 18, 19, 20, 21, 22, 23, 24, 25, 26, 27, 28, 29]","[2.7613472938537598, 2.7079012393951416, 2.7620551586151123, 2.6085128784179688, 2.767180919647217, 2.470766305923462, 2.526392936706543, 2.396775245666504, 2.7359609603881836, 2.6598215103149414, 2.7998483180999756, 2.8191614151000977, 2.570061206817627, 2.8189311027526855, 2.6942152976989746, 2.392305850982666, 2.4838449954986572, 2.737720012664795, 2.717745542526245, 2.5634632110595703, 2.668147087097168, 2.7077457904815674, 2.6566286087036133, 2.7549262046813965, 2.7513957023620605, 2.7900028228759766, 2.568728446960449, 2.7998557090759277, 2.755204200744629, 2.5349225997924805]",sae,Pre-64
1,beta,43,0.0151,0.4515364523902173,0.4432102910589974,0.4557265381510181,0.5,0.6060785767234989,0.707405485544848,30,"[0, 1, 2, 3, 4, 5, 6, 7, 8, 9, 10, 11, 12, 13, 14, 15, 16, 17, 18, 19, 20, 21, 22, 23, 24, 25, 26, 27, 28, 29]","[2.513463020324707, 2.403075695037842, 2.5640828609466553, 2.4933838844299316, 2.174190044403076, 2.1922385692596436, 2.1766040325164795, 2.3680756092071533, 2.104403257369995, 2.425976037979126, 2.1337671279907227, 2.6091370582580566, 2.3887367248535156, 2.522883415222168, 2.385110378265381, 2.4220168590545654, 2.5570123195648193, 2.440080404281616, 2.265246629714966, 2.3658158779144287, 2.453230381011963, 2.245946168899536, 2.5099213123321533, 2.3407678604125977, 2.2476487159729004, 2.1798322200775146, 2.5384747982025146, 2.4228169918060303, 2.5587871074676514, 2.4467716217041016]",sae,Pre-64
1,beta,48,0.025,0.4556814132376,0.4510566266980289,0.4972311932434082,0.5,0.5923878577171784,0.5965680667700984,30,"[0, 1, 2, 3, 4, 5, 6, 7, 8, 9, 10, 11, 12, 13, 14, 15, 16, 17, 18, 19, 20, 21, 22, 23, 24, 25, 26, 27, 28, 29]","[1.9168075323104858, 1.8541779518127441, 1.7770788669586182, 1.7550557851791382, 1.8188189268112183, 1.7291465997695923, 1.7946763038635254, 1.804900884628296, 1.8019832372665405, 1.746724009513855, 1.8593865633010864, 1.7917499542236328, 1.8573858737945557, 1.7683240175247192, 1.7586137056350708, 1.7836862802505493, 1.9462215900421143, 1.870985984802246, 1.8933815956115723, 1.806251049041748, 1.759063482284546, 1.9191275835037231, 1.9378827810287476, 1.7941213846206665, 1.798423409461975, 1.8936505317687988, 1.8752342462539673, 1.9419866800308228, 1.7365292310714722, 1.8345375061035156]",sae,Pre-64
1,beta,42,0.034,0.4546678683050885,0.4407690563496341,0.4611572937725777,0.5,0.6336081445133979,0.6596204959830664,30,"[0, 1, 2, 3, 4, 5, 6, 7, 8, 9, 10, 11, 12, 13, 14, 15, 16, 17, 18, 19, 20, 21, 22, 23, 24, 25, 26, 27, 28, 29]","[1.8002382516860962, 1.6854825019836426, 1.7945853471755981, 1.815081000328064, 1.7691712379455566, 1.7858035564422607, 1.762787103652954, 1.699871301651001, 1.6472910642623901, 1.8093165159225464, 1.775018334388733, 1.8074599504470825, 1.6788538694381714, 1.461079478263855, 1.8150393962860107, 1.6804015636444092, 1.6147613525390625, 1.6074275970458984, 1.7853816747665405, 1.8214819431304932, 1.7110704183578491, 1.6608374118804932, 1.727808952331543, 1.626368522644043, 1.6653883457183838, 1.6283830404281616, 1.8388258218765259, 1.6136554479599, 1.7332894802093506, 1.6506601572036743]",sae,Pre-64
1,beta,46,0.038,0.4545712902572906,0.4417269056853911,0.4553589506941525,0.5,0.6270377926330811,0.689873444790878,30,"[0, 1, 2, 3, 4, 5, 6, 7, 8, 9, 10, 11, 12, 13, 14, 15, 16, 17, 18, 19, 20, 21, 22, 23, 24, 25, 26, 27, 28, 29]","[1.5713677406311035, 1.6870874166488647, 1.6682995557785034, 1.6563621759414673, 1.5728286504745483, 1.7004053592681885, 1.594650387763977, 1.7353421449661255, 1.6500592231750488, 1.7564092874526978, 1.4821996688842773, 1.579278588294983, 1.7201555967330933, 1.5706089735031128, 1.6259397268295288, 1.7229303121566772, 1.641637921333313, 1.6502573490142822, 1.745582938194275, 1.712683081626892, 1.6184550523757935, 1.6234914064407349, 1.6427611112594604, 1.6501412391662598, 1.6428829431533813, 1.6642687320709229, 1.6539427042007446, 1.6869999170303345, 1.6231820583343506, 1.6380788087844849]",sae,Pre-64
1,beta,6,0.006,0.4540822999211705,0.4457917896713532,0.465963073862699,0.5,0.5933447799067053,0.6654992174798293,30,"[0, 1, 2, 3, 4, 5, 6, 7, 8, 9, 10, 11, 12, 13, 14, 15, 16, 17, 18, 19, 20, 21, 22, 23, 24, 25, 26, 27, 28, 29]","[2.3976025581359863, 2.667409658432007, 2.3323614597320557, 2.6934738159179688, 2.5351550579071045, 2.6148040294647217, 2.6046030521392822, 2.620480537414551, 2.3219544887542725, 2.650074005126953, 2.613147258758545, 2.512674570083618, 2.6277096271514893, 2.4955954551696777, 2.4244890213012695, 2.6984639167785645, 2.4024884700775146, 2.4127655029296875, 2.4136505126953125, 2.5920917987823486, 2.455350875854492, 2.5118870735168457, 2.6409988403320312, 2.3068864345550537, 2.581608772277832, 2.5308914184570312, 2.673581600189209, 2.3307693004608154, 2.326601028442383, 2.6472744941711426]",sae,Pre-64
1,beta,49,0.004,0.462130925118617,0.4524487678230295,0.4709444495829331,0.5,0.6141152509743157,0.6881793797248439,30,"[0, 1, 2, 3, 4, 5, 6, 7, 8, 9, 10, 11, 12, 13, 14, 15, 16, 17, 18, 19, 20, 21, 22, 23, 24, 25, 26, 27, 28, 29]","[2.5025200843811035, 2.575228691101074, 2.7666878700256348, 2.471925973892212, 2.5584704875946045, 2.4169819355010986, 2.8219707012176514, 2.8204784393310547, 2.7577457427978516, 2.8237452507019043, 2.824127197265625, 2.5420193672180176, 2.7176053524017334, 2.8096163272857666, 2.8715717792510986, 2.768106698989868, 2.8528881072998047, 2.838977336883545, 2.811387777328491, 2.6119704246520996, 2.8814306259155273, 2.509215831756592, 2.8491766452789307, 2.732295513153076, 2.689330816268921, 2.826266288757324, 2.5880026817321777, 2.6869473457336426, 2.745044708251953, 2.4539623260498047]",sae,Pre-64
1,beta,7,0.015,0.4564836922581216,0.4420418003909208,0.4600424724645853,0.5,0.6095136152062148,0.697814519446398,30,"[0, 1, 2, 3, 4, 5, 6, 7, 8, 9, 10, 11, 12, 13, 14, 15, 16, 17, 18, 19, 20, 21, 22, 23, 24, 25, 26, 27, 28, 29]","[2.2158360481262207, 2.25445556640625, 2.4894917011260986, 2.5452704429626465, 2.4971537590026855, 2.4729723930358887, 2.525606393814087, 2.1538474559783936, 2.568834066390991, 2.158137083053589, 2.375086545944214, 2.1947951316833496, 2.4595580101013184, 2.346982002258301, 2.518541097640991, 2.3411006927490234, 2.280395030975342, 2.4871058464050293, 2.258012294769287, 2.532320022583008, 2.3215830326080322, 2.557969093322754, 2.573917865753174, 2.4196279048919678, 2.299903392791748, 2.57930588722229, 2.435798168182373, 2.5142662525177, 2.537726879119873, 2.105642557144165]",sae,Pre-64
1,beta,49,0.022,0.462130925118617,0.4524487678230295,0.4678571622140271,0.5,0.6141152509743157,0.6877875991923745,30,"[0, 1, 2, 3, 4, 5, 6, 7, 8, 9, 10, 11, 12, 13, 14, 15, 16, 17, 18, 19, 20, 21, 22, 23, 24, 25, 26, 27, 28, 29]","[2.028134822845459, 2.101264715194702, 2.3106913566589355, 1.9795125722885132, 2.096466302871704, 1.9284645318984985, 2.3631367683410645, 2.3726534843444824, 2.2851815223693848, 2.3651883602142334, 2.3748037815093994, 2.0783514976501465, 2.2458579540252686, 2.353423833847046, 2.413935661315918, 2.295694589614868, 2.3940236568450928, 2.3756422996520996, 2.364316701889038, 2.1352627277374268, 2.4246416091918945, 2.0228958129882812, 2.3792784214019775, 2.258151054382324, 2.2356534004211426, 2.37695574760437, 2.117626190185547, 2.229337453842163, 2.2926666736602783, 1.9677343368530273]",sae,Pre-64
1,beta,31,0.016,0.4497611378811508,0.4308970333737342,0.4496457599728853,0.5,0.642735734520437,0.7089914436029368,30,"[0, 1, 2, 3, 4, 5, 6, 7, 8, 9, 10, 11, 12, 13, 14, 15, 16, 17, 18, 19, 20, 21, 22, 23, 24, 25, 26, 27, 28, 29]","[2.3428990840911865, 2.499441146850586, 2.378775119781494, 2.1932148933410645, 2.2414309978485107, 2.4217984676361084, 2.3005194664001465, 2.2512011528015137, 2.3760557174682617, 2.4028573036193848, 2.390810251235962, 2.1966447830200195, 2.4643657207489014, 2.405768871307373, 2.470759153366089, 2.40864634513855, 2.0882062911987305, 2.4337339401245117, 2.331794500350952, 2.3975117206573486, 2.4407334327697754, 2.325535297393799, 2.3555281162261963, 2.1446852684020996, 2.2176742553710938, 2.429004430770874, 2.2535221576690674, 2.4805400371551514, 2.294534206390381, 2.3104701042175293]",sae,Pre-64
1,beta,0,0.005,0.4600628296558519,0.4487196928272481,0.4505051148893746,0.5,0.6146148452673732,0.7235801663601976,30,"[0, 1, 2, 3, 4, 5, 6, 7, 8, 9, 10, 11, 12, 13, 14, 15, 16, 17, 18, 19, 20, 21, 22, 23, 24, 25, 26, 27, 28, 29]","[2.545644760131836, 2.3855509757995605, 2.5228540897369385, 2.769413948059082, 2.438457489013672, 2.5509772300720215, 2.821925401687622, 2.795311450958252, 2.714860439300537, 2.3455469608306885, 2.656731128692627, 2.34806227684021, 2.517831802368164, 2.7446939945220947, 2.7928521633148193, 2.3371009826660156, 2.6987526416778564, 2.67691969871521, 2.6768603324890137, 2.715151309967041, 2.5644543170928955, 2.6995320320129395, 2.7327969074249268, 2.636873722076416, 2.69988751411438, 2.4668452739715576, 2.74955153465271, 2.6740500926971436, 2.815626382827759, 2.410998582839966]",sae,Pre-64
1,beta,43,0.034,0.4515364523902173,0.4432102910589974,0.4453587758965935,0.5,0.6060785767234989,0.7028228317272054,30,"[0, 1, 2, 3, 4, 5, 6, 7, 8, 9, 10, 11, 12, 13, 14, 15, 16, 17, 18, 19, 20, 21, 22, 23, 24, 25, 26, 27, 28, 29]","[1.7316863536834717, 1.7812176942825317, 1.8122432231903076, 1.671912431716919, 1.7054529190063477, 1.6351670026779175, 1.667340874671936, 1.665773868560791, 1.7219713926315308, 1.6375477313995361, 1.612383246421814, 1.8463983535766602, 1.766419529914856, 1.7121896743774414, 1.6899608373641968, 1.6345583200454712, 1.8022137880325317, 1.669565200805664, 1.7552005052566528, 1.7615171670913696, 1.6805648803710938, 1.6779558658599854, 1.8251147270202637, 1.6955634355545044, 1.6543939113616943, 1.6901381015777588, 1.8377000093460083, 1.6653435230255127, 1.7763880491256714, 1.8342831134796143]",sae,Pre-64
1,beta,31,0.038,0.4497611378811508,0.4308970333737342,0.4351585778494299,0.5,0.642735734520437,0.711105972133896,30,"[0, 1, 2, 3, 4, 5, 6, 7, 8, 9, 10, 11, 12, 13, 14, 15, 16, 17, 18, 19, 20, 21, 22, 23, 24, 25, 26, 27, 28, 29]","[1.714761734008789, 1.6732131242752075, 1.5646464824676514, 1.6033071279525757, 1.6388323307037354, 1.7486072778701782, 1.5970990657806396, 1.6622695922851562, 1.6038163900375366, 1.6974016427993774, 1.623584270477295, 1.665489673614502, 1.7039674520492554, 1.5697643756866455, 1.6986972093582153, 1.6286087036132812, 1.635038137435913, 1.6693092584609985, 1.6785087585449219, 1.6388198137283325, 1.7171592712402344, 1.6472411155700684, 1.7070220708847046, 1.6438219547271729, 1.6565444469451904, 1.6858820915222168, 1.566402792930603, 1.72407865524292, 1.5653456449508667, 1.6605831384658813]",sae,Pre-64
1,beta,7,0.006,0.4564836922581216,0.4420418003909208,0.4616242804275057,0.5,0.6095136152062148,0.6981049732472883,30,"[0, 1, 2, 3, 4, 5, 6, 7, 8, 9, 10, 11, 12, 13, 14, 15, 16, 17, 18, 19, 20, 21, 22, 23, 24, 25, 26, 27, 28, 29]","[2.4546303749084473, 2.4978370666503906, 2.7168447971343994, 2.7736895084381104, 2.7264318466186523, 2.6987600326538086, 2.755746603012085, 2.3941259384155273, 2.80098557472229, 2.4072625637054443, 2.6031110286712646, 2.430189371109009, 2.6873409748077393, 2.5756990909576416, 2.756355047225952, 2.5786049365997314, 2.5145790576934814, 2.7164087295532227, 2.4924404621124268, 2.7602365016937256, 2.5613629817962646, 2.7829806804656982, 2.8025248050689697, 2.6463773250579834, 2.5395493507385254, 2.811312198638916, 2.6637496948242188, 2.7379708290100098, 2.769643545150757, 2.344254970550537]",sae,Pre-64
1,beta,17,0.01,0.4599327030141671,0.4513468217402507,0.4651350182713018,0.5,0.6120635717004715,0.6909141822880737,30,"[0, 1, 2, 3, 4, 5, 6, 7, 8, 9, 10, 11, 12, 13, 14, 15, 16, 17, 18, 19, 20, 21, 22, 23, 24, 25, 26, 27, 28, 29]","[2.5772101879119873, 2.5250000953674316, 2.5809009075164795, 2.4238314628601074, 2.580432891845703, 2.281602144241333, 2.33642578125, 2.207852840423584, 2.553104877471924, 2.4735357761383057, 2.617821216583252, 2.635972499847412, 2.3796226978302, 2.6333441734313965, 2.5121147632598877, 2.1975672245025635, 2.2852346897125244, 2.550477981567383, 2.5366318225860596, 2.3696913719177246, 2.4835517406463623, 2.520618438720703, 2.4761056900024414, 2.573742389678955, 2.5643978118896484, 2.6087183952331543, 2.3779749870300293, 2.618501663208008, 2.5719923973083496, 2.3411126136779785]",sae,Pre-64
1,beta,0,0.024,0.4600628296558519,0.4487196928272481,0.4386271704486623,0.5,0.6146148452673732,0.72264631043257,30,"[0, 1, 2, 3, 4, 5, 6, 7, 8, 9, 10, 11, 12, 13, 14, 15, 16, 17, 18, 19, 20, 21, 22, 23, 24, 25, 26, 27, 28, 29]","[1.7264729738235474, 1.7345608472824097, 1.774487853050232, 1.8386380672454834, 1.695162057876587, 1.765303373336792, 1.835176706314087, 1.85857355594635, 1.8341498374938965, 1.6991833448410034, 1.777342438697815, 1.7149465084075928, 1.8368579149246216, 1.8398536443710327, 1.8521480560302734, 1.7173799276351929, 1.8413108587265015, 1.7251371145248413, 1.7363826036453247, 1.8509172201156616, 1.6982864141464233, 1.7183356285095215, 1.8373287916183472, 1.7185695171356201, 1.7379618883132935, 1.698507308959961, 1.8198111057281494, 1.6886883974075317, 1.8690834045410156, 1.6992665529251099]",sae,Pre-64
1,beta,8,0.015,0.4517491928182039,0.4406431065890545,0.456305424707367,0.5,0.6098144493254953,0.6798851184539094,30,"[0, 1, 2, 3, 4, 5, 6, 7, 8, 9, 10, 11, 12, 13, 14, 15, 16, 17, 18, 19, 20, 21, 22, 23, 24, 25, 26, 27, 28, 29]","[2.3743648529052734, 2.378723382949829, 2.220822811126709, 2.1688265800476074, 2.4410336017608643, 2.2572836875915527, 2.416830539703369, 2.3719348907470703, 2.073498487472534, 2.2276132106781006, 2.53495192527771, 2.446000337600708, 1.9982571601867676, 2.147228956222534, 2.467726469039917, 2.421025514602661, 2.1695687770843506, 2.395519495010376, 2.32924747467041, 2.2838830947875977, 2.3750619888305664, 2.3629348278045654, 2.466754198074341, 2.4106359481811523, 2.4936323165893555, 2.4517104625701904, 2.199788808822632, 2.43908429145813, 2.266568899154663, 2.3647212982177734]",sae,Pre-64
1,beta,1,0.005,0.4560357198099471,0.4497423189216591,0.4649845198648975,0.5,0.5964054457666336,0.6887469306322896,30,"[0, 1, 2, 3, 4, 5, 6, 7, 8, 9, 10, 11, 12, 13, 14, 15, 16, 17, 18, 19, 20, 21, 22, 23, 24, 25, 26, 27, 28, 29]","[2.7945923805236816, 2.6818835735321045, 2.697688579559326, 2.5744950771331787, 2.7268760204315186, 2.685626268386841, 2.770413398742676, 2.3699400424957275, 2.412100315093994, 2.356637716293335, 2.445632219314575, 2.7378530502319336, 2.7857816219329834, 2.5567097663879395, 2.7763781547546387, 2.7387735843658447, 2.696148633956909, 2.7450616359710693, 2.7574331760406494, 2.7347705364227295, 2.8135359287261963, 2.337022304534912, 2.555701971054077, 2.6728615760803223, 2.688326597213745, 2.3742103576660156, 2.7059695720672607, 2.4406795501708984, 2.763092041015625, 2.5195605754852295]",sae,Pre-64
1,beta,5,0.025,0.4445517550333296,0.4301735816232515,0.4380604866243895,0.5,0.6070910659257547,0.6822115474769194,30,"[0, 1, 2, 3, 4, 5, 6, 7, 8, 9, 10, 11, 12, 13, 14, 15, 16, 17, 18, 19, 20, 21, 22, 23, 24, 25, 26, 27, 28, 29]","[1.7967828512191772, 1.6148935556411743, 1.6076464653015137, 1.7677528858184814, 1.764780879020691, 1.7497813701629639, 1.7188458442687988, 1.6452339887619019, 1.7301117181777954, 1.6168957948684692, 1.7418138980865479, 1.7815102338790894, 1.739229679107666, 1.6982594728469849, 1.7621793746948242, 1.7417337894439697, 1.722060203552246, 1.7706938982009888, 1.6294879913330078, 1.7059932947158813, 1.7871434688568115, 1.6888400316238403, 1.8125110864639282, 1.6183563470840454, 1.7247463464736938, 1.7825613021850586, 1.6265872716903687, 1.7265881299972534, 1.75635826587677, 1.7395426034927368]",sae,Pre-64
1,beta,15,0.02,0.4529015220185267,0.4424399871594601,0.4516534423329114,0.5,0.6161071485640408,0.7122111012652711,30,"[0, 1, 2, 3, 4, 5, 6, 7, 8, 9, 10, 11, 12, 13, 14, 15, 16, 17, 18, 19, 20, 21, 22, 23, 24, 25, 26, 27, 28, 29]","[2.286780595779419, 2.3243186473846436, 2.353733539581299, 2.214325428009033, 2.3667452335357666, 2.0204997062683105, 2.034571886062622, 1.9490625858306885, 2.2721972465515137, 2.208733320236206, 2.370375394821167, 2.179579496383667, 2.299522876739502, 2.1964831352233887, 1.957459568977356, 2.3414478302001953, 2.1142072677612305, 2.456186294555664, 2.146317958831787, 2.344726085662842, 2.2695300579071045, 2.421464681625366, 1.9393932819366455, 2.3118927478790283, 2.3046951293945312, 2.2961409091949463, 2.4318346977233887, 2.4699835777282715, 2.218942165374756, 2.149616241455078]",sae,Pre-64
1,beta,48,0.006,0.4556814132376,0.4510566266980289,0.5124811797059136,0.5,0.5923878577171784,0.6009634440505985,30,"[0, 1, 2, 3, 4, 5, 6, 7, 8, 9, 10, 11, 12, 13, 14, 15, 16, 17, 18, 19, 20, 21, 22, 23, 24, 25, 26, 27, 28, 29]","[2.8469042778015137, 2.6545562744140625, 2.5452001094818115, 2.6667189598083496, 2.787252902984619, 2.473790407180786, 2.5145671367645264, 2.7657477855682373, 2.7336599826812744, 2.7009894847869873, 2.5539727210998535, 2.7565817832946777, 2.6118385791778564, 2.46337628364563, 2.4745302200317383, 2.4612812995910645, 2.8723950386047363, 2.830609083175659, 2.7931389808654785, 2.730769157409668, 2.4490551948547363, 2.8481736183166504, 2.862062454223633, 2.758707046508789, 2.713925838470459, 2.801081657409668, 2.784867763519287, 2.907109498977661, 2.6289114952087402, 2.774702548980713]",sae,Pre-64
1,beta,7,0.032,0.4564836922581216,0.4420418003909208,0.4446708506927547,0.5,0.6095136152062148,0.7012203482791718,30,"[0, 1, 2, 3, 4, 5, 6, 7, 8, 9, 10, 11, 12, 13, 14, 15, 16, 17, 18, 19, 20, 21, 22, 23, 24, 25, 26, 27, 28, 29]","[1.6352437734603882, 1.7084261178970337, 1.7443063259124756, 1.7275229692459106, 1.72781503200531, 1.6832464933395386, 1.744521141052246, 1.6639870405197144, 1.8025072813034058, 1.688027262687683, 1.6187316179275513, 1.664289951324463, 1.604290246963501, 1.646230936050415, 1.8253148794174194, 1.727586030960083, 1.6584359407424927, 1.688483476638794, 1.7514952421188354, 1.7354811429977417, 1.7243882417678833, 1.8076313734054565, 1.7768793106079102, 1.654563307762146, 1.7970173358917236, 1.8278486728668213, 1.6462422609329224, 1.6589161157608032, 1.789481282234192, 1.648123025894165]",sae,Pre-64
1,beta,46,0.016,0.4545712902572906,0.4417269056853911,0.4770443622075254,0.5,0.6270377926330811,0.6874127678623618,30,"[0, 1, 2, 3, 4, 5, 6, 7, 8, 9, 10, 11, 12, 13, 14, 15, 16, 17, 18, 19, 20, 21, 22, 23, 24, 25, 26, 27, 28, 29]","[2.318230628967285, 2.492340087890625, 2.5459206104278564, 2.408477544784546, 2.267857074737549, 2.2254674434661865, 2.216240644454956, 2.5716936588287354, 2.544257402420044, 2.65309476852417, 2.4337422847747803, 2.478393793106079, 2.590900421142578, 2.4403862953186035, 2.3374674320220947, 2.5625081062316895, 2.440385341644287, 2.55051589012146, 2.619807004928589, 2.460019111633301, 2.5095863342285156, 2.563920259475708, 2.522202730178833, 2.303983211517334, 2.1833484172821045, 2.281466007232666, 2.542884349822998, 2.202343225479126, 2.5444440841674805, 2.554863929748535]",sae,Pre-64
1,beta,29,0.03,0.4558655961502112,0.4409050416793991,0.4606925022297189,0.5,0.6296548282533407,0.6745767588653226,30,"[0, 1, 2, 3, 4, 5, 6, 7, 8, 9, 10, 11, 12, 13, 14, 15, 16, 17, 18, 19, 20, 21, 22, 23, 24, 25, 26, 27, 28, 29]","[1.6433485746383667, 1.6745169162750244, 1.364060878753662, 1.7663031816482544, 1.7053824663162231, 1.6353834867477417, 1.8008184432983398, 1.607154130935669, 1.7179181575775146, 1.7589281797409058, 1.6677980422973633, 1.7379282712936401, 1.7554854154586792, 1.658182978630066, 1.7223526239395142, 1.6594935655593872, 1.715633511543274, 1.705966591835022, 1.653259038925171, 1.6830090284347534, 1.768877387046814, 1.8120635747909546, 1.6821502447128296, 1.672913908958435, 1.7241519689559937, 1.5661067962646484, 1.6427992582321167, 1.7861093282699585, 1.8207261562347412, 1.6277060508728027]",sae,Pre-64
1,beta,47,0.0155,0.4460371044958436,0.4257646434940195,0.4217240982027479,0.5,0.6434257056516428,0.7369880408924323,30,"[0, 1, 2, 3, 4, 5, 6, 7, 8, 9, 10, 11, 12, 13, 14, 15, 16, 17, 18, 19, 20, 21, 22, 23, 24, 25, 26, 27, 28, 29]","[2.459951877593994, 2.3607237339019775, 2.3759653568267822, 2.108024835586548, 2.4411814212799072, 2.4976041316986084, 2.337844133377075, 2.451594829559326, 2.227154493331909, 2.1830155849456787, 2.391172409057617, 2.340738296508789, 2.1700501441955566, 2.489279270172119, 2.4208784103393555, 2.368062734603882, 2.150982618331909, 2.5066990852355957, 2.3395040035247803, 2.1998682022094727, 2.4650626182556152, 2.3141744136810303, 2.4310758113861084, 2.2624731063842773, 2.4139275550842285, 2.2974846363067627, 2.196641683578491, 2.396825075149536, 2.3822896480560303, 2.436699151992798]",sae,Pre-64
1,beta,32,0.016,0.4555596844830426,0.4475674839123162,0.4884525303837475,0.5,0.5924839124839124,0.6426725501011216,30,"[0, 1, 2, 3, 4, 5, 6, 7, 8, 9, 10, 11, 12, 13, 14, 15, 16, 17, 18, 19, 20, 21, 22, 23, 24, 25, 26, 27, 28, 29]","[2.439018964767456, 2.3804078102111816, 2.476764678955078, 2.4243624210357666, 2.400318145751953, 2.14444637298584, 2.3437352180480957, 2.373173952102661, 2.36209774017334, 2.264439582824707, 2.242865800857544, 2.394969940185547, 2.423095464706421, 2.12092924118042, 2.1324989795684814, 2.1000702381134033, 2.3125205039978027, 2.35042667388916, 2.1494200229644775, 2.3332278728485107, 2.4518332481384277, 2.2697157859802246, 2.1474390029907227, 2.43418288230896, 2.287132978439331, 2.301969289779663, 2.4556987285614014, 2.3710155487060547, 2.3370065689086914, 2.397071123123169]",sae,Pre-64
1,beta,32,0.038,0.4555596844830426,0.4475674839123162,0.475465011105612,0.5,0.5924839124839124,0.6372377275234418,30,"[0, 1, 2, 3, 4, 5, 6, 7, 8, 9, 10, 11, 12, 13, 14, 15, 16, 17, 18, 19, 20, 21, 22, 23, 24, 25, 26, 27, 28, 29]","[1.7516251802444458, 1.6547011137008667, 1.7564250230789185, 1.6903226375579834, 1.6711063385009766, 1.7106678485870361, 1.6659551858901978, 1.6669098138809204, 1.6296972036361694, 1.634227991104126, 1.6951425075531006, 1.6426876783370972, 1.7001718282699585, 1.5919619798660278, 1.5885390043258667, 1.5938198566436768, 1.6078567504882812, 1.7038253545761108, 1.6349163055419922, 1.6685651540756226, 1.7458921670913696, 1.6842877864837646, 1.561682105064392, 1.7547298669815063, 1.687471866607666, 1.6007105112075806, 1.7308812141418457, 1.5797330141067505, 1.7640535831451416, 1.7461364269256592]",sae,Pre-64
1,beta,37,0.018,0.4546908257221888,0.444978337644671,0.446730497645406,0.5,0.6058579085235571,0.7152436595405657,30,"[0, 1, 2, 3, 4, 5, 6, 7, 8, 9, 10, 11, 12, 13, 14, 15, 16, 17, 18, 19, 20, 21, 22, 23, 24, 25, 26, 27, 28, 29]","[2.1036853790283203, 2.3495326042175293, 2.103411912918091, 2.2592554092407227, 2.3305327892303467, 2.412241220474243, 2.422804355621338, 2.043104410171509, 2.0817811489105225, 2.21004056930542, 2.308068037033081, 2.1039299964904785, 2.3583343029022217, 2.2716376781463623, 2.426530361175537, 2.1056222915649414, 2.292987108230591, 2.358492136001587, 2.165559768676758, 2.1304211616516113, 2.281996488571167, 2.4437384605407715, 2.406761646270752, 2.4002280235290527, 2.356553554534912, 2.4064626693725586, 2.403585433959961, 2.416623115539551, 2.4141547679901123, 2.4128267765045166]",sae,Pre-64
1,beta,9,0.015,0.448644851968101,0.4348910401892977,0.4731292564674311,0.5,0.6286670530281078,0.6723022312373225,30,"[0, 1, 2, 3, 4, 5, 6, 7, 8, 9, 10, 11, 12, 13, 14, 15, 16, 17, 18, 19, 20, 21, 22, 23, 24, 25, 26, 27, 28, 29]","[2.4831645488739014, 2.1517128944396973, 2.605550527572632, 2.5411014556884766, 2.2504444122314453, 2.318159818649292, 2.4736123085021973, 2.5306735038757324, 2.5961074829101562, 2.3674228191375732, 2.269822835922241, 2.401242256164551, 2.185682535171509, 2.5157968997955322, 2.5731043815612793, 2.2563350200653076, 2.5016860961914062, 2.527509927749634, 2.5499989986419678, 2.203096866607666, 2.577880620956421, 2.5696983337402344, 2.1997289657592773, 2.574103593826294, 2.4711623191833496, 2.580112934112549, 2.5391757488250732, 2.4596800804138184, 2.326958656311035, 2.5333733558654785]",sae,Pre-64
1,beta,1,0.024,0.4560357198099471,0.4497423189216591,0.4541388547617733,0.5,0.5964054457666336,0.6836323015535724,30,"[0, 1, 2, 3, 4, 5, 6, 7, 8, 9, 10, 11, 12, 13, 14, 15, 16, 17, 18, 19, 20, 21, 22, 23, 24, 25, 26, 27, 28, 29]","[1.77133309841156, 1.6278284788131714, 1.7213308811187744, 1.5937740802764893, 1.7353912591934204, 1.576967477798462, 1.6452289819717407, 1.6494495868682861, 1.5518608093261719, 1.6301077604293823, 1.6504926681518555, 1.7084521055221558, 1.7562029361724854, 1.6101279258728027, 1.7495805025100708, 1.64159095287323, 1.590890884399414, 1.668880820274353, 1.730056881904602, 1.7521113157272339, 1.7702440023422241, 1.647723913192749, 1.6728287935256958, 1.6239887475967407, 1.5893291234970093, 1.597180962562561, 1.669198751449585, 1.6422230005264282, 1.7578341960906982, 1.6778643131256104]",sae,Pre-64
1,beta,18,0.01,0.4575117633693479,0.4471831599677374,0.44079850142457,0.5,0.6052065040104606,0.7326913951703588,30,"[0, 1, 2, 3, 4, 5, 6, 7, 8, 9, 10, 11, 12, 13, 14, 15, 16, 17, 18, 19, 20, 21, 22, 23, 24, 25, 26, 27, 28, 29]","[2.547360897064209, 2.4758663177490234, 2.605247735977173, 2.2597904205322266, 2.3175275325775146, 2.330029249191284, 2.6669604778289795, 2.2535250186920166, 2.367037057876587, 2.32269287109375, 2.6512391567230225, 2.6030547618865967, 2.3754191398620605, 2.566592216491699, 2.386047840118408, 2.5213429927825928, 2.554918050765991, 2.202659845352173, 2.4432599544525146, 2.4405035972595215, 2.652907371520996, 2.5185630321502686, 2.6290252208709717, 2.543517589569092, 2.6101765632629395, 2.4583351612091064, 2.5938456058502197, 2.6162803173065186, 2.425872564315796, 2.3204338550567627]",sae,Pre-64
1,beta,37,0.04,0.4546908257221888,0.444978337644671,0.4341384456264731,0.5,0.6058579085235571,0.7172490071341484,30,"[0, 1, 2, 3, 4, 5, 6, 7, 8, 9, 10, 11, 12, 13, 14, 15, 16, 17, 18, 19, 20, 21, 22, 23, 24, 25, 26, 27, 28, 29]","[1.4834370613098145, 1.5453401803970337, 1.5200142860412598, 1.4959194660186768, 1.4478284120559692, 1.5555471181869507, 1.5213711261749268, 1.5700922012329102, 1.6161373853683472, 1.5559991598129272, 1.5200270414352417, 1.527997612953186, 1.5544633865356445, 1.5587952136993408, 1.5920394659042358, 1.5364656448364258, 1.5260282754898071, 1.5700560808181763, 1.5423425436019897, 1.5396238565444946, 1.5662492513656616, 1.5751909017562866, 1.5993618965148926, 1.5834810733795166, 1.5418734550476074, 1.579946756362915, 1.5482394695281982, 1.578065276145935, 1.5801465511322021, 1.5945284366607666]",sae,Pre-64
1,beta,4,0.014,0.4589558369307028,0.4477177462853796,0.489017496079772,0.5,0.61034827708266,0.6505055635070871,30,"[0, 1, 2, 3, 4, 5, 6, 7, 8, 9, 10, 11, 12, 13, 14, 15, 16, 17, 18, 19, 20, 21, 22, 23, 24, 25, 26, 27, 28, 29]","[2.453657388687134, 2.5253467559814453, 2.2037458419799805, 2.5687527656555176, 2.457747459411621, 2.4873013496398926, 2.531229019165039, 2.4444775581359863, 2.0799400806427, 2.5968894958496094, 2.321506977081299, 2.445439100265503, 2.5930988788604736, 2.1422784328460693, 2.1953394412994385, 2.367422580718994, 2.5137877464294434, 2.291483163833618, 2.4974238872528076, 2.2408218383789062, 2.471355676651001, 2.326937198638916, 2.1721341609954834, 2.420705795288086, 2.52842378616333, 2.5381219387054443, 2.4701449871063232, 2.4854235649108887, 2.554490566253662, 2.252058267593384]",sae,Pre-64
1,beta,29,0.014,0.4558655961502112,0.4409050416793991,0.4708673024653449,0.5,0.6296548282533407,0.6788252801251627,30,"[0, 1, 2, 3, 4, 5, 6, 7, 8, 9, 10, 11, 12, 13, 14, 15, 16, 17, 18, 19, 20, 21, 22, 23, 24, 25, 26, 27, 28, 29]","[2.1676790714263916, 2.459941864013672, 1.9116792678833008, 2.4749057292938232, 2.4441304206848145, 2.1227047443389893, 2.5076448917388916, 2.1212730407714844, 2.3891043663024902, 2.456935405731201, 2.335172176361084, 2.4429783821105957, 2.4253809452056885, 2.129359483718872, 2.311493396759033, 2.1088945865631104, 2.388645648956299, 2.437412738800049, 2.422912359237671, 2.4340882301330566, 2.2760298252105713, 2.4821932315826416, 2.441317081451416, 2.411670684814453, 2.462144374847412, 2.2679576873779297, 2.146374225616455, 2.5182220935821533, 2.409768581390381, 2.392655849456787]",sae,Pre-64
1,beta,26,0.008,0.4502231978181314,0.4442488029476733,0.4851241624820501,0.5,0.5832450787939482,0.6478237686091528,30,"[0, 1, 2, 3, 4, 5, 6, 7, 8, 9, 10, 11, 12, 13, 14, 15, 16, 17, 18, 19, 20, 21, 22, 23, 24, 25, 26, 27, 28, 29]","[2.4299042224884033, 2.6361706256866455, 2.749009370803833, 2.5222198963165283, 2.424286365509033, 2.6226961612701416, 2.7457656860351562, 2.649674415588379, 2.64225697517395, 2.411534547805786, 2.6915225982666016, 2.8158886432647705, 2.74119234085083, 2.751962423324585, 2.7219252586364746, 2.759204626083374, 2.4650778770446777, 2.5361175537109375, 2.5192058086395264, 2.6003763675689697, 2.303668737411499, 2.7916431427001953, 2.70949649810791, 2.7326767444610596, 2.765012741088867, 2.7597875595092773, 2.4439263343811035, 2.72367787361145, 2.7155678272247314, 2.342200517654419]",sae,Pre-64
1,beta,42,0.008,0.4546678683050885,0.4407690563496341,0.4780063488161559,0.5,0.6336081445133979,0.6575564054457113,30,"[0, 1, 2, 3, 4, 5, 6, 7, 8, 9, 10, 11, 12, 13, 14, 15, 16, 17, 18, 19, 20, 21, 22, 23, 24, 25, 26, 27, 28, 29]","[2.6999385356903076, 2.587911605834961, 2.705611228942871, 2.7436554431915283, 2.5326032638549805, 2.695974111557007, 2.694159984588623, 2.6312179565429688, 2.535975933074951, 2.574902296066284, 2.460057497024536, 2.7330477237701416, 2.629298448562622, 2.5763394832611084, 2.7509138584136963, 2.360569477081299, 2.2061767578125, 2.5557703971862793, 2.4406206607818604, 2.616237163543701, 2.670767307281494, 2.2711360454559326, 2.7550179958343506, 2.3800458908081055, 2.361126184463501, 2.453235149383545, 2.775009870529175, 2.2631499767303467, 2.6733548641204834, 2.450535535812378]",sae,Pre-64
1,beta,47,0.035,0.4460371044958436,0.4257646434940195,0.4112778903756428,0.5,0.6434257056516428,0.7353573265607921,30,"[0, 1, 2, 3, 4, 5, 6, 7, 8, 9, 10, 11, 12, 13, 14, 15, 16, 17, 18, 19, 20, 21, 22, 23, 24, 25, 26, 27, 28, 29]","[1.8547682762145996, 1.6699672937393188, 1.6669032573699951, 1.663771629333496, 1.7866520881652832, 1.8223576545715332, 1.7427903413772583, 1.8487863540649414, 1.7854416370391846, 1.6838501691818237, 1.7198294401168823, 1.6639015674591064, 1.6900486946105957, 1.8508269786834717, 1.6714516878128052, 1.831895351409912, 1.7024065256118774, 1.7930660247802734, 1.6375521421432495, 1.661737322807312, 1.6974154710769653, 1.7743204832077026, 1.85171639919281, 1.6793570518493652, 1.7566667795181274, 1.643418788909912, 1.5902550220489502, 1.837204098701477, 1.6379473209381104, 1.7133135795593262]",sae,Pre-64
1,beta,6,0.025,0.4540822999211705,0.4457917896713532,0.4522497174919515,0.5,0.5933447799067053,0.6652621822436298,30,"[0, 1, 2, 3, 4, 5, 6, 7, 8, 9, 10, 11, 12, 13, 14, 15, 16, 17, 18, 19, 20, 21, 22, 23, 24, 25, 26, 27, 28, 29]","[1.682276725769043, 1.7267444133758545, 1.609464406967163, 1.744581937789917, 1.5988740921020508, 1.6461859941482544, 1.6242752075195312, 1.6770316362380981, 1.5806485414505005, 1.7058072090148926, 1.6270924806594849, 1.587339997291565, 1.6284353733062744, 1.58243989944458, 1.3957016468048096, 1.7230806350708008, 1.604833960533142, 1.6707439422607422, 1.6618136167526245, 1.6592003107070923, 1.6470050811767578, 1.5916558504104614, 1.7209676504135132, 1.6303291320800781, 1.5903809070587158, 1.6694624423980713, 1.6350113153457642, 1.5762920379638672, 1.6353058815002441, 1.6813827753067017]",sae,Pre-64
1,beta,33,0.016,0.4492211383258522,0.4377959816952598,0.4592373414638996,0.5,0.6165210074526608,0.6819877533126865,30,"[0, 1, 2, 3, 4, 5, 6, 7, 8, 9, 10, 11, 12, 13, 14, 15, 16, 17, 18, 19, 20, 21, 22, 23, 24, 25, 26, 27, 28, 29]","[2.4469494819641113, 2.42678165435791, 2.2571277618408203, 2.253598690032959, 2.1922554969787598, 2.5207207202911377, 2.104670763015747, 2.4805266857147217, 2.347864866256714, 2.4477968215942383, 2.1783182621002197, 2.4350247383117676, 2.455068349838257, 2.0546553134918213, 2.482313632965088, 2.4366869926452637, 2.4555599689483643, 2.3239381313323975, 2.419858694076538, 2.400071382522583, 2.433529853820801, 2.1225318908691406, 2.47585391998291, 2.4056806564331055, 2.468745708465576, 2.418149709701538, 2.3800485134124756, 2.1395161151885986, 2.209709405899048, 2.12311053276062]",sae,Pre-64
1,beta,26,0.026,0.4502231978181314,0.4442488029476733,0.482018584049447,0.5,0.5832450787939482,0.6480733923272464,30,"[0, 1, 2, 3, 4, 5, 6, 7, 8, 9, 10, 11, 12, 13, 14, 15, 16, 17, 18, 19, 20, 21, 22, 23, 24, 25, 26, 27, 28, 29]","[1.9537498950958252, 2.174795150756836, 2.2811264991760254, 2.066067695617676, 1.9455273151397705, 2.1515486240386963, 2.2909016609191895, 2.202347755432129, 2.165590524673462, 1.9340054988861084, 2.250112771987915, 2.351165294647217, 2.2703211307525635, 2.2939553260803223, 2.248046398162842, 2.310391902923584, 1.9829190969467163, 2.076791286468506, 2.0417425632476807, 2.1255133152008057, 1.8132199048995972, 2.33553409576416, 2.252516269683838, 2.2786409854888916, 2.298917770385742, 2.2992331981658936, 1.9660671949386597, 2.2673416137695312, 2.273193359375, 1.845758080482483]",sae,Pre-64
1,beta,4,0.03,0.4589558369307028,0.4477177462853796,0.4721481019251882,0.5,0.61034827708266,0.654076057681949,30,"[0, 1, 2, 3, 4, 5, 6, 7, 8, 9, 10, 11, 12, 13, 14, 15, 16, 17, 18, 19, 20, 21, 22, 23, 24, 25, 26, 27, 28, 29]","[1.8313586711883545, 1.8387809991836548, 1.6744590997695923, 1.8440229892730713, 1.6848915815353394, 1.7234687805175781, 1.8401447534561157, 1.6976897716522217, 1.6959381103515625, 1.8339422941207886, 1.7936506271362305, 1.7134455442428589, 1.8401590585708618, 1.6630758047103882, 1.674708366394043, 1.7289265394210815, 1.7657886743545532, 1.7783403396606445, 1.7264333963394165, 1.7773433923721313, 1.7448922395706177, 1.7867594957351685, 1.717542052268982, 1.6984038352966309, 1.7677232027053833, 1.7533618211746216, 1.6884962320327759, 1.7240813970565796, 1.8030437231063843, 1.6934890747070312]",sae,Pre-64
1,beta,17,0.028,0.4599327030141671,0.4513468217402507,0.4518031868121864,0.5,0.6120635717004715,0.6939682141497641,30,"[0, 1, 2, 3, 4, 5, 6, 7, 8, 9, 10, 11, 12, 13, 14, 15, 16, 17, 18, 19, 20, 21, 22, 23, 24, 25, 26, 27, 28, 29]","[1.8035054206848145, 1.6837424039840698, 1.7353907823562622, 1.6882165670394897, 1.8425382375717163, 1.691611647605896, 1.765204906463623, 1.5775953531265259, 1.7138882875442505, 1.768034815788269, 1.7807360887527466, 1.809035301208496, 1.7156484127044678, 1.820616602897644, 1.7028591632843018, 1.6694668531417847, 1.7615175247192383, 1.7420964241027832, 1.7725878953933716, 1.7413591146469116, 1.6948240995407104, 1.7539080381393433, 1.6156620979309082, 1.7287143468856812, 1.8031269311904907, 1.7466996908187866, 1.689918875694275, 1.7436304092407227, 1.7316275835037231, 1.7524925470352173]",sae,Pre-64
1,beta,33,0.038,0.4492211383258522,0.4377959816952598,0.4373015226017047,0.5,0.6165210074526608,0.6907909436737234,30,"[0, 1, 2, 3, 4, 5, 6, 7, 8, 9, 10, 11, 12, 13, 14, 15, 16, 17, 18, 19, 20, 21, 22, 23, 24, 25, 26, 27, 28, 29]","[1.7020477056503296, 1.7474582195281982, 1.6941511631011963, 1.6407179832458496, 1.5798991918563843, 1.7890011072158813, 1.5992655754089355, 1.7627243995666504, 1.7347326278686523, 1.7443671226501465, 1.6606968641281128, 1.7617233991622925, 1.745935320854187, 1.5795618295669556, 1.6667182445526123, 1.7207608222961426, 1.6490776538848877, 1.6195589303970337, 1.768925428390503, 1.7840126752853394, 1.6698166131973267, 1.5874853134155273, 1.7738893032073975, 1.700743556022644, 1.768519639968872, 1.69002366065979, 1.6321470737457275, 1.577416181564331, 1.5865387916564941, 1.6210228204727173]",sae,Pre-64
1,beta,16,0.02,0.4519396108125126,0.4401978349795346,0.4459222166493906,0.5,0.6159012314439947,0.7221870782726046,30,"[0, 1, 2, 3, 4, 5, 6, 7, 8, 9, 10, 11, 12, 13, 14, 15, 16, 17, 18, 19, 20, 21, 22, 23, 24, 25, 26, 27, 28, 29]","[2.319751739501953, 2.000023365020752, 2.292323112487793, 2.286564350128174, 2.4089529514312744, 2.2165400981903076, 2.291259765625, 2.2618257999420166, 1.9189237356185913, 2.1695117950439453, 2.349513053894043, 1.9769819974899292, 2.2692112922668457, 2.112940788269043, 2.163001775741577, 2.063222646713257, 1.9561101198196411, 2.327467441558838, 2.0829758644104004, 2.321373462677002, 2.0357470512390137, 2.2884507179260254, 2.01704478263855, 2.284236431121826, 2.277921438217163, 2.275209665298462, 2.1672537326812744, 1.9203693866729736, 2.110562324523926, 2.0893778800964355]",sae,Pre-64
1,beta,19,0.01,0.4469965829377276,0.435497383761294,0.4313534087440276,0.5,0.6104665954706788,0.7178722869617112,30,"[0, 1, 2, 3, 4, 5, 6, 7, 8, 9, 10, 11, 12, 13, 14, 15, 16, 17, 18, 19, 20, 21, 22, 23, 24, 25, 26, 27, 28, 29]","[2.2844576835632324, 2.6005005836486816, 2.4670212268829346, 2.320706844329834, 2.6028144359588623, 2.643544912338257, 2.5362279415130615, 2.3559305667877197, 2.5584850311279297, 2.652308702468872, 2.629227876663208, 2.637559652328491, 2.6145055294036865, 2.235170364379883, 2.5606555938720703, 2.4705991744995117, 2.4269447326660156, 2.6559770107269287, 2.215501070022583, 2.1975419521331787, 2.652416706085205, 2.5339815616607666, 2.5358781814575195, 2.190450429916382, 2.1380274295806885, 2.5776376724243164, 2.7047245502471924, 2.639277696609497, 2.6279211044311523, 2.4957499504089355]",sae,Pre-64
1,beta,42,0.026,0.4546678683050885,0.4407690563496341,0.4613175522564166,0.5,0.6336081445133979,0.6595979458315293,30,"[0, 1, 2, 3, 4, 5, 6, 7, 8, 9, 10, 11, 12, 13, 14, 15, 16, 17, 18, 19, 20, 21, 22, 23, 24, 25, 26, 27, 28, 29]","[1.8101192712783813, 1.6952191591262817, 1.8044971227645874, 1.8249075412750244, 1.778908371925354, 1.7956417798995972, 1.772512435913086, 1.709703803062439, 1.6572967767715454, 1.8192087411880493, 1.7849050760269165, 1.817355751991272, 1.6887491941452026, 1.470923662185669, 1.8249225616455078, 1.6903218030929565, 1.624670147895813, 1.6172617673873901, 1.7952011823654175, 1.831221103668213, 1.7208662033081055, 1.6707426309585571, 1.737596869468689, 1.6364049911499023, 1.6753666400909424, 1.6383061408996582, 1.8486106395721436, 1.62361478805542, 1.7431410551071167, 1.6605833768844604]",sae,Pre-64
1,beta,30,0.03,0.4638407167611665,0.4544841508273655,0.4424051611773018,0.5,0.6043368975359404,0.6964569692975544,30,"[0, 1, 2, 3, 4, 5, 6, 7, 8, 9, 10, 11, 12, 13, 14, 15, 16, 17, 18, 19, 20, 21, 22, 23, 24, 25, 26, 27, 28, 29]","[1.7591986656188965, 1.7510017156600952, 1.7167088985443115, 1.6722543239593506, 1.6752605438232422, 1.6523244380950928, 1.6666754484176636, 1.6310383081436157, 1.6048429012298584, 1.6655428409576416, 1.6785041093826294, 1.669736385345459, 1.6241307258605957, 1.6720811128616333, 1.728986382484436, 1.7322553396224976, 1.6380043029785156, 1.6766031980514526, 1.7493555545806885, 1.6473873853683472, 1.6969575881958008, 1.6469272375106812, 1.7500286102294922, 1.659507393836975, 1.7506927251815796, 1.6781421899795532, 1.6328365802764893, 1.662225604057312, 1.7173632383346558, 1.6588683128356934]",sae,Pre-64
1,beta,8,0.032,0.4517491928182039,0.4406431065890545,0.4442244840581275,0.5,0.6098144493254953,0.6807658298140249,30,"[0, 1, 2, 3, 4, 5, 6, 7, 8, 9, 10, 11, 12, 13, 14, 15, 16, 17, 18, 19, 20, 21, 22, 23, 24, 25, 26, 27, 28, 29]","[1.7024966478347778, 1.8078933954238892, 1.6931413412094116, 1.7007540464401245, 1.8138842582702637, 1.7361739873886108, 1.777943730354309, 1.6732102632522583, 1.6937302350997925, 1.7842659950256348, 1.8137614727020264, 1.7280972003936768, 1.6335092782974243, 1.6933386325836182, 1.7602349519729614, 1.6859521865844727, 1.6479594707489014, 1.7320019006729126, 1.6176626682281494, 1.7442692518234253, 1.6729708909988403, 1.6263912916183472, 1.7662954330444336, 1.7195632457733154, 1.7676273584365845, 1.7716871500015259, 1.6710737943649292, 1.7524837255477905, 1.7436304092407227, 1.7719142436981201]",sae,Pre-64
1,beta,48,0.0155,0.4556814132376,0.4510566266980289,0.5111089086427549,0.5,0.5923878577171784,0.6000567647758286,30,"[0, 1, 2, 3, 4, 5, 6, 7, 8, 9, 10, 11, 12, 13, 14, 15, 16, 17, 18, 19, 20, 21, 22, 23, 24, 25, 26, 27, 28, 29]","[2.6028575897216797, 2.4040634632110596, 2.2955589294433594, 2.42411208152771, 2.5459399223327637, 2.2244508266448975, 2.257702350616455, 2.524048328399658, 2.488433361053467, 2.4584810733795166, 2.2994329929351807, 2.51274037361145, 2.3614490032196045, 2.2102596759796143, 2.221804141998291, 2.2103705406188965, 2.625823736190796, 2.5870275497436523, 2.5460569858551025, 2.483482837677002, 2.2002012729644775, 2.604144334793091, 2.6154191493988037, 2.514127492904663, 2.4700067043304443, 2.5550832748413086, 2.5380585193634033, 2.665423631668091, 2.387030839920044, 2.5312159061431885]",sae,Pre-64
1,beta,38,0.018,0.4455661720406026,0.4298851252298221,0.4674415765047232,0.5,0.6303640517897944,0.6509367859862909,30,"[0, 1, 2, 3, 4, 5, 6, 7, 8, 9, 10, 11, 12, 13, 14, 15, 16, 17, 18, 19, 20, 21, 22, 23, 24, 25, 26, 27, 28, 29]","[2.4492709636688232, 2.4999043941497803, 2.1061906814575195, 2.558347225189209, 2.2497189044952393, 2.4563066959381104, 2.567523241043091, 2.1341326236724854, 2.4398462772369385, 2.3524253368377686, 2.1125404834747314, 2.434528350830078, 2.505305290222168, 2.037256956100464, 2.553121566772461, 2.246255874633789, 2.440110921859741, 2.4820544719696045, 2.215073347091675, 2.497037887573242, 2.2696969509124756, 2.4131572246551514, 2.450005054473877, 2.0779988765716553, 2.215167284011841, 2.5200397968292236, 2.422076463699341, 2.509878635406494, 2.2857611179351807, 2.475104570388794]",sae,Pre-64
1,beta,38,0.04,0.4455661720406026,0.4298851252298221,0.4444491734683586,0.5,0.6303640517897944,0.6594638233054075,30,"[0, 1, 2, 3, 4, 5, 6, 7, 8, 9, 10, 11, 12, 13, 14, 15, 16, 17, 18, 19, 20, 21, 22, 23, 24, 25, 26, 27, 28, 29]","[1.5555357933044434, 1.5493656396865845, 1.5494959354400635, 1.6411784887313843, 1.580147385597229, 1.4487712383270264, 1.6439698934555054, 1.5868169069290161, 1.4844276905059814, 1.5764033794403076, 1.5463836193084717, 1.6239244937896729, 1.6115354299545288, 1.568137764930725, 1.6309888362884521, 1.5566318035125732, 1.5347254276275635, 1.640647053718567, 1.5185551643371582, 1.5963736772537231, 1.5676218271255493, 1.557483434677124, 1.6392017602920532, 1.507431149482727, 1.56113600730896, 1.6390568017959595, 1.5267552137374878, 1.631625771522522, 1.553364634513855, 1.6382511854171753]",sae,Pre-64
1,beta,7,0.025,0.4564836922581216,0.4420418003909208,0.4447847384405337,0.5,0.6095136152062148,0.701223297048724,30,"[0, 1, 2, 3, 4, 5, 6, 7, 8, 9, 10, 11, 12, 13, 14, 15, 16, 17, 18, 19, 20, 21, 22, 23, 24, 25, 26, 27, 28, 29]","[1.643761396408081, 1.716920256614685, 1.752679705619812, 1.7358952760696411, 1.736342191696167, 1.6917574405670166, 1.752691388130188, 1.6725282669067383, 1.810968279838562, 1.6965062618255615, 1.6271679401397705, 1.6727155447006226, 1.6128350496292114, 1.65469491481781, 1.833762526512146, 1.736074447631836, 1.6668784618377686, 1.696805477142334, 1.759910225868225, 1.7439804077148438, 1.7328479290008545, 1.8158413171768188, 1.785238265991211, 1.6630537509918213, 1.805414080619812, 1.8361074924468994, 1.6548480987548828, 1.6672110557556152, 1.7979060411453247, 1.6565710306167603]",sae,Pre-64
1,beta,30,0.014,0.4638407167611665,0.4544841508273655,0.4515963617584156,0.5,0.6043368975359404,0.70445453691632,30,"[0, 1, 2, 3, 4, 5, 6, 7, 8, 9, 10, 11, 12, 13, 14, 15, 16, 17, 18, 19, 20, 21, 22, 23, 24, 25, 26, 27, 28, 29]","[2.520012617111206, 2.515063524246216, 2.232151508331299, 2.2968413829803467, 2.262423515319824, 2.4007251262664795, 2.2629683017730713, 2.214545726776123, 2.222480058670044, 2.46799373626709, 2.1004817485809326, 2.3530566692352295, 2.3714957237243652, 2.3430819511413574, 2.5169825553894043, 2.520817518234253, 2.45070743560791, 2.386153221130371, 2.515564203262329, 2.191009998321533, 2.567455291748047, 2.49234676361084, 2.6037025451660156, 2.5069825649261475, 2.274545192718506, 2.4432897567749023, 2.3368825912475586, 2.4383962154388428, 2.4790730476379395, 2.178520917892456]",sae,Pre-64
1,beta,25,0.0159,0.4465066892532915,0.4352791138475453,0.4659137592113516,0.5,0.6270054355300688,0.6556211991652365,30,"[0, 1, 2, 3, 4, 5, 6, 7, 8, 9, 10, 11, 12, 13, 14, 15, 16, 17, 18, 19, 20, 21, 22, 23, 24, 25, 26, 27, 28, 29]","[2.3665854930877686, 2.483058214187622, 2.075537919998169, 2.428558826446533, 2.5070455074310303, 2.506026268005371, 2.5268020629882812, 2.0358991622924805, 2.2059497833251953, 2.330120325088501, 2.539217233657837, 2.455731153488159, 2.3097026348114014, 2.0603737831115723, 2.324876546859741, 2.513925552368164, 2.455934524536133, 2.258770704269409, 2.434558391571045, 2.449368953704834, 2.514324188232422, 2.3857507705688477, 2.552541732788086, 2.3123199939727783, 2.2310590744018555, 2.093839645385742, 2.586904287338257, 2.2731871604919434, 2.5224969387054443, 2.3673360347747803]",sae,Pre-64
1,beta,17,0.02,0.4599327030141671,0.4513468217402507,0.4633868330346848,0.5,0.6120635717004715,0.6918971896781307,30,"[0, 1, 2, 3, 4, 5, 6, 7, 8, 9, 10, 11, 12, 13, 14, 15, 16, 17, 18, 19, 20, 21, 22, 23, 24, 25, 26, 27, 28, 29]","[2.3534369468688965, 2.3029625415802, 2.3613429069519043, 2.1988778114318848, 2.3529515266418457, 2.0511269569396973, 2.1050825119018555, 1.9777241945266724, 2.330993413925171, 2.2471923828125, 2.397003173828125, 2.413452386856079, 2.1480581760406494, 2.407601833343506, 2.291024684906006, 1.9593877792358398, 2.041294574737549, 2.322537660598755, 2.3169474601745605, 2.13391375541687, 2.259096145629883, 2.2924041748046875, 2.2570292949676514, 2.354034662246704, 2.3370211124420166, 2.3888092041015625, 2.1453118324279785, 2.3986244201660156, 2.349550724029541, 2.1038169860839844]",sae,Pre-64
1,beta,45,0.01,0.4515599815008028,0.4347157609968581,0.4681389163333584,0.5,0.6289673345145609,0.6780791422470583,30,"[0, 1, 2, 3, 4, 5, 6, 7, 8, 9, 10, 11, 12, 13, 14, 15, 16, 17, 18, 19, 20, 21, 22, 23, 24, 25, 26, 27, 28, 29]","[2.6383464336395264, 2.684835195541382, 2.5055971145629883, 2.723172426223755, 2.7020058631896973, 2.6492202281951904, 2.675424337387085, 2.663966178894043, 2.316269636154175, 2.2000718116760254, 2.4293336868286133, 2.7049551010131836, 2.5884335041046143, 2.668466806411743, 2.406104564666748, 2.6307566165924072, 2.495267629623413, 2.603790521621704, 2.58038067817688, 2.6086020469665527, 2.6383233070373535, 2.269928216934204, 2.436710834503174, 2.5781688690185547, 2.613642454147339, 2.5457518100738525, 2.2760977745056152, 2.3290786743164062, 2.5222280025482178, 2.682260751724243]",sae,Pre-64
1,beta,28,0.0151,0.4589844236982603,0.4495627040154577,0.4566230581280394,0.5,0.5987249917034086,0.6988500331863651,30,"[0, 1, 2, 3, 4, 5, 6, 7, 8, 9, 10, 11, 12, 13, 14, 15, 16, 17, 18, 19, 20, 21, 22, 23, 24, 25, 26, 27, 28, 29]","[2.2829480171203613, 2.406437397003174, 2.3590738773345947, 2.443960189819336, 2.381038188934326, 2.289660930633545, 2.5005433559417725, 2.2604546546936035, 2.4556286334991455, 2.505496025085449, 2.2439959049224854, 2.273683786392212, 2.467670440673828, 2.3701117038726807, 2.5284805297851562, 2.0436062812805176, 2.1149179935455322, 2.453847885131836, 2.262352705001831, 2.376009464263916, 2.088367223739624, 2.192779541015625, 2.4810190200805664, 2.4110584259033203, 2.0777623653411865, 2.4699277877807617, 2.417109966278076, 2.3312737941741943, 2.419304609298706, 2.0747923851013184]",sae,Pre-64
1,beta,23,0.029,0.4478205607315014,0.4344954522622479,0.44069967854516,0.5,0.6150139710231751,0.6773729937928415,30,"[0, 1, 2, 3, 4, 5, 6, 7, 8, 9, 10, 11, 12, 13, 14, 15, 16, 17, 18, 19, 20, 21, 22, 23, 24, 25, 26, 27, 28, 29]","[1.709244966506958, 1.8234748840332031, 1.8103934526443481, 1.859885573387146, 1.6387301683425903, 1.7117096185684204, 1.8703727722167969, 1.6806987524032593, 1.6600816249847412, 1.857842206954956, 1.8523098230361938, 1.7913711071014404, 1.7959986925125122, 1.7454477548599243, 1.816017508506775, 1.8625832796096802, 1.6167269945144653, 1.704466462135315, 1.6860028505325317, 1.7208025455474854, 1.8509202003479004, 1.8396661281585693, 1.7092459201812744, 1.867519497871399, 1.8453965187072754, 1.7600960731506348, 1.645778775215149, 1.809460163116455, 1.7152560949325562, 1.8921077251434326]",sae,Pre-64
1,beta,45,0.028,0.4515599815008028,0.4347157609968581,0.4520889473784795,0.5,0.6289673345145609,0.6772447109778443,30,"[0, 1, 2, 3, 4, 5, 6, 7, 8, 9, 10, 11, 12, 13, 14, 15, 16, 17, 18, 19, 20, 21, 22, 23, 24, 25, 26, 27, 28, 29]","[1.70402991771698, 1.706473708152771, 1.5856481790542603, 1.7836673259735107, 1.7846306562423706, 1.635503888130188, 1.7850877046585083, 1.7740036249160767, 1.6339188814163208, 1.58369779586792, 1.717184066772461, 1.784180760383606, 1.7519763708114624, 1.6558479070663452, 1.6839019060134888, 1.6906003952026367, 1.7118139266967773, 1.6313945055007935, 1.6926778554916382, 1.6886637210845947, 1.7474511861801147, 1.6290948390960693, 1.7621992826461792, 1.6536791324615479, 1.594190001487732, 1.7840306758880615, 1.6248157024383545, 1.6379756927490234, 1.5762583017349243, 1.7881853580474854]",sae,Pre-64
1,beta,48,0.035,0.4556814132376,0.4510566266980289,0.493377563793672,0.5,0.5923878577171784,0.5936321529279865,30,"[0, 1, 2, 3, 4, 5, 6, 7, 8, 9, 10, 11, 12, 13, 14, 15, 16, 17, 18, 19, 20, 21, 22, 23, 24, 25, 26, 27, 28, 29]","[1.7347760200500488, 1.6671888828277588, 1.6337828636169434, 1.613150954246521, 1.6191715002059937, 1.542148470878601, 1.6420480012893677, 1.612438678741455, 1.615678310394287, 1.592288851737976, 1.6869946718215942, 1.6175206899642944, 1.667883038520813, 1.6140655279159546, 1.5826042890548706, 1.6419517993927002, 1.7214678525924683, 1.6808782815933228, 1.6956257820129395, 1.5833232402801514, 1.6070411205291748, 1.7286962270736694, 1.737747311592102, 1.5730332136154175, 1.616032600402832, 1.7045655250549316, 1.7034845352172852, 1.7399570941925049, 1.5934964418411255, 1.6544429063796997]",sae,Pre-64
1,beta,10,0.029,0.4493907433353129,0.4390813823454372,0.4517187791875132,0.5,0.6232207829487961,0.6764677598765654,30,"[0, 1, 2, 3, 4, 5, 6, 7, 8, 9, 10, 11, 12, 13, 14, 15, 16, 17, 18, 19, 20, 21, 22, 23, 24, 25, 26, 27, 28, 29]","[1.7364810705184937, 1.6305935382843018, 1.8069044351577759, 1.7018479108810425, 1.7339918613433838, 1.715254783630371, 1.7759406566619873, 1.769081711769104, 1.7299001216888428, 1.8319329023361206, 1.6996357440948486, 1.7736202478408813, 1.7758384943008423, 1.7212882041931152, 1.73579740524292, 1.7528084516525269, 1.7736966609954834, 1.6586652994155884, 1.778003454208374, 1.684495449066162, 1.6961508989334106, 1.76595139503479, 1.8245137929916382, 1.8291493654251099, 1.794592022895813, 1.661991834640503, 1.7365405559539795, 1.7047042846679688, 1.7545580863952637, 1.845922589302063]",sae,Pre-64
1,beta,24,0.04,0.4501416387440968,0.4383559369047743,0.4535896451148699,0.5,0.6188330126613704,0.6452100918570012,30,"[0, 1, 2, 3, 4, 5, 6, 7, 8, 9, 10, 11, 12, 13, 14, 15, 16, 17, 18, 19, 20, 21, 22, 23, 24, 25, 26, 27, 28, 29]","[1.7326745986938477, 1.580155372619629, 1.634922742843628, 1.7339935302734375, 1.7264853715896606, 1.5930954217910767, 1.6480430364608765, 1.6328649520874023, 1.700482964515686, 1.6049643754959106, 1.6817831993103027, 1.6052900552749634, 1.7349363565444946, 1.7265247106552124, 1.644730567932129, 1.592211365699768, 1.7402747869491577, 1.541948914527893, 1.6110609769821167, 1.7371913194656372, 1.7115892171859741, 1.7187052965164185, 1.598716139793396, 1.6880275011062622, 1.5654194355010986, 1.5504720211029053, 1.6960513591766357, 1.5644053220748901, 1.7345225811004639, 1.6308401823043823]",sae,Pre-64
1,beta,18,0.002,0.4575117633693479,0.4471831599677374,0.4414440071364126,0.5,0.6052065040104606,0.7333383174832282,30,"[0, 1, 2, 3, 4, 5, 6, 7, 8, 9, 10, 11, 12, 13, 14, 15, 16, 17, 18, 19, 20, 21, 22, 23, 24, 25, 26, 27, 28, 29]","[2.75274920463562, 2.686971664428711, 2.81441330909729, 2.4685616493225098, 2.531538486480713, 2.54302978515625, 2.875591516494751, 2.467334508895874, 2.5788214206695557, 2.5328943729400635, 2.861537218093872, 2.8097400665283203, 2.590219736099243, 2.7759883403778076, 2.597055196762085, 2.7248778343200684, 2.764819622039795, 2.4202382564544678, 2.6495306491851807, 2.6470835208892822, 2.8636434078216553, 2.725713014602661, 2.8388702869415283, 2.757169723510742, 2.8176798820495605, 2.6642022132873535, 2.8004117012023926, 2.822357654571533, 2.6416821479797363, 2.5334250926971436]",sae,Pre-64
1,beta,18,0.016,0.4575117633693479,0.4471831599677374,0.4402972104603887,0.5,0.6052065040104606,0.7322123064763942,30,"[0, 1, 2, 3, 4, 5, 6, 7, 8, 9, 10, 11, 12, 13, 14, 15, 16, 17, 18, 19, 20, 21, 22, 23, 24, 25, 26, 27, 28, 29]","[2.397212028503418, 2.321162462234497, 2.4520323276519775, 2.1070501804351807, 2.1604843139648438, 2.173689365386963, 2.514241933822632, 2.0966427326202393, 2.2120296955108643, 2.168307304382324, 2.4970431327819824, 2.451667070388794, 2.2179579734802246, 2.41314697265625, 2.231492042541504, 2.3725764751434326, 2.4010374546051025, 2.042551279067993, 2.2921059131622314, 2.28908371925354, 2.4983720779418945, 2.3668711185455322, 2.4753217697143555, 2.3863978385925293, 2.458223819732666, 2.307584047317505, 2.442619562149048, 2.4654791355133057, 2.2673990726470947, 2.164372205734253]",sae,Pre-64
1,beta,18,0.028,0.4575117633693479,0.4471831599677374,0.4268388649375876,0.5,0.6052065040104606,0.7328088787035922,30,"[0, 1, 2, 3, 4, 5, 6, 7, 8, 9, 10, 11, 12, 13, 14, 15, 16, 17, 18, 19, 20, 21, 22, 23, 24, 25, 26, 27, 28, 29]","[1.5428447723388672, 1.7033493518829346, 1.73330557346344, 1.5997505187988281, 1.6263922452926636, 1.6324446201324463, 1.8298040628433228, 1.599636435508728, 1.7245453596115112, 1.5940444469451904, 1.8041515350341797, 1.6892012357711792, 1.730268955230713, 1.7084242105484009, 1.6324275732040405, 1.6065541505813599, 1.6924118995666504, 1.632714867591858, 1.6106797456741333, 1.5615918636322021, 1.8269840478897095, 1.6287400722503662, 1.7684592008590698, 1.7139263153076172, 1.7074267864227295, 1.6356369256973267, 1.716850996017456, 1.7598572969436646, 1.703971266746521, 1.6610443592071533]",sae,Pre-64
1,beta,27,0.024,0.4609757262074365,0.4537266978541116,0.4808114078250978,0.5,0.5914172664146189,0.6591221972986243,30,"[0, 1, 2, 3, 4, 5, 6, 7, 8, 9, 10, 11, 12, 13, 14, 15, 16, 17, 18, 19, 20, 21, 22, 23, 24, 25, 26, 27, 28, 29]","[2.1875998973846436, 2.362860918045044, 1.9893890619277954, 2.194516181945801, 2.325899124145508, 2.217783212661743, 2.2725558280944824, 1.977933645248413, 2.2816457748413086, 2.314565896987915, 2.00754451751709, 2.3058414459228516, 1.996984839439392, 1.9669734239578247, 2.028695821762085, 1.9723262786865234, 2.2937605381011963, 2.313755512237549, 2.286262273788452, 2.1261487007141113, 2.3596980571746826, 1.9549379348754883, 2.279667854309082, 2.2617108821868896, 1.995055913925171, 2.3445630073547363, 2.1501705646514893, 2.3069496154785156, 2.190490484237671, 2.2331490516662598]",sae,Pre-64
1,beta,25,0.036,0.4465066892532915,0.4352791138475453,0.4473306866762706,0.5,0.6270054355300688,0.6598398641416467,30,"[0, 1, 2, 3, 4, 5, 6, 7, 8, 9, 10, 11, 12, 13, 14, 15, 16, 17, 18, 19, 20, 21, 22, 23, 24, 25, 26, 27, 28, 29]","[1.6532421112060547, 1.6838260889053345, 1.529863953590393, 1.7410078048706055, 1.7178399562835693, 1.7042053937911987, 1.5978214740753174, 1.5722851753234863, 1.624579668045044, 1.5305800437927246, 1.7149792909622192, 1.6564327478408813, 1.6862949132919312, 1.572369933128357, 1.5764607191085815, 1.6462503671646118, 1.5051474571228027, 1.4942729473114014, 1.564009666442871, 1.576985239982605, 1.7236220836639404, 1.500504493713379, 1.6827620267868042, 1.590659499168396, 1.6533303260803223, 1.578782081604004, 1.752028465270996, 1.6821637153625488, 1.7146673202514648, 1.570119857788086]",sae,Pre-64
1,beta,4,0.028,0.4589558369307028,0.4477177462853796,0.4721925841486325,0.5,0.61034827708266,0.6540868307247178,30,"[0, 1, 2, 3, 4, 5, 6, 7, 8, 9, 10, 11, 12, 13, 14, 15, 16, 17, 18, 19, 20, 21, 22, 23, 24, 25, 26, 27, 28, 29]","[1.834218144416809, 1.8416297435760498, 1.6773687601089478, 1.8469187021255493, 1.6877801418304443, 1.7263432741165161, 1.8429721593856812, 1.7005767822265625, 1.6988773345947266, 1.836838722229004, 1.7965545654296875, 1.716341495513916, 1.8430540561676025, 1.6660263538360596, 1.6775575876235962, 1.7318384647369385, 1.768717885017395, 1.7812036275863647, 1.7293133735656738, 1.7802550792694092, 1.7478234767913818, 1.7896840572357178, 1.720464825630188, 1.701297402381897, 1.7706336975097656, 1.7562191486358643, 1.6914303302764893, 1.7269755601882935, 1.8059552907943726, 1.6963862180709839]",sae,Pre-64
1,beta,9,0.04,0.448644851968101,0.4348910401892977,0.4532974178214575,0.5,0.6286670530281078,0.6728151260504202,30,"[0, 1, 2, 3, 4, 5, 6, 7, 8, 9, 10, 11, 12, 13, 14, 15, 16, 17, 18, 19, 20, 21, 22, 23, 24, 25, 26, 27, 28, 29]","[1.725927710533142, 1.5993390083312988, 1.722912311553955, 1.693958044052124, 1.6052888631820679, 1.4399940967559814, 1.7113643884658813, 1.6261428594589233, 1.7266064882278442, 1.5473690032958984, 1.6635055541992188, 1.6273653507232666, 1.599105715751648, 1.6484469175338745, 1.760226845741272, 1.6215286254882812, 1.6132830381393433, 1.689780592918396, 1.7307114601135254, 1.5832464694976807, 1.7250428199768066, 1.7300136089324951, 1.6043249368667603, 1.7135347127914429, 1.711477279663086, 1.710463523864746, 1.569724440574646, 1.5449423789978027, 1.5987167358398438, 1.7415000200271606]",sae,Pre-64
1,beta,9,0.018,0.448644851968101,0.4348910401892977,0.4725733597638627,0.5,0.6286670530281078,0.672425383946682,30,"[0, 1, 2, 3, 4, 5, 6, 7, 8, 9, 10, 11, 12, 13, 14, 15, 16, 17, 18, 19, 20, 21, 22, 23, 24, 25, 26, 27, 28, 29]","[2.4022297859191895, 2.0659661293029785, 2.5277233123779297, 2.4629766941070557, 2.16914963722229, 2.2405920028686523, 2.3916378021240234, 2.4542388916015625, 2.517910957336426, 2.2907297611236572, 2.1878678798675537, 2.3205556869506836, 2.101485252380371, 2.438220262527466, 2.494799852371216, 2.173241138458252, 2.4249236583709717, 2.447883129119873, 2.472367286682129, 2.120516538619995, 2.500760793685913, 2.4913995265960693, 2.1173391342163086, 2.4960477352142334, 2.3904824256896973, 2.502276659011841, 2.460921287536621, 2.3835766315460205, 2.246633291244507, 2.452587842941284]",sae,Pre-64
1,beta,14,0.005,0.4467366851483266,0.4421697276018216,0.4604666778393562,0.5,0.5934222168898753,0.6883021640996415,30,"[0, 1, 2, 3, 4, 5, 6, 7, 8, 9, 10, 11, 12, 13, 14, 15, 16, 17, 18, 19, 20, 21, 22, 23, 24, 25, 26, 27, 28, 29]","[2.3793563842773438, 2.5341007709503174, 2.6929574012756348, 2.6372570991516113, 2.4526164531707764, 2.7304043769836426, 2.3644731044769287, 2.708110809326172, 2.7613472938537598, 2.832517147064209, 2.6144840717315674, 2.718491554260254, 2.779447078704834, 2.799940347671509, 2.64212965965271, 2.482557535171509, 2.813122510910034, 2.8015410900115967, 2.6037514209747314, 2.3622078895568848, 2.402468204498291, 2.5621867179870605, 2.694082736968994, 2.4892566204071045, 2.8269505500793457, 2.793078899383545, 2.7821035385131836, 2.7469053268432617, 2.6400630474090576, 2.8038227558135986]",sae,Pre-64
1,beta,27,0.005,0.4609757262074365,0.4537266978541116,0.4838014098260025,0.5,0.5914172664146189,0.6594577719220311,30,"[0, 1, 2, 3, 4, 5, 6, 7, 8, 9, 10, 11, 12, 13, 14, 15, 16, 17, 18, 19, 20, 21, 22, 23, 24, 25, 26, 27, 28, 29]","[2.6567420959472656, 2.8325319290161133, 2.47343373298645, 2.669356107711792, 2.796383857727051, 2.7013559341430664, 2.747802257537842, 2.4667835235595703, 2.76163387298584, 2.79133677482605, 2.4928908348083496, 2.786463737487793, 2.4786548614501953, 2.4536406993865967, 2.5150883197784424, 2.4444069862365723, 2.764932155609131, 2.7872047424316406, 2.7584404945373535, 2.6081318855285645, 2.8296337127685547, 2.4569578170776367, 2.7490031719207764, 2.736119270324707, 2.472684621810913, 2.826342821121216, 2.629577398300171, 2.7741973400115967, 2.6602907180786133, 2.703883409500122]",sae,Pre-64
1,beta,9,0.032,0.448644851968101,0.4348910401892977,0.4533769137486995,0.5,0.6286670530281078,0.6728412054476963,30,"[0, 1, 2, 3, 4, 5, 6, 7, 8, 9, 10, 11, 12, 13, 14, 15, 16, 17, 18, 19, 20, 21, 22, 23, 24, 25, 26, 27, 28, 29]","[1.7319170236587524, 1.6053744554519653, 1.7289164066314697, 1.6999982595443726, 1.6113002300262451, 1.4460101127624512, 1.7173633575439453, 1.632143259048462, 1.732594609260559, 1.5533554553985596, 1.669582486152649, 1.633428692817688, 1.6051290035247803, 1.6545424461364746, 1.766210913658142, 1.6275922060012817, 1.619267463684082, 1.6958335638046265, 1.736713171005249, 1.5892667770385742, 1.7310110330581665, 1.7360247373580933, 1.610292911529541, 1.719551920890808, 1.7175170183181763, 1.7164866924285889, 1.5756864547729492, 1.5508496761322021, 1.604806661605835, 1.7474911212921143]",sae,Pre-64
1,beta,14,0.024,0.4467366851483266,0.4421697276018216,0.4563303243136393,0.5,0.5934222168898753,0.6891420087283852,30,"[0, 1, 2, 3, 4, 5, 6, 7, 8, 9, 10, 11, 12, 13, 14, 15, 16, 17, 18, 19, 20, 21, 22, 23, 24, 25, 26, 27, 28, 29]","[1.8518270254135132, 2.0495989322662354, 2.220113754272461, 2.139312744140625, 1.932558298110962, 2.2530224323272705, 1.8550444841384888, 2.2061147689819336, 2.286921262741089, 2.3556101322174072, 2.1332643032073975, 2.2340221405029297, 2.2955386638641357, 2.3178822994232178, 2.1482315063476562, 1.982749342918396, 2.3276374340057373, 2.315112352371216, 2.0996060371398926, 1.853590488433838, 1.8845164775848389, 2.070587158203125, 2.2138705253601074, 1.9912275075912476, 2.3484504222869873, 2.3059725761413574, 2.3049542903900146, 2.2499337196350098, 2.133525848388672, 2.3323967456817627]",sae,Pre-64
1,beta,19,0.0155,0.4469965829377276,0.435497383761294,0.4306235607937043,0.5,0.6104665954706788,0.7173932845431417,30,"[0, 1, 2, 3, 4, 5, 6, 7, 8, 9, 10, 11, 12, 13, 14, 15, 16, 17, 18, 19, 20, 21, 22, 23, 24, 25, 26, 27, 28, 29]","[2.139913320541382, 2.461373805999756, 2.3224868774414062, 2.173252582550049, 2.466364622116089, 2.507035493850708, 2.396638870239258, 2.2082736492156982, 2.4200336933135986, 2.5106770992279053, 2.485018730163574, 2.494971752166748, 2.4751086235046387, 2.0877411365509033, 2.4239134788513184, 2.328155517578125, 2.2804694175720215, 2.5146334171295166, 2.0624237060546875, 2.048633575439453, 2.508578062057495, 2.39388108253479, 2.3958234786987305, 2.041436195373535, 1.9885718822479248, 2.433082342147827, 2.565244674682617, 2.50189208984375, 2.491055965423584, 2.355804681777954]",sae,Pre-64
1,beta,44,0.0151,0.4469012312759677,0.43811650775401,0.4801332341247591,0.5,0.5982762074796864,0.6267934689740915,30,"[0, 1, 2, 3, 4, 5, 6, 7, 8, 9, 10, 11, 12, 13, 14, 15, 16, 17, 18, 19, 20, 21, 22, 23, 24, 25, 26, 27, 28, 29]","[2.2415058612823486, 2.5017147064208984, 2.272109031677246, 2.1715660095214844, 2.4562370777130127, 2.5747902393341064, 2.495715618133545, 2.430093765258789, 2.3944454193115234, 2.641165256500244, 2.2945895195007324, 2.5826447010040283, 2.500326633453369, 2.18927001953125, 2.6005775928497314, 2.5581209659576416, 2.137805461883545, 2.4730422496795654, 2.48587965965271, 2.5017271041870117, 2.1048803329467773, 2.328326940536499, 2.472191095352173, 2.5412628650665283, 2.4821643829345703, 2.5004098415374756, 2.3349053859710693, 2.449124336242676, 2.396433115005493, 2.518153429031372]",sae,Pre-64
1,beta,31,0.03,0.4497611378811508,0.4308970333737342,0.4352482854194766,0.5,0.642735734520437,0.711062612013644,30,"[0, 1, 2, 3, 4, 5, 6, 7, 8, 9, 10, 11, 12, 13, 14, 15, 16, 17, 18, 19, 20, 21, 22, 23, 24, 25, 26, 27, 28, 29]","[1.721623420715332, 1.6800869703292847, 1.571675419807434, 1.610172986984253, 1.6458628177642822, 1.7554479837417603, 1.6039910316467285, 1.6692472696304321, 1.610856533050537, 1.7042948007583618, 1.6306132078170776, 1.6723192930221558, 1.7109013795852661, 1.5765390396118164, 1.7056678533554077, 1.6355854272842407, 1.6419625282287598, 1.6762133836746216, 1.6854032278060913, 1.6457308530807495, 1.72406804561615, 1.6541951894760132, 1.7139307260513306, 1.6507775783538818, 1.6635057926177979, 1.6928056478500366, 1.5732622146606445, 1.7310233116149902, 1.5723662376403809, 1.6675947904586792]",sae,Pre-64
1,beta,19,0.035,0.4469965829377276,0.435497383761294,0.4198522465665641,0.5,0.6104665954706788,0.7149464459591043,30,"[0, 1, 2, 3, 4, 5, 6, 7, 8, 9, 10, 11, 12, 13, 14, 15, 16, 17, 18, 19, 20, 21, 22, 23, 24, 25, 26, 27, 28, 29]","[1.6975367069244385, 1.7357895374298096, 1.7969534397125244, 1.7018828392028809, 1.6964768171310425, 1.7275689840316772, 1.7188771963119507, 1.78791081905365, 1.6646325588226318, 1.8269191980361938, 1.8703086376190186, 1.8565330505371094, 1.7365765571594238, 1.6797916889190674, 1.66488516330719, 1.6905828714370728, 1.824241042137146, 1.8401161432266235, 1.6471360921859741, 1.6467455625534058, 1.8546024560928345, 1.705549716949463, 1.7271727323532104, 1.6488358974456787, 1.6349331140518188, 1.8384066820144653, 1.8460023403167725, 1.7364014387130737, 1.7329334020614624, 1.6761255264282227]",sae,Pre-64
1,beta,36,0.022,0.4642138821845151,0.4576483090311837,0.4721939095567664,0.5,0.6031055233182893,0.6747724513681961,30,"[0, 1, 2, 3, 4, 5, 6, 7, 8, 9, 10, 11, 12, 13, 14, 15, 16, 17, 18, 19, 20, 21, 22, 23, 24, 25, 26, 27, 28, 29]","[1.9525030851364136, 1.9898686408996582, 1.7826021909713745, 1.9578906297683716, 1.797667384147644, 1.9916354417800903, 1.7954882383346558, 1.8012886047363281, 2.013714551925659, 1.8812147378921509, 1.9035917520523071, 1.9780359268188477, 1.847446084022522, 1.9076589345932007, 1.797143816947937, 1.98685622215271, 1.9395015239715576, 1.9190261363983154, 1.995803952217102, 1.8357011079788208, 1.7772595882415771, 1.9084254503250122, 1.8862342834472656, 1.8012049198150635, 1.951108694076538, 1.9593796730041504, 1.870734691619873, 1.9349676370620728, 1.918644905090332, 1.815446376800537]",sae,Pre-64
1,beta,36,0.004,0.4642138821845151,0.4576483090311837,0.4816033682293115,0.5,0.6031055233182893,0.6745328500647649,30,"[0, 1, 2, 3, 4, 5, 6, 7, 8, 9, 10, 11, 12, 13, 14, 15, 16, 17, 18, 19, 20, 21, 22, 23, 24, 25, 26, 27, 28, 29]","[2.7171030044555664, 2.692230224609375, 2.594552516937256, 2.6402063369750977, 2.3705735206604004, 2.7155344486236572, 2.6334447860717773, 2.3192942142486572, 2.7167627811431885, 2.6403565406799316, 2.693929433822632, 2.7416257858276367, 2.4007580280303955, 2.687166452407837, 2.3858659267425537, 2.7124178409576416, 2.751485824584961, 2.570272207260132, 2.7852113246917725, 2.4307899475097656, 2.3228228092193604, 2.684788942337036, 2.6901915073394775, 2.510066032409668, 2.7081432342529297, 2.5888495445251465, 2.631067991256714, 2.538105010986328, 2.656508445739746, 2.388254165649414]",sae,Pre-64
1,beta,28,0.034,0.4589844236982603,0.4495627040154577,0.4459983496528506,0.5,0.5987249917034086,0.6989344806333855,30,"[0, 1, 2, 3, 4, 5, 6, 7, 8, 9, 10, 11, 12, 13, 14, 15, 16, 17, 18, 19, 20, 21, 22, 23, 24, 25, 26, 27, 28, 29]","[1.711122989654541, 1.6208233833312988, 1.5802568197250366, 1.782936692237854, 1.7716467380523682, 1.7143657207489014, 1.7122447490692139, 1.6180192232131958, 1.7028034925460815, 1.7643511295318604, 1.6604501008987427, 1.721178650856018, 1.7538948059082031, 1.7956104278564453, 1.7440032958984375, 1.627794623374939, 1.661463975906372, 1.7314858436584473, 1.7405418157577515, 1.7064764499664307, 1.6324217319488525, 1.6902841329574585, 1.6994690895080566, 1.6222436428070068, 1.63430655002594, 1.7541135549545288, 1.7830688953399658, 1.6505252122879028, 1.6480381488800049, 1.6404807567596436]",sae,Pre-64
1,beta,49,0.0155,0.462130925118617,0.4524487678230295,0.4690404786665909,0.5,0.6141152509743157,0.687828684791285,30,"[0, 1, 2, 3, 4, 5, 6, 7, 8, 9, 10, 11, 12, 13, 14, 15, 16, 17, 18, 19, 20, 21, 22, 23, 24, 25, 26, 27, 28, 29]","[2.196049213409424, 2.268490791320801, 2.4719021320343018, 2.15421199798584, 2.2602040767669678, 2.10197114944458, 2.525395393371582, 2.5306198596954346, 2.45245361328125, 2.527406692504883, 2.5333690643310547, 2.2419869899749756, 2.4109010696411133, 2.5146679878234863, 2.57572078704834, 2.463183641433716, 2.5562093257904053, 2.5396432876586914, 2.5220797061920166, 2.303797483444214, 2.586019277572632, 2.195507764816284, 2.5457775592803955, 2.4264683723449707, 2.3958818912506104, 2.5355544090270996, 2.283740997314453, 2.391216278076172, 2.452583074569702, 2.1406588554382324]",sae,Pre-64
1,beta,11,0.008,0.4566976193509867,0.4496008864727478,0.4514394189803579,0.5,0.5995106990682213,0.7154021515194082,30,"[0, 1, 2, 3, 4, 5, 6, 7, 8, 9, 10, 11, 12, 13, 14, 15, 16, 17, 18, 19, 20, 21, 22, 23, 24, 25, 26, 27, 28, 29]","[2.4124972820281982, 2.6260459423065186, 2.6264266967773438, 2.6456613540649414, 2.5914762020111084, 2.5871407985687256, 2.630235433578491, 2.34867262840271, 2.673902988433838, 2.6336522102355957, 2.640256404876709, 2.6663870811462402, 2.71055269241333, 2.6424262523651123, 2.4611334800720215, 2.6477110385894775, 2.4711427688598633, 2.303567409515381, 2.289555549621582, 2.4937922954559326, 2.3221893310546875, 2.675663709640503, 2.640427350997925, 2.488538980484009, 2.310941696166992, 2.5694212913513184, 2.671203374862671, 2.345273733139038, 2.6205506324768066, 2.2895572185516357]",sae,Pre-64
1,beta,22,0.032,0.4519005213187685,0.4442985770479847,0.4519641739690704,0.5,0.5939599289403404,0.6795256414781351,30,"[0, 1, 2, 3, 4, 5, 6, 7, 8, 9, 10, 11, 12, 13, 14, 15, 16, 17, 18, 19, 20, 21, 22, 23, 24, 25, 26, 27, 28, 29]","[1.6730518341064453, 1.6915154457092285, 1.697957992553711, 1.8043465614318848, 1.800276517868042, 1.6823192834854126, 1.7146252393722534, 1.7209776639938354, 1.7377727031707764, 1.7814137935638428, 1.7209861278533936, 1.7934396266937256, 1.679632306098938, 1.798429012298584, 1.6102099418640137, 1.794408917427063, 1.7869406938552856, 1.723299503326416, 1.655195713043213, 1.61277437210083, 1.7769360542297363, 1.761986494064331, 1.7508621215820312, 1.7141116857528687, 1.8043169975280762, 1.802386999130249, 1.657751441001892, 1.6598917245864868, 1.8083007335662842, 1.6588977575302124]",sae,Pre-64
1,beta,39,0.018,0.4461088087810431,0.4292341094433316,0.4566302863680986,0.5,0.6205127278095635,0.6744820147569681,30,"[0, 1, 2, 3, 4, 5, 6, 7, 8, 9, 10, 11, 12, 13, 14, 15, 16, 17, 18, 19, 20, 21, 22, 23, 24, 25, 26, 27, 28, 29]","[2.039670705795288, 2.348280668258667, 2.4755349159240723, 2.4875268936157227, 2.1519763469696045, 2.0241217613220215, 2.261444091796875, 2.385636568069458, 2.0667598247528076, 2.436079263687134, 2.36995267868042, 2.4517674446105957, 2.1534574031829834, 2.208343029022217, 2.40907621383667, 2.5363776683807373, 2.507761240005493, 2.4674599170684814, 2.0598161220550537, 2.399035930633545, 2.402435064315796, 2.0868642330169678, 2.393853187561035, 2.425206184387207, 2.4990501403808594, 2.0105061531066895, 2.3325693607330322, 2.359236001968384, 2.475527048110962, 2.3556928634643555]",sae,Pre-64
1,beta,39,0.04,0.4461088087810431,0.4292341094433316,0.4423459102910689,0.5,0.6205127278095635,0.6706782842388471,30,"[0, 1, 2, 3, 4, 5, 6, 7, 8, 9, 10, 11, 12, 13, 14, 15, 16, 17, 18, 19, 20, 21, 22, 23, 24, 25, 26, 27, 28, 29]","[1.595900297164917, 1.7576045989990234, 1.6729302406311035, 1.724468469619751, 1.6113585233688354, 1.6023917198181152, 1.6589411497116089, 1.6594675779342651, 1.593493938446045, 1.762995719909668, 1.6696248054504395, 1.6155046224594116, 1.6781704425811768, 1.5833125114440918, 1.6820783615112305, 1.7480926513671875, 1.759771466255188, 1.7203915119171143, 1.6055463552474976, 1.6351858377456665, 1.5852820873260498, 1.631467580795288, 1.6848024129867554, 1.692264199256897, 1.710809588432312, 1.6080039739608765, 1.5778683423995972, 1.611587643623352, 1.751194953918457, 1.6103448867797852]",sae,Pre-64
1,beta,22,0.015,0.4519005213187685,0.4442985770479847,0.4660374836939313,0.5,0.5939599289403404,0.6740726361486606,30,"[0, 1, 2, 3, 4, 5, 6, 7, 8, 9, 10, 11, 12, 13, 14, 15, 16, 17, 18, 19, 20, 21, 22, 23, 24, 25, 26, 27, 28, 29]","[2.398265838623047, 2.2792696952819824, 2.1511898040771484, 2.478533983230591, 2.4636290073394775, 2.2501564025878906, 2.4412620067596436, 2.411264657974243, 2.395663022994995, 2.4383726119995117, 2.4301631450653076, 2.4546468257904053, 2.218013286590576, 2.454026222229004, 2.268010139465332, 2.3282177448272705, 2.4584848880767822, 2.3241026401519775, 2.1409432888031006, 2.0655369758605957, 2.4205803871154785, 2.3310000896453857, 2.288053274154663, 2.371617555618286, 2.460486650466919, 2.3880081176757812, 2.2654926776885986, 2.3601150512695312, 2.4906105995178223, 2.181241989135742]",sae,Pre-64
1,beta,24,0.018,0.4501416387440968,0.4383559369047743,0.4643795516611215,0.5,0.6188330126613704,0.6502451588877856,30,"[0, 1, 2, 3, 4, 5, 6, 7, 8, 9, 10, 11, 12, 13, 14, 15, 16, 17, 18, 19, 20, 21, 22, 23, 24, 25, 26, 27, 28, 29]","[2.3786559104919434, 2.309041738510132, 2.200284481048584, 2.4278931617736816, 2.413020372390747, 1.9502294063568115, 2.399883270263672, 2.417086362838745, 2.4897918701171875, 2.3848953247070312, 2.1954379081726074, 2.049407720565796, 2.4858696460723877, 2.480130434036255, 2.1202828884124756, 2.0613789558410645, 2.4707207679748535, 2.3307220935821533, 2.387237071990967, 2.415055990219116, 2.4061954021453857, 2.406339645385742, 1.9891278743743896, 2.371891975402832, 1.9537822008132935, 2.1834347248077393, 2.2414987087249756, 1.9785815477371216, 2.483816385269165, 2.387977361679077]",sae,Pre-64
1,beta,23,0.012,0.4478205607315014,0.4344954522622479,0.4521215443203553,0.5,0.6150139710231751,0.6830794041248935,30,"[0, 1, 2, 3, 4, 5, 6, 7, 8, 9, 10, 11, 12, 13, 14, 15, 16, 17, 18, 19, 20, 21, 22, 23, 24, 25, 26, 27, 28, 29]","[2.31697154045105, 2.618790864944458, 2.5771167278289795, 2.589280366897583, 2.4624292850494385, 2.409106731414795, 2.512000799179077, 2.145343542098999, 2.1835575103759766, 2.628220558166504, 2.6253905296325684, 2.358822822570801, 2.2802271842956543, 2.532543182373047, 2.5819051265716553, 2.6045713424682617, 2.4622962474823, 2.1923677921295166, 2.382795572280884, 2.2534444332122803, 2.6052496433258057, 2.338653326034546, 2.4965603351593018, 2.6301181316375732, 2.342599630355835, 2.504467248916626, 2.117875576019287, 2.518205404281616, 2.524461030960083, 2.626857280731201]",sae,Pre-64
1,beta,12,0.036,0.4455148672091349,0.4361346773072694,0.4192840522751508,0.5,0.5892778403611032,0.7302897581998439,30,"[0, 1, 2, 3, 4, 5, 6, 7, 8, 9, 10, 11, 12, 13, 14, 15, 16, 17, 18, 19, 20, 21, 22, 23, 24, 25, 26, 27, 28, 29]","[1.6075598001480103, 1.782470703125, 1.6408147811889648, 1.5969194173812866, 1.8094861507415771, 1.7605922222137451, 1.738686442375183, 1.7327152490615845, 1.7899988889694214, 1.6335493326187134, 1.616260051727295, 1.840269684791565, 1.6617648601531982, 1.7408075332641602, 1.5998796224594116, 1.8421589136123657, 1.5728399753570557, 1.8314334154129028, 1.7213020324707031, 1.8364818096160889, 1.7786320447921753, 1.7343047857284546, 1.637257695198059, 1.8379871845245361, 1.8252153396606445, 1.705228328704834, 1.8265079259872437, 1.7382920980453491, 1.684962511062622, 1.8391348123550415]",sae,Pre-64
1,beta,26,0.0159,0.4502231978181314,0.4442488029476733,0.4838226922689732,0.5,0.5832450787939482,0.6480187409806815,30,"[0, 1, 2, 3, 4, 5, 6, 7, 8, 9, 10, 11, 12, 13, 14, 15, 16, 17, 18, 19, 20, 21, 22, 23, 24, 25, 26, 27, 28, 29]","[2.2172834873199463, 2.4297032356262207, 2.539654493331909, 2.31807279586792, 2.2104320526123047, 2.4117839336395264, 2.5419275760650635, 2.4489715099334717, 2.429576873779297, 2.1981987953186035, 2.493288040161133, 2.608078718185425, 2.5307610034942627, 2.546692132949829, 2.5102624893188477, 2.5578396320343018, 2.2496323585510254, 2.33061146736145, 2.3057188987731934, 2.3887736797332764, 2.0851545333862305, 2.5872693061828613, 2.504761219024658, 2.529167413711548, 2.556581974029541, 2.553602457046509, 2.2301688194274902, 2.5192065238952637, 2.5168004035949707, 2.1213254928588867]",sae,Pre-64
1,beta,31,0.014,0.4497611378811508,0.4308970333737342,0.4499996032978005,0.5,0.642735734520437,0.7089553101693936,30,"[0, 1, 2, 3, 4, 5, 6, 7, 8, 9, 10, 11, 12, 13, 14, 15, 16, 17, 18, 19, 20, 21, 22, 23, 24, 25, 26, 27, 28, 29]","[2.390145778656006, 2.5444843769073486, 2.4238147735595703, 2.2399637699127197, 2.288425922393799, 2.469099283218384, 2.346730947494507, 2.2983107566833496, 2.4214861392974854, 2.449960708618164, 2.4363155364990234, 2.2453908920288086, 2.5103135108947754, 2.4515912532806396, 2.5167574882507324, 2.4538910388946533, 2.13680362701416, 2.480229377746582, 2.3785240650177, 2.4439496994018555, 2.486149311065674, 2.371129035949707, 2.399596691131592, 2.1938107013702393, 2.265425443649292, 2.4751815795898438, 2.30002498626709, 2.5264151096343994, 2.3401601314544678, 2.3576130867004395]",sae,Pre-64
1,beta,13,0.034,0.4619123366083722,0.4531466051409948,0.4456567437581338,0.5,0.6127276801885291,0.7115630457242004,30,"[0, 1, 2, 3, 4, 5, 6, 7, 8, 9, 10, 11, 12, 13, 14, 15, 16, 17, 18, 19, 20, 21, 22, 23, 24, 25, 26, 27, 28, 29]","[1.7692739963531494, 1.632615327835083, 1.7510086297988892, 1.6636977195739746, 1.6610218286514282, 1.7590888738632202, 1.687360167503357, 1.675342082977295, 1.6967830657958984, 1.6705858707427979, 1.7652300596237183, 1.645999550819397, 1.7436965703964233, 1.675126314163208, 1.7491592168807983, 1.615316390991211, 1.6555404663085938, 1.7017630338668823, 1.71829354763031, 1.6715610027313232, 1.668434977531433, 1.6186938285827637, 1.708706021308899, 1.6222748756408691, 1.6443310976028442, 1.611461877822876, 1.6664443016052246, 1.6015304327011108, 1.7171846628189087, 1.659974455833435]",sae,Pre-64
1,beta,46,0.01,0.4545712902572906,0.4417269056853911,0.4781786919658751,0.5,0.6270377926330811,0.6870135850466117,30,"[0, 1, 2, 3, 4, 5, 6, 7, 8, 9, 10, 11, 12, 13, 14, 15, 16, 17, 18, 19, 20, 21, 22, 23, 24, 25, 26, 27, 28, 29]","[2.479041576385498, 2.6427829265594482, 2.699293375015259, 2.5697572231292725, 2.4264426231384277, 2.3944942951202393, 2.37565279006958, 2.7291908264160156, 2.6958673000335693, 2.806999921798706, 2.586233377456665, 2.6299407482147217, 2.745577573776245, 2.589647054672241, 2.4985971450805664, 2.721611499786377, 2.599830389022827, 2.704625129699707, 2.7744057178497314, 2.62206768989563, 2.662125825881958, 2.717064380645752, 2.6780436038970947, 2.4629204273223877, 2.349414348602295, 2.440229654312134, 2.69948673248291, 2.3697826862335205, 2.6977365016937256, 2.7089672088623047]",sae,Pre-64
1,beta,3,0.038,0.4557259332451328,0.444824285747971,0.4763249446192738,0.5,0.6042731979176,0.6517544594981313,30,"[0, 1, 2, 3, 4, 5, 6, 7, 8, 9, 10, 11, 12, 13, 14, 15, 16, 17, 18, 19, 20, 21, 22, 23, 24, 25, 26, 27, 28, 29]","[1.7857739925384521, 1.7567695379257202, 1.7774428129196167, 1.8349182605743408, 1.778481364250183, 1.8867275714874268, 1.7612688541412354, 1.8815186023712158, 1.6364372968673706, 1.855203628540039, 1.7729411125183105, 1.8850092887878418, 1.7915830612182617, 1.8605765104293823, 1.867620825767517, 1.7801986932754517, 1.7298707962036133, 1.8251011371612549, 1.8165085315704346, 1.7596265077590942, 1.6814706325531006, 1.7264339923858643, 1.735215425491333, 1.8728281259536743, 1.8522350788116455, 1.7935032844543457, 1.7666590213775635, 1.7879737615585327, 1.8651695251464844, 1.800553560256958]",sae,Pre-64
1,beta,3,0.016,0.4557259332451328,0.444824285747971,0.4912236327697886,0.5,0.6042731979176,0.6518397326758145,30,"[0, 1, 2, 3, 4, 5, 6, 7, 8, 9, 10, 11, 12, 13, 14, 15, 16, 17, 18, 19, 20, 21, 22, 23, 24, 25, 26, 27, 28, 29]","[2.3840889930725098, 2.2278218269348145, 2.4309749603271484, 2.383488655090332, 2.4599826335906982, 2.4080214500427246, 2.4747092723846436, 2.514387845993042, 2.388845443725586, 2.529345989227295, 2.4457509517669678, 2.5302343368530273, 2.460876703262329, 2.527873992919922, 2.52817702293396, 2.2312357425689697, 2.116074800491333, 2.434290885925293, 2.3635451793670654, 2.2044897079467773, 2.4031050205230713, 2.1405909061431885, 2.1814587116241455, 2.5272879600524902, 2.4976484775543213, 2.4910449981689453, 2.242358446121216, 2.4550230503082275, 2.511845827102661, 2.546631336212158]",sae,Pre-64
1,beta,43,0.002,0.4515364523902173,0.4432102910589974,0.4575620486962362,0.5,0.6060785767234989,0.7075567086730911,30,"[0, 1, 2, 3, 4, 5, 6, 7, 8, 9, 10, 11, 12, 13, 14, 15, 16, 17, 18, 19, 20, 21, 22, 23, 24, 25, 26, 27, 28, 29]","[2.8473050594329834, 2.7427585124969482, 2.9000492095947266, 2.822450876235962, 2.5278494358062744, 2.5362191200256348, 2.525632619857788, 2.7123470306396484, 2.4679150581359863, 2.7577626705169678, 2.482419013977051, 2.9437906742095947, 2.7360169887542725, 2.8538413047790527, 2.7082526683807373, 2.760192632675171, 2.891170024871826, 2.7754061222076416, 2.6173593997955322, 2.6994869709014893, 2.786763906478882, 2.597797155380249, 2.853414535522461, 2.6805410385131836, 2.5891366004943848, 2.5271754264831543, 2.880974292755127, 2.7577297687530518, 2.893951177597046, 2.7911548614501953]",sae,Pre-64
1,beta,11,0.026,0.4566976193509867,0.4496008864727478,0.4432323458684931,0.5,0.5995106990682213,0.7120206489675516,30,"[0, 1, 2, 3, 4, 5, 6, 7, 8, 9, 10, 11, 12, 13, 14, 15, 16, 17, 18, 19, 20, 21, 22, 23, 24, 25, 26, 27, 28, 29]","[1.8541030883789062, 1.7372609376907349, 1.7995331287384033, 1.8027876615524292, 1.914750576019287, 1.759386420249939, 1.799984335899353, 1.6037263870239258, 1.8848137855529785, 1.8797880411148071, 1.8795336484909058, 1.8867863416671753, 1.9341599941253662, 1.8215588331222534, 1.8058668375015259, 1.7965449094772339, 1.8558839559555054, 1.7199656963348389, 1.717320442199707, 1.8591450452804565, 1.7465651035308838, 1.8475478887557983, 1.9210724830627441, 1.8298455476760864, 1.757811427116394, 1.866042971611023, 1.8823614120483398, 1.740230917930603, 1.8020449876785278, 1.7140331268310547]",sae,Pre-64
1,beta,46,0.028,0.4545712902572906,0.4417269056853911,0.4595443394005291,0.5,0.6270377926330811,0.689495646768829,30,"[0, 1, 2, 3, 4, 5, 6, 7, 8, 9, 10, 11, 12, 13, 14, 15, 16, 17, 18, 19, 20, 21, 22, 23, 24, 25, 26, 27, 28, 29]","[1.7424057722091675, 1.8515409231185913, 1.831778645515442, 1.8211321830749512, 1.743624210357666, 1.8470040559768677, 1.7419166564941406, 1.918674349784851, 1.7958234548568726, 1.9229856729507446, 1.6570571660995483, 1.7287335395812988, 1.8839377164840698, 1.7416819334030151, 1.7672747373580933, 1.9086894989013672, 1.805922508239746, 1.8105666637420654, 1.9246526956558228, 1.8805795907974243, 1.7707452774047852, 1.8030426502227783, 1.803281545639038, 1.8153167963027954, 1.7732841968536377, 1.8181047439575195, 1.8252160549163818, 1.8211288452148438, 1.7946614027023315, 1.793591856956482]",sae,Pre-64
1,beta,43,0.02,0.4515364523902173,0.4432102910589974,0.4549785390445737,0.5,0.6060785767234989,0.7073106004447738,30,"[0, 1, 2, 3, 4, 5, 6, 7, 8, 9, 10, 11, 12, 13, 14, 15, 16, 17, 18, 19, 20, 21, 22, 23, 24, 25, 26, 27, 28, 29]","[2.3928093910217285, 2.2798376083374023, 2.4425930976867676, 2.3747074604034424, 2.045746326446533, 2.0673725605010986, 2.0497918128967285, 2.242525339126587, 1.9715608358383179, 2.3060638904571533, 2.0066184997558594, 2.488163471221924, 2.263188123703003, 2.403449535369873, 2.268003463745117, 2.2994353771209717, 2.436318874359131, 2.3186893463134766, 2.1368205547332764, 2.244960308074951, 2.3326926231384277, 2.117952823638916, 2.38519549369812, 2.217406988143921, 2.1240947246551514, 2.0533459186553955, 2.4142401218414307, 2.3015615940093994, 2.4375076293945312, 2.322237730026245]",sae,Pre-64
1,beta,24,0.029,0.4501416387440968,0.4383559369047743,0.4546943323205397,0.5,0.6188330126613704,0.6450238952333665,30,"[0, 1, 2, 3, 4, 5, 6, 7, 8, 9, 10, 11, 12, 13, 14, 15, 16, 17, 18, 19, 20, 21, 22, 23, 24, 25, 26, 27, 28, 29]","[1.8328245878219604, 1.6574809551239014, 1.7174639701843262, 1.812507152557373, 1.8138502836227417, 1.6685616970062256, 1.7334306240081787, 1.7208207845687866, 1.797300100326538, 1.7092163562774658, 1.7709147930145264, 1.683798909187317, 1.8160847425460815, 1.8226587772369385, 1.7263561487197876, 1.671804666519165, 1.824162244796753, 1.6378625631332397, 1.6876133680343628, 1.8196065425872803, 1.793532371520996, 1.8086389303207397, 1.6699799299240112, 1.775247573852539, 1.6423283815383911, 1.6269422769546509, 1.7931009531021118, 1.6422953605651855, 1.824242115020752, 1.7221754789352417]",sae,Pre-64
1,beta,34,0.0155,0.4568527557813058,0.4470225010708758,0.4675296952766334,0.5,0.6011606799053854,0.680723275265561,30,"[0, 1, 2, 3, 4, 5, 6, 7, 8, 9, 10, 11, 12, 13, 14, 15, 16, 17, 18, 19, 20, 21, 22, 23, 24, 25, 26, 27, 28, 29]","[2.1957502365112305, 2.4403226375579834, 2.430926561355591, 2.440032482147217, 2.2618353366851807, 2.152529239654541, 2.4690487384796143, 2.45438551902771, 2.2301766872406006, 2.164724349975586, 2.3629701137542725, 2.2913260459899902, 2.3662588596343994, 2.438426971435547, 2.123046875, 2.285094738006592, 2.449082374572754, 2.4570152759552, 2.4198992252349854, 2.1163792610168457, 2.4537711143493652, 2.46781587600708, 2.283766984939575, 2.3776814937591553, 2.048737049102783, 2.2740557193756104, 2.4993696212768555, 2.5142979621887207, 2.3787872791290283, 2.3783206939697266]",sae,Pre-64
1,beta,34,0.035,0.4568527557813058,0.4470225010708758,0.4535424348593663,0.5,0.6011606799053854,0.6789716879800579,30,"[0, 1, 2, 3, 4, 5, 6, 7, 8, 9, 10, 11, 12, 13, 14, 15, 16, 17, 18, 19, 20, 21, 22, 23, 24, 25, 26, 27, 28, 29]","[1.621306300163269, 1.7259526252746582, 1.7277463674545288, 1.6642587184906006, 1.6089857816696167, 1.6411077976226807, 1.6722931861877441, 1.6214545965194702, 1.5892606973648071, 1.6246360540390015, 1.7018154859542847, 1.4916006326675415, 1.722951054573059, 1.6139535903930664, 1.5865380764007568, 1.6280317306518555, 1.7363299131393433, 1.7268798351287842, 1.6431275606155396, 1.6093621253967285, 1.6640772819519043, 1.7353147268295288, 1.687617540359497, 1.7409589290618896, 1.6018378734588623, 1.570982813835144, 1.753064751625061, 1.754264235496521, 1.72300386428833, 1.736983060836792]",sae,Pre-64
1,beta,49,0.035,0.462130925118617,0.4524487678230295,0.4549431662119522,0.5,0.6141152509743157,0.6858653801004836,30,"[0, 1, 2, 3, 4, 5, 6, 7, 8, 9, 10, 11, 12, 13, 14, 15, 16, 17, 18, 19, 20, 21, 22, 23, 24, 25, 26, 27, 28, 29]","[1.6762168407440186, 1.7570672035217285, 1.7472808361053467, 1.7046769857406616, 1.627223014831543, 1.6687623262405396, 1.813784122467041, 1.7207897901535034, 1.8624720573425293, 1.7650220394134521, 1.7397809028625488, 1.6763924360275269, 1.779232144355774, 1.7630547285079956, 1.8373738527297974, 1.8073960542678833, 1.8300288915634155, 1.8515280485153198, 1.688165545463562, 1.7782083749771118, 1.8326045274734497, 1.687484860420227, 1.8395659923553467, 1.7489227056503296, 1.6555713415145874, 1.75175940990448, 1.7717735767364502, 1.6677939891815186, 1.680544376373291, 1.6671044826507568]",sae,Pre-64
1,beta,13,0.0151,0.4619123366083722,0.4531466051409948,0.4571352946212563,0.5,0.6127276801885291,0.7149866172041162,30,"[0, 1, 2, 3, 4, 5, 6, 7, 8, 9, 10, 11, 12, 13, 14, 15, 16, 17, 18, 19, 20, 21, 22, 23, 24, 25, 26, 27, 28, 29]","[2.5143585205078125, 2.503364324569702, 2.495774507522583, 2.412243127822876, 2.2300102710723877, 2.5236058235168457, 2.492656946182251, 2.4048776626586914, 2.2027344703674316, 2.4209914207458496, 2.5257444381713867, 2.401449680328369, 2.5299172401428223, 2.182246446609497, 2.477081298828125, 2.4028286933898926, 2.421618938446045, 2.425996780395508, 2.3951475620269775, 2.3601081371307373, 2.405959129333496, 2.17720365524292, 2.5423150062561035, 2.2247471809387207, 2.0600039958953857, 2.1531174182891846, 2.191549301147461, 2.175222873687744, 2.4768877029418945, 2.2165889739990234]",sae,Pre-64
1,beta,19,0.028,0.4469965829377276,0.435497383761294,0.4199599492754489,0.5,0.6104665954706788,0.7150218299462889,30,"[0, 1, 2, 3, 4, 5, 6, 7, 8, 9, 10, 11, 12, 13, 14, 15, 16, 17, 18, 19, 20, 21, 22, 23, 24, 25, 26, 27, 28, 29]","[1.7082431316375732, 1.7465384006500244, 1.8078340291976929, 1.71273934841156, 1.7071285247802734, 1.7381700277328491, 1.7296706438064575, 1.7986842393875122, 1.6755539178848267, 1.8376407623291016, 1.880869746208191, 1.8672376871109009, 1.7472773790359497, 1.690659523010254, 1.6755759716033936, 1.7012970447540283, 1.8349567651748657, 1.8508692979812622, 1.6579546928405762, 1.6576061248779297, 1.8653725385665894, 1.7162834405899048, 1.7379599809646606, 1.6597031354904175, 1.645831823348999, 1.849077582359314, 1.8566797971725464, 1.7471373081207275, 1.7435890436172485, 1.6869961023330688]",sae,Pre-64
1,beta,33,0.025,0.4492211383258522,0.4377959816952598,0.4397270535678702,0.5,0.6165210074526608,0.6900994159489768,30,"[0, 1, 2, 3, 4, 5, 6, 7, 8, 9, 10, 11, 12, 13, 14, 15, 16, 17, 18, 19, 20, 21, 22, 23, 24, 25, 26, 27, 28, 29]","[1.8346937894821167, 1.8810678720474243, 1.8251694440841675, 1.749828577041626, 1.6836520433425903, 1.9240585565567017, 1.7108346223831177, 1.8987303972244263, 1.8696116209030151, 1.8865652084350586, 1.7680017948150635, 1.9081178903579712, 1.8998253345489502, 1.6972601413726807, 1.812047004699707, 1.8526352643966675, 1.8016064167022705, 1.7422807216644287, 1.9159406423568726, 1.9190623760223389, 1.8010269403457642, 1.7123026847839355, 1.9036465883255005, 1.8265492916107178, 1.893660068511963, 1.8305332660675049, 1.7545057535171509, 1.6869639158248901, 1.7303999662399292, 1.728563904762268]",sae,Pre-64
1,beta,33,0.006,0.4492211383258522,0.4377959816952598,0.4610028139812536,0.5,0.6165210074526608,0.6821150283540509,30,"[0, 1, 2, 3, 4, 5, 6, 7, 8, 9, 10, 11, 12, 13, 14, 15, 16, 17, 18, 19, 20, 21, 22, 23, 24, 25, 26, 27, 28, 29]","[2.695256471633911, 2.684597969055176, 2.5105338096618652, 2.503500461578369, 2.4448211193084717, 2.7738986015319824, 2.358297824859619, 2.733812093734741, 2.6078667640686035, 2.705587387084961, 2.4370100498199463, 2.6941347122192383, 2.7118148803710938, 2.3187081813812256, 2.7277660369873047, 2.6919054985046387, 2.7037203311920166, 2.5763490200042725, 2.6808433532714844, 2.6601319313049316, 2.6833176612854004, 2.3826324939727783, 2.7245681285858154, 2.662668466567993, 2.7215492725372314, 2.671990156173706, 2.631260395050049, 2.3962738513946533, 2.4649245738983154, 2.3885481357574463]",sae,Pre-64
1,beta,45,0.03,0.4515599815008028,0.4347157609968581,0.4520591993819247,0.5,0.6289673345145609,0.6772598549210243,30,"[0, 1, 2, 3, 4, 5, 6, 7, 8, 9, 10, 11, 12, 13, 14, 15, 16, 17, 18, 19, 20, 21, 22, 23, 24, 25, 26, 27, 28, 29]","[1.702078104019165, 1.7045326232910156, 1.5837064981460571, 1.7817378044128418, 1.7827035188674927, 1.6335906982421875, 1.7831542491912842, 1.7720927000045776, 1.6319806575775146, 1.5817735195159912, 1.7152520418167114, 1.782247543334961, 1.750046730041504, 1.6539264917373657, 1.6819911003112793, 1.6886529922485352, 1.7098877429962158, 1.6295186281204224, 1.690741777420044, 1.6867153644561768, 1.745532751083374, 1.6271722316741943, 1.7602686882019043, 1.6517857313156128, 1.592271327972412, 1.782098412513733, 1.622890830039978, 1.6360324621200562, 1.5743522644042969, 1.7862591743469238]",sae,Pre-64
1,beta,44,0.034,0.4469012312759677,0.43811650775401,0.4661130485158452,0.5,0.5982762074796864,0.6233435270132519,30,"[0, 1, 2, 3, 4, 5, 6, 7, 8, 9, 10, 11, 12, 13, 14, 15, 16, 17, 18, 19, 20, 21, 22, 23, 24, 25, 26, 27, 28, 29]","[1.7103064060211182, 1.7018343210220337, 1.6890689134597778, 1.6416523456573486, 1.6984965801239014, 1.7889654636383057, 1.7971628904342651, 1.6431273221969604, 1.7211723327636719, 1.8267074823379517, 1.7132995128631592, 1.6958441734313965, 1.7116795778274536, 1.6488919258117676, 1.8060840368270874, 1.7984964847564697, 1.626665711402893, 1.5655348300933838, 1.7242273092269897, 1.7113726139068604, 1.6415696144104004, 1.6354784965515137, 1.7377427816390991, 1.7293609380722046, 1.7677258253097534, 1.6759204864501953, 1.6680774688720703, 1.7075326442718506, 1.730452537536621, 1.7110992670059204]",sae,Pre-64
1,beta,39,0.012,0.4461088087810431,0.4292341094433316,0.4575337638798946,0.5,0.6205127278095635,0.6748601281668881,30,"[0, 1, 2, 3, 4, 5, 6, 7, 8, 9, 10, 11, 12, 13, 14, 15, 16, 17, 18, 19, 20, 21, 22, 23, 24, 25, 26, 27, 28, 29]","[2.1952812671661377, 2.4994728565216064, 2.617915630340576, 2.632408380508423, 2.301025629043579, 2.1805853843688965, 2.4110169410705566, 2.528977155685425, 2.2160775661468506, 2.5842766761779785, 2.5142064094543457, 2.5935561656951904, 2.3067660331726074, 2.357361316680908, 2.553323745727539, 2.679924964904785, 2.6533613204956055, 2.6117897033691406, 2.2095329761505127, 2.5439789295196533, 2.544159412384033, 2.2398383617401123, 2.5419347286224365, 2.573061227798462, 2.6438310146331787, 2.16752028465271, 2.4768035411834717, 2.5024971961975098, 2.6217405796051025, 2.4987800121307373]",sae,Pre-64
1,beta,45,0.014,0.4515599815008028,0.4347157609968581,0.4673896282127901,0.5,0.6289673345145609,0.6780715702754683,30,"[0, 1, 2, 3, 4, 5, 6, 7, 8, 9, 10, 11, 12, 13, 14, 15, 16, 17, 18, 19, 20, 21, 22, 23, 24, 25, 26, 27, 28, 29]","[2.5351810455322266, 2.5811798572540283, 2.4020345211029053, 2.619016647338867, 2.5976996421813965, 2.546664237976074, 2.56813645362854, 2.557196855545044, 2.207111358642578, 2.088597536087036, 2.320145606994629, 2.5994608402252197, 2.480367660522461, 2.5665292739868164, 2.297218084335327, 2.526460886001587, 2.3858203887939453, 2.498952865600586, 2.477226972579956, 2.5044260025024414, 2.5334537029266357, 2.1573660373687744, 2.3261778354644775, 2.471388339996338, 2.51188588142395, 2.4347546100616455, 2.1636757850646973, 2.220806360244751, 2.4193766117095947, 2.5754683017730713]",sae,Pre-64
1,beta,41,0.036,0.4543678569363413,0.4427951465832617,0.4595844485487539,0.5,0.6190905384235713,0.6771203960027754,30,"[0, 1, 2, 3, 4, 5, 6, 7, 8, 9, 10, 11, 12, 13, 14, 15, 16, 17, 18, 19, 20, 21, 22, 23, 24, 25, 26, 27, 28, 29]","[1.6704912185668945, 1.8142998218536377, 1.7653772830963135, 1.6554044485092163, 1.684766173362732, 1.8634477853775024, 1.6919236183166504, 1.783923864364624, 1.715973973274231, 1.827588438987732, 1.8368000984191895, 1.7724276781082153, 1.7716553211212158, 1.815495491027832, 1.8433780670166016, 1.7063254117965698, 1.7881443500518799, 1.7929697036743164, 1.8450061082839966, 1.7974644899368286, 1.7030137777328491, 1.7565761804580688, 1.734971523284912, 1.7796915769577026, 1.7244579792022705, 1.679193139076233, 1.8108307123184204, 1.8279664516448975, 1.784174919128418, 1.6692112684249878]",sae,Pre-64
1,beta,8,0.006,0.4517491928182039,0.4406431065890545,0.4568166636575897,0.5,0.6098144493254953,0.6812829382511689,30,"[0, 1, 2, 3, 4, 5, 6, 7, 8, 9, 10, 11, 12, 13, 14, 15, 16, 17, 18, 19, 20, 21, 22, 23, 24, 25, 26, 27, 28, 29]","[2.6061441898345947, 2.6189191341400146, 2.4608895778656006, 2.4180190563201904, 2.676745653152466, 2.495659112930298, 2.644613742828369, 2.6019320487976074, 2.316845178604126, 2.472986936569214, 2.7642128467559814, 2.6780316829681396, 2.2486677169799805, 2.379286766052246, 2.6968486309051514, 2.6485326290130615, 2.405320644378662, 2.627746820449829, 2.556690216064453, 2.5222485065460205, 2.602578639984131, 2.5897722244262695, 2.6970503330230713, 2.642375946044922, 2.7233996391296387, 2.6824347972869873, 2.438265800476074, 2.6716182231903076, 2.505181074142456, 2.600828170776367]",sae,Pre-64
1,beta,2,0.005,0.4419681213812466,0.4306250660512843,0.4441382335105263,0.5,0.6028191218064636,0.690205232531182,30,"[0, 1, 2, 3, 4, 5, 6, 7, 8, 9, 10, 11, 12, 13, 14, 15, 16, 17, 18, 19, 20, 21, 22, 23, 24, 25, 26, 27, 28, 29]","[2.356929302215576, 2.3183627128601074, 2.432896137237549, 2.53533935546875, 2.3724281787872314, 2.736313819885254, 2.276583671569824, 2.514760971069336, 2.4432692527770996, 2.4758899211883545, 2.6204886436462402, 2.4902141094207764, 2.5933027267456055, 2.6659841537475586, 2.4281013011932373, 2.7137818336486816, 2.5817689895629883, 2.728973865509033, 2.7043845653533936, 2.6524817943573, 2.59871506690979, 2.4345221519470215, 2.6609466075897217, 2.7247231006622314, 2.2229278087615967, 2.519375801086426, 2.622304916381836, 2.6304073333740234, 2.474520444869995, 2.6895601749420166]",sae,Pre-64
1,beta,1,0.0151,0.4560357198099471,0.4497423189216591,0.4634976973378699,0.5,0.5964054457666336,0.6886436346035794,30,"[0, 1, 2, 3, 4, 5, 6, 7, 8, 9, 10, 11, 12, 13, 14, 15, 16, 17, 18, 19, 20, 21, 22, 23, 24, 25, 26, 27, 28, 29]","[2.546724319458008, 2.4342832565307617, 2.4555306434631348, 2.3237388134002686, 2.474965810775757, 2.4430601596832275, 2.5257272720336914, 2.106314182281494, 2.1606879234313965, 2.097931385040283, 2.19419527053833, 2.4911906719207764, 2.5383806228637695, 2.3061068058013916, 2.527419090270996, 2.4925243854522705, 2.4551689624786377, 2.502533435821533, 2.5069174766540527, 2.483785390853882, 2.5684423446655273, 2.0705642700195312, 2.2987639904022217, 2.427969217300415, 2.4464240074157715, 2.122532367706299, 2.4620442390441895, 2.181150436401367, 2.5137112140655518, 2.264575958251953]",sae,Pre-64
1,beta,10,0.015,0.4493907433353129,0.4390813823454372,0.4665255376453428,0.5,0.6232207829487961,0.673666080591338,30,"[0, 1, 2, 3, 4, 5, 6, 7, 8, 9, 10, 11, 12, 13, 14, 15, 16, 17, 18, 19, 20, 21, 22, 23, 24, 25, 26, 27, 28, 29]","[2.46590256690979, 2.3073556423187256, 2.505591869354248, 2.1615660190582275, 2.5100061893463135, 2.412287473678589, 2.1544411182403564, 2.4964942932128906, 2.485485315322876, 2.547543525695801, 2.4142186641693115, 2.340841054916382, 2.3074607849121094, 2.1804141998291016, 2.1271135807037354, 2.3165342807769775, 2.4403772354125977, 2.179039716720581, 2.521571636199951, 2.1476798057556152, 2.155996799468994, 2.482276439666748, 2.5002901554107666, 2.5400702953338623, 2.5192606449127197, 2.293142795562744, 2.4384124279022217, 2.4586451053619385, 2.4596259593963623, 2.482935667037964]",sae,Pre-64
1,beta,41,0.0159,0.4543678569363413,0.4427951465832617,0.4717798857165399,0.5,0.6190905384235713,0.6755538387805176,30,"[0, 1, 2, 3, 4, 5, 6, 7, 8, 9, 10, 11, 12, 13, 14, 15, 16, 17, 18, 19, 20, 21, 22, 23, 24, 25, 26, 27, 28, 29]","[2.0593252182006836, 2.5240085124969482, 2.375622510910034, 2.3436481952667236, 2.1980419158935547, 2.5527920722961426, 2.390223979949951, 2.516575336456299, 2.3822782039642334, 2.510028600692749, 2.5387489795684814, 2.4735774993896484, 2.1929430961608887, 2.329254388809204, 2.504671335220337, 2.1039316654205322, 2.4249892234802246, 2.503528118133545, 2.418941020965576, 2.3067710399627686, 2.245013475418091, 2.4915878772735596, 2.426020383834839, 2.2837677001953125, 2.427786350250244, 2.067000389099121, 2.227865219116211, 2.5168867111206055, 2.2666068077087402, 2.229262113571167]",sae,Pre-64
1,beta,9,0.022,0.448644851968101,0.4348910401892977,0.4718115959770262,0.5,0.6286670530281078,0.6724391480730223,30,"[0, 1, 2, 3, 4, 5, 6, 7, 8, 9, 10, 11, 12, 13, 14, 15, 16, 17, 18, 19, 20, 21, 22, 23, 24, 25, 26, 27, 28, 29]","[2.2955667972564697, 1.9528316259384155, 2.4255449771881104, 2.3603432178497314, 2.062040328979492, 2.1386592388153076, 2.283726692199707, 2.3539998531341553, 2.415250539779663, 2.1900527477264404, 2.080036163330078, 2.214460849761963, 1.9902335405349731, 2.336390972137451, 2.391953945159912, 2.0637829303741455, 2.3242034912109375, 2.343165874481201, 2.3704214096069336, 2.011563539505005, 2.3995447158813477, 2.388596773147583, 2.0086669921875, 2.3935861587524414, 2.284398317337036, 2.400122880935669, 2.3581461906433105, 2.283755302429199, 2.1410672664642334, 2.346330165863037]",sae,Pre-64
1,beta,25,0.029,0.4465066892532915,0.4352791138475453,0.4514466146906006,0.5,0.6270054355300688,0.6595139715247588,30,"[0, 1, 2, 3, 4, 5, 6, 7, 8, 9, 10, 11, 12, 13, 14, 15, 16, 17, 18, 19, 20, 21, 22, 23, 24, 25, 26, 27, 28, 29]","[1.8425652980804443, 1.8624783754348755, 1.6799240112304688, 1.927243947982788, 1.9182205200195312, 1.9095045328140259, 1.8150073289871216, 1.7139033079147339, 1.7934300899505615, 1.6949594020843506, 1.9135286808013916, 1.8767114877700806, 1.8739084005355835, 1.719661831855774, 1.7583341598510742, 1.8759384155273438, 1.7172366380691528, 1.6586298942565918, 1.7841185331344604, 1.7735919952392578, 1.9074149131774902, 1.6943011283874512, 1.8935678005218506, 1.7954291105270386, 1.834996223449707, 1.7370525598526, 1.9339598417282104, 1.8637079000473022, 1.9113181829452515, 1.788195013999939]",sae,Pre-64
1,beta,2,0.024,0.4419681213812466,0.4306250660512843,0.4347302946008822,0.5,0.6028191218064636,0.690528353503037,30,"[0, 1, 2, 3, 4, 5, 6, 7, 8, 9, 10, 11, 12, 13, 14, 15, 16, 17, 18, 19, 20, 21, 22, 23, 24, 25, 26, 27, 28, 29]","[1.7803605794906616, 1.7515373229980469, 1.7401864528656006, 1.8918923139572144, 1.8030707836151123, 1.9613062143325806, 1.7601640224456787, 1.8257336616516113, 1.7783869504928589, 1.8457491397857666, 1.8660188913345337, 1.7573161125183105, 1.9009668827056885, 1.9438717365264893, 1.8771278858184814, 1.8970253467559814, 1.9009313583374023, 1.9688425064086914, 1.9786314964294434, 1.9463322162628174, 1.8416486978530884, 1.7655413150787354, 1.911737084388733, 1.9546476602554321, 1.7211099863052368, 1.7718853950500488, 1.8762704133987427, 1.8847072124481201, 1.6813747882843018, 1.9578341245651245]",sae,Pre-64
1,beta,27,0.0159,0.4609757262074365,0.4537266978541116,0.4821876698689585,0.5,0.5914172664146189,0.659067185065279,30,"[0, 1, 2, 3, 4, 5, 6, 7, 8, 9, 10, 11, 12, 13, 14, 15, 16, 17, 18, 19, 20, 21, 22, 23, 24, 25, 26, 27, 28, 29]","[2.380882501602173, 2.5557785034179688, 2.191305160522461, 2.3893609046936035, 2.520082473754883, 2.4155473709106445, 2.467829704284668, 2.17982816696167, 2.4797616004943848, 2.5106358528137207, 2.2083537578582764, 2.5041768550872803, 2.1961424350738525, 2.1686952114105225, 2.2292490005493164, 2.1671407222747803, 2.4872803688049316, 2.5081169605255127, 2.4789280891418457, 2.325660228729248, 2.5523767471313477, 2.1634199619293213, 2.471604108810425, 2.456327438354492, 2.1925485134124756, 2.54290771484375, 2.348787307739258, 2.498685121536255, 2.383174180984497, 2.4257218837738037]",sae,Pre-64
1,beta,47,0.028,0.4460371044958436,0.4257646434940195,0.4113767539004061,0.5,0.6434257056516428,0.7353814376647592,30,"[0, 1, 2, 3, 4, 5, 6, 7, 8, 9, 10, 11, 12, 13, 14, 15, 16, 17, 18, 19, 20, 21, 22, 23, 24, 25, 26, 27, 28, 29]","[1.8648028373718262, 1.6799243688583374, 1.677020788192749, 1.673824667930603, 1.7967801094055176, 1.832411289215088, 1.7530008554458618, 1.8586660623550415, 1.7954548597335815, 1.6938551664352417, 1.7299442291259766, 1.6739343404769897, 1.700057864189148, 1.8608555793762207, 1.6813541650772095, 1.8418691158294678, 1.712377667427063, 1.8030897378921509, 1.6473933458328247, 1.6718207597732544, 1.707474708557129, 1.7843728065490723, 1.8615854978561401, 1.689454436302185, 1.7668356895446777, 1.6534004211425781, 1.6002600193023682, 1.8470252752304077, 1.6481214761734009, 1.7235445976257324]",sae,Pre-64
1,beta,47,0.01,0.4460371044958436,0.4257646434940195,0.422190724663381,0.5,0.6434257056516428,0.737018581624124,30,"[0, 1, 2, 3, 4, 5, 6, 7, 8, 9, 10, 11, 12, 13, 14, 15, 16, 17, 18, 19, 20, 21, 22, 23, 24, 25, 26, 27, 28, 29]","[2.6018643379211426, 2.495347499847412, 2.5122134685516357, 2.251978635787964, 2.5815742015838623, 2.6371991634368896, 2.4716122150421143, 2.593993663787842, 2.3673806190490723, 2.3230984210968018, 2.529289722442627, 2.4784095287323, 2.311591148376465, 2.6272201538085938, 2.554495334625244, 2.5096657276153564, 2.2946276664733887, 2.6441898345947266, 2.474573850631714, 2.341552495956421, 2.598785638809204, 2.454118251800537, 2.5731265544891357, 2.400218963623047, 2.5513076782226562, 2.4338197708129883, 2.3335509300231934, 2.5366876125335693, 2.5171661376953125, 2.5734381675720215]",sae,Pre-64
1,beta,11,0.012,0.4566976193509867,0.4496008864727478,0.4510325262040678,0.5,0.5995106990682213,0.7151431614927191,30,"[0, 1, 2, 3, 4, 5, 6, 7, 8, 9, 10, 11, 12, 13, 14, 15, 16, 17, 18, 19, 20, 21, 22, 23, 24, 25, 26, 27, 28, 29]","[2.3040289878845215, 2.5242748260498047, 2.523422956466675, 2.5416080951690674, 2.482631206512451, 2.4850597381591797, 2.5276355743408203, 2.2442076206207275, 2.568734645843506, 2.527132749557495, 2.534528970718384, 2.5612082481384277, 2.6060497760772705, 2.540167808532715, 2.354072332382202, 2.5457956790924072, 2.362175703048706, 2.1956512928009033, 2.1780309677124023, 2.385979413986206, 2.212951421737671, 2.5716333389282227, 2.5325353145599365, 2.380078077316284, 2.2010884284973145, 2.465939998626709, 2.5672032833099365, 2.2381184101104736, 2.5161519050598145, 2.180691957473755]",sae,Pre-64
1,beta,21,0.004,0.4504746503440228,0.4381370334360364,0.4604330858982389,0.5,0.6200058082774133,0.6863993623252883,30,"[0, 1, 2, 3, 4, 5, 6, 7, 8, 9, 10, 11, 12, 13, 14, 15, 16, 17, 18, 19, 20, 21, 22, 23, 24, 25, 26, 27, 28, 29]","[2.579554796218872, 2.6422300338745117, 2.737438440322876, 2.6657190322875977, 2.662006139755249, 2.6870086193084717, 2.5906288623809814, 2.6555888652801514, 2.725724935531616, 2.3333981037139893, 2.702148199081421, 2.7302815914154053, 2.5051984786987305, 2.7076141834259033, 2.6309940814971924, 2.3486785888671875, 2.3544204235076904, 2.405601739883423, 2.555302858352661, 2.6844427585601807, 2.362574577331543, 2.7049944400787354, 2.520905017852783, 2.536144733428955, 2.5865774154663086, 2.409571886062622, 2.507081985473633, 2.511794328689575, 2.5331742763519287, 2.602450132369995]",sae,Pre-64
1,beta,21,0.022,0.4504746503440228,0.4381370334360364,0.4597674568288865,0.5,0.6200058082774133,0.6853489291760897,30,"[0, 1, 2, 3, 4, 5, 6, 7, 8, 9, 10, 11, 12, 13, 14, 15, 16, 17, 18, 19, 20, 21, 22, 23, 24, 25, 26, 27, 28, 29]","[2.2489840984344482, 2.3245558738708496, 2.4146156311035156, 2.3046529293060303, 2.289754867553711, 2.363539695739746, 2.262540340423584, 2.3559389114379883, 2.361863136291504, 1.9112179279327393, 2.360708236694336, 2.4092860221862793, 2.1770336627960205, 2.4078476428985596, 2.3178820610046387, 1.9623126983642578, 1.9985966682434082, 2.010680913925171, 2.200321674346924, 2.300480842590332, 1.9876832962036133, 2.3672940731048584, 2.209350824356079, 2.2142436504364014, 2.2742180824279785, 2.0366554260253906, 2.142204523086548, 2.152698040008545, 2.1358556747436523, 2.2108519077301025]",sae,Pre-64
1,beta,28,0.024,0.4589844236982603,0.4495627040154577,0.4461281317239954,0.5,0.5987249917034086,0.6989581851799175,30,"[0, 1, 2, 3, 4, 5, 6, 7, 8, 9, 10, 11, 12, 13, 14, 15, 16, 17, 18, 19, 20, 21, 22, 23, 24, 25, 26, 27, 28, 29]","[1.7255229949951172, 1.6350802183151245, 1.5946753025054932, 1.7975221872329712, 1.7860043048858643, 1.7290678024291992, 1.7266476154327393, 1.632416844367981, 1.7175853252410889, 1.778869867324829, 1.6752268075942993, 1.7358214855194092, 1.7684651613235474, 1.810073971748352, 1.7583422660827637, 1.6423341035842896, 1.6759674549102783, 1.746199607849121, 1.7549787759780884, 1.7211105823516846, 1.6469566822052002, 1.7046605348587036, 1.7138863801956177, 1.6367340087890625, 1.6488285064697266, 1.7686349153518677, 1.7976572513580322, 1.6652600765228271, 1.6626356840133667, 1.6548835039138794]",sae,Pre-64
1,beta,26,0.036,0.4502231978181314,0.4442488029476733,0.4657170723124207,0.5,0.5832450787939482,0.6464781638329204,30,"[0, 1, 2, 3, 4, 5, 6, 7, 8, 9, 10, 11, 12, 13, 14, 15, 16, 17, 18, 19, 20, 21, 22, 23, 24, 25, 26, 27, 28, 29]","[1.587411642074585, 1.5912162065505981, 1.7671144008636475, 1.5387282371520996, 1.6162073612213135, 1.6625810861587524, 1.664110541343689, 1.5642625093460083, 1.6782833337783813, 1.6208672523498535, 1.5370707511901855, 1.7756593227386475, 1.7056114673614502, 1.657454252243042, 1.7383142709732056, 1.620980978012085, 1.6664073467254639, 1.5232456922531128, 1.681368350982666, 1.6188973188400269, 1.5814067125320435, 1.7458524703979492, 1.634458303451538, 1.6675351858139038, 1.7559739351272583, 1.7332576513290405, 1.60539972782135, 1.6666769981384277, 1.4944746494293213, 1.5694860219955444]",sae,Pre-64
1,beta,34,0.016,0.4568527557813058,0.4470225010708758,0.4674569893242536,0.5,0.6011606799053854,0.6807160373015713,30,"[0, 1, 2, 3, 4, 5, 6, 7, 8, 9, 10, 11, 12, 13, 14, 15, 16, 17, 18, 19, 20, 21, 22, 23, 24, 25, 26, 27, 28, 29]","[2.1838648319244385, 2.428600549697876, 2.418982744216919, 2.4285147190093994, 2.2499303817749023, 2.1403822898864746, 2.45771861076355, 2.443115711212158, 2.218311309814453, 2.152473211288452, 2.3510324954986572, 2.279995918273926, 2.3542919158935547, 2.427074432373047, 2.1107044219970703, 2.2731451988220215, 2.437411069869995, 2.4454312324523926, 2.408435344696045, 2.1040687561035156, 2.442317008972168, 2.456206798553467, 2.2716407775878906, 2.365652084350586, 2.036418914794922, 2.262528896331787, 2.487842559814453, 2.5027406215667725, 2.366638422012329, 2.3662519454956055]",sae,Pre-64
1,beta,34,0.038,0.4568527557813058,0.4470225010708758,0.4535052249842977,0.5,0.6011606799053854,0.6789644500160683,30,"[0, 1, 2, 3, 4, 5, 6, 7, 8, 9, 10, 11, 12, 13, 14, 15, 16, 17, 18, 19, 20, 21, 22, 23, 24, 25, 26, 27, 28, 29]","[1.6184061765670776, 1.7230504751205444, 1.724849820137024, 1.6613582372665405, 1.6060510873794556, 1.6382237672805786, 1.6693896055221558, 1.6185890436172485, 1.586334228515625, 1.6217544078826904, 1.698917269706726, 1.488727331161499, 1.7200684547424316, 1.6110886335372925, 1.583661675453186, 1.6251245737075806, 1.7334387302398682, 1.7239758968353271, 1.6402311325073242, 1.606458306312561, 1.6611828804016113, 1.7324163913726807, 1.684720516204834, 1.7381120920181274, 1.5989431142807007, 1.5681136846542358, 1.7501733303070068, 1.7513881921768188, 1.7200942039489746, 1.7341125011444092]",sae,Pre-64
1,beta,35,0.015,0.4566193215888805,0.4379483378046387,0.4475990451924859,0.5,0.637290178651746,0.7188693785270076,30,"[0, 1, 2, 3, 4, 5, 6, 7, 8, 9, 10, 11, 12, 13, 14, 15, 16, 17, 18, 19, 20, 21, 22, 23, 24, 25, 26, 27, 28, 29]","[2.0982329845428467, 2.5019142627716064, 2.553784132003784, 2.3707923889160156, 2.507671356201172, 2.3203017711639404, 2.4686710834503174, 2.49333119392395, 2.5551936626434326, 2.481876850128174, 2.280247926712036, 2.1897428035736084, 2.4300172328948975, 2.338535785675049, 2.307838201522827, 2.393226385116577, 2.5081143379211426, 2.173272132873535, 2.3359181880950928, 2.2140800952911377, 2.117314338684082, 2.100924015045166, 2.241942882537842, 2.408015727996826, 2.521074056625366, 2.484203338623047, 2.115394353866577, 2.4970638751983643, 2.5727272033691406, 2.4360721111297607]",sae,Pre-64
1,beta,18,0.02,0.4575117633693479,0.4471831599677374,0.4399565292959904,0.5,0.6052065040104606,0.7319056286818499,30,"[0, 1, 2, 3, 4, 5, 6, 7, 8, 9, 10, 11, 12, 13, 14, 15, 16, 17, 18, 19, 20, 21, 22, 23, 24, 25, 26, 27, 28, 29]","[2.299135446548462, 2.219921350479126, 2.351794481277466, 2.007179021835327, 2.057588577270508, 2.071213483810425, 2.4144043922424316, 1.99385666847229, 2.110694408416748, 2.067032814025879, 2.3960700035095215, 2.3526251316070557, 2.114889621734619, 2.3127341270446777, 2.1303751468658447, 2.275390386581421, 2.3002748489379883, 1.937403917312622, 2.1931729316711426, 2.189939260482788, 2.3971610069274902, 2.2676408290863037, 2.3747754096984863, 2.2832601070404053, 2.3588216304779053, 2.208954095840454, 2.343690872192383, 2.3669071197509766, 2.1635544300079346, 2.0622541904449463]",sae,Pre-64
1,beta,20,0.01,0.4408022875601419,0.4262939306313442,0.4559075324372376,0.5,0.6176087118064704,0.6535003276385034,30,"[0, 1, 2, 3, 4, 5, 6, 7, 8, 9, 10, 11, 12, 13, 14, 15, 16, 17, 18, 19, 20, 21, 22, 23, 24, 25, 26, 27, 28, 29]","[2.666962146759033, 2.692120313644409, 2.6652510166168213, 2.703242778778076, 2.6511101722717285, 2.5602710247039795, 2.699227809906006, 2.62516713142395, 2.6105711460113525, 2.342539072036743, 2.4272518157958984, 2.6343307495117188, 2.769968032836914, 2.6777126789093018, 2.5985310077667236, 2.6963675022125244, 2.6674325466156006, 2.3792717456817627, 2.6621079444885254, 2.693485975265503, 2.285397529602051, 2.312180995941162, 2.421260356903076, 2.686643362045288, 2.611499071121216, 2.4086849689483643, 2.306175947189331, 2.376605272293091, 2.521998167037964, 2.7201998233795166]",sae,Pre-64
1,beta,35,0.032,0.4566193215888805,0.4379483378046387,0.4392975086612599,0.5,0.637290178651746,0.7161722109278018,30,"[0, 1, 2, 3, 4, 5, 6, 7, 8, 9, 10, 11, 12, 13, 14, 15, 16, 17, 18, 19, 20, 21, 22, 23, 24, 25, 26, 27, 28, 29]","[1.68607759475708, 1.8105822801589966, 1.8599467277526855, 1.7732914686203003, 1.813558578491211, 1.7756998538970947, 1.7215052843093872, 1.8762974739074707, 1.9018791913986206, 1.7715208530426025, 1.8463811874389648, 1.6972682476043701, 1.7707611322402954, 1.692294955253601, 1.775023341178894, 1.6934221982955933, 1.8633737564086914, 1.692659854888916, 1.8041950464248657, 1.6902179718017578, 1.6915510892868042, 1.694658875465393, 1.7417970895767212, 1.7063195705413818, 1.7675923109054565, 1.81465744972229, 1.6948634386062622, 1.7934426069259644, 1.8860503435134888, 1.7991536855697632]",sae,Pre-64
1,beta,0,0.0159,0.4600628296558519,0.4487196928272481,0.4487708138975793,0.5,0.6146148452673732,0.7236326387209521,30,"[0, 1, 2, 3, 4, 5, 6, 7, 8, 9, 10, 11, 12, 13, 14, 15, 16, 17, 18, 19, 20, 21, 22, 23, 24, 25, 26, 27, 28, 29]","[2.282986640930176, 2.0979163646698, 2.235177993774414, 2.4951553344726562, 2.15694260597229, 2.265232801437378, 2.5543453693389893, 2.525061845779419, 2.437623977661133, 2.060063123703003, 2.3815555572509766, 2.062567949295044, 2.2283473014831543, 2.472791910171509, 2.5201408863067627, 2.051133871078491, 2.4244375228881836, 2.406985282897949, 2.4062230587005615, 2.436586380004883, 2.2893550395965576, 2.434243679046631, 2.453345537185669, 2.3663904666900635, 2.430910348892212, 2.1938064098358154, 2.4770076274871826, 2.4076197147369385, 2.545182704925537, 2.130444049835205]",sae,Pre-64
1,beta,5,0.01,0.4445517550333296,0.4301735816232515,0.4538060200739119,0.5,0.6070910659257547,0.6793174899833107,30,"[0, 1, 2, 3, 4, 5, 6, 7, 8, 9, 10, 11, 12, 13, 14, 15, 16, 17, 18, 19, 20, 21, 22, 23, 24, 25, 26, 27, 28, 29]","[2.558897018432617, 2.3809914588928223, 2.1456756591796875, 2.564067840576172, 2.496769428253174, 2.439364433288574, 2.6037333011627197, 2.293499708175659, 2.530876874923706, 2.247406244277954, 2.379218339920044, 2.5354220867156982, 2.5861687660217285, 2.359590530395508, 2.5272676944732666, 2.3508687019348145, 2.3164470195770264, 2.5060856342315674, 2.3996825218200684, 2.492218255996704, 2.5853145122528076, 2.4984827041625977, 2.4607608318328857, 2.2134625911712646, 2.3578102588653564, 2.583104372024536, 2.307506561279297, 2.4812827110290527, 2.566556930541992, 2.5965189933776855]",sae,Pre-64
1,beta,10,0.04,0.4493907433353129,0.4390813823454372,0.448316946007883,0.5,0.6232207829487961,0.6767820876242421,30,"[0, 1, 2, 3, 4, 5, 6, 7, 8, 9, 10, 11, 12, 13, 14, 15, 16, 17, 18, 19, 20, 21, 22, 23, 24, 25, 26, 27, 28, 29]","[1.597995400428772, 1.5036622285842896, 1.6784998178482056, 1.5929909944534302, 1.5940454006195068, 1.5952461957931519, 1.6655006408691406, 1.6249094009399414, 1.5362471342086792, 1.6850539445877075, 1.5841292142868042, 1.6362229585647583, 1.6401687860488892, 1.5966213941574097, 1.6321015357971191, 1.6233797073364258, 1.6401954889297485, 1.5326374769210815, 1.6238377094268799, 1.563779354095459, 1.5702768564224243, 1.6218847036361694, 1.6820489168167114, 1.68934965133667, 1.6421403884887695, 1.535933494567871, 1.6032010316848755, 1.5875998735427856, 1.6132780313491821, 1.6909397840499878]",sae,Pre-64
1,beta,10,0.018,0.4493907433353129,0.4390813823454372,0.4659915345481076,0.5,0.6232207829487961,0.6736416807205139,30,"[0, 1, 2, 3, 4, 5, 6, 7, 8, 9, 10, 11, 12, 13, 14, 15, 16, 17, 18, 19, 20, 21, 22, 23, 24, 25, 26, 27, 28, 29]","[2.390880584716797, 2.2314207553863525, 2.429011344909668, 2.0821547508239746, 2.4353604316711426, 2.336944580078125, 2.0730936527252197, 2.42098069190979, 2.4097049236297607, 2.4721386432647705, 2.339141368865967, 2.2625715732574463, 2.2292518615722656, 2.0993709564208984, 2.044825315475464, 2.238426685333252, 2.3640689849853516, 2.100515604019165, 2.4463765621185303, 2.0685863494873047, 2.076528310775757, 2.4064204692840576, 2.4235246181488037, 2.4644269943237305, 2.4444286823272705, 2.218360424041748, 2.361626386642456, 2.3840715885162354, 2.3838343620300293, 2.405184030532837]",sae,Pre-64
1,beta,3,0.002,0.4557259332451328,0.444824285747971,0.4947345617033907,0.5,0.6042731979176,0.651364226312123,30,"[0, 1, 2, 3, 4, 5, 6, 7, 8, 9, 10, 11, 12, 13, 14, 15, 16, 17, 18, 19, 20, 21, 22, 23, 24, 25, 26, 27, 28, 29]","[2.772042751312256, 2.6232635974884033, 2.8164517879486084, 2.7581653594970703, 2.850221872329712, 2.7959625720977783, 2.8646554946899414, 2.902405261993408, 2.778519630432129, 2.922968864440918, 2.825700044631958, 2.9247286319732666, 2.8483762741088867, 2.911350727081299, 2.9197962284088135, 2.6074533462524414, 2.505171298980713, 2.823425769805908, 2.7448208332061768, 2.5817227363586426, 2.7993197441101074, 2.52536678314209, 2.5616161823272705, 2.9221789836883545, 2.8862221240997314, 2.874903917312622, 2.6161789894104004, 2.8436694145202637, 2.8974461555480957, 2.933706521987915]",sae,Pre-64
1,beta,8,0.025,0.4517491928182039,0.4406431065890545,0.444321516871935,0.5,0.6098144493254953,0.6808202995126023,30,"[0, 1, 2, 3, 4, 5, 6, 7, 8, 9, 10, 11, 12, 13, 14, 15, 16, 17, 18, 19, 20, 21, 22, 23, 24, 25, 26, 27, 28, 29]","[1.7124934196472168, 1.8179110288619995, 1.7031049728393555, 1.7109140157699585, 1.8239495754241943, 1.7463456392288208, 1.7880545854568481, 1.6834132671356201, 1.7039697170257568, 1.794372320175171, 1.8238482475280762, 1.7381858825683594, 1.6437938213348389, 1.703574299812317, 1.7703803777694702, 1.6960861682891846, 1.6581718921661377, 1.7422047853469849, 1.6277741193771362, 1.754303216934204, 1.683130145072937, 1.6365724802017212, 1.7764441967010498, 1.729623556137085, 1.7777457237243652, 1.7818399667739868, 1.6812087297439575, 1.7626984119415283, 1.7537673711776733, 1.7818905115127563]",sae,Pre-64
1,beta,28,0.005,0.4589844236982603,0.4495627040154577,0.4581001042344883,0.5,0.5987249917034086,0.6988559593229983,30,"[0, 1, 2, 3, 4, 5, 6, 7, 8, 9, 10, 11, 12, 13, 14, 15, 16, 17, 18, 19, 20, 21, 22, 23, 24, 25, 26, 27, 28, 29]","[2.555452823638916, 2.670773506164551, 2.6185173988342285, 2.709689140319824, 2.6530368328094482, 2.5658488273620605, 2.759627342224121, 2.524811029434204, 2.719695806503296, 2.770437002182007, 2.5144667625427246, 2.5472216606140137, 2.7307136058807373, 2.6428346633911133, 2.789147138595581, 2.325011730194092, 2.397970676422119, 2.719665050506592, 2.538869619369507, 2.6449496746063232, 2.3740806579589844, 2.4619579315185547, 2.741067409515381, 2.6690287590026855, 2.3548476696014404, 2.7349624633789062, 2.6876654624938965, 2.598952054977417, 2.6822376251220703, 2.3521463871002197]",sae,Pre-64
1,beta,40,0.018,0.44666181227492,0.4340193094910912,0.455804139282761,0.5,0.6093636266731638,0.6670818803392773,30,"[0, 1, 2, 3, 4, 5, 6, 7, 8, 9, 10, 11, 12, 13, 14, 15, 16, 17, 18, 19, 20, 21, 22, 23, 24, 25, 26, 27, 28, 29]","[2.4599106311798096, 2.4021236896514893, 2.3378803730010986, 2.1071603298187256, 2.4504172801971436, 2.4195380210876465, 2.3002285957336426, 2.3853509426116943, 2.4073264598846436, 2.3205409049987793, 1.9749027490615845, 2.027109384536743, 2.257361888885498, 2.294555902481079, 2.270864486694336, 2.430145025253296, 2.395404100418091, 1.9957659244537354, 2.1290228366851807, 2.2221193313598633, 2.2548022270202637, 2.2864367961883545, 2.3460066318511963, 2.017815351486206, 2.427574396133423, 1.9578135013580322, 2.404067039489746, 2.371657371520996, 2.4653618335723877, 2.326895236968994]",sae,Pre-64
1,beta,10,0.032,0.4493907433353129,0.4390813823454372,0.451656395149036,0.5,0.6232207829487961,0.6764735010226417,30,"[0, 1, 2, 3, 4, 5, 6, 7, 8, 9, 10, 11, 12, 13, 14, 15, 16, 17, 18, 19, 20, 21, 22, 23, 24, 25, 26, 27, 28, 29]","[1.7319258451461792, 1.6261053085327148, 1.8023382425308228, 1.6972814798355103, 1.7294272184371948, 1.7106831073760986, 1.77134108543396, 1.7645249366760254, 1.7255126237869263, 1.8274173736572266, 1.6949982643127441, 1.7690542936325073, 1.7712981700897217, 1.7167845964431763, 1.7311522960662842, 1.748210072517395, 1.7690942287445068, 1.6540641784667969, 1.7734943628311157, 1.6799756288528442, 1.691633939743042, 1.76141357421875, 1.8199598789215088, 1.824596881866455, 1.7900978326797485, 1.6573820114135742, 1.7319494485855103, 1.7001025676727295, 1.7500017881393433, 1.8414252996444702]",sae,Pre-64
1,beta,40,0.04,0.44666181227492,0.4340193094910912,0.4386472985575251,0.5,0.6093636266731638,0.6684554355936592,30,"[0, 1, 2, 3, 4, 5, 6, 7, 8, 9, 10, 11, 12, 13, 14, 15, 16, 17, 18, 19, 20, 21, 22, 23, 24, 25, 26, 27, 28, 29]","[1.6888946294784546, 1.667668342590332, 1.5981487035751343, 1.5514130592346191, 1.598542332649231, 1.613235592842102, 1.6159683465957642, 1.6602747440338135, 1.6328279972076416, 1.6831319332122803, 1.5603686571121216, 1.577573537826538, 1.6564594507217407, 1.5992618799209595, 1.5764061212539673, 1.6855974197387695, 1.6234827041625977, 1.5859473943710327, 1.5805168151855469, 1.6200709342956543, 1.5406404733657837, 1.5616800785064697, 1.6810165643692017, 1.5844923257827759, 1.6708441972732544, 1.564947485923767, 1.6541500091552734, 1.602903127670288, 1.7005486488342285, 1.5515968799591064]",sae,Pre-64
1,beta,29,0.024,0.4558655961502112,0.4409050416793991,0.4613808746284275,0.5,0.6296548282533407,0.674295022711231,30,"[0, 1, 2, 3, 4, 5, 6, 7, 8, 9, 10, 11, 12, 13, 14, 15, 16, 17, 18, 19, 20, 21, 22, 23, 24, 25, 26, 27, 28, 29]","[1.6942291259765625, 1.7392269372940063, 1.4059125185012817, 1.8250236511230469, 1.769850730895996, 1.685599446296692, 1.8617123365402222, 1.6705111265182495, 1.7800352573394775, 1.813501000404358, 1.7296602725982666, 1.7979241609573364, 1.8147228956222534, 1.7071579694747925, 1.7830569744110107, 1.7032084465026855, 1.7774701118469238, 1.7627822160720825, 1.712687611579895, 1.7484849691390991, 1.8191111087799072, 1.8710795640945435, 1.7462862730026245, 1.7380602359771729, 1.7868539094924927, 1.6280992031097412, 1.6887264251708984, 1.8461101055145264, 1.8792405128479004, 1.68342125415802]",sae,Pre-64
1,beta,3,0.02,0.4557259332451328,0.444824285747971,0.4904080573400954,0.5,0.6042731979176,0.6519192246211125,30,"[0, 1, 2, 3, 4, 5, 6, 7, 8, 9, 10, 11, 12, 13, 14, 15, 16, 17, 18, 19, 20, 21, 22, 23, 24, 25, 26, 27, 28, 29]","[2.295646905899048, 2.13997745513916, 2.3442277908325195, 2.293900489807129, 2.3743677139282227, 2.318028211593628, 2.390291452407837, 2.4261016845703125, 2.3048245906829834, 2.4426729679107666, 2.3596031665802, 2.443571090698242, 2.3753864765167236, 2.442227602005005, 2.4414846897125244, 2.1414060592651367, 2.0229196548461914, 2.349886655807495, 2.2744076251983643, 2.1136698722839355, 2.318662166595459, 2.048985719680786, 2.0892117023468018, 2.4395248889923096, 2.412489175796509, 2.4061477184295654, 2.153524398803711, 2.3682973384857178, 2.4250874519348145, 2.4626684188842773]",sae,Pre-64
1,beta,32,0.03,0.4555596844830426,0.4475674839123162,0.4755483216874259,0.5,0.5924839124839124,0.6372892075749218,30,"[0, 1, 2, 3, 4, 5, 6, 7, 8, 9, 10, 11, 12, 13, 14, 15, 16, 17, 18, 19, 20, 21, 22, 23, 24, 25, 26, 27, 28, 29]","[1.7578166723251343, 1.6608805656433105, 1.7626134157180786, 1.6965276002883911, 1.6773161888122559, 1.7169625759124756, 1.672216534614563, 1.67305326461792, 1.6359634399414062, 1.640480637550354, 1.7012873888015747, 1.6489193439483643, 1.7063300609588623, 1.598142385482788, 1.594665765762329, 1.5999983549118042, 1.614154577255249, 1.7100074291229248, 1.6410801410675049, 1.674781084060669, 1.7520933151245117, 1.6904609203338623, 1.5679850578308105, 1.7609217166900635, 1.693679690361023, 1.6069210767745972, 1.7370928525924683, 1.585858702659607, 1.7702319622039795, 1.7523469924926758]",sae,Pre-64
1,beta,0,0.036,0.4600628296558519,0.4487196928272481,0.4363046221435144,0.5,0.6146148452673732,0.7231147593343766,30,"[0, 1, 2, 3, 4, 5, 6, 7, 8, 9, 10, 11, 12, 13, 14, 15, 16, 17, 18, 19, 20, 21, 22, 23, 24, 25, 26, 27, 28, 29]","[1.600252389907837, 1.6233766078948975, 1.6454390287399292, 1.6953949928283691, 1.5762078762054443, 1.628994345664978, 1.6948881149291992, 1.721285343170166, 1.7011265754699707, 1.5987744331359863, 1.6329456567764282, 1.6190364360809326, 1.7162985801696777, 1.7041295766830444, 1.7207704782485962, 1.6146084070205688, 1.686407208442688, 1.5887686014175415, 1.5760748386383057, 1.7052403688430786, 1.5847238302230835, 1.5788458585739136, 1.699885606765747, 1.6066999435424805, 1.5968486070632935, 1.5689222812652588, 1.6853710412979126, 1.5607837438583374, 1.7183865308761597, 1.5707815885543823]",sae,Pre-64
1,beta,27,0.036,0.4609757262074365,0.4537266978541116,0.4680038872011254,0.5,0.5914172664146189,0.6592996117511633,30,"[0, 1, 2, 3, 4, 5, 6, 7, 8, 9, 10, 11, 12, 13, 14, 15, 16, 17, 18, 19, 20, 21, 22, 23, 24, 25, 26, 27, 28, 29]","[1.7395800352096558, 1.874541163444519, 1.7402238845825195, 1.7579528093338013, 1.8336158990859985, 1.767102599143982, 1.8585035800933838, 1.7125658988952637, 1.8551844358444214, 1.8609360456466675, 1.7315964698791504, 1.8809974193572998, 1.7522201538085938, 1.713987946510315, 1.7217458486557007, 1.6719751358032227, 1.7926640510559082, 1.8193771839141846, 1.7921946048736572, 1.8153462409973145, 1.852962851524353, 1.738849401473999, 1.7467830181121826, 1.754850149154663, 1.729596495628357, 1.8899469375610352, 1.744034767150879, 1.8023487329483032, 1.67974853515625, 1.8022695779800415]",sae,Pre-64
1,beta,19,0.038,0.4469965829377276,0.435497383761294,0.4198060341672594,0.5,0.6104665954706788,0.7149118949649779,30,"[0, 1, 2, 3, 4, 5, 6, 7, 8, 9, 10, 11, 12, 13, 14, 15, 16, 17, 18, 19, 20, 21, 22, 23, 24, 25, 26, 27, 28, 29]","[1.6929508447647095, 1.7311859130859375, 1.7922934293746948, 1.6972328424453735, 1.6919162273406982, 1.723029375076294, 1.71425461769104, 1.783298373222351, 1.6599550247192383, 1.822327971458435, 1.8657852411270142, 1.8519487380981445, 1.731994390487671, 1.675137996673584, 1.6603076457977295, 1.6859943866729736, 1.8196507692337036, 1.835510492324829, 1.6425031423568726, 1.6420938968658447, 1.8499904870986938, 1.7009528875350952, 1.7225533723831177, 1.6441832780838013, 1.630265712738037, 1.8338369131088257, 1.8414299488067627, 1.731804609298706, 1.728371262550354, 1.6714707612991333]",sae,Pre-64
1,beta,9,0.004,0.448644851968101,0.4348910401892977,0.4750469372798253,0.5,0.6286670530281078,0.6718356997971604,30,"[0, 1, 2, 3, 4, 5, 6, 7, 8, 9, 10, 11, 12, 13, 14, 15, 16, 17, 18, 19, 20, 21, 22, 23, 24, 25, 26, 27, 28, 29]","[2.786482572555542, 2.4719717502593994, 2.899031400680542, 2.8354036808013916, 2.5551140308380127, 2.610325813293457, 2.781104564666748, 2.819465398788452, 2.8909451961517334, 2.656705141067505, 2.5776376724243164, 2.7045891284942627, 2.499790906906128, 2.808443784713745, 2.868093490600586, 2.567685127258301, 2.791518211364746, 2.8268842697143555, 2.842557668685913, 2.511885166168213, 2.8687751293182373, 2.8648931980133057, 2.5079808235168457, 2.8684558868408203, 2.7744839191436768, 2.873749256134033, 2.8341479301452637, 2.747206687927246, 2.6291356086730957, 2.8369662761688232]",sae,Pre-64
1,beta,32,0.014,0.4555596844830426,0.4475674839123162,0.4886656964320837,0.5,0.5924839124839124,0.6427328553042839,30,"[0, 1, 2, 3, 4, 5, 6, 7, 8, 9, 10, 11, 12, 13, 14, 15, 16, 17, 18, 19, 20, 21, 22, 23, 24, 25, 26, 27, 28, 29]","[2.4759883880615234, 2.417062282562256, 2.5137956142425537, 2.461360454559326, 2.4369242191314697, 2.182973623275757, 2.3809244632720947, 2.409775733947754, 2.3991565704345703, 2.302459239959717, 2.281176805496216, 2.431621551513672, 2.4602668285369873, 2.1587905883789062, 2.170644760131836, 2.137983798980713, 2.3496885299682617, 2.3882896900177, 2.1875126361846924, 2.370185136795044, 2.4886748790740967, 2.3080074787139893, 2.1855647563934326, 2.471393346786499, 2.3256688117980957, 2.3384037017822266, 2.492830276489258, 2.4073143005371094, 2.373215913772583, 2.43462872505188]",sae,Pre-64
1,beta,20,0.028,0.4408022875601419,0.4262939306313442,0.4419663344579334,0.5,0.6176087118064704,0.6529970478757542,30,"[0, 1, 2, 3, 4, 5, 6, 7, 8, 9, 10, 11, 12, 13, 14, 15, 16, 17, 18, 19, 20, 21, 22, 23, 24, 25, 26, 27, 28, 29]","[1.7168817520141602, 1.7689857482910156, 1.7021424770355225, 1.8386095762252808, 1.7480194568634033, 1.7865455150604248, 1.7897506952285767, 1.6847926378250122, 1.7156856060028076, 1.647200345993042, 1.6777745485305786, 1.6829142570495605, 1.8397949934005737, 1.690121054649353, 1.7372095584869385, 1.8021858930587769, 1.708358883857727, 1.6210403442382812, 1.7438277006149292, 1.7556703090667725, 1.695233941078186, 1.6285808086395264, 1.7531710863113403, 1.8211820125579834, 1.8048211336135864, 1.631815791130066, 1.6999551057815552, 1.750218391418457, 1.6199699640274048, 1.806756615638733]",sae,Pre-64
1,beta,29,0.005,0.4558655961502112,0.4409050416793991,0.4720277153875302,0.5,0.6296548282533407,0.6790328357493208,30,"[0, 1, 2, 3, 4, 5, 6, 7, 8, 9, 10, 11, 12, 13, 14, 15, 16, 17, 18, 19, 20, 21, 22, 23, 24, 25, 26, 27, 28, 29]","[2.374171495437622, 2.6525027751922607, 2.1060774326324463, 2.673171043395996, 2.6402885913848877, 2.3237569332122803, 2.705321788787842, 2.3180952072143555, 2.590047836303711, 2.651859998703003, 2.5358150005340576, 2.6394495964050293, 2.6237199306488037, 2.3349528312683105, 2.515023946762085, 2.3143844604492188, 2.588991641998291, 2.6321637630462646, 2.617033004760742, 2.627950429916382, 2.4792706966400146, 2.682549238204956, 2.6361143589019775, 2.607865810394287, 2.6572911739349365, 2.465250015258789, 2.3495426177978516, 2.714381456375122, 2.6139817237854004, 2.5865771770477295]",sae,Pre-64
1,beta,11,0.04,0.4566976193509867,0.4496008864727478,0.4389971253403063,0.5,0.5995106990682213,0.7108778737650419,30,"[0, 1, 2, 3, 4, 5, 6, 7, 8, 9, 10, 11, 12, 13, 14, 15, 16, 17, 18, 19, 20, 21, 22, 23, 24, 25, 26, 27, 28, 29]","[1.5888155698776245, 1.410791039466858, 1.5325921773910522, 1.4703408479690552, 1.6185165643692017, 1.4751471281051636, 1.4925634860992432, 1.3470408916473389, 1.6026583909988403, 1.6083215475082397, 1.6093299388885498, 1.634182333946228, 1.6475356817245483, 1.5067566633224487, 1.4915932416915894, 1.5076507329940796, 1.562864065170288, 1.4745243787765503, 1.4994720220565796, 1.5778135061264038, 1.5300507545471191, 1.564512014389038, 1.621813178062439, 1.5448603630065918, 1.522881269454956, 1.5897160768508911, 1.6216620206832886, 1.4675675630569458, 1.5175883769989014, 1.4870169162750244]",sae,Pre-64
1,beta,11,0.018,0.4566976193509867,0.4496008864727478,0.4503890673568271,0.5,0.5995106990682213,0.7146632251720747,30,"[0, 1, 2, 3, 4, 5, 6, 7, 8, 9, 10, 11, 12, 13, 14, 15, 16, 17, 18, 19, 20, 21, 22, 23, 24, 25, 26, 27, 28, 29]","[2.1441712379455566, 2.375049352645874, 2.3722023963928223, 2.388680934906006, 2.3221468925476074, 2.335195779800415, 2.377025842666626, 2.0902903079986572, 2.414154529571533, 2.3699913024902344, 2.3791024684906006, 2.4067509174346924, 2.4525017738342285, 2.390097141265869, 2.1964359283447266, 2.3962769508361816, 2.2011897563934326, 2.0364859104156494, 2.0127651691436768, 2.2270936965942383, 2.0514168739318848, 2.418800115585327, 2.3734865188598633, 2.2201929092407227, 2.0389463901519775, 2.313673973083496, 2.4144275188446045, 2.079852342605591, 2.362748384475708, 2.019786834716797]",sae,Pre-64
1,beta,26,0.029,0.4502231978181314,0.4442488029476733,0.4692190208015079,0.5,0.5832450787939482,0.6479168236046552,30,"[0, 1, 2, 3, 4, 5, 6, 7, 8, 9, 10, 11, 12, 13, 14, 15, 16, 17, 18, 19, 20, 21, 22, 23, 24, 25, 26, 27, 28, 29]","[1.7431459426879883, 1.749157190322876, 1.931037425994873, 1.675586223602295, 1.7612649202346802, 1.81685471534729, 1.840991735458374, 1.7066645622253418, 1.8457823991775513, 1.7651185989379883, 1.6800304651260376, 1.9456604719161987, 1.8752306699752808, 1.8327234983444214, 1.9212018251419067, 1.796762466430664, 1.8316289186477661, 1.6888231039047241, 1.8438688516616821, 1.7675806283950806, 1.715619683265686, 1.9065531492233276, 1.8019134998321533, 1.8283220529556274, 1.9206234216690063, 1.895816445350647, 1.776902675628662, 1.8287960290908813, 1.7005294561386108, 1.7084388732910156]",sae,Pre-64
1,beta,48,0.028,0.4556814132376,0.4510566266980289,0.4971640298028336,0.5,0.5923878577171784,0.5965524953852077,30,"[0, 1, 2, 3, 4, 5, 6, 7, 8, 9, 10, 11, 12, 13, 14, 15, 16, 17, 18, 19, 20, 21, 22, 23, 24, 25, 26, 27, 28, 29]","[1.9120954275131226, 1.8494352102279663, 1.7722971439361572, 1.750295877456665, 1.814119815826416, 1.724380373954773, 1.7899333238601685, 1.8002257347106934, 1.7972629070281982, 1.7419307231903076, 1.8546777963638306, 1.7870060205459595, 1.8527029752731323, 1.763545036315918, 1.7539582252502441, 1.7789125442504883, 1.9416236877441406, 1.8663164377212524, 1.8886934518814087, 1.8016479015350342, 1.754345417022705, 1.9144527912139893, 1.93320631980896, 1.7895346879959106, 1.7937146425247192, 1.88898503780365, 1.8705106973648071, 1.9373537302017212, 1.731757402420044, 1.8297991752624512]",sae,Pre-64
1,beta,28,0.0159,0.4589844236982603,0.4495627040154577,0.4565069827008466,0.5,0.5987249917034086,0.6988396624472574,30,"[0, 1, 2, 3, 4, 5, 6, 7, 8, 9, 10, 11, 12, 13, 14, 15, 16, 17, 18, 19, 20, 21, 22, 23, 24, 25, 26, 27, 28, 29]","[2.2617616653442383, 2.38594913482666, 2.3389840126037598, 2.423347234725952, 2.3598854541778564, 2.268084764480591, 2.4804883003234863, 2.239929676055908, 2.435166358947754, 2.4849517345428467, 2.223106861114502, 2.2524380683898926, 2.447300910949707, 2.3489222526550293, 2.508305072784424, 2.0216448307037354, 2.092902898788452, 2.433246374130249, 2.240846872329712, 2.355103015899658, 2.066089630126953, 2.1718857288360596, 2.4608891010284424, 2.3911054134368896, 2.0561740398406982, 2.449370861053467, 2.396090507507324, 2.3105008602142334, 2.3989205360412598, 2.053196430206299]",sae,Pre-64
1,beta,48,0.01,0.4556814132376,0.4510566266980289,0.5119196955877771,0.5,0.5923878577171784,0.6006053021981134,30,"[0, 1, 2, 3, 4, 5, 6, 7, 8, 9, 10, 11, 12, 13, 14, 15, 16, 17, 18, 19, 20, 21, 22, 23, 24, 25, 26, 27, 28, 29]","[2.743166923522949, 2.5480713844299316, 2.4392194747924805, 2.5636160373687744, 2.6846401691436768, 2.3677847385406494, 2.4055724143981934, 2.6629981994628906, 2.6294925212860107, 2.597914695739746, 2.4457380771636963, 2.6529557704925537, 2.5053720474243164, 2.3556313514709473, 2.367208957672119, 2.3546478748321533, 2.7676563262939453, 2.727078676223755, 2.6881518363952637, 2.6257002353668213, 2.343273401260376, 2.7444374561309814, 2.757301092147827, 2.6547791957855225, 2.6101536750793457, 2.6964919567108154, 2.67999005317688, 2.80433988571167, 2.5260977745056152, 2.6712234020233154]",sae,Pre-64
1,beta,33,0.028,0.4492211383258522,0.4377959816952598,0.4374402550366529,0.5,0.6165210074526608,0.6907654886654505,30,"[0, 1, 2, 3, 4, 5, 6, 7, 8, 9, 10, 11, 12, 13, 14, 15, 16, 17, 18, 19, 20, 21, 22, 23, 24, 25, 26, 27, 28, 29]","[1.7122561931610107, 1.7578431367874146, 1.7045375108718872, 1.6511257886886597, 1.5903364419937134, 1.7992695569992065, 1.6096326112747192, 1.7729947566986084, 1.745132565498352, 1.754723310470581, 1.6711289882659912, 1.772072672843933, 1.7560865879058838, 1.5900020599365234, 1.6770384311676025, 1.7311627864837646, 1.6594278812408447, 1.630110263824463, 1.7792043685913086, 1.7942631244659424, 1.6801379919052124, 1.5979297161102295, 1.7841767072677612, 1.7111639976501465, 1.7788517475128174, 1.7002451419830322, 1.642625093460083, 1.5879172086715698, 1.597014307975769, 1.631495714187622]",sae,Pre-64
1,beta,20,0.0155,0.4408022875601419,0.4262939306313442,0.4551746118772357,0.5,0.6176087118064704,0.6531558005525944,30,"[0, 1, 2, 3, 4, 5, 6, 7, 8, 9, 10, 11, 12, 13, 14, 15, 16, 17, 18, 19, 20, 21, 22, 23, 24, 25, 26, 27, 28, 29]","[2.523224353790283, 2.547924757003784, 2.52329683303833, 2.5543742179870605, 2.50594162940979, 2.4095118045806885, 2.5523579120635986, 2.4840774536132812, 2.466306447982788, 2.1889772415161133, 2.282931089401245, 2.492921829223633, 2.6264090538024902, 2.535919666290283, 2.451324462890625, 2.550741195678711, 2.5260515213012695, 2.232114553451538, 2.518428087234497, 2.550424098968506, 2.130856990814209, 2.1616594791412354, 2.270426034927368, 2.540168285369873, 2.4634974002838135, 2.262174606323242, 2.153738260269165, 2.2237324714660645, 2.3776941299438477, 2.5752928256988525]",sae,Pre-64
1,beta,14,0.034,0.4467366851483266,0.4421697276018216,0.4400534534767875,0.5,0.5934222168898753,0.6937521558511676,30,"[0, 1, 2, 3, 4, 5, 6, 7, 8, 9, 10, 11, 12, 13, 14, 15, 16, 17, 18, 19, 20, 21, 22, 23, 24, 25, 26, 27, 28, 29]","[1.583112359046936, 1.485984206199646, 1.6048940420150757, 1.6410908699035645, 1.6091395616531372, 1.610897421836853, 1.5506165027618408, 1.715387225151062, 1.6092077493667603, 1.6878501176834106, 1.5489338636398315, 1.5737311840057373, 1.595717191696167, 1.6863229274749756, 1.6396654844284058, 1.6124204397201538, 1.7078287601470947, 1.705056071281433, 1.6227461099624634, 1.5799602270126343, 1.596227765083313, 1.6239380836486816, 1.6859973669052124, 1.5740829706192017, 1.696060299873352, 1.7022109031677246, 1.6509374380111694, 1.7045965194702148, 1.6951888799667358, 1.6059367656707764]",sae,Pre-64
1,beta,4,0.038,0.4589558369307028,0.4477177462853796,0.4719696733099082,0.5,0.61034827708266,0.6540714406636194,30,"[0, 1, 2, 3, 4, 5, 6, 7, 8, 9, 10, 11, 12, 13, 14, 15, 16, 17, 18, 19, 20, 21, 22, 23, 24, 25, 26, 27, 28, 29]","[1.8199222087860107, 1.827391266822815, 1.6628289222717285, 1.8324499130249023, 1.6733438968658447, 1.7119807004928589, 1.8288459777832031, 1.6861517429351807, 1.6841936111450195, 1.8223636150360107, 1.7820411920547485, 1.7018705606460571, 1.8285893201828003, 1.6512809991836548, 1.6633188724517822, 1.7172870635986328, 1.7540807723999023, 1.7669018507003784, 1.714917540550232, 1.7657098770141602, 1.7331691980361938, 1.7750734090805054, 1.705854892730713, 1.6868345737457275, 1.756090760231018, 1.7419384717941284, 1.6767634153366089, 1.7125128507614136, 1.7914091348648071, 1.6819121837615967]",sae,Pre-64
1,beta,12,0.008,0.4455148672091349,0.4361346773072694,0.4362740198807803,0.5,0.5892778403611032,0.7250919663265354,30,"[0, 1, 2, 3, 4, 5, 6, 7, 8, 9, 10, 11, 12, 13, 14, 15, 16, 17, 18, 19, 20, 21, 22, 23, 24, 25, 26, 27, 28, 29]","[2.4720661640167236, 2.671393632888794, 2.3428428173065186, 2.634162187576294, 2.724954843521118, 2.786673069000244, 2.7262794971466064, 2.6955535411834717, 2.573711395263672, 2.2858800888061523, 2.285876750946045, 2.7381591796875, 2.611801862716675, 2.6211955547332764, 2.518002510070801, 2.7873973846435547, 2.4566261768341064, 2.575490951538086, 2.5330421924591064, 2.7755486965179443, 2.618356943130493, 2.4967257976531982, 2.308283567428589, 2.775270462036133, 2.776195526123047, 2.7444891929626465, 2.6481449604034424, 2.5735230445861816, 2.4459829330444336, 2.7013041973114014]",sae,Pre-64
1,beta,43,0.005,0.4515364523902173,0.4432102910589974,0.457162952194301,0.5,0.6060785767234989,0.7075374351371386,30,"[0, 1, 2, 3, 4, 5, 6, 7, 8, 9, 10, 11, 12, 13, 14, 15, 16, 17, 18, 19, 20, 21, 22, 23, 24, 25, 26, 27, 28, 29]","[2.769498109817505, 2.6637322902679443, 2.821763038635254, 2.7456798553466797, 2.445667266845703, 2.456228017807007, 2.444521903991699, 2.6324462890625, 2.383699655532837, 2.6804211139678955, 2.4015138149261475, 2.8658037185668945, 2.655123233795166, 2.7766506671905518, 2.6330957412719727, 2.681485891342163, 2.813267707824707, 2.697307825088501, 2.5356619358062744, 2.6217494010925293, 2.7090277671813965, 2.5160844326019287, 2.773547887802124, 2.6015148162841797, 2.5096044540405273, 2.4464852809906006, 2.801297426223755, 2.679732322692871, 2.8158810138702393, 2.710932970046997]",sae,Pre-64
1,beta,30,0.024,0.4638407167611665,0.4544841508273655,0.4424460325898876,0.5,0.6043368975359404,0.6964951742384085,30,"[0, 1, 2, 3, 4, 5, 6, 7, 8, 9, 10, 11, 12, 13, 14, 15, 16, 17, 18, 19, 20, 21, 22, 23, 24, 25, 26, 27, 28, 29]","[1.7652931213378906, 1.757029414176941, 1.7228528261184692, 1.678403615951538, 1.6814173460006714, 1.6585077047348022, 1.6728283166885376, 1.6371618509292603, 1.6109845638275146, 1.67165207862854, 1.684727668762207, 1.6758357286453247, 1.630226969718933, 1.6781879663467407, 1.7351070642471313, 1.738383173942566, 1.6441805362701416, 1.682698369026184, 1.7554774284362793, 1.6534748077392578, 1.7029069662094116, 1.652951955795288, 1.7560330629348755, 1.6656277179718018, 1.7568531036376953, 1.684231162071228, 1.6390671730041504, 1.6683567762374878, 1.7235007286071777, 1.6650310754776]",sae,Pre-64
1,beta,4,0.016,0.4589558369307028,0.4477177462853796,0.4887310702714251,0.5,0.61034827708266,0.6504393862443634,30,"[0, 1, 2, 3, 4, 5, 6, 7, 8, 9, 10, 11, 12, 13, 14, 15, 16, 17, 18, 19, 20, 21, 22, 23, 24, 25, 26, 27, 28, 29]","[2.4016618728637695, 2.473517417907715, 2.151675224304199, 2.517563581466675, 2.4073381423950195, 2.437546491622925, 2.4802300930023193, 2.3943228721618652, 2.0262277126312256, 2.546363115310669, 2.2696750164031982, 2.3952691555023193, 2.542565107345581, 2.0904183387756348, 2.1418097019195557, 2.3164403438568115, 2.463301420211792, 2.2395997047424316, 2.4475409984588623, 2.1885974407196045, 2.4201416969299316, 2.2768781185150146, 2.119178056716919, 2.369835376739502, 2.4781854152679443, 2.4884250164031982, 2.4203171730041504, 2.4349067211151123, 2.5042953491210938, 2.200623035430908]",sae,Pre-64
1,beta,20,0.035,0.4408022875601419,0.4262939306313442,0.4418635404900283,0.5,0.6176087118064704,0.6529826925805078,30,"[0, 1, 2, 3, 4, 5, 6, 7, 8, 9, 10, 11, 12, 13, 14, 15, 16, 17, 18, 19, 20, 21, 22, 23, 24, 25, 26, 27, 28, 29]","[1.7096798419952393, 1.7617340087890625, 1.694879174232483, 1.8314663171768188, 1.7407106161117554, 1.779355764389038, 1.7825814485549927, 1.677592158317566, 1.7083454132080078, 1.6399095058441162, 1.6705095767974854, 1.6756728887557983, 1.832608938217163, 1.6829562187194824, 1.7300649881362915, 1.7949199676513672, 1.7012056112289429, 1.6136364936828613, 1.7365671396255493, 1.7484549283981323, 1.687939167022705, 1.6214001178741455, 1.7459203004837036, 1.8139498233795166, 1.7976601123809814, 1.6244598627090454, 1.6927454471588135, 1.7430579662322998, 1.612555980682373, 1.7995169162750244]",sae,Pre-64
1,beta,24,0.012,0.4501416387440968,0.4383559369047743,0.4650884993741915,0.5,0.6188330126613704,0.6508627110228401,30,"[0, 1, 2, 3, 4, 5, 6, 7, 8, 9, 10, 11, 12, 13, 14, 15, 16, 17, 18, 19, 20, 21, 22, 23, 24, 25, 26, 27, 28, 29]","[2.5378050804138184, 2.4639110565185547, 2.362265110015869, 2.583986282348633, 2.574300527572632, 2.116326093673706, 2.5538318157196045, 2.5708236694335938, 2.644183874130249, 2.5403311252593994, 2.358198881149292, 2.21208119392395, 2.639364004135132, 2.635380506515503, 2.28039288520813, 2.221889019012451, 2.62697434425354, 2.4836201667785645, 2.5405373573303223, 2.5722994804382324, 2.564938545227051, 2.5639922618865967, 2.1586854457855225, 2.527467966079712, 2.1260061264038086, 2.3413894176483154, 2.4048173427581787, 2.1429338455200195, 2.6401290893554688, 2.542935609817505]",sae,Pre-64
1,beta,28,0.036,0.4589844236982603,0.4495627040154577,0.4459723385873698,0.5,0.5987249917034086,0.6989226283601194,30,"[0, 1, 2, 3, 4, 5, 6, 7, 8, 9, 10, 11, 12, 13, 14, 15, 16, 17, 18, 19, 20, 21, 22, 23, 24, 25, 26, 27, 28, 29]","[1.7082456350326538, 1.6179745197296143, 1.5773764848709106, 1.7800228595733643, 1.76877760887146, 1.7114280462265015, 1.7093678712844849, 1.6151429414749146, 1.6998491287231445, 1.761450171470642, 1.6574978828430176, 1.7182509899139404, 1.750983715057373, 1.7927206754684448, 1.7411372661590576, 1.6248893737792969, 1.6585646867752075, 1.7285453081130981, 1.7376580238342285, 1.703551173210144, 1.629516363143921, 1.6874117851257324, 1.6965872049331665, 1.619347095489502, 1.6314047574996948, 1.751210331916809, 1.7801531553268433, 1.6475813388824463, 1.6451201438903809, 1.6376038789749146]",sae,Pre-64
1,beta,17,0.03,0.4599327030141671,0.4513468217402507,0.451770814278904,0.5,0.6120635717004715,0.6940003004443952,30,"[0, 1, 2, 3, 4, 5, 6, 7, 8, 9, 10, 11, 12, 13, 14, 15, 16, 17, 18, 19, 20, 21, 22, 23, 24, 25, 26, 27, 28, 29]","[1.8008373975753784, 1.6810741424560547, 1.7327485084533691, 1.6855247020721436, 1.839900016784668, 1.6889467239379883, 1.7625421285629272, 1.5748928785324097, 1.7112228870391846, 1.765403151512146, 1.778074860572815, 1.8063844442367554, 1.7129541635513306, 1.8179715871810913, 1.7001749277114868, 1.666761040687561, 1.7588363885879517, 1.7394475936889648, 1.769918441772461, 1.7386839389801025, 1.692173957824707, 1.7512415647506714, 1.6130048036575317, 1.7260643243789673, 1.800550103187561, 1.744067907333374, 1.6872432231903076, 1.7409965991973877, 1.7289925813674927, 1.7498263120651245]",sae,Pre-64
1,beta,33,0.01,0.4492211383258522,0.4377959816952598,0.4603136172413782,0.5,0.6165210074526608,0.6820796741758941,30,"[0, 1, 2, 3, 4, 5, 6, 7, 8, 9, 10, 11, 12, 13, 14, 15, 16, 17, 18, 19, 20, 21, 22, 23, 24, 25, 26, 27, 28, 29]","[2.5948076248168945, 2.580456256866455, 2.408142566680908, 2.4025299549102783, 2.342721700668335, 2.6715691089630127, 2.2559890747070312, 2.6314380168914795, 2.5028486251831055, 2.6014761924743652, 2.332627296447754, 2.589470148086548, 2.608130693435669, 2.212233304977417, 2.628394365310669, 2.5888240337371826, 2.603306770324707, 2.4743664264678955, 2.5755226612091064, 2.5550081729888916, 2.5822877883911133, 2.277637481689453, 2.6239676475524902, 2.5588324069976807, 2.619361162185669, 2.569451332092285, 2.52970027923584, 2.292428970336914, 2.3616983890533447, 2.2815465927124023]",sae,Pre-64
1,beta,21,0.006,0.4504746503440228,0.4381370334360364,0.4601925309390757,0.5,0.6200058082774133,0.6863283036122543,30,"[0, 1, 2, 3, 4, 5, 6, 7, 8, 9, 10, 11, 12, 13, 14, 15, 16, 17, 18, 19, 20, 21, 22, 23, 24, 25, 26, 27, 28, 29]","[2.5388193130493164, 2.601449489593506, 2.695948839187622, 2.6236190795898438, 2.6199190616607666, 2.64581036567688, 2.549739360809326, 2.6149418354034424, 2.6843771934509277, 2.2896790504455566, 2.6606667041778564, 2.688908815383911, 2.463745594024658, 2.6669797897338867, 2.590066909790039, 2.305640697479248, 2.3118393421173096, 2.3626155853271484, 2.513915538787842, 2.642332077026367, 2.32102370262146, 2.663231134414673, 2.4800357818603516, 2.4950528144836426, 2.5452725887298584, 2.367676019668579, 2.465425729751587, 2.4692749977111816, 2.490363836288452, 2.5599191188812256]",sae,Pre-64
1,beta,30,0.005,0.4638407167611665,0.4544841508273655,0.4526211469455191,0.5,0.6043368975359404,0.7051024290383021,30,"[0, 1, 2, 3, 4, 5, 6, 7, 8, 9, 10, 11, 12, 13, 14, 15, 16, 17, 18, 19, 20, 21, 22, 23, 24, 25, 26, 27, 28, 29]","[2.756216049194336, 2.7531092166900635, 2.4836862087249756, 2.5311107635498047, 2.509551525115967, 2.6449310779571533, 2.5097904205322266, 2.459055185317993, 2.468130111694336, 2.7003562450408936, 2.3436403274536133, 2.5950136184692383, 2.6059556007385254, 2.583754062652588, 2.750882148742676, 2.756676435470581, 2.6857054233551025, 2.6159720420837402, 2.753147602081299, 2.4376461505889893, 2.8018226623535156, 2.725468158721924, 2.8353641033172607, 2.737426280975342, 2.529099702835083, 2.6734619140625, 2.573129653930664, 2.6741440296173096, 2.7171108722686768, 2.4219865798950195]",sae,Pre-64
1,beta,21,0.025,0.4504746503440228,0.4381370334360364,0.4460507180057096,0.5,0.6200058082774133,0.6876892324423189,30,"[0, 1, 2, 3, 4, 5, 6, 7, 8, 9, 10, 11, 12, 13, 14, 15, 16, 17, 18, 19, 20, 21, 22, 23, 24, 25, 26, 27, 28, 29]","[1.6861810684204102, 1.7653224468231201, 1.8806707859039307, 1.8778153657913208, 1.882728099822998, 1.8311034440994263, 1.7055232524871826, 1.754028558731079, 1.8785502910614014, 1.72748863697052, 1.8449591398239136, 1.8787082433700562, 1.7105504274368286, 1.7785159349441528, 1.767042875289917, 1.696077585220337, 1.7092257738113403, 1.7334920167922974, 1.722525954246521, 1.8767893314361572, 1.6644113063812256, 1.869036316871643, 1.6652860641479492, 1.6908841133117676, 1.7257148027420044, 1.7099753618240356, 1.6955575942993164, 1.7417070865631104, 1.8194361925125122, 1.816563606262207]",sae,Pre-64
1,beta,14,0.0151,0.4467366851483266,0.4421697276018216,0.4583539325969029,0.5,0.5934222168898753,0.6887670780905533,30,"[0, 1, 2, 3, 4, 5, 6, 7, 8, 9, 10, 11, 12, 13, 14, 15, 16, 17, 18, 19, 20, 21, 22, 23, 24, 25, 26, 27, 28, 29]","[2.0956244468688965, 2.2724828720092773, 2.436835527420044, 2.368675708770752, 2.1728038787841797, 2.472027063369751, 2.0899720191955566, 2.437303304672241, 2.504392623901367, 2.574218988418579, 2.3543953895568848, 2.4565258026123047, 2.5178439617156982, 2.5391147136688232, 2.37604022026062, 2.2129428386688232, 2.5505290031433105, 2.538654088973999, 2.331447124481201, 2.0881335735321045, 2.1239850521087646, 2.2961065769195557, 2.434521436691284, 2.220142364501953, 2.5677318572998047, 2.5300087928771973, 2.5236828327178955, 2.478529214859009, 2.3672103881835938, 2.5484158992767334]",sae,Pre-64
1,beta,12,0.04,0.4455148672091349,0.4361346773072694,0.4192104256592926,0.5,0.5892778403611032,0.7302710611067744,30,"[0, 1, 2, 3, 4, 5, 6, 7, 8, 9, 10, 11, 12, 13, 14, 15, 16, 17, 18, 19, 20, 21, 22, 23, 24, 25, 26, 27, 28, 29]","[1.602950096130371, 1.777932047843933, 1.6362483501434326, 1.5924257040023804, 1.80498206615448, 1.7561159133911133, 1.7341575622558594, 1.7281068563461304, 1.7854135036468506, 1.628988265991211, 1.6116584539413452, 1.8357224464416504, 1.657141089439392, 1.736207365989685, 1.59529709815979, 1.8376049995422363, 1.568276047706604, 1.82692551612854, 1.7167128324508667, 1.8319427967071533, 1.774026870727539, 1.7297676801681519, 1.6326375007629395, 1.833430528640747, 1.8206537961959839, 1.7006889581680298, 1.8219709396362305, 1.7336812019348145, 1.6803590059280396, 1.834560751914978]",sae,Pre-64
1,beta,12,0.018,0.4455148672091349,0.4361346773072694,0.434534375708626,0.5,0.5892778403611032,0.72481774229485,30,"[0, 1, 2, 3, 4, 5, 6, 7, 8, 9, 10, 11, 12, 13, 14, 15, 16, 17, 18, 19, 20, 21, 22, 23, 24, 25, 26, 27, 28, 29]","[2.22221040725708, 2.4267215728759766, 2.0822741985321045, 2.3899874687194824, 2.472288131713867, 2.542673349380493, 2.480407238006592, 2.447185516357422, 2.3142101764678955, 2.0198605060577393, 2.0204970836639404, 2.4848203659057617, 2.3624870777130127, 2.3768129348754883, 2.269749641418457, 2.534497022628784, 2.2070772647857666, 2.3187332153320312, 2.2742602825164795, 2.526087522506714, 2.360996961593628, 2.2420156002044678, 2.044661283493042, 2.5229101181030273, 2.5265512466430664, 2.499927282333374, 2.3890631198883057, 2.31561541557312, 2.193624496459961, 2.4427802562713623]",sae,Pre-64
1,beta,43,0.024,0.4515364523902173,0.4432102910589974,0.4543438336940147,0.5,0.6060785767234989,0.7073298739807266,30,"[0, 1, 2, 3, 4, 5, 6, 7, 8, 9, 10, 11, 12, 13, 14, 15, 16, 17, 18, 19, 20, 21, 22, 23, 24, 25, 26, 27, 28, 29]","[2.296419620513916, 2.180917739868164, 2.34550142288208, 2.2804200649261475, 1.943109154701233, 1.9665641784667969, 1.9477834701538086, 2.1413674354553223, 1.8640199899673462, 2.210538864135742, 1.904069423675537, 2.3908557891845703, 2.162665367126465, 2.3082714080810547, 2.1743874549865723, 2.2013132572174072, 2.3400254249572754, 2.221576690673828, 2.0329854488372803, 2.1475436687469482, 2.2364959716796875, 2.015120267868042, 2.2856287956237793, 2.1191461086273193, 2.025163412094116, 1.9515193700790405, 2.314232110977173, 2.2045726776123047, 2.340463876724243, 2.2228989601135254]",sae,Pre-64
1,beta,44,0.002,0.4469012312759677,0.43811650775401,0.4826404678614682,0.5,0.5982762074796864,0.625958235373837,30,"[0, 1, 2, 3, 4, 5, 6, 7, 8, 9, 10, 11, 12, 13, 14, 15, 16, 17, 18, 19, 20, 21, 22, 23, 24, 25, 26, 27, 28, 29]","[2.5750741958618164, 2.8255808353424072, 2.6027443408966064, 2.518436908721924, 2.778158664703369, 2.899088144302368, 2.828626871109009, 2.7532474994659424, 2.733816385269165, 2.965172290802002, 2.6308693885803223, 2.8988571166992188, 2.8253867626190186, 2.5294604301452637, 2.9244320392608643, 2.8888707160949707, 2.483241081237793, 2.7876577377319336, 2.813713312149048, 2.8210418224334717, 2.4473767280578613, 2.6519839763641357, 2.798541784286499, 2.864293336868286, 2.8139498233795166, 2.8205597400665283, 2.6612489223480225, 2.769111394882202, 2.7310855388641357, 2.8433334827423096]",sae,Pre-64
1,beta,21,0.0155,0.4504746503440228,0.4381370334360364,0.458992345213171,0.5,0.6200058082774133,0.68600699464897,30,"[0, 1, 2, 3, 4, 5, 6, 7, 8, 9, 10, 11, 12, 13, 14, 15, 16, 17, 18, 19, 20, 21, 22, 23, 24, 25, 26, 27, 28, 29]","[2.3484253883361816, 2.410799980163574, 2.501742362976074, 2.4263107776641846, 2.4227094650268555, 2.453122615814209, 2.358593463897705, 2.4249603748321533, 2.4910049438476562, 2.084263801574707, 2.4665169715881348, 2.4953253269195557, 2.2696025371551514, 2.4770758152008057, 2.398709535598755, 2.1035959720611572, 2.11218523979187, 2.160764455795288, 2.320194959640503, 2.4450747966766357, 2.126511335372925, 2.4677016735076904, 2.288910388946533, 2.3027617931365967, 2.3519649505615234, 2.1713650226593018, 2.2702980041503906, 2.269646167755127, 2.28973126411438, 2.3608155250549316]",sae,Pre-64
1,beta,12,0.026,0.4455148672091349,0.4361346773072694,0.4194676803931037,0.5,0.5892778403611032,0.7302804096533092,30,"[0, 1, 2, 3, 4, 5, 6, 7, 8, 9, 10, 11, 12, 13, 14, 15, 16, 17, 18, 19, 20, 21, 22, 23, 24, 25, 26, 27, 28, 29]","[1.619093656539917, 1.793823480606079, 1.6522387266159058, 1.6081621646881104, 1.8207570314407349, 1.7717924118041992, 1.7500144243240356, 1.744243860244751, 1.8014689683914185, 1.644963264465332, 1.6277697086334229, 1.8516449928283691, 1.67332923412323, 1.7523186206817627, 1.6113425493240356, 1.853556513786316, 1.5842602252960205, 1.842713713645935, 1.7327828407287598, 1.8478370904922485, 1.7901533842086792, 1.7456541061401367, 1.6488168239593506, 1.8493856191635132, 1.8366280794143677, 1.7165850400924683, 1.8378580808639526, 1.7498265504837036, 1.6964802742004395, 1.8505744934082031]",sae,Pre-64
1,beta,44,0.02,0.4469012312759677,0.43811650775401,0.4791463315491125,0.5,0.5982762074796864,0.6270762993995745,30,"[0, 1, 2, 3, 4, 5, 6, 7, 8, 9, 10, 11, 12, 13, 14, 15, 16, 17, 18, 19, 20, 21, 22, 23, 24, 25, 26, 27, 28, 29]","[2.1199116706848145, 2.3843584060668945, 2.1518383026123047, 2.044182300567627, 2.339672803878784, 2.4573376178741455, 2.3745901584625244, 2.3130838871002197, 2.2705695629119873, 2.523949146270752, 2.172048568725586, 2.4685027599334717, 2.3826708793640137, 2.064873218536377, 2.4833130836486816, 2.438081979751587, 2.011117458343506, 2.359482765197754, 2.3669514656066895, 2.386462450027466, 1.9794347286224365, 2.2111661434173584, 2.35386323928833, 2.4244062900543213, 2.3617568016052246, 2.384502649307251, 2.2163424491882324, 2.333115577697754, 2.2746341228485107, 2.4002976417541504]",sae,Pre-64
1,beta,1,0.034,0.4560357198099471,0.4497423189216591,0.4540225708871248,0.5,0.5964054457666336,0.6836131180053833,30,"[0, 1, 2, 3, 4, 5, 6, 7, 8, 9, 10, 11, 12, 13, 14, 15, 16, 17, 18, 19, 20, 21, 22, 23, 24, 25, 26, 27, 28, 29]","[1.7629368305206299, 1.6193515062332153, 1.7130134105682373, 1.5853654146194458, 1.7271062135696411, 1.5684010982513428, 1.636974573135376, 1.6409858465194702, 1.5433270931243896, 1.6217041015625, 1.642087459564209, 1.7000752687454224, 1.74781334400177, 1.601739525794983, 1.7411997318267822, 1.6334161758422852, 1.5825194120407104, 1.6605335474014282, 1.7216801643371582, 1.7437098026275635, 1.7619061470031738, 1.6392048597335815, 1.6643731594085693, 1.6154929399490356, 1.580924153327942, 1.5886976718902588, 1.6608208417892456, 1.6338549852371216, 1.7494494915008545, 1.6694718599319458]",sae,Pre-64
1,beta,7,0.0155,0.4564836922581216,0.4420418003909208,0.4599508620533462,0.5,0.6095136152062148,0.697845481526696,30,"[0, 1, 2, 3, 4, 5, 6, 7, 8, 9, 10, 11, 12, 13, 14, 15, 16, 17, 18, 19, 20, 21, 22, 23, 24, 25, 26, 27, 28, 29]","[2.202744960784912, 2.241128444671631, 2.477088212966919, 2.5328025817871094, 2.484635829925537, 2.4606502056121826, 2.5130300521850586, 2.14068341255188, 2.556145668029785, 2.144486904144287, 2.3626363277435303, 2.1819212436676025, 2.4471147060394287, 2.334484815597534, 2.505521535873413, 2.328125476837158, 2.267611026763916, 2.474580764770508, 2.245194673538208, 2.519871234893799, 2.3084657192230225, 2.5456905364990234, 2.561438798904419, 2.407252788543701, 2.2868175506591797, 2.566615343093872, 2.423348903656006, 2.5020713806152344, 2.52504825592041, 2.092583179473877]",sae,Pre-64
1,beta,46,0.03,0.4545712902572906,0.4417269056853911,0.4572396088718306,0.5,0.6270377926330811,0.6888626568752825,30,"[0, 1, 2, 3, 4, 5, 6, 7, 8, 9, 10, 11, 12, 13, 14, 15, 16, 17, 18, 19, 20, 21, 22, 23, 24, 25, 26, 27, 28, 29]","[1.6462041139602661, 1.765241265296936, 1.7456694841384888, 1.734390139579773, 1.6506600379943848, 1.770800232887268, 1.666528344154358, 1.8196473121643066, 1.7177391052246094, 1.8335635662078857, 1.5618157386779785, 1.6477365493774414, 1.8005694150924683, 1.6484538316726685, 1.6990443468093872, 1.805275797843933, 1.71281898021698, 1.7269078493118286, 1.8303760290145874, 1.7897440195083618, 1.690758466720581, 1.7068043947219849, 1.7161635160446167, 1.7272075414657593, 1.710599660873413, 1.7347464561462402, 1.734987497329712, 1.7516840696334839, 1.7004280090332031, 1.713111400604248]",sae,Pre-64
1,beta,39,0.029,0.4461088087810431,0.4292341094433316,0.4432203436158984,0.5,0.6205127278095635,0.6719391644145569,30,"[0, 1, 2, 3, 4, 5, 6, 7, 8, 9, 10, 11, 12, 13, 14, 15, 16, 17, 18, 19, 20, 21, 22, 23, 24, 25, 26, 27, 28, 29]","[1.6418756246566772, 1.823458194732666, 1.7418488264083862, 1.7918963432312012, 1.6712063550949097, 1.6490726470947266, 1.7194814682006836, 1.7125605344772339, 1.6410611867904663, 1.835644006729126, 1.73417329788208, 1.689224362373352, 1.7421897649765015, 1.6433571577072144, 1.7463890314102173, 1.809251070022583, 1.8301975727081299, 1.7863332033157349, 1.659050464630127, 1.7115910053253174, 1.6485096216201782, 1.6809152364730835, 1.757962703704834, 1.7684872150421143, 1.7760981321334839, 1.658774971961975, 1.640702486038208, 1.6645708084106445, 1.8120487928390503, 1.6703611612319946]",sae,Pre-64
1,beta,40,0.012,0.44666181227492,0.4340193094910912,0.4568542398518833,0.5,0.6093636266731638,0.6668656443679666,30,"[0, 1, 2, 3, 4, 5, 6, 7, 8, 9, 10, 11, 12, 13, 14, 15, 16, 17, 18, 19, 20, 21, 22, 23, 24, 25, 26, 27, 28, 29]","[2.604997396469116, 2.5504610538482666, 2.4815824031829834, 2.2570855617523193, 2.59183406829834, 2.563246965408325, 2.449172019958496, 2.5293240547180176, 2.552546977996826, 2.470334053039551, 2.1333582401275635, 2.183577537536621, 2.396716356277466, 2.4459002017974854, 2.41677188873291, 2.5765082836151123, 2.5424768924713135, 2.1512162685394287, 2.2783102989196777, 2.3745193481445312, 2.39898943901062, 2.4348912239074707, 2.4964394569396973, 2.171476125717163, 2.5743775367736816, 2.1153273582458496, 2.5517995357513428, 2.521034002304077, 2.6124606132507324, 2.4710912704467773]",sae,Pre-64
1,beta,22,0.0155,0.4519005213187685,0.4442985770479847,0.4659869777574905,0.5,0.5939599289403404,0.6740461652490031,30,"[0, 1, 2, 3, 4, 5, 6, 7, 8, 9, 10, 11, 12, 13, 14, 15, 16, 17, 18, 19, 20, 21, 22, 23, 24, 25, 26, 27, 28, 29]","[2.3878955841064453, 2.268700122833252, 2.1399130821228027, 2.4681265354156494, 2.4530117511749268, 2.239217758178711, 2.43082857131958, 2.400594711303711, 2.385017156600952, 2.42771577835083, 2.419689655303955, 2.4439444541931152, 2.2072718143463135, 2.443315029144287, 2.257540225982666, 2.3174490928649902, 2.447930335998535, 2.3132946491241455, 2.130117177963257, 2.054339647293091, 2.410064220428467, 2.320234775543213, 2.2771828174591064, 2.3609790802001953, 2.449873685836792, 2.3771328926086426, 2.2548916339874268, 2.3495914936065674, 2.479949951171875, 2.170441150665283]",sae,Pre-64
1,beta,46,0.014,0.4545712902572906,0.4417269056853911,0.4774275417425417,0.5,0.6270377926330811,0.6872003455782661,30,"[0, 1, 2, 3, 4, 5, 6, 7, 8, 9, 10, 11, 12, 13, 14, 15, 16, 17, 18, 19, 20, 21, 22, 23, 24, 25, 26, 27, 28, 29]","[2.3715121746063232, 2.5421299934387207, 2.5966384410858154, 2.4619410037994385, 2.3203296661376953, 2.281569719314575, 2.2690398693084717, 2.623840093612671, 2.5943715572357178, 2.7039988040924072, 2.4841911792755127, 2.5285046100616455, 2.6420774459838867, 2.4897587299346924, 2.3908588886260986, 2.615200996398926, 2.493168830871582, 2.601494789123535, 2.6709537506103516, 2.5137503147125244, 2.560032844543457, 2.614569664001465, 2.5737743377685547, 2.3565948009490967, 2.238430976867676, 2.3340184688568115, 2.5947022438049316, 2.25789475440979, 2.5951433181762695, 2.6058318614959717]",sae,Pre-64
1,beta,42,0.036,0.4546678683050885,0.4407690563496341,0.4592802838882924,0.5,0.6336081445133979,0.6606247293981815,30,"[0, 1, 2, 3, 4, 5, 6, 7, 8, 9, 10, 11, 12, 13, 14, 15, 16, 17, 18, 19, 20, 21, 22, 23, 24, 25, 26, 27, 28, 29]","[1.745398998260498, 1.6212821006774902, 1.7447890043258667, 1.7547869682312012, 1.7060779333114624, 1.7281161546707153, 1.697580099105835, 1.6429105997085571, 1.596222996711731, 1.7542930841445923, 1.7219557762145996, 1.7569301128387451, 1.6267621517181396, 1.3978694677352905, 1.7648718357086182, 1.6364445686340332, 1.5709199905395508, 1.5639045238494873, 1.7265746593475342, 1.759138584136963, 1.6574451923370361, 1.6155773401260376, 1.6663612127304077, 1.5745831727981567, 1.623867392539978, 1.5821269750595093, 1.780087947845459, 1.5706671476364136, 1.6747260093688965, 1.5947933197021484]",sae,Pre-64
1,beta,25,0.012,0.4465066892532915,0.4352791138475453,0.4664630094972186,0.5,0.6270054355300688,0.6557049146998499,30,"[0, 1, 2, 3, 4, 5, 6, 7, 8, 9, 10, 11, 12, 13, 14, 15, 16, 17, 18, 19, 20, 21, 22, 23, 24, 25, 26, 27, 28, 29]","[2.4615907669067383, 2.5738515853881836, 2.1721298694610596, 2.518707513809204, 2.599395751953125, 2.5997848510742188, 2.6159300804138184, 2.1341185569763184, 2.302614212036133, 2.4205501079559326, 2.63107967376709, 2.54827880859375, 2.4045326709747314, 2.156423568725586, 2.416685104370117, 2.6034412384033203, 2.543837547302246, 2.3491311073303223, 2.5248754024505615, 2.5391337871551514, 2.606245756149292, 2.4750051498413086, 2.642969846725464, 2.404909133911133, 2.3259410858154297, 2.190885543823242, 2.678546667098999, 2.3678126335144043, 2.6143903732299805, 2.459311008453369]",sae,Pre-64
1,beta,34,0.025,0.4568527557813058,0.4470225010708758,0.4536662650808444,0.5,0.6011606799053854,0.6789876115008353,30,"[0, 1, 2, 3, 4, 5, 6, 7, 8, 9, 10, 11, 12, 13, 14, 15, 16, 17, 18, 19, 20, 21, 22, 23, 24, 25, 26, 27, 28, 29]","[1.6309773921966553, 1.7356362342834473, 1.737406611442566, 1.6739306449890137, 1.6187735795974731, 1.6507251262664795, 1.6819733381271362, 1.631014347076416, 1.5990201234817505, 1.6342473030090332, 1.7114841938018799, 1.5011835098266602, 1.7325618267059326, 1.623510718345642, 1.5961308479309082, 1.6377277374267578, 1.745974063873291, 1.7365649938583374, 1.6527854204177856, 1.619049072265625, 1.6737380027770996, 1.7449822425842285, 1.697282075881958, 1.7504545450210571, 1.6114935874938965, 1.5805490016937256, 1.762709617614746, 1.7638592720031738, 1.7327035665512085, 1.7465587854385376]",sae,Pre-64
1,beta,34,0.006,0.4568527557813058,0.4470225010708758,0.468854479272288,0.5,0.6011606799053854,0.680720380079965,30,"[0, 1, 2, 3, 4, 5, 6, 7, 8, 9, 10, 11, 12, 13, 14, 15, 16, 17, 18, 19, 20, 21, 22, 23, 24, 25, 26, 27, 28, 29]","[2.425222635269165, 2.666802406311035, 2.6611766815185547, 2.662851095199585, 2.4918177127838135, 2.387376070022583, 2.688422679901123, 2.6727612018585205, 2.4593112468719482, 2.4006619453430176, 2.5934908390045166, 2.5105361938476562, 2.5974419116973877, 2.6581926345825195, 2.3603689670562744, 2.5158371925354004, 2.6746692657470703, 2.6810529232025146, 2.6417396068573, 2.353200674057007, 2.6754343509674072, 2.692307472229004, 2.5176661014556885, 2.609841823577881, 2.285681962966919, 2.496835708618164, 2.722360134124756, 2.7378735542297363, 2.613178014755249, 2.611084461212158]",sae,Pre-64
1,beta,15,0.034,0.4529015220185267,0.4424399871594601,0.4403679205980255,0.5,0.6161071485640408,0.7114702421592412,30,"[0, 1, 2, 3, 4, 5, 6, 7, 8, 9, 10, 11, 12, 13, 14, 15, 16, 17, 18, 19, 20, 21, 22, 23, 24, 25, 26, 27, 28, 29]","[1.6047661304473877, 1.619994044303894, 1.6693772077560425, 1.6244326829910278, 1.7466269731521606, 1.6182538270950317, 1.5951874256134033, 1.6196109056472778, 1.694043517112732, 1.6888434886932373, 1.6644679307937622, 1.6097418069839478, 1.7756184339523315, 1.6911695003509521, 1.54252028465271, 1.671466588973999, 1.586380124092102, 1.789968729019165, 1.5564223527908325, 1.6426717042922974, 1.7412530183792114, 1.737430214881897, 1.6001214981079102, 1.6585417985916138, 1.6597846746444702, 1.5372660160064697, 1.7263197898864746, 1.7667632102966309, 1.679368495941162, 1.630782961845398]",sae,Pre-64
1,beta,13,0.008,0.4619123366083722,0.4531466051409948,0.4580032088123589,0.5,0.6127276801885291,0.715127562921692,30,"[0, 1, 2, 3, 4, 5, 6, 7, 8, 9, 10, 11, 12, 13, 14, 15, 16, 17, 18, 19, 20, 21, 22, 23, 24, 25, 26, 27, 28, 29]","[2.672518730163574, 2.6580963134765625, 2.6541762351989746, 2.5704874992370605, 2.389373302459717, 2.682593584060669, 2.6493661403656006, 2.5630946159362793, 2.368948221206665, 2.578615427017212, 2.6836273670196533, 2.5568439960479736, 2.6863043308258057, 2.3471083641052246, 2.6364049911499023, 2.5590221881866455, 2.5802626609802246, 2.5835282802581787, 2.557522773742676, 2.5180046558380127, 2.5645995140075684, 2.3367080688476562, 2.699626922607422, 2.384169101715088, 2.2312772274017334, 2.317840337753296, 2.3546690940856934, 2.3346471786499023, 2.6336724758148193, 2.3777995109558105]",sae,Pre-64
1,beta,49,0.025,0.462130925118617,0.4524487678230295,0.4550876207138665,0.5,0.6141152509743157,0.6858815208714844,30,"[0, 1, 2, 3, 4, 5, 6, 7, 8, 9, 10, 11, 12, 13, 14, 15, 16, 17, 18, 19, 20, 21, 22, 23, 24, 25, 26, 27, 28, 29]","[1.6893935203552246, 1.7702198028564453, 1.7604998350143433, 1.7178727388381958, 1.6404989957809448, 1.682056188583374, 1.8268394470214844, 1.7338261604309082, 1.8754897117614746, 1.7781143188476562, 1.7528331279754639, 1.6896976232528687, 1.7923405170440674, 1.7762316465377808, 1.850456714630127, 1.8203362226486206, 1.843200922012329, 1.8645782470703125, 1.7012605667114258, 1.7913880348205566, 1.8456876277923584, 1.7006813287734985, 1.8526655435562134, 1.7621791362762451, 1.6690181493759155, 1.7649341821670532, 1.7849189043045044, 1.681193470954895, 1.6936198472976685, 1.6803468465805054]",sae,Pre-64
1,beta,7,0.035,0.4564836922581216,0.4420418003909208,0.4446219393667988,0.5,0.6095136152062148,0.701177591120665,30,"[0, 1, 2, 3, 4, 5, 6, 7, 8, 9, 10, 11, 12, 13, 14, 15, 16, 17, 18, 19, 20, 21, 22, 23, 24, 25, 26, 27, 28, 29]","[1.6315971612930298, 1.7047884464263916, 1.7407201528549194, 1.7239375114440918, 1.7241615056991577, 1.6796002388000488, 1.741023063659668, 1.6603282690048218, 1.7988815307617188, 1.6843950748443604, 1.6151177883148193, 1.660680890083313, 1.600629210472107, 1.6426061391830444, 1.821696400642395, 1.7239495515823364, 1.6548185348510742, 1.6849195957183838, 1.7478898763656616, 1.7318413257598877, 1.720764398574829, 1.8041152954101562, 1.773298978805542, 1.6509255170822144, 1.793421745300293, 1.824311375617981, 1.6425557136535645, 1.6553622484207153, 1.7858731746673584, 1.6445033550262451]",sae,Pre-64
1,beta,5,0.038,0.4445517550333296,0.4301735816232515,0.4378669596257016,0.5,0.6070910659257547,0.6821959208165868,30,"[0, 1, 2, 3, 4, 5, 6, 7, 8, 9, 10, 11, 12, 13, 14, 15, 16, 17, 18, 19, 20, 21, 22, 23, 24, 25, 26, 27, 28, 29]","[1.7794996500015259, 1.597386121749878, 1.5900219678878784, 1.750180721282959, 1.7471652030944824, 1.7325518131256104, 1.7014867067337036, 1.6276596784591675, 1.7124918699264526, 1.5992721319198608, 1.724138855934143, 1.7640401124954224, 1.721914529800415, 1.6808801889419556, 1.7445387840270996, 1.7242594957351685, 1.7045103311538696, 1.7532161474227905, 1.6119740009307861, 1.6884210109710693, 1.769583821296692, 1.6710960865020752, 1.7952513694763184, 1.6007341146469116, 1.7073312997817993, 1.7650434970855713, 1.6092051267623901, 1.7092835903167725, 1.7388513088226318, 1.722163438796997]",sae,Pre-64
1,beta,5,0.016,0.4445517550333296,0.4301735816232515,0.4529575992355221,0.5,0.6070910659257547,0.6791284073932855,30,"[0, 1, 2, 3, 4, 5, 6, 7, 8, 9, 10, 11, 12, 13, 14, 15, 16, 17, 18, 19, 20, 21, 22, 23, 24, 25, 26, 27, 28, 29]","[2.4126133918762207, 2.2378504276275635, 1.9950248003005981, 2.4203085899353027, 2.347933292388916, 2.290843963623047, 2.4617373943328857, 2.143733024597168, 2.387798547744751, 2.102146863937378, 2.232414960861206, 2.38740873336792, 2.444833755493164, 2.2121670246124268, 2.3833494186401367, 2.2039780616760254, 2.1667630672454834, 2.3580703735351562, 2.2575926780700684, 2.3501088619232178, 2.439880609512329, 2.3556771278381348, 2.309999704360962, 2.0593650341033936, 2.2102582454681396, 2.439877510070801, 2.161695718765259, 2.335803270339966, 2.42301869392395, 2.4553139209747314]",sae,Pre-64
1,beta,21,0.035,0.4504746503440228,0.4381370334360364,0.4439813393685901,0.5,0.6200058082774133,0.6872350745807536,30,"[0, 1, 2, 3, 4, 5, 6, 7, 8, 9, 10, 11, 12, 13, 14, 15, 16, 17, 18, 19, 20, 21, 22, 23, 24, 25, 26, 27, 28, 29]","[1.6170305013656616, 1.6890785694122314, 1.8095271587371826, 1.8045165538787842, 1.808425784111023, 1.76218581199646, 1.6420565843582153, 1.6778616905212402, 1.8065978288650513, 1.6684285402297974, 1.773851752281189, 1.8017324209213257, 1.6409846544265747, 1.7005341053009033, 1.694540023803711, 1.6426711082458496, 1.6569833755493164, 1.674032211303711, 1.6400741338729858, 1.802767038345337, 1.594523549079895, 1.798401117324829, 1.5936747789382935, 1.6190624237060547, 1.6595964431762695, 1.6469076871871948, 1.6193420886993408, 1.6654384136199951, 1.7478293180465698, 1.7463432550430298]",sae,Pre-64
1,beta,42,0.0159,0.4546678683050885,0.4407690563496341,0.4763134946823996,0.5,0.6336081445133979,0.6581442127291095,30,"[0, 1, 2, 3, 4, 5, 6, 7, 8, 9, 10, 11, 12, 13, 14, 15, 16, 17, 18, 19, 20, 21, 22, 23, 24, 25, 26, 27, 28, 29]","[2.503965139389038, 2.4001243114471436, 2.510115385055542, 2.548311948776245, 2.3300867080688477, 2.4999144077301025, 2.501645803451538, 2.438697576522827, 2.3448352813720703, 2.370082378387451, 2.25549578666687, 2.537670373916626, 2.438659429550171, 2.386979579925537, 2.5562477111816406, 2.1554431915283203, 1.9960956573486328, 2.3653581142425537, 2.2362635135650635, 2.412924289703369, 2.479485273361206, 2.059795379638672, 2.5660223960876465, 2.1790854930877686, 2.1559360027313232, 2.259584665298462, 2.5808298587799072, 2.055460214614868, 2.4819774627685547, 2.246809244155884]",sae,Pre-64
1,beta,13,0.0159,0.4619123366083722,0.4531466051409948,0.457035928685946,0.5,0.6127276801885291,0.7149950739471707,30,"[0, 1, 2, 3, 4, 5, 6, 7, 8, 9, 10, 11, 12, 13, 14, 15, 16, 17, 18, 19, 20, 21, 22, 23, 24, 25, 26, 27, 28, 29]","[2.496744394302368, 2.4861562252044678, 2.478133201599121, 2.3946146965026855, 2.212270498275757, 2.5058913230895996, 2.475214719772339, 2.3872528076171875, 2.1841819286346436, 2.403437376022339, 2.5081605911254883, 2.384162425994873, 2.5125160217285156, 2.163877487182617, 2.4593329429626465, 2.38543701171875, 2.4039347171783447, 2.4084644317626953, 2.3770241737365723, 2.3425192832946777, 2.3882744312286377, 2.1594431400299072, 2.5247926712036133, 2.207026720046997, 2.0408706665039062, 2.13474440574646, 2.1733498573303223, 2.157484531402588, 2.4594433307647705, 2.19865345954895]",sae,Pre-64
1,beta,17,0.014,0.4599327030141671,0.4513468217402507,0.4644484241398493,0.5,0.6120635717004715,0.6913940182396,30,"[0, 1, 2, 3, 4, 5, 6, 7, 8, 9, 10, 11, 12, 13, 14, 15, 16, 17, 18, 19, 20, 21, 22, 23, 24, 25, 26, 27, 28, 29]","[2.486807107925415, 2.4352633953094482, 2.4921131134033203, 2.333036422729492, 2.4886159896850586, 2.188577890396118, 2.2430310249328613, 2.1149604320526123, 2.463362455368042, 2.382084846496582, 2.5285544395446777, 2.5460569858551025, 2.286079168319702, 2.542173385620117, 2.422766923904419, 2.1015679836273193, 2.187058210372925, 2.4584436416625977, 2.4478142261505127, 2.274458408355713, 2.392895221710205, 2.4285407066345215, 2.3875572681427, 2.484915018081665, 2.4725542068481445, 2.519824981689453, 2.2841012477874756, 2.529601573944092, 2.482097864151001, 2.2455098628997803]",sae,Pre-64
1,beta,26,0.012,0.4502231978181314,0.4442488029476733,0.484477370734595,0.5,0.5832450787939482,0.647863649321511,30,"[0, 1, 2, 3, 4, 5, 6, 7, 8, 9, 10, 11, 12, 13, 14, 15, 16, 17, 18, 19, 20, 21, 22, 23, 24, 25, 26, 27, 28, 29]","[2.3215739727020264, 2.5308918952941895, 2.642280101776123, 2.4181203842163086, 2.3153107166290283, 2.515155792236328, 2.641780376434326, 2.547245740890503, 2.5339324474334717, 2.3028206825256348, 2.5903189182281494, 2.7099552154541016, 2.6339595317840576, 2.647247076034546, 2.6140806674957275, 2.6564414501190186, 2.3552956581115723, 2.4313390254974365, 2.4103922843933105, 2.492638349533081, 2.192416191101074, 2.6873936653137207, 2.6050662994384766, 2.6288552284240723, 2.6587696075439453, 2.6546473503112793, 2.334965467453003, 2.6193811893463135, 2.614082098007202, 2.229806661605835]",sae,Pre-64
1,beta,31,0.002,0.4497611378811508,0.4308970333737342,0.4519574645682249,0.5,0.642735734520437,0.7085679597618084,30,"[0, 1, 2, 3, 4, 5, 6, 7, 8, 9, 10, 11, 12, 13, 14, 15, 16, 17, 18, 19, 20, 21, 22, 23, 24, 25, 26, 27, 28, 29]","[2.6801791191101074, 2.821608066558838, 2.70084285736084, 2.526550531387329, 2.577072858810425, 2.758378744125366, 2.630000352859497, 2.587507963180542, 2.700795888900757, 2.738762617111206, 2.7162344455718994, 2.5426487922668457, 2.7925033569335938, 2.733139753341675, 2.799132823944092, 2.732116460800171, 2.4338808059692383, 2.7651097774505615, 2.665215015411377, 2.7286176681518555, 2.7655022144317627, 2.651078224182129, 2.66874361038208, 2.493274450302124, 2.5587594509124756, 2.7586212158203125, 2.5850188732147217, 2.8082616329193115, 2.620509147644043, 2.647153615951538]",sae,Pre-64
1,beta,10,0.022,0.4493907433353129,0.4390813823454372,0.4652545139876792,0.5,0.6232207829487961,0.6736746923104524,30,"[0, 1, 2, 3, 4, 5, 6, 7, 8, 9, 10, 11, 12, 13, 14, 15, 16, 17, 18, 19, 20, 21, 22, 23, 24, 25, 26, 27, 28, 29]","[2.2924535274505615, 2.1315159797668457, 2.328335762023926, 1.97749662399292, 2.3374083042144775, 2.2379467487335205, 1.9658902883529663, 2.3218131065368652, 2.3100876808166504, 2.373147487640381, 2.240593194961548, 2.1597228050231934, 2.12642240524292, 1.9924421310424805, 1.9364030361175537, 2.13582181930542, 2.263800859451294, 1.997194766998291, 2.34765887260437, 1.9644168615341187, 1.9718314409255981, 2.306779384613037, 2.322598934173584, 2.36509108543396, 2.3461833000183105, 2.120065450668335, 2.260706901550293, 2.286166191101074, 2.284281015396118, 2.302992343902588]",sae,Pre-64
1,beta,15,0.0151,0.4529015220185267,0.4424399871594601,0.452388477255386,0.5,0.6161071485640408,0.7122343439038917,30,"[0, 1, 2, 3, 4, 5, 6, 7, 8, 9, 10, 11, 12, 13, 14, 15, 16, 17, 18, 19, 20, 21, 22, 23, 24, 25, 26, 27, 28, 29]","[2.4028398990631104, 2.4406328201293945, 2.469346523284912, 2.3336222171783447, 2.486229658126831, 2.1452724933624268, 2.159717082977295, 2.0751075744628906, 2.39259934425354, 2.329742670059204, 2.4867866039276123, 2.3003339767456055, 2.421297311782837, 2.3187999725341797, 2.0794148445129395, 2.457587957382202, 2.2348551750183105, 2.5737760066986084, 2.2645926475524902, 2.462026596069336, 2.3862271308898926, 2.5391597747802734, 2.0667777061462402, 2.4300825595855713, 2.4228036403656006, 2.4109885692596436, 2.5499181747436523, 2.5870420932769775, 2.3413407802581787, 2.268141031265259]",sae,Pre-64
1,beta,45,0.002,0.4515599815008028,0.4347157609968581,0.4695447383472886,0.5,0.6289673345145609,0.6779201308436691,30,"[0, 1, 2, 3, 4, 5, 6, 7, 8, 9, 10, 11, 12, 13, 14, 15, 16, 17, 18, 19, 20, 21, 22, 23, 24, 25, 26, 27, 28, 29]","[2.8495702743530273, 2.897031545639038, 2.7175793647766113, 2.9363818168640137, 2.9153921604156494, 2.85935378074646, 2.8943686485290527, 2.8817477226257324, 2.5385427474975586, 2.426443576812744, 2.6519558429718018, 2.920576572418213, 2.808802366256714, 2.8774304389953613, 2.6281392574310303, 2.8441529273986816, 2.718214988708496, 2.818100929260254, 2.7910661697387695, 2.8217856884002686, 2.852874279022217, 2.4986631870269775, 2.662341356277466, 2.795957088470459, 2.8222861289978027, 2.771648645401001, 2.5044052600860596, 2.5497539043426514, 2.732773780822754, 2.90033221244812]",sae,Pre-64
1,beta,31,0.02,0.4497611378811508,0.4308970333737342,0.4489229638254191,0.5,0.642735734520437,0.7091663294212869,30,"[0, 1, 2, 3, 4, 5, 6, 7, 8, 9, 10, 11, 12, 13, 14, 15, 16, 17, 18, 19, 20, 21, 22, 23, 24, 25, 26, 27, 28, 29]","[2.2494349479675293, 2.410421371459961, 2.28973126411438, 2.100658655166626, 2.148488759994507, 2.3280184268951416, 2.2090113162994385, 2.1579976081848145, 2.2862112522125244, 2.3096108436584473, 2.300868272781372, 2.0998992919921875, 2.373462438583374, 2.3151285648345947, 2.3797314167022705, 2.3191874027252197, 1.9918421506881714, 2.3416452407836914, 2.2393579483032227, 2.305549383163452, 2.3509509563446045, 2.2353134155273438, 2.268153190612793, 2.047156810760498, 2.1232268810272217, 2.337643623352051, 2.161414384841919, 2.3898019790649414, 2.204287528991699, 2.2172415256500244]",sae,Pre-64
1,beta,2,0.0151,0.4419681213812466,0.4306250660512843,0.4423376401360032,0.5,0.6028191218064636,0.6905312514489729,30,"[0, 1, 2, 3, 4, 5, 6, 7, 8, 9, 10, 11, 12, 13, 14, 15, 16, 17, 18, 19, 20, 21, 22, 23, 24, 25, 26, 27, 28, 29]","[2.1255698204040527, 2.0768113136291504, 2.189541816711426, 2.301745653152466, 2.145077705383301, 2.4993603229522705, 2.0365731716156006, 2.2783117294311523, 2.2112181186676025, 2.251309394836426, 2.3877627849578857, 2.2525346279144287, 2.3637144565582275, 2.429361581802368, 2.197760581970215, 2.4797780513763428, 2.342697858810425, 2.4910783767700195, 2.4757347106933594, 2.410926103591919, 2.362617254257202, 2.19795560836792, 2.4238955974578857, 2.4893131256103516, 1.9869449138641357, 2.284337282180786, 2.390592336654663, 2.39589786529541, 2.238126754760742, 2.455919027328491]",sae,Pre-64
1,beta,22,0.004,0.4519005213187685,0.4442985770479847,0.4670888713720474,0.5,0.5939599289403404,0.6742961681902141,30,"[0, 1, 2, 3, 4, 5, 6, 7, 8, 9, 10, 11, 12, 13, 14, 15, 16, 17, 18, 19, 20, 21, 22, 23, 24, 25, 26, 27, 28, 29]","[2.6307032108306885, 2.5157971382141113, 2.4019088745117188, 2.7116692066192627, 2.7013027667999268, 2.494328737258911, 2.6748507022857666, 2.6501288414001465, 2.63386869430542, 2.676748275756836, 2.6646533012390137, 2.69388484954834, 2.4581542015075684, 2.6932902336120605, 2.5022549629211426, 2.5690114498138428, 2.69480299949646, 2.565887689590454, 2.3825294971466064, 2.314579963684082, 2.656104326248169, 2.5717532634735107, 2.530975580215454, 2.609527349472046, 2.6978816986083984, 2.6308987140655518, 2.5025951862335205, 2.5955727100372314, 2.7290947437286377, 2.4224655628204346]",sae,Pre-64
1,beta,22,0.022,0.4519005213187685,0.4442985770479847,0.4653087502066506,0.5,0.5939599289403404,0.6739608701278839,30,"[0, 1, 2, 3, 4, 5, 6, 7, 8, 9, 10, 11, 12, 13, 14, 15, 16, 17, 18, 19, 20, 21, 22, 23, 24, 25, 26, 27, 28, 29]","[2.254643678665161, 2.1327662467956543, 1.9943814277648926, 2.3344342708587646, 2.316556930541992, 2.098254442214966, 2.2968480587005615, 2.2634763717651367, 2.248136281967163, 2.290677309036255, 2.2850983142852783, 2.3064186573028564, 2.0690741539001465, 2.3055906295776367, 2.1229543685913086, 2.178985357284546, 2.3122706413269043, 2.1742682456970215, 1.9907375574111938, 1.9098138809204102, 2.274916410446167, 2.1817986965179443, 2.1372640132904053, 2.2242443561553955, 2.3134026527404785, 2.237241744995117, 2.118549346923828, 2.2143666744232178, 2.3428361415863037, 2.0314011573791504]",sae,Pre-64
1,beta,45,0.02,0.4515599815008028,0.4347157609968581,0.4662068041205509,0.5,0.6289673345145609,0.6780034225311586,30,"[0, 1, 2, 3, 4, 5, 6, 7, 8, 9, 10, 11, 12, 13, 14, 15, 16, 17, 18, 19, 20, 21, 22, 23, 24, 25, 26, 27, 28, 29]","[2.383775472640991, 2.4290215969085693, 2.249960422515869, 2.466113328933716, 2.444462299346924, 2.396221399307251, 2.410159111022949, 2.399906635284424, 2.046030044555664, 1.9236388206481934, 2.1592509746551514, 2.444363594055176, 2.321132183074951, 2.4170753955841064, 2.1368026733398438, 2.373265027999878, 2.2244203090667725, 2.344801664352417, 2.325584888458252, 2.3514130115509033, 2.3794381618499756, 1.9910072088241577, 2.1635706424713135, 2.3140366077423096, 2.362696409225464, 2.270965337753296, 1.9973708391189575, 2.061175584793091, 2.2683606147766113, 2.4182913303375244]",sae,Pre-64
1,beta,36,0.015,0.4642138821845151,0.4576483090311837,0.479689811800378,0.5,0.6031055233182893,0.674855222727563,30,"[0, 1, 2, 3, 4, 5, 6, 7, 8, 9, 10, 11, 12, 13, 14, 15, 16, 17, 18, 19, 20, 21, 22, 23, 24, 25, 26, 27, 28, 29]","[2.4739458560943604, 2.4464478492736816, 2.355355978012085, 2.3914027214050293, 2.1234822273254395, 2.469524383544922, 2.396141767501831, 2.057978391647339, 2.4684956073760986, 2.403409719467163, 2.4553654193878174, 2.4985642433166504, 2.146611452102661, 2.4464221000671387, 2.1286942958831787, 2.467057466506958, 2.5120294094085693, 2.3186750411987305, 2.5442569255828857, 2.182244300842285, 2.0598549842834473, 2.4447033405303955, 2.451611042022705, 2.2648699283599854, 2.462678909301758, 2.3383116722106934, 2.3883073329925537, 2.2870261669158936, 2.4134409427642822, 2.1369988918304443]",sae,Pre-64
1,beta,36,0.032,0.4642138821845151,0.4576483090311837,0.4660302095137482,0.5,0.6031055233182893,0.6748160152415471,30,"[0, 1, 2, 3, 4, 5, 6, 7, 8, 9, 10, 11, 12, 13, 14, 15, 16, 17, 18, 19, 20, 21, 22, 23, 24, 25, 26, 27, 28, 29]","[1.73797607421875, 1.7592530250549316, 1.5985215902328491, 1.746133804321289, 1.6047064065933228, 1.7587647438049316, 1.605403184890747, 1.6486468315124512, 1.7839924097061157, 1.6412800550460815, 1.6697578430175781, 1.752678394317627, 1.627169132232666, 1.6834239959716797, 1.6345694065093994, 1.759851336479187, 1.7202978134155273, 1.7072398662567139, 1.7692217826843262, 1.6218526363372803, 1.6251391172409058, 1.671221137046814, 1.6557579040527344, 1.6182917356491089, 1.739098072052002, 1.7276675701141357, 1.6421900987625122, 1.7198617458343506, 1.7327932119369507, 1.6180429458618164]",sae,Pre-64
1,beta,41,0.012,0.4543678569363413,0.4427951465832617,0.4725776480900784,0.5,0.6190905384235713,0.6752147757104945,30,"[0, 1, 2, 3, 4, 5, 6, 7, 8, 9, 10, 11, 12, 13, 14, 15, 16, 17, 18, 19, 20, 21, 22, 23, 24, 25, 26, 27, 28, 29]","[2.1688191890716553, 2.623812675476074, 2.478217601776123, 2.4426190853118896, 2.298429489135742, 2.6524360179901123, 2.488858938217163, 2.615384817123413, 2.4826042652130127, 2.6089346408843994, 2.6382482051849365, 2.5743510723114014, 2.295999765396118, 2.427048683166504, 2.606066942214966, 2.2089526653289795, 2.5266973972320557, 2.603055715560913, 2.5215699672698975, 2.409367799758911, 2.3484385013580322, 2.589616537094116, 2.5260698795318604, 2.3864641189575195, 2.527719020843506, 2.1717374324798584, 2.3318490982055664, 2.616058588027954, 2.368683099746704, 2.330754280090332]",sae,Pre-64
1,beta,12,0.012,0.4455148672091349,0.4361346773072694,0.4355922726634095,0.5,0.5892778403611032,0.7250888501443571,30,"[0, 1, 2, 3, 4, 5, 6, 7, 8, 9, 10, 11, 12, 13, 14, 15, 16, 17, 18, 19, 20, 21, 22, 23, 24, 25, 26, 27, 28, 29]","[2.371140480041504, 2.5724804401397705, 2.237717390060425, 2.535390615463257, 2.6229054927825928, 2.687948703765869, 2.6268134117126465, 2.595132350921631, 2.468945026397705, 2.178623914718628, 2.178795099258423, 2.6358108520507812, 2.5109992027282715, 2.522376298904419, 2.417665481567383, 2.6852290630340576, 2.355823516845703, 2.471708297729492, 2.4285593032836914, 2.6746952533721924, 2.5143704414367676, 2.3938543796539307, 2.2019569873809814, 2.6733245849609375, 2.6752755641937256, 2.645554542541504, 2.5435423851013184, 2.4693660736083984, 2.344001293182373, 2.5969431400299072]",sae,Pre-64
1,beta,4,0.002,0.4589558369307028,0.4477177462853796,0.490631687215923,0.5,0.61034827708266,0.6509595703094941,30,"[0, 1, 2, 3, 4, 5, 6, 7, 8, 9, 10, 11, 12, 13, 14, 15, 16, 17, 18, 19, 20, 21, 22, 23, 24, 25, 26, 27, 28, 29]","[2.772847890853882, 2.8432700634002686, 2.5243113040924072, 2.8834354877471924, 2.768134355545044, 2.794184446334839, 2.845048427581787, 2.7535111904144287, 2.4073398113250732, 2.9080121517181396, 2.640005350112915, 2.754167318344116, 2.904447555541992, 2.4616687297821045, 2.522449254989624, 2.6804091930389404, 2.824366331100464, 2.6102166175842285, 2.8049991130828857, 2.560619354248047, 2.7859089374542236, 2.633406400680542, 2.496309757232666, 2.7336626052856445, 2.8375933170318604, 2.844586133956909, 2.7773396968841553, 2.7963337898254395, 2.86392879486084, 2.5686137676239014]",sae,Pre-64
1,beta,6,0.01,0.4540822999211705,0.4457917896713532,0.4654553501163427,0.5,0.5933447799067053,0.6655599957455214,30,"[0, 1, 2, 3, 4, 5, 6, 7, 8, 9, 10, 11, 12, 13, 14, 15, 16, 17, 18, 19, 20, 21, 22, 23, 24, 25, 26, 27, 28, 29]","[2.306063413619995, 2.57782244682312, 2.2408740520477295, 2.6036200523376465, 2.446312189102173, 2.5248942375183105, 2.5172557830810547, 2.5326106548309326, 2.2317328453063965, 2.561408042907715, 2.525480031967163, 2.423039674758911, 2.5400142669677734, 2.407327175140381, 2.337709665298462, 2.6100754737854004, 2.3102424144744873, 2.321012496948242, 2.3211348056793213, 2.504380226135254, 2.3636043071746826, 2.423900604248047, 2.5528223514556885, 2.214336395263672, 2.4938790798187256, 2.439976930618286, 2.585244655609131, 2.2395095825195312, 2.233684539794922, 2.5591018199920654]",sae,Pre-64
1,beta,14,0.008,0.4467366851483266,0.4421697276018216,0.4598606105491156,0.5,0.5934222168898753,0.6884836305283522,30,"[0, 1, 2, 3, 4, 5, 6, 7, 8, 9, 10, 11, 12, 13, 14, 15, 16, 17, 18, 19, 20, 21, 22, 23, 24, 25, 26, 27, 28, 29]","[2.294344186782837, 2.4554731845855713, 2.615844249725342, 2.556612968444824, 2.3687515258789062, 2.652634859085083, 2.282109498977661, 2.626812219619751, 2.683972120285034, 2.7547435760498047, 2.536273956298828, 2.639690399169922, 2.700774669647217, 2.7214584350585938, 2.562264919281006, 2.4015939235687256, 2.7341318130493164, 2.7225027084350586, 2.5219411849975586, 2.279963254928589, 2.3190364837646484, 2.482107400894165, 2.616058826446533, 2.4083638191223145, 2.748887777328491, 2.7140088081359863, 2.7042946815490723, 2.6662709712982178, 2.558218240737915, 2.726900339126587]",sae,Pre-64
1,beta,13,0.026,0.4619123366083722,0.4531466051409948,0.4474708885708151,0.5,0.6127276801885291,0.7128893449265884,30,"[0, 1, 2, 3, 4, 5, 6, 7, 8, 9, 10, 11, 12, 13, 14, 15, 16, 17, 18, 19, 20, 21, 22, 23, 24, 25, 26, 27, 28, 29]","[1.9248379468917847, 1.8379828929901123, 1.9127721786499023, 1.812347173690796, 1.80717134475708, 1.9137113094329834, 1.8569930791854858, 1.8352659940719604, 1.8276296854019165, 1.8205782175064087, 1.9368492364883423, 1.7826236486434937, 1.9029494524002075, 1.7856130599975586, 1.9224528074264526, 1.7690461874008179, 1.8303852081298828, 1.837578535079956, 1.8854280710220337, 1.7925114631652832, 1.8283926248550415, 1.7603614330291748, 1.904783844947815, 1.7723143100738525, 1.7641609907150269, 1.769132375717163, 1.8013588190078735, 1.7461879253387451, 1.876249074935913, 1.8112274408340454]",sae,Pre-64
1,beta,16,0.034,0.4519396108125126,0.4401978349795346,0.4373214561719629,0.5,0.6159012314439947,0.720522761229998,30,"[0, 1, 2, 3, 4, 5, 6, 7, 8, 9, 10, 11, 12, 13, 14, 15, 16, 17, 18, 19, 20, 21, 22, 23, 24, 25, 26, 27, 28, 29]","[1.6477912664413452, 1.5611138343811035, 1.6182674169540405, 1.6832315921783447, 1.6984567642211914, 1.5952134132385254, 1.696475863456726, 1.6413874626159668, 1.5914831161499023, 1.697545051574707, 1.704401969909668, 1.6414310932159424, 1.6161059141159058, 1.5875285863876343, 1.6145023107528687, 1.626854419708252, 1.6341205835342407, 1.5534590482711792, 1.5940932035446167, 1.6884844303131104, 1.712956190109253, 1.6750837564468384, 1.6785426139831543, 1.6778584718704224, 1.571114182472229, 1.6686466932296753, 1.6294002532958984, 1.5934621095657349, 1.5656657218933105, 1.6070640087127686]",sae,Pre-64
1,beta,47,0.038,0.4460371044958436,0.4257646434940195,0.4112354069007674,0.5,0.6434257056516428,0.7353420561949464,30,"[0, 1, 2, 3, 4, 5, 6, 7, 8, 9, 10, 11, 12, 13, 14, 15, 16, 17, 18, 19, 20, 21, 22, 23, 24, 25, 26, 27, 28, 29]","[1.8504719734191895, 1.6657053232192993, 1.662569284439087, 1.6594643592834473, 1.7823150157928467, 1.8180521726608276, 1.738417625427246, 1.8445560932159424, 1.7811520099639893, 1.6795663833618164, 1.7154967784881592, 1.6596043109893799, 1.6857614517211914, 1.8465332984924316, 1.6672108173370361, 1.8276236057281494, 1.6981366872787476, 1.7887723445892334, 1.6333372592926025, 1.6574175357818604, 1.6931068897247314, 1.7700153589248657, 1.8474891185760498, 1.6750317811965942, 1.7523113489151, 1.6391452550888062, 1.5859707593917847, 1.8329980373382568, 1.6335887908935547, 1.708930492401123]",sae,Pre-64
1,beta,4,0.02,0.4589558369307028,0.4477177462853796,0.4881467710321582,0.5,0.61034827708266,0.650199301291226,30,"[0, 1, 2, 3, 4, 5, 6, 7, 8, 9, 10, 11, 12, 13, 14, 15, 16, 17, 18, 19, 20, 21, 22, 23, 24, 25, 26, 27, 28, 29]","[2.2988154888153076, 2.3709120750427246, 2.048786163330078, 2.416344404220581, 2.3077495098114014, 2.339329481124878, 2.37943696975708, 2.2952582836151123, 1.9193882942199707, 2.446533441543579, 2.1671762466430664, 2.2961084842681885, 2.4427616596221924, 1.9879978895187378, 2.0356709957122803, 2.215555191040039, 2.363497018814087, 2.1369872093200684, 2.349050521850586, 2.085153818130493, 2.3188226222991943, 2.1776702404022217, 2.014280080795288, 2.2692837715148926, 2.378904342651367, 2.390312671661377, 2.321925401687622, 2.335083246231079, 2.405179977416992, 2.0989248752593994]",sae,Pre-64
1,beta,49,0.006,0.462130925118617,0.4524487678230295,0.470631732512568,0.5,0.6141152509743157,0.6880884044701132,30,"[0, 1, 2, 3, 4, 5, 6, 7, 8, 9, 10, 11, 12, 13, 14, 15, 16, 17, 18, 19, 20, 21, 22, 23, 24, 25, 26, 27, 28, 29]","[2.448452949523926, 2.5209617614746094, 2.7146244049072266, 2.415956974029541, 2.505854606628418, 2.361537456512451, 2.769592046737671, 2.769212245941162, 2.703892946243286, 2.7714076042175293, 2.7727034091949463, 2.4889700412750244, 2.662554979324341, 2.757502317428589, 2.8193116188049316, 2.714372396469116, 2.8004603385925293, 2.7861337661743164, 2.7602157592773438, 2.557532548904419, 2.829223871231079, 2.453979253768921, 2.795661211013794, 2.678417444229126, 2.6374521255493164, 2.7748546600341797, 2.534205198287964, 2.6347391605377197, 2.693377733230591, 2.398864269256592]",sae,Pre-64
1,beta,6,0.038,0.4540822999211705,0.4457917896713532,0.4520954570668159,0.5,0.5933447799067053,0.6652348320240682,30,"[0, 1, 2, 3, 4, 5, 6, 7, 8, 9, 10, 11, 12, 13, 14, 15, 16, 17, 18, 19, 20, 21, 22, 23, 24, 25, 26, 27, 28, 29]","[1.6710569858551025, 1.7155041694641113, 1.598164677619934, 1.733414888381958, 1.5874730348587036, 1.6350398063659668, 1.6129337549209595, 1.6657092571258545, 1.5692415237426758, 1.6945111751556396, 1.615746259689331, 1.5760750770568848, 1.617083191871643, 1.5712249279022217, 1.3841224908828735, 1.7118881940841675, 1.5936627388000488, 1.6594693660736084, 1.6506452560424805, 1.6479548215866089, 1.6357245445251465, 1.5802969932556152, 1.7097539901733398, 1.618975281715393, 1.5790584087371826, 1.6582400798797607, 1.623957872390747, 1.565075397491455, 1.6240090131759644, 1.6700681447982788]",sae,Pre-64
1,beta,6,0.016,0.4540822999211705,0.4457917896713532,0.4646597425922322,0.5,0.5933447799067053,0.665547840092383,30,"[0, 1, 2, 3, 4, 5, 6, 7, 8, 9, 10, 11, 12, 13, 14, 15, 16, 17, 18, 19, 20, 21, 22, 23, 24, 25, 26, 27, 28, 29]","[2.170684814453125, 2.4453654289245605, 2.105384588241577, 2.470841407775879, 2.3150856494903564, 2.3918001651763916, 2.3884410858154297, 2.402912139892578, 2.0984373092651367, 2.4304628372192383, 2.3961544036865234, 2.2905232906341553, 2.4105942249298096, 2.2769711017608643, 2.2097318172454834, 2.4795520305633545, 2.1735332012176514, 2.18527889251709, 2.1842997074127197, 2.3749523162841797, 2.227909803390503, 2.293980360031128, 2.42268967628479, 2.0772573947906494, 2.3644216060638428, 2.3054921627044678, 2.454813003540039, 2.104428291320801, 2.0960323810577393, 2.428971290588379]",sae,Pre-64
1,beta,47,0.03,0.4460371044958436,0.4257646434940195,0.4113485535913023,0.5,0.6434257056516428,0.7353742043335691,30,"[0, 1, 2, 3, 4, 5, 6, 7, 8, 9, 10, 11, 12, 13, 14, 15, 16, 17, 18, 19, 20, 21, 22, 23, 24, 25, 26, 27, 28, 29]","[1.8619349002838135, 1.6770793199539185, 1.6741286516189575, 1.6709511280059814, 1.7938857078552246, 1.829538106918335, 1.750082015991211, 1.8558429479599, 1.7925935983657837, 1.690995693206787, 1.7270536422729492, 1.671067476272583, 1.697197437286377, 1.8579877614974976, 1.678523063659668, 1.8390185832977295, 1.7095274925231934, 1.800225019454956, 1.6445797681808472, 1.6689393520355225, 1.704599380493164, 1.7814996242523193, 1.8587652444839478, 1.686567783355713, 1.763929009437561, 1.6505488157272339, 1.5974003076553345, 1.8442182540893555, 1.6452142000198364, 1.720620036125183]",sae,Pre-64
1,beta,22,0.035,0.4519005213187685,0.4442985770479847,0.4519200912180292,0.5,0.5939599289403404,0.6795182884504524,30,"[0, 1, 2, 3, 4, 5, 6, 7, 8, 9, 10, 11, 12, 13, 14, 15, 16, 17, 18, 19, 20, 21, 22, 23, 24, 25, 26, 27, 28, 29]","[1.669358253479004, 1.6877810955047607, 1.6942082643508911, 1.800709843635559, 1.7965675592422485, 1.6785764694213867, 1.7109336853027344, 1.717311143875122, 1.7341238260269165, 1.7777749300003052, 1.7173298597335815, 1.78972589969635, 1.6758723258972168, 1.7947255373001099, 1.6064332723617554, 1.7907460927963257, 1.7832428216934204, 1.7195593118667603, 1.6515107154846191, 1.609013319015503, 1.7732588052749634, 1.7582839727401733, 1.747151494026184, 1.7104017734527588, 1.800692081451416, 1.7986923456192017, 1.6540573835372925, 1.656163215637207, 1.8045845031738281, 1.6551954746246338]",sae,Pre-64
1,beta,10,0.004,0.4493907433353129,0.4390813823454372,0.4671972465136382,0.5,0.6232207829487961,0.673406293731386,30,"[0, 1, 2, 3, 4, 5, 6, 7, 8, 9, 10, 11, 12, 13, 14, 15, 16, 17, 18, 19, 20, 21, 22, 23, 24, 25, 26, 27, 28, 29]","[2.6847305297851562, 2.5116498470306396, 2.7188661098480225, 2.4121270179748535, 2.7136714458465576, 2.6284124851226807, 2.417632579803467, 2.710127592086792, 2.700227975845337, 2.759477138519287, 2.63563871383667, 2.5937886238098145, 2.559222936630249, 2.436171293258667, 2.39210844039917, 2.5650534629821777, 2.6620376110076904, 2.4332728385925293, 2.735224723815918, 2.397869348526001, 2.408003568649292, 2.7050681114196777, 2.725468397140503, 2.7474968433380127, 2.7300150394439697, 2.501283884048462, 2.6626479625701904, 2.6652421951293945, 2.6761386394500732, 2.7261767387390137]",sae,Pre-64
1,beta,47,0.014,0.4460371044958436,0.4257646434940195,0.4218520935338967,0.5,0.6434257056516428,0.7369928631132258,30,"[0, 1, 2, 3, 4, 5, 6, 7, 8, 9, 10, 11, 12, 13, 14, 15, 16, 17, 18, 19, 20, 21, 22, 23, 24, 25, 26, 27, 28, 29]","[2.498401403427124, 2.3971498012542725, 2.4128427505493164, 2.147066593170166, 2.479218006134033, 2.5354127883911133, 2.374056816101074, 2.4902091026306152, 2.2651190757751465, 2.220980405807495, 2.4285659790039062, 2.3780219554901123, 2.208397626876831, 2.5266237258911133, 2.457026481628418, 2.4064173698425293, 2.1899254322052, 2.5439064502716064, 2.376065254211426, 2.238250494003296, 2.5012283325195312, 2.352086305618286, 2.4695613384246826, 2.299760103225708, 2.451125383377075, 2.334397554397583, 2.2337236404418945, 2.4347169399261475, 2.4187817573547363, 2.473717451095581]",sae,Pre-64
1,beta,46,0.002,0.4545712902572906,0.4417269056853911,0.4800728508183893,0.5,0.6270377926330811,0.6867812036217287,30,"[0, 1, 2, 3, 4, 5, 6, 7, 8, 9, 10, 11, 12, 13, 14, 15, 16, 17, 18, 19, 20, 21, 22, 23, 24, 25, 26, 27, 28, 29]","[2.71018123626709, 2.864514112472534, 2.9253625869750977, 2.8070216178894043, 2.6532177925109863, 2.63523006439209, 2.6051831245422363, 2.957390308380127, 2.921576976776123, 3.0311577320098877, 2.8104746341705322, 2.8558666706085205, 2.975569486618042, 2.8122947216033936, 2.733194589614868, 2.9513416290283203, 2.8313775062561035, 2.930696725845337, 3.0055625438690186, 2.8565785884857178, 2.887979507446289, 2.946889877319336, 2.908670663833618, 2.6888673305511475, 2.585914134979248, 2.667830228805542, 2.930405855178833, 2.6079039573669434, 2.927386999130249, 2.9363248348236084]",sae,Pre-64
1,beta,16,0.0151,0.4519396108125126,0.4401978349795346,0.4467064472918099,0.5,0.6159012314439947,0.7221117698091384,30,"[0, 1, 2, 3, 4, 5, 6, 7, 8, 9, 10, 11, 12, 13, 14, 15, 16, 17, 18, 19, 20, 21, 22, 23, 24, 25, 26, 27, 28, 29]","[2.4459993839263916, 2.1331465244293213, 2.416626453399658, 2.4145023822784424, 2.5331006050109863, 2.3408498764038086, 2.422539234161377, 2.388399600982666, 2.0518345832824707, 2.301769733428955, 2.476048707962036, 2.1099987030029297, 2.3945529460906982, 2.2413532733917236, 2.292255163192749, 2.1905791759490967, 2.0900888442993164, 2.4498484134674072, 2.2126047611236572, 2.447537422180176, 2.1654884815216064, 2.4157509803771973, 2.1467959880828857, 2.4127326011657715, 2.401432991027832, 2.402764320373535, 2.2959389686584473, 2.0538158416748047, 2.237467050552368, 2.2154479026794434]",sae,Pre-64
1,beta,43,0.036,0.4515364523902173,0.4432102910589974,0.4453312050086595,0.5,0.6060785767234989,0.7028080059303188,30,"[0, 1, 2, 3, 4, 5, 6, 7, 8, 9, 10, 11, 12, 13, 14, 15, 16, 17, 18, 19, 20, 21, 22, 23, 24, 25, 26, 27, 28, 29]","[1.7292050123214722, 1.7787340879440308, 1.8098084926605225, 1.6694378852844238, 1.7029787302017212, 1.6326807737350464, 1.6648484468460083, 1.663287878036499, 1.7194589376449585, 1.6350412368774414, 1.609923005104065, 1.8439639806747437, 1.763953685760498, 1.7097437381744385, 1.6875075101852417, 1.6321496963500977, 1.7997851371765137, 1.6670677661895752, 1.7527453899383545, 1.7590744495391846, 1.6781004667282104, 1.6754837036132812, 1.822670817375183, 1.6930701732635498, 1.651915431022644, 1.6876367330551147, 1.835261583328247, 1.6628522872924805, 1.7739195823669434, 1.8318219184875488]",sae,Pre-64
1,beta,46,0.02,0.4545712902572906,0.4417269056853911,0.4762632493556538,0.5,0.6270377926330811,0.6875467792362207,30,"[0, 1, 2, 3, 4, 5, 6, 7, 8, 9, 10, 11, 12, 13, 14, 15, 16, 17, 18, 19, 20, 21, 22, 23, 24, 25, 26, 27, 28, 29]","[2.21266508102417, 2.3938841819763184, 2.4457335472106934, 2.302452325820923, 2.1641430854797363, 2.1140058040618896, 2.1116886138916016, 2.468505859375, 2.445373058319092, 2.552525281906128, 2.3340635299682617, 2.3794233798980713, 2.4897778034210205, 2.3428239822387695, 2.2316765785217285, 2.4581732749938965, 2.335935115814209, 2.4497880935668945, 2.5187277793884277, 2.353449821472168, 2.4099652767181396, 2.463883638381958, 2.4202182292938232, 2.1999144554138184, 2.0740244388580322, 2.17748761177063, 2.4404513835906982, 2.092041254043579, 2.44429874420166, 2.454169511795044]",sae,Pre-64
1,beta,14,0.026,0.4467366851483266,0.4421697276018216,0.440177439246301,0.5,0.5934222168898753,0.6937011652844224,30,"[0, 1, 2, 3, 4, 5, 6, 7, 8, 9, 10, 11, 12, 13, 14, 15, 16, 17, 18, 19, 20, 21, 22, 23, 24, 25, 26, 27, 28, 29]","[1.5899474620819092, 1.4927763938903809, 1.6116294860839844, 1.647829532623291, 1.6159435510635376, 1.6176906824111938, 1.557418704032898, 1.7221181392669678, 1.6160178184509277, 1.6945650577545166, 1.5556663274765015, 1.5803745985031128, 1.602351427078247, 1.6930384635925293, 1.6464805603027344, 1.6191712617874146, 1.7145825624465942, 1.711788535118103, 1.629496693611145, 1.5867151021957397, 1.6030077934265137, 1.6307094097137451, 1.692740559577942, 1.5808225870132446, 1.7028142213821411, 1.7089325189590454, 1.657628059387207, 1.7113428115844727, 1.7018892765045166, 1.6126091480255127]",sae,Pre-64
1,beta,42,0.012,0.4546678683050885,0.4407690563496341,0.4771664810048172,0.5,0.6336081445133979,0.6579096911531246,30,"[0, 1, 2, 3, 4, 5, 6, 7, 8, 9, 10, 11, 12, 13, 14, 15, 16, 17, 18, 19, 20, 21, 22, 23, 24, 25, 26, 27, 28, 29]","[2.600027561187744, 2.492089033126831, 2.6059255599975586, 2.6440672874450684, 2.4294350147247314, 2.5960288047790527, 2.595945358276367, 2.5330185890197754, 2.4384870529174805, 2.470607042312622, 2.355823040008545, 2.633434534072876, 2.5320262908935547, 2.4797112941741943, 2.6516542434692383, 2.2561304569244385, 2.099294900894165, 2.458629846572876, 2.3364994525909424, 2.5126736164093018, 2.5731759071350098, 2.16363525390625, 2.6585545539855957, 2.2776341438293457, 2.2566142082214355, 2.354503870010376, 2.675985813140869, 2.1575093269348145, 2.5757131576538086, 2.3467330932617188]",sae,Pre-64
1,beta,29,0.0151,0.4558655961502112,0.4409050416793991,0.4707193490552405,0.5,0.6296548282533407,0.678798305387005,30,"[0, 1, 2, 3, 4, 5, 6, 7, 8, 9, 10, 11, 12, 13, 14, 15, 16, 17, 18, 19, 20, 21, 22, 23, 24, 25, 26, 27, 28, 29]","[2.1428024768829346, 2.436802387237549, 1.8883180618286133, 2.451018810272217, 2.4205222129821777, 2.09852933883667, 2.4838385581970215, 2.097581386566162, 2.3649983406066895, 2.4334917068481445, 2.3110859394073486, 2.4193286895751953, 2.4015142917633057, 2.1046316623687744, 2.287015199661255, 2.084163188934326, 2.3641293048858643, 2.4140021800994873, 2.3995516300201416, 2.4107744693756104, 2.251603841781616, 2.458009958267212, 2.4178709983825684, 2.3880622386932373, 2.438662528991699, 2.2441883087158203, 2.121929407119751, 2.49461030960083, 2.3852055072784424, 2.369328022003174]",sae,Pre-64
1,beta,20,0.038,0.4408022875601419,0.4262939306313442,0.4418193774306603,0.5,0.6176087118064704,0.6529632707104688,30,"[0, 1, 2, 3, 4, 5, 6, 7, 8, 9, 10, 11, 12, 13, 14, 15, 16, 17, 18, 19, 20, 21, 22, 23, 24, 25, 26, 27, 28, 29]","[1.7065939903259277, 1.7586277723312378, 1.6917674541473389, 1.828406572341919, 1.7375800609588623, 1.776275634765625, 1.7795109748840332, 1.67450749874115, 1.7052019834518433, 1.6367868185043335, 1.6673980951309204, 1.6725720167160034, 1.8295310735702515, 1.6798876523971558, 1.7270032167434692, 1.7918072938919067, 1.6981418132781982, 1.6104650497436523, 1.7334562540054321, 1.7453659772872925, 1.6848136186599731, 1.6183253526687622, 1.7428144216537476, 1.810850739479065, 1.7945934534072876, 1.6213085651397705, 1.6896580457687378, 1.7399905920028687, 1.6093790531158447, 1.796414852142334]",sae,Pre-64
1,beta,47,0.016,0.4460371044958436,0.4257646434940195,0.421681359673383,0.5,0.6434257056516428,0.7370041149617437,30,"[0, 1, 2, 3, 4, 5, 6, 7, 8, 9, 10, 11, 12, 13, 14, 15, 16, 17, 18, 19, 20, 21, 22, 23, 24, 25, 26, 27, 28, 29]","[2.4471793174743652, 2.348626136779785, 2.363720417022705, 2.095045328140259, 2.428555727005005, 2.4850516319274902, 2.325822591781616, 2.4387707710266113, 2.214545726776123, 2.1703970432281494, 2.378753900527954, 2.3283536434173584, 2.157308340072632, 2.476876735687256, 2.4088759422302246, 2.3553242683410645, 2.13803768157959, 2.494346857070923, 2.327369451522827, 2.1871213912963867, 2.4530537128448486, 2.301586627960205, 2.4182915687561035, 2.2500977516174316, 2.4015705585479736, 2.2852282524108887, 2.184328079223633, 2.3842382431030273, 2.370173215866089, 2.4244024753570557]",sae,Pre-64
1,beta,44,0.005,0.4469012312759677,0.43811650775401,0.4820824173984822,0.5,0.5982762074796864,0.6261188005633039,30,"[0, 1, 2, 3, 4, 5, 6, 7, 8, 9, 10, 11, 12, 13, 14, 15, 16, 17, 18, 19, 20, 21, 22, 23, 24, 25, 26, 27, 28, 29]","[2.497645378112793, 2.7501883506774902, 2.5259199142456055, 2.438211441040039, 2.703209161758423, 2.8235983848571777, 2.751293659210205, 2.6780025959014893, 2.6551172733306885, 2.8897006511688232, 2.552805185317993, 2.8251168727874756, 2.749695301055908, 2.450615406036377, 2.8490231037139893, 2.811948537826538, 2.4033052921295166, 2.7142863273620605, 2.7374534606933594, 2.7465806007385254, 2.3680615425109863, 2.5765979290008545, 2.7226104736328125, 2.7890408039093018, 2.7367889881134033, 2.7460010051727295, 2.58537220954895, 2.6946659088134766, 2.6533613204956055, 2.7676544189453125]",sae,Pre-64
1,beta,48,0.03,0.4556814132376,0.4510566266980289,0.4971191442220036,0.5,0.5923878577171784,0.5965071968109804,30,"[0, 1, 2, 3, 4, 5, 6, 7, 8, 9, 10, 11, 12, 13, 14, 15, 16, 17, 18, 19, 20, 21, 22, 23, 24, 25, 26, 27, 28, 29]","[1.9089534282684326, 1.8462759256362915, 1.7691106796264648, 1.7471235990524292, 1.8109885454177856, 1.7212022542953491, 1.7867735624313354, 1.7971111536026, 1.794116497039795, 1.7387359142303467, 1.85154128074646, 1.7838436365127563, 1.8495841026306152, 1.7603611946105957, 1.7508548498153687, 1.7757328748703003, 1.9385610818862915, 1.8632053136825562, 1.8855676651000977, 1.7985814809799194, 1.7512006759643555, 1.9113372564315796, 1.9300892353057861, 1.7864786386489868, 1.7905769348144531, 1.8858758211135864, 1.867363691329956, 1.9342676401138306, 1.7285763025283813, 1.8266403675079346]",sae,Pre-64
1,beta,18,0.03,0.4575117633693479,0.4471831599677374,0.4268223170364881,0.5,0.6052065040104606,0.7328134559841077,30,"[0, 1, 2, 3, 4, 5, 6, 7, 8, 9, 10, 11, 12, 13, 14, 15, 16, 17, 18, 19, 20, 21, 22, 23, 24, 25, 26, 27, 28, 29]","[1.5407730340957642, 1.7012711763381958, 1.7312349081039429, 1.597641110420227, 1.6242958307266235, 1.6303576231002808, 1.8277322053909302, 1.5975545644760132, 1.7224947214126587, 1.5919991731643677, 1.8020787239074707, 1.6871250867843628, 1.7282081842422485, 1.7063194513320923, 1.630329966545105, 1.6044940948486328, 1.6903009414672852, 1.6306464672088623, 1.6086074113845825, 1.559529423713684, 1.8249146938323975, 1.6266558170318604, 1.7664002180099487, 1.7118483781814575, 1.7053589820861816, 1.6335419416427612, 1.714782953262329, 1.7577931880950928, 1.7018767595291138, 1.658980369567871]",sae,Pre-64
1,beta,5,0.014,0.4445517550333296,0.4301735816232515,0.4532479908525698,0.5,0.6070910659257547,0.6792284180194146,30,"[0, 1, 2, 3, 4, 5, 6, 7, 8, 9, 10, 11, 12, 13, 14, 15, 16, 17, 18, 19, 20, 21, 22, 23, 24, 25, 26, 27, 28, 29]","[2.461033344268799, 2.2852139472961426, 2.0449721813201904, 2.467853307723999, 2.3972277641296387, 2.339998245239258, 2.5086915493011475, 2.1933510303497314, 2.435120105743408, 2.150221347808838, 2.280992031097412, 2.436436176300049, 2.4915597438812256, 2.2609994411468506, 2.430967330932617, 2.252568483352661, 2.216318130493164, 2.407067060470581, 2.3045902252197266, 2.3970885276794434, 2.4880075454711914, 2.402899980545044, 2.35994291305542, 2.1104674339294434, 2.259105682373047, 2.487246513366699, 2.209963798522949, 2.3839571475982666, 2.4704954624176025, 2.5019917488098145]",sae,Pre-64
1,beta,22,0.025,0.4519005213187685,0.4442985770479847,0.4520666818877595,0.5,0.5939599289403404,0.6795079942116966,30,"[0, 1, 2, 3, 4, 5, 6, 7, 8, 9, 10, 11, 12, 13, 14, 15, 16, 17, 18, 19, 20, 21, 22, 23, 24, 25, 26, 27, 28, 29]","[1.681675672531128, 1.7002321481704712, 1.7067116498947144, 1.8128399848937988, 1.8089368343353271, 1.6910583972930908, 1.7232451438903809, 1.729541540145874, 1.7462927103042603, 1.7899081707000732, 1.7295211553573608, 1.8021093606948853, 1.6884080171585083, 1.8070768117904663, 1.6190239191055298, 1.8029632568359375, 1.7955724000930786, 1.7320303916931152, 1.6637985706329346, 1.6215561628341675, 1.7855185270309448, 1.7706303596496582, 1.7595261335372925, 1.7227728366851807, 1.8127787113189697, 1.8110158443450928, 1.666378140449524, 1.6685969829559326, 1.816977620124817, 1.66754150390625]",sae,Pre-64
1,beta,22,0.006,0.4519005213187685,0.4442985770479847,0.4669060679137228,0.5,0.5939599289403404,0.6742917563736044,30,"[0, 1, 2, 3, 4, 5, 6, 7, 8, 9, 10, 11, 12, 13, 14, 15, 16, 17, 18, 19, 20, 21, 22, 23, 24, 25, 26, 27, 28, 29]","[2.5878713130950928, 2.4722535610198975, 2.3559436798095703, 2.6687119007110596, 2.657529830932617, 2.4494638442993164, 2.6318161487579346, 2.606130599975586, 2.590014934539795, 2.6328747272491455, 2.62146258354187, 2.6498472690582275, 2.4139671325683594, 2.649273633956909, 2.4591243267059326, 2.5246965885162354, 2.6512844562530518, 2.5213894844055176, 2.3381247520446777, 2.2689154148101807, 2.6127207279205322, 2.5274486541748047, 2.486300468444824, 2.565734386444092, 2.6541848182678223, 2.586233139038086, 2.458954095840454, 2.5522122383117676, 2.6851961612701416, 2.378110408782959]",sae,Pre-64
1,beta,34,0.028,0.4568527557813058,0.4470225010708758,0.4536291803339234,0.5,0.6011606799053854,0.6789861639080373,30,"[0, 1, 2, 3, 4, 5, 6, 7, 8, 9, 10, 11, 12, 13, 14, 15, 16, 17, 18, 19, 20, 21, 22, 23, 24, 25, 26, 27, 28, 29]","[1.628076195716858, 1.732730507850647, 1.7345073223114014, 1.6710282564163208, 1.615836262702942, 1.6478381156921387, 1.679068922996521, 1.6281453371047974, 1.5960912704467773, 1.6313633918762207, 1.7085824012756348, 1.4983080625534058, 1.7296777963638306, 1.6206426620483398, 1.593252182006836, 1.6348185539245605, 1.7430799007415771, 1.7336578369140625, 1.6498867273330688, 1.6161417961120605, 1.6708390712738037, 1.7420804500579834, 1.694381833076477, 1.7476056814193726, 1.6085965633392334, 1.5776780843734741, 1.7598150968551636, 1.760980486869812, 1.7297930717468262, 1.7436848878860474]",sae,Pre-64
1,beta,43,0.0159,0.4515364523902173,0.4432102910589974,0.4556066530037046,0.5,0.6060785767234989,0.7074040029651594,30,"[0, 1, 2, 3, 4, 5, 6, 7, 8, 9, 10, 11, 12, 13, 14, 15, 16, 17, 18, 19, 20, 21, 22, 23, 24, 25, 26, 27, 28, 29]","[2.4935953617095947, 2.3828046321868896, 2.54408597946167, 2.473836898803711, 2.153066635131836, 2.1717007160186768, 2.1557464599609375, 2.347454786300659, 2.082589864730835, 2.406230926513672, 2.1128785610198975, 2.5892207622528076, 2.368061065673828, 2.5032131671905518, 2.3658409118652344, 2.401850700378418, 2.5371367931365967, 2.4201033115386963, 2.244150400161743, 2.345933437347412, 2.4333863258361816, 2.2249059677124023, 2.4894144535064697, 2.3204808235168457, 2.2273104190826416, 2.1590490341186523, 2.518040418624878, 2.4028685092926025, 2.5388295650482178, 2.426262140274048]",sae,Pre-64
1,beta,35,0.025,0.4566193215888805,0.4379483378046387,0.4394276590386095,0.5,0.637290178651746,0.7159623146165794,30,"[0, 1, 2, 3, 4, 5, 6, 7, 8, 9, 10, 11, 12, 13, 14, 15, 16, 17, 18, 19, 20, 21, 22, 23, 24, 25, 26, 27, 28, 29]","[1.708662748336792, 1.8350133895874023, 1.8839235305786133, 1.7961961030960083, 1.8385279178619385, 1.8013783693313599, 1.7476640939712524, 1.9025249481201172, 1.9287850856781006, 1.7968590259552002, 1.8725656270980835, 1.7202363014221191, 1.7955118417739868, 1.7182751893997192, 1.7997196912765503, 1.7184261083602905, 1.8873850107192993, 1.7171642780303955, 1.8284484148025513, 1.7118077278137207, 1.7170218229293823, 1.7183547019958496, 1.764674425125122, 1.7321186065673828, 1.793617844581604, 1.842065691947937, 1.7177014350891113, 1.8182045221328735, 1.9106824398040771, 1.8244131803512573]",sae,Pre-64
1,beta,35,0.006,0.4566193215888805,0.4379483378046387,0.4483207683622404,0.5,0.637290178651746,0.7185320451696862,30,"[0, 1, 2, 3, 4, 5, 6, 7, 8, 9, 10, 11, 12, 13, 14, 15, 16, 17, 18, 19, 20, 21, 22, 23, 24, 25, 26, 27, 28, 29]","[2.3240914344787598, 2.692660093307495, 2.751190423965454, 2.5796124935150146, 2.7001190185546875, 2.531299352645874, 2.654865026473999, 2.7043368816375732, 2.7630465030670166, 2.671334981918335, 2.5025839805603027, 2.402472734451294, 2.6169862747192383, 2.5341601371765137, 2.5276832580566406, 2.5859344005584717, 2.7074172496795654, 2.3883087635040283, 2.5524117946624756, 2.420736074447632, 2.3427557945251465, 2.3203742504119873, 2.4577443599700928, 2.5939998626708984, 2.7022645473480225, 2.6679184436798096, 2.330265522003174, 2.6909384727478027, 2.7624716758728027, 2.6401615142822266]",sae,Pre-64
1,beta,45,0.0151,0.4515599815008028,0.4347157609968581,0.467178061399515,0.5,0.6289673345145609,0.6780882286129661,30,"[0, 1, 2, 3, 4, 5, 6, 7, 8, 9, 10, 11, 12, 13, 14, 15, 16, 17, 18, 19, 20, 21, 22, 23, 24, 25, 26, 27, 28, 29]","[2.507117748260498, 2.5529754161834717, 2.373852252960205, 2.5906782150268555, 2.569307327270508, 2.518771171569824, 2.5389020442962646, 2.52809739112854, 2.177335500717163, 2.058147668838501, 2.2903823852539062, 2.570741653442383, 2.4509098529815674, 2.5388107299804688, 2.267537832260132, 2.498077869415283, 2.3559770584106445, 2.4704062938690186, 2.449141502380371, 2.476074695587158, 2.5049192905426025, 2.1266391277313232, 2.296072006225586, 2.4422812461853027, 2.4842140674591064, 2.4044785499572754, 2.132972478866577, 2.1912899017333984, 2.3913886547088623, 2.5463778972625732]",sae,Pre-64
1,beta,48,0.014,0.4556814132376,0.4510566266980289,0.5113345443753934,0.5,0.5923878577171784,0.6002230954780698,30,"[0, 1, 2, 3, 4, 5, 6, 7, 8, 9, 10, 11, 12, 13, 14, 15, 16, 17, 18, 19, 20, 21, 22, 23, 24, 25, 26, 27, 28, 29]","[2.6408443450927734, 2.4430503845214844, 2.3344976902008057, 2.4618895053863525, 2.583483934402466, 2.2632527351379395, 2.29779314994812, 2.561669111251831, 2.5266458988189697, 2.4962401390075684, 2.339033603668213, 2.550715684890747, 2.400407552719116, 2.2495243549346924, 2.261200428009033, 2.249448299407959, 2.664250612258911, 2.624952793121338, 2.5845351219177246, 2.5220000743865967, 2.23893666267395, 2.6421334743499756, 2.6538596153259277, 2.552222728729248, 2.5079286098480225, 2.5933661460876465, 2.5764992237091064, 2.7030258178710938, 2.424686908721924, 2.569133996963501]",sae,Pre-64
1,beta,43,0.008,0.4515364523902173,0.4432102910589974,0.456751224121558,0.5,0.6060785767234989,0.7074232765011119,30,"[0, 1, 2, 3, 4, 5, 6, 7, 8, 9, 10, 11, 12, 13, 14, 15, 16, 17, 18, 19, 20, 21, 22, 23, 24, 25, 26, 27, 28, 29]","[2.692469596862793, 2.585418462753296, 2.744257926940918, 2.669719934463501, 2.3641607761383057, 2.376934766769409, 2.364081621170044, 2.5531651973724365, 2.300030469894409, 2.603860855102539, 2.3212203979492188, 2.7885942459106445, 2.5750041007995605, 2.700263738632202, 2.5585873126983643, 2.6035032272338867, 2.7361598014831543, 2.6199676990509033, 2.454575300216675, 2.5447866916656494, 2.6320698261260986, 2.4350202083587646, 2.6943764686584473, 2.5231902599334717, 2.430830240249634, 2.366464853286743, 2.7223386764526367, 2.602489709854126, 2.73857045173645, 2.631486415863037]",sae,Pre-64
1,beta,44,0.024,0.4469012312759677,0.43811650775401,0.4783208645326381,0.5,0.5982762074796864,0.6272324453636433,30,"[0, 1, 2, 3, 4, 5, 6, 7, 8, 9, 10, 11, 12, 13, 14, 15, 16, 17, 18, 19, 20, 21, 22, 23, 24, 25, 26, 27, 28, 29]","[2.02201247215271, 2.290224075317383, 2.055136203765869, 1.9411648511886597, 2.246241807937622, 2.3631718158721924, 2.277209997177124, 2.219268560409546, 2.1708881855010986, 2.4300341606140137, 2.0734384059906006, 2.3771724700927734, 2.288382053375244, 1.964532494544983, 2.38930606842041, 2.341740131378174, 1.9087711572647095, 2.2686071395874023, 2.2715113162994385, 2.2942349910736084, 1.8781497478485107, 2.1172120571136475, 2.258931875228882, 2.330775737762451, 2.2651169300079346, 2.291574478149414, 2.1210806369781494, 2.2400665283203125, 2.176708936691284, 2.305757761001587]",sae,Pre-64
1,beta,40,0.029,0.44666181227492,0.4340193094910912,0.440673439258182,0.5,0.6093636266731638,0.6686671031993787,30,"[0, 1, 2, 3, 4, 5, 6, 7, 8, 9, 10, 11, 12, 13, 14, 15, 16, 17, 18, 19, 20, 21, 22, 23, 24, 25, 26, 27, 28, 29]","[1.8059848546981812, 1.7826305627822876, 1.6981818675994873, 1.6526110172271729, 1.7091245651245117, 1.7141106128692627, 1.7179239988327026, 1.7637498378753662, 1.7304683923721313, 1.7913198471069336, 1.6365553140640259, 1.6513196229934692, 1.7471911907196045, 1.71944260597229, 1.6789768934249878, 1.7923578023910522, 1.7448197603225708, 1.665710210800171, 1.6860055923461914, 1.7393453121185303, 1.621754765510559, 1.6573505401611328, 1.793221116065979, 1.6650044918060303, 1.777864694595337, 1.6530131101608276, 1.762087345123291, 1.7327780723571777, 1.804887294769287, 1.6457887887954712]",sae,Pre-64
1,beta,44,0.036,0.4469012312759677,0.43811650775401,0.4660833323967671,0.5,0.5982762074796864,0.6233494193137827,30,"[0, 1, 2, 3, 4, 5, 6, 7, 8, 9, 10, 11, 12, 13, 14, 15, 16, 17, 18, 19, 20, 21, 22, 23, 24, 25, 26, 27, 28, 29]","[1.7082648277282715, 1.6997709274291992, 1.6870523691177368, 1.639594316482544, 1.6964402198791504, 1.786929726600647, 1.7951480150222778, 1.6410592794418335, 1.719119668006897, 1.824679970741272, 1.711254358291626, 1.6938037872314453, 1.7096264362335205, 1.6468414068222046, 1.80404794216156, 1.796457052230835, 1.6246153116226196, 1.5635205507278442, 1.7221667766571045, 1.709325909614563, 1.6395244598388672, 1.633429765701294, 1.7357091903686523, 1.7273306846618652, 1.765674114227295, 1.6738747358322144, 1.6660407781600952, 1.705487847328186, 1.7284146547317505, 1.7090420722961426]",sae,Pre-64
1,beta,27,0.008,0.4609757262074365,0.4537266978541116,0.4833846735680552,0.5,0.5914172664146189,0.659492154567872,30,"[0, 1, 2, 3, 4, 5, 6, 7, 8, 9, 10, 11, 12, 13, 14, 15, 16, 17, 18, 19, 20, 21, 22, 23, 24, 25, 26, 27, 28, 29]","[2.580397605895996, 2.75627064704895, 2.394493341445923, 2.592513084411621, 2.719468355178833, 2.6236374378204346, 2.6707773208618164, 2.3876736164093018, 2.6838021278381348, 2.714259147644043, 2.414261817932129, 2.7082133293151855, 2.3999719619750977, 2.37453556060791, 2.436713218688965, 2.3675944805145264, 2.6883366107940674, 2.7103986740112305, 2.6822431087493896, 2.529322624206543, 2.7534618377685547, 2.3756699562072754, 2.6731436252593994, 2.6594882011413574, 2.394711494445801, 2.748194456100464, 2.5514869689941406, 2.6982390880584717, 2.58418869972229, 2.62770676612854]",sae,Pre-64
1,beta,11,0.022,0.4566976193509867,0.4496008864727478,0.449939829061918,0.5,0.5995106990682213,0.7143069309828158,30,"[0, 1, 2, 3, 4, 5, 6, 7, 8, 9, 10, 11, 12, 13, 14, 15, 16, 17, 18, 19, 20, 21, 22, 23, 24, 25, 26, 27, 28, 29]","[2.0404136180877686, 2.2804038524627686, 2.276301383972168, 2.2922463417053223, 2.2181386947631836, 2.238197088241577, 2.2788448333740234, 1.9916701316833496, 2.315587282180786, 2.2684521675109863, 2.277343511581421, 2.3056325912475586, 2.3546504974365234, 2.292707681655884, 2.0938456058502197, 2.3013806343078613, 2.0959348678588867, 1.9332355260849, 1.902281641960144, 2.121744394302368, 1.9465363025665283, 2.3217687606811523, 2.2705001831054688, 2.1136860847473145, 1.9320439100265503, 2.216014862060547, 2.3159432411193848, 1.9758834838867188, 2.2640583515167236, 1.913685917854309]",sae,Pre-64
1,beta,25,0.04,0.4465066892532915,0.4352791138475453,0.4472942926139961,0.5,0.6270054355300688,0.6598443489024295,30,"[0, 1, 2, 3, 4, 5, 6, 7, 8, 9, 10, 11, 12, 13, 14, 15, 16, 17, 18, 19, 20, 21, 22, 23, 24, 25, 26, 27, 28, 29]","[1.6505030393600464, 1.681117296218872, 1.5271285772323608, 1.7383296489715576, 1.7151366472244263, 1.701490044593811, 1.5951290130615234, 1.569573163986206, 1.6218451261520386, 1.5278785228729248, 1.7122693061828613, 1.653739333152771, 1.6835851669311523, 1.5696356296539307, 1.5737183094024658, 1.6435725688934326, 1.5024664402008057, 1.4915449619293213, 1.5612895488739014, 1.5742470026016235, 1.7209080457687378, 1.4978090524673462, 1.6800593137741089, 1.587907314300537, 1.6506251096725464, 1.5760595798492432, 1.7493305206298828, 1.6794555187225342, 1.711956262588501, 1.567413568496704]",sae,Pre-64
1,beta,3,0.0151,0.4557259332451328,0.444824285747971,0.4914028634589935,0.5,0.6042731979176,0.6518122718219842,30,"[0, 1, 2, 3, 4, 5, 6, 7, 8, 9, 10, 11, 12, 13, 14, 15, 16, 17, 18, 19, 20, 21, 22, 23, 24, 25, 26, 27, 28, 29]","[2.404130220413208, 2.2477424144744873, 2.4506468772888184, 2.403794765472412, 2.479410171508789, 2.4284026622772217, 2.4938743114471436, 2.5343897342681885, 2.4079174995422363, 2.549003839492798, 2.465291738510132, 2.5498955249786377, 2.480273485183716, 2.547314405441284, 2.5478477478027344, 2.2516367435455322, 2.1371500492095947, 2.4534382820129395, 2.3837456703186035, 2.2250561714172363, 2.422273635864258, 2.161329984664917, 2.202343702316284, 2.5471839904785156, 2.5169765949249268, 2.510317802429199, 2.2624974250793457, 2.4746994972229004, 2.5315256118774414, 2.5656964778900146]",sae,Pre-64
1,beta,34,0.01,0.4568527557813058,0.4470225010708758,0.4683098634029361,0.5,0.6011606799053854,0.6806856378528146,30,"[0, 1, 2, 3, 4, 5, 6, 7, 8, 9, 10, 11, 12, 13, 14, 15, 16, 17, 18, 19, 20, 21, 22, 23, 24, 25, 26, 27, 28, 29]","[2.3277599811553955, 2.570589065551758, 2.563469409942627, 2.5681381225585938, 2.394118547439575, 2.2875828742980957, 2.595107316970825, 2.5798614025115967, 2.3619799613952637, 2.30061674118042, 2.4955947399139404, 2.4173362255096436, 2.4992496967315674, 2.564727306365967, 2.259795665740967, 2.41786527633667, 2.5788090229034424, 2.5858402252197266, 2.5474159717559814, 2.252814769744873, 2.5811941623687744, 2.5968968868255615, 2.41837477684021, 2.511279344558716, 2.185235023498535, 2.402165412902832, 2.627582550048828, 2.6428396701812744, 2.5137009620666504, 2.512315511703491]",sae,Pre-64
1,beta,0,0.026,0.4600628296558519,0.4487196928272481,0.4385965603642242,0.5,0.6146148452673732,0.7226463104325699,30,"[0, 1, 2, 3, 4, 5, 6, 7, 8, 9, 10, 11, 12, 13, 14, 15, 16, 17, 18, 19, 20, 21, 22, 23, 24, 25, 26, 27, 28, 29]","[1.7231180667877197, 1.7311911582946777, 1.771145224571228, 1.8353278636932373, 1.6918628215789795, 1.7619577646255493, 1.8318703174591064, 1.8552494049072266, 1.8308160305023193, 1.69579017162323, 1.7740179300308228, 1.711578130722046, 1.8335280418395996, 1.8365191221237183, 1.8488210439682007, 1.7140182256698608, 1.8380378484725952, 1.721798062324524, 1.7331264019012451, 1.8476046323776245, 1.694960355758667, 1.7150030136108398, 1.834006667137146, 1.7152130603790283, 1.734615445137024, 1.6951652765274048, 1.8164634704589844, 1.6853317022323608, 1.8657846450805664, 1.6959569454193115]",sae,Pre-64
1,beta,5,0.03,0.4445517550333296,0.4301735816232515,0.4379861548806992,0.5,0.6070910659257547,0.6821959208165868,30,"[0, 1, 2, 3, 4, 5, 6, 7, 8, 9, 10, 11, 12, 13, 14, 15, 16, 17, 18, 19, 20, 21, 22, 23, 24, 25, 26, 27, 28, 29]","[1.7901322841644287, 1.6081562042236328, 1.6008648872375488, 1.7609913349151611, 1.758002758026123, 1.7431504726409912, 1.7121658325195312, 1.638472080230713, 1.7233316898345947, 1.6101137399673462, 1.7350132465362549, 1.7747870683670044, 1.7325671911239624, 1.6915714740753174, 1.7553913593292236, 1.735010027885437, 1.7153066396713257, 1.763968586921692, 1.6227480173110962, 1.6992316246032715, 1.780387043952942, 1.6820125579833984, 1.8058691024780273, 1.6115752458572388, 1.7180442810058594, 1.775820016860962, 1.6198980808258057, 1.7199286222457886, 1.7496213912963867, 1.732854962348938]",sae,Pre-64
1,beta,27,0.026,0.4609757262074365,0.4537266978541116,0.4682389016106544,0.5,0.5914172664146189,0.6592913599161614,30,"[0, 1, 2, 3, 4, 5, 6, 7, 8, 9, 10, 11, 12, 13, 14, 15, 16, 17, 18, 19, 20, 21, 22, 23, 24, 25, 26, 27, 28, 29]","[1.7559186220169067, 1.8905329704284668, 1.7564294338226318, 1.77415931224823, 1.849687099456787, 1.783084511756897, 1.8745639324188232, 1.7284411191940308, 1.8710784912109375, 1.8767491579055786, 1.7474983930587769, 1.8969758749008179, 1.7683550119400024, 1.7300209999084473, 1.7379162311553955, 1.688186764717102, 1.8087103366851807, 1.8354129791259766, 1.8081499338150024, 1.8312597274780273, 1.8690273761749268, 1.7552098035812378, 1.762953281402588, 1.770546317100525, 1.7458237409591675, 1.9058523178100586, 1.7602324485778809, 1.8183786869049072, 1.6960301399230957, 1.8183667659759521]",sae,Pre-64
1,beta,43,0.026,0.4515364523902173,0.4432102910589974,0.4472885292552025,0.5,0.6060785767234989,0.7044521868050407,30,"[0, 1, 2, 3, 4, 5, 6, 7, 8, 9, 10, 11, 12, 13, 14, 15, 16, 17, 18, 19, 20, 21, 22, 23, 24, 25, 26, 27, 28, 29]","[1.9064586162567139, 1.9093818664550781, 1.9916876554489136, 1.841934084892273, 1.8473821878433228, 1.7808843851089478, 1.825887680053711, 1.828742504119873, 1.8385655879974365, 1.7954531908035278, 1.7455861568450928, 2.023186445236206, 1.9425182342529297, 1.892571210861206, 1.84028160572052, 1.841954231262207, 1.965593695640564, 1.8373664617538452, 1.8932970762252808, 1.9117597341537476, 1.8477863073349, 1.82349693775177, 2.0035994052886963, 1.811980128288269, 1.8146986961364746, 1.8023890256881714, 2.0201637744903564, 1.8377339839935303, 1.9491037130355835, 2.0102031230926514]",sae,Pre-64
1,beta,2,0.034,0.4419681213812466,0.4306250660512843,0.43105286501459,0.5,0.6028191218064636,0.6899110910186859,30,"[0, 1, 2, 3, 4, 5, 6, 7, 8, 9, 10, 11, 12, 13, 14, 15, 16, 17, 18, 19, 20, 21, 22, 23, 24, 25, 26, 27, 28, 29]","[1.5775166749954224, 1.5616416931152344, 1.5459457635879517, 1.6578515768051147, 1.594097375869751, 1.7052502632141113, 1.5775480270385742, 1.5977824926376343, 1.5436919927597046, 1.5914522409439087, 1.623123049736023, 1.5241897106170654, 1.6387245655059814, 1.700627326965332, 1.6552327871322632, 1.6280330419540405, 1.6681878566741943, 1.7284011840820312, 1.729025959968567, 1.7002320289611816, 1.6142873764038086, 1.5597782135009766, 1.6734700202941895, 1.695067286491394, 1.5408109426498413, 1.5669537782669067, 1.6565383672714233, 1.635327696800232, 1.4163810014724731, 1.72622811794281]",sae,Pre-64
1,beta,19,0.002,0.4469965829377276,0.435497383761294,0.4323499728335048,0.5,0.6104665954706788,0.7184376668655967,30,"[0, 1, 2, 3, 4, 5, 6, 7, 8, 9, 10, 11, 12, 13, 14, 15, 16, 17, 18, 19, 20, 21, 22, 23, 24, 25, 26, 27, 28, 29]","[2.4994616508483887, 2.808041572570801, 2.68235182762146, 2.5391812324523926, 2.806734561920166, 2.8475072383880615, 2.7444517612457275, 2.575197458267212, 2.765190839767456, 2.8632633686065674, 2.843388557434082, 2.849752187728882, 2.822361469268799, 2.4538214206695557, 2.7648887634277344, 2.6822142601013184, 2.644726276397705, 2.8664374351501465, 2.441157341003418, 2.4181697368621826, 2.8663723468780518, 2.742553472518921, 2.7446141242980957, 2.411135196685791, 2.3595640659332275, 2.7924997806549072, 2.912750244140625, 2.844477891921997, 2.8323750495910645, 2.70428204536438]",sae,Pre-64
1,beta,29,0.034,0.4558655961502112,0.4409050416793991,0.4606371078556207,0.5,0.6296548282533407,0.6745497841271649,30,"[0, 1, 2, 3, 4, 5, 6, 7, 8, 9, 10, 11, 12, 13, 14, 15, 16, 17, 18, 19, 20, 21, 22, 23, 24, 25, 26, 27, 28, 29]","[1.638934850692749, 1.6701371669769287, 1.3594202995300293, 1.7618873119354248, 1.7009795904159546, 1.63096284866333, 1.7964226007461548, 1.602669358253479, 1.7134422063827515, 1.7545121908187866, 1.6633305549621582, 1.7335052490234375, 1.7510508298873901, 1.6536672115325928, 1.7179495096206665, 1.6549835205078125, 1.7112972736358643, 1.7015743255615234, 1.6487913131713867, 1.6785640716552734, 1.7644333839416504, 1.8076746463775635, 1.6777147054672241, 1.66843843460083, 1.7197531461715698, 1.5616686344146729, 1.638377070426941, 1.7817045450210571, 1.8163036108016968, 1.6232231855392456]",sae,Pre-64
1,beta,8,0.0155,0.4517491928182039,0.4406431065890545,0.456275053512188,0.5,0.6098144493254953,0.6797733494620233,30,"[0, 1, 2, 3, 4, 5, 6, 7, 8, 9, 10, 11, 12, 13, 14, 15, 16, 17, 18, 19, 20, 21, 22, 23, 24, 25, 26, 27, 28, 29]","[2.361717462539673, 2.3655591011047363, 2.2076892852783203, 2.1551239490509033, 2.428173065185547, 2.2442831993103027, 2.404421329498291, 2.3594019412994385, 2.0601909160614014, 2.2141966819763184, 2.5224599838256836, 2.433342695236206, 1.9845634698867798, 2.1345560550689697, 2.4552500247955322, 2.408637285232544, 2.1566739082336426, 2.382866621017456, 2.3168559074401855, 2.2708630561828613, 2.3626742362976074, 2.350583791732788, 2.4542055130004883, 2.3979854583740234, 2.481114387512207, 2.439135789871216, 2.1867635250091553, 2.426398754119873, 2.2535314559936523, 2.3518190383911133]",sae,Pre-64
1,beta,44,0.0159,0.4469012312759677,0.43811650775401,0.4799739802281897,0.5,0.5982762074796864,0.6268744881063913,30,"[0, 1, 2, 3, 4, 5, 6, 7, 8, 9, 10, 11, 12, 13, 14, 15, 16, 17, 18, 19, 20, 21, 22, 23, 24, 25, 26, 27, 28, 29]","[2.2215301990509033, 2.4824023246765137, 2.2523396015167236, 2.1506783962249756, 2.4370532035827637, 2.5554606914520264, 2.475801944732666, 2.410839080810547, 2.374101161956787, 2.6218700408935547, 2.274456739425659, 2.5638458728790283, 2.4809646606445312, 2.168851613998413, 2.581278085708618, 2.5383787155151367, 2.11702036857605, 2.454341411590576, 2.4663174152374268, 2.4827380180358887, 2.084296464920044, 2.309048891067505, 2.4527244567871094, 2.522028923034668, 2.4623591899871826, 2.4813337326049805, 2.3154098987579346, 2.4300403594970703, 2.376413583755493, 2.49875807762146]",sae,Pre-64
1,beta,36,0.025,0.4642138821845151,0.4576483090311837,0.47207389770207,0.5,0.6031055233182893,0.6747840684010896,30,"[0, 1, 2, 3, 4, 5, 6, 7, 8, 9, 10, 11, 12, 13, 14, 15, 16, 17, 18, 19, 20, 21, 22, 23, 24, 25, 26, 27, 28, 29]","[1.943253517150879, 1.9807010889053345, 1.7732338905334473, 1.9486318826675415, 1.7884180545806885, 1.982403039932251, 1.7861043214797974, 1.7917726039886475, 2.004516839981079, 1.8720983266830444, 1.8944026231765747, 1.9688040018081665, 1.8382269144058228, 1.8984345197677612, 1.7876428365707397, 1.977640151977539, 1.9302228689193726, 1.9098076820373535, 1.9865984916687012, 1.8265026807785034, 1.7677050828933716, 1.8992304801940918, 1.8769956827163696, 1.7918635606765747, 1.9418023824691772, 1.9501618146896362, 1.861432433128357, 1.9257566928863525, 1.9092429876327515, 1.8062387704849243]",sae,Pre-64
1,beta,36,0.006,0.4642138821845151,0.4576483090311837,0.4812680860316348,0.5,0.6031055233182893,0.6745706054216692,30,"[0, 1, 2, 3, 4, 5, 6, 7, 8, 9, 10, 11, 12, 13, 14, 15, 16, 17, 18, 19, 20, 21, 22, 23, 24, 25, 26, 27, 28, 29]","[2.6723034381866455, 2.6469781398773193, 2.5504579544067383, 2.5943973064422607, 2.3250763416290283, 2.6702353954315186, 2.5896685123443604, 2.2713329792022705, 2.671067237854004, 2.5966546535491943, 2.649911880493164, 2.6968483924865723, 2.354046583175659, 2.6427652835845947, 2.338655471801758, 2.6672143936157227, 2.7073254585266113, 2.524044990539551, 2.7407891750335693, 2.3850715160369873, 2.2746009826660156, 2.640516519546509, 2.646174669265747, 2.4649319648742676, 2.662947177886963, 2.54274582862854, 2.586333751678467, 2.491899251937866, 2.6117188930511475, 2.342060089111328]",sae,Pre-64
1,beta,14,0.0159,0.4467366851483266,0.4421697276018216,0.4581780025948077,0.5,0.5934222168898753,0.6887940730964771,30,"[0, 1, 2, 3, 4, 5, 6, 7, 8, 9, 10, 11, 12, 13, 14, 15, 16, 17, 18, 19, 20, 21, 22, 23, 24, 25, 26, 27, 28, 29]","[2.073460817337036, 2.252146005630493, 2.41698956489563, 2.3477678298950195, 2.150956630706787, 2.451991319656372, 2.068577766418457, 2.4162256717681885, 2.484485387802124, 2.5542118549346924, 2.3341994285583496, 2.4361939430236816, 2.4975337982177734, 2.5188822746276855, 2.3553009033203125, 2.191960334777832, 2.53015398979187, 2.5182406902313232, 2.310276985168457, 2.066771984100342, 2.102229118347168, 2.275475263595581, 2.4143617153167725, 2.1992347240448, 2.5476572513580322, 2.5095620155334473, 2.503659248352051, 2.45766282081604, 2.3459343910217285, 2.5286359786987305]",sae,Pre-64
1,beta,45,0.034,0.4515599815008028,0.4347157609968581,0.4519996810316969,0.5,0.6289673345145609,0.6772416821892084,30,"[0, 1, 2, 3, 4, 5, 6, 7, 8, 9, 10, 11, 12, 13, 14, 15, 16, 17, 18, 19, 20, 21, 22, 23, 24, 25, 26, 27, 28, 29]","[1.6981770992279053, 1.7006512880325317, 1.5798226594924927, 1.7778780460357666, 1.7788503170013428, 1.6297661066055298, 1.7792866230010986, 1.7682695388793945, 1.6281062364578247, 1.5779271125793457, 1.7113914489746094, 1.7783821821212769, 1.7461885213851929, 1.6500831842422485, 1.678167462348938, 1.684760570526123, 1.7060356140136719, 1.6257665157318115, 1.6868690252304077, 1.6828186511993408, 1.7416962385177612, 1.6233285665512085, 1.756410002708435, 1.6480015516281128, 1.5884385108947754, 1.7782338857650757, 1.619044303894043, 1.6321470737457275, 1.5705416202545166, 1.7824070453643799]",sae,Pre-64
1,beta,19,0.016,0.4469965829377276,0.435497383761294,0.4305555418828052,0.5,0.6104665954706788,0.7173477400508843,30,"[0, 1, 2, 3, 4, 5, 6, 7, 8, 9, 10, 11, 12, 13, 14, 15, 16, 17, 18, 19, 20, 21, 22, 23, 24, 25, 26, 27, 28, 29]","[2.1269195079803467, 2.4488797187805176, 2.309502363204956, 2.1599645614624023, 2.454122304916382, 2.4947872161865234, 2.3841030597686768, 2.1949875354766846, 2.4076061248779297, 2.497941255569458, 2.472032070159912, 2.482147216796875, 2.4625871181488037, 2.0744669437408447, 2.4116406440734863, 2.315335273742676, 2.2672879695892334, 2.5019302368164062, 2.0485920906066895, 2.035215377807617, 2.4956369400024414, 2.3812906742095947, 2.3832411766052246, 2.028003215789795, 1.975106120109558, 2.420078754425049, 2.552719831466675, 2.4895644187927246, 2.4787795543670654, 2.343226194381714]",sae,Pre-64
1,beta,11,0.029,0.4566976193509867,0.4496008864727478,0.441385234906398,0.5,0.5995106990682213,0.7119884581167768,30,"[0, 1, 2, 3, 4, 5, 6, 7, 8, 9, 10, 11, 12, 13, 14, 15, 16, 17, 18, 19, 20, 21, 22, 23, 24, 25, 26, 27, 28, 29]","[1.7547330856323242, 1.6060693264007568, 1.690582036972046, 1.6480069160461426, 1.7924059629440308, 1.633476734161377, 1.6673595905303955, 1.4961633682250977, 1.7713736295700073, 1.7694133520126343, 1.7752448320388794, 1.787514328956604, 1.8212826251983643, 1.692527413368225, 1.6779661178588867, 1.6735789775848389, 1.735163927078247, 1.625242829322815, 1.633994698524475, 1.7403486967086792, 1.6578264236450195, 1.7335004806518555, 1.7997320890426636, 1.712924599647522, 1.6660921573638916, 1.7549446821212769, 1.777974009513855, 1.6272839307785034, 1.6798511743545532, 1.6254576444625854]",sae,Pre-64
1,beta,13,0.012,0.4619123366083722,0.4531466051409948,0.4575175119394138,0.5,0.6127276801885291,0.7151219250929889,30,"[0, 1, 2, 3, 4, 5, 6, 7, 8, 9, 10, 11, 12, 13, 14, 15, 16, 17, 18, 19, 20, 21, 22, 23, 24, 25, 26, 27, 28, 29]","[2.583014726638794, 2.5704922676086426, 2.564539670944214, 2.4809436798095703, 2.299173355102539, 2.5926384925842285, 2.5606701374053955, 2.473572254180908, 2.274962902069092, 2.489405870437622, 2.5942845344543457, 2.468872547149658, 2.59778094291687, 2.25382137298584, 2.546255588531494, 2.470621109008789, 2.490506649017334, 2.494353771209717, 2.4657058715820312, 2.4286537170410156, 2.474849224090576, 2.246434450149536, 2.6106035709381104, 2.293884515762329, 2.134464740753174, 2.2246742248535156, 2.262427806854248, 2.244396209716797, 2.5449140071868896, 2.286529302597046]",sae,Pre-64
1,beta,4,0.0151,0.4589558369307028,0.4477177462853796,0.4888604810241757,0.5,0.61034827708266,0.650454776305462,30,"[0, 1, 2, 3, 4, 5, 6, 7, 8, 9, 10, 11, 12, 13, 14, 15, 16, 17, 18, 19, 20, 21, 22, 23, 24, 25, 26, 27, 28, 29]","[2.425018310546875, 2.496798276901245, 2.1750528812408447, 2.5405545234680176, 2.429973840713501, 2.4598865509033203, 2.5031321048736572, 2.416844606399536, 2.0503692626953125, 2.569049119949341, 2.2929534912109375, 2.4177937507629395, 2.565258264541626, 2.1137003898620605, 2.165860891342163, 2.3393397331237793, 2.485969305038452, 2.2629005908966064, 2.4699339866638184, 2.212057113647461, 2.4431405067443848, 2.2993674278259277, 2.1429662704467773, 2.3926780223846436, 2.5007431507110596, 2.5107369422912598, 2.442690849304199, 2.4575889110565186, 2.5268335342407227, 2.2237179279327393]",sae,Pre-64
1,beta,25,0.018,0.4465066892532915,0.4352791138475453,0.4656129611462338,0.5,0.6270054355300688,0.6555972804410612,30,"[0, 1, 2, 3, 4, 5, 6, 7, 8, 9, 10, 11, 12, 13, 14, 15, 16, 17, 18, 19, 20, 21, 22, 23, 24, 25, 26, 27, 28, 29]","[2.3160126209259033, 2.4347214698791504, 2.023890972137451, 2.380610466003418, 2.457824468612671, 2.4560160636901855, 2.479353189468384, 1.9834128618240356, 2.154275894165039, 2.2819406986236572, 2.490239381790161, 2.4063973426818848, 2.2591421604156494, 2.009105682373047, 2.275966167449951, 2.466257333755493, 2.409165859222412, 2.2106096744537354, 2.386444330215454, 2.401559829711914, 2.465348958969116, 2.338224411010742, 2.5043928623199463, 2.2629666328430176, 2.180483818054199, 2.042008876800537, 2.5380539894104004, 2.222726821899414, 2.47350811958313, 2.31831431388855]",sae,Pre-64
1,beta,12,0.022,0.4455148672091349,0.4361346773072694,0.4195409777204344,0.5,0.5892778403611032,0.7302710611067744,30,"[0, 1, 2, 3, 4, 5, 6, 7, 8, 9, 10, 11, 12, 13, 14, 15, 16, 17, 18, 19, 20, 21, 22, 23, 24, 25, 26, 27, 28, 29]","[1.6237094402313232, 1.7983691692352295, 1.6568118333816528, 1.6126635074615479, 1.8252685070037842, 1.7762764692306519, 1.7545491456985474, 1.7488574981689453, 1.806060791015625, 1.649532675743103, 1.632376790046692, 1.8561983108520508, 1.6779581308364868, 1.7569258213043213, 1.6159311532974243, 1.8581175804138184, 1.588831901550293, 1.8472293615341187, 1.737377643585205, 1.8523813486099243, 1.7947651147842407, 1.7501986026763916, 1.6534435749053955, 1.8539502620697021, 1.8411965370178223, 1.721130609512329, 1.8424018621444702, 1.754443645477295, 1.7010891437530518, 1.8551530838012695]",sae,Pre-64
1,beta,5,0.002,0.4445517550333296,0.4301735816232515,0.4548631086459314,0.5,0.6070910659257547,0.6795800178768995,30,"[0, 1, 2, 3, 4, 5, 6, 7, 8, 9, 10, 11, 12, 13, 14, 15, 16, 17, 18, 19, 20, 21, 22, 23, 24, 25, 26, 27, 28, 29]","[2.758437156677246, 2.5765390396118164, 2.3502578735351562, 2.7606992721557617, 2.699399948120117, 2.642024278640747, 2.7980945110321045, 2.4972379207611084, 2.7265851497650146, 2.445812940597534, 2.5797083377838135, 2.7368626594543457, 2.7797672748565674, 2.5603017807006836, 2.7238893508911133, 2.551666021347046, 2.520549774169922, 2.7079241275787354, 2.5939807891845703, 2.6868896484375, 2.7838947772979736, 2.6939003467559814, 2.6659200191497803, 2.4224767684936523, 2.559023141860962, 2.779017686843872, 2.506457805633545, 2.6797924041748047, 2.762812614440918, 2.7899763584136963]",sae,Pre-64
1,beta,0,0.008,0.4600628296558519,0.4487196928272481,0.4500355799172461,0.5,0.6146148452673732,0.7235679988562547,30,"[0, 1, 2, 3, 4, 5, 6, 7, 8, 9, 10, 11, 12, 13, 14, 15, 16, 17, 18, 19, 20, 21, 22, 23, 24, 25, 26, 27, 28, 29]","[2.4722719192504883, 2.305567741394043, 2.442798376083374, 2.6929357051849365, 2.3601441383361816, 2.4714643955230713, 2.7471702098846436, 2.719855308532715, 2.6376121044158936, 2.26609468460083, 2.5799880027770996, 2.2686824798583984, 2.437440872192383, 2.668811798095703, 2.7167625427246094, 2.257521867752075, 2.6222546100616455, 2.6015758514404297, 2.601360559463501, 2.637537717819214, 2.487771987915039, 2.625379800796509, 2.654916286468506, 2.5614004135131836, 2.624781847000122, 2.3906612396240234, 2.6735177040100098, 2.599609375, 2.740129232406616, 2.332927942276001]",sae,Pre-64
1,beta,7,0.01,0.4564836922581216,0.4420418003909208,0.4609372575403642,0.5,0.6095136152062148,0.697975227386992,30,"[0, 1, 2, 3, 4, 5, 6, 7, 8, 9, 10, 11, 12, 13, 14, 15, 16, 17, 18, 19, 20, 21, 22, 23, 24, 25, 26, 27, 28, 29]","[2.347780227661133, 2.3888556957244873, 2.6148815155029297, 2.671276330947876, 2.6236352920532227, 2.5974934101104736, 2.652599334716797, 2.2865710258483887, 2.6969587802886963, 2.2957446575164795, 2.500880479812622, 2.3247365951538086, 2.5852243900299072, 2.473186492919922, 2.6498594284057617, 2.4721643924713135, 2.4095711708068848, 2.6136293411254883, 2.387403964996338, 2.658055305480957, 2.453963041305542, 2.6820664405822754, 2.700005054473877, 2.5446743965148926, 2.4320974349975586, 2.707383155822754, 2.561551570892334, 2.6375744342803955, 2.665738344192505, 2.237398147583008]",sae,Pre-64
1,beta,18,0.014,0.4575117633693479,0.4471831599677374,0.4404657353368724,0.5,0.6052065040104606,0.7323732741745256,30,"[0, 1, 2, 3, 4, 5, 6, 7, 8, 9, 10, 11, 12, 13, 14, 15, 16, 17, 18, 19, 20, 21, 22, 23, 24, 25, 26, 27, 28, 29]","[2.4468722343444824, 2.372361183166504, 2.5027360916137695, 2.1575825214385986, 2.212479829788208, 2.2254605293273926, 2.564762830734253, 2.148589611053467, 2.2633140087127686, 2.2194461822509766, 2.548085927963257, 2.5017611980438232, 2.270075798034668, 2.463928461074829, 2.282635450363159, 2.4217772483825684, 2.451975107192993, 2.0956127643585205, 2.3421335220336914, 2.3392066955566406, 2.5495290756225586, 2.4170658588409424, 2.52618145942688, 2.4384572505950928, 2.5085020065307617, 2.3574678897857666, 2.4926564693450928, 2.5153677463531494, 2.319875955581665, 2.2160191535949707]",sae,Pre-64
1,beta,23,0.004,0.4478205607315014,0.4344954522622479,0.4532006134873722,0.5,0.6150139710231751,0.6833305345901959,30,"[0, 1, 2, 3, 4, 5, 6, 7, 8, 9, 10, 11, 12, 13, 14, 15, 16, 17, 18, 19, 20, 21, 22, 23, 24, 25, 26, 27, 28, 29]","[2.5257656574249268, 2.8216664791107178, 2.780097246170044, 2.7947545051574707, 2.6622602939605713, 2.6119296550750732, 2.7225139141082764, 2.3600144386291504, 2.3940157890319824, 2.8319106101989746, 2.827768325805664, 2.567993402481079, 2.489246129989624, 2.7357752323150635, 2.7837960720062256, 2.8114938735961914, 2.661924123764038, 2.411160945892334, 2.586153745651245, 2.460637092590332, 2.8085708618164062, 2.552560567855835, 2.6975409984588623, 2.834995746612549, 2.5595016479492188, 2.707167625427246, 2.334392547607422, 2.7239785194396973, 2.72462797164917, 2.8321645259857178]",sae,Pre-64
1,beta,8,0.035,0.4517491928182039,0.4406431065890545,0.4441827363219985,0.5,0.6098144493254953,0.6807339968732978,30,"[0, 1, 2, 3, 4, 5, 6, 7, 8, 9, 10, 11, 12, 13, 14, 15, 16, 17, 18, 19, 20, 21, 22, 23, 24, 25, 26, 27, 28, 29]","[1.6982152462005615, 1.8036038875579834, 1.6888741254806519, 1.6964021921157837, 1.8095736503601074, 1.7318174839019775, 1.7736132144927979, 1.668841004371643, 1.689345121383667, 1.779937744140625, 1.8094431161880493, 1.7237764596939087, 1.6291041374206543, 1.6889541149139404, 1.755889654159546, 1.6816116571426392, 1.6435840129852295, 1.727632999420166, 1.613332986831665, 1.7399715185165405, 1.6686203479766846, 1.622031569480896, 1.761949062347412, 1.7152540683746338, 1.7632949352264404, 1.7673386335372925, 1.666732668876648, 1.7481088638305664, 1.7392895221710205, 1.767642617225647]",sae,Pre-64
1,beta,23,0.022,0.4478205607315014,0.4344954522622479,0.450569113494599,0.5,0.6150139710231751,0.6826134512133686,30,"[0, 1, 2, 3, 4, 5, 6, 7, 8, 9, 10, 11, 12, 13, 14, 15, 16, 17, 18, 19, 20, 21, 22, 23, 24, 25, 26, 27, 28, 29]","[2.0639889240264893, 2.3734560012817383, 2.3315236568450928, 2.3402206897735596, 2.2211244106292725, 2.163830041885376, 2.255960702896118, 1.8842127323150635, 1.9269168376922607, 2.3817336559295654, 2.3808798789978027, 2.105592966079712, 2.026738166809082, 2.2859861850738525, 2.338013172149658, 2.3538639545440674, 2.2210793495178223, 1.9251559972763062, 2.1363701820373535, 2.0025761127471924, 2.359511613845825, 2.077608585357666, 2.2539587020874023, 2.3819849491119385, 2.0790419578552246, 2.259559154510498, 1.8534895181655884, 2.2684597969055176, 2.2826433181762695, 2.378328561782837]",sae,Pre-64
1,beta,5,0.02,0.4445517550333296,0.4301735816232515,0.4523522101156333,0.5,0.6070910659257547,0.6789877674502915,30,"[0, 1, 2, 3, 4, 5, 6, 7, 8, 9, 10, 11, 12, 13, 14, 15, 16, 17, 18, 19, 20, 21, 22, 23, 24, 25, 26, 27, 28, 29]","[2.3168256282806396, 2.14422607421875, 1.89596426486969, 2.3263957500457764, 2.2503373622894287, 2.193629026412964, 2.3690237998962402, 2.045426368713379, 2.294329881668091, 2.0070748329162598, 2.1363589763641357, 2.2902991771698, 2.352602243423462, 2.1154654026031494, 2.289243698120117, 2.107980489730835, 2.0687010288238525, 2.26114821434021, 2.164720058441162, 2.2573401927948, 2.3447353839874268, 2.2624008655548096, 2.211116075515747, 1.9579609632492065, 2.1136057376861572, 2.3463246822357178, 2.066214084625244, 2.240572214126587, 2.329230546951294, 2.3631839752197266]",sae,Pre-64
1,beta,32,0.002,0.4555596844830426,0.4475674839123162,0.4913621218567527,0.5,0.5924839124839124,0.6441419378562236,30,"[0, 1, 2, 3, 4, 5, 6, 7, 8, 9, 10, 11, 12, 13, 14, 15, 16, 17, 18, 19, 20, 21, 22, 23, 24, 25, 26, 27, 28, 29]","[2.840066432952881, 2.7931137084960938, 2.8947956562042236, 2.8470609188079834, 2.8134419918060303, 2.538297653198242, 2.7505440711975098, 2.7851688861846924, 2.760901927947998, 2.6781320571899414, 2.6118927001953125, 2.801534652709961, 2.8405463695526123, 2.5031309127807617, 2.5181941986083984, 2.4782841205596924, 2.726958751678467, 2.736117124557495, 2.5267996788024902, 2.7560789585113525, 2.8459439277648926, 2.646596670150757, 2.51887583732605, 2.8233442306518555, 2.6732513904571533, 2.720918893814087, 2.8529975414276123, 2.7849013805389404, 2.7559168338775635, 2.803833246231079]",sae,Pre-64
1,beta,37,0.015,0.4546908257221888,0.444978337644671,0.4471422716643567,0.5,0.6058579085235571,0.7150957859031155,30,"[0, 1, 2, 3, 4, 5, 6, 7, 8, 9, 10, 11, 12, 13, 14, 15, 16, 17, 18, 19, 20, 21, 22, 23, 24, 25, 26, 27, 28, 29]","[2.1708757877349854, 2.416046619415283, 2.173178195953369, 2.325014114379883, 2.394965410232544, 2.4773354530334473, 2.4895200729370117, 2.114441394805908, 2.1517953872680664, 2.278151273727417, 2.3741295337677, 2.1715269088745117, 2.423532247543335, 2.339970350265503, 2.4923770427703857, 2.1747944355010986, 2.3605844974517822, 2.4248063564300537, 2.2341060638427734, 2.1994855403900146, 2.3502001762390137, 2.508652925491333, 2.4729275703430176, 2.4664015769958496, 2.421494245529175, 2.472902774810791, 2.4688618183135986, 2.4828343391418457, 2.4800562858581543, 2.4788243770599365]",sae,Pre-64
1,beta,32,0.02,0.4555596844830426,0.4475674839123162,0.4880139343957439,0.5,0.5924839124839124,0.6424563338849053,30,"[0, 1, 2, 3, 4, 5, 6, 7, 8, 9, 10, 11, 12, 13, 14, 15, 16, 17, 18, 19, 20, 21, 22, 23, 24, 25, 26, 27, 28, 29]","[2.3656983375549316, 2.307687520980835, 2.4032809734344482, 2.3509573936462402, 2.327704906463623, 2.067967176437378, 2.2699666023254395, 2.3005588054656982, 2.2885658740997314, 2.188894271850586, 2.166773557662964, 2.3222806453704834, 2.349348306655884, 2.045687198638916, 2.0566842555999756, 2.0247440338134766, 2.2387516498565674, 2.275247097015381, 2.0737106800079346, 2.2599027156829834, 2.378781795501709, 2.1936562061309814, 2.0717036724090576, 2.3603549003601074, 2.210592746734619, 2.229724645614624, 2.38199520111084, 2.299034357070923, 2.2651593685150146, 2.3225369453430176]",sae,Pre-64
1,beta,37,0.032,0.4546908257221888,0.444978337644671,0.4367245886997542,0.5,0.6058579085235571,0.7180321338467668,30,"[0, 1, 2, 3, 4, 5, 6, 7, 8, 9, 10, 11, 12, 13, 14, 15, 16, 17, 18, 19, 20, 21, 22, 23, 24, 25, 26, 27, 28, 29]","[1.644628882408142, 1.7005200386047363, 1.6754364967346191, 1.6642088890075684, 1.6160058975219727, 1.7288942337036133, 1.7508355379104614, 1.6995906829833984, 1.7501240968704224, 1.7186131477355957, 1.6883548498153687, 1.6698929071426392, 1.7036848068237305, 1.7442723512649536, 1.7714322805404663, 1.7000352144241333, 1.714646577835083, 1.7214946746826172, 1.7153561115264893, 1.686440110206604, 1.7474263906478882, 1.755540132522583, 1.7784343957901, 1.7551969289779663, 1.7138543128967285, 1.7504128217697144, 1.720995545387268, 1.7721049785614014, 1.7470296621322632, 1.7671915292739868]",sae,Pre-64
1,beta,9,0.006,0.448644851968101,0.4348910401892977,0.4747127373310644,0.5,0.6286670530281078,0.6719313242538395,30,"[0, 1, 2, 3, 4, 5, 6, 7, 8, 9, 10, 11, 12, 13, 14, 15, 16, 17, 18, 19, 20, 21, 22, 23, 24, 25, 26, 27, 28, 29]","[2.730598211288452, 2.413106679916382, 2.8447721004486084, 2.7810230255126953, 2.498986005783081, 2.5563392639160156, 2.724440097808838, 2.766012191772461, 2.836435317993164, 2.6032097339630127, 2.5208616256713867, 2.648611307144165, 2.4420700073242188, 2.754328727722168, 2.8135828971862793, 2.5103368759155273, 2.7378978729248047, 2.771634340286255, 2.7884960174560547, 2.4550676345825195, 2.8149890899658203, 2.810328483581543, 2.45124888420105, 2.81404185295105, 2.71850323677063, 2.819451093673706, 2.7796263694763184, 2.693990468978882, 2.5733540058135986, 2.780958890914917]",sae,Pre-64
1,beta,48,0.038,0.4556814132376,0.4510566266980289,0.4933436302880339,0.5,0.5923878577171784,0.5936293217670974,30,"[0, 1, 2, 3, 4, 5, 6, 7, 8, 9, 10, 11, 12, 13, 14, 15, 16, 17, 18, 19, 20, 21, 22, 23, 24, 25, 26, 27, 28, 29]","[1.7330567836761475, 1.6654530763626099, 1.6320476531982422, 1.6114156246185303, 1.6174426078796387, 1.5403916835784912, 1.6403181552886963, 1.6107326745986938, 1.6139447689056396, 1.5905488729476929, 1.6852807998657227, 1.6157896518707275, 1.6661726236343384, 1.6123353242874146, 1.5808888673782349, 1.6402186155319214, 1.7197763919830322, 1.679166555404663, 1.693900465965271, 1.5816285610198975, 1.6053175926208496, 1.726988434791565, 1.7360364198684692, 1.5713415145874023, 1.6142990589141846, 1.7028599977493286, 1.70176100730896, 1.7382699251174927, 1.591768741607666, 1.6527118682861328]",sae,Pre-64
1,beta,5,0.028,0.4445517550333296,0.4301735816232515,0.4380159061017167,0.5,0.6070910659257547,0.6822052968127863,30,"[0, 1, 2, 3, 4, 5, 6, 7, 8, 9, 10, 11, 12, 13, 14, 15, 16, 17, 18, 19, 20, 21, 22, 23, 24, 25, 26, 27, 28, 29]","[1.7927919626235962, 1.6108508110046387, 1.603576898574829, 1.7636961936950684, 1.7607132196426392, 1.7458021640777588, 1.7148371934890747, 1.6411759853363037, 1.7260438203811646, 1.6128255128860474, 1.737731695175171, 1.7774752378463745, 1.7352313995361328, 1.6942464113235474, 1.7581053972244263, 1.7376980781555176, 1.7180074453353882, 1.7666585445404053, 1.625443696975708, 1.7019355297088623, 1.7830885648727417, 1.6847431659698486, 1.8085256814956665, 1.6142871379852295, 1.7207257747650146, 1.778516411781311, 1.6225725412368774, 1.7225922346115112, 1.752315878868103, 1.7355295419692993]",sae,Pre-64
1,beta,14,0.012,0.4467366851483266,0.4421697276018216,0.4590240948311776,0.5,0.5934222168898753,0.6886860930727815,30,"[0, 1, 2, 3, 4, 5, 6, 7, 8, 9, 10, 11, 12, 13, 14, 15, 16, 17, 18, 19, 20, 21, 22, 23, 24, 25, 26, 27, 28, 29]","[2.181950569152832, 2.3518331050872803, 2.5143659114837646, 2.4502084255218506, 2.2579071521759033, 2.5502727031707764, 2.1733686923980713, 2.519524574279785, 2.5821690559387207, 2.6524112224578857, 2.4332375526428223, 2.535907506942749, 2.5971336364746094, 2.618128776550293, 2.456857204437256, 2.2947869300842285, 2.6300954818725586, 2.618354558944702, 2.414052724838257, 2.1713943481445312, 2.208726167678833, 2.3766891956329346, 2.5132195949554443, 2.3017477989196777, 2.646185874938965, 2.609793186187744, 2.601912498474121, 2.559948682785034, 2.450132131576538, 2.625706434249878]",sae,Pre-64
1,beta,15,0.005,0.4529015220185267,0.4424399871594601,0.4537918839683406,0.5,0.6161071485640408,0.7122561338775983,30,"[0, 1, 2, 3, 4, 5, 6, 7, 8, 9, 10, 11, 12, 13, 14, 15, 16, 17, 18, 19, 20, 21, 22, 23, 24, 25, 26, 27, 28, 29]","[2.6492035388946533, 2.6874427795410156, 2.7149932384490967, 2.58652663230896, 2.7392666339874268, 2.408656120300293, 2.422778367996216, 2.3403937816619873, 2.646991014480591, 2.586057186126709, 2.7339446544647217, 2.5557539463043213, 2.679124116897583, 2.577634572982788, 2.3368914127349854, 2.704254627227783, 2.490078926086426, 2.823289632797241, 2.514826774597168, 2.7109720706939697, 2.6334428787231445, 2.7888479232788086, 2.3339202404022217, 2.6807005405426025, 2.673007011413574, 2.655024528503418, 2.8005757331848145, 2.8355178833007812, 2.5997633934020996, 2.518995761871338]",sae,Pre-64
1,beta,15,0.024,0.4529015220185267,0.4424399871594601,0.4442128105182455,0.5,0.6161071485640408,0.7113961562486382,30,"[0, 1, 2, 3, 4, 5, 6, 7, 8, 9, 10, 11, 12, 13, 14, 15, 16, 17, 18, 19, 20, 21, 22, 23, 24, 25, 26, 27, 28, 29]","[1.8186272382736206, 1.8510321378707886, 1.8955883979797363, 1.8254008293151855, 1.972527265548706, 1.8228743076324463, 1.7977615594863892, 1.792180061340332, 1.9099136590957642, 1.9163802862167358, 1.8735557794570923, 1.8455764055252075, 2.001572370529175, 1.8994859457015991, 1.7212364673614502, 1.881317138671875, 1.7874459028244019, 2.0195791721343994, 1.748701572418213, 1.87532639503479, 1.9254735708236694, 1.9694583415985107, 1.7628164291381836, 1.8632020950317383, 1.9053070545196533, 1.773065447807312, 1.9811674356460571, 1.9888650178909302, 1.9123468399047852, 1.8236786127090454]",sae,Pre-64
1,beta,11,0.004,0.4566976193509867,0.4496008864727478,0.4518278068549011,0.5,0.5995106990682213,0.715688942735403,30,"[0, 1, 2, 3, 4, 5, 6, 7, 8, 9, 10, 11, 12, 13, 14, 15, 16, 17, 18, 19, 20, 21, 22, 23, 24, 25, 26, 27, 28, 29]","[2.5224061012268066, 2.729536294937134, 2.7310731410980225, 2.751302480697632, 2.7016959190368652, 2.690840005874634, 2.7344775199890137, 2.454559564590454, 2.780641794204712, 2.741523265838623, 2.747554063796997, 2.773196220397949, 2.81664776802063, 2.7463433742523193, 2.56965708732605, 2.7513043880462646, 2.5813534259796143, 2.4128530025482178, 2.4021308422088623, 2.6030097007751465, 2.4326181411743164, 2.7812933921813965, 2.7496936321258545, 2.5983715057373047, 2.4221842288970947, 2.6744017601013184, 2.776801586151123, 2.4536731243133545, 2.7265288829803467, 2.3996422290802]",sae,Pre-64
1,beta,13,0.036,0.4619123366083722,0.4531466051409948,0.4456332039044465,0.5,0.6127276801885291,0.7115658646385519,30,"[0, 1, 2, 3, 4, 5, 6, 7, 8, 9, 10, 11, 12, 13, 14, 15, 16, 17, 18, 19, 20, 21, 22, 23, 24, 25, 26, 27, 28, 29]","[1.7675408124923706, 1.6309161186218262, 1.7492719888687134, 1.6619445085525513, 1.659295678138733, 1.7573552131652832, 1.6856175661087036, 1.673593282699585, 1.6950533390045166, 1.6688354015350342, 1.7634966373443604, 1.6442488431930542, 1.7419867515563965, 1.6733695268630981, 1.7474329471588135, 1.6135615110397339, 1.6538070440292358, 1.7000142335891724, 1.716567039489746, 1.6698265075683594, 1.6666926145553589, 1.6169716119766235, 1.707014560699463, 1.6205127239227295, 1.6425930261611938, 1.6097332239151, 1.6647099256515503, 1.5997662544250488, 1.7154659032821655, 1.6582118272781372]",sae,Pre-64
1,beta,6,0.002,0.4540822999211705,0.4457917896713532,0.4664526432292858,0.5,0.5933447799067053,0.6654505948672755,30,"[0, 1, 2, 3, 4, 5, 6, 7, 8, 9, 10, 11, 12, 13, 14, 15, 16, 17, 18, 19, 20, 21, 22, 23, 24, 25, 26, 27, 28, 29]","[2.490114450454712, 2.7579617500305176, 2.424731731414795, 2.7843148708343506, 2.625013589859009, 2.7056145668029785, 2.6930508613586426, 2.709407091140747, 2.413205146789551, 2.739777088165283, 2.7019026279449463, 2.6032862663269043, 2.7164738178253174, 2.5849006175994873, 2.5123817920684814, 2.7878966331481934, 2.495572090148926, 2.505460739135742, 2.507139205932617, 2.680887460708618, 2.5480599403381348, 2.600903272628784, 2.730238437652588, 2.4003117084503174, 2.6704094409942627, 2.6227474212646484, 2.7629518508911133, 2.422945261001587, 2.4203906059265137, 2.736530065536499]",sae,Pre-64
1,beta,3,0.005,0.4557259332451328,0.444824285747971,0.4941610701481547,0.5,0.6042731979176,0.6514538354140953,30,"[0, 1, 2, 3, 4, 5, 6, 7, 8, 9, 10, 11, 12, 13, 14, 15, 16, 17, 18, 19, 20, 21, 22, 23, 24, 25, 26, 27, 28, 29]","[2.6936581134796143, 2.5457053184509277, 2.739335775375366, 2.678410768508911, 2.773728609085083, 2.7163827419281006, 2.7892911434173584, 2.8240272998809814, 2.7036666870117188, 2.8458800315856934, 2.7488644123077393, 2.847487211227417, 2.7719435691833496, 2.8349690437316895, 2.8424644470214844, 2.52571964263916, 2.422909736633301, 2.747736930847168, 2.6655333042144775, 2.5011653900146484, 2.7241878509521484, 2.444323778152466, 2.480161666870117, 2.844238758087158, 2.8100085258483887, 2.7989821434020996, 2.5370771884918213, 2.766298294067383, 2.820103406906128, 2.858548879623413]",sae,Pre-64
1,beta,30,0.0151,0.4638407167611665,0.4544841508273655,0.4514644714393541,0.5,0.6043368975359404,0.7043685757993985,30,"[0, 1, 2, 3, 4, 5, 6, 7, 8, 9, 10, 11, 12, 13, 14, 15, 16, 17, 18, 19, 20, 21, 22, 23, 24, 25, 26, 27, 28, 29]","[2.491727828979492, 2.4865126609802246, 2.2018892765045166, 2.268526077270508, 2.2327260971069336, 2.37136173248291, 2.233313798904419, 2.1851656436920166, 2.1929266452789307, 2.440214157104492, 2.071279764175415, 2.324016809463501, 2.3434131145477295, 2.3142247200012207, 2.488983392715454, 2.4925615787506104, 2.4225587844848633, 2.358586072921753, 2.4870998859405518, 2.161355495452881, 2.539389133453369, 2.4644477367401123, 2.57600474357605, 2.479429006576538, 2.2438416481018066, 2.4157514572143555, 2.3085553646087646, 2.410146951675415, 2.45054030418396, 2.149308204650879]",sae,Pre-64
1,beta,45,0.005,0.4515599815008028,0.4347157609968581,0.4690318372947568,0.5,0.6289673345145609,0.6779655626732088,30,"[0, 1, 2, 3, 4, 5, 6, 7, 8, 9, 10, 11, 12, 13, 14, 15, 16, 17, 18, 19, 20, 21, 22, 23, 24, 25, 26, 27, 28, 29]","[2.7696259021759033, 2.816729784011841, 2.637359142303467, 2.8556907176971436, 2.8346619606018066, 2.779802083969116, 2.811610460281372, 2.799440383911133, 2.454596519470215, 2.341034173965454, 2.5678389072418213, 2.839024066925049, 2.725529432296753, 2.7983083724975586, 2.544238328933716, 2.7634127140045166, 2.6340019702911377, 2.737037181854248, 2.7114148139953613, 2.7411181926727295, 2.7717032432556152, 2.412343978881836, 2.577054977416992, 2.7136497497558594, 2.7432761192321777, 2.6863622665405273, 2.418274164199829, 2.4663784503936768, 2.6530892848968506, 2.8178839683532715]",sae,Pre-64
1,beta,3,0.024,0.4557259332451328,0.444824285747971,0.4767000750219335,0.5,0.6042731979176,0.6517501235738423,30,"[0, 1, 2, 3, 4, 5, 6, 7, 8, 9, 10, 11, 12, 13, 14, 15, 16, 17, 18, 19, 20, 21, 22, 23, 24, 25, 26, 27, 28, 29]","[1.8086962699890137, 1.7798701524734497, 1.8004956245422363, 1.8573517799377441, 1.8013861179351807, 1.909118413925171, 1.7841335535049438, 1.904071569442749, 1.6585968732833862, 1.8780205249786377, 1.7955677509307861, 1.9076842069625854, 1.8142948150634766, 1.8827815055847168, 1.8903751373291016, 1.803009271621704, 1.752817988395691, 1.8477517366409302, 1.8389769792556763, 1.7819665670394897, 1.7040342092514038, 1.7492506504058838, 1.758204460144043, 1.8956408500671387, 1.875024437904358, 1.8162261247634888, 1.789427399635315, 1.8109146356582642, 1.8879081010818481, 1.8230717182159424]",sae,Pre-64
1,beta,37,0.022,0.4546908257221888,0.444978337644671,0.446169313354299,0.5,0.6058579085235571,0.7154654699967408,30,"[0, 1, 2, 3, 4, 5, 6, 7, 8, 9, 10, 11, 12, 13, 14, 15, 16, 17, 18, 19, 20, 21, 22, 23, 24, 25, 26, 27, 28, 29]","[2.015017509460449, 2.261885404586792, 2.011219024658203, 2.1725902557373047, 2.245763063430786, 2.3265557289123535, 2.334850788116455, 1.9486653804779053, 1.9894872903823853, 2.1202783584594727, 2.2210490703582764, 2.0147476196289062, 2.272480010986328, 2.1814379692077637, 2.339803695678711, 2.0143117904663086, 2.2038276195526123, 2.2710976600646973, 2.075160026550293, 2.0392019748687744, 2.192063808441162, 2.358274459838867, 2.319584608078003, 2.3130335807800293, 2.271056890487671, 2.318887710571289, 2.317640781402588, 2.3293869495391846, 2.327369451522827, 2.325894594192505]",sae,Pre-64
1,beta,41,0.018,0.4543678569363413,0.4427951465832617,0.4713478895861837,0.5,0.6190905384235713,0.6757212243467312,30,"[0, 1, 2, 3, 4, 5, 6, 7, 8, 9, 10, 11, 12, 13, 14, 15, 16, 17, 18, 19, 20, 21, 22, 23, 24, 25, 26, 27, 28, 29]","[2.0009355545043945, 2.4708311557769775, 2.3208723068237305, 2.290933609008789, 2.144822359085083, 2.4996955394744873, 2.337717056274414, 2.4639413356781006, 2.3287718296051025, 2.4573793411254883, 2.4857544898986816, 2.4198291301727295, 2.1382102966308594, 2.2771589756011963, 2.450636148452759, 2.0479531288146973, 2.3707275390625, 2.4505128860473633, 2.364171266555786, 2.25227952003479, 2.1899285316467285, 2.4394025802612305, 2.3727242946624756, 2.2292442321777344, 2.374589204788208, 2.0112411975860596, 2.1731038093566895, 2.4641098976135254, 2.212461233139038, 2.1751105785369873]",sae,Pre-64
1,beta,41,0.04,0.4543678569363413,0.4427951465832617,0.4594834556486074,0.5,0.6190905384235713,0.6771017976065294,30,"[0, 1, 2, 3, 4, 5, 6, 7, 8, 9, 10, 11, 12, 13, 14, 15, 16, 17, 18, 19, 20, 21, 22, 23, 24, 25, 26, 27, 28, 29]","[1.6628665924072266, 1.806755542755127, 1.7579096555709839, 1.6478617191314697, 1.6772300004959106, 1.8559296131134033, 1.6843613386154175, 1.7764103412628174, 1.7083433866500854, 1.8200688362121582, 1.8292903900146484, 1.7649211883544922, 1.764124870300293, 1.8079394102096558, 1.8358887434005737, 1.6986865997314453, 1.7807680368423462, 1.7854657173156738, 1.8375728130340576, 1.7899079322814941, 1.6954773664474487, 1.7490872144699097, 1.7273356914520264, 1.7721352577209473, 1.7168537378311157, 1.6715093851089478, 1.8032962083816528, 1.8204413652420044, 1.776658058166504, 1.6616407632827759]",sae,Pre-64
1,beta,8,0.01,0.4517491928182039,0.4406431065890545,0.4565972443819544,0.5,0.6098144493254953,0.6806462794366277,30,"[0, 1, 2, 3, 4, 5, 6, 7, 8, 9, 10, 11, 12, 13, 14, 15, 16, 17, 18, 19, 20, 21, 22, 23, 24, 25, 26, 27, 28, 29]","[2.502199172973633, 2.5114078521728516, 2.3533413410186768, 2.3066556453704834, 2.5710251331329346, 2.388725996017456, 2.5423824787139893, 2.4987103939056396, 2.207815170288086, 2.363067626953125, 2.661309003829956, 2.5739457607269287, 2.136483907699585, 2.2752556800842285, 2.5940113067626953, 2.5463969707489014, 2.299694061279297, 2.5235095024108887, 2.4546096324920654, 2.415391683578491, 2.5004327297210693, 2.4879183769226074, 2.593690872192383, 2.5384390354156494, 2.620279550552368, 2.578883409500122, 2.33136248588562, 2.5673294067382812, 2.3982303142547607, 2.4949944019317627]",sae,Pre-64
1,beta,24,0.004,0.4501416387440968,0.4383559369047743,0.4659932453316763,0.5,0.6188330126613704,0.6514585402184707,30,"[0, 1, 2, 3, 4, 5, 6, 7, 8, 9, 10, 11, 12, 13, 14, 15, 16, 17, 18, 19, 20, 21, 22, 23, 24, 25, 26, 27, 28, 29]","[2.755535840988159, 2.676431179046631, 2.583102226257324, 2.7980570793151855, 2.794710397720337, 2.342367649078369, 2.7652719020843506, 2.7819631099700928, 2.856168508529663, 2.753303289413452, 2.580704689025879, 2.434002637863159, 2.850236177444458, 2.8483612537384033, 2.50289249420166, 2.4411988258361816, 2.8412487506866455, 2.693589925765991, 2.751141309738159, 2.78792405128479, 2.7823784351348877, 2.779937982559204, 2.388577938079834, 2.740401268005371, 2.35969877243042, 2.5573015213012695, 2.6275932788848877, 2.3663156032562256, 2.8543741703033447, 2.75547456741333]",sae,Pre-64
1,beta,23,0.032,0.4478205607315014,0.4344954522622479,0.440650495508509,0.5,0.6150139710231751,0.6773487884467884,30,"[0, 1, 2, 3, 4, 5, 6, 7, 8, 9, 10, 11, 12, 13, 14, 15, 16, 17, 18, 19, 20, 21, 22, 23, 24, 25, 26, 27, 28, 29]","[1.7041711807250977, 1.8184903860092163, 1.8054507970809937, 1.8548316955566406, 1.633719801902771, 1.70668625831604, 1.8653554916381836, 1.6755762100219727, 1.65497624874115, 1.8527964353561401, 1.8472390174865723, 1.786285161972046, 1.790936827659607, 1.7404701709747314, 1.8109999895095825, 1.8575466871261597, 1.6118119955062866, 1.699347972869873, 1.6809062957763672, 1.7157659530639648, 1.84586501121521, 1.834572196006775, 1.7041680812835693, 1.8624837398529053, 1.8403265476226807, 1.7550429105758667, 1.6406422853469849, 1.8044923543930054, 1.7101491689682007, 1.8870824575424194]",sae,Pre-64
1,beta,38,0.032,0.4455661720406026,0.4298851252298221,0.449407554423505,0.5,0.6303640517897944,0.6572246763137852,30,"[0, 1, 2, 3, 4, 5, 6, 7, 8, 9, 10, 11, 12, 13, 14, 15, 16, 17, 18, 19, 20, 21, 22, 23, 24, 25, 26, 27, 28, 29]","[1.7252840995788574, 1.7353299856185913, 1.6882147789001465, 1.8379380702972412, 1.7779438495635986, 1.6730120182037354, 1.8327676057815552, 1.7522002458572388, 1.6933512687683105, 1.7615861892700195, 1.697308897972107, 1.8201608657836914, 1.7994163036346436, 1.714401364326477, 1.8323113918304443, 1.7541587352752686, 1.698669195175171, 1.8021177053451538, 1.6668463945388794, 1.7820816040039062, 1.7505104541778564, 1.729448914527893, 1.8040980100631714, 1.6708406209945679, 1.7401797771453857, 1.8326607942581177, 1.709228277206421, 1.8049089908599854, 1.7361862659454346, 1.8171080350875854]",sae,Pre-64
1,beta,38,0.015,0.4455661720406026,0.4298851252298221,0.4680185810490281,0.5,0.6303640517897944,0.6510891089108911,30,"[0, 1, 2, 3, 4, 5, 6, 7, 8, 9, 10, 11, 12, 13, 14, 15, 16, 17, 18, 19, 20, 21, 22, 23, 24, 25, 26, 27, 28, 29]","[2.5252811908721924, 2.575706958770752, 2.1889216899871826, 2.6343677043914795, 2.3294074535369873, 2.5325751304626465, 2.643272638320923, 2.2154040336608887, 2.516526222229004, 2.430182695388794, 2.195887804031372, 2.5144219398498535, 2.582080841064453, 2.118459463119507, 2.6294541358947754, 2.325619697570801, 2.516238212585449, 2.558302640914917, 2.293541193008423, 2.5736567974090576, 2.350022077560425, 2.4896633625030518, 2.5256264209747314, 2.1590793132781982, 2.295896530151367, 2.598506450653076, 2.497459650039673, 2.5865068435668945, 2.3649399280548096, 2.5524704456329346]",sae,Pre-64
1,beta,6,0.02,0.4540822999211705,0.4457917896713532,0.4641238014756397,0.5,0.5933447799067053,0.6657210581496057,30,"[0, 1, 2, 3, 4, 5, 6, 7, 8, 9, 10, 11, 12, 13, 14, 15, 16, 17, 18, 19, 20, 21, 22, 23, 24, 25, 26, 27, 28, 29]","[2.0802488327026367, 2.3761377334594727, 2.0229225158691406, 2.393636465072632, 2.2403783798217773, 2.322925329208374, 2.3161606788635254, 2.336923360824585, 2.0111145973205566, 2.358339309692383, 2.3284058570861816, 2.2178921699523926, 2.3453991413116455, 2.2092082500457764, 2.1477200984954834, 2.401017904281616, 2.0859827995300293, 2.095757007598877, 2.0918662548065186, 2.3062994480133057, 2.141866445541382, 2.2233998775482178, 2.351701259613037, 1.9893320798873901, 2.2881999015808105, 2.22379469871521, 2.382383108139038, 2.018578290939331, 2.0027191638946533, 2.36040997505188]",sae,Pre-64
1,beta,11,0.015,0.4566976193509867,0.4496008864727478,0.4507155815171305,0.5,0.5995106990682213,0.7148973404504377,30,"[0, 1, 2, 3, 4, 5, 6, 7, 8, 9, 10, 11, 12, 13, 14, 15, 16, 17, 18, 19, 20, 21, 22, 23, 24, 25, 26, 27, 28, 29]","[2.2236621379852295, 2.449129581451416, 2.447305202484131, 2.4646522998809814, 2.4019551277160645, 2.4096269607543945, 2.4518237113952637, 2.16682505607605, 2.4909558296203613, 2.448152780532837, 2.4563252925872803, 2.483464241027832, 2.5287764072418213, 2.4646198749542236, 2.274790048599243, 2.470512628555298, 2.2813034057617188, 2.115649938583374, 2.0950868129730225, 2.306095600128174, 2.131830930709839, 2.494720935821533, 2.4525794982910156, 2.299699306488037, 2.1196208000183105, 2.3893496990203857, 2.49031400680542, 2.158612012863159, 2.438953399658203, 2.099872350692749]",sae,Pre-64
1,beta,37,0.004,0.4546908257221888,0.444978337644671,0.4485845816381865,0.5,0.6058579085235571,0.7149448944363299,30,"[0, 1, 2, 3, 4, 5, 6, 7, 8, 9, 10, 11, 12, 13, 14, 15, 16, 17, 18, 19, 20, 21, 22, 23, 24, 25, 26, 27, 28, 29]","[2.422088623046875, 2.6652040481567383, 2.433333158493042, 2.571403980255127, 2.637071132659912, 2.721653461456299, 2.7392430305480957, 2.37961745262146, 2.413881301879883, 2.5332446098327637, 2.621866226196289, 2.4242944717407227, 2.6680750846862793, 2.595198631286621, 2.739328145980835, 2.4331679344177246, 2.61338210105896, 2.6731927394866943, 2.4905011653900146, 2.4572644233703613, 2.6052932739257812, 2.752258777618408, 2.7209227085113525, 2.7144012451171875, 2.6652042865753174, 2.7217295169830322, 2.713782787322998, 2.7310125827789307, 2.727205276489258, 2.7262582778930664]",sae,Pre-64
1,beta,24,0.022,0.4501416387440968,0.4383559369047743,0.4638928536793253,0.5,0.6188330126613704,0.6498138033763654,30,"[0, 1, 2, 3, 4, 5, 6, 7, 8, 9, 10, 11, 12, 13, 14, 15, 16, 17, 18, 19, 20, 21, 22, 23, 24, 25, 26, 27, 28, 29]","[2.274742603302002, 2.2081780433654785, 2.094226121902466, 2.3261983394622803, 2.3076460361480713, 1.8412611484527588, 2.299690008163452, 2.3170154094696045, 2.389303207397461, 2.2834982872009277, 2.089101791381836, 1.9429181814193726, 2.386019229888916, 2.378994941711426, 2.016080379486084, 1.9564467668533325, 2.368931293487549, 2.2311851978302, 2.2874755859375, 2.312603235244751, 2.302666187286377, 2.3035073280334473, 1.8775993585586548, 2.2703964710235596, 1.840522289276123, 2.0802175998687744, 2.1346263885498047, 1.8706562519073486, 2.381911277770996, 2.2870187759399414]",sae,Pre-64
1,beta,23,0.015,0.4478205607315014,0.4344954522622479,0.4516770973121401,0.5,0.6150139710231751,0.6828993768636227,30,"[0, 1, 2, 3, 4, 5, 6, 7, 8, 9, 10, 11, 12, 13, 14, 15, 16, 17, 18, 19, 20, 21, 22, 23, 24, 25, 26, 27, 28, 29]","[2.2400882244110107, 2.544175386428833, 2.502444267272949, 2.513606548309326, 2.3889997005462646, 2.334522008895874, 2.4343130588531494, 2.066121816635132, 2.105795383453369, 2.5532777309417725, 2.551002264022827, 2.281834363937378, 2.203230857849121, 2.457667827606201, 2.5077004432678223, 2.5283803939819336, 2.3889193534851074, 2.111429214477539, 2.307931661605835, 2.17718768119812, 2.5305004119873047, 2.259565830230713, 2.4227194786071777, 2.5547027587890625, 2.262587785720825, 2.429957628250122, 2.037789821624756, 2.442370891571045, 2.4508895874023438, 2.5513060092926025]",sae,Pre-64
1,beta,9,0.025,0.448644851968101,0.4348910401892977,0.4712254329116179,0.5,0.6286670530281078,0.6725297015357867,30,"[0, 1, 2, 3, 4, 5, 6, 7, 8, 9, 10, 11, 12, 13, 14, 15, 16, 17, 18, 19, 20, 21, 22, 23, 24, 25, 26, 27, 28, 29]","[2.2165322303771973, 1.8689411878585815, 2.350156784057617, 2.2845749855041504, 1.9827094078063965, 2.063361167907715, 2.203895092010498, 2.280122995376587, 2.3394970893859863, 2.115755319595337, 2.000286102294922, 2.136066198348999, 1.9075424671173096, 2.2612719535827637, 2.3160240650177, 1.9827227592468262, 2.24993896484375, 2.2657670974731445, 2.2951836585998535, 1.9307366609573364, 2.324896812438965, 2.312743663787842, 1.9280846118927002, 2.3180017471313477, 2.206012725830078, 2.3247740268707275, 2.2822813987731934, 2.2101845741271973, 2.0630836486816406, 2.267791986465454]",sae,Pre-64
1,beta,41,0.029,0.4543678569363413,0.4427951465832617,0.4597605047856436,0.5,0.6190905384235713,0.6770903524396088,30,"[0, 1, 2, 3, 4, 5, 6, 7, 8, 9, 10, 11, 12, 13, 14, 15, 16, 17, 18, 19, 20, 21, 22, 23, 24, 25, 26, 27, 28, 29]","[1.6838487386703491, 1.8275145292282104, 1.778458595275879, 1.6686166524887085, 1.697967529296875, 1.8766200542449951, 1.7051708698272705, 1.7970871925354004, 1.7293413877487183, 1.8407618999481201, 1.8499561548233032, 1.785577654838562, 1.784848690032959, 1.8287309408187866, 1.856497049331665, 1.7197046279907227, 1.8010694980621338, 1.8061152696609497, 1.8580290079116821, 1.8107045888900757, 1.7162139415740967, 1.7696939706802368, 1.7483426332473755, 1.7929273843765259, 1.7377774715423584, 1.6926507949829102, 1.8240275382995605, 1.8411508798599243, 1.7973434925079346, 1.6824777126312256]",sae,Pre-64
1,beta,48,0.016,0.4556814132376,0.4510566266980289,0.5110329261817146,0.5,0.5923878577171784,0.5999923558655992,30,"[0, 1, 2, 3, 4, 5, 6, 7, 8, 9, 10, 11, 12, 13, 14, 15, 16, 17, 18, 19, 20, 21, 22, 23, 24, 25, 26, 27, 28, 29]","[2.590238571166992, 2.3911125659942627, 2.282616376876831, 2.4115660190582275, 2.5334699153900146, 2.211564064025879, 2.2443816661834717, 2.5115582942962646, 2.475735902786255, 2.445943593978882, 2.2862837314605713, 2.5001304149627686, 2.3485138416290283, 2.197242021560669, 2.2087159156799316, 2.1973931789398193, 2.61305570602417, 2.5744335651397705, 2.5332746505737305, 2.470689296722412, 2.1873364448547363, 2.5915303230285645, 2.602646589279175, 2.501481056213379, 2.4574131965637207, 2.542370319366455, 2.5252938270568848, 2.6529347896575928, 2.374525308609009, 2.518627166748047]",sae,Pre-64
1,beta,6,0.014,0.4540822999211705,0.4457917896713532,0.46492946058959,0.5,0.5933447799067053,0.665597982161579,30,"[0, 1, 2, 3, 4, 5, 6, 7, 8, 9, 10, 11, 12, 13, 14, 15, 16, 17, 18, 19, 20, 21, 22, 23, 24, 25, 26, 27, 28, 29]","[2.2155466079711914, 2.4892537593841553, 2.1503117084503174, 2.5148253440856934, 2.3585500717163086, 2.435922622680664, 2.4310734272003174, 2.4458608627319336, 2.1425907611846924, 2.4738309383392334, 2.4389660358428955, 2.3344249725341797, 2.453442335128784, 2.32013201713562, 2.2520875930786133, 2.5227744579315186, 2.218874216079712, 2.2302634716033936, 2.2296416759490967, 2.4178006649017334, 2.272876024246216, 2.3370022773742676, 2.465771436691284, 2.122710943222046, 2.4072790145874023, 2.3500607013702393, 2.4980082511901855, 2.1492066383361816, 2.1416800022125244, 2.4720468521118164]",sae,Pre-64
1,beta,45,0.024,0.4515599815008028,0.4347157609968581,0.4521483056745893,0.5,0.6289673345145609,0.6772310814289824,30,"[0, 1, 2, 3, 4, 5, 6, 7, 8, 9, 10, 11, 12, 13, 14, 15, 16, 17, 18, 19, 20, 21, 22, 23, 24, 25, 26, 27, 28, 29]","[1.7079328298568726, 1.7103567123413086, 1.5895328521728516, 1.787527322769165, 1.7884873151779175, 1.6393314599990845, 1.7889574766159058, 1.777828574180603, 1.637795329093933, 1.5875463485717773, 1.7210458517074585, 1.7880463600158691, 1.7558369636535645, 1.6596938371658325, 1.6877281665802002, 1.6944947242736816, 1.7156678438186646, 1.6351494789123535, 1.6965529918670654, 1.6925623416900635, 1.7512898445129395, 1.6329401731491089, 1.76606023311615, 1.6574665307998657, 1.598024845123291, 1.7878974676132202, 1.6286638975143433, 1.641863465309143, 1.5800704956054688, 1.792039394378662]",sae,Pre-64
1,beta,19,0.03,0.4469965829377276,0.435497383761294,0.4199292027033708,0.5,0.6104665954706788,0.7150218299462888,30,"[0, 1, 2, 3, 4, 5, 6, 7, 8, 9, 10, 11, 12, 13, 14, 15, 16, 17, 18, 19, 20, 21, 22, 23, 24, 25, 26, 27, 28, 29]","[1.7051833868026733, 1.7434659004211426, 1.804724097251892, 1.7096374034881592, 1.7040832042694092, 1.7351398468017578, 1.726585865020752, 1.795604944229126, 1.6724326610565186, 1.834576964378357, 1.8778505325317383, 1.8641784191131592, 1.7442195415496826, 1.6875540018081665, 1.6725211143493652, 1.6982342004776, 1.8318936824798584, 1.847795844078064, 1.6548631191253662, 1.6545021533966064, 1.862294316291809, 1.7132152318954468, 1.734875202178955, 1.65659761428833, 1.6427165269851685, 1.8460266590118408, 1.8536286354064941, 1.74406898021698, 1.7405433654785156, 1.683888554573059]",sae,Pre-64
1,beta,21,0.038,0.4504746503440228,0.4381370334360364,0.4439446036001269,0.5,0.6200058082774133,0.6872366193353848,30,"[0, 1, 2, 3, 4, 5, 6, 7, 8, 9, 10, 11, 12, 13, 14, 15, 16, 17, 18, 19, 20, 21, 22, 23, 24, 25, 26, 27, 28, 29]","[1.6139858961105347, 1.6860772371292114, 1.806520700454712, 1.8015048503875732, 1.8054665327072144, 1.7591873407363892, 1.6389966011047363, 1.6748480796813965, 1.8036277294158936, 1.6653743982315063, 1.770828366279602, 1.7987501621246338, 1.6379731893539429, 1.6975319385528564, 1.6915373802185059, 1.6396381855010986, 1.6539411544799805, 1.6710221767425537, 1.637058973312378, 1.7997636795043945, 1.5914467573165894, 1.7953859567642212, 1.5906074047088623, 1.6160095930099487, 1.6565300226211548, 1.6439058780670166, 1.616348385810852, 1.6623941659927368, 1.7447919845581055, 1.7433223724365234]",sae,Pre-64
1,beta,12,0.004,0.4455148672091349,0.4361346773072694,0.4369368163976395,0.5,0.5892778403611032,0.7252088231582196,30,"[0, 1, 2, 3, 4, 5, 6, 7, 8, 9, 10, 11, 12, 13, 14, 15, 16, 17, 18, 19, 20, 21, 22, 23, 24, 25, 26, 27, 28, 29]","[2.57425856590271, 2.77160382270813, 2.4491147994995117, 2.7343342304229736, 2.8282434940338135, 2.8868021965026855, 2.8271572589874268, 2.797330379486084, 2.6796791553497314, 2.3942182064056396, 2.39412784576416, 2.8417868614196777, 2.713951587677002, 2.721346139907837, 2.6196563243865967, 2.890824317932129, 2.5586822032928467, 2.680617094039917, 2.638746500015259, 2.8777503967285156, 2.7236316204071045, 2.6008613109588623, 2.415752410888672, 2.8784756660461426, 2.87845778465271, 2.8448245525360107, 2.753941535949707, 2.6789135932922363, 2.5492351055145264, 2.8068535327911377]",sae,Pre-64
1,beta,46,0.005,0.4545712902572906,0.4417269056853911,0.4795408981660249,0.5,0.6270377926330811,0.6869907745999974,30,"[0, 1, 2, 3, 4, 5, 6, 7, 8, 9, 10, 11, 12, 13, 14, 15, 16, 17, 18, 19, 20, 21, 22, 23, 24, 25, 26, 27, 28, 29]","[2.625304698944092, 2.784921646118164, 2.8438785076141357, 2.7222909927368164, 2.5691261291503906, 2.5467686653137207, 2.5210652351379395, 2.8740551471710205, 2.8408117294311523, 2.9493520259857178, 2.7295775413513184, 2.775308132171631, 2.8935511112213135, 2.733044147491455, 2.648348569869995, 2.8673758506774902, 2.7470555305480957, 2.848832845687866, 2.923710346221924, 2.7713217735290527, 2.8068790435791016, 2.8656420707702637, 2.826148748397827, 2.6047019958496094, 2.498708963394165, 2.5837531089782715, 2.847393035888672, 2.5201120376586914, 2.8460443019866943, 2.8544514179229736]",sae,Pre-64
1,beta,46,0.0151,0.4545712902572906,0.4417269056853911,0.4772173962474269,0.5,0.6270377926330811,0.687337208257952,30,"[0, 1, 2, 3, 4, 5, 6, 7, 8, 9, 10, 11, 12, 13, 14, 15, 16, 17, 18, 19, 20, 21, 22, 23, 24, 25, 26, 27, 28, 29]","[2.3421642780303955, 2.5146963596343994, 2.5686895847320557, 2.4324991703033447, 2.2914206981658936, 2.2506825923919678, 2.2399561405181885, 2.5951144695281982, 2.5667593479156494, 2.675950765609741, 2.4563941955566406, 2.5008935928344727, 2.613884449005127, 2.4625539779663086, 2.3614556789398193, 2.586174249649048, 2.4640893936157227, 2.5734078884124756, 2.642778158187866, 2.4841580390930176, 2.5322344303131104, 2.5866622924804688, 2.545360803604126, 2.327611207962036, 2.2081010341644287, 2.3050692081451416, 2.5661535263061523, 2.2273058891296387, 2.5672101974487305, 2.577746868133545]",sae,Pre-64
1,beta,23,0.025,0.4478205607315014,0.4344954522622479,0.4407651008911976,0.5,0.6150139710231751,0.6774161095654989,30,"[0, 1, 2, 3, 4, 5, 6, 7, 8, 9, 10, 11, 12, 13, 14, 15, 16, 17, 18, 19, 20, 21, 22, 23, 24, 25, 26, 27, 28, 29]","[1.7160139083862305, 1.8301252126693726, 1.8169877529144287, 1.8666290044784546, 1.6454136371612549, 1.718410849571228, 1.8770651817321777, 1.687531590461731, 1.6668928861618042, 1.864573359489441, 1.8590751886367798, 1.7981528043746948, 1.802750825881958, 1.7520885467529297, 1.8227105140686035, 1.8693010807037354, 1.623283863067627, 1.711294412612915, 1.6928009986877441, 1.7275195121765137, 1.857666254043579, 1.8464605808258057, 1.7160217761993408, 1.8742387294769287, 1.852160096168518, 1.7668371200561523, 1.6526349782943726, 1.8160887956619263, 1.7220706939697266, 1.8988109827041626]",sae,Pre-64
1,beta,23,0.006,0.4478205607315014,0.4344954522622479,0.4529356889874076,0.5,0.6150139710231751,0.6832669955568061,30,"[0, 1, 2, 3, 4, 5, 6, 7, 8, 9, 10, 11, 12, 13, 14, 15, 16, 17, 18, 19, 20, 21, 22, 23, 24, 25, 26, 27, 28, 29]","[2.473073720932007, 2.7704381942749023, 2.7288496494293213, 2.7429051399230957, 2.61177659034729, 2.5607094764709473, 2.6694552898406982, 2.3059029579162598, 2.340986728668213, 2.780489921569824, 2.776651620864868, 2.5151991844177246, 2.436509132385254, 2.6844961643218994, 2.732794761657715, 2.759272813796997, 2.611502170562744, 2.3560736179351807, 2.5348238945007324, 2.4083385467529297, 2.757220506668091, 2.498692035675049, 2.646763563156128, 2.783285140991211, 2.5048224925994873, 2.655970573425293, 2.279876470565796, 2.672071933746338, 2.6740646362304688, 2.78033447265625]",sae,Pre-64
1,beta,19,0.02,0.4469965829377276,0.435497383761294,0.4300026344895056,0.5,0.6104665954706788,0.7169849546125577,30,"[0, 1, 2, 3, 4, 5, 6, 7, 8, 9, 10, 11, 12, 13, 14, 15, 16, 17, 18, 19, 20, 21, 22, 23, 24, 25, 26, 27, 28, 29]","[2.023789405822754, 2.3498857021331787, 2.20658802986145, 2.054396390914917, 2.3571932315826416, 2.3978118896484375, 2.2848026752471924, 2.0895016193389893, 2.3091676235198975, 2.3970258235931396, 2.368988513946533, 2.3804821968078613, 2.3633711338043213, 1.968999981880188, 2.314438581466675, 2.213601589202881, 2.162775754928589, 2.4011788368225098, 1.9384737014770508, 1.9286035299301147, 2.3930609226226807, 2.281442165374756, 2.283482074737549, 1.9212374687194824, 1.8681247234344482, 2.316918134689331, 2.4534692764282227, 2.391941547393799, 2.3815362453460693, 2.2435290813446045]",sae,Pre-64
1,beta,1,0.026,0.4560357198099471,0.4497423189216591,0.45411565615205,0.5,0.5964054457666336,0.6836367285262313,30,"[0, 1, 2, 3, 4, 5, 6, 7, 8, 9, 10, 11, 12, 13, 14, 15, 16, 17, 18, 19, 20, 21, 22, 23, 24, 25, 26, 27, 28, 29]","[1.7696529626846313, 1.6261323690414429, 1.7196663618087769, 1.5920920372009277, 1.733733892440796, 1.5752530097961426, 1.6435775756835938, 1.64775550365448, 1.550153374671936, 1.6284269094467163, 1.6488114595413208, 1.7067769765853882, 1.7545247077941895, 1.6084493398666382, 1.7479039430618286, 1.6399551630020142, 1.5892157554626465, 1.6672102212905884, 1.7283798456192017, 1.7504305839538574, 1.768576741218567, 1.646019697189331, 1.6711379289627075, 1.622288703918457, 1.5876470804214478, 1.5954843759536743, 1.6675220727920532, 1.640549659729004, 1.7561564445495605, 1.676185965538025]",sae,Pre-64
1,beta,1,0.0159,0.4560357198099471,0.4497423189216591,0.4633755136090322,0.5,0.5964054457666336,0.6886451102611323,30,"[0, 1, 2, 3, 4, 5, 6, 7, 8, 9, 10, 11, 12, 13, 14, 15, 16, 17, 18, 19, 20, 21, 22, 23, 24, 25, 26, 27, 28, 29]","[2.527479410171509, 2.4150524139404297, 2.436722993850708, 2.304262638092041, 2.4553403854370117, 2.424255132675171, 2.506744623184204, 2.0857086181640625, 2.1411492824554443, 2.0778017044067383, 2.174666404724121, 2.472034454345703, 2.519174098968506, 2.2865936756134033, 2.5080676078796387, 2.473393201828003, 2.4364967346191406, 2.4837357997894287, 2.4874370098114014, 2.4642879962921143, 2.5494260787963867, 2.0497398376464844, 2.2787656784057617, 2.4089643955230713, 2.427678346633911, 2.1029858589172363, 2.443120002746582, 2.160897731781006, 2.4943511486053467, 2.2447190284729004]",sae,Pre-64
1,beta,35,0.028,0.4566193215888805,0.4379483378046387,0.4393719746579109,0.5,0.637290178651746,0.7159563175791159,30,"[0, 1, 2, 3, 4, 5, 6, 7, 8, 9, 10, 11, 12, 13, 14, 15, 16, 17, 18, 19, 20, 21, 22, 23, 24, 25, 26, 27, 28, 29]","[1.702508807182312, 1.8289295434951782, 1.8778208494186401, 1.7900385856628418, 1.832433819770813, 1.7952772378921509, 1.7415781021118164, 1.8964141607284546, 1.9227169752120972, 1.7907214164733887, 1.8664566278457642, 1.7142022848129272, 1.789361834526062, 1.7122596502304077, 1.7935692071914673, 1.7122606039047241, 1.881278395652771, 1.7111562490463257, 1.822298526763916, 1.7057735919952393, 1.7108819484710693, 1.7122806310653687, 1.758568286895752, 1.7260288000106812, 1.78754723072052, 1.8360222578048706, 1.7115834951400757, 1.8120006322860718, 1.9046109914779663, 1.8182530403137207]",sae,Pre-64
1,beta,3,0.034,0.4557259332451328,0.444824285747971,0.4764325637031217,0.5,0.6042731979176,0.6517645766548056,30,"[0, 1, 2, 3, 4, 5, 6, 7, 8, 9, 10, 11, 12, 13, 14, 15, 16, 17, 18, 19, 20, 21, 22, 23, 24, 25, 26, 27, 28, 29]","[1.7923187017440796, 1.7633657455444336, 1.7840238809585571, 1.841322660446167, 1.7850205898284912, 1.8931199312210083, 1.7677959203720093, 1.8879575729370117, 1.6427620649337769, 1.861717939376831, 1.7794007062911987, 1.8914819955825806, 1.7980685234069824, 1.8669151067733765, 1.8741161823272705, 1.7867109775543213, 1.7364221811294556, 1.8315670490264893, 1.822924017906189, 1.766003966331482, 1.6879122257232666, 1.7329479455947876, 1.741779088973999, 1.8793416023254395, 1.858742594718933, 1.7999907732009888, 1.7731592655181885, 1.7945235967636108, 1.8716613054275513, 1.8069820404052734]",sae,Pre-64
1,beta,9,0.0155,0.448644851968101,0.4348910401892977,0.4730375501625557,0.5,0.6286670530281078,0.6723022312373226,30,"[0, 1, 2, 3, 4, 5, 6, 7, 8, 9, 10, 11, 12, 13, 14, 15, 16, 17, 18, 19, 20, 21, 22, 23, 24, 25, 26, 27, 28, 29]","[2.4696192741394043, 2.137366533279419, 2.5925087928771973, 2.528013229370117, 2.2368369102478027, 2.3051657676696777, 2.4598898887634277, 2.517860174179077, 2.583007335662842, 2.3545737266540527, 2.2560999393463135, 2.3877291679382324, 2.171600580215454, 2.5027968883514404, 2.5599842071533203, 2.2424304485321045, 2.4888226985931396, 2.5141749382019043, 2.5369961261749268, 2.1892781257629395, 2.564955711364746, 2.5565764904022217, 2.185946226119995, 2.561025857925415, 2.457653284072876, 2.5670688152313232, 2.526068925857544, 2.4469215869903564, 2.313509702682495, 2.519841432571411]",sae,Pre-64
1,beta,6,0.03,0.4540822999211705,0.4457917896713532,0.4521904713678705,0.5,0.5933447799067053,0.6652682600701989,30,"[0, 1, 2, 3, 4, 5, 6, 7, 8, 9, 10, 11, 12, 13, 14, 15, 16, 17, 18, 19, 20, 21, 22, 23, 24, 25, 26, 27, 28, 29]","[1.67795991897583, 1.7224199771881104, 1.6051169633865356, 1.7402851581573486, 1.5944880247116089, 1.6418980360031128, 1.619912028312683, 1.672675371170044, 1.5762604475021362, 1.7014614343643188, 1.6227271556854248, 1.5830062627792358, 1.624068021774292, 1.578125, 1.3912478685379028, 1.718774437904358, 1.6005358695983887, 1.6664056777954102, 1.6575164794921875, 1.6548740863800049, 1.642664909362793, 1.5872862339019775, 1.7166544198989868, 1.625961184501648, 1.5860248804092407, 1.665144920349121, 1.6307586431503296, 1.571975827217102, 1.6309592723846436, 1.677030086517334]",sae,Pre-64
1,beta,28,0.008,0.4589844236982603,0.4495627040154577,0.4576594282347926,0.5,0.5987249917034086,0.6988618854596312,30,"[0, 1, 2, 3, 4, 5, 6, 7, 8, 9, 10, 11, 12, 13, 14, 15, 16, 17, 18, 19, 20, 21, 22, 23, 24, 25, 26, 27, 28, 29]","[2.4735896587371826, 2.5911996364593506, 2.5403666496276855, 2.629755973815918, 2.5713183879852295, 2.4830572605133057, 2.6815667152404785, 2.4453084468841553, 2.6401941776275635, 2.69071364402771, 2.4328665733337402, 2.465001106262207, 2.651503801345825, 2.560882091522217, 2.710625648498535, 2.2406537532806396, 2.3129429817199707, 2.6396515369415283, 2.455812931060791, 2.5641398429870605, 2.2883787155151367, 2.380998134613037, 2.6627306938171387, 2.5912768840789795, 2.271698236465454, 2.6552071571350098, 2.60634708404541, 2.5184385776519775, 2.603102922439575, 2.2688825130462646]",sae,Pre-64
1,beta,29,0.0159,0.4558655961502112,0.4409050416793991,0.4706109934187868,0.5,0.6296548282533407,0.6787578432797685,30,"[0, 1, 2, 3, 4, 5, 6, 7, 8, 9, 10, 11, 12, 13, 14, 15, 16, 17, 18, 19, 20, 21, 22, 23, 24, 25, 26, 27, 28, 29]","[2.124786376953125, 2.4200279712677, 1.8713887929916382, 2.4336800575256348, 2.403398275375366, 2.0810256004333496, 2.466561794281006, 2.0804216861724854, 2.3475654125213623, 2.4164862632751465, 2.2936618328094482, 2.402167320251465, 2.384222984313965, 2.0867321491241455, 2.2692806720733643, 2.0662429332733154, 2.346151113510132, 2.397034168243408, 2.3826065063476562, 2.3938610553741455, 2.2339282035827637, 2.440453290939331, 2.4008610248565674, 2.3709466457366943, 2.421626091003418, 2.2269461154937744, 2.10422945022583, 2.477471351623535, 2.3674161434173584, 2.3524200916290283]",sae,Pre-64
1,beta,35,0.035,0.4566193215888805,0.4379483378046387,0.4345137484310124,0.5,0.637290178651746,0.714466053769438,30,"[0, 1, 2, 3, 4, 5, 6, 7, 8, 9, 10, 11, 12, 13, 14, 15, 16, 17, 18, 19, 20, 21, 22, 23, 24, 25, 26, 27, 28, 29]","[1.4663704633712769, 1.5329265594482422, 1.5969271659851074, 1.52649986743927, 1.5397183895111084, 1.5041505098342896, 1.452555537223816, 1.6133553981781006, 1.628920078277588, 1.5211750268936157, 1.591492772102356, 1.44290292263031, 1.515376091003418, 1.422654628753662, 1.5123299360275269, 1.4697519540786743, 1.599883794784546, 1.4448047876358032, 1.549789547920227, 1.450408697128296, 1.4712563753128052, 1.462538719177246, 1.4802051782608032, 1.4495933055877686, 1.49678373336792, 1.542629361152649, 1.4733551740646362, 1.5537259578704834, 1.6079732179641724, 1.5465400218963623]",sae,Pre-64
1,beta,35,0.0155,0.4566193215888805,0.4379483378046387,0.4475272300629703,0.5,0.637290178651746,0.7188753755644712,30,"[0, 1, 2, 3, 4, 5, 6, 7, 8, 9, 10, 11, 12, 13, 14, 15, 16, 17, 18, 19, 20, 21, 22, 23, 24, 25, 26, 27, 28, 29]","[2.0849084854125977, 2.4893999099731445, 2.541170835494995, 2.3574235439300537, 2.495100259780884, 2.3072924613952637, 2.456315040588379, 2.480339288711548, 2.5421621799468994, 2.4693050384521484, 2.266855001449585, 2.1766979694366455, 2.417344808578491, 2.3258790969848633, 2.294846296310425, 2.380720615386963, 2.4951608180999756, 2.1601431369781494, 2.322795867919922, 2.2010855674743652, 2.103855609893799, 2.0876481533050537, 2.2291195392608643, 2.395606756210327, 2.5086724758148193, 2.4718360900878906, 2.1018435955047607, 2.4844887256622314, 2.5601561069488525, 2.4230599403381348]",sae,Pre-64
1,beta,26,0.04,0.4502231978181314,0.4442488029476733,0.4656742114745181,0.5,0.5832450787939482,0.6463924941545216,30,"[0, 1, 2, 3, 4, 5, 6, 7, 8, 9, 10, 11, 12, 13, 14, 15, 16, 17, 18, 19, 20, 21, 22, 23, 24, 25, 26, 27, 28, 29]","[1.580006718635559, 1.5836803913116455, 1.7592604160308838, 1.532239556312561, 1.6100126504898071, 1.654320478439331, 1.656266689300537, 1.554336428642273, 1.6702419519424438, 1.6116158962249756, 1.5285242795944214, 1.767144799232483, 1.6978405714035034, 1.6491206884384155, 1.7301396131515503, 1.6122411489486694, 1.6584653854370117, 1.5152207612991333, 1.673515796661377, 1.610166311264038, 1.5744237899780273, 1.737784743309021, 1.6250650882720947, 1.659741759300232, 1.7473467588424683, 1.7247971296310425, 1.5970234870910645, 1.657575011253357, 1.4847639799118042, 1.5617064237594604]",sae,Pre-64
1,beta,44,0.008,0.4469012312759677,0.43811650775401,0.4815150243340294,0.5,0.5982762074796864,0.6262837849781691,30,"[0, 1, 2, 3, 4, 5, 6, 7, 8, 9, 10, 11, 12, 13, 14, 15, 16, 17, 18, 19, 20, 21, 22, 23, 24, 25, 26, 27, 28, 29]","[2.4208176136016846, 2.6755008697509766, 2.449737071990967, 2.358450412750244, 2.6289641857147217, 2.748802661895752, 2.6745917797088623, 2.6034703254699707, 2.5769848823547363, 2.814955234527588, 2.4753479957580566, 2.752135753631592, 2.674715757369995, 2.3723182678222656, 2.774331569671631, 2.7356975078582764, 2.3238487243652344, 2.6416690349578857, 2.6618690490722656, 2.6728856563568115, 2.289257526397705, 2.5019469261169434, 2.647364854812622, 2.7145204544067383, 2.660303831100464, 2.672157049179077, 2.510157585144043, 2.620882034301758, 2.5762598514556885, 2.6926681995391846]",sae,Pre-64
1,beta,11,0.032,0.4566976193509867,0.4496008864727478,0.4406292245540605,0.5,0.5995106990682213,0.7116489909631503,30,"[0, 1, 2, 3, 4, 5, 6, 7, 8, 9, 10, 11, 12, 13, 14, 15, 16, 17, 18, 19, 20, 21, 22, 23, 24, 25, 26, 27, 28, 29]","[1.712111234664917, 1.56392502784729, 1.6533993482589722, 1.6059725284576416, 1.753877878189087, 1.5904861688613892, 1.625249981880188, 1.4629414081573486, 1.7341923713684082, 1.7320067882537842, 1.7362066507339478, 1.7532541751861572, 1.7827805280685425, 1.6425656080245972, 1.6358325481414795, 1.6340478658676147, 1.6926958560943604, 1.5898661613464355, 1.600881814956665, 1.707208514213562, 1.6286834478378296, 1.6954542398452759, 1.7545650005340576, 1.6731722354888916, 1.6340402364730835, 1.713805079460144, 1.7438056468963623, 1.5881437063217163, 1.6411147117614746, 1.5938138961791992]",sae,Pre-64
1,beta,1,0.036,0.4560357198099471,0.4497423189216591,0.4539992842805153,0.5,0.5964054457666336,0.6836035262312887,30,"[0, 1, 2, 3, 4, 5, 6, 7, 8, 9, 10, 11, 12, 13, 14, 15, 16, 17, 18, 19, 20, 21, 22, 23, 24, 25, 26, 27, 28, 29]","[1.7612577676773071, 1.6176559925079346, 1.711351752281189, 1.5836834907531738, 1.7254502773284912, 1.5666881799697876, 1.635324478149414, 1.63929283618927, 1.5416203737258911, 1.620023250579834, 1.640406608581543, 1.6984003782272339, 1.7461365461349487, 1.6000621318817139, 1.7395238876342773, 1.631781816482544, 1.5808457136154175, 1.6588664054870605, 1.7200051546096802, 1.7420296669006348, 1.7602391242980957, 1.6375014781951904, 1.6626830101013184, 1.613794207572937, 1.5792434215545654, 1.5870014429092407, 1.6591455936431885, 1.6321828365325928, 1.7477723360061646, 1.6677945852279663]",sae,Pre-64
1,beta,28,0.026,0.4589844236982603,0.4495627040154577,0.4461022117333311,0.5,0.5987249917034086,0.698925591428436,30,"[0, 1, 2, 3, 4, 5, 6, 7, 8, 9, 10, 11, 12, 13, 14, 15, 16, 17, 18, 19, 20, 21, 22, 23, 24, 25, 26, 27, 28, 29]","[1.7226407527923584, 1.6322263479232788, 1.591789960861206, 1.7946033477783203, 1.7831312417984009, 1.7261266708374023, 1.7237660884857178, 1.6295349597930908, 1.7146270275115967, 1.7759641408920288, 1.6722708940505981, 1.7328925132751465, 1.765549659729004, 1.8071796894073486, 1.7554736137390137, 1.6394237279891968, 1.673065185546875, 1.7432552576065063, 1.7520910501480103, 1.7181816101074219, 1.6440478563308716, 1.7017840147018433, 1.7110023498535156, 1.6338344812393188, 1.6459221839904785, 1.7657287120819092, 1.7947386503219604, 1.6623122692108154, 1.6597141027450562, 1.6520013809204102]",sae,Pre-64
1,beta,35,0.01,0.4566193215888805,0.4379483378046387,0.4483008419048956,0.5,0.637290178651746,0.7187029607373958,30,"[0, 1, 2, 3, 4, 5, 6, 7, 8, 9, 10, 11, 12, 13, 14, 15, 16, 17, 18, 19, 20, 21, 22, 23, 24, 25, 26, 27, 28, 29]","[2.232671022415161, 2.628429651260376, 2.6813127994537354, 2.5059757232666016, 2.634810447692871, 2.451596260070801, 2.5936148166656494, 2.624563217163086, 2.6867032051086426, 2.609008550643921, 2.4153308868408203, 2.321340322494507, 2.5580344200134277, 2.466387987136841, 2.439271926879883, 2.5196807384490967, 2.638880491256714, 2.3057594299316406, 2.4685070514678955, 2.345198631286621, 2.2530035972595215, 2.2348086833953857, 2.371535301208496, 2.5334646701812744, 2.646521806716919, 2.609300136566162, 2.251711368560791, 2.624157190322876, 2.699821710586548, 2.567368984222412]",sae,Pre-64
1,beta,42,0.029,0.4546678683050885,0.4407690563496341,0.4612575325182835,0.5,0.6336081445133979,0.6596189926396305,30,"[0, 1, 2, 3, 4, 5, 6, 7, 8, 9, 10, 11, 12, 13, 14, 15, 16, 17, 18, 19, 20, 21, 22, 23, 24, 25, 26, 27, 28, 29]","[1.806413173675537, 1.691567301750183, 1.8007793426513672, 1.8212207555770874, 1.775255560874939, 1.7919507026672363, 1.7688648700714111, 1.7060143947601318, 1.6535441875457764, 1.81549870967865, 1.7811968326568604, 1.8136440515518188, 1.6850367784500122, 1.4672307968139648, 1.8212157487869263, 1.6866002082824707, 1.620952844619751, 1.6135728359222412, 1.7915178537368774, 1.8275678157806396, 1.7171920537948608, 1.6670271158218384, 1.733925461769104, 1.6326416730880737, 1.6716238260269165, 1.6345833539962769, 1.844940185546875, 1.6198792457580566, 1.7394461631774902, 1.6568619012832642]",sae,Pre-64
1,beta,29,0.036,0.4558655961502112,0.4409050416793991,0.4590253121807898,0.5,0.6296548282533407,0.67451681500275,30,"[0, 1, 2, 3, 4, 5, 6, 7, 8, 9, 10, 11, 12, 13, 14, 15, 16, 17, 18, 19, 20, 21, 22, 23, 24, 25, 26, 27, 28, 29]","[1.6289901733398438, 1.6570626497268677, 1.3503177165985107, 1.7503541707992554, 1.6884452104568481, 1.62128746509552, 1.7845454216003418, 1.5939019918441772, 1.7027721405029297, 1.7438403367996216, 1.6521459817886353, 1.7221815586090088, 1.7395710945129395, 1.6436833143234253, 1.7069910764694214, 1.6468361616134644, 1.6992108821868896, 1.689023494720459, 1.6367101669311523, 1.6654475927352905, 1.7560248374938965, 1.7967772483825684, 1.663743019104004, 1.6565974950790405, 1.7077393531799316, 1.5541144609451294, 1.6275116205215454, 1.7727028131484985, 1.8030813932418823, 1.6139501333236694]",sae,Pre-64
1,beta,33,0.03,0.4492211383258522,0.4377959816952598,0.4374125427297091,0.5,0.6165210074526608,0.6907768020024606,30,"[0, 1, 2, 3, 4, 5, 6, 7, 8, 9, 10, 11, 12, 13, 14, 15, 16, 17, 18, 19, 20, 21, 22, 23, 24, 25, 26, 27, 28, 29]","[1.7102141380310059, 1.7557662725448608, 1.7024586200714111, 1.6490439176559448, 1.588248610496521, 1.797214388847351, 1.6075581312179565, 1.7709389925003052, 1.7430524826049805, 1.752651572227478, 1.6690409183502197, 1.7700014114379883, 1.754055142402649, 1.5879135131835938, 1.6749742031097412, 1.7290815114974976, 1.6573563814163208, 1.627998948097229, 1.7771483659744263, 1.792211651802063, 1.6780734062194824, 1.595840573310852, 1.7821184396743774, 1.7090789079666138, 1.776784062385559, 1.6982002258300781, 1.640528917312622, 1.5858162641525269, 1.5949186086654663, 1.6293994188308716]",sae,Pre-64
1,beta,46,0.024,0.4545712902572906,0.4417269056853911,0.4754634284236583,0.5,0.6270377926330811,0.687700749750867,30,"[0, 1, 2, 3, 4, 5, 6, 7, 8, 9, 10, 11, 12, 13, 14, 15, 16, 17, 18, 19, 20, 21, 22, 23, 24, 25, 26, 27, 28, 29]","[2.1085045337677, 2.2970528602600098, 2.347297191619873, 2.197664737701416, 2.0621631145477295, 2.003547430038452, 2.008591413497925, 2.36684250831604, 2.348341464996338, 2.4536774158477783, 2.236060619354248, 2.2821896076202393, 2.390342950820923, 2.2469170093536377, 2.1272647380828857, 2.355311632156372, 2.2330493927001953, 2.350769519805908, 2.419323205947876, 2.248089551925659, 2.3120858669281006, 2.3655834197998047, 2.3198583126068115, 2.0974364280700684, 1.9658504724502563, 2.075099468231201, 2.33968448638916, 1.9828531742095947, 2.3458898067474365, 2.3552262783050537]",sae,Pre-64
1,beta,9,0.035,0.448644851968101,0.4348910401892977,0.4533471187898422,0.5,0.6286670530281078,0.672826716893654,30,"[0, 1, 2, 3, 4, 5, 6, 7, 8, 9, 10, 11, 12, 13, 14, 15, 16, 17, 18, 19, 20, 21, 22, 23, 24, 25, 26, 27, 28, 29]","[1.7296706438064575, 1.603110671043396, 1.7266637086868286, 1.6977330446243286, 1.6090455055236816, 1.4437534809112549, 1.7151130437850952, 1.6298933029174805, 1.7303485870361328, 1.551110029220581, 1.6673029661178589, 1.6311544179916382, 1.602868914604187, 1.6522566080093384, 1.7639665603637695, 1.6253174543380737, 1.6170226335525513, 1.6935622692108154, 1.7344621419906616, 1.5870083570480347, 1.7287734746932983, 1.7337701320648193, 1.6080548763275146, 1.7172963619232178, 1.7152519226074219, 1.714227318763733, 1.573451280593872, 1.5486345291137695, 1.6025229692459106, 1.7452449798583984]",sae,Pre-64
1,beta,33,0.014,0.4492211383258522,0.4377959816952598,0.4596015838476235,0.5,0.6165210074526608,0.6820556333347475,30,"[0, 1, 2, 3, 4, 5, 6, 7, 8, 9, 10, 11, 12, 13, 14, 15, 16, 17, 18, 19, 20, 21, 22, 23, 24, 25, 26, 27, 28, 29]","[2.495847702026367, 2.4776535034179688, 2.307115077972412, 2.3028948307037354, 2.2420413494110107, 2.570634365081787, 2.154813051223755, 2.530463933944702, 2.3991708755493164, 2.4986824989318848, 2.229445695877075, 2.486151933670044, 2.5057501792907715, 2.106888771057129, 2.5305991172790527, 2.4870526790618896, 2.5044119358062744, 2.373728036880493, 2.471426010131836, 2.4513309001922607, 2.482731342315674, 2.1739041805267334, 2.52484130859375, 2.456367015838623, 2.518584966659546, 2.4682376384735107, 2.4295592308044434, 2.190094232559204, 2.2599799633026123, 2.175642251968384]",sae,Pre-64
1,beta,49,0.028,0.462130925118617,0.4524487678230295,0.4550443153756019,0.5,0.6141152509743157,0.6858668474433018,30,"[0, 1, 2, 3, 4, 5, 6, 7, 8, 9, 10, 11, 12, 13, 14, 15, 16, 17, 18, 19, 20, 21, 22, 23, 24, 25, 26, 27, 28, 29]","[1.6854387521743774, 1.7662731409072876, 1.7565319538116455, 1.7139129638671875, 1.6365153789520264, 1.6780667304992676, 1.822920560836792, 1.729913592338562, 1.871582269668579, 1.774185299873352, 1.7489150762557983, 1.685704231262207, 1.7884058952331543, 1.772276759147644, 1.8465293645858765, 1.816453218460083, 1.8392478227615356, 1.8606603145599365, 1.6973307132720947, 1.7874324321746826, 1.8417617082595825, 1.6967204809188843, 1.8487348556518555, 1.7582008838653564, 1.6649820804595947, 1.7609798908233643, 1.7809734344482422, 1.6771728992462158, 1.689695954322815, 1.6763726472854614]",sae,Pre-64
1,beta,15,0.0159,0.4529015220185267,0.4424399871594601,0.4522709361291832,0.5,0.6161071485640408,0.7122328912389778,30,"[0, 1, 2, 3, 4, 5, 6, 7, 8, 9, 10, 11, 12, 13, 14, 15, 16, 17, 18, 19, 20, 21, 22, 23, 24, 25, 26, 27, 28, 29]","[2.3837332725524902, 2.421482801437378, 2.4503045082092285, 2.313979148864746, 2.4665699005126953, 2.124758243560791, 2.139169216156006, 2.054403305053711, 2.3728041648864746, 2.3098270893096924, 2.467620611190796, 2.2804722785949707, 2.401261329650879, 2.298672914505005, 2.0593655109405518, 2.4384584426879883, 2.215012788772583, 2.554412841796875, 2.245133876800537, 2.4427096843719482, 2.3670237064361572, 2.5197784900665283, 2.045879602432251, 2.410629987716675, 2.4033689498901367, 2.3920726776123047, 2.530477285385132, 2.567762613296509, 2.321215867996216, 2.2486445903778076]",sae,Pre-64
1,beta,49,0.01,0.462130925118617,0.4524487678230295,0.4699844318713129,0.5,0.6141152509743157,0.6878917805324694,30,"[0, 1, 2, 3, 4, 5, 6, 7, 8, 9, 10, 11, 12, 13, 14, 15, 16, 17, 18, 19, 20, 21, 22, 23, 24, 25, 26, 27, 28, 29]","[2.3412272930145264, 2.413551092147827, 2.611455202102661, 2.3048744201660156, 2.4015440940856934, 2.25142765045166, 2.6658105850219727, 2.667707681655884, 2.597095012664795, 2.6677231788635254, 2.6708922386169434, 2.3839123249053955, 2.5549135208129883, 2.6542773246765137, 2.715773820877075, 2.607752799987793, 2.6966335773468018, 2.6814205646514893, 2.658916711807251, 2.4496896266937256, 2.7258214950561523, 2.344313144683838, 2.6895551681518555, 2.5715062618255615, 2.5347273349761963, 2.6730711460113525, 2.427690029144287, 2.5312633514404297, 2.591026544570923, 2.289396047592163]",sae,Pre-64
1,beta,30,0.034,0.4638407167611665,0.4544841508273655,0.4423778777868309,0.5,0.6043368975359404,0.6964458261898053,30,"[0, 1, 2, 3, 4, 5, 6, 7, 8, 9, 10, 11, 12, 13, 14, 15, 16, 17, 18, 19, 20, 21, 22, 23, 24, 25, 26, 27, 28, 29]","[1.7551374435424805, 1.7469860315322876, 1.712616205215454, 1.6681562662124634, 1.6711574792861938, 1.6482033729553223, 1.6625767946243286, 1.6269583702087402, 1.600751280784607, 1.6614724397659302, 1.674357533454895, 1.6656731367111206, 1.620069146156311, 1.668010950088501, 1.7249077558517456, 1.7281707525253296, 1.633888840675354, 1.672541618347168, 1.7452770471572876, 1.6433312892913818, 1.6929923295974731, 1.642911672592163, 1.7460289001464844, 1.655428409576416, 1.746587872505188, 1.6740837097167969, 1.628685474395752, 1.6581389904022217, 1.7132737636566162, 1.654760718345642]",sae,Pre-64
1,beta,19,0.014,0.4469965829377276,0.435497383761294,0.4308259620749176,0.5,0.6104665954706788,0.7175723215127053,30,"[0, 1, 2, 3, 4, 5, 6, 7, 8, 9, 10, 11, 12, 13, 14, 15, 16, 17, 18, 19, 20, 21, 22, 23, 24, 25, 26, 27, 28, 29]","[2.179060697555542, 2.4990150928497314, 2.3616044521331787, 2.2132346630096436, 2.503256320953369, 2.5439465045928955, 2.434403896331787, 2.2482779026031494, 2.457482099533081, 2.5490124225616455, 2.5240886211395264, 2.5335752964019775, 2.5128262042999268, 2.127703905105591, 2.4608898162841797, 2.3667399883270264, 2.3201351165771484, 2.5528948307037354, 2.1039998531341553, 2.0890116691589355, 2.547525644302368, 2.43180513381958, 2.433727741241455, 2.081848621368408, 2.0290911197662354, 2.472235918045044, 2.6029796600341797, 2.5390403270721436, 2.5280675888061523, 2.3936829566955566]",sae,Pre-64
1,beta,1,0.008,0.4560357198099471,0.4497423189216591,0.4645537906570904,0.5,0.5964054457666336,0.6887469306322896,30,"[0, 1, 2, 3, 4, 5, 6, 7, 8, 9, 10, 11, 12, 13, 14, 15, 16, 17, 18, 19, 20, 21, 22, 23, 24, 25, 26, 27, 28, 29]","[2.720060110092163, 2.6074318885803223, 2.6248857975006104, 2.499100923538208, 2.651275873184204, 2.6126246452331543, 2.6967978477478027, 2.290975332260132, 2.33652400970459, 2.278935432434082, 2.3700320720672607, 2.663681983947754, 2.7113726139068604, 2.481475830078125, 2.701545000076294, 2.664736270904541, 2.623600721359253, 2.6720550060272217, 2.6821560859680176, 2.6593265533447266, 2.739797830581665, 2.257205009460449, 2.478548526763916, 2.5991978645324707, 2.6154909133911133, 2.298522710800171, 2.632568120956421, 2.3628692626953125, 2.688093423843384, 2.4430110454559326]",sae,Pre-64
1,beta,44,0.026,0.4469012312759677,0.43811650775401,0.4779019527393013,0.5,0.5982762074796864,0.6273267221721376,30,"[0, 1, 2, 3, 4, 5, 6, 7, 8, 9, 10, 11, 12, 13, 14, 15, 16, 17, 18, 19, 20, 21, 22, 23, 24, 25, 26, 27, 28, 29]","[1.9735404253005981, 2.24373722076416, 2.0072920322418213, 1.889976143836975, 2.200136423110962, 2.316693067550659, 2.229057550430298, 2.1729626655578613, 2.1216039657592773, 2.3836991786956787, 2.024624824523926, 2.332150936126709, 2.2418596744537354, 1.9147675037384033, 2.342916488647461, 2.2941436767578125, 1.8579663038253784, 2.223808765411377, 2.224370241165161, 2.248779058456421, 1.8278889656066895, 2.0708231925964355, 2.2120561599731445, 2.2845780849456787, 2.2173848152160645, 2.2456960678100586, 2.073982000350952, 2.194131374359131, 2.1282718181610107, 2.2590723037719727]",sae,Pre-64
1,beta,22,0.038,0.4519005213187685,0.4442985770479847,0.4518759547021681,0.5,0.5939599289403404,0.6795168178449158,30,"[0, 1, 2, 3, 4, 5, 6, 7, 8, 9, 10, 11, 12, 13, 14, 15, 16, 17, 18, 19, 20, 21, 22, 23, 24, 25, 26, 27, 28, 29]","[1.665666937828064, 1.6840481758117676, 1.6904603242874146, 1.7970739603042603, 1.7928597927093506, 1.6748356819152832, 1.707242488861084, 1.7136435508728027, 1.730477213859558, 1.7741365432739258, 1.7136749029159546, 1.7860132455825806, 1.672114610671997, 1.7910218238830566, 1.6026582717895508, 1.7870826721191406, 1.7795472145080566, 1.7158207893371582, 1.6478276252746582, 1.605252742767334, 1.76958429813385, 1.7545828819274902, 1.7434418201446533, 1.7066929340362549, 1.7970705032348633, 1.7949951887130737, 1.6503630876541138, 1.652435064315796, 1.800869107246399, 1.6514948606491089]",sae,Pre-64
1,beta,21,0.01,0.4504746503440228,0.4381370334360364,0.4596989203252637,0.5,0.6200058082774133,0.6861599253574562,30,"[0, 1, 2, 3, 4, 5, 6, 7, 8, 9, 10, 11, 12, 13, 14, 15, 16, 17, 18, 19, 20, 21, 22, 23, 24, 25, 26, 27, 28, 29]","[2.4580137729644775, 2.5205435752868652, 2.61358904838562, 2.5399911403656006, 2.5363197326660156, 2.5640549659729004, 2.4686169624328613, 2.5343105792999268, 2.6023359298706055, 2.2027204036712646, 2.578317880630493, 2.6067967414855957, 2.3814339637756348, 2.5863723754882812, 2.5088744163513184, 2.2200779914855957, 2.227238178253174, 2.2771477699279785, 2.4317638874053955, 2.558706283569336, 2.2385318279266357, 2.5803120136260986, 2.398942470550537, 2.413496732711792, 2.463289737701416, 2.28446364402771, 2.3827009201049805, 2.384748697280884, 2.405327558517456, 2.475482702255249]",sae,Pre-64
1,beta,33,0.002,0.4492211383258522,0.4377959816952598,0.4616682596242302,0.5,0.6165210074526608,0.6821857367103643,30,"[0, 1, 2, 3, 4, 5, 6, 7, 8, 9, 10, 11, 12, 13, 14, 15, 16, 17, 18, 19, 20, 21, 22, 23, 24, 25, 26, 27, 28, 29]","[2.797095537185669, 2.7899932861328125, 2.6142334938049316, 2.605729103088379, 2.548267364501953, 2.8775382041931152, 2.4616682529449463, 2.8375232219696045, 2.7141273021698, 2.810936689376831, 2.542703151702881, 2.8000576496124268, 2.8167338371276855, 2.426264762878418, 2.8286397457122803, 2.796232223510742, 2.8055741786956787, 2.6796066761016846, 2.78731107711792, 2.7666094303131104, 2.7857275009155273, 2.48884916305542, 2.826533317565918, 2.7677853107452393, 2.8250527381896973, 2.7757959365844727, 2.7341654300689697, 2.5015435218811035, 2.569561004638672, 2.4966177940368652]",sae,Pre-64
1,beta,49,0.038,0.462130925118617,0.4524487678230295,0.4548997816079421,0.5,0.6141152509743157,0.6858712494717566,30,"[0, 1, 2, 3, 4, 5, 6, 7, 8, 9, 10, 11, 12, 13, 14, 15, 16, 17, 18, 19, 20, 21, 22, 23, 24, 25, 26, 27, 28, 29]","[1.6722663640975952, 1.753124713897705, 1.7433172464370728, 1.7007205486297607, 1.6232441663742065, 1.664777159690857, 1.8098698854446411, 1.716882586479187, 1.8585702180862427, 1.7610981464385986, 1.7358686923980713, 1.6724046468734741, 1.7753024101257324, 1.7591036558151245, 1.8334513902664185, 1.8035169839859009, 1.826080322265625, 1.8476155996322632, 1.6842405796051025, 1.7742587327957153, 1.8286830186843872, 1.6835294961929321, 1.8356393575668335, 1.7449482679367065, 1.6515412330627441, 1.7478094100952148, 1.767832636833191, 1.6637777090072632, 1.67662513256073, 1.6631346940994263]",sae,Pre-64
1,beta,33,0.02,0.4492211383258522,0.4377959816952598,0.4567408658081556,0.5,0.6165210074526608,0.6831586836932388,30,"[0, 1, 2, 3, 4, 5, 6, 7, 8, 9, 10, 11, 12, 13, 14, 15, 16, 17, 18, 19, 20, 21, 22, 23, 24, 25, 26, 27, 28, 29]","[2.3259665966033936, 2.3185508251190186, 2.144386053085327, 2.117055654525757, 2.072180986404419, 2.400261163711548, 2.001821517944336, 2.357828378677368, 2.238365888595581, 2.341707468032837, 2.066739559173584, 2.3232333660125732, 2.3377931118011475, 1.9494132995605469, 2.3662166595458984, 2.3166441917419434, 2.338977813720703, 2.1969246864318848, 2.317451238632202, 2.305093288421631, 2.3118555545806885, 2.0269784927368164, 2.345860004425049, 2.295508861541748, 2.3495826721191406, 2.294297933578491, 2.2582144737243652, 2.0319314002990723, 2.1088664531707764, 2.0174307823181152]",sae,Pre-64
1,beta,35,0.016,0.4566193215888805,0.4379483378046387,0.4474551203402462,0.5,0.637290178651746,0.7188693785270077,30,"[0, 1, 2, 3, 4, 5, 6, 7, 8, 9, 10, 11, 12, 13, 14, 15, 16, 17, 18, 19, 20, 21, 22, 23, 24, 25, 26, 27, 28, 29]","[2.0716021060943604, 2.476907968521118, 2.5285823345184326, 2.3440845012664795, 2.482548236846924, 2.2943191528320312, 2.4439876079559326, 2.467357873916626, 2.529142141342163, 2.456753730773926, 2.2534799575805664, 2.1636719703674316, 2.404689311981201, 2.3132457733154297, 2.2818853855133057, 2.3682363033294678, 2.4822287559509277, 2.147036075592041, 2.3097004890441895, 2.188110828399658, 2.090425491333008, 2.074401378631592, 2.2163257598876953, 2.3832271099090576, 2.496295928955078, 2.459496021270752, 2.0883119106292725, 2.471942186355591, 2.547610282897949, 2.41007137298584]",sae,Pre-64
1,beta,20,0.03,0.4408022875601419,0.4262939306313442,0.441937000910429,0.5,0.6176087118064704,0.6529953590174898,30,"[0, 1, 2, 3, 4, 5, 6, 7, 8, 9, 10, 11, 12, 13, 14, 15, 16, 17, 18, 19, 20, 21, 22, 23, 24, 25, 26, 27, 28, 29]","[1.7148233652114868, 1.7669132947921753, 1.700066328048706, 1.8365681171417236, 1.745930552482605, 1.7844903469085693, 1.7877023220062256, 1.6827346086502075, 1.713588833808899, 1.6451162099838257, 1.675698161125183, 1.6808446645736694, 1.8377405405044556, 1.6880731582641602, 1.7351685762405396, 1.8001095056533813, 1.7063145637512207, 1.6189247369766235, 1.7417529821395874, 1.7536083459854126, 1.6931498050689697, 1.6265285015106201, 1.7510995864868164, 1.8191145658493042, 1.8027751445770264, 1.6297130584716797, 1.6978954076766968, 1.7481719255447388, 1.617850661277771, 1.8046870231628418]",sae,Pre-64
1,beta,35,0.038,0.4566193215888805,0.4379483378046387,0.434499156141175,0.5,0.637290178651746,0.714454059694511,30,"[0, 1, 2, 3, 4, 5, 6, 7, 8, 9, 10, 11, 12, 13, 14, 15, 16, 17, 18, 19, 20, 21, 22, 23, 24, 25, 26, 27, 28, 29]","[1.4652448892593384, 1.5317951440811157, 1.5958000421524048, 1.5253665447235107, 1.538591742515564, 1.5030133724212646, 1.4514305591583252, 1.6122244596481323, 1.6277951002120972, 1.520039439201355, 1.5903692245483398, 1.4417632818222046, 1.5142364501953125, 1.4215348958969116, 1.511193871498108, 1.4686225652694702, 1.5987541675567627, 1.4436683654785156, 1.5486512184143066, 1.4492835998535156, 1.4701281785964966, 1.4614158868789673, 1.4790642261505127, 1.4484713077545166, 1.4956520795822144, 1.54150390625, 1.4722251892089844, 1.552586317062378, 1.6068527698516846, 1.545405387878418]",sae,Pre-64
1,beta,27,0.029,0.4609757262074365,0.4537266978541116,0.4681685338067403,0.5,0.5914172664146189,0.6593078635861651,30,"[0, 1, 2, 3, 4, 5, 6, 7, 8, 9, 10, 11, 12, 13, 14, 15, 16, 17, 18, 19, 20, 21, 22, 23, 24, 25, 26, 27, 28, 29]","[1.751014232635498, 1.885732650756836, 1.7515655755996704, 1.7692945003509521, 1.8448636531829834, 1.7782883644104004, 1.8697432279586792, 1.7236754894256592, 1.8663084506988525, 1.8720022439956665, 1.7427256107330322, 1.8921797275543213, 1.7635124921798706, 1.7252079248428345, 1.733061671257019, 1.6833208799362183, 1.8038948774337769, 1.8305999040603638, 1.8033605813980103, 1.8264821767807007, 1.86420476436615, 1.7503000497817993, 1.7581003904342651, 1.7658346891403198, 1.7409532070159912, 1.9010796546936035, 1.7553704977035522, 1.8135666847229004, 1.6911424398422241, 1.8135344982147217]",sae,Pre-64
1,beta,31,0.024,0.4497611378811508,0.4308970333737342,0.4353154170423975,0.5,0.642735734520437,0.7110611666763021,30,"[0, 1, 2, 3, 4, 5, 6, 7, 8, 9, 10, 11, 12, 13, 14, 15, 16, 17, 18, 19, 20, 21, 22, 23, 24, 25, 26, 27, 28, 29]","[1.7267732620239258, 1.6852450370788574, 1.5769487619400024, 1.6153247356414795, 1.6511380672454834, 1.7605810165405273, 1.6091631650924683, 1.6744829416275024, 1.6161373853683472, 1.7094660997390747, 1.6358871459960938, 1.677444338798523, 1.7161043882369995, 1.5816233158111572, 1.710898756980896, 1.6408213376998901, 1.6471575498580933, 1.6813936233520508, 1.690576195716858, 1.6509172916412354, 1.7292522192001343, 1.6594135761260986, 1.7191156148910522, 1.6559969186782837, 1.668729543685913, 1.698000431060791, 1.5784106254577637, 1.73623526096344, 1.577634334564209, 1.6728557348251343]",sae,Pre-64
1,beta,46,0.034,0.4545712902572906,0.4417269056853911,0.457181661259569,0.5,0.6270377926330811,0.6888526773048887,30,"[0, 1, 2, 3, 4, 5, 6, 7, 8, 9, 10, 11, 12, 13, 14, 15, 16, 17, 18, 19, 20, 21, 22, 23, 24, 25, 26, 27, 28, 29]","[1.6423932313919067, 1.761486530303955, 1.741855263710022, 1.7305748462677002, 1.6468695402145386, 1.7670159339904785, 1.662754774093628, 1.8158884048461914, 1.713930368423462, 1.829785704612732, 1.5580668449401855, 1.6439474821090698, 1.7967782020568848, 1.644667148590088, 1.695228934288025, 1.8015059232711792, 1.7089834213256836, 1.7230838537216187, 1.8266232013702393, 1.785949945449829, 1.686967134475708, 1.7029963731765747, 1.7123159170150757, 1.7233937978744507, 1.7067753076553345, 1.7309156656265259, 1.7312076091766357, 1.7478702068328857, 1.69659423828125, 1.7093056440353394]",sae,Pre-64
1,beta,13,0.018,0.4619123366083722,0.4531466051409948,0.4567737342919241,0.5,0.6127276801885291,0.7149386956601405,30,"[0, 1, 2, 3, 4, 5, 6, 7, 8, 9, 10, 11, 12, 13, 14, 15, 16, 17, 18, 19, 20, 21, 22, 23, 24, 25, 26, 27, 28, 29]","[2.4507229328155518, 2.441196918487549, 2.4320261478424072, 2.348546266555786, 2.1659252643585205, 2.4595916271209717, 2.4296343326568604, 2.3411855697631836, 2.135655641555786, 2.357577323913574, 2.4622106552124023, 2.3390026092529297, 2.4670493602752686, 2.1158766746520996, 2.4129385948181152, 2.3400020599365234, 2.3577208518981934, 2.3626694679260254, 2.3296258449554443, 2.2965526580810547, 2.342046022415161, 2.113039016723633, 2.479001760482788, 2.1607539653778076, 1.9908236265182495, 2.0867133140563965, 2.125746488571167, 2.11114239692688, 2.4138829708099365, 2.1518101692199707]",sae,Pre-64
1,beta,13,0.04,0.4619123366083722,0.4531466051409948,0.4455861371871676,0.5,0.6127276801885291,0.7115855970390124,30,"[0, 1, 2, 3, 4, 5, 6, 7, 8, 9, 10, 11, 12, 13, 14, 15, 16, 17, 18, 19, 20, 21, 22, 23, 24, 25, 26, 27, 28, 29]","[1.764076828956604, 1.6275185346603394, 1.7457985877990723, 1.6584399938583374, 1.655843734741211, 1.7538902759552002, 1.6821300983428955, 1.6700962781906128, 1.691593050956726, 1.6653345823287964, 1.7600308656692505, 1.6407487392425537, 1.7385677099227905, 1.6698569059371948, 1.7439817190170288, 1.610053539276123, 1.6503403186798096, 1.6965150833129883, 1.7131153345108032, 1.6663572788238525, 1.6632084846496582, 1.6135289669036865, 1.7036319971084595, 1.6169910430908203, 1.6391161680221558, 1.6062768697738647, 1.661241054534912, 1.596239447593689, 1.712030053138733, 1.6546881198883057]",sae,Pre-64
1,beta,31,0.005,0.4497611378811508,0.4308970333737342,0.451494555658063,0.5,0.642735734520437,0.7086228825807943,30,"[0, 1, 2, 3, 4, 5, 6, 7, 8, 9, 10, 11, 12, 13, 14, 15, 16, 17, 18, 19, 20, 21, 22, 23, 24, 25, 26, 27, 28, 29]","[2.606674909591675, 2.751277208328247, 2.6305274963378906, 2.4539754390716553, 2.5039026737213135, 2.685208559036255, 2.5582494735717773, 2.514216184616089, 2.629934072494507, 2.6656219959259033, 2.6451926231384277, 2.4675979614257812, 2.720954418182373, 2.661736488342285, 2.727562665939331, 2.6615257263183594, 2.358766555786133, 2.692974328994751, 2.5925850868225098, 2.656514883041382, 2.694607734680176, 2.5801072120666504, 2.6007354259490967, 2.4176833629608154, 2.4843924045562744, 2.6867823600769043, 2.512843608856201, 2.7367842197418213, 2.549403667449951, 2.573758840560913]",sae,Pre-64
1,beta,21,0.028,0.4504746503440228,0.4381370334360364,0.4459921686122131,0.5,0.6200058082774133,0.6876691506321135,30,"[0, 1, 2, 3, 4, 5, 6, 7, 8, 9, 10, 11, 12, 13, 14, 15, 16, 17, 18, 19, 20, 21, 22, 23, 24, 25, 26, 27, 28, 29]","[1.6818915605545044, 1.7611089944839478, 1.8764312267303467, 1.8735796213150024, 1.8785555362701416, 1.8268755674362183, 1.7012152671813965, 1.749806523323059, 1.8743681907653809, 1.723172903060913, 1.8407033681869507, 1.8745065927505493, 1.7063407897949219, 1.7743051052093506, 1.762818694114685, 1.6917991638183594, 1.7049239873886108, 1.7292473316192627, 1.7183088064193726, 1.8725612163543701, 1.6600950956344604, 1.8647949695587158, 1.6609817743301392, 1.686599612236023, 1.7213960886001587, 1.7057491540908813, 1.6913492679595947, 1.7374423742294312, 1.8151668310165405, 1.8123090267181396]",sae,Pre-64
1,beta,24,0.025,0.4501416387440968,0.4383559369047743,0.46351176247594,0.5,0.6188330126613704,0.6494103773584906,30,"[0, 1, 2, 3, 4, 5, 6, 7, 8, 9, 10, 11, 12, 13, 14, 15, 16, 17, 18, 19, 20, 21, 22, 23, 24, 25, 26, 27, 28, 29]","[2.1980373859405518, 2.133849620819092, 2.0157504081726074, 2.2512688636779785, 2.2298102378845215, 1.7604844570159912, 2.2259154319763184, 2.24330472946167, 2.3152995109558105, 2.208683490753174, 2.0105679035186768, 1.8641198873519897, 2.3125252723693848, 2.304474353790283, 1.9392277002334595, 1.8788816928863525, 2.293916702270508, 2.1578609943389893, 2.214012861251831, 2.237107515335083, 2.2263119220733643, 2.227644920349121, 1.7947731018066406, 2.195531129837036, 1.7564194202423096, 2.0039479732513428, 2.055591344833374, 1.7906100749969482, 2.3067660331726074, 2.2126049995422363]",sae,Pre-64
1,beta,31,0.0151,0.4497611378811508,0.4308970333737342,0.4498055978584436,0.5,0.642735734520437,0.7089697635428108,30,"[0, 1, 2, 3, 4, 5, 6, 7, 8, 9, 10, 11, 12, 13, 14, 15, 16, 17, 18, 19, 20, 21, 22, 23, 24, 25, 26, 27, 28, 29]","[2.364116668701172, 2.519666910171509, 2.398998975753784, 2.2142140865325928, 2.262540102005005, 2.4430532455444336, 2.321277379989624, 2.272357702255249, 2.396456003189087, 2.424013614654541, 2.411245346069336, 2.218552350997925, 2.485002040863037, 2.4263501167297363, 2.4914188385009766, 2.428962230682373, 2.1100387573242188, 2.454623222351074, 2.352783203125, 2.4183735847473145, 2.4611282348632812, 2.346013069152832, 2.3753273487091064, 2.166761875152588, 2.2391200065612793, 2.449742078781128, 2.2744104862213135, 2.5011417865753174, 2.315028190612793, 2.3316428661346436]",sae,Pre-64
1,beta,24,0.006,0.4501416387440968,0.4383559369047743,0.4657717505519341,0.5,0.6188330126613704,0.65129251489573,30,"[0, 1, 2, 3, 4, 5, 6, 7, 8, 9, 10, 11, 12, 13, 14, 15, 16, 17, 18, 19, 20, 21, 22, 23, 24, 25, 26, 27, 28, 29]","[2.7005484104156494, 2.6227080821990967, 2.5274078845977783, 2.743950605392456, 2.7390804290771484, 2.2853925228118896, 2.711799383163452, 2.7285680770874023, 2.802570104598999, 2.6994874477386475, 2.5245282649993896, 2.3780272006988525, 2.796902656555176, 2.7945234775543213, 2.446136951446533, 2.3858556747436523, 2.7870943546295166, 2.640491247177124, 2.6978743076324463, 2.733428478240967, 2.727447032928467, 2.7253785133361816, 2.3307342529296875, 2.686628818511963, 2.3008780479431152, 2.5027966499328613, 2.5713982582092285, 2.310049295425415, 2.800234079360962, 2.7017574310302734]",sae,Pre-64
1,beta,26,0.018,0.4502231978181314,0.4442488029476733,0.4834603626390878,0.5,0.5832450787939482,0.647989199712268,30,"[0, 1, 2, 3, 4, 5, 6, 7, 8, 9, 10, 11, 12, 13, 14, 15, 16, 17, 18, 19, 20, 21, 22, 23, 24, 25, 26, 27, 28, 29]","[2.161698341369629, 2.375837802886963, 2.4850172996520996, 2.2648189067840576, 2.1545374393463135, 2.356764316558838, 2.4888083934783936, 2.3967294692993164, 2.373924732208252, 2.142444133758545, 2.441734790802002, 2.5538227558135986, 2.475778818130493, 2.4932057857513428, 2.45493745803833, 2.5054283142089844, 2.193333148956299, 2.276982307434082, 2.2499687671661377, 2.3333401679992676, 2.02790904045105, 2.534003734588623, 2.4514009952545166, 2.4761438369750977, 2.502155065536499, 2.499821424484253, 2.1743645668029785, 2.4659197330474854, 2.4651405811309814, 2.0633769035339355]",sae,Pre-64
1,beta,49,0.016,0.462130925118617,0.4524487678230295,0.468951865281124,0.5,0.6141152509743157,0.6877817298211016,30,"[0, 1, 2, 3, 4, 5, 6, 7, 8, 9, 10, 11, 12, 13, 14, 15, 16, 17, 18, 19, 20, 21, 22, 23, 24, 25, 26, 27, 28, 29]","[2.1829898357391357, 2.255460739135742, 2.459352731704712, 2.1406383514404297, 2.2474782466888428, 2.08850359916687, 2.512773036956787, 2.518308401107788, 2.4394466876983643, 2.514787197113037, 2.5210187435150146, 2.2292399406433105, 2.3980040550231934, 2.5021190643310547, 2.563127040863037, 2.450166940689087, 2.543578863143921, 2.5268895626068115, 2.5097851753234863, 2.2906811237335205, 2.5734541416168213, 2.182100296020508, 2.5328333377838135, 2.4133968353271484, 2.383406162261963, 2.5232009887695312, 2.2708065509796143, 2.378622531890869, 2.4401345252990723, 2.127246379852295]",sae,Pre-64
1,beta,36,0.028,0.4642138821845151,0.4576483090311837,0.4719534922362984,0.5,0.6031055233182893,0.6748174673706588,30,"[0, 1, 2, 3, 4, 5, 6, 7, 8, 9, 10, 11, 12, 13, 14, 15, 16, 17, 18, 19, 20, 21, 22, 23, 24, 25, 26, 27, 28, 29]","[1.9340101480484009, 1.9715420007705688, 1.76387619972229, 1.939383864402771, 1.779178500175476, 1.973179578781128, 1.7767279148101807, 1.7822617292404175, 1.99532949924469, 1.8629893064498901, 1.8852232694625854, 1.9595798254013062, 1.8290178775787354, 1.8892219066619873, 1.778151512145996, 1.9684315919876099, 1.9209513664245605, 1.900597095489502, 1.9774025678634644, 1.8173161745071411, 1.7581578493118286, 1.8900455236434937, 1.867765188217163, 1.782531499862671, 1.932503581047058, 1.9409531354904175, 1.8521394729614258, 1.91655433177948, 1.8998503684997559, 1.797042727470398]",sae,Pre-64
1,beta,7,0.014,0.4564836922581216,0.4420418003909208,0.4602245215399014,0.5,0.6095136152062148,0.6978041987529653,30,"[0, 1, 2, 3, 4, 5, 6, 7, 8, 9, 10, 11, 12, 13, 14, 15, 16, 17, 18, 19, 20, 21, 22, 23, 24, 25, 26, 27, 28, 29]","[2.242074728012085, 2.281165599822998, 2.51438045501709, 2.5702884197235107, 2.5222601890563965, 2.4976866245269775, 2.5508246421813965, 2.180237054824829, 2.594284772872925, 2.185490846633911, 2.400059938430786, 2.2206082344055176, 2.484508514404297, 2.3720457553863525, 2.544637441635132, 2.3671281337738037, 2.30603289604187, 2.5122292041778564, 2.283719539642334, 2.557284116744995, 2.3478853702545166, 2.5826034545898438, 2.598942518234253, 2.4444453716278076, 2.326148271560669, 2.6047585010528564, 2.4607720375061035, 2.538731336593628, 2.5631589889526367, 2.1318273544311523]",sae,Pre-64
1,beta,4,0.034,0.4589558369307028,0.4477177462853796,0.4720589986383666,0.5,0.61034827708266,0.6540699016575096,30,"[0, 1, 2, 3, 4, 5, 6, 7, 8, 9, 10, 11, 12, 13, 14, 15, 16, 17, 18, 19, 20, 21, 22, 23, 24, 25, 26, 27, 28, 29]","[1.8256386518478394, 1.8330843448638916, 1.6686424016952515, 1.8382350206375122, 1.6791167259216309, 1.7177232503890991, 1.83449387550354, 1.6919188499450684, 1.6900639533996582, 1.8281514644622803, 1.7878438234329224, 1.7076568603515625, 1.8343719244003296, 1.6571775674819946, 1.6690109968185425, 1.7231061458587646, 1.759934663772583, 1.7726209163665771, 1.7206740379333496, 1.7715247869491577, 1.7390291690826416, 1.7809150218963623, 1.7116962671279907, 1.692617416381836, 1.761905550956726, 1.74764883518219, 1.6826289892196655, 1.7182953357696533, 1.7972244024276733, 1.6876990795135498]",sae,Pre-64
1,beta,12,0.029,0.4455148672091349,0.4361346773072694,0.4194126679037648,0.5,0.5892778403611032,0.7302944324731113,30,"[0, 1, 2, 3, 4, 5, 6, 7, 8, 9, 10, 11, 12, 13, 14, 15, 16, 17, 18, 19, 20, 21, 22, 23, 24, 25, 26, 27, 28, 29]","[1.6156315803527832, 1.790417194366455, 1.6488096714019775, 1.6047873497009277, 1.8173738718032837, 1.7684314250946045, 1.7466148138046265, 1.7407842874526978, 1.7980279922485352, 1.6415379047393799, 1.6243159770965576, 1.8482317924499512, 1.6698580980300903, 1.7488638162612915, 1.607901930809021, 1.8501356840133667, 1.580833077430725, 1.8393274545669556, 1.7293386459350586, 1.8444297313690186, 1.7866966724395752, 1.7422480583190918, 1.6453475952148438, 1.8459651470184326, 1.833203911781311, 1.7131766080856323, 1.834451675415039, 1.7463650703430176, 1.6930228471755981, 1.8471416234970093]",sae,Pre-64
1,beta,29,0.008,0.4558655961502112,0.4409050416793991,0.4716512541167983,0.5,0.6296548282533407,0.6789526608331298,30,"[0, 1, 2, 3, 4, 5, 6, 7, 8, 9, 10, 11, 12, 13, 14, 15, 16, 17, 18, 19, 20, 21, 22, 23, 24, 25, 26, 27, 28, 29]","[2.3048155307769775, 2.5876963138580322, 2.040680170059204, 2.606524705886841, 2.574301242828369, 2.256154775619507, 2.6388566493988037, 2.2519664764404297, 2.5224404335021973, 2.586276054382324, 2.4683330059051514, 2.5733742713928223, 2.557037591934204, 2.265860080718994, 2.446611166000366, 2.245335578918457, 2.5218939781188965, 2.5666277408599854, 2.5517325401306152, 2.562716484069824, 2.4109113216400146, 2.6152522563934326, 2.570587396621704, 2.541882276535034, 2.5916411876678467, 2.3989388942718506, 2.281262159347534, 2.648404359817505, 2.5453474521636963, 2.52132248878479]",sae,Pre-64
1,beta,45,0.008,0.4515599815008028,0.4347157609968581,0.4685018518384815,0.5,0.6289673345145609,0.6780382536004725,30,"[0, 1, 2, 3, 4, 5, 6, 7, 8, 9, 10, 11, 12, 13, 14, 15, 16, 17, 18, 19, 20, 21, 22, 23, 24, 25, 26, 27, 28, 29]","[2.690554618835449, 2.737295389175415, 2.558001756668091, 2.7758829593658447, 2.7547738552093506, 2.7011477947235107, 2.729628562927246, 2.7178945541381836, 2.3713607788085938, 2.2562448978424072, 2.4844765663146973, 2.758298873901367, 2.6430089473724365, 2.720092535018921, 2.461094379425049, 2.683525323867798, 2.5505101680755615, 2.6568005084991455, 2.6325201988220215, 2.6613097190856934, 2.691377878189087, 2.3266711235046387, 2.4925713539123535, 2.6320981979370117, 2.6651811599731445, 2.6017539501190186, 2.3327536582946777, 2.3837406635284424, 2.5742690563201904, 2.736236333847046]",sae,Pre-64
1,beta,47,0.0151,0.4460371044958436,0.4257646434940195,0.4217582823749061,0.5,0.6434257056516428,0.7370250112518485,30,"[0, 1, 2, 3, 4, 5, 6, 7, 8, 9, 10, 11, 12, 13, 14, 15, 16, 17, 18, 19, 20, 21, 22, 23, 24, 25, 26, 27, 28, 29]","[2.4701876640319824, 2.370415210723877, 2.385775089263916, 2.1184184551239014, 2.451307535171509, 2.507667064666748, 2.347482681274414, 2.4618773460388184, 2.23725962638855, 2.193120002746582, 2.4011247158050537, 2.3506603240966797, 2.1802589893341064, 2.4992144107818604, 2.430492639541626, 2.37827205657959, 2.161346912384033, 2.5166022777557373, 2.3492345809936523, 2.2100839614868164, 2.474679946899414, 2.324268341064453, 2.44132137298584, 2.272395372390747, 2.423823356628418, 2.3073112964630127, 2.2065112590789795, 2.4069087505340576, 2.392000436782837, 2.4465489387512207]",sae,Pre-64
1,beta,20,0.002,0.4408022875601419,0.4262939306313442,0.4568882253796546,0.5,0.6176087118064704,0.6541995149599066,30,"[0, 1, 2, 3, 4, 5, 6, 7, 8, 9, 10, 11, 12, 13, 14, 15, 16, 17, 18, 19, 20, 21, 22, 23, 24, 25, 26, 27, 28, 29]","[2.8815550804138184, 2.9074106216430664, 2.877558708190918, 2.9241762161254883, 2.8676862716674805, 2.7837424278259277, 2.9182581901550293, 2.8362555503845215, 2.82612943649292, 2.5700948238372803, 2.642204761505127, 2.84576153755188, 2.9844131469726562, 2.889625310897827, 2.817671060562134, 2.913620710372925, 2.8789045810699463, 2.59851336479187, 2.876688241958618, 2.907158136367798, 2.514336585998535, 2.535670757293701, 2.645291805267334, 2.905210018157959, 2.8319740295410156, 2.627040147781372, 2.5324578285217285, 2.603299856185913, 2.7373034954071045, 2.9364678859710693]",sae,Pre-64
1,beta,29,0.026,0.4558655961502112,0.4409050416793991,0.46134647717258,0.5,0.6296548282533407,0.6742875297284093,30,"[0, 1, 2, 3, 4, 5, 6, 7, 8, 9, 10, 11, 12, 13, 14, 15, 16, 17, 18, 19, 20, 21, 22, 23, 24, 25, 26, 27, 28, 29]","[1.6912795305252075, 1.7363035678863525, 1.4028129577636719, 1.8220652341842651, 1.7669075727462769, 1.682643175125122, 1.8587702512741089, 1.6675329208374023, 1.7770434617996216, 1.8105411529541016, 1.7266762256622314, 1.7949647903442383, 1.8117541074752808, 1.704136610031128, 1.7801133394241333, 1.7001851797103882, 1.7745670080184937, 1.7598369121551514, 1.7096983194351196, 1.7455248832702637, 1.8161333799362183, 1.8681401014328003, 1.743327021598816, 1.735081434249878, 1.7839114665985107, 1.6251647472381592, 1.685768485069275, 1.8431637287139893, 1.876281499862671, 1.6804225444793701]",sae,Pre-64
1,beta,10,0.0155,0.4493907433353129,0.4390813823454372,0.4664376923970768,0.5,0.6232207829487961,0.673625892568804,30,"[0, 1, 2, 3, 4, 5, 6, 7, 8, 9, 10, 11, 12, 13, 14, 15, 16, 17, 18, 19, 20, 21, 22, 23, 24, 25, 26, 27, 28, 29]","[2.453329563140869, 2.2946419715881348, 2.492771863937378, 2.1482741832733154, 2.4974992275238037, 2.3996691703796387, 2.1408276557922363, 2.483841896057129, 2.472795009613037, 2.534905195236206, 2.401638984680176, 2.327730178833008, 2.294363498687744, 2.1668596267700195, 2.113337993621826, 2.3034517765045166, 2.42759370803833, 2.165893316268921, 2.5089733600616455, 2.134443521499634, 2.142693281173706, 2.469567060470581, 2.487431764602661, 2.5273990631103516, 2.5067217350006104, 2.280608892440796, 2.4255528450012207, 2.4461512565612793, 2.446930408477783, 2.4699132442474365]",sae,Pre-64
1,beta,2,0.026,0.4419681213812466,0.4306250660512843,0.4346690033707725,0.5,0.6028191218064636,0.6905457411786525,30,"[0, 1, 2, 3, 4, 5, 6, 7, 8, 9, 10, 11, 12, 13, 14, 15, 16, 17, 18, 19, 20, 21, 22, 23, 24, 25, 26, 27, 28, 29]","[1.774749994277954, 1.745835781097412, 1.7344155311584473, 1.8862745761871338, 1.7974706888198853, 1.955723762512207, 1.7544164657592773, 1.8200610876083374, 1.7727677822113037, 1.8402091264724731, 1.8604085445404053, 1.751582384109497, 1.8953533172607422, 1.9382655620574951, 1.8715167045593262, 1.8914990425109863, 1.8952991962432861, 1.963224172592163, 1.9730608463287354, 1.9407305717468262, 1.8359888792037964, 1.759886384010315, 1.906108021736145, 1.9490886926651, 1.7153229713439941, 1.7662272453308105, 1.8706238269805908, 1.8790947198867798, 1.6758661270141602, 1.9522095918655396]",sae,Pre-64
1,beta,7,0.03,0.4564836922581216,0.4420418003909208,0.4447034385006936,0.5,0.6095136152062148,0.7012350921269328,30,"[0, 1, 2, 3, 4, 5, 6, 7, 8, 9, 10, 11, 12, 13, 14, 15, 16, 17, 18, 19, 20, 21, 22, 23, 24, 25, 26, 27, 28, 29]","[1.6376771926879883, 1.7108526229858398, 1.7466983795166016, 1.7299143075942993, 1.7302508354187012, 1.685676097869873, 1.7468554973602295, 1.6664273738861084, 1.8049236536026, 1.6904481649398804, 1.6211410760879517, 1.6666969060897827, 1.606731653213501, 1.6486493349075317, 1.8277286291122437, 1.730009913444519, 1.6608470678329468, 1.6908609867095947, 1.753898024559021, 1.737909197807312, 1.7268047332763672, 1.8099764585494995, 1.779267430305481, 1.6569877862930298, 1.7994163036346436, 1.830207347869873, 1.6487005949020386, 1.6612848043441772, 1.7918877601623535, 1.6505361795425415]",sae,Pre-64
1,beta,27,0.04,0.4609757262074365,0.4537266978541116,0.4679095203700902,0.5,0.5914172664146189,0.6593092388919986,30,"[0, 1, 2, 3, 4, 5, 6, 7, 8, 9, 10, 11, 12, 13, 14, 15, 16, 17, 18, 19, 20, 21, 22, 23, 24, 25, 26, 27, 28, 29]","[1.7330492734909058, 1.8681515455245972, 1.7337489128112793, 1.75147545337677, 1.8271939754486084, 1.7607166767120361, 1.8520861864089966, 1.7062232494354248, 1.8488346338272095, 1.854617714881897, 1.725243091583252, 1.8746126890182495, 1.7457735538482666, 1.707582712173462, 1.7152860164642334, 1.6654975414276123, 1.7862507104873657, 1.8129674196243286, 1.785818338394165, 1.8089877367019653, 1.846543550491333, 1.732311487197876, 1.740322232246399, 1.748581051826477, 1.7231113910675049, 1.883594036102295, 1.7375613451004028, 1.795944094657898, 1.6732406616210938, 1.7958365678787231]",sae,Pre-64
1,beta,36,0.01,0.4642138821845151,0.4576483090311837,0.4805806037528095,0.5,0.6031055233182893,0.6746933103316082,30,"[0, 1, 2, 3, 4, 5, 6, 7, 8, 9, 10, 11, 12, 13, 14, 15, 16, 17, 18, 19, 20, 21, 22, 23, 24, 25, 26, 27, 28, 29]","[2.5834810733795166, 2.5572128295898438, 2.463059902191162, 2.503523588180542, 2.234830379486084, 2.5803778171539307, 2.502933979034424, 2.1759917736053467, 2.5803937911987305, 2.510058641433716, 2.5627219676971436, 2.6080493927001953, 2.2612802982330322, 2.5547852516174316, 2.244826316833496, 2.5775742530822754, 2.6198174953460693, 2.4322197437286377, 2.6527369022369385, 2.2943272590637207, 2.178696632385254, 2.552777051925659, 2.558978319168091, 2.3753857612609863, 2.5732979774475098, 2.451262950897217, 2.497647285461426, 2.40021014213562, 2.522918939590454, 2.2503392696380615]",sae,Pre-64
1,beta,6,0.028,0.4540822999211705,0.4457917896713532,0.4522141971101925,0.5,0.5933447799067053,0.6652667406135566,30,"[0, 1, 2, 3, 4, 5, 6, 7, 8, 9, 10, 11, 12, 13, 14, 15, 16, 17, 18, 19, 20, 21, 22, 23, 24, 25, 26, 27, 28, 29]","[1.679686427116394, 1.7241498231887817, 1.6068553924560547, 1.7420036792755127, 1.5962423086166382, 1.6436121463775635, 1.6216561794281006, 1.6744170188903809, 1.578015923500061, 1.703200101852417, 1.6244728565216064, 1.5847394466400146, 1.6258150339126587, 1.5798505544662476, 1.3930290937423706, 1.720496654510498, 1.6022543907165527, 1.6681411266326904, 1.6592351198196411, 1.6566041707992554, 1.6444014310836792, 1.589033603668213, 1.7183794975280762, 1.6277084350585938, 1.5877671241760254, 1.6668723821640015, 1.6324598789215088, 1.5737026929855347, 1.6326984167099, 1.678770661354065]",sae,Pre-64
1,beta,45,0.026,0.4515599815008028,0.4347157609968581,0.4521186439799324,0.5,0.6289673345145609,0.6772310814289825,30,"[0, 1, 2, 3, 4, 5, 6, 7, 8, 9, 10, 11, 12, 13, 14, 15, 16, 17, 18, 19, 20, 21, 22, 23, 24, 25, 26, 27, 28, 29]","[1.7059805393218994, 1.7084156274795532, 1.5875900983810425, 1.7855970859527588, 1.786558985710144, 1.637417197227478, 1.7870219945907593, 1.7759160995483398, 1.6358566284179688, 1.5856220722198486, 1.7191146612167358, 1.7861132621765137, 1.7539069652557373, 1.6577705144882202, 1.6858152151107788, 1.6925466060638428, 1.7137409448623657, 1.6332727670669556, 1.694615125656128, 1.6906136274337769, 1.7493712902069092, 1.6310172080993652, 1.7641297578811646, 1.6555718183517456, 1.5961076021194458, 1.785963773727417, 1.626739263534546, 1.6399201154708862, 1.5781632661819458, 1.7901116609573364]",sae,Pre-64
1,beta,23,0.0155,0.4478205607315014,0.4344954522622479,0.4515993479441859,0.5,0.6150139710231751,0.6828721458493126,30,"[0, 1, 2, 3, 4, 5, 6, 7, 8, 9, 10, 11, 12, 13, 14, 15, 16, 17, 18, 19, 20, 21, 22, 23, 24, 25, 26, 27, 28, 29]","[2.2273566722869873, 2.5318212509155273, 2.4900825023651123, 2.5010716915130615, 2.376845359802246, 2.322174072265625, 2.421431303024292, 2.052990674972534, 2.0928988456726074, 2.540868043899536, 2.538686990737915, 2.2690863609313965, 2.1904733180999756, 2.4452707767486572, 2.495413064956665, 2.5157618522644043, 2.376770496368408, 2.09800124168396, 2.2955281734466553, 2.164558172225952, 2.5181264877319336, 2.246446371078491, 2.410501718521118, 2.542210578918457, 2.2493338584899902, 2.417623519897461, 2.0245046615600586, 2.429802179336548, 2.438711166381836, 2.5387964248657227]",sae,Pre-64
1,beta,31,0.034,0.4497611378811508,0.4308970333737342,0.4352034510656223,0.5,0.642735734520437,0.7110958547725038,30,"[0, 1, 2, 3, 4, 5, 6, 7, 8, 9, 10, 11, 12, 13, 14, 15, 16, 17, 18, 19, 20, 21, 22, 23, 24, 25, 26, 27, 28, 29]","[1.71819269657135, 1.6766499280929565, 1.5681606531143188, 1.6067395210266113, 1.6423466205596924, 1.7520270347595215, 1.6005440950393677, 1.6657589673995972, 1.6073360443115234, 1.7008475065231323, 1.627098560333252, 1.6689043045043945, 1.707433819770813, 1.5731514692306519, 1.7021820545196533, 1.6320971250534058, 1.6384994983673096, 1.6727615594863892, 1.681955099105835, 1.642274260520935, 1.7206141948699951, 1.6507176160812378, 1.710476040840149, 1.64729905128479, 1.660024881362915, 1.6893428564071655, 1.5698319673538208, 1.7275505065917969, 1.5688555240631104, 1.6640883684158325]",sae,Pre-64
1,beta,20,0.016,0.4408022875601419,0.4262939306313442,0.455105547426655,0.5,0.6176087118064704,0.6530916239385526,30,"[0, 1, 2, 3, 4, 5, 6, 7, 8, 9, 10, 11, 12, 13, 14, 15, 16, 17, 18, 19, 20, 21, 22, 23, 24, 25, 26, 27, 28, 29]","[2.5103163719177246, 2.534980535507202, 2.5105676651000977, 2.540963888168335, 2.4928982257843018, 2.3959250450134277, 2.5391733646392822, 2.4714272022247314, 2.4533655643463135, 2.175138473510742, 2.269960641860962, 2.4802398681640625, 2.613525152206421, 2.5232012271881104, 2.43808650970459, 2.5376651287078857, 2.5133633613586426, 2.2188880443573, 2.5055315494537354, 2.5375866889953613, 2.1169326305389404, 2.1481077671051025, 2.256852388381958, 2.5270168781280518, 2.4501984119415283, 2.2490086555480957, 2.140017032623291, 2.2099602222442627, 2.364729404449463, 2.5622851848602295]",sae,Pre-64
1,beta,10,0.006,0.4493907433353129,0.4390813823454372,0.4668974029956963,0.5,0.6232207829487961,0.6734565287595535,30,"[0, 1, 2, 3, 4, 5, 6, 7, 8, 9, 10, 11, 12, 13, 14, 15, 16, 17, 18, 19, 20, 21, 22, 23, 24, 25, 26, 27, 28, 29]","[2.6385409832000732, 2.464754104614258, 2.6717848777770996, 2.3639461994171143, 2.667349338531494, 2.5818774700164795, 2.3682169914245605, 2.663618326187134, 2.653587818145752, 2.7128326892852783, 2.5894784927368164, 2.546051263809204, 2.5114853382110596, 2.387115001678467, 2.3422205448150635, 2.5171544551849365, 2.614851951599121, 2.385383129119873, 2.68880033493042, 2.349672317504883, 2.359652042388916, 2.6586239337921143, 2.67840313911438, 2.700670003890991, 2.6836211681365967, 2.4546191692352295, 2.6155545711517334, 2.619030475616455, 2.629470109939575, 2.6786253452301025]",sae,Pre-64
1,beta,27,0.012,0.4609757262074365,0.4537266978541116,0.4827967434382968,0.5,0.5914172664146189,0.659545791495384,30,"[0, 1, 2, 3, 4, 5, 6, 7, 8, 9, 10, 11, 12, 13, 14, 15, 16, 17, 18, 19, 20, 21, 22, 23, 24, 25, 26, 27, 28, 29]","[2.479811906814575, 2.6558048725128174, 2.2902371883392334, 2.491204023361206, 2.618114709854126, 2.5211338996887207, 2.5692601203918457, 2.2832415103912354, 2.581122875213623, 2.612607955932617, 2.310438871383667, 2.605046510696411, 2.2962753772735596, 2.2701146602630615, 2.3331990242004395, 2.2663516998291016, 2.587449789047241, 2.6092028617858887, 2.5818684101104736, 2.4254701137542725, 2.6531002521514893, 2.2681989669799805, 2.573242425918579, 2.5584583282470703, 2.2919318675994873, 2.6451563835144043, 2.448456048965454, 2.598215103149414, 2.4839141368865967, 2.527358293533325]",sae,Pre-64
1,beta,47,0.034,0.4460371044958436,0.4257646434940195,0.4112920384820641,0.5,0.6434257056516428,0.735355719153861,30,"[0, 1, 2, 3, 4, 5, 6, 7, 8, 9, 10, 11, 12, 13, 14, 15, 16, 17, 18, 19, 20, 21, 22, 23, 24, 25, 26, 27, 28, 29]","[1.8562021255493164, 1.6713885068893433, 1.668346881866455, 1.6652060747146606, 1.7880984544754028, 1.8237937688827515, 1.7442485094070435, 1.8501973152160645, 1.7868708372116089, 1.685279369354248, 1.7212740182876587, 1.665334701538086, 1.6914781332015991, 1.8522592782974243, 1.672865867614746, 1.8333200216293335, 1.703830599784851, 1.7944968938827515, 1.6389567852020264, 1.6631773710250854, 1.6988520622253418, 1.7757568359375, 1.8531255722045898, 1.6807982921600342, 1.7581192255020142, 1.64484441280365, 1.5916829109191895, 1.8386067152023315, 1.6394000053405762, 1.7147750854492188]",sae,Pre-64
1,beta,0,0.04,0.4600628296558519,0.4487196928272481,0.4354552270920056,0.5,0.6146148452673732,0.7220622702433045,30,"[0, 1, 2, 3, 4, 5, 6, 7, 8, 9, 10, 11, 12, 13, 14, 15, 16, 17, 18, 19, 20, 21, 22, 23, 24, 25, 26, 27, 28, 29]","[1.5135926008224487, 1.5486788749694824, 1.5546743869781494, 1.6031835079193115, 1.4975624084472656, 1.538451910018921, 1.5971813201904297, 1.6233928203582764, 1.605392336845398, 1.5258089303970337, 1.5325980186462402, 1.5400917530059814, 1.6271183490753174, 1.6046903133392334, 1.6216187477111816, 1.5419509410858154, 1.5814270973205566, 1.4904698133468628, 1.4652321338653564, 1.607795000076294, 1.5081381797790527, 1.490658164024353, 1.6018785238265991, 1.5278123617172241, 1.5076889991760254, 1.473942756652832, 1.599562406539917, 1.4786081314086914, 1.6117851734161377, 1.4849756956100464]",sae,Pre-64
1,beta,17,0.034,0.4599327030141671,0.4513468217402507,0.4517059632863061,0.5,0.6120635717004715,0.694039679078715,30,"[0, 1, 2, 3, 4, 5, 6, 7, 8, 9, 10, 11, 12, 13, 14, 15, 16, 17, 18, 19, 20, 21, 22, 23, 24, 25, 26, 27, 28, 29]","[1.7955050468444824, 1.6757389307022095, 1.7274669408798218, 1.6801429986953735, 1.8346248865127563, 1.6836223602294922, 1.7572182416915894, 1.5694866180419922, 1.705892562866211, 1.7601453065872192, 1.7727545499801636, 1.8010860681533813, 1.7075669765472412, 1.8126838207244873, 1.6948097944259644, 1.6613508462905884, 1.7534743547439575, 1.734154224395752, 1.7645790576934814, 1.7333389520645142, 1.6868780851364136, 1.7459081411361694, 1.6076924800872803, 1.720765471458435, 1.795399785041809, 1.7388076782226562, 1.6818912029266357, 1.7357304096221924, 1.7237259149551392, 1.7444955110549927]",sae,Pre-64
1,beta,27,0.018,0.4609757262074365,0.4537266978541116,0.48184504753565,0.5,0.5914172664146189,0.6591132578107056,30,"[0, 1, 2, 3, 4, 5, 6, 7, 8, 9, 10, 11, 12, 13, 14, 15, 16, 17, 18, 19, 20, 21, 22, 23, 24, 25, 26, 27, 28, 29]","[2.330176591873169, 2.5051543712615967, 2.1384923458099365, 2.3382749557495117, 2.4691274166107178, 2.363710641860962, 2.4166207313537598, 2.1269724369049072, 2.4278676509857178, 2.4592630863189697, 2.1558005809783936, 2.4521594047546387, 2.1438865661621094, 2.1158812046051025, 2.1767890453338623, 2.1160614490509033, 2.4364867210388184, 2.457119941711426, 2.4283688068389893, 2.2733113765716553, 2.5018186569213867, 2.10893177986145, 2.4212284088134766, 2.4053149223327637, 2.140756368637085, 2.490898847579956, 2.2967514991760254, 2.448350429534912, 2.3326263427734375, 2.3751792907714844]",sae,Pre-64
1,beta,16,0.0159,0.4519396108125126,0.4401978349795346,0.4465796695182141,0.5,0.6159012314439947,0.7221012266242529,30,"[0, 1, 2, 3, 4, 5, 6, 7, 8, 9, 10, 11, 12, 13, 14, 15, 16, 17, 18, 19, 20, 21, 22, 23, 24, 25, 26, 27, 28, 29]","[2.425203561782837, 2.1112709045410156, 2.3961381912231445, 2.3934214115142822, 2.512629747390747, 2.3203647136688232, 2.4009311199188232, 2.367553949356079, 2.029970169067383, 2.2799923419952393, 2.4552042484283447, 2.0881216526031494, 2.373901605606079, 2.2202229499816895, 2.2709879875183105, 2.1695802211761475, 2.068049669265747, 2.429669141769409, 2.191282033920288, 2.4267592430114746, 2.1440861225128174, 2.3947858810424805, 2.1254091262817383, 2.391570806503296, 2.3810787200927734, 2.381767988204956, 2.2747485637664795, 2.0318527221679688, 2.216581344604492, 2.194707155227661]",sae,Pre-64
1,beta,10,0.035,0.4493907433353129,0.4390813823454372,0.4515939200006806,0.5,0.6232207829487961,0.6764706304496035,30,"[0, 1, 2, 3, 4, 5, 6, 7, 8, 9, 10, 11, 12, 13, 14, 15, 16, 17, 18, 19, 20, 21, 22, 23, 24, 25, 26, 27, 28, 29]","[1.7273730039596558, 1.621619462966919, 1.7977732419967651, 1.6927167177200317, 1.7248636484146118, 1.7061139345169067, 1.766743779182434, 1.759971022605896, 1.7211267948150635, 1.8229031562805176, 1.6903630495071411, 1.7644891738891602, 1.766760230064392, 1.7122820615768433, 1.7265080213546753, 1.743613600730896, 1.7644927501678467, 1.649465560913086, 1.768988847732544, 1.6754577159881592, 1.687119483947754, 1.7568799257278442, 1.8154059648513794, 1.820047378540039, 1.7856050729751587, 1.6527737379074097, 1.7273601293563843, 1.6955019235610962, 1.7454473972320557, 1.8369286060333252]",sae,Pre-64
1,beta,13,0.029,0.4619123366083722,0.4531466051409948,0.4474180036949822,0.5,0.6127276801885291,0.7129020300411703,30,"[0, 1, 2, 3, 4, 5, 6, 7, 8, 9, 10, 11, 12, 13, 14, 15, 16, 17, 18, 19, 20, 21, 22, 23, 24, 25, 26, 27, 28, 29]","[1.918864130973816, 1.8322035074234009, 1.9068083763122559, 1.8063095808029175, 1.8012417554855347, 1.907762885093689, 1.851029396057129, 1.8292800188064575, 1.8216495513916016, 1.8145618438720703, 1.930910348892212, 1.776595115661621, 1.8970428705215454, 1.7794930934906006, 1.9165301322937012, 1.763010859489441, 1.8244669437408447, 1.8314964771270752, 1.8794851303100586, 1.7864660024642944, 1.8223985433578491, 1.754439115524292, 1.8989882469177246, 1.7662713527679443, 1.7581074237823486, 1.7631984949111938, 1.7953592538833618, 1.7401329278945923, 1.870323657989502, 1.8051990270614624]",sae,Pre-64
1,beta,14,0.036,0.4467366851483266,0.4421697276018216,0.4400224177111649,0.5,0.5934222168898753,0.6937521558511676,30,"[0, 1, 2, 3, 4, 5, 6, 7, 8, 9, 10, 11, 12, 13, 14, 15, 16, 17, 18, 19, 20, 21, 22, 23, 24, 25, 26, 27, 28, 29]","[1.5814043283462524, 1.4842863082885742, 1.6032108068466187, 1.6394063234329224, 1.6074389219284058, 1.60919988155365, 1.5489170551300049, 1.7137044668197632, 1.6075061559677124, 1.6861721277236938, 1.54725182056427, 1.572070837020874, 1.5940593481063843, 1.684644103050232, 1.6379601955413818, 1.6107330322265625, 1.7061408758163452, 1.7033731937408447, 1.6210585832595825, 1.5782707929611206, 1.5945343971252441, 1.6222459077835083, 1.6843116283416748, 1.5724000930786133, 1.6943727731704712, 1.7005306482315063, 1.6492656469345093, 1.702911615371704, 1.6935142278671265, 1.604269027709961]",sae,Pre-64
1,beta,16,0.005,0.4519396108125126,0.4401978349795346,0.4481457708378612,0.5,0.6159012314439947,0.7220997204549836,30,"[0, 1, 2, 3, 4, 5, 6, 7, 8, 9, 10, 11, 12, 13, 14, 15, 16, 17, 18, 19, 20, 21, 22, 23, 24, 25, 26, 27, 28, 29]","[2.714155673980713, 2.4141862392425537, 2.6813790798187256, 2.68634295463562, 2.7976136207580566, 2.6051506996154785, 2.7003822326660156, 2.656994581222534, 2.3338847160339355, 2.5816969871520996, 2.7448909282684326, 2.391554355621338, 2.6611318588256836, 2.513235330581665, 2.565629005432129, 2.4628653526306152, 2.374121904373169, 2.7107882499694824, 2.486773729324341, 2.7152059078216553, 2.442958116531372, 2.685853958129883, 2.4235944747924805, 2.685244560241699, 2.6643753051757812, 2.673137903213501, 2.568453550338745, 2.33722186088562, 2.506405830383301, 2.486299991607666]",sae,Pre-64
1,beta,16,0.024,0.4519396108125126,0.4401978349795346,0.4452712391259354,0.5,0.6159012314439947,0.7221629795642954,30,"[0, 1, 2, 3, 4, 5, 6, 7, 8, 9, 10, 11, 12, 13, 14, 15, 16, 17, 18, 19, 20, 21, 22, 23, 24, 25, 26, 27, 28, 29]","[2.218703269958496, 1.8928353786468506, 2.1930809020996094, 2.184358596801758, 2.309854030609131, 2.1172099113464355, 2.1861119270324707, 2.160484552383423, 1.8122782707214355, 2.063645601272583, 2.248296022415161, 1.870093822479248, 2.168982982635498, 2.009908676147461, 2.059375047683716, 1.9615124464035034, 1.8485833406448364, 2.2298245429992676, 1.9788943529129028, 2.220416307449341, 1.932264804840088, 2.186582565307617, 1.9133906364440918, 2.1814441680908203, 2.179224967956543, 2.1729400157928467, 2.0642545223236084, 1.8133511543273926, 2.0088093280792236, 1.9884589910507202]",sae,Pre-64
1,beta,45,0.036,0.4515599815008028,0.4347157609968581,0.4519698777057131,0.5,0.6289673345145609,0.6772462253721625,30,"[0, 1, 2, 3, 4, 5, 6, 7, 8, 9, 10, 11, 12, 13, 14, 15, 16, 17, 18, 19, 20, 21, 22, 23, 24, 25, 26, 27, 28, 29]","[1.6962273120880127, 1.698710560798645, 1.5778826475143433, 1.7759501934051514, 1.776923656463623, 1.6278541088104248, 1.7773535251617432, 1.7663596868515015, 1.6261708736419678, 1.576004147529602, 1.7094612121582031, 1.7764495611190796, 1.7442594766616821, 1.6481621265411377, 1.6762558221817017, 1.682814598083496, 1.704111099243164, 1.6238895654678345, 1.684933066368103, 1.6808700561523438, 1.739778757095337, 1.62140691280365, 1.7544803619384766, 1.6461092233657837, 1.5865229368209839, 1.7763019800186157, 1.617120623588562, 1.6302036046981812, 1.5686371326446533, 1.7804824113845825]",sae,Pre-64
1,beta,15,0.008,0.4529015220185267,0.4424399871594601,0.4533904219045623,0.5,0.6161071485640408,0.7122837345109603,30,"[0, 1, 2, 3, 4, 5, 6, 7, 8, 9, 10, 11, 12, 13, 14, 15, 16, 17, 18, 19, 20, 21, 22, 23, 24, 25, 26, 27, 28, 29]","[2.5750722885131836, 2.613189220428467, 2.641047239303589, 2.510467767715454, 2.663205623626709, 2.3296151161193848, 2.3439488410949707, 2.2608649730682373, 2.570599317550659, 2.50901460647583, 2.659574270248413, 2.479020118713379, 2.601637840270996, 2.499875545501709, 2.2595930099487305, 2.630021572113037, 2.4133968353271484, 2.7482330799102783, 2.439629316329956, 2.6360785961151123, 2.559128522872925, 2.713735580444336, 2.253945827484131, 2.6053247451782227, 2.5977866649627686, 2.5815634727478027, 2.7251617908477783, 2.7607617378234863, 2.522193193435669, 2.443603038787842]",sae,Pre-64
1,beta,21,0.002,0.4504746503440228,0.4381370334360364,0.4627320062105577,0.5,0.6200058082774133,0.6862263498065967,30,"[0, 1, 2, 3, 4, 5, 6, 7, 8, 9, 10, 11, 12, 13, 14, 15, 16, 17, 18, 19, 20, 21, 22, 23, 24, 25, 26, 27, 28, 29]","[2.7619128227233887, 2.8364498615264893, 2.9346697330474854, 2.8371310234069824, 2.822329044342041, 2.882183074951172, 2.777721881866455, 2.8630106449127197, 2.88791561126709, 2.468489408493042, 2.8843822479248047, 2.92733097076416, 2.694812774658203, 2.9138615131378174, 2.8316328525543213, 2.5101120471954346, 2.530553102493286, 2.5582423210144043, 2.721280097961426, 2.8357558250427246, 2.5137083530426025, 2.8945024013519287, 2.7201476097106934, 2.7267708778381348, 2.790654420852661, 2.566321849822998, 2.6693477630615234, 2.690889596939087, 2.6792147159576416, 2.752645254135132]",sae,Pre-64
1,beta,4,0.005,0.4589558369307028,0.4477177462853796,0.4902480985992691,0.5,0.61034827708266,0.6509118611200888,30,"[0, 1, 2, 3, 4, 5, 6, 7, 8, 9, 10, 11, 12, 13, 14, 15, 16, 17, 18, 19, 20, 21, 22, 23, 24, 25, 26, 27, 28, 29]","[2.6919522285461426, 2.7627272605895996, 2.442927837371826, 2.803605794906616, 2.6893155574798584, 2.7161896228790283, 2.7654035091400146, 2.6750149726867676, 2.3246374130249023, 2.8290109634399414, 2.5592501163482666, 2.6758029460906982, 2.8253653049468994, 2.3805904388427734, 2.4397637844085693, 2.6010656356811523, 2.7455568313598633, 2.5294077396392822, 2.7268266677856445, 2.479689359664917, 2.7061588764190674, 2.555736541748047, 2.4142861366271973, 2.654240131378174, 2.7591145038604736, 2.766710042953491, 2.6992788314819336, 2.7174103260040283, 2.7853057384490967, 2.4882214069366455]",sae,Pre-64
1,beta,2,0.008,0.4419681213812466,0.4306250660512843,0.4437004659434467,0.5,0.6028191218064636,0.6902631914499003,30,"[0, 1, 2, 3, 4, 5, 6, 7, 8, 9, 10, 11, 12, 13, 14, 15, 16, 17, 18, 19, 20, 21, 22, 23, 24, 25, 26, 27, 28, 29]","[2.2894797325134277, 2.2490949630737305, 2.3672354221343994, 2.468085765838623, 2.3057339191436768, 2.6710805892944336, 2.2072219848632812, 2.4485361576080322, 2.3764808177948, 2.409789800643921, 2.554885149002075, 2.4243428707122803, 2.5269429683685303, 2.59940242767334, 2.360430955886841, 2.6495001316070557, 2.514810562133789, 2.6627707481384277, 2.6379709243774414, 2.585238218307495, 2.5333797931671143, 2.3683817386627197, 2.59531307220459, 2.6593618392944336, 2.151435136795044, 2.454258680343628, 2.5571787357330322, 2.5650441646575928, 2.410356044769287, 2.6230697631835938]",sae,Pre-64
1,beta,7,0.038,0.4564836922581216,0.4420418003909208,0.4445729723828079,0.5,0.6095136152062148,0.7011746423511129,30,"[0, 1, 2, 3, 4, 5, 6, 7, 8, 9, 10, 11, 12, 13, 14, 15, 16, 17, 18, 19, 20, 21, 22, 23, 24, 25, 26, 27, 28, 29]","[1.6279484033584595, 1.7011510133743286, 1.737135410308838, 1.7203510999679565, 1.7205091714859009, 1.6759545803070068, 1.7375240325927734, 1.656671404838562, 1.7952576875686646, 1.6807646751403809, 1.6115055084228516, 1.6570730209350586, 1.596970796585083, 1.6389816999435425, 1.8180793523788452, 1.720314621925354, 1.651204228401184, 1.681355357170105, 1.7442855834960938, 1.7282017469406128, 1.7171424627304077, 1.8006008863449097, 1.7697185277938843, 1.647290587425232, 1.78982675075531, 1.8207756280899048, 1.6388704776763916, 1.651810646057129, 1.7822654247283936, 1.6408863067626953]",sae,Pre-64
1,beta,7,0.028,0.4564836922581216,0.4420418003909208,0.4447359569095099,0.5,0.6095136152062148,0.7012129763552913,30,"[0, 1, 2, 3, 4, 5, 6, 7, 8, 9, 10, 11, 12, 13, 14, 15, 16, 17, 18, 19, 20, 21, 22, 23, 24, 25, 26, 27, 28, 29]","[1.640110731124878, 1.713279366493225, 1.749091625213623, 1.7323062419891357, 1.7326868772506714, 1.6881089210510254, 1.7491891384124756, 1.668866753578186, 1.8073413372039795, 1.6928716897964478, 1.623551607131958, 1.6691027879714966, 1.6091721057891846, 1.6510670185089111, 1.830141544342041, 1.7324345111846924, 1.6632596254348755, 1.693238615989685, 1.756303310394287, 1.7403370141983032, 1.729222297668457, 1.8123211860656738, 1.7816553115844727, 1.6594141721725464, 1.801815152168274, 1.832567811012268, 1.6511592864990234, 1.6636544466018677, 1.794295310974121, 1.6529483795166016]",sae,Pre-64
1,beta,7,0.016,0.4564836922581216,0.4420418003909208,0.4598589255563506,0.5,0.6095136152062148,0.697829263294159,30,"[0, 1, 2, 3, 4, 5, 6, 7, 8, 9, 10, 11, 12, 13, 14, 15, 16, 17, 18, 19, 20, 21, 22, 23, 24, 25, 26, 27, 28, 29]","[2.1896750926971436, 2.227832555770874, 2.46470308303833, 2.520350933074951, 2.4721391201019287, 2.4483566284179688, 2.5004758834838867, 2.127537965774536, 2.5434749126434326, 2.1308579444885254, 2.350203514099121, 2.1690707206726074, 2.4346964359283447, 2.322009325027466, 2.492528200149536, 2.315164089202881, 2.254851818084717, 2.4620723724365234, 2.2324020862579346, 2.507450819015503, 2.29537034034729, 2.5334322452545166, 2.5489866733551025, 2.3949079513549805, 2.2737560272216797, 2.553947687149048, 2.4109253883361816, 2.489905834197998, 2.512389898300171, 2.0795397758483887]",sae,Pre-64
1,beta,38,0.022,0.4455661720406026,0.4298851252298221,0.466641372253443,0.5,0.6303640517897944,0.6507875095201828,30,"[0, 1, 2, 3, 4, 5, 6, 7, 8, 9, 10, 11, 12, 13, 14, 15, 16, 17, 18, 19, 20, 21, 22, 23, 24, 25, 26, 27, 28, 29]","[2.349551200866699, 2.4004595279693604, 1.9969159364700317, 2.458641529083252, 2.1450655460357666, 2.356192111968994, 2.4681897163391113, 2.0271217823028564, 2.3391144275665283, 2.2503020763397217, 2.002350330352783, 2.329378843307495, 2.4045393466949463, 1.9302623271942139, 2.452972173690796, 2.1419780254364014, 2.340200901031494, 2.3819828033447266, 2.111870765686035, 2.396453857421875, 2.164170980453491, 2.312715530395508, 2.350761890411377, 1.9711660146713257, 2.1090385913848877, 2.416689395904541, 2.323228359222412, 2.409329891204834, 2.181715726852417, 2.3735382556915283]",sae,Pre-64
1,beta,49,0.03,0.462130925118617,0.4524487678230295,0.4550154319441313,0.5,0.6141152509743157,0.6858565760435742,30,"[0, 1, 2, 3, 4, 5, 6, 7, 8, 9, 10, 11, 12, 13, 14, 15, 16, 17, 18, 19, 20, 21, 22, 23, 24, 25, 26, 27, 28, 29]","[1.682802677154541, 1.7636412382125854, 1.7538882493972778, 1.7112730741500854, 1.6338595151901245, 1.6754071712493896, 1.8203095197677612, 1.7273063659667969, 1.8689783811569214, 1.77156662940979, 1.746305227279663, 1.68304443359375, 1.7857847213745117, 1.7696397304534912, 1.8439130783081055, 1.8138647079467773, 1.8366121053695679, 1.8580502271652222, 1.6947110891342163, 1.7847968339920044, 1.8391441106796265, 1.6940808296203613, 1.8461138010025024, 1.7555501461029053, 1.6622933149337769, 1.7583447694778442, 1.7783446311950684, 1.6744927167892456, 1.6870795488357544, 1.6737228631973267]",sae,Pre-64
1,beta,17,0.0151,0.4599327030141671,0.4513468217402507,0.4642565889707498,0.5,0.6120635717004715,0.6914392307456709,30,"[0, 1, 2, 3, 4, 5, 6, 7, 8, 9, 10, 11, 12, 13, 14, 15, 16, 17, 18, 19, 20, 21, 22, 23, 24, 25, 26, 27, 28, 29]","[2.4621520042419434, 2.410799264907837, 2.467921495437622, 2.3082501888275146, 2.463557004928589, 2.1631877422332764, 2.2175464630126953, 2.0896072387695312, 2.4388856887817383, 2.3571436405181885, 2.5042221546173096, 2.521540641784668, 2.2605645656585693, 2.517305612564087, 2.3984055519104004, 2.0753366947174072, 2.1601972579956055, 2.4333345890045166, 2.4236106872558594, 2.248481512069702, 2.368161916732788, 2.4034039974212646, 2.3634192943573, 2.4607019424438477, 2.4475033283233643, 2.4955894947052, 2.2584664821624756, 2.505369186401367, 2.4575870037078857, 2.219374418258667]",sae,Pre-64
1,beta,20,0.014,0.4408022875601419,0.4262939306313442,0.4553794027278484,0.5,0.6176087118064704,0.6532317991744861,30,"[0, 1, 2, 3, 4, 5, 6, 7, 8, 9, 10, 11, 12, 13, 14, 15, 16, 17, 18, 19, 20, 21, 22, 23, 24, 25, 26, 27, 28, 29]","[2.5621001720428467, 2.586927890777588, 2.5616695880889893, 2.5947232246398926, 2.5452167987823486, 2.4503870010375977, 2.5920958518981934, 2.5222151279449463, 2.5053153038024902, 2.2306134700775146, 2.3219964504241943, 2.5311527252197266, 2.6652309894561768, 2.574251651763916, 2.4911766052246094, 2.5901365280151367, 2.564265251159668, 2.271944046020508, 2.557286262512207, 2.5891149044036865, 2.172764539718628, 2.2024450302124023, 2.311291217803955, 2.5797910690307617, 2.503549814224243, 2.301826238632202, 2.1950466632843018, 2.2651727199554443, 2.4167284965515137, 2.6144890785217285]",sae,Pre-64
1,beta,45,0.0159,0.4515599815008028,0.4347157609968581,0.4670227015285027,0.5,0.6289673345145609,0.6780806566413763,30,"[0, 1, 2, 3, 4, 5, 6, 7, 8, 9, 10, 11, 12, 13, 14, 15, 16, 17, 18, 19, 20, 21, 22, 23, 24, 25, 26, 27, 28, 29]","[2.4867961406707764, 2.532552480697632, 2.3534440994262695, 2.5701518058776855, 2.548746347427368, 2.498572587966919, 2.517714262008667, 2.5070102214813232, 2.1557507514953613, 2.036062717437744, 2.2688095569610596, 2.549927234649658, 2.429562568664551, 2.518745183944702, 2.24603009223938, 2.4775121212005615, 2.3343422412872314, 2.449721574783325, 2.4287939071655273, 2.4555373191833496, 2.4842441082000732, 2.1043548583984375, 2.274259090423584, 2.4211843013763428, 2.464186429977417, 2.3825266361236572, 2.110705852508545, 2.1698896884918213, 2.3711211681365967, 2.525289535522461]",sae,Pre-64
1,beta,49,0.014,0.462130925118617,0.4524487678230295,0.4693036783079923,0.5,0.6141152509743157,0.6878418908766492,30,"[0, 1, 2, 3, 4, 5, 6, 7, 8, 9, 10, 11, 12, 13, 14, 15, 16, 17, 18, 19, 20, 21, 22, 23, 24, 25, 26, 27, 28, 29]","[2.2353665828704834, 2.307741165161133, 2.5096819400787354, 2.1950507164001465, 2.29850435256958, 2.14250111579895, 2.5634193420410156, 2.5677080154418945, 2.491635799407959, 2.5654048919677734, 2.570584297180176, 2.280388355255127, 2.4497783184051514, 2.5524675846099854, 2.613642692565918, 2.502366065979004, 2.5942275524139404, 2.578044891357422, 2.5591037273406982, 2.3432962894439697, 2.623861074447632, 2.2358503341674805, 2.584733724594116, 2.465794324874878, 2.433462619781494, 2.572768211364746, 2.3227031230926514, 2.429137706756592, 2.4900693893432617, 2.181008815765381]",sae,Pre-64
1,beta,11,0.006,0.4566976193509867,0.4496008864727478,0.4516359559870129,0.5,0.5995106990682213,0.7154884815283045,30,"[0, 1, 2, 3, 4, 5, 6, 7, 8, 9, 10, 11, 12, 13, 14, 15, 16, 17, 18, 19, 20, 21, 22, 23, 24, 25, 26, 27, 28, 29]","[2.4672772884368896, 2.677579879760742, 2.678546190261841, 2.6982905864715576, 2.6464173793792725, 2.638794183731079, 2.6821582317352295, 2.401442527770996, 2.7270824909210205, 2.687422752380371, 2.6937191486358643, 2.7195956707000732, 2.7634060382843018, 2.6941885948181152, 2.51521635055542, 2.699306011199951, 2.5260977745056152, 2.358041286468506, 2.345716953277588, 2.548229217529297, 2.377253770828247, 2.728283166885376, 2.694889545440674, 2.5432863235473633, 2.3663949966430664, 2.6217312812805176, 2.723813533782959, 2.3993172645568848, 2.6733481884002686, 2.3444526195526123]",sae,Pre-64
1,beta,38,0.004,0.4455661720406026,0.4298851252298221,0.4699692287669649,0.5,0.6303640517897944,0.6512460015232293,30,"[0, 1, 2, 3, 4, 5, 6, 7, 8, 9, 10, 11, 12, 13, 14, 15, 16, 17, 18, 19, 20, 21, 22, 23, 24, 25, 26, 27, 28, 29]","[2.8121628761291504, 2.861816167831421, 2.49778151512146, 2.9214346408843994, 2.6295738220214844, 2.82023286819458, 2.929407835006714, 2.52030873298645, 2.805417060852051, 2.7232089042663574, 2.5064892768859863, 2.814225435256958, 2.871718168258667, 2.4248335361480713, 2.917543411254883, 2.6243245601654053, 2.8034818172454834, 2.845956802368164, 2.588620662689209, 2.8626043796539307, 2.65226411819458, 2.778146266937256, 2.810988664627075, 2.462932586669922, 2.599414348602295, 2.8928604125976562, 2.782278060913086, 2.8756327629089355, 2.6628947257995605, 2.8441014289855957]",sae,Pre-64
1,beta,34,0.002,0.4568527557813058,0.4470225010708758,0.4693798919300903,0.5,0.6011606799053854,0.6807724934206907,30,"[0, 1, 2, 3, 4, 5, 6, 7, 8, 9, 10, 11, 12, 13, 14, 15, 16, 17, 18, 19, 20, 21, 22, 23, 24, 25, 26, 27, 28, 29]","[2.52388072013855, 2.764193058013916, 2.7599127292633057, 2.758795976638794, 2.5907092094421387, 2.48840069770813, 2.7830426692962646, 2.766977071762085, 2.557812213897705, 2.501695156097412, 2.6925203800201416, 2.604978084564209, 2.696794033050537, 2.75295090675354, 2.46185302734375, 2.6149215698242188, 2.7717413902282715, 2.777472496032715, 2.7373077869415283, 2.4545295238494873, 2.7709221839904785, 2.7889466285705566, 2.6180620193481445, 2.709502696990967, 2.3870856761932373, 2.5927093029022217, 2.818366050720215, 2.834153413772583, 2.7137157917022705, 2.7109057903289795]",sae,Pre-64
1,beta,34,0.02,0.4568527557813058,0.4470225010708758,0.4668647206054455,0.5,0.6011606799053854,0.6806132582129177,30,"[0, 1, 2, 3, 4, 5, 6, 7, 8, 9, 10, 11, 12, 13, 14, 15, 16, 17, 18, 19, 20, 21, 22, 23, 24, 25, 26, 27, 28, 29]","[2.0895028114318848, 2.335583209991455, 2.3241219520568848, 2.3371617794036865, 2.1554927825927734, 2.0440378189086914, 2.3679585456848145, 2.3537821769714355, 2.124178171157837, 2.0550296306610107, 2.2562949657440186, 2.1901519298553467, 2.2593138217926025, 2.3371059894561768, 2.0125138759613037, 2.1782619953155518, 2.344827890396118, 2.353530168533325, 2.3175439834594727, 2.006157875061035, 2.3514797687530518, 2.364140033721924, 2.175382137298584, 2.270143747329712, 1.938486933708191, 2.171079158782959, 2.3963983058929443, 2.411085844039917, 2.2701449394226074, 2.2703447341918945]",sae,Pre-64
1,beta,23,0.035,0.4478205607315014,0.4344954522622479,0.4406012562516113,0.5,0.6150139710231751,0.6773185317642219,30,"[0, 1, 2, 3, 4, 5, 6, 7, 8, 9, 10, 11, 12, 13, 14, 15, 16, 17, 18, 19, 20, 21, 22, 23, 24, 25, 26, 27, 28, 29]","[1.6991000175476074, 1.8135089874267578, 1.8005112409591675, 1.8497790098190308, 1.6287122964859009, 1.7016634941101074, 1.8603410720825195, 1.670458436012268, 1.649871587753296, 1.8477544784545898, 1.842170238494873, 1.7812035083770752, 1.78587806224823, 1.7354962825775146, 1.8059853315353394, 1.8525137901306152, 1.606902003288269, 1.6942315101623535, 1.6758114099502563, 1.7107324600219727, 1.8408088684082031, 1.829481601715088, 1.6990909576416016, 1.8574504852294922, 1.8352586030960083, 1.749993920326233, 1.635505199432373, 1.7995266914367676, 1.7050416469573975, 1.8820605278015137]",sae,Pre-64
1,beta,21,0.016,0.4504746503440228,0.4381370334360364,0.4589265015822082,0.5,0.6200058082774133,0.6859668310285595,30,"[0, 1, 2, 3, 4, 5, 6, 7, 8, 9, 10, 11, 12, 13, 14, 15, 16, 17, 18, 19, 20, 21, 22, 23, 24, 25, 26, 27, 28, 29]","[2.3385536670684814, 2.4009132385253906, 2.491658926010132, 2.4160525798797607, 2.412463903427124, 2.4431276321411133, 2.348680019378662, 2.4151055812835693, 2.4809703826904297, 2.073560953140259, 2.4564361572265625, 2.4852774143218994, 2.259514093399048, 2.4672329425811768, 2.3887789249420166, 2.0930755138397217, 2.1018009185791016, 2.1502482891082764, 2.3101344108581543, 2.4348270893096924, 2.116413116455078, 2.4575483798980713, 2.278994560241699, 2.292778968811035, 2.3419265747070312, 2.161160707473755, 2.260162353515625, 2.2592482566833496, 2.2793045043945312, 2.3504765033721924]",sae,Pre-64
1,beta,0,0.018,0.4600628296558519,0.4487196928272481,0.4484297582243847,0.5,0.6146148452673732,0.7236166688720267,30,"[0, 1, 2, 3, 4, 5, 6, 7, 8, 9, 10, 11, 12, 13, 14, 15, 16, 17, 18, 19, 20, 21, 22, 23, 24, 25, 26, 27, 28, 29]","[2.2336299419403076, 2.043503999710083, 2.180844783782959, 2.4435043334960938, 2.103700876235962, 2.2112481594085693, 2.5041310787200928, 2.474294424057007, 2.385354995727539, 2.006103515625, 2.329772472381592, 2.008512496948242, 2.173431158065796, 2.421659231185913, 2.468848705291748, 1.9970921277999878, 2.3727941513061523, 2.3562443256378174, 2.355292558670044, 2.384061574935913, 2.2375125885009766, 2.3845019340515137, 2.4006800651550293, 2.315524101257324, 2.3803822994232178, 2.1424474716186523, 2.425724506378174, 2.3576388359069824, 2.4943606853485107, 2.0774221420288086]",sae,Pre-64
1,beta,43,0.012,0.4515364523902173,0.4432102910589974,0.4561826048678661,0.5,0.6060785767234989,0.7074173461823574,30,"[0, 1, 2, 3, 4, 5, 6, 7, 8, 9, 10, 11, 12, 13, 14, 15, 16, 17, 18, 19, 20, 21, 22, 23, 24, 25, 26, 27, 28, 29]","[2.5910301208496094, 2.4821536540985107, 2.642172336578369, 2.5697593688964844, 2.256603479385376, 2.2723517417907715, 2.257941484451294, 2.448442220687866, 2.189392328262329, 2.5030577182769775, 2.2151577472686768, 2.6869075298309326, 2.4694607257843018, 2.599722146987915, 2.460331678390503, 2.50071120262146, 2.634634256362915, 2.518063545227051, 2.3474502563476562, 2.4434027671813965, 2.530726194381714, 2.3279995918273926, 2.589937448501587, 2.419893980026245, 2.3270466327667236, 2.2608368396759033, 2.618213415145874, 2.500704288482666, 2.636718988418579, 2.5268239974975586]",sae,Pre-64
1,beta,4,0.024,0.4589558369307028,0.4477177462853796,0.4875496991817848,0.5,0.61034827708266,0.6499792234175169,30,"[0, 1, 2, 3, 4, 5, 6, 7, 8, 9, 10, 11, 12, 13, 14, 15, 16, 17, 18, 19, 20, 21, 22, 23, 24, 25, 26, 27, 28, 29]","[2.1975667476654053, 2.2698161602020264, 1.9476158618927002, 2.316755771636963, 2.2098495960235596, 2.2429184913635254, 2.280350685119629, 2.1979353427886963, 1.8129663467407227, 2.348426342010498, 2.0663185119628906, 2.1985862255096436, 2.344717025756836, 1.887402892112732, 1.9307959079742432, 2.1161563396453857, 2.265343427658081, 2.035984516143799, 2.252331018447876, 1.9831030368804932, 2.2190699577331543, 2.0797371864318848, 1.9107996225357056, 2.170424222946167, 2.2813055515289307, 2.2940001487731934, 2.2252933979034424, 2.2369489669799805, 2.3078508377075195, 1.998777151107788]",sae,Pre-64
1,beta,47,0.002,0.4460371044958436,0.4257646434940195,0.422849730031754,0.5,0.6434257056516428,0.7370507297627468,30,"[0, 1, 2, 3, 4, 5, 6, 7, 8, 9, 10, 11, 12, 13, 14, 15, 16, 17, 18, 19, 20, 21, 22, 23, 24, 25, 26, 27, 28, 29]","[2.8126237392425537, 2.696108102798462, 2.7152116298675537, 2.465116024017334, 2.790127754211426, 2.84476900100708, 2.670915126800537, 2.804953098297119, 2.576009511947632, 2.5309436321258545, 2.734898328781128, 2.683154344558716, 2.5216047763824463, 2.832503318786621, 2.753828287124634, 2.7200164794921875, 2.507434368133545, 2.84907865524292, 2.6758203506469727, 2.5519626140594482, 2.7984650135040283, 2.661945104598999, 2.784079074859619, 2.6055376529693604, 2.7558820247650146, 2.636789083480835, 2.5371904373168945, 2.744436502456665, 2.7183427810668945, 2.777026891708374]",sae,Pre-64
1,beta,15,0.026,0.4529015220185267,0.4424399871594601,0.4404608975536311,0.5,0.6161071485640408,0.711444094190793,30,"[0, 1, 2, 3, 4, 5, 6, 7, 8, 9, 10, 11, 12, 13, 14, 15, 16, 17, 18, 19, 20, 21, 22, 23, 24, 25, 26, 27, 28, 29]","[1.6124547719955444, 1.6275219917297363, 1.6769441366195679, 1.6321128606796265, 1.7541394233703613, 1.6258400678634644, 1.6027045249938965, 1.6272026300430298, 1.7016830444335938, 1.696502685546875, 1.6721209287643433, 1.6173361539840698, 1.78315269947052, 1.6988352537155151, 1.5501846075057983, 1.6790037155151367, 1.5940537452697754, 1.797437071800232, 1.5640599727630615, 1.650352954864502, 1.7488459348678589, 1.7449640035629272, 1.607751727104187, 1.6661841869354248, 1.6673189401626587, 1.5447787046432495, 1.7338556051254272, 1.77433443069458, 1.6869170665740967, 1.6384332180023193]",sae,Pre-64
1,beta,47,0.02,0.4460371044958436,0.4257646434940195,0.4213375270593047,0.5,0.6434257056516428,0.737053944576609,30,"[0, 1, 2, 3, 4, 5, 6, 7, 8, 9, 10, 11, 12, 13, 14, 15, 16, 17, 18, 19, 20, 21, 22, 23, 24, 25, 26, 27, 28, 29]","[2.3458333015441895, 2.2527787685394287, 2.2666375637054443, 1.9918910264968872, 2.328328847885132, 2.3854291439056396, 2.230468511581421, 2.3368256092071533, 2.114579200744629, 2.0702157020568848, 2.2802608013153076, 2.2301292419433594, 2.0561819076538086, 2.378539800643921, 2.313770294189453, 2.254260540008545, 2.0352180004119873, 2.3964524269104004, 2.2311275005340576, 2.0859522819519043, 2.3579633235931396, 2.2016642093658447, 2.3168411254882812, 2.151946783065796, 2.3035757541656494, 2.188011407852173, 2.0866129398345947, 2.284332513809204, 2.2741658687591553, 2.3269460201263428]",sae,Pre-64
1,beta,15,0.036,0.4529015220185267,0.4424399871594601,0.4403446394519027,0.5,0.6161071485640408,0.711471694824155,30,"[0, 1, 2, 3, 4, 5, 6, 7, 8, 9, 10, 11, 12, 13, 14, 15, 16, 17, 18, 19, 20, 21, 22, 23, 24, 25, 26, 27, 28, 29]","[1.602844476699829, 1.61811363697052, 1.6674875020980835, 1.6225128173828125, 1.7447495460510254, 1.616357684135437, 1.593308448791504, 1.6177148818969727, 1.6921342611312866, 1.6869287490844727, 1.6625547409057617, 1.6078433990478516, 1.7737354040145874, 1.689253330230713, 1.5406044721603394, 1.6695835590362549, 1.584462285041809, 1.7881025075912476, 1.5545140504837036, 1.640751600265503, 1.739356279373169, 1.7355483770370483, 1.598215103149414, 1.6566319465637207, 1.6579018831253052, 1.5353891849517822, 1.724436640739441, 1.7648711204528809, 1.6774823665618896, 1.6288707256317139]",sae,Pre-64
1,beta,32,0.0151,0.4555596844830426,0.4475674839123162,0.4885489683547745,0.5,0.5924839124839124,0.6426504872219159,30,"[0, 1, 2, 3, 4, 5, 6, 7, 8, 9, 10, 11, 12, 13, 14, 15, 16, 17, 18, 19, 20, 21, 22, 23, 24, 25, 26, 27, 28, 29]","[2.4556338787078857, 2.3968803882598877, 2.493406057357788, 2.4409890174865723, 2.4167673587799072, 2.161759376525879, 2.3604445457458496, 2.3896212577819824, 2.378755569458008, 2.2815277576446533, 2.260085105895996, 2.4114394187927246, 2.4398000240325928, 2.137944221496582, 2.1496422290802, 2.117112398147583, 2.329221725463867, 2.367443799972534, 2.1665406227111816, 2.34983229637146, 2.4683854579925537, 2.2869272232055664, 2.1645755767822266, 2.4509036540985107, 2.304453134536743, 2.318340301513672, 2.472383737564087, 2.387324571609497, 2.3532798290252686, 2.413947343826294]",sae,Pre-64
1,beta,17,0.005,0.4599327030141671,0.4513468217402507,0.4659678707292309,0.5,0.6120635717004715,0.6903585060037832,30,"[0, 1, 2, 3, 4, 5, 6, 7, 8, 9, 10, 11, 12, 13, 14, 15, 16, 17, 18, 19, 20, 21, 22, 23, 24, 25, 26, 27, 28, 29]","[2.6917903423309326, 2.638798952102661, 2.6935858726501465, 2.5387954711914062, 2.696678876876831, 2.3993630409240723, 2.4546778202056885, 2.325456142425537, 2.6668834686279297, 2.5894527435302734, 2.7310609817504883, 2.7499608993530273, 2.498147964477539, 2.748847484588623, 2.6254167556762695, 2.318864583969116, 2.4090230464935303, 2.6670281887054443, 2.649303913116455, 2.4903054237365723, 2.598430633544922, 2.637117624282837, 2.5884153842926025, 2.686453104019165, 2.6807758808135986, 2.7214972972869873, 2.4967427253723145, 2.7313098907470703, 2.6859848499298096, 2.4618489742279053]",sae,Pre-64
1,beta,42,0.018,0.4546678683050885,0.4407690563496341,0.4758404906275185,0.5,0.6336081445133979,0.6582750036080243,30,"[0, 1, 2, 3, 4, 5, 6, 7, 8, 9, 10, 11, 12, 13, 14, 15, 16, 17, 18, 19, 20, 21, 22, 23, 24, 25, 26, 27, 28, 29]","[2.4528210163116455, 2.3512253761291504, 2.459111213684082, 2.497332811355591, 2.2771284580230713, 2.4487342834472656, 2.45149302482605, 2.3885223865509033, 2.2949938774108887, 2.3164563179016113, 2.2020246982574463, 2.4866933822631836, 2.389009952545166, 2.3376801013946533, 2.5054636001586914, 2.10170578956604, 1.9409620761871338, 2.315744400024414, 2.1828365325927734, 2.3597445487976074, 2.429661750793457, 2.0043060779571533, 2.5168418884277344, 2.1265759468078613, 2.102250099182129, 2.20904803276062, 2.530182123184204, 2.000896453857422, 2.4321296215057373, 2.1935460567474365]",sae,Pre-64
1,beta,17,0.024,0.4599327030141671,0.4513468217402507,0.451867941409496,0.5,0.6120635717004715,0.6939682141497642,30,"[0, 1, 2, 3, 4, 5, 6, 7, 8, 9, 10, 11, 12, 13, 14, 15, 16, 17, 18, 19, 20, 21, 22, 23, 24, 25, 26, 27, 28, 29]","[1.8088431358337402, 1.6890809535980225, 1.7406753301620483, 1.6936019659042358, 1.8478164672851562, 1.69694185256958, 1.7705321311950684, 1.5830048322677612, 1.7192219495773315, 1.7732974290847778, 1.7860605716705322, 1.8143385648727417, 1.7210392951965332, 1.8259081840515137, 1.7082281112670898, 1.6748822927474976, 1.7668826580047607, 1.7473933696746826, 1.7779302597045898, 1.7467067241668701, 1.7001234292984009, 1.7592450380325317, 1.6209781169891357, 1.7340168952941895, 1.8082813024520874, 1.7519649267196655, 1.695274829864502, 1.7488999366760254, 1.736897587776184, 1.757826328277588]",sae,Pre-64
1,beta,42,0.04,0.4546678683050885,0.4407690563496341,0.4592182780883482,0.5,0.6336081445133979,0.6606352528022321,30,"[0, 1, 2, 3, 4, 5, 6, 7, 8, 9, 10, 11, 12, 13, 14, 15, 16, 17, 18, 19, 20, 21, 22, 23, 24, 25, 26, 27, 28, 29]","[1.741817831993103, 1.6177407503128052, 1.7412083148956299, 1.751220703125, 1.7025402784347534, 1.7245450019836426, 1.6940481662750244, 1.6393518447875977, 1.592596411705017, 1.7507140636444092, 1.7183793783187866, 1.7533506155014038, 1.6231805086135864, 1.394264817237854, 1.7612967491149902, 1.6328492164611816, 1.5673391819000244, 1.560349941253662, 1.723007082939148, 1.755615472793579, 1.6538970470428467, 1.61199951171875, 1.6628036499023438, 1.570939540863037, 1.6202683448791504, 1.578534483909607, 1.7765398025512695, 1.5670605897903442, 1.6711406707763672, 1.591190218925476]",sae,Pre-64
1,beta,13,0.022,0.4619123366083722,0.4531466051409948,0.4562699261324761,0.5,0.6127276801885291,0.7148597660582979,30,"[0, 1, 2, 3, 4, 5, 6, 7, 8, 9, 10, 11, 12, 13, 14, 15, 16, 17, 18, 19, 20, 21, 22, 23, 24, 25, 26, 27, 28, 29]","[2.3639132976531982, 2.356492042541504, 2.3450443744659424, 2.2616257667541504, 2.0785467624664307, 2.372225761413574, 2.343693733215332, 2.2542531490325928, 2.043945550918579, 2.2710821628570557, 2.375530481338501, 2.2539048194885254, 2.381343364715576, 2.0253007411956787, 2.325408935546875, 2.254319667816162, 2.2704813480377197, 2.27634596824646, 2.2400598526000977, 2.2098228931427, 2.2547767162323, 2.0255255699157715, 2.392622709274292, 2.0736172199249268, 1.8962172269821167, 1.9960112571716309, 2.035794496536255, 2.0237903594970703, 2.3280327320098877, 2.0635321140289307]",sae,Pre-64
1,beta,5,0.005,0.4445517550333296,0.4301735816232515,0.4544762982786447,0.5,0.6070910659257547,0.6794018739491071,30,"[0, 1, 2, 3, 4, 5, 6, 7, 8, 9, 10, 11, 12, 13, 14, 15, 16, 17, 18, 19, 20, 21, 22, 23, 24, 25, 26, 27, 28, 29]","[2.683034896850586, 2.502610445022583, 2.273055076599121, 2.686338186264038, 2.6228811740875244, 2.565439462661743, 2.72457218170166, 2.420314073562622, 2.652562379837036, 2.370795965194702, 2.503915309906006, 2.660794734954834, 2.706512689590454, 2.484504222869873, 2.6495563983917236, 2.4757437705993652, 2.443427324295044, 2.6316685676574707, 2.520495891571045, 2.613224983215332, 2.708832263946533, 2.619980812072754, 2.5884578227996826, 2.3436367511749268, 2.4829914569854736, 2.704923629760742, 2.4312636852264404, 2.6047720909118652, 2.688596248626709, 2.7167699337005615]",sae,Pre-64
1,beta,30,0.008,0.4638407167611665,0.4544841508273655,0.4522914948529737,0.5,0.6043368975359404,0.7048747912657138,30,"[0, 1, 2, 3, 4, 5, 6, 7, 8, 9, 10, 11, 12, 13, 14, 15, 16, 17, 18, 19, 20, 21, 22, 23, 24, 25, 26, 27, 28, 29]","[2.676553964614868, 2.6728904247283936, 2.3990323543548584, 2.4528374671936035, 2.4263975620269775, 2.5627665519714355, 2.426722288131714, 2.376706838607788, 2.385462760925293, 2.621943712234497, 2.2616846561431885, 2.513536214828491, 2.5268726348876953, 2.5026700496673584, 2.6719768047332764, 2.67714262008667, 2.6064648628234863, 2.5385584831237793, 2.6730449199676514, 2.3546230792999268, 2.7227795124053955, 2.646817922592163, 2.7571656703948975, 2.65962815284729, 2.44354510307312, 2.5957977771759033, 2.4935011863708496, 2.594656467437744, 2.636868715286255, 2.339921236038208]",sae,Pre-64
1,beta,39,0.022,0.4461088087810431,0.4292341094433316,0.4560010171876822,0.5,0.6205127278095635,0.6741641584641667,30,"[0, 1, 2, 3, 4, 5, 6, 7, 8, 9, 10, 11, 12, 13, 14, 15, 16, 17, 18, 19, 20, 21, 22, 23, 24, 25, 26, 27, 28, 29]","[1.937263011932373, 2.2494304180145264, 2.3825995922088623, 2.392916679382324, 2.0545010566711426, 1.9211026430130005, 2.163677930831909, 2.2920753955841064, 1.9689359664916992, 2.339099884033203, 2.2757227420806885, 2.3592896461486816, 2.0527310371398926, 2.1108808517456055, 2.3149189949035645, 2.44270396232605, 2.412524938583374, 2.3732688426971436, 1.9617151021957397, 2.3043060302734375, 2.309979200363159, 1.9862867593765259, 2.296893358230591, 2.3283777236938477, 2.4044876098632812, 1.9075082540512085, 2.238328456878662, 2.265721082687378, 2.3799355030059814, 2.262315511703491]",sae,Pre-64
1,beta,30,0.026,0.4638407167611665,0.4544841508273655,0.4424324428852934,0.5,0.6043368975359404,0.6964903986208018,30,"[0, 1, 2, 3, 4, 5, 6, 7, 8, 9, 10, 11, 12, 13, 14, 15, 16, 17, 18, 19, 20, 21, 22, 23, 24, 25, 26, 27, 28, 29]","[1.7632619142532349, 1.7550196647644043, 1.7208048105239868, 1.676353931427002, 1.6793642044067383, 1.6564465761184692, 1.6707768440246582, 1.6351202726364136, 1.6089367866516113, 1.6696155071258545, 1.6826527118682861, 1.6738016605377197, 1.6281942129135132, 1.676152229309082, 1.7330665588378906, 1.7363394498825073, 1.6421219110488892, 1.680666208267212, 1.7534377574920654, 1.6514451503753662, 1.7009227275848389, 1.6509437561035156, 1.7540314197540283, 1.663586974143982, 1.7547990083694458, 1.6822012662887573, 1.636989712715149, 1.666312336921692, 1.7214548587799072, 1.662976861000061]",sae,Pre-64
1,beta,5,0.0151,0.4445517550333296,0.4301735816232515,0.4530913406235394,0.5,0.6070910659257547,0.6791940393666828,30,"[0, 1, 2, 3, 4, 5, 6, 7, 8, 9, 10, 11, 12, 13, 14, 15, 16, 17, 18, 19, 20, 21, 22, 23, 24, 25, 26, 27, 28, 29]","[2.4343600273132324, 2.259121894836426, 2.0174667835235596, 2.4416558742523193, 2.3700764179229736, 2.312915325164795, 2.4828200340270996, 2.166022539138794, 2.4090473651885986, 2.1237356662750244, 2.2542295455932617, 2.409435987472534, 2.4658122062683105, 2.2341039180755615, 2.404728889465332, 2.2257955074310303, 2.1890199184417725, 2.3800759315490723, 2.278695583343506, 2.3712000846862793, 2.4614932537078857, 2.3768818378448486, 2.3324337005615234, 2.082326889038086, 2.232196569442749, 2.4611473083496094, 2.1833763122558594, 2.3574321269989014, 2.4443376064300537, 2.4762699604034424]",sae,Pre-64
1,beta,39,0.004,0.4461088087810431,0.4292341094433316,0.4586616355391116,0.5,0.6205127278095635,0.6754626993380756,30,"[0, 1, 2, 3, 4, 5, 6, 7, 8, 9, 10, 11, 12, 13, 14, 15, 16, 17, 18, 19, 20, 21, 22, 23, 24, 25, 26, 27, 28, 29]","[2.406383752822876, 2.7059593200683594, 2.8129220008850098, 2.8307156562805176, 2.504638433456421, 2.392657995223999, 2.6153907775878906, 2.7253286838531494, 2.4196994304656982, 2.786508321762085, 2.711536169052124, 2.787911891937256, 2.5151190757751465, 2.5608537197113037, 2.7507925033569336, 2.876570463180542, 2.8523223400115967, 2.8094754219055176, 2.413651704788208, 2.7421863079071045, 2.7383718490600586, 2.4476983547210693, 2.7439544200897217, 2.7747325897216797, 2.8419346809387207, 2.3811638355255127, 2.6741175651550293, 2.6986944675445557, 2.8215854167938232, 2.694781541824341]",sae,Pre-64
1,beta,46,0.008,0.4545712902572906,0.4417269056853911,0.4785465152657046,0.5,0.6270377926330811,0.6869080867310207,30,"[0, 1, 2, 3, 4, 5, 6, 7, 8, 9, 10, 11, 12, 13, 14, 15, 16, 17, 18, 19, 20, 21, 22, 23, 24, 25, 26, 27, 28, 29]","[2.5332722663879395, 2.6936004161834717, 2.751197576522827, 2.6240906715393066, 2.4800610542297363, 2.451310396194458, 2.4294443130493164, 2.7823846340179443, 2.7472329139709473, 2.8590755462646484, 2.637817621231079, 2.681236743927002, 2.797891855239868, 2.640141248703003, 2.5529327392578125, 2.7753098011016846, 2.6536898612976074, 2.756757974624634, 2.826685905456543, 2.6766464710235596, 2.713754892349243, 2.7688937187194824, 2.7307281494140625, 2.516611337661743, 2.405302047729492, 2.4938597679138184, 2.7524313926696777, 2.426105260848999, 2.749606132507324, 2.7611000537872314]",sae,Pre-64
1,beta,24,0.032,0.4501416387440968,0.4383559369047743,0.4536679730741053,0.5,0.6188330126613704,0.6452597442899702,30,"[0, 1, 2, 3, 4, 5, 6, 7, 8, 9, 10, 11, 12, 13, 14, 15, 16, 17, 18, 19, 20, 21, 22, 23, 24, 25, 26, 27, 28, 29]","[1.7400798797607422, 1.5877530574798584, 1.6424294710159302, 1.7414556741714478, 1.7339692115783691, 1.6006661653518677, 1.6555564403533936, 1.6403708457946777, 1.7079240083694458, 1.6123073101043701, 1.689281702041626, 1.6127629280090332, 1.7423529624938965, 1.7339494228363037, 1.6521661281585693, 1.5997517108917236, 1.747725009918213, 1.549272894859314, 1.6185554265975952, 1.744652271270752, 1.7190635204315186, 1.7262204885482788, 1.6062544584274292, 1.6954734325408936, 1.5729622840881348, 1.557915210723877, 1.703466773033142, 1.5719430446624756, 1.7420017719268799, 1.6383843421936035]",sae,Pre-64
1,beta,9,0.01,0.448644851968101,0.4348910401892977,0.4740248640405969,0.5,0.6286670530281078,0.6720501303969864,30,"[0, 1, 2, 3, 4, 5, 6, 7, 8, 9, 10, 11, 12, 13, 14, 15, 16, 17, 18, 19, 20, 21, 22, 23, 24, 25, 26, 27, 28, 29]","[2.619797706604004, 2.2961933612823486, 2.7374277114868164, 2.6733944416046143, 2.387688398361206, 2.44950008392334, 2.6120927333831787, 2.660332679748535, 2.728600263595581, 2.4973888397216797, 2.408362627029419, 2.537722587585449, 2.3274269104003906, 2.6472792625427246, 2.7057106494903564, 2.396592140197754, 2.631852626800537, 2.6621978282928467, 2.6815032958984375, 2.3423187732696533, 2.7085819244384766, 2.7023611068725586, 2.3386828899383545, 2.7063753604888916, 2.6076297760009766, 2.7120373249053955, 2.6717543601989746, 2.58878231048584, 2.4628803730010986, 2.6699917316436768]",sae,Pre-64
1,beta,48,0.0151,0.4556814132376,0.4510566266980289,0.51116942994986,0.5,0.5923878577171784,0.6001041867207229,30,"[0, 1, 2, 3, 4, 5, 6, 7, 8, 9, 10, 11, 12, 13, 14, 15, 16, 17, 18, 19, 20, 21, 22, 23, 24, 25, 26, 27, 28, 29]","[2.612961769104004, 2.4144370555877686, 2.3059239387512207, 2.4341657161712646, 2.5559308528900146, 2.2347781658172607, 2.2683746814727783, 2.534057140350342, 2.4986047744750977, 2.4685308933258057, 2.3099727630615234, 2.522845983505249, 2.3718159198760986, 2.2206952571868896, 2.2322912216186523, 2.2207720279693604, 2.636054515838623, 2.5971198081970215, 2.5562970638275146, 2.4937329292297363, 2.210507869720459, 2.6142585277557373, 2.6256518363952637, 2.5242691040039062, 2.4800965785980225, 2.565269947052002, 2.5482888221740723, 2.675429344177246, 2.3970541954040527, 2.541302442550659]",sae,Pre-64
1,beta,25,0.004,0.4465066892532915,0.4352791138475453,0.4675494715070302,0.5,0.6270054355300688,0.6559044865546872,30,"[0, 1, 2, 3, 4, 5, 6, 7, 8, 9, 10, 11, 12, 13, 14, 15, 16, 17, 18, 19, 20, 21, 22, 23, 24, 25, 26, 27, 28, 29]","[2.6607909202575684, 2.764047622680664, 2.3729159832000732, 2.708071231842041, 2.7924158573150635, 2.795422077178955, 2.8026235103607178, 2.3384389877319336, 2.5036022663116455, 2.6097350120544434, 2.8230080604553223, 2.7416632175445557, 2.6025280952453613, 2.3566553592681885, 2.608760118484497, 2.7908730506896973, 2.7282183170318604, 2.538111448287964, 2.713886260986328, 2.7270326614379883, 2.798504114151001, 2.6619627475738525, 2.832319736480713, 2.5984416007995605, 2.5242486000061035, 2.3929710388183594, 2.8699874877929688, 2.565359115600586, 2.806403398513794, 2.6515731811523438]",sae,Pre-64
1,beta,12,0.015,0.4455148672091349,0.4361346773072694,0.4350686120315116,0.5,0.5892778403611032,0.7249626447661383,30,"[0, 1, 2, 3, 4, 5, 6, 7, 8, 9, 10, 11, 12, 13, 14, 15, 16, 17, 18, 19, 20, 21, 22, 23, 24, 25, 26, 27, 28, 29]","[2.296297073364258, 2.4991981983184814, 2.1596555709838867, 2.4622654914855957, 2.5472185611724854, 2.614880084991455, 2.5531818866729736, 2.5207455158233643, 2.3912012577056885, 2.098918914794922, 2.0992889404296875, 2.5599231719970703, 2.436326265335083, 2.4491822719573975, 2.343303680419922, 2.609473466873169, 2.2810707092285156, 2.3947994709014893, 2.351033926010132, 2.5999748706817627, 2.4372782707214355, 2.3175570964813232, 2.1229758262634277, 2.5977349281311035, 2.600497245788574, 2.572309970855713, 2.4659225940704346, 2.3921046257019043, 2.2684152126312256, 2.5194900035858154]",sae,Pre-64
1,beta,5,0.024,0.4445517550333296,0.4301735816232515,0.4380753344520999,0.5,0.6070910659257547,0.6822193608070858,30,"[0, 1, 2, 3, 4, 5, 6, 7, 8, 9, 10, 11, 12, 13, 14, 15, 16, 17, 18, 19, 20, 21, 22, 23, 24, 25, 26, 27, 28, 29]","[1.7981127500534058, 1.6162402629852295, 1.609004259109497, 1.7691069841384888, 1.7661367654800415, 1.751108169555664, 1.720182180404663, 1.6465873718261719, 1.731467604637146, 1.6182513236999512, 1.7431739568710327, 1.7828543186187744, 1.740563988685608, 1.699597716331482, 1.763537883758545, 1.7430788278579712, 1.7234106063842773, 1.7720391750335693, 1.6308366060256958, 1.7073454856872559, 1.788496494293213, 1.6902062892913818, 1.8138411045074463, 1.619713306427002, 1.7260879278182983, 1.7839106321334839, 1.6279252767562866, 1.7279196977615356, 1.7577052116394043, 1.7408812046051025]",sae,Pre-64
1,beta,37,0.025,0.4546908257221888,0.444978337644671,0.4457395914791277,0.5,0.6058579085235571,0.7156088168901872,30,"[0, 1, 2, 3, 4, 5, 6, 7, 8, 9, 10, 11, 12, 13, 14, 15, 16, 17, 18, 19, 20, 21, 22, 23, 24, 25, 26, 27, 28, 29]","[1.9492237567901611, 2.196958303451538, 1.9427073001861572, 2.1083803176879883, 2.1830716133117676, 2.263150930404663, 2.269665002822876, 1.8783495426177979, 1.9210909605026245, 2.0537831783294678, 2.1566176414489746, 1.9485809803009033, 2.2089178562164307, 2.1145052909851074, 2.2756011486053467, 1.9465384483337402, 2.1377334594726562, 2.206348419189453, 2.008136034011841, 1.9714562892913818, 2.1253933906555176, 2.2950241565704346, 2.2550227642059326, 2.2484548091888428, 2.207798480987549, 2.253997564315796, 2.254028558731079, 2.2647807598114014, 2.2631266117095947, 2.261533498764038]",sae,Pre-64
1,beta,25,0.022,0.4465066892532915,0.4352791138475453,0.4650310491634899,0.5,0.6270054355300688,0.6553595881195697,30,"[0, 1, 2, 3, 4, 5, 6, 7, 8, 9, 10, 11, 12, 13, 14, 15, 16, 17, 18, 19, 20, 21, 22, 23, 24, 25, 26, 27, 28, 29]","[2.2208385467529297, 2.343787670135498, 1.926235556602478, 2.2904176712036133, 2.3650832176208496, 2.3617453575134277, 2.390068769454956, 1.884263515472412, 2.0566017627716064, 2.1911962032318115, 2.397930145263672, 2.3134396076202393, 2.163827657699585, 1.9123629331588745, 2.1838784217834473, 2.3765299320220947, 2.3212270736694336, 2.119873285293579, 2.295855760574341, 2.311566114425659, 2.3731203079223633, 2.248779296875, 2.413757562637329, 2.1699910163879395, 2.085221767425537, 1.9441479444503784, 2.445993661880493, 2.1276051998138428, 2.381171226501465, 2.2259597778320312]",sae,Pre-64
1,beta,37,0.006,0.4546908257221888,0.444978337644671,0.4483301745389723,0.5,0.6058579085235571,0.715027884743062,30,"[0, 1, 2, 3, 4, 5, 6, 7, 8, 9, 10, 11, 12, 13, 14, 15, 16, 17, 18, 19, 20, 21, 22, 23, 24, 25, 26, 27, 28, 29]","[2.375869035720825, 2.6193203926086426, 2.385542154312134, 2.526014566421509, 2.592402458190918, 2.6766066551208496, 2.6932685375213623, 2.33099102973938, 2.365638017654419, 2.486267566680908, 2.5762078762054443, 2.3777835369110107, 2.6230015754699707, 2.5482771396636963, 2.6938178539276123, 2.3856608867645264, 2.5668749809265137, 2.6274518966674805, 2.4433207511901855, 2.4098896980285645, 2.558361768722534, 2.7073440551757812, 2.6752350330352783, 2.6687138080596924, 2.620272159576416, 2.6759088039398193, 2.668630838394165, 2.6852867603302, 2.681654453277588, 2.680666446685791]",sae,Pre-64
1,beta,24,0.015,0.4501416387440968,0.4383559369047743,0.4647371025522277,0.5,0.6188330126613704,0.6506191037735849,30,"[0, 1, 2, 3, 4, 5, 6, 7, 8, 9, 10, 11, 12, 13, 14, 15, 16, 17, 18, 19, 20, 21, 22, 23, 24, 25, 26, 27, 28, 29]","[2.4577577114105225, 2.385958433151245, 2.2808568477630615, 2.5054261684417725, 2.4931986331939697, 2.0328891277313232, 2.476328134536743, 2.493426561355591, 2.5664584636688232, 2.462129831314087, 2.2763452529907227, 2.1303141117095947, 2.562079906463623, 2.5572381019592285, 2.1997387409210205, 2.1411774158477783, 2.5483345985412598, 2.406649351119995, 2.463355541229248, 2.4931626319885254, 2.4850730895996094, 2.484670639038086, 2.073573112487793, 2.449204444885254, 2.03955340385437, 2.2619543075561523, 2.3227288722991943, 2.060396432876587, 2.5614686012268066, 2.4649486541748047]",sae,Pre-64
1,beta,28,0.04,0.4589844236982603,0.4495627040154577,0.4459202617796666,0.5,0.5987249917034086,0.6988796638695302,30,"[0, 1, 2, 3, 4, 5, 6, 7, 8, 9, 10, 11, 12, 13, 14, 15, 16, 17, 18, 19, 20, 21, 22, 23, 24, 25, 26, 27, 28, 29]","[1.7024946212768555, 1.6122797727584839, 1.5716171264648438, 1.7741954326629639, 1.7630418539047241, 1.7055528163909912, 1.7036131620407104, 1.609391450881958, 1.6939421892166138, 1.7556484937667847, 1.651594638824463, 1.7124004364013672, 1.7451626062393188, 1.7869417667388916, 1.7354097366333008, 1.619080662727356, 1.6527718305587769, 1.7226672172546387, 1.7318893671035767, 1.6977046728134155, 1.6237101554870605, 1.68166983127594, 1.6908270120620728, 1.613559603691101, 1.625604271888733, 1.7454097270965576, 1.7743240594863892, 1.641692042350769, 1.6392874717712402, 1.631851315498352]",sae,Pre-64
1,beta,8,0.014,0.4517491928182039,0.4406431065890545,0.4563654916724124,0.5,0.6098144493254953,0.6800945084640251,30,"[0, 1, 2, 3, 4, 5, 6, 7, 8, 9, 10, 11, 12, 13, 14, 15, 16, 17, 18, 19, 20, 21, 22, 23, 24, 25, 26, 27, 28, 29]","[2.39973783493042, 2.405109405517578, 2.247148036956787, 2.1962671279907227, 2.466832399368286, 2.2833640575408936, 2.441735029220581, 2.397082567214966, 2.10017991065979, 2.254521131515503, 2.5600106716156006, 2.471388578414917, 2.025714159011841, 2.1726486682891846, 2.492779016494751, 2.4458916187286377, 2.1954236030578613, 2.4209017753601074, 2.354116201400757, 2.3099887371063232, 2.3999228477478027, 2.387721300125122, 2.491934061050415, 2.436002254486084, 2.5187535285949707, 2.4769339561462402, 2.2259140014648438, 2.464541435241699, 2.2927138805389404, 2.3905892372131348]",sae,Pre-64
1,beta,10,0.025,0.4493907433353129,0.4390813823454372,0.4518017686040912,0.5,0.6232207829487961,0.676459148157451,30,"[0, 1, 2, 3, 4, 5, 6, 7, 8, 9, 10, 11, 12, 13, 14, 15, 16, 17, 18, 19, 20, 21, 22, 23, 24, 25, 26, 27, 28, 29]","[1.7425580024719238, 1.6365816593170166, 1.8129956722259521, 1.7079403400421143, 1.7400797605514526, 1.7213542461395264, 1.7820749282836914, 1.775159478187561, 1.7357546091079712, 1.8379580974578857, 1.7058219909667969, 1.7797126770019531, 1.7818944454193115, 1.7272971868515015, 1.7419952154159546, 1.758941411972046, 1.7798367738723755, 1.6648017168045044, 1.7840169668197632, 1.6905263662338257, 1.7021766901016235, 1.772004246711731, 1.8305901288986206, 1.835218906402588, 1.8005880117416382, 1.6681421995162964, 1.7426646947860718, 1.7108436822891235, 1.760636568069458, 1.8519234657287598]",sae,Pre-64
1,beta,15,0.012,0.4529015220185267,0.4424399871594601,0.4528349737483501,0.5,0.6161071485640408,0.712245965223202,30,"[0, 1, 2, 3, 4, 5, 6, 7, 8, 9, 10, 11, 12, 13, 14, 15, 16, 17, 18, 19, 20, 21, 22, 23, 24, 25, 26, 27, 28, 29]","[2.477468252182007, 2.5154123306274414, 2.5437285900115967, 2.4102730751037598, 2.562960147857666, 2.2252676486968994, 2.2397408485412598, 2.155776023864746, 2.469820737838745, 2.407468557357788, 2.561652183532715, 2.3778302669525146, 2.4994912147521973, 2.397322416305542, 2.1575918197631836, 2.532297372817993, 2.3122894763946533, 2.649378538131714, 2.3404955863952637, 2.537445545196533, 2.461188554763794, 2.614813804626465, 2.1481308937072754, 2.506037712097168, 2.498666763305664, 2.484882354736328, 2.6258544921875, 2.6623153686523438, 2.4198172092437744, 2.3442249298095703]",sae,Pre-64
1,beta,46,0.026,0.4545712902572906,0.4417269056853911,0.459590009079997,0.5,0.6270377926330811,0.6894956467688289,30,"[0, 1, 2, 3, 4, 5, 6, 7, 8, 9, 10, 11, 12, 13, 14, 15, 16, 17, 18, 19, 20, 21, 22, 23, 24, 25, 26, 27, 28, 29]","[1.745434045791626, 1.8545533418655396, 1.8348305225372314, 1.824175238609314, 1.746640920639038, 1.8500521183013916, 1.7449454069137573, 1.921675682067871, 1.7988760471343994, 1.9260025024414062, 1.6600513458251953, 1.7317702770233154, 1.886979579925537, 1.744698405265808, 1.7703430652618408, 1.9116913080215454, 1.8089771270751953, 1.8136265277862549, 1.9276560544967651, 1.8836108446121216, 1.7737864255905151, 1.8060681819915771, 1.8063552379608154, 1.8183609247207642, 1.7763681411743164, 1.8211634159088135, 1.8282346725463867, 1.8241994380950928, 1.7977094650268555, 1.796636700630188]",sae,Pre-64
1,beta,43,0.018,0.4515364523902173,0.4432102910589974,0.4552878359134265,0.5,0.6060785767234989,0.7073476649369903,30,"[0, 1, 2, 3, 4, 5, 6, 7, 8, 9, 10, 11, 12, 13, 14, 15, 16, 17, 18, 19, 20, 21, 22, 23, 24, 25, 26, 27, 28, 29]","[2.441755533218384, 2.329869031906128, 2.4918885231018066, 2.422833204269409, 2.0978927612304688, 2.118070363998413, 2.1012794971466064, 2.2935526371002197, 2.0255513191223145, 2.3547146320343018, 2.05828857421875, 2.5372447967529297, 2.3141183853149414, 2.451890230178833, 2.3155267238616943, 2.3491950035095215, 2.4852755069732666, 2.3679556846618652, 2.1890101432800293, 2.2940187454223633, 2.3815977573394775, 2.169935703277588, 2.4358444213867188, 2.267498016357422, 2.174229145050049, 2.10473895072937, 2.464672327041626, 2.350780725479126, 2.486724376678467, 2.3727598190307617]",sae,Pre-64
1,beta,43,0.04,0.4515364523902173,0.4432102910589974,0.4452759577163387,0.5,0.6060785767234989,0.7028020756115642,30,"[0, 1, 2, 3, 4, 5, 6, 7, 8, 9, 10, 11, 12, 13, 14, 15, 16, 17, 18, 19, 20, 21, 22, 23, 24, 25, 26, 27, 28, 29]","[1.7242450714111328, 1.7737687826156616, 1.8049437999725342, 1.6644903421401978, 1.698030948638916, 1.6277087926864624, 1.6598635911941528, 1.6583143472671509, 1.7144335508346558, 1.630031943321228, 1.605004906654358, 1.8390964269638062, 1.7590222358703613, 1.7048537731170654, 1.682600975036621, 1.6273328065872192, 1.7949297428131104, 1.6620709896087646, 1.7478359937667847, 1.7541906833648682, 1.6731725931167603, 1.6705412864685059, 1.8177825212478638, 1.6880879402160645, 1.6469593048095703, 1.682633638381958, 1.8303883075714111, 1.6578724384307861, 1.768983244895935, 1.8269020318984985]",sae,Pre-64
1,beta,39,0.032,0.4461088087810431,0.4292341094433316,0.4431724994742311,0.5,0.6205127278095635,0.671931632274917,30,"[0, 1, 2, 3, 4, 5, 6, 7, 8, 9, 10, 11, 12, 13, 14, 15, 16, 17, 18, 19, 20, 21, 22, 23, 24, 25, 26, 27, 28, 29]","[1.6379666328430176, 1.8196356296539307, 1.738010287284851, 1.7881275415420532, 1.6673638820648193, 1.6451736688613892, 1.7156323194503784, 1.7086697816848755, 1.6372005939483643, 1.8318699598312378, 1.7303717136383057, 1.6854411363601685, 1.7383575439453125, 1.6394613981246948, 1.742563247680664, 1.8054217100143433, 1.8264350891113281, 1.78252375125885, 1.6551885604858398, 1.7078360319137573, 1.6446365118026733, 1.6769893169403076, 1.7542128562927246, 1.7647535800933838, 1.7722711563110352, 1.6548707485198975, 1.6369067430496216, 1.660666584968567, 1.8082066774368286, 1.6664828062057495]",sae,Pre-64
1,beta,39,0.015,0.4461088087810431,0.4292341094433316,0.457088157175714,0.5,0.6205127278095635,0.6746371768335486,30,"[0, 1, 2, 3, 4, 5, 6, 7, 8, 9, 10, 11, 12, 13, 14, 15, 16, 17, 18, 19, 20, 21, 22, 23, 24, 25, 26, 27, 28, 29]","[2.1171796321868896, 2.423457145690918, 2.546290874481201, 2.559537410736084, 2.2260870933532715, 2.1020662784576416, 2.335810661315918, 2.45686936378479, 2.141038417816162, 2.5097827911376953, 2.441662073135376, 2.522214651107788, 2.2297847270965576, 2.2824440002441406, 2.4807651042938232, 2.607710123062134, 2.580159902572632, 2.539181709289551, 2.1342971324920654, 2.4710915088653564, 2.472853183746338, 2.1630375385284424, 2.4675076007843018, 2.4987525939941406, 2.5710129737854004, 2.0886478424072266, 2.404265880584717, 2.430429458618164, 2.548220157623291, 2.4268012046813965]",sae,Pre-64
1,beta,7,0.002,0.4564836922581216,0.4420418003909208,0.4622851246351856,0.5,0.6095136152062148,0.6981167683254972,30,"[0, 1, 2, 3, 4, 5, 6, 7, 8, 9, 10, 11, 12, 13, 14, 15, 16, 17, 18, 19, 20, 21, 22, 23, 24, 25, 26, 27, 28, 29]","[2.562577962875366, 2.608015298843384, 2.820178985595703, 2.8774478435516357, 2.830584764480591, 2.8014252185821533, 2.86020565032959, 2.5028488636016846, 2.9062933921813965, 2.5199813842773438, 2.706679105758667, 2.5369129180908203, 2.790785789489746, 2.679527997970581, 2.864063262939453, 2.6863627433776855, 2.620962142944336, 2.8205082416534424, 2.598747491836548, 2.863758087158203, 2.6699841022491455, 2.885258197784424, 2.9064245223999023, 2.749471426010132, 2.6484227180480957, 2.9164724349975586, 2.7672715187072754, 2.8398311138153076, 2.874809503555298, 2.4523420333862305]",sae,Pre-64
1,beta,32,0.034,0.4555596844830426,0.4475674839123162,0.475506691724139,0.5,0.5924839124839124,0.6372583195440339,30,"[0, 1, 2, 3, 4, 5, 6, 7, 8, 9, 10, 11, 12, 13, 14, 15, 16, 17, 18, 19, 20, 21, 22, 23, 24, 25, 26, 27, 28, 29]","[1.7547211647033691, 1.657789945602417, 1.7595187425613403, 1.693424940109253, 1.6742098331451416, 1.7138147354125977, 1.66908597946167, 1.6699812412261963, 1.632830023765564, 1.6373536586761475, 1.698214054107666, 1.6458028554916382, 1.7032504081726074, 1.5950520038604736, 1.591601848602295, 1.5969090461730957, 1.6110047101974487, 1.7069165706634521, 1.6379973888397217, 1.6716727018356323, 1.7489925622940063, 1.6873741149902344, 1.564833641052246, 1.757825255393982, 1.6905763149261475, 1.6038154363632202, 1.7339866161346436, 1.5827951431274414, 1.7671427726745605, 1.7492408752441406]",sae,Pre-64
1,beta,30,0.0159,0.4638407167611665,0.4544841508273655,0.4513677031688641,0.5,0.6043368975359404,0.7043160440057243,30,"[0, 1, 2, 3, 4, 5, 6, 7, 8, 9, 10, 11, 12, 13, 14, 15, 16, 17, 18, 19, 20, 21, 22, 23, 24, 25, 26, 27, 28, 29]","[2.471238136291504, 2.465822458267212, 2.1799495220184326, 2.247997760772705, 2.2111988067626953, 2.350076913833618, 2.2118241786956787, 2.163870096206665, 2.171496868133545, 2.420091390609741, 2.05011248588562, 2.3029673099517822, 2.3230767250061035, 2.2933175563812256, 2.4687001705169678, 2.4720911979675293, 2.402172088623047, 2.3386080265045166, 2.4664812088012695, 2.1398568153381348, 2.5190622806549072, 2.4442405700683594, 2.5559449195861816, 2.4594781398773193, 2.221569299697876, 2.3958117961883545, 2.2880308628082275, 2.3896825313568115, 2.429872989654541, 2.128138542175293]",sae,Pre-64
1,beta,36,0.0155,0.4642138821845151,0.4576483090311837,0.4795988473142225,0.5,0.6031055233182893,0.6748755525351271,30,"[0, 1, 2, 3, 4, 5, 6, 7, 8, 9, 10, 11, 12, 13, 14, 15, 16, 17, 18, 19, 20, 21, 22, 23, 24, 25, 26, 27, 28, 29]","[2.4630868434906006, 2.435458183288574, 2.3446805477142334, 2.3802852630615234, 2.112438440322876, 2.4585301876068115, 2.3855674266815186, 2.0462491512298584, 2.457397222518921, 2.392843723297119, 2.4447357654571533, 2.4877095222473145, 2.1352248191833496, 2.43568754196167, 2.1171536445617676, 2.4561028480529785, 2.501352071762085, 2.30739164352417, 2.533508062362671, 2.1711201667785645, 2.0480422973632812, 2.4339916706085205, 2.4409804344177246, 2.2539050579071045, 2.451707601547241, 2.3271026611328125, 2.377473831176758, 2.2757959365844727, 2.4025912284851074, 2.125744342803955]",sae,Pre-64
1,beta,8,0.03,0.4517491928182039,0.4406431065890545,0.4442522577991546,0.5,0.6098144493254953,0.6808004923494833,30,"[0, 1, 2, 3, 4, 5, 6, 7, 8, 9, 10, 11, 12, 13, 14, 15, 16, 17, 18, 19, 20, 21, 22, 23, 24, 25, 26, 27, 28, 29]","[1.7053515911102295, 1.8107547760009766, 1.6959866285324097, 1.7036563158035278, 1.8167591094970703, 1.739079236984253, 1.7808313369750977, 1.6761243343353271, 1.6966545581817627, 1.7871522903442383, 1.8166431188583374, 1.7309788465499878, 1.6364461183547974, 1.6962611675262451, 1.76313316822052, 1.6888474225997925, 1.6508760452270508, 1.734917163848877, 1.6205512285232544, 1.7471345663070679, 1.6758718490600586, 1.6292991638183594, 1.7691940069198608, 1.7224355936050415, 1.770517110824585, 1.7745871543884277, 1.6739680767059326, 1.7554014921188354, 1.7465262413024902, 1.7747644186019897]",sae,Pre-64
1,beta,36,0.035,0.4642138821845151,0.4576483090311837,0.4659914705934599,0.5,0.6031055233182893,0.6748058503377653,30,"[0, 1, 2, 3, 4, 5, 6, 7, 8, 9, 10, 11, 12, 13, 14, 15, 16, 17, 18, 19, 20, 21, 22, 23, 24, 25, 26, 27, 28, 29]","[1.7347955703735352, 1.7561237812042236, 1.5953000783920288, 1.7429699897766113, 1.6015409231185913, 1.7555742263793945, 1.6021591424942017, 1.6454167366027832, 1.780828833580017, 1.6381168365478516, 1.6665773391723633, 1.7494826316833496, 1.6239591836929321, 1.6802387237548828, 1.6313334703445435, 1.756653904914856, 1.7170977592468262, 1.7040519714355469, 1.7660462856292725, 1.6186511516571045, 1.62189519405365, 1.6680208444595337, 1.6525421142578125, 1.6151025295257568, 1.7358953952789307, 1.7244738340377808, 1.6389448642730713, 1.7166903018951416, 1.729585886001587, 1.6148502826690674]",sae,Pre-64
1,beta,0,0.029,0.4600628296558519,0.4487196928272481,0.4385506072533695,0.5,0.6146148452673732,0.722658477936513,30,"[0, 1, 2, 3, 4, 5, 6, 7, 8, 9, 10, 11, 12, 13, 14, 15, 16, 17, 18, 19, 20, 21, 22, 23, 24, 25, 26, 27, 28, 29]","[1.7180912494659424, 1.726137399673462, 1.7661340236663818, 1.8303645849227905, 1.6869161128997803, 1.7569406032562256, 1.8269131183624268, 1.8502670526504517, 1.8258203268051147, 1.6907027959823608, 1.7690324783325195, 1.706525444984436, 1.8285350799560547, 1.83152174949646, 1.8438307046890259, 1.7089763879776, 1.8331283330917358, 1.716792345046997, 1.7282434701919556, 1.8426365852355957, 1.689970850944519, 1.7100054025650024, 1.8290249109268188, 1.7101800441741943, 1.7295969724655151, 1.690153956413269, 1.8114458322525024, 1.6802966594696045, 1.8608362674713135, 1.6909960508346558]",sae,Pre-64
1,beta,0,0.012,0.4600628296558519,0.4487196928272481,0.4493994473796022,0.5,0.6146148452673732,0.7236425248179057,30,"[0, 1, 2, 3, 4, 5, 6, 7, 8, 9, 10, 11, 12, 13, 14, 15, 16, 17, 18, 19, 20, 21, 22, 23, 24, 25, 26, 27, 28, 29]","[2.375718832015991, 2.199869155883789, 2.3370649814605713, 2.592123031616211, 2.256697654724121, 2.3664426803588867, 2.64878249168396, 2.6204917430877686, 2.5357117652893066, 2.161184787750244, 2.478827714920044, 2.163784980773926, 2.3310859203338623, 2.568847894668579, 2.6165051460266113, 2.1524291038513184, 2.5214123725891113, 2.5023374557495117, 2.5018692016601562, 2.5351455211639404, 2.3866562843322754, 2.5278310775756836, 2.552196502685547, 2.4619641304016113, 2.5258889198303223, 2.2902841567993164, 2.573326587677002, 2.501640558242798, 2.6406984329223633, 2.229822874069214]",sae,Pre-64
1,beta,25,0.032,0.4465066892532915,0.4352791138475453,0.4513755437720379,0.5,0.6270054355300688,0.6595169613652807,30,"[0, 1, 2, 3, 4, 5, 6, 7, 8, 9, 10, 11, 12, 13, 14, 15, 16, 17, 18, 19, 20, 21, 22, 23, 24, 25, 26, 27, 28, 29]","[1.8365434408187866, 1.8564962148666382, 1.6738694906234741, 1.921309232711792, 1.9122687578201294, 1.9035626649856567, 1.8091299533843994, 1.7078592777252197, 1.787402868270874, 1.689011573791504, 1.9075826406478882, 1.8708480596542358, 1.867967128753662, 1.7135816812515259, 1.752297282218933, 1.8700922727584839, 1.7113455533981323, 1.6526782512664795, 1.7782009840011597, 1.767592191696167, 1.9014215469360352, 1.6883727312088013, 1.8876457214355469, 1.7894585132598877, 1.8290255069732666, 1.731021523475647, 1.927987813949585, 1.8577499389648438, 1.905348539352417, 1.7823196649551392]",sae,Pre-64
1,beta,7,0.02,0.4564836922581216,0.4420418003909208,0.4591101129248945,0.5,0.6095136152062148,0.6976995174338628,30,"[0, 1, 2, 3, 4, 5, 6, 7, 8, 9, 10, 11, 12, 13, 14, 15, 16, 17, 18, 19, 20, 21, 22, 23, 24, 25, 26, 27, 28, 29]","[2.0857925415039062, 2.122262954711914, 2.3665523529052734, 2.421647548675537, 2.3730647563934326, 2.350879192352295, 2.400904417037964, 2.0231192111968994, 2.4429681301116943, 2.0225942134857178, 2.2516329288482666, 2.0670509338378906, 2.33622670173645, 2.223057270050049, 2.389354944229126, 2.212423086166382, 2.1537153720855713, 2.3628928661346436, 2.1308913230895996, 2.4089386463165283, 2.191453456878662, 2.436292886734009, 2.4502627849578857, 2.2970218658447266, 2.170192003250122, 2.4533839225769043, 2.3123762607574463, 2.3935418128967285, 2.4119410514831543, 1.9759933948516846]",sae,Pre-64
1,beta,13,0.004,0.4619123366083722,0.4531466051409948,0.4584794696560659,0.5,0.6127276801885291,0.7152248154668194,30,"[0, 1, 2, 3, 4, 5, 6, 7, 8, 9, 10, 11, 12, 13, 14, 15, 16, 17, 18, 19, 20, 21, 22, 23, 24, 25, 26, 27, 28, 29]","[2.7630181312561035, 2.7467591762542725, 2.74479079246521, 2.661008834838867, 2.480612277984619, 2.7735064029693604, 2.7390778064727783, 2.6535754203796387, 2.463778495788574, 2.668825387954712, 2.773953437805176, 2.6458582878112793, 2.7758560180664062, 2.441392660140991, 2.727527618408203, 2.648435592651367, 2.6709539890289307, 2.673755407333374, 2.65016770362854, 2.608318567276001, 2.6552655696868896, 2.427999496459961, 2.789620876312256, 2.4755868911743164, 2.328853130340576, 2.411891222000122, 2.4477739334106445, 2.4259583950042725, 2.723487377166748, 2.470151662826538]",sae,Pre-64
1,beta,48,0.034,0.4556814132376,0.4510566266980289,0.4933888442419333,0.5,0.5923878577171784,0.5936335685084312,30,"[0, 1, 2, 3, 4, 5, 6, 7, 8, 9, 10, 11, 12, 13, 14, 15, 16, 17, 18, 19, 20, 21, 22, 23, 24, 25, 26, 27, 28, 29]","[1.7353489398956299, 1.6677677631378174, 1.634360909461975, 1.613728642463684, 1.6197471618652344, 1.5427343845367432, 1.6426241397857666, 1.6130083799362183, 1.6162558794021606, 1.5928692817687988, 1.6875663995742798, 1.6180977821350098, 1.6684536933898926, 1.6146429777145386, 1.5831758975982666, 1.6425296068191528, 1.7220326662063599, 1.681449294090271, 1.6962007284164429, 1.5838885307312012, 1.6076143980026245, 1.7292652130126953, 1.7383171319961548, 1.5735982656478882, 1.6166112422943115, 1.7051342725753784, 1.7040586471557617, 1.7405201196670532, 1.5940731763839722, 1.6550188064575195]",sae,Pre-64
1,beta,14,0.029,0.4467366851483266,0.4421697276018216,0.440131007924091,0.5,0.5934222168898753,0.6937251608452437,30,"[0, 1, 2, 3, 4, 5, 6, 7, 8, 9, 10, 11, 12, 13, 14, 15, 16, 17, 18, 19, 20, 21, 22, 23, 24, 25, 26, 27, 28, 29]","[1.5873839855194092, 1.4902286529541016, 1.6091028451919556, 1.6453015804290771, 1.6133912801742554, 1.6151427030563354, 1.554867148399353, 1.7195932865142822, 1.613464117050171, 1.6920462846755981, 1.5531419515609741, 1.5778837203979492, 1.5998622179031372, 1.6905206441879272, 1.643924355506897, 1.6166397333145142, 1.7120493650436401, 1.709263801574707, 1.6269644498825073, 1.5841808319091797, 1.6004644632339478, 1.6281694173812866, 1.6902118921279907, 1.578295350074768, 1.7002816200256348, 1.706411361694336, 1.6551181077957153, 1.7088127136230469, 1.6993764638900757, 1.610106110572815]",sae,Pre-64
1,beta,28,0.018,0.4589844236982603,0.4495627040154577,0.4562029709811636,0.5,0.5987249917034086,0.6988389216801782,30,"[0, 1, 2, 3, 4, 5, 6, 7, 8, 9, 10, 11, 12, 13, 14, 15, 16, 17, 18, 19, 20, 21, 22, 23, 24, 25, 26, 27, 28, 29]","[2.2064263820648193, 2.3325042724609375, 2.286591053009033, 2.3695600032806396, 2.304669141769409, 2.211623191833496, 2.4282031059265137, 2.1863608360290527, 2.3817992210388184, 2.4313454627990723, 2.1686863899230957, 2.1969797611236572, 2.3941566944122314, 2.293588876724243, 2.455686330795288, 1.9642339944839478, 2.0354294776916504, 2.379497528076172, 2.184704065322876, 2.3005166053771973, 2.0078744888305664, 2.1173484325408936, 2.4083969593048096, 2.339083194732666, 1.9997673034667969, 2.3957467079162598, 2.341221332550049, 2.256282091140747, 2.3457610607147217, 1.996786117553711]",sae,Pre-64
1,beta,13,0.015,0.4619123366083722,0.4531466051409948,0.4571476975465712,0.5,0.6127276801885291,0.7149929597614071,30,"[0, 1, 2, 3, 4, 5, 6, 7, 8, 9, 10, 11, 12, 13, 14, 15, 16, 17, 18, 19, 20, 21, 22, 23, 24, 25, 26, 27, 28, 29]","[2.5165657997131348, 2.5055181980133057, 2.4979825019836426, 2.4144463539123535, 2.2322306632995605, 2.5258243083953857, 2.4948391914367676, 2.407083511352539, 2.2050554752349854, 2.4231860637664795, 2.5279483795166016, 2.4036152362823486, 2.532094955444336, 2.184539794921875, 2.479299545288086, 2.405005693435669, 2.4238288402557373, 2.4281890392303467, 2.3974106311798096, 2.362309455871582, 2.4081709384918213, 2.1794333457946777, 2.5445022583007812, 2.2269656658172607, 2.06239652633667, 2.1554176807403564, 2.193831205368042, 2.1774470806121826, 2.4790751934051514, 2.2188358306884766]",sae,Pre-64
1,beta,30,0.036,0.4638407167611665,0.4544841508273655,0.4423642354605686,0.5,0.6043368975359404,0.6964314993369851,30,"[0, 1, 2, 3, 4, 5, 6, 7, 8, 9, 10, 11, 12, 13, 14, 15, 16, 17, 18, 19, 20, 21, 22, 23, 24, 25, 26, 27, 28, 29]","[1.753109097480774, 1.744978666305542, 1.7105683088302612, 1.6661075353622437, 1.6691067218780518, 1.6461436748504639, 1.660526156425476, 1.6249189376831055, 1.5987045764923096, 1.6594377756118774, 1.6722850799560547, 1.6636407375335693, 1.6180392503738403, 1.6659760475158691, 1.7228679656982422, 1.726129412651062, 1.6318308115005493, 1.6705107688903809, 1.7432382106781006, 1.6413041353225708, 1.6910120248794556, 1.6409052610397339, 1.7440296411514282, 1.6533907651901245, 1.7445361614227295, 1.672057032585144, 1.6266093254089355, 1.6560975313186646, 1.711228609085083, 1.6527082920074463]",sae,Pre-64
1,beta,25,0.015,0.4465066892532915,0.4352791138475453,0.466041624330403,0.5,0.6270054355300688,0.6556256839260194,30,"[0, 1, 2, 3, 4, 5, 6, 7, 8, 9, 10, 11, 12, 13, 14, 15, 16, 17, 18, 19, 20, 21, 22, 23, 24, 25, 26, 27, 28, 29]","[2.388385534286499, 2.503894090652466, 2.0977516174316406, 2.4492383003234863, 2.528249979019165, 2.5275630950927734, 2.547255277633667, 2.0584797859191895, 2.228177309036255, 2.3508799076080322, 2.5603137016296387, 2.476982355117798, 2.3314852714538574, 2.082446575164795, 2.3459529876708984, 2.534470558166504, 2.47609806060791, 2.2795138359069824, 2.4552876949310303, 2.4699714183807373, 2.5354268550872803, 2.40623140335083, 2.573293685913086, 2.333580493927002, 2.252840280532837, 2.1161460876464844, 2.6079537868499756, 2.2949225902557373, 2.543600082397461, 2.388453245162964]",sae,Pre-64
1,beta,22,0.002,0.4519005213187685,0.4442985770479847,0.4680593329694452,0.5,0.5939599289403404,0.6752689737526323,30,"[0, 1, 2, 3, 4, 5, 6, 7, 8, 9, 10, 11, 12, 13, 14, 15, 16, 17, 18, 19, 20, 21, 22, 23, 24, 25, 26, 27, 28, 29]","[2.8142449855804443, 2.703643798828125, 2.566699981689453, 2.9140589237213135, 2.8792433738708496, 2.6497621536254883, 2.8541500568389893, 2.8043668270111084, 2.7916722297668457, 2.8287999629974365, 2.8540241718292236, 2.872011184692383, 2.6350138187408447, 2.8531787395477295, 2.7013092041015625, 2.7347514629364014, 2.868380308151245, 2.702611207962036, 2.5296006202697754, 2.4660513401031494, 2.846968650817871, 2.7115204334259033, 2.661343812942505, 2.765512704849243, 2.844285011291504, 2.7778327465057373, 2.6770596504211426, 2.7683017253875732, 2.9076151847839355, 2.5470030307769775]",sae,Pre-64
1,beta,47,0.005,0.4460371044958436,0.4257646434940195,0.4226064169622205,0.5,0.6434257056516428,0.7370362631003665,30,"[0, 1, 2, 3, 4, 5, 6, 7, 8, 9, 10, 11, 12, 13, 14, 15, 16, 17, 18, 19, 20, 21, 22, 23, 24, 25, 26, 27, 28, 29]","[2.7330198287963867, 2.620170831680298, 2.6384453773498535, 2.3846962451934814, 2.7113568782806396, 2.7663371562957764, 2.5955326557159424, 2.725334644317627, 2.497171640396118, 2.4524717330932617, 2.6571707725524902, 2.605785369873047, 2.442321300506592, 2.7549173831939697, 2.6784214973449707, 2.640575408935547, 2.427131175994873, 2.7715985774993896, 2.599721908569336, 2.4724979400634766, 2.722904682159424, 2.5834624767303467, 2.704411506652832, 2.527862787246704, 2.67846417427063, 2.5600554943084717, 2.460221290588379, 2.6659631729125977, 2.642240285873413, 2.7000603675842285]",sae,Pre-64
1,beta,11,0.025,0.4566976193509867,0.4496008864727478,0.4432536095656726,0.5,0.5995106990682213,0.7120323547314698,30,"[0, 1, 2, 3, 4, 5, 6, 7, 8, 9, 10, 11, 12, 13, 14, 15, 16, 17, 18, 19, 20, 21, 22, 23, 24, 25, 26, 27, 28, 29]","[1.856542944908142, 1.7396494150161743, 1.801977515220642, 1.8051481246948242, 1.917173981666565, 1.7618036270141602, 1.8023992776870728, 1.606135606765747, 1.8872472047805786, 1.8822367191314697, 1.881978154182434, 1.889238953590393, 1.936585545539856, 1.8239693641662598, 1.808272361755371, 1.7989498376846313, 1.8582953214645386, 1.7224098443984985, 1.7198039293289185, 1.8615707159042358, 1.7490346431732178, 1.8499782085418701, 1.9234800338745117, 1.8322745561599731, 1.7602730989456177, 1.868481993675232, 1.8848048448562622, 1.7426459789276123, 1.8044689893722534, 1.7164925336837769]",sae,Pre-64
1,beta,43,0.029,0.4515364523902173,0.4432102910589974,0.4460525887868636,0.5,0.6060785767234989,0.7030748702742772,30,"[0, 1, 2, 3, 4, 5, 6, 7, 8, 9, 10, 11, 12, 13, 14, 15, 16, 17, 18, 19, 20, 21, 22, 23, 24, 25, 26, 27, 28, 29]","[1.758481502532959, 1.8055177927017212, 1.8397588729858398, 1.700134515762329, 1.7322381734848022, 1.664523720741272, 1.6970638036727905, 1.694225549697876, 1.74449622631073, 1.666790246963501, 1.6329092979431152, 1.8770792484283447, 1.7973387241363525, 1.7442805767059326, 1.7159453630447388, 1.6713050603866577, 1.8331284523010254, 1.6979947090148926, 1.7814579010009766, 1.787674903869629, 1.707937240600586, 1.7019356489181519, 1.8551220893859863, 1.7183136940002441, 1.6852473020553589, 1.7080217599868774, 1.8707505464553833, 1.695364236831665, 1.8056044578552246, 1.8653924465179443]",sae,Pre-64
1,beta,22,0.016,0.4519005213187685,0.4442985770479847,0.4659362424786162,0.5,0.5939599289403404,0.6740579300932952,30,"[0, 1, 2, 3, 4, 5, 6, 7, 8, 9, 10, 11, 12, 13, 14, 15, 16, 17, 18, 19, 20, 21, 22, 23, 24, 25, 26, 27, 28, 29]","[2.3775370121002197, 2.2581441402435303, 2.128649950027466, 2.457731246948242, 2.442408800125122, 2.2282865047454834, 2.420417547225952, 2.3899388313293457, 2.3743855953216553, 2.4170730113983154, 2.409231424331665, 2.4332685470581055, 2.196546792984009, 2.4326303005218506, 2.2470920085906982, 2.3066980838775635, 2.4373929500579834, 2.302494525909424, 2.119310140609741, 2.0431554317474365, 2.399562358856201, 2.309485912322998, 2.2663252353668213, 2.3503615856170654, 2.4392755031585693, 2.366278648376465, 2.244309425354004, 2.3390870094299316, 2.469301462173462, 2.159653902053833]",sae,Pre-64
1,beta,25,0.025,0.4465066892532915,0.4352791138475453,0.45313844989678,0.5,0.6270054355300688,0.6592762792032671,30,"[0, 1, 2, 3, 4, 5, 6, 7, 8, 9, 10, 11, 12, 13, 14, 15, 16, 17, 18, 19, 20, 21, 22, 23, 24, 25, 26, 27, 28, 29]","[1.907192587852478, 1.9157267808914185, 1.7242869138717651, 1.9793907403945923, 1.9787585735321045, 1.9772461652755737, 1.8860633373260498, 1.7587966918945312, 1.847902536392212, 1.756282925605774, 1.9800978899002075, 1.944338083267212, 1.9309519529342651, 1.7625999450683594, 1.8253867626190186, 1.9471558332443237, 1.7898527383804321, 1.709065318107605, 1.8532761335372925, 1.8331400156021118, 1.9650850296020508, 1.7637302875518799, 1.9604002237319946, 1.8575838804244995, 1.8961604833602905, 1.7852617502212524, 1.9985548257827759, 1.9108445644378662, 1.9764745235443115, 1.8554624319076538]",sae,Pre-64
1,beta,2,0.0159,0.4419681213812466,0.4306250660512843,0.4422227346717771,0.5,0.6028191218064636,0.6905399452867806,30,"[0, 1, 2, 3, 4, 5, 6, 7, 8, 9, 10, 11, 12, 13, 14, 15, 16, 17, 18, 19, 20, 21, 22, 23, 24, 25, 26, 27, 28, 29]","[2.1089212894439697, 2.059626817703247, 2.173314094543457, 2.2851133346557617, 2.1286203861236572, 2.4833266735076904, 2.0193257331848145, 2.2619526386260986, 2.1947245597839355, 2.234999418258667, 2.3715834617614746, 2.236271619796753, 2.3473713397979736, 2.4129388332366943, 2.181006908416748, 2.4639878273010254, 2.326146125793457, 2.4748077392578125, 2.459449052810669, 2.394318103790283, 2.3465263843536377, 2.181609869003296, 2.407757520675659, 2.473238945007324, 1.9704914093017578, 2.268315315246582, 2.374587297439575, 2.3798229694366455, 2.222325563430786, 2.439563274383545]",sae,Pre-64
1,beta,12,0.006,0.4455148672091349,0.4361346773072694,0.4366077793917973,0.5,0.5892778403611032,0.7251168957839612,30,"[0, 1, 2, 3, 4, 5, 6, 7, 8, 9, 10, 11, 12, 13, 14, 15, 16, 17, 18, 19, 20, 21, 22, 23, 24, 25, 26, 27, 28, 29]","[2.523007869720459, 2.721342086791992, 2.3958334922790527, 2.6840782165527344, 2.7764477729797363, 2.8365652561187744, 2.7765445709228516, 2.746279239654541, 2.626549243927002, 2.3399178981781006, 2.339860439300537, 2.7898178100585938, 2.662710666656494, 2.671104669570923, 2.568669080734253, 2.8389556407928467, 2.507499933242798, 2.6278939247131348, 2.585747003555298, 2.8264856338500977, 2.6708357334136963, 2.548640727996826, 2.3618764877319336, 2.8267171382904053, 2.8271665573120117, 2.794487953186035, 2.700897693634033, 2.6260693073272705, 2.4974563121795654, 2.7539353370666504]",sae,Pre-64
1,beta,47,0.024,0.4460371044958436,0.4257646434940195,0.4209912368186311,0.5,0.6434257056516428,0.7368465890824921,30,"[0, 1, 2, 3, 4, 5, 6, 7, 8, 9, 10, 11, 12, 13, 14, 15, 16, 17, 18, 19, 20, 21, 22, 23, 24, 25, 26, 27, 28, 29]","[2.2460107803344727, 2.1585795879364014, 2.171163558959961, 1.8899354934692383, 2.2296302318573, 2.287360668182373, 2.136667251586914, 2.2361958026885986, 2.016265869140625, 1.9713690280914307, 2.18332576751709, 2.1334235668182373, 1.9565404653549194, 2.2818338871002197, 2.2203481197357178, 2.154766798019409, 1.9337177276611328, 2.3002562522888184, 2.1364827156066895, 1.986324667930603, 2.2646243572235107, 2.103245258331299, 2.2169153690338135, 2.055412530899048, 2.2071313858032227, 2.092339277267456, 1.9903743267059326, 2.1858811378479004, 2.1798198223114014, 2.231102705001831]",sae,Pre-64
1,beta,12,0.032,0.4455148672091349,0.4361346773072694,0.4193575771311299,0.5,0.5892778403611032,0.730303781019646,30,"[0, 1, 2, 3, 4, 5, 6, 7, 8, 9, 10, 11, 12, 13, 14, 15, 16, 17, 18, 19, 20, 21, 22, 23, 24, 25, 26, 27, 28, 29]","[1.6121714115142822, 1.7870100736618042, 1.6453826427459717, 1.6014150381088257, 1.8139926195144653, 1.7650715112686157, 1.7432162761688232, 1.7373254299163818, 1.7945852279663086, 1.6381142139434814, 1.6208620071411133, 1.8448179960250854, 1.6663894653320312, 1.7454110383987427, 1.60446298122406, 1.8467172384262085, 1.5774071216583252, 1.8359440565109253, 1.7258933782577515, 1.8410221338272095, 1.7832396030426025, 1.7388429641723633, 1.6418797969818115, 1.8425449132919312, 1.8297792673110962, 1.70976984500885, 1.8310468196868896, 1.7429052591323853, 1.6895685195922852, 1.843709945678711]",sae,Pre-64
1,beta,8,0.028,0.4517491928182039,0.4406431065890545,0.4442799794938998,0.5,0.6098144493254953,0.6807976627547521,30,"[0, 1, 2, 3, 4, 5, 6, 7, 8, 9, 10, 11, 12, 13, 14, 15, 16, 17, 18, 19, 20, 21, 22, 23, 24, 25, 26, 27, 28, 29]","[1.7082068920135498, 1.813616156578064, 1.6988332271575928, 1.706559658050537, 1.8196346759796143, 1.7419853210449219, 1.7837203741073608, 1.6790393590927124, 1.6995803117752075, 1.7900390625, 1.8195244073867798, 1.7338612079620361, 1.639384388923645, 1.6991859674453735, 1.7660309076309204, 1.691742181777954, 1.6537939310073853, 1.7378307580947876, 1.623438835144043, 1.750001072883606, 1.6787749528884888, 1.6322072744369507, 1.7720940113067627, 1.7253098487854004, 1.7734074592590332, 1.7774884700775146, 1.676863431930542, 1.7583187818527222, 1.7494226694107056, 1.777613639831543]",sae,Pre-64
1,beta,25,0.006,0.4465066892532915,0.4352791138475453,0.4672830515846999,0.5,0.6270054355300688,0.6558828102109034,30,"[0, 1, 2, 3, 4, 5, 6, 7, 8, 9, 10, 11, 12, 13, 14, 15, 16, 17, 18, 19, 20, 21, 22, 23, 24, 25, 26, 27, 28, 29]","[2.6104466915130615, 2.7160284519195557, 2.322397232055664, 2.6601767539978027, 2.7437257766723633, 2.7461211681365967, 2.7554829120635986, 2.287019968032837, 2.4530210494995117, 2.5619843006134033, 2.7746031284332275, 2.6928813457489014, 2.552616834640503, 2.306208848953247, 2.560286283493042, 2.7435545921325684, 2.681633234024048, 2.4904305934906006, 2.666175603866577, 2.6796040534973145, 2.749992609024048, 2.614753484725952, 2.784517288208008, 2.549623489379883, 2.474234104156494, 2.3420889377593994, 2.821719169616699, 2.5155603885650635, 2.7579739093780518, 2.603074550628662]",sae,Pre-64
1,beta,31,0.0159,0.4497611378811508,0.4308970333737342,0.449663555682152,0.5,0.642735734520437,0.7089885529282536,30,"[0, 1, 2, 3, 4, 5, 6, 7, 8, 9, 10, 11, 12, 13, 14, 15, 16, 17, 18, 19, 20, 21, 22, 23, 24, 25, 26, 27, 28, 29]","[2.3452517986297607, 2.50168776512146, 2.381014108657837, 2.1955437660217285, 2.243772029876709, 2.424156665802002, 2.302825450897217, 2.2535481452941895, 2.3783154487609863, 2.405207633972168, 2.3930788040161133, 2.1990764141082764, 2.466655731201172, 2.408053398132324, 2.4730489253997803, 2.4108974933624268, 2.0906271934509277, 2.436052083969116, 2.3341245651245117, 2.3998260498046875, 2.442997932434082, 2.327805995941162, 2.3577253818511963, 2.147136688232422, 2.220050096511841, 2.431307792663574, 2.2558388710021973, 2.4828238487243652, 2.2968077659606934, 2.3128199577331543]",sae,Pre-64
1,beta,1,0.029,0.4560357198099471,0.4497423189216591,0.4540807739749711,0.5,0.5964054457666336,0.6836323015535721,30,"[0, 1, 2, 3, 4, 5, 6, 7, 8, 9, 10, 11, 12, 13, 14, 15, 16, 17, 18, 19, 20, 21, 22, 23, 24, 25, 26, 27, 28, 29]","[1.7671345472335815, 1.6235891580581665, 1.7171709537506104, 1.5895692110061646, 1.7312482595443726, 1.5726836919784546, 1.6411007642745972, 1.645216464996338, 1.5475934743881226, 1.6259050369262695, 1.6462892293930054, 1.7042624950408936, 1.7520076036453247, 1.605933666229248, 1.7453901767730713, 1.6375020742416382, 1.5867037773132324, 1.6647053956985474, 1.7258670330047607, 1.7479095458984375, 1.766074299812317, 1.643464207649231, 1.6686009168624878, 1.6197397708892822, 1.5851259231567383, 1.592938780784607, 1.6650092601776123, 1.6380386352539062, 1.7536407709121704, 1.6736685037612915]",sae,Pre-64
1,beta,1,0.012,0.4560357198099471,0.4497423189216591,0.4639650904085326,0.5,0.5964054457666336,0.6886657694668745,30,"[0, 1, 2, 3, 4, 5, 6, 7, 8, 9, 10, 11, 12, 13, 14, 15, 16, 17, 18, 19, 20, 21, 22, 23, 24, 25, 26, 27, 28, 29]","[2.621863842010498, 2.5093390941619873, 2.5289394855499268, 2.3997533321380615, 2.551485538482666, 2.516526460647583, 2.5998573303222656, 2.1865508556365967, 2.2369213104248047, 2.1764450073242188, 2.270420789718628, 2.5659615993499756, 2.613356828689575, 2.3822062015533447, 2.602919578552246, 2.5671794414520264, 2.528127908706665, 2.5759692192077637, 2.582908868789673, 2.559896230697632, 2.642691135406494, 2.151660919189453, 2.376758098602295, 2.5021750926971436, 2.5196473598480225, 2.1988186836242676, 2.5359296798706055, 2.2600672245025635, 2.5892953872680664, 2.3420042991638184]",sae,Pre-64
1,beta,36,0.016,0.4642138821845151,0.4576483090311837,0.4795075237362115,0.5,0.6031055233182893,0.6749016908591376,30,"[0, 1, 2, 3, 4, 5, 6, 7, 8, 9, 10, 11, 12, 13, 14, 15, 16, 17, 18, 19, 20, 21, 22, 23, 24, 25, 26, 27, 28, 29]","[2.452249050140381, 2.424492120742798, 2.334027051925659, 2.3691823482513428, 2.101414442062378, 2.4475595951080322, 2.375007152557373, 2.034534215927124, 2.4463131427764893, 2.3823001384735107, 2.434121608734131, 2.476874828338623, 2.123853921890259, 2.4249727725982666, 2.1056253910064697, 2.4451711177825928, 2.490696430206299, 2.296128273010254, 2.5227808952331543, 2.1600139141082764, 2.036231517791748, 2.4233083724975586, 2.4303646087646484, 2.2429614067077637, 2.440753221511841, 2.315915107727051, 2.366652250289917, 2.2645835876464844, 2.3917551040649414, 2.1145105361938477]",sae,Pre-64
1,beta,37,0.0155,0.4546908257221888,0.444978337644671,0.4470741828427619,0.5,0.6058579085235571,0.7150912591591121,30,"[0, 1, 2, 3, 4, 5, 6, 7, 8, 9, 10, 11, 12, 13, 14, 15, 16, 17, 18, 19, 20, 21, 22, 23, 24, 25, 26, 27, 28, 29]","[2.1596391201019287, 2.4049177169799805, 2.161513090133667, 2.3140110969543457, 2.384178400039673, 2.4664392471313477, 2.478355646133423, 2.1025216579437256, 2.140080690383911, 2.266756057739258, 2.363068103790283, 2.1602160930633545, 2.4126174449920654, 2.328542709350586, 2.481356382369995, 2.1632273197174072, 2.3492794036865234, 2.4137065410614014, 2.222635507583618, 2.1879374980926514, 2.338792085647583, 2.4977903366088867, 2.4618546962738037, 2.4553260803222656, 2.410621404647827, 2.461782932281494, 2.457929849624634, 2.471754312515259, 2.4690258502960205, 2.4677796363830566]",sae,Pre-64
1,beta,37,0.035,0.4546908257221888,0.444978337644671,0.4341625400714418,0.5,0.6058579085235571,0.7172580606221556,30,"[0, 1, 2, 3, 4, 5, 6, 7, 8, 9, 10, 11, 12, 13, 14, 15, 16, 17, 18, 19, 20, 21, 22, 23, 24, 25, 26, 27, 28, 29]","[1.4854559898376465, 1.5473647117614746, 1.5220171213150024, 1.4979394674301147, 1.4498580694198608, 1.5575661659240723, 1.5233616828918457, 1.5721181631088257, 1.6181604862213135, 1.558027982711792, 1.5220611095428467, 1.5300190448760986, 1.5564807653427124, 1.5607950687408447, 1.594058871269226, 1.5384860038757324, 1.5280498266220093, 1.5720776319503784, 1.54436194896698, 1.541621208190918, 1.568261981010437, 1.5771958827972412, 1.6013809442520142, 1.5854991674423218, 1.5438923835754395, 1.5819635391235352, 1.5502476692199707, 1.580069899559021, 1.5821597576141357, 1.5965440273284912]",sae,Pre-64
1,beta,36,0.038,0.4642138821845151,0.4576483090311837,0.4659527124624574,0.5,0.6031055233182893,0.6747840684010896,30,"[0, 1, 2, 3, 4, 5, 6, 7, 8, 9, 10, 11, 12, 13, 14, 15, 16, 17, 18, 19, 20, 21, 22, 23, 24, 25, 26, 27, 28, 29]","[1.7316179275512695, 1.7529959678649902, 1.5920792818069458, 1.7398080825805664, 1.5983752012252808, 1.7523863315582275, 1.598915696144104, 1.642188549041748, 1.7776657342910767, 1.634954571723938, 1.6633987426757812, 1.7462867498397827, 1.6207499504089355, 1.6770546436309814, 1.6280988454818726, 1.753458857536316, 1.7138983011245728, 1.7008668184280396, 1.7628709077835083, 1.6154487133026123, 1.6186538934707642, 1.6648211479187012, 1.649327278137207, 1.6119146347045898, 1.7326924800872803, 1.7212806940078735, 1.6356980800628662, 1.7135179042816162, 1.7263805866241455, 1.6116588115692139]",sae,Pre-64
1,beta,23,0.038,0.4478205607315014,0.4344954522622479,0.4375942503360938,0.5,0.6150139710231751,0.6769372975638833,30,"[0, 1, 2, 3, 4, 5, 6, 7, 8, 9, 10, 11, 12, 13, 14, 15, 16, 17, 18, 19, 20, 21, 22, 23, 24, 25, 26, 27, 28, 29]","[1.5165010690689087, 1.612263798713684, 1.5893265008926392, 1.680436611175537, 1.4517143964767456, 1.5201233625411987, 1.665360450744629, 1.5227620601654053, 1.5143966674804688, 1.6563878059387207, 1.6650701761245728, 1.6177096366882324, 1.6121097803115845, 1.5238102674484253, 1.6116960048675537, 1.663373589515686, 1.361854076385498, 1.548068642616272, 1.5079399347305298, 1.5388978719711304, 1.6587480306625366, 1.6731936931610107, 1.5275930166244507, 1.6750280857086182, 1.6703048944473267, 1.5626615285873413, 1.5073180198669434, 1.5920437574386597, 1.5577099323272705, 1.686414361000061]",sae,Pre-64
1,beta,16,0.036,0.4519396108125126,0.4401978349795346,0.4372949801036719,0.5,0.6159012314439947,0.7205174896375555,30,"[0, 1, 2, 3, 4, 5, 6, 7, 8, 9, 10, 11, 12, 13, 14, 15, 16, 17, 18, 19, 20, 21, 22, 23, 24, 25, 26, 27, 28, 29]","[1.6455676555633545, 1.5588682889938354, 1.6160523891448975, 1.681003212928772, 1.6962476968765259, 1.5929824113845825, 1.6942551136016846, 1.63914954662323, 1.5892512798309326, 1.6953259706497192, 1.7021783590316772, 1.6392241716384888, 1.6138705015182495, 1.5852806568145752, 1.6123169660568237, 1.6246410608291626, 1.6318742036819458, 1.5512728691101074, 1.5918649435043335, 1.686267375946045, 1.7107290029525757, 1.6728507280349731, 1.6763129234313965, 1.675633430480957, 1.5689024925231934, 1.6664143800735474, 1.6272153854370117, 1.5912353992462158, 1.5634533166885376, 1.6048314571380615]",sae,Pre-64
1,beta,31,0.036,0.4497611378811508,0.4308970333737342,0.4351810064755841,0.5,0.642735734520437,0.7110915187604787,30,"[0, 1, 2, 3, 4, 5, 6, 7, 8, 9, 10, 11, 12, 13, 14, 15, 16, 17, 18, 19, 20, 21, 22, 23, 24, 25, 26, 27, 28, 29]","[1.7164767980575562, 1.674931287765503, 1.5664036273956299, 1.6050233840942383, 1.6405892372131348, 1.7503176927566528, 1.598821997642517, 1.6640143394470215, 1.6055762767791748, 1.6991242170333862, 1.625341534614563, 1.66719651222229, 1.7057008743286133, 1.5714584589004517, 1.700439214706421, 1.6303517818450928, 1.6367688179016113, 1.6710352897644043, 1.6802314519882202, 1.6405470371246338, 1.7188862562179565, 1.6489789485931396, 1.7087492942810059, 1.6455602645874023, 1.658285140991211, 1.687612533569336, 1.568117380142212, 1.7258143424987793, 1.5671006441116333, 1.6623351573944092]",sae,Pre-64
1,beta,2,0.036,0.4419681213812466,0.4306250660512843,0.4310300660112606,0.5,0.6028191218064636,0.689906744099782,30,"[0, 1, 2, 3, 4, 5, 6, 7, 8, 9, 10, 11, 12, 13, 14, 15, 16, 17, 18, 19, 20, 21, 22, 23, 24, 25, 26, 27, 28, 29]","[1.575893759727478, 1.5599937438964844, 1.5442954301834106, 1.6562272310256958, 1.5924779176712036, 1.703637957572937, 1.5759087800979614, 1.596138596534729, 1.5420591831207275, 1.5898303985595703, 1.6214998960494995, 1.5225272178649902, 1.637094259262085, 1.6990089416503906, 1.6536062955856323, 1.6264197826385498, 1.6665619611740112, 1.7267791032791138, 1.7274086475372314, 1.6986082792282104, 1.6126530170440674, 1.5581456422805786, 1.6718401908874512, 1.693450689315796, 1.5391597747802734, 1.5653287172317505, 1.6549171209335327, 1.6337002515792847, 1.41475510597229, 1.7246067523956299]",sae,Pre-64
1,beta,6,0.005,0.4540822999211705,0.4457917896713532,0.4660871529184221,0.5,0.5933447799067053,0.6655144120462524,30,"[0, 1, 2, 3, 4, 5, 6, 7, 8, 9, 10, 11, 12, 13, 14, 15, 16, 17, 18, 19, 20, 21, 22, 23, 24, 25, 26, 27, 28, 29]","[2.420640707015991, 2.689959764480591, 2.355375289916992, 2.7160913944244385, 2.557523727416992, 2.6374261379241943, 2.6266143321990967, 2.642613410949707, 2.344670057296753, 2.672405242919922, 2.635234832763672, 2.53523850440979, 2.649801731109619, 2.5178258419036865, 2.4463634490966797, 2.7207295894622803, 2.4256844520568848, 2.435852527618408, 2.4369359016418457, 2.6141934394836426, 2.47843861579895, 2.5340476036071777, 2.663208484649658, 2.3301608562469482, 2.603712320327759, 2.5537660121917725, 2.695828437805176, 2.353729724884033, 2.349968194961548, 2.669492244720459]",sae,Pre-64
1,beta,20,0.02,0.4408022875601419,0.4262939306313442,0.4545380330292677,0.5,0.6176087118064704,0.6527065642543015,30,"[0, 1, 2, 3, 4, 5, 6, 7, 8, 9, 10, 11, 12, 13, 14, 15, 16, 17, 18, 19, 20, 21, 22, 23, 24, 25, 26, 27, 28, 29]","[2.4081122875213623, 2.4324681758880615, 2.409792900085449, 2.43451189994812, 2.3896117210388184, 2.2880091667175293, 2.4346747398376465, 2.371284246444702, 2.350893974304199, 2.065176248550415, 2.1670994758605957, 2.3798303604125977, 2.5115115642547607, 2.422503709793091, 2.3331568241119385, 2.4340763092041016, 2.4130055904388428, 2.1140332221984863, 2.403414011001587, 2.4359118938446045, 2.0062689781188965, 2.0405330657958984, 2.1491005420684814, 2.4228382110595703, 2.3447837829589844, 2.144648551940918, 2.0310676097869873, 2.1005699634552, 2.2620415687561035, 2.4592504501342773]",sae,Pre-64
1,beta,22,0.01,0.4519005213187685,0.4442985770479847,0.46652943439681,0.5,0.5939599289403404,0.6742344027576795,30,"[0, 1, 2, 3, 4, 5, 6, 7, 8, 9, 10, 11, 12, 13, 14, 15, 16, 17, 18, 19, 20, 21, 22, 23, 24, 25, 26, 27, 28, 29]","[2.5029499530792236, 2.385871171951294, 2.264512300491333, 2.5835394859313965, 2.5707221031188965, 2.3603532314300537, 2.546476364135742, 2.51887845993042, 2.5030205249786377, 2.5458219051361084, 2.535806655883789, 2.5624794960021973, 2.3262784481048584, 2.5619139671325684, 2.3735737800598145, 2.4367659091949463, 2.5649635791778564, 2.4330971240997314, 2.2499449253082275, 2.178095817565918, 2.5266854763031006, 2.439527988433838, 2.3976128101348877, 2.4788501262664795, 2.567490816116333, 2.497553825378418, 2.3723673820495605, 2.466210126876831, 2.5981059074401855, 2.2900495529174805]",sae,Pre-64
1,beta,40,0.022,0.44666181227492,0.4340193094910912,0.4550949879415782,0.5,0.6093636266731638,0.6672417731349648,30,"[0, 1, 2, 3, 4, 5, 6, 7, 8, 9, 10, 11, 12, 13, 14, 15, 16, 17, 18, 19, 20, 21, 22, 23, 24, 25, 26, 27, 28, 29]","[2.365220069885254, 2.305075168609619, 2.244110107421875, 2.008995771408081, 2.3582763671875, 2.3257861137390137, 2.2027249336242676, 2.2914350032806396, 2.312492847442627, 2.222378730773926, 1.870577335357666, 1.9242351055145264, 2.165886402130127, 2.195354700088501, 2.1754696369171143, 2.334575653076172, 2.2991693019866943, 1.8938630819320679, 2.031196117401123, 2.1223180294036865, 2.160677909851074, 2.1892142295837402, 2.247474193572998, 1.9166020154953003, 2.331603765487671, 1.8543674945831299, 2.307433605194092, 2.2738654613494873, 2.3692610263824463, 2.2327117919921875]",sae,Pre-64
1,beta,18,0.005,0.4575117633693479,0.4471831599677374,0.4412053250128499,0.5,0.6052065040104606,0.7330667321726367,30,"[0, 1, 2, 3, 4, 5, 6, 7, 8, 9, 10, 11, 12, 13, 14, 15, 16, 17, 18, 19, 20, 21, 22, 23, 24, 25, 26, 27, 28, 29]","[2.6750733852386475, 2.6071975231170654, 2.7353601455688477, 2.389613628387451, 2.450699806213379, 2.462576389312744, 2.796722173690796, 2.3865745067596436, 2.4987599849700928, 2.4535105228424072, 2.7820794582366943, 2.731614351272583, 2.5090560913085938, 2.6968562602996826, 2.517303466796875, 2.647895574569702, 2.685504674911499, 2.3381218910217285, 2.5715749263763428, 2.56901216506958, 2.7840182781219482, 2.6474111080169678, 2.7595560550689697, 2.6765289306640625, 2.7392454147338867, 2.5863823890686035, 2.7223198413848877, 2.744450330734253, 2.5601894855499268, 2.4529333114624023]",sae,Pre-64
1,beta,18,0.024,0.4575117633693479,0.4471831599677374,0.4396120928295098,0.5,0.6052065040104606,0.7315699614440404,30,"[0, 1, 2, 3, 4, 5, 6, 7, 8, 9, 10, 11, 12, 13, 14, 15, 16, 17, 18, 19, 20, 21, 22, 23, 24, 25, 26, 27, 28, 29]","[2.202777624130249, 2.1203181743621826, 2.2531840801239014, 1.9089500904083252, 1.9562236070632935, 1.9702097177505493, 2.3162636756896973, 1.8926072120666504, 2.0110878944396973, 1.9671393632888794, 2.2966456413269043, 2.255178928375244, 2.013463020324707, 2.2139410972595215, 2.030897617340088, 2.1799018383026123, 2.2010536193847656, 1.8335903882980347, 2.0957820415496826, 2.0923011302948, 2.2974936962127686, 2.170003890991211, 2.2758753299713135, 2.1815176010131836, 2.2610464096069336, 2.111903190612793, 2.24635910987854, 2.2700159549713135, 2.0612826347351074, 1.961800217628479]",sae,Pre-64
1,beta,40,0.004,0.44666181227492,0.4340193094910912,0.4582247352544804,0.5,0.6093636266731638,0.6662854619379006,30,"[0, 1, 2, 3, 4, 5, 6, 7, 8, 9, 10, 11, 12, 13, 14, 15, 16, 17, 18, 19, 20, 21, 22, 23, 24, 25, 26, 27, 28, 29]","[2.803614616394043, 2.7529947757720947, 2.678382158279419, 2.4613633155822754, 2.7858529090881348, 2.7601394653320312, 2.6522443294525146, 2.7265710830688477, 2.7512733936309814, 2.6743075847625732, 2.347841262817383, 2.3959543704986572, 2.5860774517059326, 2.6518731117248535, 2.6162471771240234, 2.7768146991729736, 2.743262529373169, 2.363065004348755, 2.481764316558838, 2.582095146179199, 2.596430778503418, 2.6373722553253174, 2.701333522796631, 2.3823366165161133, 2.7750303745269775, 2.3292760848999023, 2.7535436153411865, 2.7246499061584473, 2.8136751651763916, 2.668372869491577]",sae,Pre-64
1,beta,14,0.018,0.4467366851483266,0.4421697276018216,0.4577103321788251,0.5,0.5934222168898753,0.6888765578368001,30,"[0, 1, 2, 3, 4, 5, 6, 7, 8, 9, 10, 11, 12, 13, 14, 15, 16, 17, 18, 19, 20, 21, 22, 23, 24, 25, 26, 27, 28, 29]","[2.015512704849243, 2.199040412902832, 2.36523175239563, 2.29315185546875, 2.0938377380371094, 2.3997223377227783, 2.012676477432251, 2.361158609390259, 2.432558059692383, 2.5020053386688232, 2.281477451324463, 2.3831255435943604, 2.4445173740386963, 2.466093063354492, 2.301119565963745, 2.1371467113494873, 2.4769773483276367, 2.4649364948272705, 2.25500226020813, 2.010960817337036, 2.045327663421631, 2.2216475009918213, 2.361736297607422, 2.1446542739868164, 2.4952871799468994, 2.4561734199523926, 2.4514312744140625, 2.4031763076782227, 2.2903332710266113, 2.477047920227051]",sae,Pre-64
1,beta,21,0.03,0.4504746503440228,0.4381370334360364,0.4459530757223579,0.5,0.6200058082774133,0.6876676058774823,30,"[0, 1, 2, 3, 4, 5, 6, 7, 8, 9, 10, 11, 12, 13, 14, 15, 16, 17, 18, 19, 20, 21, 22, 23, 24, 25, 26, 27, 28, 29]","[1.6790331602096558, 1.7583017349243164, 1.8736082315444946, 1.8707551956176758, 1.8757736682891846, 1.82405686378479, 1.6983433961868286, 1.7469913959503174, 1.8715792894363403, 1.72029709815979, 1.8378678560256958, 1.8717066049575806, 1.703534483909607, 1.7714999914169312, 1.7600034475326538, 1.688948154449463, 1.7020564079284668, 1.7264188528060913, 1.7154983282089233, 1.8697435855865479, 1.6572184562683105, 1.8619693517684937, 1.6581127643585205, 1.6837444305419922, 1.7185180187225342, 1.7029330730438232, 1.68854558467865, 1.734600305557251, 1.8123221397399902, 1.8094732761383057]",sae,Pre-64
1,beta,14,0.04,0.4467366851483266,0.4421697276018216,0.4399602549385981,0.5,0.5934222168898753,0.6937791508570914,30,"[0, 1, 2, 3, 4, 5, 6, 7, 8, 9, 10, 11, 12, 13, 14, 15, 16, 17, 18, 19, 20, 21, 22, 23, 24, 25, 26, 27, 28, 29]","[1.5779893398284912, 1.4808918237686157, 1.599844217300415, 1.6360394954681396, 1.6040382385253906, 1.6058059930801392, 1.5455182790756226, 1.7103413343429565, 1.6041018962860107, 1.6828161478042603, 1.5438868999481201, 1.5687516927719116, 1.5907444953918457, 1.681288719177246, 1.6345551013946533, 1.607359766960144, 1.702765703201294, 1.700009822845459, 1.6176843643188477, 1.5748953819274902, 1.5911455154418945, 1.6188621520996094, 1.6809420585632324, 1.5690323114395142, 1.6909980773925781, 1.6971726417541504, 1.6459221839904785, 1.6995412111282349, 1.6901662349700928, 1.600934386253357]",sae,Pre-64
1,beta,6,0.024,0.4540822999211705,0.4457917896713532,0.4522615130684511,0.5,0.5933447799067053,0.6652758573534104,30,"[0, 1, 2, 3, 4, 5, 6, 7, 8, 9, 10, 11, 12, 13, 14, 15, 16, 17, 18, 19, 20, 21, 22, 23, 24, 25, 26, 27, 28, 29]","[1.6831400394439697, 1.7276098728179932, 1.6103336811065674, 1.7454410791397095, 1.5997518301010132, 1.6470431089401245, 1.6251472234725952, 1.677902102470398, 1.581527829170227, 1.7066770792007446, 1.6279656887054443, 1.5882070064544678, 1.6293085813522339, 1.5833024978637695, 1.3965932130813599, 1.7239420413970947, 1.6056941747665405, 1.6716114282608032, 1.6626722812652588, 1.66006600856781, 1.647872805595398, 1.5925300121307373, 1.721830129623413, 1.6312029361724854, 1.5912526845932007, 1.670326590538025, 1.6358611583709717, 1.577155590057373, 1.6361753940582275, 1.6822540760040283]",sae,Pre-64
1,beta,28,0.029,0.4589844236982603,0.4495627040154577,0.4460632621114024,0.5,0.5987249917034086,0.6989063314843788,30,"[0, 1, 2, 3, 4, 5, 6, 7, 8, 9, 10, 11, 12, 13, 14, 15, 16, 17, 18, 19, 20, 21, 22, 23, 24, 25, 26, 27, 28, 29]","[1.7183202505111694, 1.627948522567749, 1.587463140487671, 1.7902271747589111, 1.7788231372833252, 1.7217146158218384, 1.719444751739502, 1.6252152919769287, 1.7101929187774658, 1.7716090679168701, 1.6678367853164673, 1.728497862815857, 1.7611780166625977, 1.8028390407562256, 1.7511709928512573, 1.635061264038086, 1.6687134504318237, 1.7388405799865723, 1.7477585077285767, 1.7137908935546875, 1.639686107635498, 1.6974694728851318, 1.7066751718521118, 1.6294857263565063, 1.6415646076202393, 1.7613719701766968, 1.790360689163208, 1.6578896045684814, 1.655334234237671, 1.6476801633834839]",sae,Pre-64
1,beta,3,0.026,0.4557259332451328,0.444824285747971,0.4766467285765868,0.5,0.6042731979176,0.6517674672709982,30,"[0, 1, 2, 3, 4, 5, 6, 7, 8, 9, 10, 11, 12, 13, 14, 15, 16, 17, 18, 19, 20, 21, 22, 23, 24, 25, 26, 27, 28, 29]","[1.805418610572815, 1.7765679359436035, 1.79719877243042, 1.8541446924209595, 1.798111081123352, 1.9059157371520996, 1.78086519241333, 1.9008463621139526, 1.6554276943206787, 1.8747575283050537, 1.7923325300216675, 1.9044417142868042, 1.8110469579696655, 1.8796075582504272, 1.8871214389801025, 1.7997472286224365, 1.749537467956543, 1.844512701034546, 1.8357635736465454, 1.7787704467773438, 1.7008082866668701, 1.7459876537322998, 1.754917025566101, 1.892379641532898, 1.8717666864395142, 1.8129764795303345, 1.7861723899841309, 1.807633876800537, 1.8846571445465088, 1.8198524713516235]",sae,Pre-64
1,beta,34,0.03,0.4568527557813058,0.4470225010708758,0.4536043952588927,0.5,0.6011606799053854,0.6789919542792291,30,"[0, 1, 2, 3, 4, 5, 6, 7, 8, 9, 10, 11, 12, 13, 14, 15, 16, 17, 18, 19, 20, 21, 22, 23, 24, 25, 26, 27, 28, 29]","[1.6261407136917114, 1.7307934761047363, 1.7325748205184937, 1.6690940856933594, 1.613878607749939, 1.6459153890609741, 1.677132487297058, 1.6262329816818237, 1.5941396951675415, 1.6294406652450562, 1.7066490650177002, 1.4963898658752441, 1.7277554273605347, 1.6187317371368408, 1.591333031654358, 1.6328788995742798, 1.7411519289016724, 1.73172128200531, 1.6479547023773193, 1.6142042875289917, 1.6689069271087646, 1.7401474714279175, 1.6924490928649902, 1.7457056045532227, 1.6066656112670898, 1.5757644176483154, 1.757886528968811, 1.7590608596801758, 1.7278523445129395, 1.7417696714401245]",sae,Pre-64
1,beta,11,0.0155,0.4566976193509867,0.4496008864727478,0.4506618209324179,0.5,0.5995106990682213,0.7148344219693776,30,"[0, 1, 2, 3, 4, 5, 6, 7, 8, 9, 10, 11, 12, 13, 14, 15, 16, 17, 18, 19, 20, 21, 22, 23, 24, 25, 26, 27, 28, 29]","[2.2103488445281982, 2.4367072582244873, 2.4347119331359863, 2.4519221782684326, 2.3885936737060547, 2.3971457481384277, 2.439284324645996, 2.154008626937866, 2.478086233139038, 2.4350709915161133, 2.4433863162994385, 2.4706037044525146, 2.5159952640533447, 2.4521260261535645, 2.261667251586914, 2.458066463470459, 2.2679009437561035, 2.1023967266082764, 2.081327199935913, 2.2928669452667236, 2.118377208709717, 2.48199462890625, 2.4393324851989746, 2.286386251449585, 2.106116771697998, 2.376673698425293, 2.4775917530059814, 2.1454317569732666, 2.426182985305786, 2.0864710807800293]",sae,Pre-64
1,beta,5,0.034,0.4445517550333296,0.4301735816232515,0.4379265953351545,0.5,0.6070910659257547,0.6821990461486532,30,"[0, 1, 2, 3, 4, 5, 6, 7, 8, 9, 10, 11, 12, 13, 14, 15, 16, 17, 18, 19, 20, 21, 22, 23, 24, 25, 26, 27, 28, 29]","[1.784814476966858, 1.6027700901031494, 1.5954421758651733, 1.7555855512619019, 1.7525827884674072, 1.7378489971160889, 1.7068243026733398, 1.6330646276474, 1.717910647392273, 1.6046913862228394, 1.72957444190979, 1.7694119215011597, 1.7272394895553589, 1.686224341392517, 1.7499635219573975, 1.7296333312988281, 1.70990788936615, 1.7585911750793457, 1.6173592805862427, 1.6938247680664062, 1.774983525276184, 1.67655348777771, 1.8005586862564087, 1.6061533689498901, 1.71268630027771, 1.7704315185546875, 1.6145505905151367, 1.7146042585372925, 1.7442350387573242, 1.7275079488754272]",sae,Pre-64
1,beta,3,0.0159,0.4557259332451328,0.444824285747971,0.4912436533170928,0.5,0.6042731979176,0.6518296155191402,30,"[0, 1, 2, 3, 4, 5, 6, 7, 8, 9, 10, 11, 12, 13, 14, 15, 16, 17, 18, 19, 20, 21, 22, 23, 24, 25, 26, 27, 28, 29]","[2.3863141536712646, 2.2300336360931396, 2.4331605434417725, 2.385737895965576, 2.462137460708618, 2.4102818965911865, 2.476834535598755, 2.5166075229644775, 2.390960216522217, 2.531522512435913, 2.44791579246521, 2.532412528991699, 2.4630260467529297, 2.5300347805023193, 2.530360460281372, 2.2334980964660645, 2.118415117263794, 2.436412811279297, 2.3657844066619873, 2.206773281097412, 2.4052300453186035, 2.1428956985473633, 2.183779001235962, 2.529494285583496, 2.499791383743286, 2.4931859970092773, 2.2445995807647705, 2.457207679748535, 2.5140304565429688, 2.5487427711486816]",sae,Pre-64
1,beta,34,0.014,0.4568527557813058,0.4470225010708758,0.4677460568882159,0.5,0.6011606799053854,0.6807145897087734,30,"[0, 1, 2, 3, 4, 5, 6, 7, 8, 9, 10, 11, 12, 13, 14, 15, 16, 17, 18, 19, 20, 21, 22, 23, 24, 25, 26, 27, 28, 29]","[2.231520175933838, 2.47560977935791, 2.4668591022491455, 2.4747211933135986, 2.2976667881011963, 2.189101219177246, 2.5031557083129883, 2.488337993621826, 2.2658824920654297, 2.2015931606292725, 2.39890456199646, 2.325439214706421, 2.402287006378174, 2.4726064205169678, 2.160161256790161, 2.3210744857788086, 2.48421573638916, 2.4919042587280273, 2.454420566558838, 2.1534016132354736, 2.4882681369781494, 2.502768039703369, 2.3202507495880127, 2.4138917922973633, 2.0857722759246826, 2.3087549209594727, 2.5340821743011475, 2.5491020679473877, 2.4153568744659424, 2.414649248123169]",sae,Pre-64
1,beta,22,0.028,0.4519005213187685,0.4442985770479847,0.4520228069267199,0.5,0.5939599289403404,0.6795006411840139,30,"[0, 1, 2, 3, 4, 5, 6, 7, 8, 9, 10, 11, 12, 13, 14, 15, 16, 17, 18, 19, 20, 21, 22, 23, 24, 25, 26, 27, 28, 29]","[1.6779793500900269, 1.6964950561523438, 1.702959656715393, 1.8091989755630493, 1.8052252531051636, 1.6873124837875366, 1.7195497751235962, 1.725870966911316, 1.7426397800445557, 1.7862666845321655, 1.7258621454238892, 1.7983940839767456, 1.6846460103988647, 1.8033692836761475, 1.615246057510376, 1.7992970943450928, 1.7918715476989746, 1.7282880544662476, 1.6601110696792603, 1.6177911758422852, 1.781839370727539, 1.7669250965118408, 1.7558120489120483, 1.7190594673156738, 1.8091527223587036, 1.8073171377182007, 1.6626802682876587, 1.6648664474487305, 1.8132576942443848, 1.663836121559143]",sae,Pre-64
1,beta,13,0.032,0.4619123366083722,0.4531466051409948,0.4456802489338534,0.5,0.6127276801885291,0.711575730838782,30,"[0, 1, 2, 3, 4, 5, 6, 7, 8, 9, 10, 11, 12, 13, 14, 15, 16, 17, 18, 19, 20, 21, 22, 23, 24, 25, 26, 27, 28, 29]","[1.7710068225860596, 1.6343152523040771, 1.7527464628219604, 1.6654492616653442, 1.662749171257019, 1.760820984840393, 1.6891052722930908, 1.677091360092163, 1.6985138654708862, 1.6723365783691406, 1.7669636011123657, 1.647750735282898, 1.745407223701477, 1.6768839359283447, 1.7508846521377563, 1.6170707941055298, 1.657274842262268, 1.703513264656067, 1.7200191020965576, 1.6732960939407349, 1.6701775789260864, 1.6204155683517456, 1.7103981971740723, 1.6240360736846924, 1.6460717916488647, 1.6131898164749146, 1.6681787967681885, 1.6032941341400146, 1.7189046144485474, 1.6617368459701538]",sae,Pre-64
1,beta,44,0.018,0.4469012312759677,0.43811650775401,0.4795524885558707,0.5,0.5982762074796864,0.6269834956662128,30,"[0, 1, 2, 3, 4, 5, 6, 7, 8, 9, 10, 11, 12, 13, 14, 15, 16, 17, 18, 19, 20, 21, 22, 23, 24, 25, 26, 27, 28, 29]","[2.1693246364593506, 2.431995153427124, 2.2006914615631104, 2.0960190296173096, 2.3869738578796387, 2.5050060749053955, 2.4237875938415527, 2.3605735301971436, 2.320905923843384, 2.5715110301971436, 2.2218425273895264, 2.514800548553467, 2.4304144382476807, 2.115452289581299, 2.5309016704559326, 2.48681378364563, 2.062652826309204, 2.405545234680176, 2.415234327316284, 2.4332122802734375, 2.0304572582244873, 2.2587170600891113, 2.4018983840942383, 2.4718234539031982, 2.410640239715576, 2.4315414428710938, 2.264495372772217, 2.38020396232605, 2.324112892150879, 2.4481327533721924]",sae,Pre-64
1,beta,44,0.04,0.4469012312759677,0.43811650775401,0.4660239264491458,0.5,0.5982762074796864,0.6233435270132518,30,"[0, 1, 2, 3, 4, 5, 6, 7, 8, 9, 10, 11, 12, 13, 14, 15, 16, 17, 18, 19, 20, 21, 22, 23, 24, 25, 26, 27, 28, 29]","[1.7041841745376587, 1.6956453323364258, 1.6830203533172607, 1.6354807615280151, 1.6923298835754395, 1.7828590869903564, 1.7911179065704346, 1.6369240283966064, 1.715012550354004, 1.8206264972686768, 1.7071658372879028, 1.6897239685058594, 1.7055206298828125, 1.6427415609359741, 1.799979567527771, 1.7923794984817505, 1.62051522731781, 1.5594907999038696, 1.7180452346801758, 1.7052350044250488, 1.6354340314865112, 1.6293336153030396, 1.7316441535949707, 1.723270058631897, 1.7615704536437988, 1.669783592224121, 1.6619699001312256, 1.7013978958129883, 1.7243398427963257, 1.7049288749694824]",sae,Pre-64
1,beta,32,0.024,0.4555596844830426,0.4475674839123162,0.4809433523643708,0.5,0.5924839124839124,0.6396764111049824,30,"[0, 1, 2, 3, 4, 5, 6, 7, 8, 9, 10, 11, 12, 13, 14, 15, 16, 17, 18, 19, 20, 21, 22, 23, 24, 25, 26, 27, 28, 29]","[1.9642874002456665, 1.896405816078186, 2.008600950241089, 1.9545401334762573, 1.8933990001678467, 1.8908054828643799, 1.8675750494003296, 1.8797428607940674, 1.8764843940734863, 1.8514423370361328, 1.9184893369674683, 1.9170159101486206, 1.9413905143737793, 1.798943042755127, 1.8177539110183716, 1.8124818801879883, 1.8483678102493286, 1.9497013092041016, 1.8449490070343018, 1.9039340019226074, 1.9673411846160889, 1.9307031631469727, 1.7975356578826904, 1.984548568725586, 1.92860746383667, 1.8284542560577393, 1.986345887184143, 1.8518692255020142, 1.9650332927703857, 1.9624919891357422]",sae,Pre-64
1,beta,37,0.028,0.4546908257221888,0.444978337644671,0.4367724226996904,0.5,0.6058579085235571,0.7180381695054381,30,"[0, 1, 2, 3, 4, 5, 6, 7, 8, 9, 10, 11, 12, 13, 14, 15, 16, 17, 18, 19, 20, 21, 22, 23, 24, 25, 26, 27, 28, 29]","[1.6493926048278809, 1.7053134441375732, 1.680135726928711, 1.6689422130584717, 1.620784044265747, 1.7336277961730957, 1.7554280757904053, 1.7043936252593994, 1.7549420595169067, 1.7234203815460205, 1.6931672096252441, 1.6746801137924194, 1.7084599733352661, 1.748984694480896, 1.7761846780776978, 1.7047853469848633, 1.7193766832351685, 1.7262839078903198, 1.7201112508773804, 1.6911646127700806, 1.7521454095840454, 1.7602591514587402, 1.7831834554672241, 1.7599623203277588, 1.7186049222946167, 1.7551630735397339, 1.7257436513900757, 1.7768031358718872, 1.751786231994629, 1.7719392776489258]",sae,Pre-64
1,beta,26,0.032,0.4502231978181314,0.4442488029476733,0.465759929206121,0.5,0.5832450787939482,0.6464604390718723,30,"[0, 1, 2, 3, 4, 5, 6, 7, 8, 9, 10, 11, 12, 13, 14, 15, 16, 17, 18, 19, 20, 21, 22, 23, 24, 25, 26, 27, 28, 29]","[1.5900341272354126, 1.5938856601715088, 1.7697336673736572, 1.5413472652435303, 1.618844985961914, 1.665231704711914, 1.666732907295227, 1.566859245300293, 1.6808866262435913, 1.623497486114502, 1.5396825075149536, 1.7782719135284424, 1.7082388401031494, 1.6600651741027832, 1.7409138679504395, 1.623575210571289, 1.6689918041229248, 1.5258516073226929, 1.6839920282363892, 1.6215429306030273, 1.584018349647522, 1.748472809791565, 1.6370826959609985, 1.6701730489730835, 1.758589744567871, 1.735890507698059, 1.6080055236816406, 1.669284701347351, 1.4970755577087402, 1.572109580039978]",sae,Pre-64
1,beta,14,0.015,0.4467366851483266,0.4421697276018216,0.4583758601775367,0.5,0.5934222168898753,0.6887595794777966,30,"[0, 1, 2, 3, 4, 5, 6, 7, 8, 9, 10, 11, 12, 13, 14, 15, 16, 17, 18, 19, 20, 21, 22, 23, 24, 25, 26, 27, 28, 29]","[2.0983998775482178, 2.2750279903411865, 2.4393234252929688, 2.371290922164917, 2.1755361557006836, 2.474538564682007, 2.09264874458313, 2.439946174621582, 2.5068819522857666, 2.5767242908477783, 2.3569304943084717, 2.459073066711426, 2.5203857421875, 2.5416483879089355, 2.378634214401245, 2.2155749797821045, 2.5530834197998047, 2.5412118434906006, 2.334096670150757, 2.0908050537109375, 2.126711368560791, 2.2986905574798584, 2.437049150466919, 2.2227609157562256, 2.5702474117279053, 2.532566547393799, 2.526191234588623, 2.481139659881592, 2.3698720932006836, 2.5508952140808105]",sae,Pre-64
1,beta,32,0.005,0.4555596844830426,0.4475674839123162,0.4910839667515489,0.5,0.5924839124839124,0.6438565912851627,30,"[0, 1, 2, 3, 4, 5, 6, 7, 8, 9, 10, 11, 12, 13, 14, 15, 16, 17, 18, 19, 20, 21, 22, 23, 24, 25, 26, 27, 28, 29]","[2.7632641792297363, 2.7165541648864746, 2.817892074584961, 2.7712996006011963, 2.7375898361206055, 2.4585464000701904, 2.6731534004211426, 2.7096731662750244, 2.683682918548584, 2.600276470184326, 2.5327532291412354, 2.7253711223602295, 2.7639048099517822, 2.4249415397644043, 2.440340518951416, 2.4011151790618896, 2.649803876876831, 2.657219409942627, 2.4487991333007812, 2.6805076599121094, 2.769071340560913, 2.5680367946624756, 2.4410080909729004, 2.7464189529418945, 2.5930118560791016, 2.6451900005340576, 2.776113510131836, 2.7097582817077637, 2.680889368057251, 2.727695941925049]",sae,Pre-64
1,beta,37,0.016,0.4546908257221888,0.444978337644671,0.4470058836368386,0.5,0.6058579085235571,0.7151319998551442,30,"[0, 1, 2, 3, 4, 5, 6, 7, 8, 9, 10, 11, 12, 13, 14, 15, 16, 17, 18, 19, 20, 21, 22, 23, 24, 25, 26, 27, 28, 29]","[2.148414134979248, 2.3938093185424805, 2.149869680404663, 2.30302095413208, 2.3734095096588135, 2.455564260482788, 2.467207908630371, 2.0906102657318115, 2.128383159637451, 2.255373239517212, 2.352030038833618, 2.1489224433898926, 2.401721477508545, 2.317128896713257, 2.470355749130249, 2.1516757011413574, 2.3379833698272705, 2.4026312828063965, 2.211186647415161, 2.1764023303985596, 2.3273985385894775, 2.4869377613067627, 2.4508004188537598, 2.4442691802978516, 2.399770975112915, 2.4506845474243164, 2.447021961212158, 2.4606919288635254, 2.4580137729644775, 2.4567487239837646]",sae,Pre-64
1,beta,1,0.04,0.4560357198099471,0.4497423189216591,0.4539526418329419,0.5,0.5964054457666336,0.683613118005383,30,"[0, 1, 2, 3, 4, 5, 6, 7, 8, 9, 10, 11, 12, 13, 14, 15, 16, 17, 18, 19, 20, 21, 22, 23, 24, 25, 26, 27, 28, 29]","[1.7579013109207153, 1.6142663955688477, 1.7080262899398804, 1.580322265625, 1.7221386432647705, 1.563264012336731, 1.632025122642517, 1.6359093189239502, 1.5382096767425537, 1.6166645288467407, 1.6370468139648438, 1.6950533390045166, 1.7427828311920166, 1.5967092514038086, 1.7361741065979004, 1.6285135746002197, 1.5775002241134644, 1.655529260635376, 1.7166569232940674, 1.738671064376831, 1.7569066286087036, 1.634095311164856, 1.6593024730682373, 1.6103980541229248, 1.575883388519287, 1.5836098194122314, 1.6557965278625488, 1.62883722782135, 1.744421124458313, 1.6644401550292969]",sae,Pre-64
1,beta,26,0.015,0.4502231978181314,0.4442488029476733,0.4839758920734341,0.5,0.5832450787939482,0.647975906141482,30,"[0, 1, 2, 3, 4, 5, 6, 7, 8, 9, 10, 11, 12, 13, 14, 15, 16, 17, 18, 19, 20, 21, 22, 23, 24, 25, 26, 27, 28, 29]","[2.24122953414917, 2.452927350997925, 2.5632071495056152, 2.3410258293151855, 2.2345099449157715, 2.435504913330078, 2.564832925796509, 2.4715051651000977, 2.4535470008850098, 2.2222177982330322, 2.5155279636383057, 2.631459951400757, 2.554455280303955, 2.569751501083374, 2.534100294113159, 2.5804543495178223, 2.273893117904663, 2.353724956512451, 2.329749822616577, 2.4126317501068115, 2.109799861907959, 2.6102302074432373, 2.5277717113494873, 2.5520360469818115, 2.58003568649292, 2.5767884254455566, 2.254220724105835, 2.542189598083496, 2.5391054153442383, 2.146259069442749]",sae,Pre-64
1,beta,11,0.035,0.4566976193509867,0.4496008864727478,0.4406021186623129,0.5,0.5995106990682213,0.7116343587582525,30,"[0, 1, 2, 3, 4, 5, 6, 7, 8, 9, 10, 11, 12, 13, 14, 15, 16, 17, 18, 19, 20, 21, 22, 23, 24, 25, 26, 27, 28, 29]","[1.7089173793792725, 1.5607951879501343, 1.6501948833465576, 1.60281240940094, 1.7506924867630005, 1.587283730506897, 1.6220568418502808, 1.459748387336731, 1.7310024499893188, 1.728796362876892, 1.733007550239563, 1.750052809715271, 1.7796010971069336, 1.6393663883209229, 1.632645606994629, 1.6308900117874146, 1.6895191669464111, 1.5866811275482178, 1.5976464748382568, 1.704014539718628, 1.6254478693008423, 1.6922719478607178, 1.7513893842697144, 1.6699841022491455, 1.6308388710021973, 1.7106029987335205, 1.7406197786331177, 1.584954857826233, 1.6379142999649048, 1.5906033515930176]",sae,Pre-64
1,beta,17,0.0159,0.4599327030141671,0.4513468217402507,0.4641162725563489,0.5,0.6120635717004715,0.6914902771234928,30,"[0, 1, 2, 3, 4, 5, 6, 7, 8, 9, 10, 11, 12, 13, 14, 15, 16, 17, 18, 19, 20, 21, 22, 23, 24, 25, 26, 27, 28, 29]","[2.444279670715332, 2.3930623531341553, 2.450380563735962, 2.290283203125, 2.4453790187835693, 2.144775629043579, 2.1990649700164795, 2.071223735809326, 2.421144962310791, 2.339064598083496, 2.4865894317626953, 2.503767251968384, 2.242064952850342, 2.4992733001708984, 2.3807482719421387, 2.0563032627105713, 2.140700578689575, 2.4151268005371094, 2.406060218811035, 2.229644775390625, 2.3502345085144043, 2.385169744491577, 2.3459229469299316, 2.4431536197662354, 2.429339647293091, 2.478023052215576, 2.239877939224243, 2.487807512283325, 2.4398157596588135, 2.2004096508026123]",sae,Pre-64
1,beta,37,0.01,0.4546908257221888,0.444978337644671,0.4478109941104504,0.5,0.6058579085235571,0.7150988037324514,30,"[0, 1, 2, 3, 4, 5, 6, 7, 8, 9, 10, 11, 12, 13, 14, 15, 16, 17, 18, 19, 20, 21, 22, 23, 24, 25, 26, 27, 28, 29]","[2.2841427326202393, 2.5283093452453613, 2.2906062602996826, 2.4360098838806152, 2.5039103031158447, 2.5873289108276367, 2.6020665168762207, 2.234283685684204, 2.2699179649353027, 2.3930957317352295, 2.4856956005096436, 2.2854819297790527, 2.5336499214172363, 2.4551074504852295, 2.603595733642578, 2.291339874267578, 2.47457218170166, 2.53672194480896, 2.3496975898742676, 2.3157975673675537, 2.46521258354187, 2.6183300018310547, 2.5846402645111084, 2.57812237739563, 2.5312180519104004, 2.58502459526062, 2.57913875579834, 2.594625473022461, 2.5913639068603516, 2.590268135070801]",sae,Pre-64
1,beta,37,0.038,0.4546908257221888,0.444978337644671,0.4341480732680958,0.5,0.6058579085235571,0.7172580606221556,30,"[0, 1, 2, 3, 4, 5, 6, 7, 8, 9, 10, 11, 12, 13, 14, 15, 16, 17, 18, 19, 20, 21, 22, 23, 24, 25, 26, 27, 28, 29]","[1.4842450618743896, 1.5461500883102417, 1.520815372467041, 1.4967271089553833, 1.4486398696899414, 1.5563545227050781, 1.522167444229126, 1.5709023475646973, 1.6169463396072388, 1.5568113327026367, 1.5208406448364258, 1.5288065671920776, 1.5552703142166138, 1.5595952272415161, 1.5928469896316528, 1.5372740030288696, 1.5268363952636719, 1.5708645582199097, 1.5431501865386963, 1.540422797203064, 1.5670535564422607, 1.575993537902832, 1.6001698970794678, 1.5842877626419067, 1.542681336402893, 1.5807536840438843, 1.5490422248840332, 1.578866958618164, 1.5809526443481445, 1.5953354835510254]",sae,Pre-64
1,beta,3,0.008,0.4557259332451328,0.444824285747971,0.4927619125342968,0.5,0.6042731979176,0.6516807487852185,30,"[0, 1, 2, 3, 4, 5, 6, 7, 8, 9, 10, 11, 12, 13, 14, 15, 16, 17, 18, 19, 20, 21, 22, 23, 24, 25, 26, 27, 28, 29]","[2.5639796257019043, 2.4067418575286865, 2.6077661514282227, 2.565791130065918, 2.634681224822998, 2.590904474258423, 2.64719295501709, 2.6938626766204834, 2.5604312419891357, 2.706012487411499, 2.6214141845703125, 2.707003355026245, 2.6353001594543457, 2.7026853561401367, 2.7049014568328857, 2.41510272026062, 2.304809093475342, 2.6064651012420654, 2.544874906539917, 2.3888936042785645, 2.5754973888397217, 2.326443910598755, 2.3686294555664062, 2.705970287322998, 2.6714303493499756, 2.6644411087036133, 2.423220634460449, 2.6318771839141846, 2.6887145042419434, 2.718252420425415]",sae,Pre-64
1,beta,3,0.036,0.4557259332451328,0.444824285747971,0.476378796300323,0.5,0.6042731979176,0.6517414517252642,30,"[0, 1, 2, 3, 4, 5, 6, 7, 8, 9, 10, 11, 12, 13, 14, 15, 16, 17, 18, 19, 20, 21, 22, 23, 24, 25, 26, 27, 28, 29]","[1.789046049118042, 1.7600675821304321, 1.780733346939087, 1.8381202220916748, 1.7817509174346924, 1.889922857284546, 1.7645323276519775, 1.8847362995147705, 1.639599323272705, 1.8584599494934082, 1.7761704921722412, 1.8882452249526978, 1.7948243618011475, 1.8637454509735107, 1.8708685636520386, 1.7834545373916626, 1.733145833015442, 1.8283337354660034, 1.8197153806686401, 1.7628146409988403, 1.6846904754638672, 1.7296907901763916, 1.7384966611862183, 1.876084566116333, 1.8554885387420654, 1.7967467308044434, 1.7699092626571655, 1.7912495136260986, 1.8684144020080566, 1.8037666082382202]",sae,Pre-64
1,beta,12,0.025,0.4455148672091349,0.4361346773072694,0.4194860103659276,0.5,0.5892778403611032,0.7302710611067744,30,"[0, 1, 2, 3, 4, 5, 6, 7, 8, 9, 10, 11, 12, 13, 14, 15, 16, 17, 18, 19, 20, 21, 22, 23, 24, 25, 26, 27, 28, 29]","[1.6202472448349, 1.7949609756469727, 1.653381586074829, 1.6092870235443115, 1.8218845129013062, 1.772912859916687, 1.7511482238769531, 1.7453973293304443, 1.8026171922683716, 1.6461060047149658, 1.6289218664169312, 1.8527836799621582, 1.6744871139526367, 1.7534701824188232, 1.6124898195266724, 1.8546963930130005, 1.5854032039642334, 1.8438419103622437, 1.7339311838150024, 1.848971962928772, 1.7913058996200562, 1.7467905282974243, 1.6499735116958618, 1.8505268096923828, 1.837770700454712, 1.717720866203308, 1.8389939069747925, 1.7509808540344238, 1.6976313591003418, 1.8517184257507324]",sae,Pre-64
1,beta,38,0.035,0.4455661720406026,0.4298851252298221,0.4493461759870401,0.5,0.6303640517897944,0.6572094440213252,30,"[0, 1, 2, 3, 4, 5, 6, 7, 8, 9, 10, 11, 12, 13, 14, 15, 16, 17, 18, 19, 20, 21, 22, 23, 24, 25, 26, 27, 28, 29]","[1.7213431596755981, 1.7313871383666992, 1.6842358112335205, 1.8340466022491455, 1.7740341424942017, 1.6691747903823853, 1.8288546800613403, 1.7482777833938599, 1.6895025968551636, 1.7576528787612915, 1.6933484077453613, 1.8162710666656494, 1.7954884767532349, 1.7104393243789673, 1.8284144401550293, 1.7502553462982178, 1.6946913003921509, 1.7981635332107544, 1.6629009246826172, 1.7781552076339722, 1.7465860843658447, 1.7254620790481567, 1.8001548051834106, 1.6669120788574219, 1.7362202405929565, 1.8287526369094849, 1.705327033996582, 1.8009635210037231, 1.7322624921798706, 1.8131781816482544]",sae,Pre-64
1,beta,38,0.0155,0.4455661720406026,0.4298851252298221,0.4679237872703177,0.5,0.6303640517897944,0.651070830159939,30,"[0, 1, 2, 3, 4, 5, 6, 7, 8, 9, 10, 11, 12, 13, 14, 15, 16, 17, 18, 19, 20, 21, 22, 23, 24, 25, 26, 27, 28, 29]","[2.5125443935394287, 2.562999963760376, 2.1750893592834473, 2.6216301918029785, 2.3160576820373535, 2.519793748855591, 2.630577802658081, 2.2017972469329834, 2.503683567047119, 2.4171533584594727, 2.181957244873047, 2.501047134399414, 2.5692203044891357, 2.1048662662506104, 2.6166622638702393, 2.3123245239257812, 2.5034799575805664, 2.545520782470703, 2.2803969383239746, 2.5608205795288086, 2.336566925048828, 2.4768426418304443, 2.5129547119140625, 2.1455085277557373, 2.2823777198791504, 2.585369348526001, 2.484825849533081, 2.5736632347106934, 2.351679801940918, 2.5395078659057617]",sae,Pre-64
1,beta,21,0.02,0.4504746503440228,0.4381370334360364,0.4600904084073722,0.5,0.6200058082774133,0.6854786885651083,30,"[0, 1, 2, 3, 4, 5, 6, 7, 8, 9, 10, 11, 12, 13, 14, 15, 16, 17, 18, 19, 20, 21, 22, 23, 24, 25, 26, 27, 28, 29]","[2.2983856201171875, 2.3738083839416504, 2.46480393409729, 2.3562936782836914, 2.341373920440674, 2.41355037689209, 2.3121700286865234, 2.4046807289123535, 2.4127004146575928, 1.9654550552368164, 2.4113147258758545, 2.4592247009277344, 2.2270379066467285, 2.4564642906188965, 2.367408514022827, 2.0155930519104004, 2.0501904487609863, 2.0640523433685303, 2.2506141662597656, 2.3523104190826416, 2.038618564605713, 2.418332815170288, 2.2585716247558594, 2.2636849880218506, 2.3240303993225098, 2.0880095958709717, 2.193249225616455, 2.205206871032715, 2.188486099243164, 2.263192892074585]",sae,Pre-64
1,beta,23,0.01,0.4478205607315014,0.4344954522622479,0.4523961025374552,0.5,0.6150139710231751,0.6830945324661768,30,"[0, 1, 2, 3, 4, 5, 6, 7, 8, 9, 10, 11, 12, 13, 14, 15, 16, 17, 18, 19, 20, 21, 22, 23, 24, 25, 26, 27, 28, 29]","[2.3686680793762207, 2.6689846515655518, 2.627347230911255, 2.6401610374450684, 2.5118484497070312, 2.459291458129883, 2.564188241958618, 2.198561668395996, 2.2357592582702637, 2.678633213043213, 2.6754508018493652, 2.410602331161499, 2.3319926261901855, 2.5828709602355957, 2.6318390369415283, 2.655801296234131, 2.511676073074341, 2.2466681003570557, 2.4331398010253906, 2.3047311305999756, 2.6555492877960205, 2.391733169555664, 2.546262502670288, 2.6808388233184814, 2.3963565826416016, 2.5546085834503174, 2.1716089248657227, 2.569180488586426, 2.5739710330963135, 2.6776719093322754]",sae,Pre-64
1,beta,32,0.0159,0.4555596844830426,0.4475674839123162,0.4884632991925685,0.5,0.5924839124839124,0.6426710792425079,30,"[0, 1, 2, 3, 4, 5, 6, 7, 8, 9, 10, 11, 12, 13, 14, 15, 16, 17, 18, 19, 20, 21, 22, 23, 24, 25, 26, 27, 28, 29]","[2.4408626556396484, 2.382235050201416, 2.4786105155944824, 2.4262096881866455, 2.402142286300659, 2.146369218826294, 2.3455934524536133, 2.3749935626983643, 2.3639464378356934, 2.2663376331329346, 2.2447776794433594, 2.3967995643615723, 2.4249491691589355, 2.1228175163269043, 2.1344027519226074, 2.1019632816314697, 2.3143744468688965, 2.3523170948028564, 2.1513216495513916, 2.3350703716278076, 2.453671932220459, 2.2716245651245117, 2.149338483810425, 2.436034679412842, 2.2890570163726807, 2.303788423538208, 2.457550287246704, 2.3728251457214355, 2.3388123512268066, 2.398946762084961]",sae,Pre-64
1,beta,29,0.029,0.4558655961502112,0.4409050416793991,0.4612947631194258,0.5,0.6296548282533407,0.6742755409558948,30,"[0, 1, 2, 3, 4, 5, 6, 7, 8, 9, 10, 11, 12, 13, 14, 15, 16, 17, 18, 19, 20, 21, 22, 23, 24, 25, 26, 27, 28, 29]","[1.6868577003479004, 1.7319202423095703, 1.3981624841690063, 1.8176287412643433, 1.7624961137771606, 1.678209662437439, 1.8543592691421509, 1.6630678176879883, 1.772558569908142, 1.8061013221740723, 1.7222025394439697, 1.7905288934707642, 1.8073015213012695, 1.6996068954467773, 1.7756998538970947, 1.6956510543823242, 1.7702131271362305, 1.7554212808609009, 1.7052165269851685, 1.7410844564437866, 1.8116689920425415, 1.863733172416687, 1.7388885021209717, 1.7306145429611206, 1.779496669769287, 1.6207640171051025, 1.6813327074050903, 1.838744044303894, 1.8718472719192505, 1.6759238243103027]",sae,Pre-64
1,beta,2,0.029,0.4419681213812466,0.4306250660512843,0.4345768102953034,0.5,0.6028191218064636,0.6905529860434924,30,"[0, 1, 2, 3, 4, 5, 6, 7, 8, 9, 10, 11, 12, 13, 14, 15, 16, 17, 18, 19, 20, 21, 22, 23, 24, 25, 26, 27, 28, 29]","[1.7663404941558838, 1.737290620803833, 1.725764513015747, 1.8778575658798218, 1.7890758514404297, 1.9473563432693481, 1.7457976341247559, 1.8115559816360474, 1.7643450498580933, 1.8319079875946045, 1.8520002365112305, 1.742988109588623, 1.8869389295578003, 1.9298603534698486, 1.8631080389022827, 1.8832169771194458, 1.8868587017059326, 1.9548014402389526, 1.9647133350372314, 1.932335615158081, 1.827506184577942, 1.7514101266860962, 1.8976703882217407, 1.9407552480697632, 1.706647276878357, 1.7577459812164307, 1.8621596097946167, 1.8706822395324707, 1.6676080226898193, 1.9437779188156128]",sae,Pre-64
1,beta,2,0.012,0.4419681213812466,0.4306250660512843,0.4427726829734401,0.5,0.6028191218064636,0.6904993740436778,30,"[0, 1, 2, 3, 4, 5, 6, 7, 8, 9, 10, 11, 12, 13, 14, 15, 16, 17, 18, 19, 20, 21, 22, 23, 24, 25, 26, 27, 28, 29]","[2.1904284954071045, 2.1436851024627686, 2.2527830600738525, 2.366579055786133, 2.209216833114624, 2.5618836879730225, 2.10365891456604, 2.3420863151550293, 2.27547025680542, 2.314911365509033, 2.4508209228515625, 2.3159239292144775, 2.427450656890869, 2.4933278560638428, 2.2630269527435303, 2.5413637161254883, 2.4071648120880127, 2.5545012950897217, 2.5392262935638428, 2.475600004196167, 2.425340175628662, 2.261634588241577, 2.4868123531341553, 2.551983594894409, 2.05118465423584, 2.346811294555664, 2.4530141353607178, 2.458561420440674, 2.299712657928467, 2.519672155380249]",sae,Pre-64
1,beta,32,0.036,0.4555596844830426,0.4475674839123162,0.4754858832103956,0.5,0.5924839124839124,0.6372494943923516,30,"[0, 1, 2, 3, 4, 5, 6, 7, 8, 9, 10, 11, 12, 13, 14, 15, 16, 17, 18, 19, 20, 21, 22, 23, 24, 25, 26, 27, 28, 29]","[1.7531723976135254, 1.656245231628418, 1.7579725980758667, 1.6918742656707764, 1.6726574897766113, 1.7122406959533691, 1.66752028465271, 1.668445348739624, 1.6312631368637085, 1.6357910633087158, 1.6966780424118042, 1.6442453861236572, 1.7017117738723755, 1.5935063362121582, 1.59006929397583, 1.5953640937805176, 1.6094311475753784, 1.705370306968689, 1.6364572048187256, 1.670119285583496, 1.747442603111267, 1.6858305931091309, 1.5632573366165161, 1.7562779188156128, 1.6890243291854858, 1.60226309299469, 1.7324342727661133, 1.5812643766403198, 1.7655984163284302, 1.7476885318756104]",sae,Pre-64
1,beta,0,0.032,0.4600628296558519,0.4487196928272481,0.438504649326857,0.5,0.6146148452673732,0.7226569569985201,30,"[0, 1, 2, 3, 4, 5, 6, 7, 8, 9, 10, 11, 12, 13, 14, 15, 16, 17, 18, 19, 20, 21, 22, 23, 24, 25, 26, 27, 28, 29]","[1.7130651473999023, 1.7210865020751953, 1.761124849319458, 1.8254045248031616, 1.6819729804992676, 1.7519264221191406, 1.8219571113586426, 1.8452860116958618, 1.8208253383636475, 1.6856181621551514, 1.7640491724014282, 1.7014750242233276, 1.8235448598861694, 1.8265265226364136, 1.8388434648513794, 1.7039371728897095, 1.8282233476638794, 1.7117899656295776, 1.7233649492263794, 1.8376706838607788, 1.6849857568740845, 1.7050119638442993, 1.8240457773208618, 1.7051509618759155, 1.724579930305481, 1.685145378112793, 1.8064297437667847, 1.6752650737762451, 1.8558920621871948, 1.6860369443893433]",sae,Pre-64
1,beta,15,0.018,0.4529015220185267,0.4424399871594601,0.4519578437262105,0.5,0.6161071485640408,0.7121994799459608,30,"[0, 1, 2, 3, 4, 5, 6, 7, 8, 9, 10, 11, 12, 13, 14, 15, 16, 17, 18, 19, 20, 21, 22, 23, 24, 25, 26, 27, 28, 29]","[2.3338637351989746, 2.371508836746216, 2.400622844696045, 2.2627336978912354, 2.4152395725250244, 2.071171283721924, 2.085449457168579, 2.000288963317871, 2.3210935592651367, 2.257845878601074, 2.417598247528076, 2.228602886199951, 2.3489480018615723, 2.2461328506469727, 2.0069921016693115, 2.388556480407715, 2.163187265396118, 2.5038936138153076, 2.194335460662842, 2.392315626144409, 2.316890239715576, 2.4692113399505615, 1.9912086725234985, 2.3598532676696777, 2.3526341915130615, 2.3427212238311768, 2.479733943939209, 2.5174717903137207, 2.268651008605957, 2.1977295875549316]",sae,Pre-64
1,beta,15,0.04,0.4529015220185267,0.4424399871594601,0.4402979888582444,0.5,0.6161071485640408,0.7114775054838102,30,"[0, 1, 2, 3, 4, 5, 6, 7, 8, 9, 10, 11, 12, 13, 14, 15, 16, 17, 18, 19, 20, 21, 22, 23, 24, 25, 26, 27, 28, 29]","[1.5990016460418701, 1.614353060722351, 1.6637060642242432, 1.618675708770752, 1.7409954071044922, 1.6125658750534058, 1.5895533561706543, 1.6139222383499146, 1.6883176565170288, 1.683100938796997, 1.6587300300598145, 1.604048490524292, 1.769970417022705, 1.685422420501709, 1.5367748737335205, 1.665817141532898, 1.5806275606155396, 1.78437077999115, 1.550697922706604, 1.6369123458862305, 1.7355619668960571, 1.7317845821380615, 1.5944019556045532, 1.65281343460083, 1.654137372970581, 1.5316345691680908, 1.72067129611969, 1.7610893249511719, 1.673710823059082, 1.625048279762268]",sae,Pre-64
1,beta,1,0.018,0.4560357198099471,0.4497423189216591,0.463051779978315,0.5,0.5964054457666336,0.6886170727676253,30,"[0, 1, 2, 3, 4, 5, 6, 7, 8, 9, 10, 11, 12, 13, 14, 15, 16, 17, 18, 19, 20, 21, 22, 23, 24, 25, 26, 27, 28, 29]","[2.4772427082061768, 2.364858865737915, 2.387653112411499, 2.253436803817749, 2.404038429260254, 2.3751749992370605, 2.4572036266326904, 2.03181529045105, 2.090151786804199, 2.025233030319214, 2.1236796379089355, 2.4220383167266846, 2.4690463542938232, 2.235607624053955, 2.4575538635253906, 2.4234671592712402, 2.3877720832824707, 2.434695243835449, 2.436584711074829, 2.4133806228637695, 2.4998109340667725, 1.9952754974365234, 2.226539373397827, 2.3593637943267822, 2.378784656524658, 2.051964521408081, 2.393751382827759, 2.1079459190368652, 2.4438159465789795, 2.1928491592407227]",sae,Pre-64
1,beta,24,0.0155,0.4501416387440968,0.4383559369047743,0.4646779413785795,0.5,0.6188330126613704,0.650522902184707,30,"[0, 1, 2, 3, 4, 5, 6, 7, 8, 9, 10, 11, 12, 13, 14, 15, 16, 17, 18, 19, 20, 21, 22, 23, 24, 25, 26, 27, 28, 29]","[2.4445040225982666, 2.373063802719116, 2.267366886138916, 2.492433786392212, 2.4797685146331787, 2.01906156539917, 2.463515520095825, 2.480628252029419, 2.5536065101623535, 2.449183940887451, 2.262796401977539, 2.1167690753936768, 2.5493037700653076, 2.5443179607391357, 2.186412811279297, 2.1278133392333984, 2.5353267192840576, 2.3939216136932373, 2.4505956172943115, 2.4800732135772705, 2.471860408782959, 2.471548557281494, 2.0594518184661865, 2.4362504482269287, 2.02521014213562, 2.248802423477173, 2.309126377105713, 2.0467071533203125, 2.54845929145813, 2.4520442485809326]",sae,Pre-64
1,beta,0,0.015,0.4600628296558519,0.4487196928272481,0.4489164745203408,0.5,0.6146148452673732,0.7236683807637846,30,"[0, 1, 2, 3, 4, 5, 6, 7, 8, 9, 10, 11, 12, 13, 14, 15, 16, 17, 18, 19, 20, 21, 22, 23, 24, 25, 26, 27, 28, 29]","[2.304262161254883, 2.121347427368164, 2.258577585220337, 2.5174131393432617, 2.179863929748535, 2.288480520248413, 2.576000452041626, 2.5469491481781006, 2.460149049758911, 2.0832958221435547, 2.403881072998047, 2.0858287811279297, 2.251969814300537, 2.4948267936706543, 2.5422542095184326, 2.074402093887329, 2.44669508934021, 2.4288644790649414, 2.4281692504882812, 2.4592130184173584, 2.3116941452026367, 2.4557032585144043, 2.47603702545166, 2.3883180618286133, 2.452697992324829, 2.2159459590911865, 2.4991092681884766, 2.4291841983795166, 2.5670952796936035, 2.1532769203186035]",sae,Pre-64
1,beta,28,0.012,0.4589844236982603,0.4495627040154577,0.4570742692833989,0.5,0.5987249917034086,0.6988470701180487,30,"[0, 1, 2, 3, 4, 5, 6, 7, 8, 9, 10, 11, 12, 13, 14, 15, 16, 17, 18, 19, 20, 21, 22, 23, 24, 25, 26, 27, 28, 29]","[2.365628242492676, 2.4864745140075684, 2.437579393386841, 2.5244719982147217, 2.4635562896728516, 2.3736727237701416, 2.5789191722869873, 2.3405768871307373, 2.535569429397583, 2.5857439041137695, 2.3256940841674805, 2.356624126434326, 2.5472872257232666, 2.452831983566284, 2.6073501110076904, 2.1291818618774414, 2.200800895690918, 2.5343332290649414, 2.346259117126465, 2.4575881958007812, 2.1751961708068848, 2.2743546962738037, 2.5596930980682373, 2.4890646934509277, 2.1619298458099365, 2.5502052307128906, 2.499152660369873, 2.412386178970337, 2.4989216327667236, 2.1590049266815186]",sae,Pre-64
1,beta,4,0.0159,0.4589558369307028,0.4477177462853796,0.4887454763432403,0.5,0.61034827708266,0.6504347692260338,30,"[0, 1, 2, 3, 4, 5, 6, 7, 8, 9, 10, 11, 12, 13, 14, 15, 16, 17, 18, 19, 20, 21, 22, 23, 24, 25, 26, 27, 28, 29]","[2.4042580127716064, 2.4761013984680176, 2.154268980026245, 2.520110845565796, 2.4098546504974365, 2.44002628326416, 2.482769250869751, 2.396820068359375, 2.028909683227539, 2.5488765239715576, 2.2722561359405518, 2.397763252258301, 2.545081853866577, 2.0930018424987793, 2.1444811820983887, 2.3189828395843506, 2.4658124446868896, 2.242182731628418, 2.4500231742858887, 2.1912002563476562, 2.4226932525634766, 2.279381513595581, 2.1218202114105225, 2.3723666667938232, 2.4806888103485107, 2.4908981323242188, 2.4227993488311768, 2.4374239444732666, 2.5067923069000244, 2.203185796737671]",sae,Pre-64
1,beta,35,0.03,0.4566193215888805,0.4379483378046387,0.4393347686754744,0.5,0.637290178651746,0.7159638138759453,30,"[0, 1, 2, 3, 4, 5, 6, 7, 8, 9, 10, 11, 12, 13, 14, 15, 16, 17, 18, 19, 20, 21, 22, 23, 24, 25, 26, 27, 28, 29]","[1.6984074115753174, 1.8248776197433472, 1.8737547397613525, 1.785933017730713, 1.8283727169036865, 1.7912113666534424, 1.7375226020812988, 1.8923410177230835, 1.9186745882034302, 1.7866308689117432, 1.8623865842819214, 1.7101831436157227, 1.7852637767791748, 1.7082500457763672, 1.78947114944458, 1.70815110206604, 1.8772106170654297, 1.7071537971496582, 1.8182002305984497, 1.701751947402954, 1.7067898511886597, 1.7082338333129883, 1.7545005083084106, 1.7219704389572144, 1.7835023403167725, 1.8319965600967407, 1.7075079679489136, 1.8078662157058716, 1.9005637168884277, 1.8141478300094604]",sae,Pre-64
1,beta,14,0.032,0.4467366851483266,0.4421697276018216,0.4400845039835835,0.5,0.5934222168898753,0.6937431575158596,30,"[0, 1, 2, 3, 4, 5, 6, 7, 8, 9, 10, 11, 12, 13, 14, 15, 16, 17, 18, 19, 20, 21, 22, 23, 24, 25, 26, 27, 28, 29]","[1.5848209857940674, 1.4876821041107178, 1.6065775156021118, 1.6427745819091797, 1.6108390092849731, 1.612595558166504, 1.5523172616958618, 1.7170710563659668, 1.6109100580215454, 1.6895285844802856, 1.5506165027618408, 1.575391173362732, 1.5973749160766602, 1.6880018711090088, 1.6413676738739014, 1.6141078472137451, 1.709517002105713, 1.706739068031311, 1.624433994293213, 1.5816473960876465, 1.597922682762146, 1.6256306171417236, 1.6876826286315918, 1.5757677555084229, 1.6977494955062866, 1.7038909196853638, 1.6526100635528564, 1.7062832117080688, 1.696864128112793, 1.607604742050171]",sae,Pre-64
1,beta,23,0.028,0.4478205607315014,0.4344954522622479,0.4407160434949504,0.5,0.6150139710231751,0.6773729937928414,30,"[0, 1, 2, 3, 4, 5, 6, 7, 8, 9, 10, 11, 12, 13, 14, 15, 16, 17, 18, 19, 20, 21, 22, 23, 24, 25, 26, 27, 28, 29]","[1.7109369039535522, 1.825136661529541, 1.8120412826538086, 1.8615708351135254, 1.6404008865356445, 1.7133846282958984, 1.8720446825027466, 1.6824064254760742, 1.661784052848816, 1.8595244884490967, 1.8539997339248657, 1.793065071105957, 1.7976855039596558, 1.7471073865890503, 1.8176895380020142, 1.8642627000808716, 1.61836576461792, 1.7061735391616821, 1.6877028942108154, 1.7224810123443604, 1.8526060581207275, 1.8413643836975098, 1.7109390497207642, 1.8691998720169067, 1.8470884561538696, 1.7617809772491455, 1.64749276638031, 1.8111178874969482, 1.7169593572616577, 1.893782615661621]",sae,Pre-64
1,beta,33,0.024,0.4492211383258522,0.4377959816952598,0.4397543489383179,0.5,0.6165210074526608,0.690105072617482,30,"[0, 1, 2, 3, 4, 5, 6, 7, 8, 9, 10, 11, 12, 13, 14, 15, 16, 17, 18, 19, 20, 21, 22, 23, 24, 25, 26, 27, 28, 29]","[1.8366621732711792, 1.8830556869506836, 1.827164888381958, 1.751842737197876, 1.685671329498291, 1.9260333776474, 1.7128314971923828, 1.9007052183151245, 1.8716062307357788, 1.888548493385315, 1.7700148820877075, 1.910096287727356, 1.9017685651779175, 1.6992613077163696, 1.8140227794647217, 1.8546276092529297, 1.8035738468170166, 1.7443088293075562, 1.9179052114486694, 1.9210352897644043, 1.803006649017334, 1.7143055200576782, 1.9056252241134644, 1.8285566568374634, 1.8956533670425415, 1.8324998617172241, 1.7565248012542725, 1.6889903545379639, 1.7324005365371704, 1.7305878400802612]",sae,Pre-64
1,beta,35,0.014,0.4566193215888805,0.4379483378046387,0.4477417755979706,0.5,0.637290178651746,0.7188251503757144,30,"[0, 1, 2, 3, 4, 5, 6, 7, 8, 9, 10, 11, 12, 13, 14, 15, 16, 17, 18, 19, 20, 21, 22, 23, 24, 25, 26, 27, 28, 29]","[2.124952793121338, 2.527024507522583, 2.579089403152466, 2.397616386413574, 2.5329058170318604, 2.3463761806488037, 2.49345326423645, 2.5193941593170166, 2.581341505050659, 2.507096529006958, 2.307098388671875, 2.2158946990966797, 2.4554405212402344, 2.363921642303467, 2.333904981613159, 2.4183189868927, 2.5340933799743652, 2.1995954513549805, 2.362241268157959, 2.2401282787323, 2.1442856788635254, 2.1275253295898438, 2.267667293548584, 2.4329047203063965, 2.5459542274475098, 2.509016990661621, 2.1425387859344482, 2.522286891937256, 2.597947597503662, 2.4621565341949463]",sae,Pre-64
1,beta,33,0.005,0.4492211383258522,0.4377959816952598,0.4611713818226458,0.5,0.6165210074526608,0.6821065433512933,30,"[0, 1, 2, 3, 4, 5, 6, 7, 8, 9, 10, 11, 12, 13, 14, 15, 16, 17, 18, 19, 20, 21, 22, 23, 24, 25, 26, 27, 28, 29]","[2.7205843925476074, 2.7108352184295654, 2.536337375640869, 2.528942346572876, 2.4705586433410645, 2.799687623977661, 2.384042739868164, 2.759618043899536, 2.63431978225708, 2.7318100929260254, 2.463299512863159, 2.720500946044922, 2.7379322052001953, 2.345499277114868, 2.7528460025787354, 2.717871904373169, 2.7290568351745605, 2.6020495891571045, 2.7073564529418945, 2.6866350173950195, 2.708789825439453, 2.40907883644104, 2.749936819076538, 2.6888294219970703, 2.7472987174987793, 2.6978259086608887, 2.656862735748291, 2.422461748123169, 2.4909539222717285, 2.4154698848724365]",sae,Pre-64
1,beta,21,0.014,0.4504746503440228,0.4381370334360364,0.45918827803351,0.5,0.6200058082774133,0.6860641505703233,30,"[0, 1, 2, 3, 4, 5, 6, 7, 8, 9, 10, 11, 12, 13, 14, 15, 16, 17, 18, 19, 20, 21, 22, 23, 24, 25, 26, 27, 28, 29]","[2.37813401222229, 2.4405505657196045, 2.532076120376587, 2.4571585655212402, 2.4535374641418457, 2.4832041263580322, 2.388418674468994, 2.4545981884002686, 2.5211899280548096, 2.116441011428833, 2.4968409538269043, 2.5255563259124756, 2.299945831298828, 2.5067014694213867, 2.4285776615142822, 2.135228157043457, 2.143413782119751, 2.1923704147338867, 2.350458860397339, 2.4759037494659424, 2.156895160675049, 2.4982478618621826, 2.318747043609619, 2.332797050476074, 2.3821592330932617, 2.2020552158355713, 2.3007960319519043, 2.300903797149658, 2.3210995197296143, 2.3919172286987305]",sae,Pre-64
1,beta,38,0.016,0.4455661720406026,0.4298851252298221,0.4678284646561078,0.5,0.6303640517897944,0.651047981721249,30,"[0, 1, 2, 3, 4, 5, 6, 7, 8, 9, 10, 11, 12, 13, 14, 15, 16, 17, 18, 19, 20, 21, 22, 23, 24, 25, 26, 27, 28, 29]","[2.4998319149017334, 2.550323724746704, 2.1612725257873535, 2.608912467956543, 2.3027334213256836, 2.507044792175293, 2.6179139614105225, 2.1882212162017822, 2.490861177444458, 2.4041571617126465, 2.1680376529693604, 2.487696647644043, 2.5563817024230957, 2.0912997722625732, 2.603898525238037, 2.299053907394409, 2.4907479286193848, 2.5327796936035156, 2.2672855854034424, 2.548011541366577, 2.323140859603882, 2.4640493392944336, 2.5003085136413574, 2.1319620609283447, 2.268885850906372, 2.5722596645355225, 2.472216844558716, 2.5608503818511963, 2.338439702987671, 2.5265719890594482]",sae,Pre-64
1,beta,46,0.036,0.4545712902572906,0.4417269056853911,0.457152684698949,0.5,0.6270377926330811,0.6888441233874084,30,"[0, 1, 2, 3, 4, 5, 6, 7, 8, 9, 10, 11, 12, 13, 14, 15, 16, 17, 18, 19, 20, 21, 22, 23, 24, 25, 26, 27, 28, 29]","[1.6404874324798584, 1.7596086263656616, 1.7399489879608154, 1.7286677360534668, 1.644975185394287, 1.7651246786117554, 1.6608694791793823, 1.8140093088150024, 1.7120267152786255, 1.8278977870941162, 1.556191325187683, 1.6420537233352661, 1.7948819398880005, 1.6427738666534424, 1.6933215856552124, 1.7996219396591187, 1.7070661783218384, 1.7211718559265137, 1.8247463703155518, 1.7840551137924194, 1.6850717067718506, 1.701094388961792, 1.7103931903839111, 1.721487283706665, 1.7048637866973877, 1.7290009260177612, 1.7293177843093872, 1.7459627389907837, 1.6946772336959839, 1.707402229309082]",sae,Pre-64
1,beta,33,0.0151,0.4492211383258522,0.4377959816952598,0.4594019187773415,0.5,0.6165210074526608,0.6820231074908434,30,"[0, 1, 2, 3, 4, 5, 6, 7, 8, 9, 10, 11, 12, 13, 14, 15, 16, 17, 18, 19, 20, 21, 22, 23, 24, 25, 26, 27, 28, 29]","[2.4689042568206787, 2.44963002204895, 2.2795767784118652, 2.2757391929626465, 2.2146153450012207, 2.5431361198425293, 2.127199649810791, 2.5029537677764893, 2.370901346206665, 2.4706525802612305, 2.2012879848480225, 2.457989454269409, 2.4778339862823486, 2.078125, 2.5039875507354736, 2.4593093395233154, 2.4774951934814453, 2.3462977409362793, 2.443021297454834, 2.4230918884277344, 2.4556193351745605, 2.145609140396118, 2.497847080230713, 2.428445816040039, 2.4911248683929443, 2.4406416416168213, 2.402284622192383, 2.16222882270813, 2.2322816848754883, 2.146710157394409]",sae,Pre-64
1,beta,29,0.04,0.4558655961502112,0.4409050416793991,0.4589841477413832,0.5,0.6296548282533407,0.6744943360542852,30,"[0, 1, 2, 3, 4, 5, 6, 7, 8, 9, 10, 11, 12, 13, 14, 15, 16, 17, 18, 19, 20, 21, 22, 23, 24, 25, 26, 27, 28, 29]","[1.6248149871826172, 1.6529169082641602, 1.3459274768829346, 1.7461777925491333, 1.684279203414917, 1.61710786819458, 1.7803856134414673, 1.5896605253219604, 1.698538899421692, 1.7396628856658936, 1.6479198932647705, 1.7179971933364868, 1.7353763580322266, 1.6394132375717163, 1.7028284072875977, 1.6425737142562866, 1.6951096057891846, 1.6848666667938232, 1.632481575012207, 1.6612401008605957, 1.751823902130127, 1.7926263809204102, 1.659539818763733, 1.6523597240447998, 1.7035760879516602, 1.549917221069336, 1.6233264207839966, 1.768540620803833, 1.7988948822021484, 1.6097118854522705]",sae,Pre-64
1,beta,18,0.034,0.4575117633693479,0.4471831599677374,0.4267892367667372,0.5,0.6052065040104606,0.7327905695815297,30,"[0, 1, 2, 3, 4, 5, 6, 7, 8, 9, 10, 11, 12, 13, 14, 15, 16, 17, 18, 19, 20, 21, 22, 23, 24, 25, 26, 27, 28, 29]","[1.536629319190979, 1.6971170902252197, 1.7270928621292114, 1.5934244394302368, 1.620104193687439, 1.6261862516403198, 1.8235893249511719, 1.593390941619873, 1.7183924913406372, 1.5879106521606445, 1.797935962677002, 1.6829726696014404, 1.7240880727767944, 1.7021114826202393, 1.626136302947998, 1.6003764867782593, 1.686079978942871, 1.6265108585357666, 1.6044652462005615, 1.5554064512252808, 1.8207775354385376, 1.622490406036377, 1.762281060218811, 1.70769464969635, 1.7012269496917725, 1.6293543577194214, 1.7106482982635498, 1.7536693811416626, 1.697688102722168, 1.6548516750335693]",sae,Pre-64
1,beta,9,0.014,0.448644851968101,0.4348910401892977,0.473311450910243,0.5,0.6286670530281078,0.6722181976238772,30,"[0, 1, 2, 3, 4, 5, 6, 7, 8, 9, 10, 11, 12, 13, 14, 15, 16, 17, 18, 19, 20, 21, 22, 23, 24, 25, 26, 27, 28, 29]","[2.5103211402893066, 2.1804518699645996, 2.6317079067230225, 2.567356824874878, 2.277717351913452, 2.3442254066467285, 2.5011255741119385, 2.5563814640045166, 2.6223959922790527, 2.3932037353515625, 2.2973363399505615, 2.428344964981079, 2.2138915061950684, 2.541877031326294, 2.599418878555298, 2.284207820892334, 2.5275020599365234, 2.5542538166046143, 2.576087713241577, 2.2307841777801514, 2.6038079261779785, 2.5960190296173096, 2.2273600101470947, 2.6003448963165283, 2.4982597827911377, 2.606281042098999, 2.56548810005188, 2.485278367996216, 2.353940486907959, 2.5605039596557617]",sae,Pre-64
1,beta,38,0.038,0.4455661720406026,0.4298851252298221,0.4444652494968443,0.5,0.6303640517897944,0.6594577303884234,30,"[0, 1, 2, 3, 4, 5, 6, 7, 8, 9, 10, 11, 12, 13, 14, 15, 16, 17, 18, 19, 20, 21, 22, 23, 24, 25, 26, 27, 28, 29]","[1.5564178228378296, 1.550250768661499, 1.5503768920898438, 1.6420509815216064, 1.5810319185256958, 1.4496541023254395, 1.644845962524414, 1.5876896381378174, 1.4852924346923828, 1.5772918462753296, 1.5472643375396729, 1.6247961521148682, 1.6124155521392822, 1.5690152645111084, 1.631864309310913, 1.5575131177902222, 1.535616159439087, 1.6415237188339233, 1.5194326639175415, 1.597252607345581, 1.5685060024261475, 1.558375358581543, 1.6400784254074097, 1.508309006690979, 1.5620251893997192, 1.6399335861206055, 1.5276317596435547, 1.632506012916565, 1.5542457103729248, 1.6391319036483765]",sae,Pre-64
1,beta,31,0.008,0.4497611378811508,0.4308970333737342,0.4510178571441302,0.5,0.642735734520437,0.7087081574839568,30,"[0, 1, 2, 3, 4, 5, 6, 7, 8, 9, 10, 11, 12, 13, 14, 15, 16, 17, 18, 19, 20, 21, 22, 23, 24, 25, 26, 27, 28, 29]","[2.533811092376709, 2.6816275119781494, 2.560901641845703, 2.3819994926452637, 2.431379556655884, 2.6125919818878174, 2.4871103763580322, 2.4415643215179443, 2.5597457885742188, 2.5930891036987305, 2.574838876724243, 2.393023729324341, 2.650057077407837, 2.5909926891326904, 2.6566243171691895, 2.591606378555298, 2.2841997146606445, 2.6214382648468018, 2.520566940307617, 2.585029363632202, 2.624401807785034, 2.509779930114746, 2.5332021713256836, 2.3425612449645996, 2.410691261291504, 2.6155788898468018, 2.4412753582000732, 2.665971040725708, 2.4789624214172363, 2.501016616821289]",sae,Pre-64
1,beta,49,0.0151,0.462130925118617,0.4524487678230295,0.4691110650881411,0.5,0.6141152509743157,0.6878037399633751,30,"[0, 1, 2, 3, 4, 5, 6, 7, 8, 9, 10, 11, 12, 13, 14, 15, 16, 17, 18, 19, 20, 21, 22, 23, 24, 25, 26, 27, 28, 29]","[2.206514596939087, 2.2789344787597656, 2.4819562435150146, 2.1650819778442383, 2.270397901535034, 2.1127617359161377, 2.535515308380127, 2.54048490524292, 2.4628851413726807, 2.537519931793213, 2.543269395828247, 2.252207040786743, 2.4212396144866943, 2.5247268676757812, 2.5858144760131836, 2.4736173152923584, 2.5663256645202637, 2.5498664379119873, 2.531926155090332, 2.314309597015381, 2.5960898399353027, 2.206242322921753, 2.556148052215576, 2.436940908432007, 2.4058804512023926, 2.545457363128662, 2.294111490249634, 2.4013073444366455, 2.462557792663574, 2.151399612426758]",sae,Pre-64
1,beta,4,0.036,0.4589558369307028,0.4477177462853796,0.4720143617641324,0.5,0.61034827708266,0.6540837527124983,30,"[0, 1, 2, 3, 4, 5, 6, 7, 8, 9, 10, 11, 12, 13, 14, 15, 16, 17, 18, 19, 20, 21, 22, 23, 24, 25, 26, 27, 28, 29]","[1.822780728340149, 1.830237627029419, 1.665735125541687, 1.835342288017273, 1.6762299537658691, 1.714850902557373, 1.8316692113876343, 1.6890347003936768, 1.6871285438537598, 1.8252564668655396, 1.7849421501159668, 1.7047631740570068, 1.8314796686172485, 1.6542284488677979, 1.6661657094955444, 1.7201957702636719, 1.7570081949234009, 1.7697606086730957, 1.7177952527999878, 1.7686166763305664, 1.7360981702804565, 1.777993083000183, 1.708775281906128, 1.6897245645523071, 1.7589975595474243, 1.744793176651001, 1.679695963859558, 1.7154035568237305, 1.794317603111267, 1.6848057508468628]",sae,Pre-64
1,beta,35,0.02,0.4566193215888805,0.4379483378046387,0.4468682368640372,0.5,0.637290178651746,0.7190238022416926,30,"[0, 1, 2, 3, 4, 5, 6, 7, 8, 9, 10, 11, 12, 13, 14, 15, 16, 17, 18, 19, 20, 21, 22, 23, 24, 25, 26, 27, 28, 29]","[1.9659618139266968, 2.377884864807129, 2.428833484649658, 2.2384278774261475, 2.3830783367156982, 2.1913652420043945, 2.3463191986083984, 2.364462375640869, 2.425745964050293, 2.3573553562164307, 2.147339105606079, 2.060270309448242, 2.3043136596679688, 2.2130484580993652, 2.179264783859253, 2.2693235874176025, 2.3795926570892334, 2.043036937713623, 2.205871820449829, 2.0851359367370605, 1.9837565422058105, 1.9692490100860596, 2.1148879528045654, 2.2850773334503174, 2.3982861042022705, 2.361732006072998, 1.980574369430542, 2.3724732398986816, 2.4481639862060547, 2.3069307804107666]",sae,Pre-64
1,beta,35,0.002,0.4566193215888805,0.4379483378046387,0.4488239377775166,0.5,0.637290178651746,0.7184435888670996,30,"[0, 1, 2, 3, 4, 5, 6, 7, 8, 9, 10, 11, 12, 13, 14, 15, 16, 17, 18, 19, 20, 21, 22, 23, 24, 25, 26, 27, 28, 29]","[2.426548957824707, 2.790238380432129, 2.8492419719696045, 2.683025598526001, 2.7978436946868896, 2.6317551136016846, 2.751166343688965, 2.8044843673706055, 2.862983465194702, 2.769214153289795, 2.6055994033813477, 2.502730131149292, 2.7155215740203857, 2.6323728561401367, 2.628417491912842, 2.6832401752471924, 2.807560920715332, 2.489358425140381, 2.6536128520965576, 2.520843267440796, 2.4458324909210205, 2.422473669052124, 2.556864023208618, 2.6906180381774902, 2.799164056777954, 2.764251708984375, 2.433832883834839, 2.788508892059326, 2.860290765762329, 2.740551710128784]",sae,Pre-64
1,beta,16,0.008,0.4519396108125126,0.4401978349795346,0.4477509443378554,0.5,0.6159012314439947,0.7220274243300558,30,"[0, 1, 2, 3, 4, 5, 6, 7, 8, 9, 10, 11, 12, 13, 14, 15, 16, 17, 18, 19, 20, 21, 22, 23, 24, 25, 26, 27, 28, 29]","[2.633612871170044, 2.3300092220306396, 2.6017403602600098, 2.6046600341796875, 2.718071699142456, 2.5257060527801514, 2.61706805229187, 2.57643723487854, 2.248993396759033, 2.4978435039520264, 2.6641016006469727, 2.307117462158203, 2.5810422897338867, 2.4316999912261963, 2.483867883682251, 2.380938768386841, 2.2887401580810547, 2.6323013305664062, 2.404696226119995, 2.6349029541015625, 2.3592278957366943, 2.6047515869140625, 2.3400721549987793, 2.6034634113311768, 2.585341215133667, 2.5919928550720215, 2.486933708190918, 2.2519264221191406, 2.425792932510376, 2.3991549015045166]",sae,Pre-64
1,beta,1,0.032,0.4560357198099471,0.4497423189216591,0.4540458562994362,0.5,0.5964054457666336,0.6836145936629363,30,"[0, 1, 2, 3, 4, 5, 6, 7, 8, 9, 10, 11, 12, 13, 14, 15, 16, 17, 18, 19, 20, 21, 22, 23, 24, 25, 26, 27, 28, 29]","[1.7646147012710571, 1.6210458278656006, 1.7146769762039185, 1.5870461463928223, 1.7287633419036865, 1.5701135396957397, 1.6386245489120483, 1.6426770687103271, 1.5450334548950195, 1.62338387966156, 1.6437677145004272, 1.7017505168914795, 1.7494908571243286, 1.603416919708252, 1.7428759336471558, 1.6350500583648682, 1.5841938257217407, 1.6622023582458496, 1.7233545780181885, 1.7453892230987549, 1.7635730504989624, 1.640907645225525, 1.6660645008087158, 1.617191195487976, 1.582604169845581, 1.590394139289856, 1.6624958515167236, 1.635528326034546, 1.7511255741119385, 1.6711505651474]",sae,Pre-64
1,beta,25,0.0155,0.4465066892532915,0.4352791138475453,0.4659706528891932,0.5,0.6270054355300688,0.655639138208368,30,"[0, 1, 2, 3, 4, 5, 6, 7, 8, 9, 10, 11, 12, 13, 14, 15, 16, 17, 18, 19, 20, 21, 22, 23, 24, 25, 26, 27, 28, 29]","[2.3762667179107666, 2.4923083782196045, 2.0854060649871826, 2.437739372253418, 2.516463279724121, 2.5155887603759766, 2.5358829498291016, 2.045927047729492, 2.215825319290161, 2.3393356800079346, 2.5485846996307373, 2.465167999267578, 2.3193788528442383, 2.070176601409912, 2.3342344760894775, 2.5230486392974854, 2.4648869037628174, 2.267982244491577, 2.4437623023986816, 2.458512306213379, 2.5236923694610596, 2.394843578338623, 2.561760187149048, 2.3217577934265137, 2.2407352924346924, 2.1037464141845703, 2.59625244140625, 2.282839775085449, 2.5318684577941895, 2.3767166137695312]",sae,Pre-64
1,beta,31,0.026,0.4497611378811508,0.4308970333737342,0.435293046690521,0.5,0.642735734520437,0.711056830664277,30,"[0, 1, 2, 3, 4, 5, 6, 7, 8, 9, 10, 11, 12, 13, 14, 15, 16, 17, 18, 19, 20, 21, 22, 23, 24, 25, 26, 27, 28, 29]","[1.7250568866729736, 1.6835262775421143, 1.5751910209655762, 1.613607406616211, 1.6493799686431885, 1.7588698863983154, 1.6074384450912476, 1.6727385520935059, 1.6143770217895508, 1.7077417373657227, 1.634128451347351, 1.6757359504699707, 1.7143698930740356, 1.5799283981323242, 1.7091546058654785, 1.6390753984451294, 1.64542555809021, 1.6796666383743286, 1.6888518333435059, 1.649187684059143, 1.7275240421295166, 1.6576741933822632, 1.7173871994018555, 1.6542575359344482, 1.6669871807098389, 1.6962682008743286, 1.5766937732696533, 1.7344969511032104, 1.5758789777755737, 1.6711022853851318]",sae,Pre-64
1,beta,29,0.012,0.4558655961502112,0.4409050416793991,0.4711331346284755,0.5,0.6296548282533407,0.6789196917087148,30,"[0, 1, 2, 3, 4, 5, 6, 7, 8, 9, 10, 11, 12, 13, 14, 15, 16, 17, 18, 19, 20, 21, 22, 23, 24, 25, 26, 27, 28, 29]","[2.21313738822937, 2.502246141433716, 1.9543977975845337, 2.5185279846191406, 2.4872500896453857, 2.1669137477874756, 2.5511293411254883, 2.1645872592926025, 2.4332356452941895, 2.4997754096984863, 2.379258394241333, 2.4861838817596436, 2.469005823135376, 2.1745800971984863, 2.356255292892456, 2.1541106700897217, 2.4330129623413086, 2.480201244354248, 2.4655873775482178, 2.476689577102661, 2.3206989765167236, 2.526322364807129, 2.484140634536743, 2.4548134803771973, 2.505038261413574, 2.311372756958008, 2.1910674571990967, 2.5613529682159424, 2.4546871185302734, 2.4352633953094482]",sae,Pre-64
1,beta,1,0.015,0.4560357198099471,0.4497423189216591,0.4635129037427081,0.5,0.5964054457666336,0.6886362563158143,30,"[0, 1, 2, 3, 4, 5, 6, 7, 8, 9, 10, 11, 12, 13, 14, 15, 16, 17, 18, 19, 20, 21, 22, 23, 24, 25, 26, 27, 28, 29]","[2.5491325855255127, 2.4366886615753174, 2.457881212234497, 2.3261754512786865, 2.4774231910705566, 2.4454193115234375, 2.5281076431274414, 2.108893632888794, 2.1631319522857666, 2.100447416305542, 2.196643352508545, 2.493587017059326, 2.540785551071167, 2.308551788330078, 2.5298404693603516, 2.494915723800659, 2.4575088024139404, 2.504891872406006, 2.5093555450439453, 2.4862284660339355, 2.570819139480591, 2.0731678009033203, 2.3012657165527344, 2.4303536415100098, 2.448765277862549, 2.1249804496765137, 2.4644134044647217, 2.1836860179901123, 2.5161359310150146, 2.2670607566833496]",sae,Pre-64
1,beta,46,0.0159,0.4545712902572906,0.4417269056853911,0.477063634693421,0.5,0.6270377926330811,0.687409916556535,30,"[0, 1, 2, 3, 4, 5, 6, 7, 8, 9, 10, 11, 12, 13, 14, 15, 16, 17, 18, 19, 20, 21, 22, 23, 24, 25, 26, 27, 28, 29]","[2.3208858966827393, 2.494819402694702, 2.548445701599121, 2.4111433029174805, 2.2704732418060303, 2.228271722793579, 2.2188704013824463, 2.574288845062256, 2.5467560291290283, 2.6556308269500732, 2.4362568855285645, 2.4808883666992188, 2.5934505462646484, 2.442840814590454, 2.340127944946289, 2.5651309490203857, 2.4430124759674072, 2.553054094314575, 2.6223573684692383, 2.4627010822296143, 2.512099027633667, 2.5664448738098145, 2.524768829345703, 2.3066089153289795, 2.1860973834991455, 2.284085988998413, 2.5454671382904053, 2.2051141262054443, 2.5469729900360107, 2.557403326034546]",sae,Pre-64
1,beta,9,0.03,0.448644851968101,0.4348910401892977,0.4533967485788321,0.5,0.6286670530281078,0.6728223703274413,30,"[0, 1, 2, 3, 4, 5, 6, 7, 8, 9, 10, 11, 12, 13, 14, 15, 16, 17, 18, 19, 20, 21, 22, 23, 24, 25, 26, 27, 28, 29]","[1.7334144115447998, 1.606882929801941, 1.7304177284240723, 1.7015087604522705, 1.6128026247024536, 1.4475141763687134, 1.7188640832901, 1.6336432695388794, 1.7340915203094482, 1.5548523664474487, 1.6711024045944214, 1.6349440813064575, 1.606635332107544, 1.656066656112671, 1.7677075862884521, 1.6291086673736572, 1.6207646131515503, 1.697346568107605, 1.738213300704956, 1.5907723903656006, 1.7325042486190796, 1.7375282049179077, 1.6117855310440063, 1.7210580110549927, 1.7190276384353638, 1.717993140220642, 1.5771782398223877, 1.5523262023925781, 1.6063305139541626, 1.7489898204803467]",sae,Pre-64
1,beta,22,0.02,0.4519005213187685,0.4442985770479847,0.4655217267404369,0.5,0.5939599289403404,0.674049106460076,30,"[0, 1, 2, 3, 4, 5, 6, 7, 8, 9, 10, 11, 12, 13, 14, 15, 16, 17, 18, 19, 20, 21, 22, 23, 24, 25, 26, 27, 28, 29]","[2.295315980911255, 2.1742897033691406, 2.038961172103882, 2.375241279602051, 2.3582236766815186, 2.141362190246582, 2.3377528190612793, 2.3053433895111084, 2.289942502975464, 2.3325345516204834, 2.3261921405792236, 2.3484251499176025, 2.111304998397827, 2.3476765155792236, 2.164062261581421, 2.221287250518799, 2.353693723678589, 2.216738224029541, 2.033358573913574, 1.9540801048278809, 2.3161780834198, 2.2240874767303467, 2.1800243854522705, 2.2660131454467773, 2.3550875186920166, 2.2799980640411377, 2.160205602645874, 2.2556636333465576, 2.3847217559814453, 2.073908805847168]",sae,Pre-64
1,beta,30,0.029,0.4638407167611665,0.4544841508273655,0.4424119817620199,0.5,0.6043368975359404,0.6964649286602322,30,"[0, 1, 2, 3, 4, 5, 6, 7, 8, 9, 10, 11, 12, 13, 14, 15, 16, 17, 18, 19, 20, 21, 22, 23, 24, 25, 26, 27, 28, 29]","[1.7602146863937378, 1.7520055770874023, 1.717733383178711, 1.6732797622680664, 1.6762869358062744, 1.6533538103103638, 1.6677013635635376, 1.6320585012435913, 1.605866551399231, 1.666561245918274, 1.6795419454574585, 1.6707532405853271, 1.6251463890075684, 1.6730976104736328, 1.7300060987472534, 1.7332754135131836, 1.639034390449524, 1.6776182651519775, 1.750375509262085, 1.6484018564224243, 1.6979479789733887, 1.6479309797286987, 1.751029372215271, 1.6605262756347656, 1.7517191171646118, 1.679157018661499, 1.6338750123977661, 1.6632472276687622, 1.718386173248291, 1.6598947048187256]",sae,Pre-64
1,beta,47,0.008,0.4460371044958436,0.4257646434940195,0.4223582713982142,0.5,0.6434257056516428,0.7370587667974025,30,"[0, 1, 2, 3, 4, 5, 6, 7, 8, 9, 10, 11, 12, 13, 14, 15, 16, 17, 18, 19, 20, 21, 22, 23, 24, 25, 26, 27, 28, 29]","[2.654092311859131, 2.5450053215026855, 2.5624446868896484, 2.3048622608184814, 2.6332521438598633, 2.6886048316955566, 2.5209217071533203, 2.6463184356689453, 2.4190456867218018, 2.374624490737915, 2.580183744430542, 2.529116153717041, 2.363661050796509, 2.678051471710205, 2.6037938594818115, 2.5617921352386475, 2.347419261932373, 2.694887399673462, 2.5243725776672363, 2.3936941623687744, 2.648149251937866, 2.5056252479553223, 2.6254079341888428, 2.4510064125061035, 2.6019113063812256, 2.484055995941162, 2.3839755058288574, 2.5881614685058594, 2.566925525665283, 2.6238327026367188]",sae,Pre-64
1,beta,24,0.01,0.4501416387440968,0.4383559369047743,0.4653193020755767,0.5,0.6188330126613704,0.6509123634558093,30,"[0, 1, 2, 3, 4, 5, 6, 7, 8, 9, 10, 11, 12, 13, 14, 15, 16, 17, 18, 19, 20, 21, 22, 23, 24, 25, 26, 27, 28, 29]","[2.5916714668273926, 2.516427516937256, 2.4169793128967285, 2.6369030475616455, 2.62886643409729, 2.1723625659942627, 2.606067180633545, 2.6229822635650635, 2.6965620517730713, 2.592989206314087, 2.4132614135742188, 2.2670536041259766, 2.691450357437134, 2.688009023666382, 2.334918975830078, 2.2761800289154053, 2.6799399852752686, 2.535494327545166, 2.5925562381744385, 2.625600576400757, 2.6187117099761963, 2.6173951625823975, 2.215776205062866, 2.580141544342041, 2.1840198040008545, 2.3948256969451904, 2.459998607635498, 2.198349714279175, 2.693100690841675, 2.5954678058624268]",sae,Pre-64
1,beta,29,0.018,0.4558655961502112,0.4409050416793991,0.4703159085020327,0.5,0.6296548282533407,0.678675420468731,30,"[0, 1, 2, 3, 4, 5, 6, 7, 8, 9, 10, 11, 12, 13, 14, 15, 16, 17, 18, 19, 20, 21, 22, 23, 24, 25, 26, 27, 28, 29]","[2.0778098106384277, 2.3761680126190186, 1.8272277116775513, 2.388249397277832, 2.3585305213928223, 2.035461187362671, 2.4213178157806396, 2.035710334777832, 2.302227258682251, 2.371999740600586, 2.248335599899292, 2.357219696044922, 2.3391644954681396, 2.0401079654693604, 2.2230708599090576, 2.0195813179016113, 2.2983179092407227, 2.3527145385742188, 2.338256359100342, 2.349602222442627, 2.187912940979004, 2.3944077491760254, 2.3563082218170166, 2.326197624206543, 2.3770272731781006, 2.1818573474884033, 2.058143138885498, 2.4325902462005615, 2.321146249771118, 2.3081727027893066]",sae,Pre-64
1,beta,48,0.002,0.4556814132376,0.4510566266980289,0.5130189582545164,0.5,0.5923878577171784,0.6012777029093009,30,"[0, 1, 2, 3, 4, 5, 6, 7, 8, 9, 10, 11, 12, 13, 14, 15, 16, 17, 18, 19, 20, 21, 22, 23, 24, 25, 26, 27, 28, 29]","[2.9520111083984375, 2.7624032497406006, 2.6524031162261963, 2.7711546421051025, 2.8912580013275146, 2.5811870098114014, 2.6247050762176514, 2.8698532581329346, 2.8391053676605225, 2.805403232574463, 2.6636383533477783, 2.8615362644195557, 2.719709873199463, 2.5724804401397705, 2.5830676555633545, 2.5693085193634033, 2.9784140586853027, 2.9354820251464844, 2.8994319438934326, 2.8371481895446777, 2.556197166442871, 2.9532878398895264, 2.968106269836426, 2.863962173461914, 2.8191678524017334, 2.9070639610290527, 2.891080379486084, 3.01126766204834, 2.733072280883789, 2.879517078399658]",sae,Pre-64
1,beta,18,0.0151,0.4575117633693479,0.4471831599677374,0.4403732162101625,0.5,0.6052065040104606,0.732302326326534,30,"[0, 1, 2, 3, 4, 5, 6, 7, 8, 9, 10, 11, 12, 13, 14, 15, 16, 17, 18, 19, 20, 21, 22, 23, 24, 25, 26, 27, 28, 29]","[2.419511556625366, 2.344153881072998, 2.474801540374756, 2.1297414302825928, 2.1838409900665283, 2.19694185256958, 2.5369277000427246, 2.1199734210968018, 2.235055685043335, 2.1912760734558105, 2.519960880279541, 2.474167585372925, 2.241365671157837, 2.435955286026001, 2.2544589042663574, 2.3946642875671387, 2.4239165782928467, 2.0663959980010986, 2.314573287963867, 2.3115906715393066, 2.521350860595703, 2.3894131183624268, 2.498162269592285, 2.409785270690918, 2.480799436569214, 2.3299810886383057, 2.465090036392212, 2.4878783226013184, 2.2909696102142334, 2.1875643730163574]",sae,Pre-64
1,beta,48,0.02,0.4556814132376,0.4510566266980289,0.5104103542119194,0.5,0.5923878577171784,0.5995563570886606,30,"[0, 1, 2, 3, 4, 5, 6, 7, 8, 9, 10, 11, 12, 13, 14, 15, 16, 17, 18, 19, 20, 21, 22, 23, 24, 25, 26, 27, 28, 29]","[2.4901466369628906, 2.288435459136963, 2.179824113845825, 2.3120391368865967, 2.4346442222595215, 2.1093361377716064, 2.138544797897339, 2.412482976913452, 2.374976873397827, 2.346456527709961, 2.182018995285034, 2.400075674057007, 2.245945930480957, 2.094731330871582, 2.1048243045806885, 2.0943686962127686, 2.5117220878601074, 2.474513530731201, 2.4318742752075195, 2.3691670894622803, 2.085294723510742, 2.491459369659424, 2.5012831687927246, 2.4010813236236572, 2.3576343059539795, 2.441563844680786, 2.423985242843628, 2.5539252758026123, 2.275317668914795, 2.418700933456421]",sae,Pre-64
1,beta,47,0.036,0.4460371044958436,0.4257646434940195,0.4112637417825049,0.5,0.6434257056516428,0.7353533080434643,30,"[0, 1, 2, 3, 4, 5, 6, 7, 8, 9, 10, 11, 12, 13, 14, 15, 16, 17, 18, 19, 20, 21, 22, 23, 24, 25, 26, 27, 28, 29]","[1.8533357381820679, 1.6685463190078735, 1.665459156036377, 1.6623371839523315, 1.7852061986923218, 1.8209213018417358, 1.7413328886032104, 1.847376823425293, 1.7840118408203125, 1.6824225187301636, 1.7183845043182373, 1.6624698638916016, 1.6886203289031982, 1.849395513534546, 1.6700364351272583, 1.8304715156555176, 1.7009836435317993, 1.7916340827941895, 1.6361465454101562, 1.6602967977523804, 1.6959785223007202, 1.7728855609893799, 1.850307583808899, 1.677914023399353, 1.755214810371399, 1.6419943571090698, 1.58882737159729, 1.835801601409912, 1.6364940404891968, 1.7118531465530396]",sae,Pre-64
1,beta,19,0.034,0.4469965829377276,0.435497383761294,0.4198676495693699,0.5,0.6104665954706788,0.7149582247071019,30,"[0, 1, 2, 3, 4, 5, 6, 7, 8, 9, 10, 11, 12, 13, 14, 15, 16, 17, 18, 19, 20, 21, 22, 23, 24, 25, 26, 27, 28, 29]","[1.699065089225769, 1.737324595451355, 1.7985084056854248, 1.7034329175949097, 1.697996735572815, 1.7290832996368408, 1.7204188108444214, 1.7894498109817505, 1.6661920547485352, 1.8284494876861572, 1.8718156814575195, 1.8580610752105713, 1.7381043434143066, 1.681343674659729, 1.666412591934204, 1.6921124458312988, 1.8257696628570557, 1.8416517972946167, 1.648681879043579, 1.6482961177825928, 1.856140375137329, 1.7070828676223755, 1.728712797164917, 1.6503874063491821, 1.6364896297454834, 1.8399308919906616, 1.8475266695022583, 1.7379341125488281, 1.7344549894332886, 1.6776785850524902]",sae,Pre-64
1,beta,16,0.018,0.4519396108125126,0.4401978349795346,0.4462444024309273,0.5,0.6159012314439947,0.7221494240408715,30,"[0, 1, 2, 3, 4, 5, 6, 7, 8, 9, 10, 11, 12, 13, 14, 15, 16, 17, 18, 19, 20, 21, 22, 23, 24, 25, 26, 27, 28, 29]","[2.3709561824798584, 2.054117441177368, 2.342705726623535, 2.3384311199188232, 2.4592666625976562, 2.2669403553009033, 2.34452748298645, 2.3131635189056396, 1.9728736877441406, 2.2231669425964355, 2.4008283615112305, 2.0309970378875732, 2.3200418949127197, 2.165065050125122, 2.2154574394226074, 2.114840269088745, 2.0104987621307373, 2.377065896987915, 2.1356029510498047, 2.372546434402466, 2.088315725326538, 2.340085029602051, 2.069640636444092, 2.336358070373535, 2.3279943466186523, 2.326972246170044, 2.219456434249878, 1.9745287895202637, 2.162061929702759, 2.140540599822998]",sae,Pre-64
1,beta,38,0.025,0.4455661720406026,0.4298851252298221,0.4660185705892835,0.5,0.6303640517897944,0.6507494287890326,30,"[0, 1, 2, 3, 4, 5, 6, 7, 8, 9, 10, 11, 12, 13, 14, 15, 16, 17, 18, 19, 20, 21, 22, 23, 24, 25, 26, 27, 28, 29]","[2.276026725769043, 2.327148675918579, 1.915745735168457, 2.3851523399353027, 2.067828416824341, 2.2823305130004883, 2.3950068950653076, 1.9479002952575684, 2.26474928855896, 2.174908399581909, 1.9204037189483643, 2.251596212387085, 2.330225706100464, 1.8509713411331177, 2.3791399002075195, 2.0649688243865967, 2.266526937484741, 2.308176040649414, 2.0355608463287354, 2.3222522735595703, 2.086275339126587, 2.238611936569214, 2.277594566345215, 1.8920198678970337, 2.0306379795074463, 2.3401553630828857, 2.2503886222839355, 2.3351917266845703, 2.104902505874634, 2.298604965209961]",sae,Pre-64
1,beta,49,0.034,0.462130925118617,0.4524487678230295,0.4549576268272575,0.5,0.6141152509743157,0.6858580433863926,30,"[0, 1, 2, 3, 4, 5, 6, 7, 8, 9, 10, 11, 12, 13, 14, 15, 16, 17, 18, 19, 20, 21, 22, 23, 24, 25, 26, 27, 28, 29]","[1.6775339841842651, 1.7583825588226318, 1.7486011981964111, 1.7059950828552246, 1.6285507678985596, 1.670091152191162, 1.8150882720947266, 1.7220923900604248, 1.8637727499008179, 1.7663310766220093, 1.7410866022109985, 1.6777217388153076, 1.7805423736572266, 1.7643702030181885, 1.838680386543274, 1.8086888790130615, 1.8313448429107666, 1.8528319597244263, 1.6894747018814087, 1.779526710510254, 1.83391273021698, 1.688804030418396, 1.8408766984939575, 1.750247597694397, 1.6569157838821411, 1.7530765533447266, 1.773087739944458, 1.6691333055496216, 1.6818511486053467, 1.66842782497406]",sae,Pre-64
1,beta,38,0.006,0.4455661720406026,0.4298851252298221,0.4696332081363504,0.5,0.6303640517897944,0.6511728865194212,30,"[0, 1, 2, 3, 4, 5, 6, 7, 8, 9, 10, 11, 12, 13, 14, 15, 16, 17, 18, 19, 20, 21, 22, 23, 24, 25, 26, 27, 28, 29]","[2.759106397628784, 2.808899164199829, 2.4410128593444824, 2.868328332901001, 2.574141025543213, 2.767052173614502, 2.876466989517212, 2.4641175270080566, 2.752037525177002, 2.6690590381622314, 2.4494588375091553, 2.758979082107544, 2.818164825439453, 2.367849588394165, 2.8642663955688477, 2.5691847801208496, 2.750361919403076, 2.79276704788208, 2.5341413021087646, 2.809189558029175, 2.5964906215667725, 2.7248153686523438, 2.758221387863159, 2.406961679458618, 2.5434181690216064, 2.8385982513427734, 2.7295737266540527, 2.822169542312622, 2.6078922748565674, 2.7902023792266846]",sae,Pre-64
1,beta,16,0.04,0.4519396108125126,0.4401978349795346,0.4372418697979753,0.5,0.6159012314439947,0.720487366252169,30,"[0, 1, 2, 3, 4, 5, 6, 7, 8, 9, 10, 11, 12, 13, 14, 15, 16, 17, 18, 19, 20, 21, 22, 23, 24, 25, 26, 27, 28, 29]","[1.6411210298538208, 1.5543782711029053, 1.6116214990615845, 1.6765474081039429, 1.6918284893035889, 1.5885188579559326, 1.6898165941238403, 1.63467276096344, 1.5847876071929932, 1.6908869743347168, 1.6977331638336182, 1.6348143815994263, 1.609402060508728, 1.5807877779006958, 1.6079468727111816, 1.6202178001403809, 1.627382755279541, 1.5469014644622803, 1.5874137878417969, 1.681835651397705, 1.7062766551971436, 1.6683841943740845, 1.6718528270721436, 1.6711828708648682, 1.5644792318344116, 1.6619501113891602, 1.6228452920913696, 1.586784839630127, 1.5590291023254395, 1.6003702878952026]",sae,Pre-64
1,beta,14,0.022,0.4467366851483266,0.4421697276018216,0.4567972872245994,0.5,0.5934222168898753,0.6890055339762143,30,"[0, 1, 2, 3, 4, 5, 6, 7, 8, 9, 10, 11, 12, 13, 14, 15, 16, 17, 18, 19, 20, 21, 22, 23, 24, 25, 26, 27, 28, 29]","[1.9060728549957275, 2.0990304946899414, 2.2680156230926514, 2.1902201175689697, 1.9859977960586548, 2.30147647857666, 1.9072378873825073, 2.25740909576416, 2.335008382797241, 2.4039387702941895, 2.182260751724243, 2.283301830291748, 2.3447811603546143, 2.3668389320373535, 2.1988799571990967, 2.0338408946990967, 2.376979351043701, 2.364638090133667, 2.1509740352630615, 1.9056963920593262, 1.937826156616211, 2.1204757690429688, 2.2627408504486084, 2.0419442653656006, 2.3969228267669678, 2.355651378631592, 2.3533120155334473, 2.3006069660186768, 2.1854496002197266, 2.3801474571228027]",sae,Pre-64
1,beta,47,0.026,0.4460371044958436,0.4257646434940195,0.4114049341663915,0.5,0.6434257056516428,0.7353854561820871,30,"[0, 1, 2, 3, 4, 5, 6, 7, 8, 9, 10, 11, 12, 13, 14, 15, 16, 17, 18, 19, 20, 21, 22, 23, 24, 25, 26, 27, 28, 29]","[1.867671251296997, 1.6827704906463623, 1.679912805557251, 1.6766982078552246, 1.7996746301651, 1.835284948348999, 1.7559181451797485, 1.8614914417266846, 1.798317790031433, 1.6967148780822754, 1.7328368425369263, 1.6768027544021606, 1.7029197216033936, 1.8637218475341797, 1.6841856241226196, 1.8447215557098389, 1.7152273654937744, 1.805955410003662, 1.6502071619033813, 1.674705147743225, 1.7103499174118042, 1.7872470617294312, 1.8644076585769653, 1.6923400163650513, 1.7697423696517944, 1.656253695487976, 1.6031205654144287, 1.849833369255066, 1.6510305404663086, 1.7264677286148071]",sae,Pre-64
1,beta,17,0.008,0.4599327030141671,0.4513468217402507,0.4654715970180554,0.5,0.6120635717004715,0.6907406246034792,30,"[0, 1, 2, 3, 4, 5, 6, 7, 8, 9, 10, 11, 12, 13, 14, 15, 16, 17, 18, 19, 20, 21, 22, 23, 24, 25, 26, 27, 28, 29]","[2.6228322982788086, 2.570310115814209, 2.6257545948028564, 2.469627618789673, 2.6267404556274414, 2.32851243019104, 2.3835296630859375, 2.254702091217041, 2.5984079837799072, 2.519688606262207, 2.662900924682617, 2.681366205215454, 2.426825523376465, 2.6793429851531982, 2.5572235584259033, 2.2459192276000977, 2.3346047401428223, 2.5969014167785645, 2.5814859867095947, 2.417731761932373, 2.529301166534424, 2.5670366287231445, 2.520815372467041, 2.618605613708496, 2.6107475757598877, 2.653616428375244, 2.425295829772949, 2.663410186767578, 2.6173806190490723, 2.389247417449951]",sae,Pre-64
1,beta,16,0.026,0.4519396108125126,0.4401978349795346,0.4374272081581774,0.5,0.6159012314439947,0.7205558969539232,30,"[0, 1, 2, 3, 4, 5, 6, 7, 8, 9, 10, 11, 12, 13, 14, 15, 16, 17, 18, 19, 20, 21, 22, 23, 24, 25, 26, 27, 28, 29]","[1.6566898822784424, 1.5701007843017578, 1.6271357536315918, 1.6921494007110596, 1.7073019742965698, 1.6041450500488281, 1.7053611278533936, 1.650345802307129, 1.600417137145996, 1.706427812576294, 1.7132991552352905, 1.6502623558044434, 1.6250511407852173, 1.5965228080749512, 1.6232506036758423, 1.635709524154663, 1.643109917640686, 1.562209963798523, 1.6030031442642212, 1.6973551511764526, 1.721869945526123, 1.684023380279541, 1.6874690055847168, 1.6867663860321045, 1.5799663066864014, 1.6775802373886108, 1.6381479501724243, 1.6023705005645752, 1.5745221376419067, 1.6159939765930176]",sae,Pre-64
1,beta,33,0.034,0.4492211383258522,0.4377959816952598,0.4373570447061531,0.5,0.6165210074526608,0.6907895295065971,30,"[0, 1, 2, 3, 4, 5, 6, 7, 8, 9, 10, 11, 12, 13, 14, 15, 16, 17, 18, 19, 20, 21, 22, 23, 24, 25, 26, 27, 28, 29]","[1.7061303853988647, 1.7516108751296997, 1.6983047723770142, 1.6448805332183838, 1.5840733051300049, 1.793107032775879, 1.6034114360809326, 1.7668309211730957, 1.7388920783996582, 1.7485076189041138, 1.664868712425232, 1.765861988067627, 1.7499942779541016, 1.5837368965148926, 1.6708449125289917, 1.724919319152832, 1.6532166004180908, 1.6237781047821045, 1.773036241531372, 1.7881113290786743, 1.6739434003829956, 1.5916621685028076, 1.7780033349990845, 1.7049108743667603, 1.7726508378982544, 1.6941112279891968, 1.6363372802734375, 1.5816150903701782, 1.5907272100448608, 1.6252104043960571]",sae,Pre-64
1,beta,24,0.035,0.4501416387440968,0.4383559369047743,0.4536386242573638,0.5,0.6188330126613704,0.6452256082423039,30,"[0, 1, 2, 3, 4, 5, 6, 7, 8, 9, 10, 11, 12, 13, 14, 15, 16, 17, 18, 19, 20, 21, 22, 23, 24, 25, 26, 27, 28, 29]","[1.737302541732788, 1.584903359413147, 1.6396143436431885, 1.7386571168899536, 1.731162190437317, 1.5978270769119263, 1.6527389287948608, 1.637555480003357, 1.7051327228546143, 1.6095528602600098, 1.6864690780639648, 1.6099599599838257, 1.7395700216293335, 1.7311650514602661, 1.649377465248108, 1.596922516822815, 1.7449307441711426, 1.5465261936187744, 1.6157443523406982, 1.741852879524231, 1.7162601947784424, 1.7234026193618774, 1.6034280061721802, 1.6926814317703247, 1.5701326131820679, 1.555122971534729, 1.7006850242614746, 1.569116234779358, 1.7391973733901978, 1.6355549097061157]",sae,Pre-64
1,beta,44,0.012,0.4469012312759677,0.43811650775401,0.4807434692266538,0.5,0.5982762074796864,0.6265312616004667,30,"[0, 1, 2, 3, 4, 5, 6, 7, 8, 9, 10, 11, 12, 13, 14, 15, 16, 17, 18, 19, 20, 21, 22, 23, 24, 25, 26, 27, 28, 29]","[2.3193519115448, 2.5770628452301025, 2.3491880893707275, 2.2528319358825684, 2.5311169624328613, 2.650235176086426, 2.5733449459075928, 2.505255937576294, 2.473722219467163, 2.7164933681488037, 2.3730623722076416, 2.6560704708099365, 2.5759239196777344, 2.268791675567627, 2.6758968830108643, 2.635145425796509, 2.2186858654022217, 2.5460963249206543, 2.562206506729126, 2.5758731365203857, 2.185007333755493, 2.4035913944244385, 2.5481555461883545, 2.6163599491119385, 2.5594263076782227, 2.574859857559204, 2.410935401916504, 2.5236055850982666, 2.474475622177124, 2.593827962875366]",sae,Pre-64
1,beta,36,0.03,0.4642138821845151,0.4576483090311837,0.4660560123564494,0.5,0.6031055233182893,0.6748254540807732,30,"[0, 1, 2, 3, 4, 5, 6, 7, 8, 9, 10, 11, 12, 13, 14, 15, 16, 17, 18, 19, 20, 21, 22, 23, 24, 25, 26, 27, 28, 29]","[1.7400957345962524, 1.7613385915756226, 1.6006704568862915, 1.7482434511184692, 1.6068166494369507, 1.7608914375305176, 1.607564926147461, 1.6508005857467651, 1.7861031293869019, 1.6433902978897095, 1.6718782186508179, 1.754810094833374, 1.6293092966079712, 1.685546636581421, 1.6367274522781372, 1.7619812488555908, 1.7224316596984863, 1.7093645334243774, 1.7713390588760376, 1.6239887475967407, 1.6273014545440674, 1.6733558177947998, 1.6579028367996216, 1.6204187870025635, 1.7412346601486206, 1.7297966480255127, 1.6443548202514648, 1.7219786643981934, 1.7349308729171753, 1.6201732158660889]",sae,Pre-64
1,beta,47,0.0159,0.4460371044958436,0.4257646434940195,0.4216899112594595,0.5,0.6434257056516428,0.7370025075548126,30,"[0, 1, 2, 3, 4, 5, 6, 7, 8, 9, 10, 11, 12, 13, 14, 15, 16, 17, 18, 19, 20, 21, 22, 23, 24, 25, 26, 27, 28, 29]","[2.4497344493865967, 2.3510446548461914, 2.366166114807129, 2.097639560699463, 2.431077718734741, 2.487558126449585, 2.328223943710327, 2.4413323402404785, 2.217064619064331, 2.1729178428649902, 2.381234645843506, 2.3308305740356445, 2.1598551273345947, 2.479351282119751, 2.411269187927246, 2.3578684329986572, 2.1406242847442627, 2.4968185424804688, 2.3297946453094482, 2.1896677017211914, 2.455456018447876, 2.3041017055511475, 2.420844793319702, 2.252572536468506, 2.4040393829345703, 2.287677526473999, 2.186789035797119, 2.386749744415283, 2.372596502304077, 2.4268639087677]",sae,Pre-64
1,beta,6,0.0151,0.4540822999211705,0.4457917896713532,0.464781668869114,0.5,0.5933447799067053,0.6655645541154483,30,"[0, 1, 2, 3, 4, 5, 6, 7, 8, 9, 10, 11, 12, 13, 14, 15, 16, 17, 18, 19, 20, 21, 22, 23, 24, 25, 26, 27, 28, 29]","[2.190840482711792, 2.465085506439209, 2.125570774078369, 2.490598678588867, 2.334608793258667, 2.4116241931915283, 2.4075839519500732, 2.4222002029418945, 2.1182713508605957, 2.4499406814575195, 2.4153826236724854, 2.3102455139160156, 2.4298384189605713, 2.2963602542877197, 2.228755474090576, 2.4989664554595947, 2.1939074993133545, 2.2054882049560547, 2.204672336578369, 2.394198417663574, 2.248112440109253, 2.3133018016815186, 2.4420363903045654, 2.09768009185791, 2.383666753768921, 2.325514316558838, 2.474212884902954, 2.1245477199554443, 2.1165435314178467, 2.448317289352417]",sae,Pre-64
1,beta,36,0.014,0.4642138821845151,0.4576483090311837,0.4798707108918288,0.5,0.6031055233182893,0.6747913290466482,30,"[0, 1, 2, 3, 4, 5, 6, 7, 8, 9, 10, 11, 12, 13, 14, 15, 16, 17, 18, 19, 20, 21, 22, 23, 24, 25, 26, 27, 28, 29]","[2.4957122802734375, 2.468467950820923, 2.376756429672241, 2.4136903285980225, 2.145616292953491, 2.491560697555542, 2.417351722717285, 2.0814788341522217, 2.490741729736328, 2.424592971801758, 2.476685047149658, 2.5203237533569336, 2.1694283485412598, 2.4679505825042725, 2.151815891265869, 2.4890196323394775, 2.5334384441375732, 2.341268301010132, 2.5658116340637207, 2.2045366764068604, 2.0835318565368652, 2.466167688369751, 2.47293758392334, 2.2868456840515137, 2.4846670627593994, 2.3607711791992188, 2.410036087036133, 2.309530019760132, 2.4351999759674072, 2.1595444679260254]",sae,Pre-64
1,beta,8,0.038,0.4517491928182039,0.4406431065890545,0.4441408672348878,0.5,0.6098144493254953,0.680697212141791,30,"[0, 1, 2, 3, 4, 5, 6, 7, 8, 9, 10, 11, 12, 13, 14, 15, 16, 17, 18, 19, 20, 21, 22, 23, 24, 25, 26, 27, 28, 29]","[1.6939363479614258, 1.7993156909942627, 1.6846089363098145, 1.692051649093628, 1.8052654266357422, 1.727462887763977, 1.7692853212356567, 1.6644717454910278, 1.6849619150161743, 1.775610089302063, 1.8051255941390991, 1.7194570302963257, 1.6247012615203857, 1.6845735311508179, 1.7515465021133423, 1.6772730350494385, 1.639212727546692, 1.7232656478881836, 1.6090044975280762, 1.7356759309768677, 1.6642719507217407, 1.6176725625991821, 1.7576026916503906, 1.71094810962677, 1.7589632272720337, 1.7629919052124023, 1.6623953580856323, 1.7437361478805542, 1.7349505424499512, 1.7633707523345947]",sae,Pre-64
1,beta,8,0.016,0.4517491928182039,0.4406431065890545,0.4562444843324631,0.5,0.6098144493254953,0.6797026095937408,30,"[0, 1, 2, 3, 4, 5, 6, 7, 8, 9, 10, 11, 12, 13, 14, 15, 16, 17, 18, 19, 20, 21, 22, 23, 24, 25, 26, 27, 28, 29]","[2.349088430404663, 2.3524205684661865, 2.1945765018463135, 2.1414437294006348, 2.4153389930725098, 2.2313108444213867, 2.392042636871338, 2.346892833709717, 2.0469117164611816, 2.2008042335510254, 2.5100011825561523, 2.420713424682617, 1.9708975553512573, 2.1219048500061035, 2.442790985107422, 2.396270275115967, 2.143808126449585, 2.3702423572540283, 2.3044893741607666, 2.2578673362731934, 2.350310802459717, 2.3382678031921387, 2.441685676574707, 2.3853631019592285, 2.4686174392700195, 2.4265944957733154, 2.1737613677978516, 2.4137325286865234, 2.2405200004577637, 2.3389458656311035]",sae,Pre-64
1,beta,24,0.028,0.4501416387440968,0.4383559369047743,0.4547090630153908,0.5,0.6188330126613704,0.6450456181727904,30,"[0, 1, 2, 3, 4, 5, 6, 7, 8, 9, 10, 11, 12, 13, 14, 15, 16, 17, 18, 19, 20, 21, 22, 23, 24, 25, 26, 27, 28, 29]","[1.8342710733413696, 1.6589707136154175, 1.7189369201660156, 1.8139749765396118, 1.8153148889541626, 1.6700472831726074, 1.734902024269104, 1.7222917079925537, 1.7987515926361084, 1.7106493711471558, 1.7723817825317383, 1.6852625608444214, 1.817543625831604, 1.8241080045700073, 1.72781503200531, 1.6732796430587769, 1.825624942779541, 1.6392996311187744, 1.6890864372253418, 1.821070671081543, 1.7950013875961304, 1.810109257698059, 1.671461582183838, 1.7767044305801392, 1.6438068151474, 1.628403663635254, 1.794548749923706, 1.6437700986862183, 1.825705647468567, 1.723651647567749]",sae,Pre-64
1,beta,15,0.029,0.4529015220185267,0.4424399871594601,0.4404260673289584,0.5,0.6161071485640408,0.7114600735048447,30,"[0, 1, 2, 3, 4, 5, 6, 7, 8, 9, 10, 11, 12, 13, 14, 15, 16, 17, 18, 19, 20, 21, 22, 23, 24, 25, 26, 27, 28, 29]","[1.6095706224441528, 1.6246980428695679, 1.6741056442260742, 1.629232406616211, 1.7513208389282227, 1.6229941844940186, 1.5998846292495728, 1.6243548393249512, 1.6988170146942139, 1.6936297416687012, 1.6692512035369873, 1.6144883632659912, 1.7803269624710083, 1.6959599256515503, 1.5473105907440186, 1.6761770248413086, 1.5911755561828613, 1.7946343421936035, 1.5611956119537354, 1.6474717855453491, 1.7459980249404907, 1.7421391010284424, 1.6048895120620728, 1.6633174419403076, 1.664492130279541, 1.5419613122940063, 1.7310304641723633, 1.7714954614639282, 1.684085726737976, 1.6355637311935425]",sae,Pre-64
1,beta,34,0.024,0.4568527557813058,0.4470225010708758,0.4662539784668244,0.5,0.6011606799053854,0.6804829748611035,30,"[0, 1, 2, 3, 4, 5, 6, 7, 8, 9, 10, 11, 12, 13, 14, 15, 16, 17, 18, 19, 20, 21, 22, 23, 24, 25, 26, 27, 28, 29]","[1.9964141845703125, 2.243933916091919, 2.2305076122283936, 2.247270107269287, 2.0624823570251465, 1.9492384195327759, 2.2797598838806152, 2.265982151031494, 2.031418561935425, 1.9586677551269531, 2.162961721420288, 2.101741075515747, 2.165775775909424, 2.248647689819336, 1.915305256843567, 2.084740161895752, 2.2536513805389404, 2.2630667686462402, 2.2281479835510254, 1.9092625379562378, 2.262122631072998, 2.273533344268799, 2.0804495811462402, 2.175976514816284, 1.8415967226028442, 2.0809872150421143, 2.306415557861328, 2.320906400680542, 2.1749765872955322, 2.175686836242676]",sae,Pre-64
1,beta,9,0.028,0.448644851968101,0.4348910401892977,0.4534165989733711,0.5,0.6286670530281078,0.6728310634598668,30,"[0, 1, 2, 3, 4, 5, 6, 7, 8, 9, 10, 11, 12, 13, 14, 15, 16, 17, 18, 19, 20, 21, 22, 23, 24, 25, 26, 27, 28, 29]","[1.734912633895874, 1.6083927154541016, 1.7319194078445435, 1.7030200958251953, 1.6143064498901367, 1.449018120765686, 1.7203636169433594, 1.6351450681686401, 1.7355899810791016, 1.5563502311706543, 1.6726224422454834, 1.636460304260254, 1.6081422567367554, 1.6575915813446045, 1.769204020500183, 1.6306244134902954, 1.6222611665725708, 1.6988606452941895, 1.7397149801254272, 1.5922772884368896, 1.733997106552124, 1.7390319108963013, 1.613278865814209, 1.7225632667541504, 1.7205387353897095, 1.7194983959197998, 1.5786688327789307, 1.5538033246994019, 1.607852578163147, 1.7504884004592896]",sae,Pre-64
1,beta,34,0.005,0.4568527557813058,0.4470225010708758,0.4689876271976615,0.5,0.6011606799053854,0.6807145897087733,30,"[0, 1, 2, 3, 4, 5, 6, 7, 8, 9, 10, 11, 12, 13, 14, 15, 16, 17, 18, 19, 20, 21, 22, 23, 24, 25, 26, 27, 28, 29]","[2.4497783184051514, 2.691037178039551, 2.6857614517211914, 2.6867268085479736, 2.5164341926574707, 2.4125213623046875, 2.711956024169922, 2.696194887161255, 2.483830213546753, 2.425828695297241, 2.6181435585021973, 2.5340335369110107, 2.622178077697754, 2.681762933731079, 2.385655403137207, 2.5405056476593018, 2.698823928833008, 2.705045700073242, 2.665513038635254, 2.378448963165283, 2.6991915702819824, 2.7163548469543457, 2.542663812637329, 2.634653329849243, 2.310946464538574, 2.520691394805908, 2.74625563621521, 2.761829137802124, 2.6382100582122803, 2.63594388961792]",sae,Pre-64
1,beta,26,0.004,0.4502231978181314,0.4442488029476733,0.485746395766217,0.5,0.5832450787939482,0.6476804934573476,30,"[0, 1, 2, 3, 4, 5, 6, 7, 8, 9, 10, 11, 12, 13, 14, 15, 16, 17, 18, 19, 20, 21, 22, 23, 24, 25, 26, 27, 28, 29]","[2.5395541191101074, 2.7429072856903076, 2.857156753540039, 2.627761125564575, 2.5345959663391113, 2.7316930294036865, 2.851252555847168, 2.753674268722534, 2.7518372535705566, 2.521594762802124, 2.794339895248413, 2.923224449157715, 2.8497564792633057, 2.8581912517547607, 2.8310813903808594, 2.863525152206421, 2.5762131214141846, 2.6423163414001465, 2.6294097900390625, 2.709296703338623, 2.416125535964966, 2.897385835647583, 2.815420389175415, 2.838005781173706, 2.8726227283477783, 2.866377115249634, 2.5542943477630615, 2.829479932785034, 2.8186819553375244, 2.4556870460510254]",sae,Pre-64
1,beta,40,0.032,0.44666181227492,0.4340193094910912,0.4406258427496893,0.5,0.6093636266731638,0.6686518753140751,30,"[0, 1, 2, 3, 4, 5, 6, 7, 8, 9, 10, 11, 12, 13, 14, 15, 16, 17, 18, 19, 20, 21, 22, 23, 24, 25, 26, 27, 28, 29]","[1.8021169900894165, 1.778795599937439, 1.6942564249038696, 1.648701548576355, 1.705252766609192, 1.710187315940857, 1.7139917612075806, 1.7598782777786255, 1.7265405654907227, 1.7874531745910645, 1.6326031684875488, 1.6473857164382935, 1.7432665824890137, 1.715596318244934, 1.6751247644424438, 1.7884694337844849, 1.7409749031066895, 1.6617555618286133, 1.68214750289917, 1.7355186939239502, 1.61775541305542, 1.653397560119629, 1.7893545627593994, 1.6610780954360962, 1.773958683013916, 1.6490880250930786, 1.758183479309082, 1.7289671897888184, 1.8009891510009766, 1.6418241262435913]",sae,Pre-64
1,beta,40,0.015,0.44666181227492,0.4340193094910912,0.4563316141578682,0.5,0.6093636266731638,0.6669996497586381,30,"[0, 1, 2, 3, 4, 5, 6, 7, 8, 9, 10, 11, 12, 13, 14, 15, 16, 17, 18, 19, 20, 21, 22, 23, 24, 25, 26, 27, 28, 29]","[2.5320117473602295, 2.475888729095459, 2.4092857837677, 2.1817305088043213, 2.5206544399261475, 2.490938425064087, 2.3743107318878174, 2.4568850994110107, 2.4795055389404297, 2.3950681686401367, 2.053837776184082, 2.105025291442871, 2.3267383575439453, 2.369856834411621, 2.343409299850464, 2.502889394760132, 2.468543529510498, 2.0731098651885986, 2.2032933235168457, 2.29793119430542, 2.3264544010162354, 2.360278606414795, 2.4208412170410156, 2.094351053237915, 2.500561237335205, 2.036228895187378, 2.477532148361206, 2.4459588527679443, 2.5384788513183594, 2.398566484451294]",sae,Pre-64
1,beta,26,0.022,0.4502231978181314,0.4442488029476733,0.4827514480211537,0.5,0.5832450787939482,0.648074869390667,30,"[0, 1, 2, 3, 4, 5, 6, 7, 8, 9, 10, 11, 12, 13, 14, 15, 16, 17, 18, 19, 20, 21, 22, 23, 24, 25, 26, 27, 28, 29]","[2.056957483291626, 2.2744743824005127, 2.3822059631347656, 2.16460919380188, 2.049239158630371, 2.253265857696533, 2.388951063156128, 2.298602819442749, 2.2690165042877197, 2.0374274253845215, 2.3449547290802, 2.451676607131958, 2.3722357749938965, 2.392665147781372, 2.3506951332092285, 2.406970500946045, 2.08729887008667, 2.1760573387145996, 2.1450119018554688, 2.228757619857788, 1.9198838472366333, 2.433868169784546, 2.3510711193084717, 2.376481771469116, 2.3997011184692383, 2.3986527919769287, 2.0693423748016357, 2.365729570388794, 2.3681719303131104, 1.9539357423782349]",sae,Pre-64
1,beta,41,0.022,0.4543678569363413,0.4427951465832617,0.4599357160711702,0.5,0.6190905384235713,0.6770059443335693,30,"[0, 1, 2, 3, 4, 5, 6, 7, 8, 9, 10, 11, 12, 13, 14, 15, 16, 17, 18, 19, 20, 21, 22, 23, 24, 25, 26, 27, 28, 29]","[1.697220802307129, 1.8407467603683472, 1.7915594577789307, 1.681846022605896, 1.7111889123916626, 1.8898093700408936, 1.7184336185455322, 1.8102667331695557, 1.7427235841751099, 1.85395085811615, 1.8631300926208496, 1.798745036125183, 1.7980607748031616, 1.841983437538147, 1.869633674621582, 1.7331010103225708, 1.8140130043029785, 1.819278359413147, 1.8710699081420898, 1.823960304260254, 1.7294337749481201, 1.7828301191329956, 1.7617310285568237, 1.8061808347702026, 1.7511121034622192, 1.70612370967865, 1.8372411727905273, 1.8543516397476196, 1.810530185699463, 1.6957612037658691]",sae,Pre-64
1,beta,49,0.002,0.462130925118617,0.4524487678230295,0.471253085670184,0.5,0.6141152509743157,0.6882542142085739,30,"[0, 1, 2, 3, 4, 5, 6, 7, 8, 9, 10, 11, 12, 13, 14, 15, 16, 17, 18, 19, 20, 21, 22, 23, 24, 25, 26, 27, 28, 29]","[2.556851387023926, 2.6298415660858154, 2.8190665245056152, 2.5281426906585693, 2.611377716064453, 2.472654104232788, 2.8746697902679443, 2.872070550918579, 2.8118820190429688, 2.8763914108276367, 2.875871419906616, 2.595366954803467, 2.7735581398010254, 2.8620617389678955, 2.9241526126861572, 2.8221042156219482, 2.9056360721588135, 2.892124652862549, 2.862901210784912, 2.66672420501709, 2.9339609146118164, 2.564696788787842, 2.9029812812805176, 2.7864556312561035, 2.741536855697632, 2.878016948699951, 2.6421353816986084, 2.739448308944702, 2.7970287799835205, 2.5092737674713135]",sae,Pre-64
1,beta,30,0.012,0.4638407167611665,0.4544841508273655,0.4518327372983357,0.5,0.6043368975359404,0.7045564167585973,30,"[0, 1, 2, 3, 4, 5, 6, 7, 8, 9, 10, 11, 12, 13, 14, 15, 16, 17, 18, 19, 20, 21, 22, 23, 24, 25, 26, 27, 28, 29]","[2.571772336959839, 2.5672810077667236, 2.287430763244629, 2.3485898971557617, 2.316720485687256, 2.4543871879577637, 2.317182779312134, 2.268235683441162, 2.2764697074890137, 2.5188748836517334, 2.153841495513916, 2.406169891357422, 2.422877788543701, 2.3958775997161865, 2.568228006362915, 2.5725162029266357, 2.5022120475769043, 2.436581611633301, 2.5676429271698, 2.245197296142578, 2.618813991546631, 2.5434110164642334, 2.6544151306152344, 2.557417869567871, 2.3305864334106445, 2.4937024116516113, 2.3886947631835938, 2.4900741577148438, 2.531268358230591, 2.2319374084472656]",sae,Pre-64
1,beta,10,0.01,0.4493907433353129,0.4390813823454372,0.4662782189826939,0.5,0.6232207829487961,0.6733919408661954,30,"[0, 1, 2, 3, 4, 5, 6, 7, 8, 9, 10, 11, 12, 13, 14, 15, 16, 17, 18, 19, 20, 21, 22, 23, 24, 25, 26, 27, 28, 29]","[2.5470545291900635, 2.3717479705810547, 2.578455686569214, 2.2683186531066895, 2.57556414604187, 2.4896273612976074, 2.270098924636841, 2.571460247039795, 2.561135768890381, 2.620393753051758, 2.4980506896972656, 2.4514076709747314, 2.4168179035186768, 2.289680242538452, 2.243135929107666, 2.422184467315674, 2.5213024616241455, 2.2904052734375, 2.5968170166015625, 2.254041910171509, 2.2636702060699463, 2.5666074752807617, 2.5850963592529297, 2.607858180999756, 2.5917012691497803, 2.3622074127197266, 2.522199869155884, 2.527473211288452, 2.536993980407715, 2.584341526031494]",sae,Pre-64
1,beta,26,0.0155,0.4502231978181314,0.4442488029476733,0.4838909376097146,0.5,0.5832450787939482,0.6479744290780614,30,"[0, 1, 2, 3, 4, 5, 6, 7, 8, 9, 10, 11, 12, 13, 14, 15, 16, 17, 18, 19, 20, 21, 22, 23, 24, 25, 26, 27, 28, 29]","[2.2279210090637207, 2.4400129318237305, 2.5501136779785156, 2.328268051147461, 2.2211225032806396, 2.4223170280456543, 2.5521011352539062, 2.4589738845825195, 2.4402217864990234, 2.208866834640503, 2.503160238265991, 2.6184611320495605, 2.541285753250122, 2.556929588317871, 2.5208487510681152, 2.5678787231445312, 2.260406255722046, 2.3408758640289307, 2.316392660140991, 2.399367332458496, 2.0961008071899414, 2.5974650382995605, 2.514981508255005, 2.539318323135376, 2.566993236541748, 2.563898801803589, 2.2408506870269775, 2.529411792755127, 2.5267059803009033, 2.1324002742767334]",sae,Pre-64
1,beta,19,0.0151,0.4469965829377276,0.435497383761294,0.430677746752149,0.5,0.6104665954706788,0.7174341175362001,30,"[0, 1, 2, 3, 4, 5, 6, 7, 8, 9, 10, 11, 12, 13, 14, 15, 16, 17, 18, 19, 20, 21, 22, 23, 24, 25, 26, 27, 28, 29]","[2.150330066680908, 2.4713916778564453, 2.3328969478607178, 2.1838977336883545, 2.476177453994751, 2.516857862472534, 2.4066901206970215, 2.2189202308654785, 2.429997205734253, 2.520874500274658, 2.4954147338867188, 2.5052437782287598, 2.4851460456848145, 2.0983831882476807, 2.4337496757507324, 2.3384242057800293, 2.2910242080688477, 2.5248169898986816, 2.0734970569610596, 2.0593810081481934, 2.5189387798309326, 2.4039711952209473, 2.4059059619903564, 2.0521974563598633, 1.99936044216156, 2.443500280380249, 2.575281858444214, 2.5117785930633545, 2.5009047985076904, 2.3658814430236816]",sae,Pre-64
1,beta,41,0.004,0.4543678569363413,0.4427951465832617,0.4741707175751645,0.5,0.6190905384235713,0.6743635414207744,30,"[0, 1, 2, 3, 4, 5, 6, 7, 8, 9, 10, 11, 12, 13, 14, 15, 16, 17, 18, 19, 20, 21, 22, 23, 24, 25, 26, 27, 28, 29]","[2.392852783203125, 2.8281924724578857, 2.6873984336853027, 2.6434552669525146, 2.5093674659729004, 2.853694438934326, 2.689167022705078, 2.81571102142334, 2.68733549118042, 2.812605857849121, 2.8415474891662598, 2.78024959564209, 2.5094473361968994, 2.62638783454895, 2.8136205673217773, 2.423269510269165, 2.7336013317108154, 2.8048553466796875, 2.731447696685791, 2.622288703918457, 2.560859441757202, 2.7887911796569824, 2.7306103706359863, 2.5996451377868652, 2.7329134941101074, 2.390475034713745, 2.5467162132263184, 2.8171908855438232, 2.5798752307891846, 2.535606861114502]",sae,Pre-64
1,beta,14,0.004,0.4467366851483266,0.4421697276018216,0.4606646198795621,0.5,0.5934222168898753,0.6882624214520314,30,"[0, 1, 2, 3, 4, 5, 6, 7, 8, 9, 10, 11, 12, 13, 14, 15, 16, 17, 18, 19, 20, 21, 22, 23, 24, 25, 26, 27, 28, 29]","[2.4078259468078613, 2.560476303100586, 2.718844413757324, 2.6642937660217285, 2.480705738067627, 2.756511688232422, 2.392080545425415, 2.7353644371032715, 2.787328004837036, 2.8586246967315674, 2.6407275199890137, 2.744934320449829, 2.8058395385742188, 2.8262784481048584, 2.6689090728759766, 2.5097007751464844, 2.8396358489990234, 2.828059673309326, 2.631183385848999, 2.3897714614868164, 2.430406332015991, 2.5890660285949707, 2.7202541828155518, 2.5163891315460205, 2.8531575202941895, 2.8196003437042236, 2.8082284927368164, 2.7739474773406982, 2.667483329772949, 2.829655647277832]",sae,Pre-64
1,beta,23,0.002,0.4478205607315014,0.4344954522622479,0.4534622285805226,0.5,0.6150139710231751,0.6833970992918423,30,"[0, 1, 2, 3, 4, 5, 6, 7, 8, 9, 10, 11, 12, 13, 14, 15, 16, 17, 18, 19, 20, 21, 22, 23, 24, 25, 26, 27, 28, 29]","[2.578765869140625, 2.8732147216796875, 2.831671953201294, 2.8468997478485107, 2.7130846977233887, 2.66347599029541, 2.775853395462036, 2.414402484893799, 2.4472999572753906, 2.883655548095703, 2.8792171478271484, 2.6210994720458984, 2.542290449142456, 2.787367820739746, 2.8351242542266846, 2.8640167713165283, 2.712686538696289, 2.4664902687072754, 2.6377902030944824, 2.513252019882202, 2.86024808883667, 2.6066854000091553, 2.748657464981079, 2.8870158195495605, 2.614471673965454, 2.758697271347046, 2.3891549110412598, 2.7761850357055664, 2.7755277156829834, 2.8843095302581787]",sae,Pre-64
1,beta,2,0.032,0.4419681213812466,0.4306250660512843,0.4331049526688899,0.5,0.6028191218064636,0.6901124982612326,30,"[0, 1, 2, 3, 4, 5, 6, 7, 8, 9, 10, 11, 12, 13, 14, 15, 16, 17, 18, 19, 20, 21, 22, 23, 24, 25, 26, 27, 28, 29]","[1.6710541248321533, 1.6437708139419556, 1.6278375387191772, 1.762069582939148, 1.6807935237884521, 1.8178938627243042, 1.6557259559631348, 1.6952334642410278, 1.6403586864471436, 1.6943447589874268, 1.7241963148117065, 1.6187374591827393, 1.7466018199920654, 1.8000880479812622, 1.749450445175171, 1.7452366352081299, 1.766003966331482, 1.833416223526001, 1.8331024646759033, 1.8001669645309448, 1.7064563035964966, 1.6491284370422363, 1.7727844715118408, 1.8088719844818115, 1.616854190826416, 1.655017375946045, 1.752800464630127, 1.743804931640625, 1.5331225395202637, 1.8237911462783813]",sae,Pre-64
1,beta,16,0.012,0.4519396108125126,0.4401978349795346,0.4471908073649536,0.5,0.6159012314439947,0.722150177125506,30,"[0, 1, 2, 3, 4, 5, 6, 7, 8, 9, 10, 11, 12, 13, 14, 15, 16, 17, 18, 19, 20, 21, 22, 23, 24, 25, 26, 27, 28, 29]","[2.5272159576416016, 2.2184336185455322, 2.496744155883789, 2.496879816055298, 2.613128423690796, 2.4209072589874268, 2.506875514984131, 2.4698169231414795, 2.1372058391571045, 2.386789560317993, 2.5574896335601807, 2.195356845855713, 2.4752542972564697, 2.3238136768341064, 2.3752963542938232, 2.2727506160736084, 2.1761302947998047, 2.5287742614746094, 2.295807361602783, 2.528702735900879, 2.2492148876190186, 2.4976391792297363, 2.2303998470306396, 2.4953832626342773, 2.4810032844543457, 2.48471736907959, 2.3786964416503906, 2.1395695209503174, 2.319021463394165, 2.2961432933807373]",sae,Pre-64
1,beta,2,0.015,0.4419681213812466,0.4306250660512843,0.4423519401640981,0.5,0.6028191218064636,0.690528353503037,30,"[0, 1, 2, 3, 4, 5, 6, 7, 8, 9, 10, 11, 12, 13, 14, 15, 16, 17, 18, 19, 20, 21, 22, 23, 24, 25, 26, 27, 28, 29]","[2.1276535987854004, 2.078962564468384, 2.191573143005371, 2.3038313388824463, 2.1471385955810547, 2.501365900039673, 2.0387325286865234, 2.2803595066070557, 2.213282823562622, 2.253350257873535, 2.3897864818573, 2.2545676231384277, 2.365757703781128, 2.431415319442749, 2.199856996536255, 2.4817590713500977, 2.3447701930999756, 2.4931163787841797, 2.4777748584747314, 2.4129977226257324, 2.364630937576294, 2.2000014781951904, 2.4259166717529297, 2.4913253784179688, 1.989003300666809, 2.2863473892211914, 2.3925979137420654, 2.397913694381714, 2.2401039600372314, 2.457965135574341]",sae,Pre-64
1,beta,49,0.02,0.462130925118617,0.4524487678230295,0.4682280972913751,0.5,0.6141152509743157,0.6877817298211015,30,"[0, 1, 2, 3, 4, 5, 6, 7, 8, 9, 10, 11, 12, 13, 14, 15, 16, 17, 18, 19, 20, 21, 22, 23, 24, 25, 26, 27, 28, 29]","[2.079364061355591, 2.152214527130127, 2.359851598739624, 2.032860279083252, 2.146456718444824, 1.981481671333313, 2.4126169681549072, 2.420767307281494, 2.33620285987854, 2.414670944213867, 2.423117160797119, 2.12821364402771, 2.296038866043091, 2.402585983276367, 2.4632694721221924, 2.3468172550201416, 2.4434704780578613, 2.425677537918091, 2.412381410598755, 2.1866469383239746, 2.473834753036499, 2.075613021850586, 2.430098533630371, 2.3095686435699463, 2.284489631652832, 2.4252817630767822, 2.168261766433716, 2.278710126876831, 2.3414249420166016, 2.0206069946289062]",sae,Pre-64
1,beta,13,0.006,0.4619123366083722,0.4531466051409948,0.4582425717596177,0.5,0.6127276801885291,0.7151768939228436,30,"[0, 1, 2, 3, 4, 5, 6, 7, 8, 9, 10, 11, 12, 13, 14, 15, 16, 17, 18, 19, 20, 21, 22, 23, 24, 25, 26, 27, 28, 29]","[2.717646837234497, 2.702298164367676, 2.69936203956604, 2.615628480911255, 2.4348666667938232, 2.727935791015625, 2.694100856781006, 2.608219861984253, 2.4162580966949463, 2.6236019134521484, 2.728665351867676, 2.601224422454834, 2.730952024459839, 2.3941266536712646, 2.6818478107452393, 2.6036038398742676, 2.6254992485046387, 2.628514289855957, 2.603743314743042, 2.5630455017089844, 2.60982084274292, 2.382232427597046, 2.7445080280303955, 2.4297358989715576, 2.2799723148345947, 2.3647565841674805, 2.4011175632476807, 2.380173921585083, 2.678450584411621, 2.4238429069519043]",sae,Pre-64
1,beta,48,0.036,0.4556814132376,0.4510566266980289,0.4933662528844517,0.5,0.5923878577171784,0.5936264906062082,30,"[0, 1, 2, 3, 4, 5, 6, 7, 8, 9, 10, 11, 12, 13, 14, 15, 16, 17, 18, 19, 20, 21, 22, 23, 24, 25, 26, 27, 28, 29]","[1.7342028617858887, 1.6666100025177002, 1.6332042217254639, 1.6125719547271729, 1.6185951232910156, 1.5415631532669067, 1.6414709091186523, 1.6118704080581665, 1.615100383758545, 1.5917091369628906, 1.686423897743225, 1.616943359375, 1.6673129796981812, 1.613488793373108, 1.5820319652557373, 1.641374111175537, 1.720903992652893, 1.680307388305664, 1.6950510740280151, 1.5827584266662598, 1.6064668893814087, 1.728126883506775, 1.7371771335601807, 1.5724693536758423, 1.615454912185669, 1.7039974927902222, 1.7029095888137817, 1.739395022392273, 1.5929208993911743, 1.6538655757904053]",sae,Pre-64
1,beta,18,0.008,0.4575117633693479,0.4471831599677374,0.4409625431143277,0.5,0.6052065040104606,0.7328577030290917,30,"[0, 1, 2, 3, 4, 5, 6, 7, 8, 9, 10, 11, 12, 13, 14, 15, 16, 17, 18, 19, 20, 21, 22, 23, 24, 25, 26, 27, 28, 29]","[2.598176956176758, 2.5281500816345215, 2.6570348739624023, 2.311450958251953, 2.3705575466156006, 2.3828089237213135, 2.7186055183410645, 2.3065030574798584, 2.4194629192352295, 2.3747918605804443, 2.7033283710479736, 2.654224395751953, 2.4286203384399414, 2.618446111679077, 2.4382941722869873, 2.571695566177368, 2.606908082962036, 2.256625175476074, 2.494335889816284, 2.491661787033081, 2.705104351043701, 2.5698492527008057, 2.680980920791626, 2.5965094566345215, 2.661546230316162, 2.5092971324920654, 2.644977569580078, 2.667285203933716, 2.479365825653076, 2.373178243637085]",sae,Pre-64
1,beta,23,0.016,0.4478205607315014,0.4344954522622479,0.4515213211713575,0.5,0.6150139710231751,0.6828237351572062,30,"[0, 1, 2, 3, 4, 5, 6, 7, 8, 9, 10, 11, 12, 13, 14, 15, 16, 17, 18, 19, 20, 21, 22, 23, 24, 25, 26, 27, 28, 29]","[2.2146453857421875, 2.5194919109344482, 2.477741241455078, 2.4885568618774414, 2.364715814590454, 2.3098456859588623, 2.4085726737976074, 2.0398788452148438, 2.0800182819366455, 2.52848219871521, 2.5263965129852295, 2.256362199783325, 2.1777400970458984, 2.432884931564331, 2.4831531047821045, 2.503164529800415, 2.364650011062622, 2.0845935344696045, 2.2831475734710693, 2.1519546508789062, 2.5057761669158936, 2.2333481311798096, 2.3983042240142822, 2.529743194580078, 2.2360951900482178, 2.4053120613098145, 2.011239767074585, 2.417259454727173, 2.4265549182891846, 2.5263073444366455]",sae,Pre-64
1,beta,20,0.034,0.4408022875601419,0.4262939306313442,0.4418782605289664,0.5,0.6176087118064704,0.6530021144505469,30,"[0, 1, 2, 3, 4, 5, 6, 7, 8, 9, 10, 11, 12, 13, 14, 15, 16, 17, 18, 19, 20, 21, 22, 23, 24, 25, 26, 27, 28, 29]","[1.7107077836990356, 1.7627699375152588, 1.6959164142608643, 1.8324865102767944, 1.7417540550231934, 1.7803829908370972, 1.7836058139801025, 1.678620457649231, 1.7093944549560547, 1.6409512758255005, 1.6715471744537354, 1.676707148551941, 1.8336353302001953, 1.6839793920516968, 1.7310856580734253, 1.7959575653076172, 1.702228307723999, 1.6146928071975708, 1.737604022026062, 1.7494863271713257, 1.688981056213379, 1.62242591381073, 1.7469562292099, 1.8149826526641846, 1.7986831665039062, 1.6255102157592773, 1.6937752962112427, 1.7440805435180664, 1.6136128902435303, 1.800550937652588]",sae,Pre-64
1,beta,48,0.0159,0.4556814132376,0.4510566266980289,0.5110481760621541,0.5,0.5923878577171784,0.6000121739918236,30,"[0, 1, 2, 3, 4, 5, 6, 7, 8, 9, 10, 11, 12, 13, 14, 15, 16, 17, 18, 19, 20, 21, 22, 23, 24, 25, 26, 27, 28, 29]","[2.592761754989624, 2.393702507019043, 2.2852063179016113, 2.4140732288360596, 2.5359649658203125, 2.2141361236572266, 2.2470390796661377, 2.514052391052246, 2.4782755374908447, 2.448450803756714, 2.2889115810394287, 2.5026519298553467, 2.3511011600494385, 2.199843168258667, 2.211332082748413, 2.1999895572662354, 2.615610361099243, 2.5769524574279785, 2.5358262062072754, 2.4732446670532227, 2.189905881881714, 2.594054698944092, 2.6051976680755615, 2.504007339477539, 2.4599316120147705, 2.5449116230010986, 2.5278453826904297, 2.6554296016693115, 2.3770222663879395, 2.521138906478882]",sae,Pre-64
1,beta,17,0.036,0.4599327030141671,0.4513468217402507,0.4516735507937827,0.5,0.6120635717004715,0.6940600976298437,30,"[0, 1, 2, 3, 4, 5, 6, 7, 8, 9, 10, 11, 12, 13, 14, 15, 16, 17, 18, 19, 20, 21, 22, 23, 24, 25, 26, 27, 28, 29]","[1.7928386926651, 1.673073410987854, 1.724826455116272, 1.677452564239502, 1.8319884538650513, 1.6809602975845337, 1.7545571327209473, 1.5667861700057983, 1.7032288312911987, 1.7575162649154663, 1.7700954675674438, 1.7984375953674316, 1.7048734426498413, 1.8100414276123047, 1.6921284198760986, 1.658647060394287, 1.7507950067520142, 1.7315082550048828, 1.7619110345840454, 1.730666995048523, 1.6842310428619385, 1.7432422637939453, 1.605038046836853, 1.7181177139282227, 1.7928252220153809, 1.7361785173416138, 1.67921781539917, 1.7330976724624634, 1.7210930585861206, 1.7418311834335327]",sae,Pre-64
1,beta,19,0.005,0.4469965829377276,0.435497383761294,0.4319856912828321,0.5,0.6104665954706788,0.7182005214059114,30,"[0, 1, 2, 3, 4, 5, 6, 7, 8, 9, 10, 11, 12, 13, 14, 15, 16, 17, 18, 19, 20, 21, 22, 23, 24, 25, 26, 27, 28, 29]","[2.418203592300415, 2.7295305728912354, 2.6009345054626465, 2.4567244052886963, 2.729546546936035, 2.7703049182891846, 2.6656854152679443, 2.4923830032348633, 2.686972141265869, 2.7835028171539307, 2.7624990940093994, 2.769550323486328, 2.743741750717163, 2.371264696121216, 2.6875979900360107, 2.60227108001709, 2.562441110610962, 2.786874532699585, 2.3561325073242188, 2.33490252494812, 2.7855191230773926, 2.6637089252471924, 2.6656713485717773, 2.3278491497039795, 2.2759289741516113, 2.7113230228424072, 2.8340651988983154, 2.7668237686157227, 2.7549972534179688, 2.625417470932007]",sae,Pre-64
1,beta,39,0.025,0.4461088087810431,0.4292341094433316,0.4432840325285342,0.5,0.6205127278095635,0.6719271129911331,30,"[0, 1, 2, 3, 4, 5, 6, 7, 8, 9, 10, 11, 12, 13, 14, 15, 16, 17, 18, 19, 20, 21, 22, 23, 24, 25, 26, 27, 28, 29]","[1.6470884084701538, 1.8285565376281738, 1.746968388557434, 1.7969220876693726, 1.6763323545455933, 1.654273271560669, 1.7246147394180298, 1.717749834060669, 1.646213412284851, 1.84067702293396, 1.7392460107803345, 1.6942728757858276, 1.7473034858703613, 1.6485557556152344, 1.7514933347702026, 1.8143589496612549, 1.8352140188217163, 1.7914143800735474, 1.664203405380249, 1.7166001796722412, 1.65367591381073, 1.6861507892608643, 1.7629657983779907, 1.7734687328338623, 1.7812020778656006, 1.6639819145202637, 1.645765781402588, 1.6697800159454346, 1.8171744346618652, 1.6755326986312866]",sae,Pre-64
1,beta,48,0.005,0.4556814132376,0.4510566266980289,0.5126178791971968,0.5,0.5923878577171784,0.6010285607510504,30,"[0, 1, 2, 3, 4, 5, 6, 7, 8, 9, 10, 11, 12, 13, 14, 15, 16, 17, 18, 19, 20, 21, 22, 23, 24, 25, 26, 27, 28, 29]","[2.8730597496032715, 2.681394100189209, 2.5718884468078613, 2.692708969116211, 2.8131229877471924, 2.500511646270752, 2.541997194290161, 2.79164981842041, 2.7599048614501953, 2.726966142654419, 2.5812594890594482, 2.7826993465423584, 2.6386799812316895, 2.490535259246826, 2.5015509128570557, 2.488161563873291, 2.8987810611724854, 2.8567049503326416, 2.8195927143096924, 2.7572479248046875, 2.4757163524627686, 2.874324321746826, 2.8884551525115967, 2.784899950027466, 2.7401065826416016, 2.827451467514038, 2.8113021850585938, 2.933022975921631, 2.654824733734131, 2.800778388977051]",sae,Pre-64
1,beta,25,0.035,0.4465066892532915,0.4352791138475453,0.4473397805653725,0.5,0.6270054355300688,0.6598383692213858,30,"[0, 1, 2, 3, 4, 5, 6, 7, 8, 9, 10, 11, 12, 13, 14, 15, 16, 17, 18, 19, 20, 21, 22, 23, 24, 25, 26, 27, 28, 29]","[1.653926968574524, 1.6845024824142456, 1.5305473804473877, 1.7416768074035645, 1.7185152769088745, 1.7048851251602173, 1.5984944105148315, 1.5729637145996094, 1.625261902809143, 1.5312556028366089, 1.7156569957733154, 1.657105565071106, 1.68697190284729, 1.5730538368225098, 1.577146291732788, 1.646918773651123, 1.5058181285858154, 1.4949545860290527, 1.5646897554397583, 1.5776700973510742, 1.7243008613586426, 1.501178503036499, 1.683437466621399, 1.5913472175598145, 1.6540067195892334, 1.5794634819030762, 1.752703309059143, 1.682841181755066, 1.7153455018997192, 1.570796012878418]",sae,Pre-64
1,beta,19,0.024,0.4469965829377276,0.435497383761294,0.4200213647131425,0.5,0.6104665954706788,0.7150579514401482,30,"[0, 1, 2, 3, 4, 5, 6, 7, 8, 9, 10, 11, 12, 13, 14, 15, 16, 17, 18, 19, 20, 21, 22, 23, 24, 25, 26, 27, 28, 29]","[1.7143672704696655, 1.752685546875, 1.8140560388565063, 1.7189488410949707, 1.713219165802002, 1.7442328929901123, 1.7358429431915283, 1.8048452138900757, 1.681799054145813, 1.8437721729278564, 1.8869094848632812, 1.8733590841293335, 1.753395438194275, 1.6968748569488525, 1.6816896200180054, 1.7074236869812012, 1.8410855531692505, 1.857019305229187, 1.6641414165496826, 1.6638165712356567, 1.8715318441390991, 1.7224223613739014, 1.744127631187439, 1.665917992591858, 1.6520642042160034, 1.8551781177520752, 1.862787127494812, 1.7532769441604614, 1.7496821880340576, 1.6932107210159302]",sae,Pre-64
1,beta,39,0.006,0.4461088087810431,0.4292341094433316,0.458387888204717,0.5,0.6205127278095635,0.6753060308335669,30,"[0, 1, 2, 3, 4, 5, 6, 7, 8, 9, 10, 11, 12, 13, 14, 15, 16, 17, 18, 19, 20, 21, 22, 23, 24, 25, 26, 27, 28, 29]","[2.353233814239502, 2.6538503170013428, 2.7636466026306152, 2.780621290206909, 2.4532415866851807, 2.3392841815948486, 2.563803195953369, 2.6757123470306396, 2.368328332901001, 2.7354819774627686, 2.6616954803466797, 2.7387819290161133, 2.4626216888427734, 2.509500741958618, 2.7009079456329346, 2.8268802165985107, 2.802090644836426, 2.759519338607788, 2.3621628284454346, 2.692126989364624, 2.689279794692993, 2.3953216075897217, 2.6929879188537598, 2.723848581314087, 2.7918944358825684, 2.3273208141326904, 2.6242783069610596, 2.6491189002990723, 2.771127462387085, 2.645259380340576]",sae,Pre-64
1,beta,45,0.018,0.4515599815008028,0.4347157609968581,0.4666089114428369,0.5,0.6289673345145609,0.6779973649538866,30,"[0, 1, 2, 3, 4, 5, 6, 7, 8, 9, 10, 11, 12, 13, 14, 15, 16, 17, 18, 19, 20, 21, 22, 23, 24, 25, 26, 27, 28, 29]","[2.4337880611419678, 2.4792799949645996, 2.3002021312713623, 2.5166208744049072, 2.4950969219207764, 2.4458987712860107, 2.4624111652374268, 2.4519450664520264, 2.0993590354919434, 1.9783180952072144, 2.212482213973999, 2.4956300258636475, 2.3738131523132324, 2.4664175510406494, 2.189870834350586, 2.4238860607147217, 2.277834415435791, 2.395756721496582, 2.375699996948242, 2.4019670486450195, 2.4303243160247803, 2.046114683151245, 2.2173240184783936, 2.366102933883667, 2.411947727203369, 2.325186014175415, 2.052485942840576, 2.114006280899048, 2.318250894546509, 2.470266819000244]",sae,Pre-64
1,beta,45,0.04,0.4515599815008028,0.4347157609968581,0.4519101992097495,0.5,0.6289673345145609,0.6772537973437524,30,"[0, 1, 2, 3, 4, 5, 6, 7, 8, 9, 10, 11, 12, 13, 14, 15, 16, 17, 18, 19, 20, 21, 22, 23, 24, 25, 26, 27, 28, 29]","[1.6923266649246216, 1.694831132888794, 1.5740017890930176, 1.7720940113067627, 1.7730720043182373, 1.6240304708480835, 1.7734886407852173, 1.7625393867492676, 1.6222975254058838, 1.5721590518951416, 1.7056028842926025, 1.7725871801376343, 1.740403652191162, 1.644321084022522, 1.6724342107772827, 1.6789231300354004, 1.700260043144226, 1.620139479637146, 1.6810624599456787, 1.676976203918457, 1.7359440326690674, 1.6175651550292969, 1.7506232261657715, 1.6423267126083374, 1.5826910734176636, 1.7724394798278809, 1.6132761240005493, 1.6263208389282227, 1.5648280382156372, 1.776632308959961]",sae,Pre-64
1,beta,0,0.004,0.4600628296558519,0.4487196928272481,0.450659837024312,0.5,0.6146148452673732,0.7236212316860053,30,"[0, 1, 2, 3, 4, 5, 6, 7, 8, 9, 10, 11, 12, 13, 14, 15, 16, 17, 18, 19, 20, 21, 22, 23, 24, 25, 26, 27, 28, 29]","[2.5702898502349854, 2.4123456478118896, 2.54967999458313, 2.7950620651245117, 2.4646949768066406, 2.5776193141937256, 2.8470187187194824, 2.820638418197632, 2.740752696990967, 2.372173547744751, 2.6824734210968018, 2.3746581077575684, 2.544743061065674, 2.770157814025879, 2.818382740020752, 2.363766670227051, 2.724411725997925, 2.7022011280059814, 2.702185869216919, 2.741173267364502, 2.590172529220581, 2.724424362182617, 2.758906126022339, 2.6621956825256348, 2.7250914573669434, 2.4924051761627197, 2.775062084197998, 2.6990392208099365, 2.840963363647461, 2.437159299850464]",sae,Pre-64
1,beta,45,0.012,0.4515599815008028,0.4347157609968581,0.4677681653834635,0.5,0.6289673345145609,0.6781094301334181,30,"[0, 1, 2, 3, 4, 5, 6, 7, 8, 9, 10, 11, 12, 13, 14, 15, 16, 17, 18, 19, 20, 21, 22, 23, 24, 25, 26, 27, 28, 29]","[2.5865466594696045, 2.632795572280884, 2.453603744506836, 2.6708791255950928, 2.649646520614624, 2.5977256298065186, 2.621588706970215, 2.61039400100708, 2.261517286300659, 2.1441872119903564, 2.3745553493499756, 2.652005195617676, 2.534212350845337, 2.617274761199951, 2.3514750003814697, 2.578401803970337, 2.440364122390747, 2.551173686981201, 2.5286073684692383, 2.556299924850464, 2.5856781005859375, 2.213487386703491, 2.381242275238037, 2.5245940685272217, 2.562540292739868, 2.490082263946533, 2.219735622406006, 2.2747652530670166, 2.4705874919891357, 2.628666877746582]",sae,Pre-64
1,beta,17,0.026,0.4599327030141671,0.4513468217402507,0.4518355735156675,0.5,0.6120635717004715,0.6939580048741998,30,"[0, 1, 2, 3, 4, 5, 6, 7, 8, 9, 10, 11, 12, 13, 14, 15, 16, 17, 18, 19, 20, 21, 22, 23, 24, 25, 26, 27, 28, 29]","[1.8061734437942505, 1.6864116191864014, 1.738032341003418, 1.6909093856811523, 1.845176339149475, 1.6942763328552246, 1.7678669691085815, 1.5802998542785645, 1.7165549993515015, 1.7706663608551025, 1.7833969593048096, 1.8116871118545532, 1.7183442115783691, 1.8232629299163818, 1.705543041229248, 1.6721745729446411, 1.7641996145248413, 1.7447452545166016, 1.7752593755722046, 1.744032382965088, 1.697473406791687, 1.756576418876648, 1.618318796157837, 1.7313662767410278, 1.8057043552398682, 1.7493321895599365, 1.6925963163375854, 1.7462645769119263, 1.7342627048492432, 1.7551589012145996]",sae,Pre-64
1,beta,15,0.022,0.4529015220185267,0.4424399871594601,0.4442730366546745,0.5,0.6161071485640408,0.7113816295995002,30,"[0, 1, 2, 3, 4, 5, 6, 7, 8, 9, 10, 11, 12, 13, 14, 15, 16, 17, 18, 19, 20, 21, 22, 23, 24, 25, 26, 27, 28, 29]","[1.8245341777801514, 1.8568017482757568, 1.901386022567749, 1.8313190937042236, 1.9783143997192383, 1.8287115097045898, 1.8035306930541992, 1.7980632781982422, 1.91572904586792, 1.9222198724746704, 1.8793933391571045, 1.8513586521148682, 2.0073623657226562, 1.9053617715835571, 1.7271249294281006, 1.8871384859085083, 1.7933236360549927, 2.025333881378174, 1.7545899152755737, 1.881160020828247, 1.9313666820526123, 1.9752410650253296, 1.7687468528747559, 1.8691025972366333, 1.9110908508300781, 1.778809905052185, 1.986885905265808, 1.99464750289917, 1.9180961847305298, 1.8295882940292358]",sae,Pre-64
1,beta,7,0.005,0.4564836922581216,0.4420418003909208,0.4617919437853117,0.5,0.6095136152062148,0.6980843318604228,30,"[0, 1, 2, 3, 4, 5, 6, 7, 8, 9, 10, 11, 12, 13, 14, 15, 16, 17, 18, 19, 20, 21, 22, 23, 24, 25, 26, 27, 28, 29]","[2.4815194606781006, 2.5252737998962402, 2.74255108833313, 2.7995071411132812, 2.752347946166992, 2.7242984771728516, 2.7817435264587402, 2.421204090118408, 2.827197313308716, 2.435331106185913, 2.6288774013519287, 2.4567506313323975, 2.7130773067474365, 2.601541042327881, 2.7831687927246094, 2.6054253578186035, 2.5410501956939697, 2.742316246032715, 2.51889967918396, 2.7859952449798584, 2.588404655456543, 2.808424949645996, 2.8283724784851074, 2.6720213890075684, 2.566636323928833, 2.837489128112793, 2.6895053386688232, 2.7633049488067627, 2.7958202362060547, 2.3711633682250977]",sae,Pre-64
1,beta,0,0.022,0.4600628296558519,0.4487196928272481,0.4477766856947871,0.5,0.6146148452673732,0.723637962003927,30,"[0, 1, 2, 3, 4, 5, 6, 7, 8, 9, 10, 11, 12, 13, 14, 15, 16, 17, 18, 19, 20, 21, 22, 23, 24, 25, 26, 27, 28, 29]","[2.1407485008239746, 1.9408130645751953, 2.078456401824951, 2.346256971359253, 2.0032103061676025, 2.109492778778076, 2.4097907543182373, 2.378861665725708, 2.286877393722534, 1.9042845964431763, 2.2323408126831055, 1.906440258026123, 2.0696523189544678, 2.3254942893981934, 2.372345209121704, 1.895159125328064, 2.2755870819091797, 2.2607991695404053, 2.2594454288482666, 2.285128593444824, 2.1398472785949707, 2.2910783290863037, 2.301521062850952, 2.2198050022125244, 2.285386562347412, 2.045825242996216, 2.329223394393921, 2.263716459274292, 2.3988020420074463, 1.9774129390716553]",sae,Pre-64
1,beta,20,0.0151,0.4408022875601419,0.4262939306313442,0.4552295907539868,0.5,0.6176087118064704,0.6532132217335792,30,"[0, 1, 2, 3, 4, 5, 6, 7, 8, 9, 10, 11, 12, 13, 14, 15, 16, 17, 18, 19, 20, 21, 22, 23, 24, 25, 26, 27, 28, 29]","[2.5335681438446045, 2.558305025100708, 2.5335028171539307, 2.5651133060455322, 2.516392230987549, 2.420396566390991, 2.562929630279541, 2.4942209720611572, 2.476684808731079, 2.200063467025757, 2.293325901031494, 2.503091335296631, 2.6367359161376953, 2.5461151599884033, 2.4619269371032715, 2.5612242221832275, 2.5362110137939453, 2.2427146434783936, 2.52876615524292, 2.5607171058654785, 2.142014503479004, 2.172513961791992, 2.2813072204589844, 2.5507099628448486, 2.474156379699707, 2.2727246284484863, 2.1647350788116455, 2.2347629070281982, 2.3880789279937744, 2.5857231616973877]",sae,Pre-64
1,beta,48,0.024,0.4556814132376,0.4510566266980289,0.5097587555754972,0.5,0.5923878577171784,0.5990934622832746,30,"[0, 1, 2, 3, 4, 5, 6, 7, 8, 9, 10, 11, 12, 13, 14, 15, 16, 17, 18, 19, 20, 21, 22, 23, 24, 25, 26, 27, 28, 29]","[2.391622543334961, 2.187368869781494, 2.0783467292785645, 2.2140660285949707, 2.3374738693237305, 2.0086312294006348, 2.0340683460235596, 2.31499981880188, 2.2756967544555664, 2.2485079765319824, 2.079387903213501, 2.3015732765197754, 2.1450235843658447, 1.9958454370498657, 2.0023672580718994, 1.9927669763565063, 2.4118306636810303, 2.3761520385742188, 2.3320775032043457, 2.269162178039551, 1.9848077297210693, 2.3929429054260254, 2.401379108428955, 2.302166700363159, 2.259544849395752, 2.342355728149414, 2.324169397354126, 2.456550121307373, 2.177670955657959, 2.320310592651367]",sae,Pre-64
1,beta,8,0.002,0.4517491928182039,0.4406431065890545,0.4570254627089596,0.5,0.6098144493254953,0.68186441996845,30,"[0, 1, 2, 3, 4, 5, 6, 7, 8, 9, 10, 11, 12, 13, 14, 15, 16, 17, 18, 19, 20, 21, 22, 23, 24, 25, 26, 27, 28, 29]","[2.7115156650543213, 2.727599859237671, 2.5697286128997803, 2.53033447265625, 2.7838947772979736, 2.604053258895874, 2.7483298778533936, 2.7066612243652344, 2.4272031784057617, 2.584182024002075, 2.8686366081237793, 2.783564805984497, 2.362128257751465, 2.4846673011779785, 2.8011786937713623, 2.7522077560424805, 2.5122487545013428, 2.733506441116333, 2.6602866649627686, 2.63046932220459, 2.7062759399414062, 2.693190574645996, 2.8019235134124756, 2.7477540969848633, 2.828016757965088, 2.7874956130981445, 2.5465266704559326, 2.7773098945617676, 2.6134703159332275, 2.707994222640991]",sae,Pre-64
1,beta,7,0.024,0.4564836922581216,0.4420418003909208,0.4448009530943583,0.5,0.6095136152062148,0.7012350921269328,30,"[0, 1, 2, 3, 4, 5, 6, 7, 8, 9, 10, 11, 12, 13, 14, 15, 16, 17, 18, 19, 20, 21, 22, 23, 24, 25, 26, 27, 28, 29]","[1.6449790000915527, 1.7181345224380493, 1.7538764476776123, 1.7370915412902832, 1.737561821937561, 1.69297456741333, 1.753859281539917, 1.673749327659607, 1.812177300453186, 1.6977179050445557, 1.6283735036849976, 1.6739189624786377, 1.614055871963501, 1.6559054851531982, 1.8349697589874268, 1.7372865676879883, 1.6680841445922852, 1.6979950666427612, 1.7611123323440552, 1.7451941967010498, 1.734056830406189, 1.8170137405395508, 1.786433458328247, 1.6642674207687378, 1.8066143989562988, 1.8372870683670044, 1.6560783386230469, 1.668396234512329, 1.799109935760498, 1.6577786207199097]",sae,Pre-64
1,beta,9,0.038,0.448644851968101,0.4348910401892977,0.4533173054369815,0.5,0.6286670530281078,0.6728238191828455,30,"[0, 1, 2, 3, 4, 5, 6, 7, 8, 9, 10, 11, 12, 13, 14, 15, 16, 17, 18, 19, 20, 21, 22, 23, 24, 25, 26, 27, 28, 29]","[1.7274245023727417, 1.60084867477417, 1.7244123220443726, 1.6954669952392578, 1.6067917346954346, 1.4414979219436646, 1.7128640413284302, 1.6276426315307617, 1.7281019687652588, 1.5488651990890503, 1.6650243997573853, 1.6288819313049316, 1.6006109714508057, 1.6499696969985962, 1.761722207069397, 1.6230438947677612, 1.6147795915603638, 1.6912927627563477, 1.732211947441101, 1.5847517251968384, 1.726534366607666, 1.731515645980835, 1.6058167219161987, 1.715038776397705, 1.712986946105957, 1.7119691371917725, 1.5712145566940308, 1.5464187860488892, 1.600239634513855, 1.7429980039596558]",sae,Pre-64
1,beta,26,0.025,0.4502231978181314,0.4442488029476733,0.4822040174057022,0.5,0.5832450787939482,0.648057144629619,30,"[0, 1, 2, 3, 4, 5, 6, 7, 8, 9, 10, 11, 12, 13, 14, 15, 16, 17, 18, 19, 20, 21, 22, 23, 24, 25, 26, 27, 28, 29]","[1.9794026613235474, 2.1995491981506348, 2.3062286376953125, 2.090545177459717, 1.971303939819336, 2.176805257797241, 2.3152408599853516, 2.226233959197998, 2.191300392150879, 1.9597080945968628, 2.273632049560547, 2.3761346340179443, 2.295644760131836, 2.318453073501587, 2.2735586166381836, 2.3343541622161865, 2.0088553428649902, 2.1014463901519775, 2.067396640777588, 2.1511945724487305, 1.8397572040557861, 2.359945774078369, 2.2769792079925537, 2.302926540374756, 2.3239550590515137, 2.3239238262176514, 1.991721510887146, 2.2917659282684326, 2.2967474460601807, 1.8726801872253418]",sae,Pre-64
1,beta,9,0.016,0.448644851968101,0.4348910401892977,0.4729454637433931,0.5,0.6286670530281078,0.6723399014778325,30,"[0, 1, 2, 3, 4, 5, 6, 7, 8, 9, 10, 11, 12, 13, 14, 15, 16, 17, 18, 19, 20, 21, 22, 23, 24, 25, 26, 27, 28, 29]","[2.4560980796813965, 2.1230485439300537, 2.579493761062622, 2.514953851699829, 2.2232556343078613, 2.2921974658966064, 2.446190357208252, 2.5050787925720215, 2.569931745529175, 2.3417508602142334, 2.2424044609069824, 2.3742434978485107, 2.1575417518615723, 2.489828109741211, 2.5468969345092773, 2.228543996810913, 2.4759860038757324, 2.5008692741394043, 2.524009943008423, 2.1754908561706543, 2.552062749862671, 2.543485403060913, 2.1721813678741455, 2.5479729175567627, 2.4441659450531006, 2.55405330657959, 2.512981653213501, 2.4341962337493896, 2.300079107284546, 2.506340265274048]",sae,Pre-64
1,beta,26,0.006,0.4502231978181314,0.4442488029476733,0.4854383333497883,0.5,0.5832450787939482,0.6477454842478572,30,"[0, 1, 2, 3, 4, 5, 6, 7, 8, 9, 10, 11, 12, 13, 14, 15, 16, 17, 18, 19, 20, 21, 22, 23, 24, 25, 26, 27, 28, 29]","[2.4845690727233887, 2.689359426498413, 2.8029165267944336, 2.574815034866333, 2.4792792797088623, 2.6770191192626953, 2.7983250617980957, 2.701482057571411, 2.6968982219696045, 2.466400146484375, 2.742737054824829, 2.869386672973633, 2.7953133583068848, 2.8048954010009766, 2.7763471603393555, 2.811171770095825, 2.5204827785491943, 2.589040994644165, 2.5741381645202637, 2.654693126678467, 2.359748601913452, 2.8443338871002197, 2.7622711658477783, 2.7851579189300537, 2.8186545372009277, 2.8129072189331055, 2.4989428520202637, 2.7764015197753906, 2.7669267654418945, 2.398812770843506]",sae,Pre-64
1,beta,44,0.029,0.4469012312759677,0.43811650775401,0.4679409356361156,0.5,0.5982762074796864,0.623492307601657,30,"[0, 1, 2, 3, 4, 5, 6, 7, 8, 9, 10, 11, 12, 13, 14, 15, 16, 17, 18, 19, 20, 21, 22, 23, 24, 25, 26, 27, 28, 29]","[1.7824376821517944, 1.7796955108642578, 1.7668707370758057, 1.7010633945465088, 1.76908278465271, 1.8691149950027466, 1.8845096826553345, 1.7256687879562378, 1.8041496276855469, 1.909283995628357, 1.7955763339996338, 1.777090072631836, 1.786758542060852, 1.7065813541412354, 1.891298532485962, 1.8797814846038818, 1.6914807558059692, 1.662175178527832, 1.8004965782165527, 1.7966063022613525, 1.7070027589797974, 1.7096871137619019, 1.823492407798767, 1.809303879737854, 1.8497588634490967, 1.7594503164291382, 1.732405662536621, 1.7886664867401123, 1.8119630813598633, 1.7806501388549805]",sae,Pre-64
1,beta,7,0.0151,0.4564836922581216,0.4420418003909208,0.4600242036692222,0.5,0.6095136152062148,0.6978204169855025,30,"[0, 1, 2, 3, 4, 5, 6, 7, 8, 9, 10, 11, 12, 13, 14, 15, 16, 17, 18, 19, 20, 21, 22, 23, 24, 25, 26, 27, 28, 29]","[2.2132153511047363, 2.251786708831787, 2.4870107173919678, 2.5427770614624023, 2.49464750289917, 2.470505952835083, 2.5230894088745117, 2.151207447052002, 2.5662930011749268, 2.1554017066955566, 2.372593402862549, 2.1922168731689453, 2.457064628601074, 2.344482421875, 2.515934705734253, 2.338502883911133, 2.2778375148773193, 2.484600067138672, 2.2554454803466797, 2.529827833175659, 2.3189570903778076, 2.5555105209350586, 2.5714199542999268, 2.41715145111084, 2.2972841262817383, 2.5767719745635986, 2.4333088397979736, 2.5118253231048584, 2.5351898670196533, 2.1030287742614746]",sae,Pre-64
1,beta,8,0.02,0.4517491928182039,0.4406431065890545,0.4559915731732669,0.5,0.6098144493254953,0.6790475584134463,30,"[0, 1, 2, 3, 4, 5, 6, 7, 8, 9, 10, 11, 12, 13, 14, 15, 16, 17, 18, 19, 20, 21, 22, 23, 24, 25, 26, 27, 28, 29]","[2.248994827270508, 2.247997760772705, 2.090545415878296, 2.032514810562134, 2.313629150390625, 2.1285195350646973, 2.293966293334961, 2.2478275299072266, 1.941502571105957, 2.094536542892456, 2.411311149597168, 2.320612668991089, 1.8624992370605469, 2.021575450897217, 2.344135284423828, 2.2983591556549072, 2.0416460037231445, 2.270282745361328, 2.2065374851226807, 2.154841423034668, 2.2524232864379883, 2.2407143115997314, 2.342524290084839, 2.285295248031616, 2.369652032852173, 2.3272361755371094, 2.070662021636963, 2.3133528232574463, 2.1373257637023926, 2.2368364334106445]",sae,Pre-64
1,beta,4,0.026,0.4589558369307028,0.4477177462853796,0.4722370306276779,0.5,0.61034827708266,0.6541083768102559,30,"[0, 1, 2, 3, 4, 5, 6, 7, 8, 9, 10, 11, 12, 13, 14, 15, 16, 17, 18, 19, 20, 21, 22, 23, 24, 25, 26, 27, 28, 29]","[1.8370814323425293, 1.8444818258285522, 1.6802783012390137, 1.8498156070709229, 1.6906707286834717, 1.729217529296875, 1.845799446105957, 1.703463077545166, 1.7018156051635742, 1.8397364616394043, 1.7994589805603027, 1.7192373275756836, 1.8459492921829224, 1.6689770221710205, 1.6804081201553345, 1.7347502708435059, 1.7716479301452637, 1.7840659618377686, 1.7321960926055908, 1.7831668853759766, 1.7507563829421997, 1.7926077842712402, 1.723388671875, 1.7041932344436646, 1.7735437154769897, 1.7590769529342651, 1.694367527961731, 1.729871153831482, 1.8088665008544922, 1.6992827653884888]",sae,Pre-64
1,beta,41,0.032,0.4543678569363413,0.4427951465832617,0.4596851599327083,0.5,0.6190905384235713,0.6771003669606643,30,"[0, 1, 2, 3, 4, 5, 6, 7, 8, 9, 10, 11, 12, 13, 14, 15, 16, 17, 18, 19, 20, 21, 22, 23, 24, 25, 26, 27, 28, 29]","[1.6781229972839355, 1.8218485116958618, 1.7728503942489624, 1.6629523038864136, 1.6923086643218994, 1.8709734678268433, 1.6994916200637817, 1.7914433479309082, 1.723610520362854, 1.8351130485534668, 1.8443149328231812, 1.7799407243728638, 1.7791929244995117, 1.8230561017990112, 1.850872278213501, 1.713968276977539, 1.7955273389816284, 1.8004800081253052, 1.8524448871612549, 1.8050272464752197, 1.7105555534362793, 1.7640705108642578, 1.7426100969314575, 1.7872514724731445, 1.7320657968521118, 1.6868809461593628, 1.8183693885803223, 1.8354990482330322, 1.7916979789733887, 1.676789402961731]",sae,Pre-64
1,beta,38,0.028,0.4455661720406026,0.4298851252298221,0.4515519956007143,0.5,0.6303640517897944,0.6565635948210206,30,"[0, 1, 2, 3, 4, 5, 6, 7, 8, 9, 10, 11, 12, 13, 14, 15, 16, 17, 18, 19, 20, 21, 22, 23, 24, 25, 26, 27, 28, 29]","[1.791416883468628, 1.8190908432006836, 1.7434051036834717, 1.9252570867538452, 1.847088098526001, 1.7885539531707764, 1.9184484481811523, 1.826582908630371, 1.7938306331634521, 1.8434776067733765, 1.7647345066070557, 1.9143991470336914, 1.883437991142273, 1.7725391387939453, 1.9245316982269287, 1.8386375904083252, 1.7793805599212646, 1.8669687509536743, 1.739026665687561, 1.8630709648132324, 1.827736496925354, 1.8079569339752197, 1.8699030876159668, 1.7387629747390747, 1.8194693326950073, 1.9209978580474854, 1.7829561233520508, 1.8809915781021118, 1.8127071857452393, 1.8947697877883911]",sae,Pre-64
1,beta,41,0.015,0.4543678569363413,0.4427951465832617,0.4719647164350812,0.5,0.6190905384235713,0.6754637080910177,30,"[0, 1, 2, 3, 4, 5, 6, 7, 8, 9, 10, 11, 12, 13, 14, 15, 16, 17, 18, 19, 20, 21, 22, 23, 24, 25, 26, 27, 28, 29]","[2.084480047225952, 2.546919345855713, 2.399186134338379, 2.3663668632507324, 2.2210309505462646, 2.575662136077881, 2.4128575325012207, 2.5392534732818604, 2.4053189754486084, 2.532721757888794, 2.561591148376465, 2.496717929840088, 2.216569185256958, 2.3517062664031982, 2.5279510021209717, 2.1280462741851807, 2.4483509063720703, 2.5263702869415283, 2.442514181137085, 2.3302834033966064, 2.2687511444091797, 2.5140795707702637, 2.4489848613739014, 2.3073039054870605, 2.450714588165283, 2.091032028198242, 2.251642942428589, 2.539642095565796, 2.2899935245513916, 2.252570152282715]",sae,Pre-64
1,beta,40,0.025,0.44666181227492,0.4340193094910912,0.4545602922022742,0.5,0.6093636266731638,0.6672189313070095,30,"[0, 1, 2, 3, 4, 5, 6, 7, 8, 9, 10, 11, 12, 13, 14, 15, 16, 17, 18, 19, 20, 21, 22, 23, 24, 25, 26, 27, 28, 29]","[2.2953288555145264, 2.233311891555786, 2.1749041080474854, 1.9363596439361572, 2.290344476699829, 2.256619453430176, 2.1305887699127197, 2.2221405506134033, 2.242453098297119, 2.149679660797119, 1.7930392026901245, 1.847856879234314, 2.098097562789917, 2.121877431869507, 2.104947328567505, 2.264010190963745, 2.227992296218872, 1.818367600440979, 1.9587525129318237, 2.0484726428985596, 2.0911896228790283, 2.117252826690674, 2.1745645999908447, 1.8413207530975342, 2.2606678009033203, 1.7776437997817993, 2.235976457595825, 2.2015182971954346, 2.2982664108276367, 2.1631453037261963]",sae,Pre-64
1,beta,27,0.032,0.4609757262074365,0.4537266978541116,0.4680980440076901,0.5,0.5914172664146189,0.6592982364453296,30,"[0, 1, 2, 3, 4, 5, 6, 7, 8, 9, 10, 11, 12, 13, 14, 15, 16, 17, 18, 19, 20, 21, 22, 23, 24, 25, 26, 27, 28, 29]","[1.746111273765564, 1.8809351921081543, 1.7467033863067627, 1.7644325494766235, 1.8400410413742065, 1.7734929323196411, 1.8649252653121948, 1.7189123630523682, 1.8615400791168213, 1.8672583103179932, 1.7379546165466309, 1.8873862028121948, 1.7586716413497925, 1.720397710800171, 1.7282110452651978, 1.6784576177597046, 1.7990795373916626, 1.8257882595062256, 1.7985742092132568, 1.8217087984085083, 1.859385371208191, 1.745391845703125, 1.7532494068145752, 1.7611253261566162, 1.736084222793579, 1.8963069915771484, 1.7505112886428833, 1.8087575435638428, 1.6862584352493286, 1.8087047338485718]",sae,Pre-64
1,beta,6,0.034,0.4540822999211705,0.4457917896713532,0.45214298319153,0.5,0.5933447799067053,0.6652591433303451,30,"[0, 1, 2, 3, 4, 5, 6, 7, 8, 9, 10, 11, 12, 13, 14, 15, 16, 17, 18, 19, 20, 21, 22, 23, 24, 25, 26, 27, 28, 29]","[1.6745076179504395, 1.7189607620239258, 1.6016391515731812, 1.7368488311767578, 1.5909805297851562, 1.638467788696289, 1.616422414779663, 1.6691917181015015, 1.5727500915527344, 1.697986364364624, 1.6192363500595093, 1.5795396566390991, 1.6205759048461914, 1.5746746063232422, 1.3876844644546509, 1.7153308391571045, 1.59709894657135, 1.662937045097351, 1.6540809869766235, 1.6514142751693726, 1.6391948461532593, 1.5837905406951904, 1.7132028341293335, 1.6224675178527832, 1.5825411081314087, 1.661692500114441, 1.627357840538025, 1.5685254335403442, 1.6274844408035278, 1.6735478639602661]",sae,Pre-64
1,beta,22,0.03,0.4519005213187685,0.4442985770479847,0.4519934996405457,0.5,0.5939599289403404,0.6795094648172332,30,"[0, 1, 2, 3, 4, 5, 6, 7, 8, 9, 10, 11, 12, 13, 14, 15, 16, 17, 18, 19, 20, 21, 22, 23, 24, 25, 26, 27, 28, 29]","[1.6755151748657227, 1.6940053701400757, 1.7004584074020386, 1.806773066520691, 1.8027498722076416, 1.6848154067993164, 1.7170881032943726, 1.723423957824707, 1.7402057647705078, 1.7838398218154907, 1.7234233617782593, 1.7959153652191162, 1.6821386814117432, 1.8008995056152344, 1.6127275228500366, 1.7968536615371704, 1.7894058227539062, 1.7257939577102661, 1.6576529741287231, 1.6152827739715576, 1.7793872356414795, 1.764455795288086, 1.753337025642395, 1.7165849208831787, 1.80673348903656, 1.8048512935638428, 1.6602157354354858, 1.6623786687850952, 1.8107792139053345, 1.66136634349823]",sae,Pre-64
1,beta,40,0.006,0.44666181227492,0.4340193094910912,0.4578854655684731,0.5,0.6093636266731638,0.6664910383894989,30,"[0, 1, 2, 3, 4, 5, 6, 7, 8, 9, 10, 11, 12, 13, 14, 15, 16, 17, 18, 19, 20, 21, 22, 23, 24, 25, 26, 27, 28, 29]","[2.753455400466919, 2.7018797397613525, 2.6286678314208984, 2.4098823070526123, 2.73681378364563, 2.710387945175171, 2.60103440284729, 2.676727294921875, 2.7010772228240967, 2.6229007244110107, 2.293938398361206, 2.3424882888793945, 2.538374662399292, 2.5999724864959717, 2.565875768661499, 2.7262191772460938, 2.6925930976867676, 2.3096377849578857, 2.43045973777771, 2.529782295227051, 2.5465455055236816, 2.586286783218384, 2.6497020721435547, 2.3287298679351807, 2.7243762016296387, 2.2754147052764893, 2.702629327774048, 2.6733157634735107, 2.76285982131958, 2.6185600757598877]",sae,Pre-64
1,beta,24,0.038,0.4501416387440968,0.4383559369047743,0.453609257116628,0.5,0.6188330126613704,0.645225608242304,30,"[0, 1, 2, 3, 4, 5, 6, 7, 8, 9, 10, 11, 12, 13, 14, 15, 16, 17, 18, 19, 20, 21, 22, 23, 24, 25, 26, 27, 28, 29]","[1.7345249652862549, 1.5820543766021729, 1.6367990970611572, 1.735858678817749, 1.7283560037612915, 1.5949875116348267, 1.6499205827713013, 1.6347408294677734, 1.7023429870605469, 1.6067986488342285, 1.6836572885513306, 1.6071571111679077, 1.7367892265319824, 1.728379726409912, 1.6465892791748047, 1.594095230102539, 1.7421375513076782, 1.5437804460525513, 1.6129331588745117, 1.7390567064285278, 1.713457703590393, 1.7205842733383179, 1.6006003618240356, 1.68988835811615, 1.5673044919967651, 1.5523324012756348, 1.6979044675827026, 1.5662894248962402, 1.7363930940628052, 1.6327250003814697]",sae,Pre-64
1,beta,26,0.035,0.4502231978181314,0.4442488029476733,0.4657278229004306,0.5,0.5832450787939482,0.6464693014523964,30,"[0, 1, 2, 3, 4, 5, 6, 7, 8, 9, 10, 11, 12, 13, 14, 15, 16, 17, 18, 19, 20, 21, 22, 23, 24, 25, 26, 27, 28, 29]","[1.5880664587020874, 1.5918830633163452, 1.76776921749115, 1.539383053779602, 1.6168663501739502, 1.663243055343628, 1.6647658348083496, 1.5649114847183228, 1.6789344549179077, 1.6215242147445679, 1.5377240180969238, 1.7763121128082275, 1.7062679529190063, 1.6581065654754639, 1.738964319229126, 1.6216288805007935, 1.6670539379119873, 1.5238975286483765, 1.6820242404937744, 1.6195580959320068, 1.5820600986480713, 1.7465083599090576, 1.635114073753357, 1.668194055557251, 1.7566279172897339, 1.7339158058166504, 1.606050729751587, 1.667328119277954, 1.4951249361038208, 1.5701419115066528]",sae,Pre-64
1,beta,15,0.015,0.4529015220185267,0.4424399871594601,0.452403101873304,0.5,0.6161071485640408,0.7122416072284605,30,"[0, 1, 2, 3, 4, 5, 6, 7, 8, 9, 10, 11, 12, 13, 14, 15, 16, 17, 18, 19, 20, 21, 22, 23, 24, 25, 26, 27, 28, 29]","[2.405230760574341, 2.443031072616577, 2.4717302322387695, 2.3360748291015625, 2.4886932373046875, 2.1478383541107178, 2.162287712097168, 2.0776968002319336, 2.3950817584991455, 2.3322386741638184, 2.489187240600586, 2.3028204441070557, 2.4238057136535645, 2.3213212490081787, 2.0819215774536133, 2.4599852561950684, 2.2373435497283936, 2.576202869415283, 2.2670257091522217, 2.464447021484375, 2.38863468170166, 2.541584014892578, 2.069394826889038, 2.4325215816497803, 2.425234794616699, 2.4133574962615967, 2.552354335784912, 2.589454174041748, 2.3438589572906494, 2.2705841064453125]",sae,Pre-64
1,beta,27,0.004,0.4609757262074365,0.4537266978541116,0.4839358030612403,0.5,0.5914172664146189,0.659439892946194,30,"[0, 1, 2, 3, 4, 5, 6, 7, 8, 9, 10, 11, 12, 13, 14, 15, 16, 17, 18, 19, 20, 21, 22, 23, 24, 25, 26, 27, 28, 29]","[2.6823554039001465, 2.8581135272979736, 2.499885082244873, 2.6951353549957275, 2.822188138961792, 2.727418899536133, 2.7736451625823975, 2.493297815322876, 2.7877278327941895, 2.8171868324279785, 2.519245147705078, 2.8127057552337646, 2.5050466060638428, 2.480154037475586, 2.541351556777954, 2.4701759815216064, 2.790631055831909, 2.8129770755767822, 2.784008264541626, 2.634573459625244, 2.855191469192505, 2.4841785430908203, 2.774463415145874, 2.76181960105896, 2.498842477798462, 2.8525500297546387, 2.655757188796997, 2.799689769744873, 2.685826063156128, 2.7294459342956543]",sae,Pre-64
1,beta,46,0.012,0.4545712902572906,0.4417269056853911,0.4778056892323767,0.5,0.6270377926330811,0.687101975527242,30,"[0, 1, 2, 3, 4, 5, 6, 7, 8, 9, 10, 11, 12, 13, 14, 15, 16, 17, 18, 19, 20, 21, 22, 23, 24, 25, 26, 27, 28, 29]","[2.425112724304199, 2.59228515625, 2.6477696895599365, 2.515702724456787, 2.3731956481933594, 2.3379125595092773, 2.322179079055786, 2.6763408184051514, 2.6449098587036133, 2.755305051803589, 2.5350193977355957, 2.579025983810425, 2.6936354637145996, 2.5395190715789795, 2.444575071334839, 2.6682403087615967, 2.546325206756592, 2.652864456176758, 2.7224934101104736, 2.5677688121795654, 2.6108789443969727, 2.665621042251587, 2.625727415084839, 2.409576654434204, 2.2937870025634766, 2.3869471549987793, 2.6469051837921143, 2.313709259033203, 2.6462438106536865, 2.65720534324646]",sae,Pre-64
1,beta,38,0.01,0.4455661720406026,0.4298851252298221,0.4689364062650754,0.5,0.6303640517897944,0.6510997715156132,30,"[0, 1, 2, 3, 4, 5, 6, 7, 8, 9, 10, 11, 12, 13, 14, 15, 16, 17, 18, 19, 20, 21, 22, 23, 24, 25, 26, 27, 28, 29]","[2.65415358543396, 2.7042253017425537, 2.3282649517059326, 2.763295888900757, 2.4643731117248535, 2.661834239959717, 2.771770477294922, 2.3527021408081055, 2.646392822265625, 2.5618896484375, 2.336121082305908, 2.6494300365448, 2.7122161388397217, 2.255753517150879, 2.758871078491211, 2.4599664211273193, 2.645285129547119, 2.687546730041504, 2.42627215385437, 2.7035043239593506, 2.4859883785247803, 2.6192948818206787, 2.653836965560913, 2.2959601879119873, 2.432471990585327, 2.731048107147217, 2.625352144241333, 2.716402292251587, 2.498961925506592, 2.683537721633911]",sae,Pre-64
1,beta,13,0.025,0.4619123366083722,0.4531466051409948,0.4474884877242505,0.5,0.6127276801885291,0.7129048489555218,30,"[0, 1, 2, 3, 4, 5, 6, 7, 8, 9, 10, 11, 12, 13, 14, 15, 16, 17, 18, 19, 20, 21, 22, 23, 24, 25, 26, 27, 28, 29]","[1.9268306493759155, 1.839910626411438, 1.914760708808899, 1.8143595457077026, 1.8091483116149902, 1.915693998336792, 1.8589802980422974, 1.837263584136963, 1.829623818397522, 1.822585105895996, 1.9388295412063599, 1.7846342325210571, 1.904919981956482, 1.7876546382904053, 1.9244271516799927, 1.771059274673462, 1.8323590755462646, 1.839606761932373, 1.8874095678329468, 1.7945269346237183, 1.8303916454315186, 1.7623356580734253, 1.9067171812057495, 1.7743303775787354, 1.766180157661438, 1.7711126804351807, 1.8033595085144043, 1.7482064962387085, 1.8782243728637695, 1.813238501548767]",sae,Pre-64
1,beta,27,0.015,0.4609757262074365,0.4537266978541116,0.4823313330808991,0.5,0.5914172664146189,0.6595664210828882,30,"[0, 1, 2, 3, 4, 5, 6, 7, 8, 9, 10, 11, 12, 13, 14, 15, 16, 17, 18, 19, 20, 21, 22, 23, 24, 25, 26, 27, 28, 29]","[2.4053146839141846, 2.581411838531494, 2.2128067016601562, 2.416137456893921, 2.543057441711426, 2.445148229598999, 2.4940528869628906, 2.205737590789795, 2.50496506690979, 2.537240982055664, 2.2333743572235107, 2.5285868644714355, 2.219463586807251, 2.192613363265991, 2.256333351135254, 2.191333532333374, 2.5127575397491455, 2.5342535972595215, 2.50754451751709, 2.348551034927368, 2.578770875930786, 2.18829083442688, 2.499283790588379, 2.4835855960845947, 2.2157740592956543, 2.5687782764434814, 2.372036933898926, 2.524186372756958, 2.409632444381714, 2.453059673309326]",sae,Pre-64
1,beta,27,0.022,0.4609757262074365,0.4537266978541116,0.4811648312050158,0.5,0.5914172664146189,0.659149703415297,30,"[0, 1, 2, 3, 4, 5, 6, 7, 8, 9, 10, 11, 12, 13, 14, 15, 16, 17, 18, 19, 20, 21, 22, 23, 24, 25, 26, 27, 28, 29]","[2.2347395420074463, 2.4098989963531494, 2.0387930870056152, 2.242063522338867, 2.373239278793335, 2.266061544418335, 2.3202011585235596, 2.02728271484375, 2.33003830909729, 2.3624508380889893, 2.0566439628601074, 2.354224443435669, 2.045546770095825, 2.0162765979766846, 2.0777535438537598, 2.019867181777954, 2.340933084487915, 2.361149549484253, 2.3332347869873047, 2.1747944355010986, 2.4066765308380127, 2.0059897899627686, 2.326458215713501, 2.3092200756073, 2.0432372093200684, 2.3929574489593506, 2.1986801624298096, 2.353677988052368, 2.2374799251556396, 2.2800967693328857]",sae,Pre-64
1,beta,11,0.01,0.4566976193509867,0.4496008864727478,0.4512382557574378,0.5,0.5995106990682213,0.7152368076040642,30,"[0, 1, 2, 3, 4, 5, 6, 7, 8, 9, 10, 11, 12, 13, 14, 15, 16, 17, 18, 19, 20, 21, 22, 23, 24, 25, 26, 27, 28, 29]","[2.358079671859741, 2.5749411582946777, 2.57470965385437, 2.593428134918213, 2.536872625350952, 2.5358920097351074, 2.5787248611450195, 2.2962582111358643, 2.621115207672119, 2.580216407775879, 2.587190628051758, 2.6135871410369873, 2.658090353012085, 2.59108304977417, 2.4074137210845947, 2.5965332984924316, 2.416504383087158, 2.2494335174560547, 2.2336623668670654, 2.4397037029266357, 2.26741886138916, 2.6234424114227295, 2.5863051414489746, 2.434133768081665, 2.255841016769409, 2.517491579055786, 2.6189968585968018, 2.291539192199707, 2.5681509971618652, 2.234970808029175]",sae,Pre-64
1,beta,16,0.022,0.4519396108125126,0.4401978349795346,0.445597691147257,0.5,0.6159012314439947,0.7221976214574899,30,"[0, 1, 2, 3, 4, 5, 6, 7, 8, 9, 10, 11, 12, 13, 14, 15, 16, 17, 18, 19, 20, 21, 22, 23, 24, 25, 26, 27, 28, 29]","[2.268995523452759, 1.9462668895721436, 2.2424421310424805, 2.2351956367492676, 2.359147071838379, 2.1666271686553955, 2.238450288772583, 2.210926055908203, 1.865386724472046, 2.1163322925567627, 2.2986645698547363, 1.9233471155166626, 2.2188591957092285, 2.0612194538116455, 2.1109704971313477, 2.012113332748413, 1.9021363258361816, 2.2783868312835693, 2.0307352542877197, 2.2706570625305176, 1.9837262630462646, 2.237278699874878, 1.9649558067321777, 2.232593297958374, 2.2283236980438232, 2.2238619327545166, 2.1155202388763428, 1.8666388988494873, 2.059473991394043, 2.038674831390381]",sae,Pre-64
1,beta,39,0.035,0.4461088087810431,0.4292341094433316,0.4424094724727083,0.5,0.6205127278095635,0.6706963613739828,30,"[0, 1, 2, 3, 4, 5, 6, 7, 8, 9, 10, 11, 12, 13, 14, 15, 16, 17, 18, 19, 20, 21, 22, 23, 24, 25, 26, 27, 28, 29]","[1.600713849067688, 1.7623324394226074, 1.677680253982544, 1.7291154861450195, 1.6161017417907715, 1.6072043180465698, 1.6636956930160522, 1.664255142211914, 1.5982441902160645, 1.7676668167114258, 1.674318790435791, 1.6201927661895752, 1.6829098463058472, 1.5881171226501465, 1.6868152618408203, 1.7528271675109863, 1.7644165754318237, 1.7250982522964478, 1.610300898551941, 1.639840006828308, 1.5900826454162598, 1.6362990140914917, 1.6894422769546509, 1.6968846321105957, 1.7155383825302124, 1.612817645072937, 1.5825408697128296, 1.6163898706436157, 1.7559417486190796, 1.6151323318481445]",sae,Pre-64
1,beta,39,0.0155,0.4461088087810431,0.4292341094433316,0.4570126815023437,0.5,0.6205127278095635,0.6746326575497648,30,"[0, 1, 2, 3, 4, 5, 6, 7, 8, 9, 10, 11, 12, 13, 14, 15, 16, 17, 18, 19, 20, 21, 22, 23, 24, 25, 26, 27, 28, 29]","[2.104219436645508, 2.4108686447143555, 2.534438371658325, 2.5474748611450195, 2.2136778831481934, 2.089031934738159, 2.3233563899993896, 2.444932699203491, 2.12860369682312, 2.497445821762085, 2.4296505451202393, 2.5104098320007324, 2.2170193195343018, 2.2700374126434326, 2.4687585830688477, 2.5957605838775635, 2.5680322647094727, 2.5271663665771484, 2.121833562850952, 2.4590229988098145, 2.4610559940338135, 2.150296211242676, 2.455173969268799, 2.486440658569336, 2.5589599609375, 2.075573205947876, 2.3922598361968994, 2.4185009002685547, 2.5360469818115234, 2.414885997772217]",sae,Pre-64
1,beta,18,0.026,0.4575117633693479,0.4471831599677374,0.4268553772880196,0.5,0.6052065040104606,0.7328149817442795,30,"[0, 1, 2, 3, 4, 5, 6, 7, 8, 9, 10, 11, 12, 13, 14, 15, 16, 17, 18, 19, 20, 21, 22, 23, 24, 25, 26, 27, 28, 29]","[1.5449179410934448, 1.7054282426834106, 1.7353769540786743, 1.6018602848052979, 1.6284892559051514, 1.6345303058624268, 1.8318761587142944, 1.6017189025878906, 1.7265974283218384, 1.5960901975631714, 1.8062236309051514, 1.6912791728973389, 1.7323306798934937, 1.7105294466018677, 1.634525179862976, 1.6086139678955078, 1.6945232152938843, 1.6347832679748535, 1.61275315284729, 1.5636553764343262, 1.8290531635284424, 1.6308250427246094, 1.7705196142196655, 1.7160032987594604, 1.70949387550354, 1.6377315521240234, 1.718918800354004, 1.76192045211792, 1.7060668468475342, 1.6631087064743042]",sae,Pre-64
1,beta,17,0.012,0.4599327030141671,0.4513468217402507,0.4647939318720415,0.5,0.6120635717004715,0.6911256601390505,30,"[0, 1, 2, 3, 4, 5, 6, 7, 8, 9, 10, 11, 12, 13, 14, 15, 16, 17, 18, 19, 20, 21, 22, 23, 24, 25, 26, 27, 28, 29]","[2.531864881515503, 2.479982852935791, 2.5363545417785645, 2.378300666809082, 2.5343892574310303, 2.2349534034729004, 2.2895920276641846, 2.1612696647644043, 2.5080864429473877, 2.4276604652404785, 2.57303786277771, 2.590869188308716, 2.3327040672302246, 2.5876173973083496, 2.4672935009002686, 2.14945125579834, 2.2360446453094482, 2.5043232440948486, 2.4920670986175537, 2.321928024291992, 2.438081741333008, 2.4744553565979004, 2.43168568611145, 2.529175281524658, 2.5183393955230713, 2.564117908477783, 2.330906629562378, 2.5739006996154785, 2.52689790725708, 2.293198347091675]",sae,Pre-64
1,beta,15,0.004,0.4529015220185267,0.4424399871594601,0.4539228682504348,0.5,0.6161071485640408,0.7122343439038917,30,"[0, 1, 2, 3, 4, 5, 6, 7, 8, 9, 10, 11, 12, 13, 14, 15, 16, 17, 18, 19, 20, 21, 22, 23, 24, 25, 26, 27, 28, 29]","[2.6740777492523193, 2.7123584747314453, 2.7398178577423096, 2.6120493412017822, 2.7647836208343506, 2.4351511001586914, 2.449181318283081, 2.367030143737793, 2.6726040840148926, 2.611898422241211, 2.758906126022339, 2.5814805030822754, 2.7051103115081787, 2.6037111282348633, 2.3628079891204834, 2.7291696071624756, 2.515794515609741, 2.8484766483306885, 2.540046215057373, 2.7361061573028564, 2.6583704948425293, 2.814053773880005, 2.3606910705566406, 2.7059905529022217, 2.69823956489563, 2.679687738418579, 2.8258841037750244, 2.860611915588379, 2.625765323638916, 2.5442819595336914]",sae,Pre-64
1,beta,3,0.029,0.4557259332451328,0.444824285747971,0.4765665960917559,0.5,0.6042731979176,0.6517616860386128,30,"[0, 1, 2, 3, 4, 5, 6, 7, 8, 9, 10, 11, 12, 13, 14, 15, 16, 17, 18, 19, 20, 21, 22, 23, 24, 25, 26, 27, 28, 29]","[1.80050528049469, 1.7716153860092163, 1.7922571897506714, 1.8493350744247437, 1.7931995391845703, 1.9011147022247314, 1.7759617567062378, 1.8960111141204834, 1.6506762504577637, 1.869865894317627, 1.7874813079833984, 1.8995798826217651, 1.8061778545379639, 1.8748451471328735, 1.8822426795959473, 1.7948567867279053, 1.7446163892745972, 1.8396567106246948, 1.8309475183486938, 1.773980736732483, 1.6959692239761353, 1.7410953044891357, 1.7499895095825195, 1.8874887228012085, 1.8668808937072754, 1.8081053495407104, 1.781290888786316, 1.8027161359786987, 1.8797826766967773, 1.8150238990783691]",sae,Pre-64
1,beta,3,0.012,0.4557259332451328,0.444824285747971,0.4920077676944926,0.5,0.6042731979176,0.651810826513888,30,"[0, 1, 2, 3, 4, 5, 6, 7, 8, 9, 10, 11, 12, 13, 14, 15, 16, 17, 18, 19, 20, 21, 22, 23, 24, 25, 26, 27, 28, 29]","[2.4735500812530518, 2.316762924194336, 2.518842935562134, 2.474135160446167, 2.54677152633667, 2.498995780944824, 2.5603623390197754, 2.603656053543091, 2.474064588546753, 2.617143392562866, 2.5330421924591064, 2.6180622577667236, 2.5475335121154785, 2.6147143840789795, 2.6160008907318115, 2.322446346282959, 2.2100515365600586, 2.5198373794555664, 2.4537172317504883, 2.2962496280670166, 2.4887382984161377, 2.233090877532959, 2.2746200561523438, 2.6161158084869385, 2.5839836597442627, 2.5771658420562744, 2.3322763442993164, 2.542905807495117, 2.5997402667999268, 2.6318447589874268]",sae,Pre-64
1,beta,33,0.0159,0.4492211383258522,0.4377959816952598,0.4592556902294631,0.5,0.6165210074526608,0.6819990666496967,30,"[0, 1, 2, 3, 4, 5, 6, 7, 8, 9, 10, 11, 12, 13, 14, 15, 16, 17, 18, 19, 20, 21, 22, 23, 24, 25, 26, 27, 28, 29]","[2.449387550354004, 2.4293153285980225, 2.2596185207366943, 2.256057024002075, 2.1947391033172607, 2.5232067108154297, 2.1071696281433105, 2.4830143451690674, 2.350419759750366, 2.450334072113037, 2.1808648109436035, 2.4375736713409424, 2.4575917720794678, 2.0572633743286133, 2.4847187995910645, 2.4391961097717285, 2.457994222640991, 2.3264212608337402, 2.4224283695220947, 2.40262508392334, 2.4359774589538574, 2.1250925064086914, 2.4782965183258057, 2.4082062244415283, 2.471229076385498, 2.420646905899048, 2.3825135231018066, 2.1420369148254395, 2.212212085723877, 2.1257317066192627]",sae,Pre-64
1,beta,12,0.0155,0.4455148672091349,0.4361346773072694,0.4349802890784239,0.5,0.5892778403611032,0.7249081115780192,30,"[0, 1, 2, 3, 4, 5, 6, 7, 8, 9, 10, 11, 12, 13, 14, 15, 16, 17, 18, 19, 20, 21, 22, 23, 24, 25, 26, 27, 28, 29]","[2.283897876739502, 2.4870591163635254, 2.14670991897583, 2.4501543045043945, 2.5346765518188477, 2.602785110473633, 2.5409882068634033, 2.508429527282715, 2.3783183097839355, 2.085698366165161, 2.0861051082611084, 2.547353982925415, 2.423959493637085, 2.4370644092559814, 2.330989122390747, 2.5969245433807373, 2.2686879634857178, 2.382063388824463, 2.3381874561309814, 2.587602138519287, 2.4245073795318604, 2.304917097091675, 2.109876871109009, 2.5852112770080566, 2.588118314743042, 2.560188055038452, 2.453057289123535, 2.3793017864227295, 2.255889654159546, 2.5066511631011963]",sae,Pre-64
1,beta,4,0.008,0.4589558369307028,0.4477177462853796,0.4898497756027669,0.5,0.61034827708266,0.6507456484602243,30,"[0, 1, 2, 3, 4, 5, 6, 7, 8, 9, 10, 11, 12, 13, 14, 15, 16, 17, 18, 19, 20, 21, 22, 23, 24, 25, 26, 27, 28, 29]","[2.6117639541625977, 2.6828768253326416, 2.3623411655426025, 2.724529504776001, 2.611292600631714, 2.6390163898468018, 2.6865296363830566, 2.597316026687622, 2.242506742477417, 2.750807046890259, 2.479220390319824, 2.5982062816619873, 2.7470877170562744, 2.3002984523773193, 2.3576648235321045, 2.522435426712036, 2.6675007343292236, 2.4493212699890137, 2.6494929790496826, 2.39939022064209, 2.627129554748535, 2.4788095951080322, 2.332894802093506, 2.575589656829834, 2.6814045906066895, 2.689650774002075, 2.6220381259918213, 2.6392557621002197, 2.7075045108795166, 2.4086639881134033]",sae,Pre-64
1,beta,49,0.005,0.462130925118617,0.4524487678230295,0.4707887816942399,0.5,0.6141152509743157,0.6881676409822979,30,"[0, 1, 2, 3, 4, 5, 6, 7, 8, 9, 10, 11, 12, 13, 14, 15, 16, 17, 18, 19, 20, 21, 22, 23, 24, 25, 26, 27, 28, 29]","[2.475454092025757, 2.5480477809906006, 2.740616798400879, 2.443906784057617, 2.5321249961853027, 2.389232635498047, 2.7957425117492676, 2.7948050498962402, 2.7307803630828857, 2.7975337505340576, 2.798367977142334, 2.5154526233673096, 2.68996262550354, 2.7835195064544678, 2.8454043865203857, 2.7412052154541016, 2.8266308307647705, 2.812518835067749, 2.785757541656494, 2.5847082138061523, 2.855288028717041, 2.4815614223480225, 2.822378635406494, 2.705327272415161, 2.6633474826812744, 2.800518274307251, 2.5610597133636475, 2.6608076095581055, 2.7191691398620605, 2.426389455795288]",sae,Pre-64
1,beta,33,0.036,0.4492211383258522,0.4377959816952598,0.4373292930533184,0.5,0.6165210074526608,0.6907909436737234,30,"[0, 1, 2, 3, 4, 5, 6, 7, 8, 9, 10, 11, 12, 13, 14, 15, 16, 17, 18, 19, 20, 21, 22, 23, 24, 25, 26, 27, 28, 29]","[1.704088568687439, 1.7495352029800415, 1.6962279081344604, 1.642798900604248, 1.5819858312606812, 1.7910535335540771, 1.6013377904891968, 1.764777421951294, 1.7368121147155762, 1.7464373111724854, 1.6627825498580933, 1.7637919187545776, 1.74796462059021, 1.5816497802734375, 1.6687815189361572, 1.7228394746780396, 1.651146650314331, 1.6216689348220825, 1.7709808349609375, 1.7860608100891113, 1.671879768371582, 1.5895729064941406, 1.7759461402893066, 1.7028268575668335, 1.770585298538208, 1.6920665502548218, 1.6342424154281616, 1.5795155763626099, 1.5886338949203491, 1.6231166124343872]",sae,Pre-64
1,beta,10,0.038,0.4493907433353129,0.4390813823454372,0.4515313372039341,0.5,0.6232207829487961,0.6764476658652984,30,"[0, 1, 2, 3, 4, 5, 6, 7, 8, 9, 10, 11, 12, 13, 14, 15, 16, 17, 18, 19, 20, 21, 22, 23, 24, 25, 26, 27, 28, 29]","[1.7228211164474487, 1.6171363592147827, 1.7932102680206299, 1.6881545782089233, 1.720302939414978, 1.7015461921691895, 1.762149453163147, 1.7554190158843994, 1.7167446613311768, 1.8183913230895996, 1.6857293844223022, 1.7599260807037354, 1.7622243165969849, 1.7077826261520386, 1.7218655347824097, 1.7390199899673462, 1.7598929405212402, 1.6448686122894287, 1.7644845247268677, 1.6709418296813965, 1.682606816291809, 1.752345085144043, 1.8108553886413574, 1.81550133228302, 1.7811144590377808, 1.6481674909591675, 1.7227718830108643, 1.6909029483795166, 1.7408950328826904, 1.832433819770813]",sae,Pre-64
1,beta,10,0.016,0.4493907433353129,0.4390813823454372,0.4663493672864467,0.5,0.6232207829487961,0.6735813986867127,30,"[0, 1, 2, 3, 4, 5, 6, 7, 8, 9, 10, 11, 12, 13, 14, 15, 16, 17, 18, 19, 20, 21, 22, 23, 24, 25, 26, 27, 28, 29]","[2.4407849311828613, 2.2819454669952393, 2.4799609184265137, 2.1350085735321045, 2.485013008117676, 2.387070417404175, 2.1272385120391846, 2.4712140560150146, 2.4601242542266846, 2.522296905517578, 2.389085054397583, 2.3146445751190186, 2.281294345855713, 2.153322458267212, 2.099595546722412, 2.290393590927124, 2.414836883544922, 2.1527674198150635, 2.49639892578125, 2.121227502822876, 2.129422187805176, 2.456883430480957, 2.4746029376983643, 2.514747142791748, 2.494208812713623, 2.2681124210357666, 2.4127161502838135, 2.433685064315796, 2.4342546463012695, 2.456918239593506]",sae,Pre-64
1,beta,39,0.016,0.4461088087810431,0.4292341094433316,0.4569368835578635,0.5,0.6205127278095635,0.6745739068605741,30,"[0, 1, 2, 3, 4, 5, 6, 7, 8, 9, 10, 11, 12, 13, 14, 15, 16, 17, 18, 19, 20, 21, 22, 23, 24, 25, 26, 27, 28, 29]","[2.0912740230560303, 2.398306131362915, 2.522606372833252, 2.5354342460632324, 2.2012908458709717, 2.076019048690796, 2.3109235763549805, 2.43302583694458, 2.11619234085083, 2.4851295948028564, 2.41766095161438, 2.4986298084259033, 2.204268217086792, 2.2576491832733154, 2.4567742347717285, 2.583833932876587, 2.5559351444244385, 2.5151729583740234, 2.109387159347534, 2.446977376937866, 2.4492850303649902, 2.1375722885131836, 2.4428670406341553, 2.4741530418395996, 2.5469322204589844, 2.0625159740448, 2.380272388458252, 2.4066014289855957, 2.5238959789276123, 2.4029972553253174]",sae,Pre-64
1,beta,8,0.0151,0.4517491928182039,0.4406431065890545,0.4562993506300513,0.5,0.6098144493254953,0.6798610668986935,30,"[0, 1, 2, 3, 4, 5, 6, 7, 8, 9, 10, 11, 12, 13, 14, 15, 16, 17, 18, 19, 20, 21, 22, 23, 24, 25, 26, 27, 28, 29]","[2.371832847595215, 2.376088857650757, 2.2181949615478516, 2.1660799980163574, 2.4384589195251465, 2.2546842098236084, 2.414351463317871, 2.3694257736206055, 2.070836067199707, 2.224928855895996, 2.5324513912200928, 2.443467378616333, 1.995513677597046, 2.144691228866577, 2.465230941772461, 2.418548345565796, 2.166990280151367, 2.392984390258789, 2.3267722129821777, 2.2812743186950684, 2.372581958770752, 2.360463857650757, 2.464240789413452, 2.4081013202667236, 2.4911246299743652, 2.449192523956299, 2.19718337059021, 2.4365456104278564, 2.2639620304107666, 2.362135410308838]",sae,Pre-64
1,beta,5,0.0159,0.4445517550333296,0.4301735816232515,0.4529725344428422,0.5,0.6070910659257547,0.6791315327253521,30,"[0, 1, 2, 3, 4, 5, 6, 7, 8, 9, 10, 11, 12, 13, 14, 15, 16, 17, 18, 19, 20, 21, 22, 23, 24, 25, 26, 27, 28, 29]","[2.415022611618042, 2.24021315574646, 1.9975160360336304, 2.422677755355835, 2.350393533706665, 2.2932918071746826, 2.4640769958496094, 2.146205425262451, 2.3901584148406982, 2.1045475006103516, 2.234832763671875, 2.3898520469665527, 2.4471616744995117, 2.2146003246307373, 2.3857223987579346, 2.2063980102539062, 2.169234037399292, 2.360513210296631, 2.2599334716796875, 2.352444887161255, 2.442272901535034, 2.358031988143921, 2.312487840652466, 2.0619142055511475, 2.2126922607421875, 2.442239284515381, 2.164102554321289, 2.338202714920044, 2.425384283065796, 2.4576354026794434]",sae,Pre-64
1,beta,42,0.032,0.4546678683050885,0.4407690563496341,0.4611974241949461,0.5,0.6336081445133979,0.6596430461346035,30,"[0, 1, 2, 3, 4, 5, 6, 7, 8, 9, 10, 11, 12, 13, 14, 15, 16, 17, 18, 19, 20, 21, 22, 23, 24, 25, 26, 27, 28, 29]","[1.8027076721191406, 1.6879161596298218, 1.797061800956726, 1.8175370693206787, 1.771604061126709, 1.7882620096206665, 1.7652171850204468, 1.702328085899353, 1.6497924327850342, 1.811789870262146, 1.7774899005889893, 1.8099336624145508, 1.6813262701034546, 1.4635392427444458, 1.817509651184082, 1.6828806400299072, 1.6172367334365845, 1.6098860502243042, 1.787835955619812, 1.8239150047302246, 1.713518500328064, 1.663312554359436, 1.7302552461624146, 1.6288772821426392, 1.667881965637207, 1.6308627128601074, 1.841271162033081, 1.6161456108093262, 1.7357525825500488, 1.6531405448913574]",sae,Pre-64
1,beta,42,0.015,0.4546678683050885,0.4407690563496341,0.4765133128813235,0.5,0.6336081445133979,0.6580900923654206,30,"[0, 1, 2, 3, 4, 5, 6, 7, 8, 9, 10, 11, 12, 13, 14, 15, 16, 17, 18, 19, 20, 21, 22, 23, 24, 25, 26, 27, 28, 29]","[2.526015520095825, 2.421215295791626, 2.5321013927459717, 2.570289134979248, 2.3529021739959717, 2.521975040435791, 2.5232784748077393, 2.4603347778320312, 2.366321563720703, 2.3931756019592285, 2.2785279750823975, 2.5596466064453125, 2.4600789546966553, 2.4082465171813965, 2.578139066696167, 2.178576946258545, 2.0198192596435547, 2.3867530822753906, 2.25927996635437, 2.4358322620391846, 2.5009758472442627, 2.083669662475586, 2.5872411727905273, 2.201711893081665, 2.1790568828582764, 2.2813682556152344, 2.6026642322540283, 2.078923225402832, 2.5034799575805664, 2.2697513103485107]",sae,Pre-64
1,beta,9,0.002,0.448644851968101,0.4348910401892977,0.4753746330937893,0.5,0.6286670530281078,0.6716473485946104,30,"[0, 1, 2, 3, 4, 5, 6, 7, 8, 9, 10, 11, 12, 13, 14, 15, 16, 17, 18, 19, 20, 21, 22, 23, 24, 25, 26, 27, 28, 29]","[2.8426764011383057, 2.5311050415039062, 2.953667640686035, 2.8901453018188477, 2.6115505695343018, 2.6646759510040283, 2.8380839824676514, 2.8733084201812744, 2.945817470550537, 2.710580825805664, 2.6347463130950928, 2.760901689529419, 2.5577785968780518, 2.86293888092041, 2.9229586124420166, 2.6253552436828613, 2.8455309867858887, 2.8824822902679443, 2.896981716156006, 2.568983316421509, 2.9229300022125244, 2.919827938079834, 2.5649940967559814, 2.9232475757598877, 2.8307974338531494, 2.9284310340881348, 2.8890321254730225, 2.8008182048797607, 2.685267448425293, 2.893308401107788]",sae,Pre-64
1,beta,15,0.032,0.4529015220185267,0.4424399871594601,0.4403912005133977,0.5,0.6161071485640408,0.7114615261697584,30,"[0, 1, 2, 3, 4, 5, 6, 7, 8, 9, 10, 11, 12, 13, 14, 15, 16, 17, 18, 19, 20, 21, 22, 23, 24, 25, 26, 27, 28, 29]","[1.606687307357788, 1.6218756437301636, 1.6712690591812134, 1.6263517141342163, 1.748504400253296, 1.6201497316360474, 1.5970665216445923, 1.6215087175369263, 1.6959528923034668, 1.690757155418396, 1.6663802862167358, 1.6116405725479126, 1.7775017023086548, 1.69308602809906, 1.5444355010986328, 1.673350214958191, 1.5882970094680786, 1.7918349504470825, 1.5583311319351196, 1.644591212272644, 1.7431509494781494, 1.7393137216567993, 1.602028727531433, 1.6604514122009277, 1.6616674661636353, 1.5391441583633423, 1.728203535079956, 1.7686560153961182, 1.6812546253204346, 1.6326944828033447]",sae,Pre-64
1,beta,18,0.0159,0.4575117633693479,0.4471831599677374,0.4403056881542163,0.5,0.6052065040104606,0.7322290898382847,30,"[0, 1, 2, 3, 4, 5, 6, 7, 8, 9, 10, 11, 12, 13, 14, 15, 16, 17, 18, 19, 20, 21, 22, 23, 24, 25, 26, 27, 28, 29]","[2.3996849060058594, 2.3237102031707764, 2.454557418823242, 2.109565019607544, 2.1630747318267822, 2.1762709617614746, 2.516759157180786, 2.0992331504821777, 2.2145864963531494, 2.1708521842956543, 2.4995837211608887, 2.4541616439819336, 2.220553398132324, 2.415677547454834, 2.234039306640625, 2.3750243186950684, 2.403576374053955, 2.0452001094818115, 2.2945992946624756, 2.2915799617767334, 2.500924825668335, 2.369373321533203, 2.477856397628784, 2.388991355895996, 2.460724115371704, 2.3100714683532715, 2.4451091289520264, 2.4679648876190186, 2.270012855529785, 2.166945457458496]",sae,Pre-64
1,beta,49,0.024,0.462130925118617,0.4524487678230295,0.4551020439967501,0.5,0.6141152509743157,0.6858873902427572,30,"[0, 1, 2, 3, 4, 5, 6, 7, 8, 9, 10, 11, 12, 13, 14, 15, 16, 17, 18, 19, 20, 21, 22, 23, 24, 25, 26, 27, 28, 29]","[1.690712332725525, 1.7715355157852173, 1.7618228197097778, 1.7191935777664185, 1.6418286561965942, 1.6833864450454712, 1.828145980834961, 1.735131025314331, 1.8767918348312378, 1.7794246673583984, 1.7541391849517822, 1.691028356552124, 1.7936522960662842, 1.7775505781173706, 1.8517645597457886, 1.8216309547424316, 1.8445192575454712, 1.8658831119537354, 1.702571153640747, 1.7927064895629883, 1.8469970226287842, 1.7020020484924316, 1.8539760112762451, 1.7635060548782349, 1.6703637838363647, 1.766253113746643, 1.7862344980239868, 1.6825339794158936, 1.6949290037155151, 1.6816719770431519]",sae,Pre-64
1,beta,45,0.029,0.4515599815008028,0.4347157609968581,0.4520740653844495,0.5,0.6289673345145609,0.6772515257522753,30,"[0, 1, 2, 3, 4, 5, 6, 7, 8, 9, 10, 11, 12, 13, 14, 15, 16, 17, 18, 19, 20, 21, 22, 23, 24, 25, 26, 27, 28, 29]","[1.7030538320541382, 1.7055027484893799, 1.5846774578094482, 1.7827024459838867, 1.7836679220199585, 1.6345473527908325, 1.7841205596923828, 1.7730482816696167, 1.6329494714736938, 1.582735300064087, 1.71621835231781, 1.7832140922546387, 1.751011848449707, 1.6548871994018555, 1.6829471588134766, 1.689626932144165, 1.7108515501022339, 1.6304562091827393, 1.691710114479065, 1.687689185142517, 1.7464922666549683, 1.6281331777572632, 1.761234164237976, 1.6527321338653564, 1.5932306051254272, 1.783064603805542, 1.6238526105880737, 1.6370048522949219, 1.575304388999939, 1.787222146987915]",sae,Pre-64
1,beta,39,0.038,0.4461088087810431,0.4292341094433316,0.4423713261542569,0.5,0.6205127278095635,0.6706828035226311,30,"[0, 1, 2, 3, 4, 5, 6, 7, 8, 9, 10, 11, 12, 13, 14, 15, 16, 17, 18, 19, 20, 21, 22, 23, 24, 25, 26, 27, 28, 29]","[1.5978258848190308, 1.759495735168457, 1.6748297214508057, 1.726326823234558, 1.6132562160491943, 1.604317545890808, 1.6608431339263916, 1.6613831520080566, 1.595393419265747, 1.7648637294769287, 1.671501874923706, 1.6173791885375977, 1.6800655126571655, 1.585234522819519, 1.6839728355407715, 1.749986171722412, 1.7616292238235474, 1.722273349761963, 1.6074477434158325, 1.637046456336975, 1.587201714515686, 1.6333996057510376, 1.686659574508667, 1.6941124200820923, 1.7127015590667725, 1.609929084777832, 1.5797367095947266, 1.613507628440857, 1.7530940771102905, 1.612260341644287]",sae,Pre-64
1,beta,0,0.0155,0.4600628296558519,0.4487196928272481,0.4488355743878965,0.5,0.6146148452673732,0.7236501295078701,30,"[0, 1, 2, 3, 4, 5, 6, 7, 8, 9, 10, 11, 12, 13, 14, 15, 16, 17, 18, 19, 20, 21, 22, 23, 24, 25, 26, 27, 28, 29]","[2.2924365997314453, 2.1083223819732666, 2.2455713748931885, 2.505037307739258, 2.167127847671509, 2.2755560874938965, 2.5639595985412598, 2.534782886505127, 2.4476237297058105, 2.0703835487365723, 2.3914666175842285, 2.0729007720947266, 2.2388415336608887, 2.48256778717041, 2.529956579208374, 2.061467409133911, 2.434318780899048, 2.4166977405548096, 2.415968656539917, 2.4466307163238525, 2.299274444580078, 2.4437713623046875, 2.463423013687134, 2.3761258125305176, 2.4405813217163086, 2.203636884689331, 2.486820936203003, 2.4171950817108154, 2.5549118518829346, 2.140585422515869]",sae,Pre-64
1,beta,12,0.035,0.4455148672091349,0.4361346773072694,0.4193024435823229,0.5,0.5892778403611032,0.7302959905642004,30,"[0, 1, 2, 3, 4, 5, 6, 7, 8, 9, 10, 11, 12, 13, 14, 15, 16, 17, 18, 19, 20, 21, 22, 23, 24, 25, 26, 27, 28, 29]","[1.6087127923965454, 1.7836055755615234, 1.6419563293457031, 1.5980428457260132, 1.8106129169464111, 1.7617123126983643, 1.7398194074630737, 1.7338670492172241, 1.7911462783813477, 1.634690284729004, 1.6174099445343018, 1.841407060623169, 1.662921667098999, 1.7419588565826416, 1.6010253429412842, 1.8432996273040771, 1.573981761932373, 1.8325613737106323, 1.7224491834640503, 1.837615966796875, 1.7797837257385254, 1.7354381084442139, 1.6384128332138062, 1.8391259908676147, 1.8263559341430664, 1.7063634395599365, 1.8276422023773193, 1.739445686340332, 1.6861138343811035, 1.8402782678604126]",sae,Pre-64
1,beta,25,0.01,0.4465066892532915,0.4352791138475453,0.4667397787377622,0.5,0.6270054355300688,0.6557811556331585,30,"[0, 1, 2, 3, 4, 5, 6, 7, 8, 9, 10, 11, 12, 13, 14, 15, 16, 17, 18, 19, 20, 21, 22, 23, 24, 25, 26, 27, 28, 29]","[2.510847806930542, 2.620920181274414, 2.2219974994659424, 2.5654871463775635, 2.6472084522247314, 2.6482925415039062, 2.662126064300537, 2.1848490238189697, 2.3525185585021973, 2.4673895835876465, 2.6786301136016846, 2.596184253692627, 2.4536073207855225, 2.2060859203338623, 2.464242458343506, 2.6498336791992188, 2.5894384384155273, 2.395930767059326, 2.571666717529297, 2.585649013519287, 2.6538562774658203, 2.521266460418701, 2.689828395843506, 2.452847719192505, 2.3750696182250977, 2.241032123565674, 2.725985050201416, 2.416776180267334, 2.6619608402252197, 2.5069358348846436]",sae,Pre-64
1,beta,9,0.02,0.448644851968101,0.4348910401892977,0.4721953927471718,0.5,0.6286670530281078,0.6724413213561287,30,"[0, 1, 2, 3, 4, 5, 6, 7, 8, 9, 10, 11, 12, 13, 14, 15, 16, 17, 18, 19, 20, 21, 22, 23, 24, 25, 26, 27, 28, 29]","[2.34871506690979, 2.009225606918335, 2.4764018058776855, 2.4114346504211426, 2.1154110431671143, 2.1894092559814453, 2.3374805450439453, 2.403876543045044, 2.466346025466919, 2.240166187286377, 2.133740186691284, 2.2672860622406006, 2.0457139015197754, 2.3870720863342285, 2.4431521892547607, 2.118326425552368, 2.3743276596069336, 2.395310878753662, 2.4211628437042236, 2.0658771991729736, 2.4499199390411377, 2.4397590160369873, 2.0628304481506348, 2.444579839706421, 2.3372228145599365, 2.4509623050689697, 2.40929913520813, 2.3334219455718994, 2.193626642227173, 2.3992416858673096]",sae,Pre-64
1,beta,2,0.04,0.4419681213812466,0.4306250660512843,0.4309843952369941,0.5,0.6028191218064636,0.6899067440997819,30,"[0, 1, 2, 3, 4, 5, 6, 7, 8, 9, 10, 11, 12, 13, 14, 15, 16, 17, 18, 19, 20, 21, 22, 23, 24, 25, 26, 27, 28, 29]","[1.572649359703064, 1.556698203086853, 1.5409950017929077, 1.6529794931411743, 1.5892393589019775, 1.7004128694534302, 1.5726293325424194, 1.5928527116775513, 1.5387948751449585, 1.586586356163025, 1.618254542350769, 1.519203543663025, 1.6338361501693726, 1.695775032043457, 1.6503556966781616, 1.6231917142868042, 1.663308024406433, 1.7235331535339355, 1.7241759300231934, 1.6953620910644531, 1.6093859672546387, 1.5548804998397827, 1.6685818433761597, 1.6902213096618652, 1.5358575582504272, 1.5620776414871216, 1.6516727209091187, 1.6304439306259155, 1.4115045070648193, 1.7213643789291382]",sae,Pre-64
1,beta,28,0.004,0.4589844236982603,0.4495627040154577,0.4582472868546136,0.5,0.5987249917034086,0.6988159579007254,30,"[0, 1, 2, 3, 4, 5, 6, 7, 8, 9, 10, 11, 12, 13, 14, 15, 16, 17, 18, 19, 20, 21, 22, 23, 24, 25, 26, 27, 28, 29]","[2.582909107208252, 2.697481393814087, 2.644761562347412, 2.736508369445801, 2.6804356575012207, 2.593585252761841, 2.7858355045318604, 2.5514907836914062, 2.7463784217834473, 2.7971925735473633, 2.541893720626831, 2.574798345565796, 2.757307767868042, 2.670318841934204, 2.8155126571655273, 2.3532683849334717, 2.426481246948242, 2.7465267181396484, 2.5667223930358887, 2.6720573902130127, 2.402792453765869, 2.489121198654175, 2.7673754692077637, 2.6951518058776855, 2.3827173709869385, 2.7617275714874268, 2.7149429321289062, 2.6259677410125732, 2.7087981700897217, 2.380054473876953]",sae,Pre-64
1,beta,27,0.025,0.4609757262074365,0.4537266978541116,0.4806314828581801,0.5,0.5914172664146189,0.6591689576969679,30,"[0, 1, 2, 3, 4, 5, 6, 7, 8, 9, 10, 11, 12, 13, 14, 15, 16, 17, 18, 19, 20, 21, 22, 23, 24, 25, 26, 27, 28, 29]","[2.1641769409179688, 2.3394951820373535, 1.964800477027893, 2.170884370803833, 2.302380323410034, 2.1937832832336426, 2.248875379562378, 1.9533861875534058, 2.2575795650482178, 2.290754556655884, 1.983120322227478, 2.2818026542663574, 1.97286057472229, 1.9424502849578857, 2.004279375076294, 1.9486984014511108, 2.270331621170044, 2.2902121543884277, 2.262927532196045, 2.1019797325134277, 2.3363635540008545, 1.9295191764831543, 2.2564241886138916, 2.2380974292755127, 1.9711121320724487, 2.320509910583496, 2.1260592937469482, 2.283743381500244, 2.1671366691589355, 2.2098326683044434]",sae,Pre-64
1,beta,27,0.006,0.4609757262074365,0.4537266978541116,0.4836648072281044,0.5,0.5914172664146189,0.6594385176403603,30,"[0, 1, 2, 3, 4, 5, 6, 7, 8, 9, 10, 11, 12, 13, 14, 15, 16, 17, 18, 19, 20, 21, 22, 23, 24, 25, 26, 27, 28, 29]","[2.631211519241333, 2.8070242404937744, 2.447051525115967, 2.6436607837677, 2.770665407180786, 2.67536997795105, 2.7220451831817627, 2.4403395652770996, 2.7356112003326416, 2.7655675411224365, 2.46661114692688, 2.760296583175659, 2.4523441791534424, 2.427201509475708, 2.4888949394226074, 2.418717622756958, 2.739314079284668, 2.76151967048645, 2.7329556941986084, 2.581782341003418, 2.804161787033081, 2.4297983646392822, 2.7236297130584717, 2.7104947566986084, 2.4466121196746826, 2.8002147674560547, 2.6034719944000244, 2.7487874031066895, 2.634843587875366, 2.67840838432312]",sae,Pre-64
1,beta,28,0.022,0.4589844236982603,0.4495627040154577,0.4556266033474062,0.5,0.5987249917034086,0.698672249087375,30,"[0, 1, 2, 3, 4, 5, 6, 7, 8, 9, 10, 11, 12, 13, 14, 15, 16, 17, 18, 19, 20, 21, 22, 23, 24, 25, 26, 27, 28, 29]","[2.102271556854248, 2.232069969177246, 2.1881935596466064, 2.2684710025787354, 2.200739622116089, 2.104660987854004, 2.3300487995147705, 2.08559513092041, 2.281553030014038, 2.33060359954834, 2.0666847229003906, 2.092684030532837, 2.2943615913391113, 2.1894924640655518, 2.356910467147827, 1.8558781147003174, 1.9271878004074097, 2.278515577316284, 2.0790181159973145, 2.197753667831421, 1.898056983947754, 2.0147833824157715, 2.3098511695861816, 2.2414767742156982, 1.8934006690979004, 2.2949471473693848, 2.238029956817627, 2.1543166637420654, 2.2458949089050293, 1.8904622793197632]",sae,Pre-64
1,beta,5,0.036,0.4445517550333296,0.4301735816232515,0.4378967870028605,0.5,0.6070910659257547,0.6822131101429527,30,"[0, 1, 2, 3, 4, 5, 6, 7, 8, 9, 10, 11, 12, 13, 14, 15, 16, 17, 18, 19, 20, 21, 22, 23, 24, 25, 26, 27, 28, 29]","[1.782157301902771, 1.6000779867172241, 1.5927311182022095, 1.7528815269470215, 1.7498737573623657, 1.735200047492981, 1.7041542530059814, 1.6303613185882568, 1.715201735496521, 1.6019810438156128, 1.7268568277359009, 1.7667251825332642, 1.724576473236084, 1.6835511922836304, 1.7472509145736694, 1.7269463539123535, 1.7072087526321411, 1.755902886390686, 1.6146669387817383, 1.6911228895187378, 1.7722831964492798, 1.6738247871398926, 1.7979049682617188, 1.6034431457519531, 1.7100083827972412, 1.7677364349365234, 1.6118775606155396, 1.7119433879852295, 1.7415428161621094, 1.7248350381851196]",sae,Pre-64
1,beta,12,0.01,0.4455148672091349,0.4361346773072694,0.435935492835671,0.5,0.5892778403611032,0.7251387090592091,30,"[0, 1, 2, 3, 4, 5, 6, 7, 8, 9, 10, 11, 12, 13, 14, 15, 16, 17, 18, 19, 20, 21, 22, 23, 24, 25, 26, 27, 28, 29]","[2.4214422702789307, 2.621769428253174, 2.2901289463043213, 2.5845987796783447, 2.6737704277038574, 2.737130641937256, 2.676365852355957, 2.6451783180236816, 2.5211715698242188, 2.2321152687072754, 2.2321889400482178, 2.6868200302124023, 2.5612289905548096, 2.5716123580932617, 2.4676671028137207, 2.7361483573913574, 2.4060659408569336, 2.523427963256836, 2.480644941329956, 2.7249457836151123, 2.5661985874176025, 2.445131778717041, 2.2549734115600586, 2.7241344451904297, 2.7255656719207764, 2.694843292236328, 2.595689296722412, 2.521284580230713, 2.3948287963867188, 2.6489739418029785]",sae,Pre-64
1,beta,39,0.028,0.4461088087810431,0.4292341094433316,0.443236296118637,0.5,0.6205127278095635,0.6719406708424849,30,"[0, 1, 2, 3, 4, 5, 6, 7, 8, 9, 10, 11, 12, 13, 14, 15, 16, 17, 18, 19, 20, 21, 22, 23, 24, 25, 26, 27, 28, 29]","[1.643178105354309, 1.8247323036193848, 1.7431279420852661, 1.7931514978408813, 1.672487497329712, 1.650373101234436, 1.7207655906677246, 1.7138577699661255, 1.6423492431640625, 1.8369029760360718, 1.7354408502578735, 1.6904857158660889, 1.7434678077697754, 1.6446566581726074, 1.7476649284362793, 1.8105281591415405, 1.8314512968063354, 1.787603735923767, 1.6603384017944336, 1.7128428220748901, 1.6498005390167236, 1.6822243928909302, 1.7592135667800903, 1.7697327136993408, 1.7773737907409668, 1.6600762605667114, 1.6419682502746582, 1.665873646736145, 1.813330054283142, 1.6716538667678833]",sae,Pre-64
1,beta,18,0.012,0.4575117633693479,0.4471831599677374,0.4406328599648116,0.5,0.6052065040104606,0.7325098297099073,30,"[0, 1, 2, 3, 4, 5, 6, 7, 8, 9, 10, 11, 12, 13, 14, 15, 16, 17, 18, 19, 20, 21, 22, 23, 24, 25, 26, 27, 28, 29]","[2.496922731399536, 2.4239349365234375, 2.55381178855896, 2.208496332168579, 2.2648308277130127, 2.277576208114624, 2.615675687789917, 2.2008867263793945, 2.3149819374084473, 2.27091121673584, 2.5994856357574463, 2.5522303581237793, 2.322566509246826, 2.5150794982910156, 2.3341572284698486, 2.471367835998535, 2.503270149230957, 2.1489851474761963, 2.392521381378174, 2.389679193496704, 2.6010477542877197, 2.4676339626312256, 2.577418565750122, 2.4908337593078613, 2.55915904045105, 2.4077248573303223, 2.5430703163146973, 2.565633773803711, 2.3727052211761475, 2.268043041229248]",sae,Pre-64
1,beta,16,0.004,0.4519396108125126,0.4401978349795346,0.4482952743043789,0.5,0.6159012314439947,0.7220952019471757,30,"[0, 1, 2, 3, 4, 5, 6, 7, 8, 9, 10, 11, 12, 13, 14, 15, 16, 17, 18, 19, 20, 21, 22, 23, 24, 25, 26, 27, 28, 29]","[2.7411627769470215, 2.442282199859619, 2.708115577697754, 2.713773012161255, 2.824313163757324, 2.6318275928497314, 2.728325366973877, 2.68402099609375, 2.362243890762329, 2.6098341941833496, 2.772007703781128, 2.4197311401367188, 2.6879937648773193, 2.540566921234131, 2.5930662155151367, 2.490201473236084, 2.402621269226074, 2.7371482849121094, 2.5142810344696045, 2.7421762943267822, 2.4709928035736084, 2.713068962097168, 2.451561689376831, 2.7126874923706055, 2.690899610519409, 2.7003250122070312, 2.5958092212677, 2.3656935691833496, 2.5334348678588867, 2.516071081161499]",sae,Pre-64
1,beta,25,0.038,0.4465066892532915,0.4352791138475453,0.4473124816871075,0.5,0.6270054355300688,0.6598458438226905,30,"[0, 1, 2, 3, 4, 5, 6, 7, 8, 9, 10, 11, 12, 13, 14, 15, 16, 17, 18, 19, 20, 21, 22, 23, 24, 25, 26, 27, 28, 29]","[1.6518726348876953, 1.6824707984924316, 1.5284961462020874, 1.7396684885025024, 1.716488003730774, 1.7028474807739258, 1.5964744091033936, 1.570928692817688, 1.623212218284607, 1.5292291641235352, 1.713624358177185, 1.6550854444503784, 1.6849395036697388, 1.5710034370422363, 1.575089693069458, 1.6449111700057983, 1.5038068294525146, 1.4929089546203613, 1.5626499652862549, 1.5756162405014038, 1.722265362739563, 1.4991568326950073, 1.681410551071167, 1.58928382396698, 1.6519774198532104, 1.577420949935913, 1.7506797313690186, 1.6808089017868042, 1.7133119106292725, 1.5687665939331055]",sae,Pre-64
1,beta,30,0.04,0.4638407167611665,0.4544841508273655,0.4423369158584403,0.5,0.6043368975359404,0.6964203562292359,30,"[0, 1, 2, 3, 4, 5, 6, 7, 8, 9, 10, 11, 12, 13, 14, 15, 16, 17, 18, 19, 20, 21, 22, 23, 24, 25, 26, 27, 28, 29]","[1.7490503787994385, 1.7409653663635254, 1.7064775228500366, 1.6620129346847534, 1.665006399154663, 1.6420252323150635, 1.6564289331436157, 1.6208409070968628, 1.5946149826049805, 1.6553683280944824, 1.6681395769119263, 1.659579873085022, 1.6139798164367676, 1.6619089841842651, 1.7187917232513428, 1.722048044204712, 1.6277177333831787, 1.6664502620697021, 1.7391620874404907, 1.6372511386871338, 1.6870495080947876, 1.636892557144165, 1.7400314807891846, 1.6493144035339355, 1.7404325008392334, 1.66800057888031, 1.6224595308303833, 1.652012586593628, 1.7071406841278076, 1.6486032009124756]",sae,Pre-64
1,beta,5,0.026,0.4445517550333296,0.4301735816232515,0.4380456212847168,0.5,0.6070910659257547,0.6821943581505535,30,"[0, 1, 2, 3, 4, 5, 6, 7, 8, 9, 10, 11, 12, 13, 14, 15, 16, 17, 18, 19, 20, 21, 22, 23, 24, 25, 26, 27, 28, 29]","[1.795451283454895, 1.6135447025299072, 1.6062896251678467, 1.766401767730713, 1.7634247541427612, 1.7484554052352905, 1.7175096273422241, 1.6438813209533691, 1.728755235671997, 1.615538239479065, 1.740452527999878, 1.7801649570465088, 1.7378966808319092, 1.6969224214553833, 1.7608213424682617, 1.7403883934020996, 1.7207084894180298, 1.7693480253219604, 1.6281390190124512, 1.7046403884887695, 1.785792589187622, 1.687474250793457, 1.8111821413040161, 1.6169995069503784, 1.7234057188034058, 1.781213402748108, 1.6252485513687134, 1.7252558469772339, 1.755010724067688, 1.7382047176361084]",sae,Pre-64
1,beta,0,0.006,0.4600628296558519,0.4487196928272481,0.4503494131351466,0.5,0.6146148452673732,0.7235482266623471,30,"[0, 1, 2, 3, 4, 5, 6, 7, 8, 9, 10, 11, 12, 13, 14, 15, 16, 17, 18, 19, 20, 21, 22, 23, 24, 25, 26, 27, 28, 29]","[2.52109694480896, 2.358821153640747, 2.4961016178131104, 2.743842363357544, 2.412280797958374, 2.524402141571045, 2.796916961669922, 2.7700772285461426, 2.6890370845794678, 2.3189876079559326, 2.631073474884033, 2.3215343952178955, 2.4909744262695312, 2.7193164825439453, 2.767404317855835, 2.31050443649292, 2.67317271232605, 2.651721477508545, 2.651609420776367, 2.6892025470733643, 2.5388190746307373, 2.674726724624634, 2.706758975982666, 2.611633539199829, 2.674766778945923, 2.441366672515869, 2.724125862121582, 2.6491456031799316, 2.7903783321380615, 2.384906053543091]",sae,Pre-64
1,beta,31,0.029,0.4497611378811508,0.4308970333737342,0.4352594804481747,0.5,0.642735734520437,0.7110698387003527,30,"[0, 1, 2, 3, 4, 5, 6, 7, 8, 9, 10, 11, 12, 13, 14, 15, 16, 17, 18, 19, 20, 21, 22, 23, 24, 25, 26, 27, 28, 29]","[1.7224823236465454, 1.6809459924697876, 1.5725542306900024, 1.6110320091247559, 1.6467417478561401, 1.756303310394287, 1.6048530340194702, 1.6701202392578125, 1.6117355823516846, 1.7051564455032349, 1.6314929723739624, 1.6731733083724976, 1.711768388748169, 1.5773868560791016, 1.706539511680603, 1.636458396911621, 1.6428273916244507, 1.677077293395996, 1.6862655878067017, 1.646594524383545, 1.7249318361282349, 1.6550650596618652, 1.7147952318191528, 1.651647925376892, 1.6643764972686768, 1.693670392036438, 1.5741199254989624, 1.7318923473358154, 1.5732444524765015, 1.668471336364746]",sae,Pre-64
1,beta,7,0.034,0.4564836922581216,0.4420418003909208,0.4446382437399362,0.5,0.6095136152062148,0.701192334968426,30,"[0, 1, 2, 3, 4, 5, 6, 7, 8, 9, 10, 11, 12, 13, 14, 15, 16, 17, 18, 19, 20, 21, 22, 23, 24, 25, 26, 27, 28, 29]","[1.6328121423721313, 1.7060012817382812, 1.7419161796569824, 1.7251322269439697, 1.7253786325454712, 1.6808152198791504, 1.7421884536743164, 1.6615477800369263, 1.800089716911316, 1.6856056451797485, 1.6163231134414673, 1.66188383102417, 1.6018505096435547, 1.6438136100769043, 1.822902798652649, 1.725160837173462, 1.6560242176055908, 1.6861072778701782, 1.7490910291671753, 1.7330543994903564, 1.7219734191894531, 1.8052868843078613, 1.7744920253753662, 1.6521377563476562, 1.7946213483810425, 1.8254913091659546, 1.643784523010254, 1.6565459966659546, 1.7870762348175049, 1.645709753036499]",sae,Pre-64
1,beta,23,0.03,0.4478205607315014,0.4344954522622479,0.4406832960807688,0.5,0.6150139710231751,0.6773684552904565,30,"[0, 1, 2, 3, 4, 5, 6, 7, 8, 9, 10, 11, 12, 13, 14, 15, 16, 17, 18, 19, 20, 21, 22, 23, 24, 25, 26, 27, 28, 29]","[1.7075533866882324, 1.8218132257461548, 1.8087466955184937, 1.8582000732421875, 1.6370606422424316, 1.7100350856781006, 1.8687002658843994, 1.6789915561676025, 1.658379077911377, 1.8561599254608154, 1.8506189584732056, 1.789674997329712, 1.794310450553894, 1.7437881231307983, 1.814344882965088, 1.8609040975570679, 1.6150891780853271, 1.7027599811553955, 1.6843031644821167, 1.7191213369369507, 1.8492350578308105, 1.837968349456787, 1.7075532674789429, 1.8658409118652344, 1.843706488609314, 1.7584114074707031, 1.6440668106079102, 1.807803750038147, 1.7135536670684814, 1.8904328346252441]",sae,Pre-64
1,beta,39,0.01,0.4461088087810431,0.4292341094433316,0.4578239543640597,0.5,0.6205127278095635,0.6750303545227486,30,"[0, 1, 2, 3, 4, 5, 6, 7, 8, 9, 10, 11, 12, 13, 14, 15, 16, 17, 18, 19, 20, 21, 22, 23, 24, 25, 26, 27, 28, 29]","[2.2476727962493896, 2.550593614578247, 2.6661384105682373, 2.68146014213562, 2.351426124572754, 2.2332398891448975, 2.461606740951538, 2.5775272846221924, 2.2665152549743652, 2.6343607902526855, 2.5630223751068115, 2.6415953636169434, 2.3584420680999756, 2.407742500305176, 2.6021676063537598, 2.728543996810913, 2.7026021480560303, 2.66066837310791, 2.260100841522217, 2.5930185317993164, 2.5921666622161865, 2.2913901805877686, 2.5919692516326904, 2.6230053901672363, 2.6928324699401855, 2.220486879348755, 2.5256171226501465, 2.5510094165802, 2.6711955070495605, 2.5472452640533447]",sae,Pre-64
1,beta,22,0.014,0.4519005213187685,0.4442985770479847,0.4661377758700763,0.5,0.5939599289403404,0.6741196955258297,30,"[0, 1, 2, 3, 4, 5, 6, 7, 8, 9, 10, 11, 12, 13, 14, 15, 16, 17, 18, 19, 20, 21, 22, 23, 24, 25, 26, 27, 28, 29]","[2.41907000541687, 2.3004672527313232, 2.1737656593322754, 2.4993975162506104, 2.484914779663086, 2.2720866203308105, 2.4621691703796387, 2.4326531887054443, 2.417009115219116, 2.4597342014312744, 2.451160192489624, 2.4760844707489014, 2.2395448684692383, 2.475480556488037, 2.288999557495117, 2.349799633026123, 2.4796502590179443, 2.3457798957824707, 2.1626293659210205, 2.087961435317993, 2.4416708946228027, 2.3525795936584473, 2.309847116470337, 2.3929331302642822, 2.481759786605835, 2.4097986221313477, 2.286745071411133, 2.3812050819396973, 2.5119853019714355, 2.202890157699585]",sae,Pre-64
1,beta,36,0.002,0.4642138821845151,0.4576483090311837,0.4819329753589624,0.5,0.6031055233182893,0.6744675042547383,30,"[0, 1, 2, 3, 4, 5, 6, 7, 8, 9, 10, 11, 12, 13, 14, 15, 16, 17, 18, 19, 20, 21, 22, 23, 24, 25, 26, 27, 28, 29]","[2.762145519256592, 2.7377192974090576, 2.6388988494873047, 2.6862549781799316, 2.4163124561309814, 2.761078357696533, 2.677487850189209, 2.3674509525299072, 2.7626967430114746, 2.684323310852051, 2.738215446472168, 2.78666353225708, 2.4476866722106934, 2.7318296432495117, 2.433269500732422, 2.757873296737671, 2.795915126800537, 2.6167123317718506, 2.829897880554199, 2.476729154586792, 2.3712191581726074, 2.729329824447632, 2.7344791889190674, 2.5554404258728027, 2.7535746097564697, 2.6351771354675293, 2.6760544776916504, 2.5845448970794678, 2.7015397548675537, 2.4346680641174316]",sae,Pre-64
1,beta,36,0.02,0.4642138821845151,0.4576483090311837,0.4787649322651162,0.5,0.6031055233182893,0.6750265739627441,30,"[0, 1, 2, 3, 4, 5, 6, 7, 8, 9, 10, 11, 12, 13, 14, 15, 16, 17, 18, 19, 20, 21, 22, 23, 24, 25, 26, 27, 28, 29]","[2.3661680221557617, 2.337367057800293, 2.249441385269165, 2.28102970123291, 2.013838529586792, 2.360393524169922, 2.2912423610687256, 1.9413230419158936, 2.358288049697876, 2.298628807067871, 2.3499250411987305, 2.3908448219299316, 2.0334384441375732, 2.3399534225463867, 2.013878107070923, 2.358358144760132, 2.4061214923858643, 2.2065367698669434, 2.437631130218506, 2.071721315383911, 1.9422175884246826, 2.338501453399658, 2.346158027648926, 2.155988931655884, 2.3537495136260986, 2.2270138263702393, 2.2807557582855225, 2.1755239963531494, 2.30574631690979, 2.0251801013946533]",sae,Pre-64
1,beta,0,0.035,0.4600628296558519,0.4487196928272481,0.4363132115669607,0.5,0.6146148452673732,0.723110196520398,30,"[0, 1, 2, 3, 4, 5, 6, 7, 8, 9, 10, 11, 12, 13, 14, 15, 16, 17, 18, 19, 20, 21, 22, 23, 24, 25, 26, 27, 28, 29]","[1.6010875701904297, 1.6242135763168335, 1.6462692022323608, 1.6962193250656128, 1.577031135559082, 1.6298291683197021, 1.6957110166549683, 1.7221122980117798, 1.701953649520874, 1.5996116399765015, 1.6337754726409912, 1.6198642253875732, 1.717122197151184, 1.704956293106079, 1.7215949296951294, 1.6154390573501587, 1.6872302293777466, 1.5896003246307373, 1.5768930912017822, 1.7060657739639282, 1.5855485200881958, 1.579681634902954, 1.700711727142334, 1.6075308322906494, 1.5976829528808594, 1.5697529315948486, 1.6862053871154785, 1.5616188049316406, 1.7192078828811646, 1.5716077089309692]",sae,Pre-64
1,beta,17,0.018,0.4599327030141671,0.4513468217402507,0.4637447476667964,0.5,0.6120635717004715,0.6917163396538472,30,"[0, 1, 2, 3, 4, 5, 6, 7, 8, 9, 10, 11, 12, 13, 14, 15, 16, 17, 18, 19, 20, 21, 22, 23, 24, 25, 26, 27, 28, 29]","[2.397592306137085, 2.3467471599578857, 2.4046037197113037, 2.2433178424835205, 2.397890567779541, 2.096656322479248, 2.1507747173309326, 2.023181676864624, 2.3748083114624023, 2.2918434143066406, 2.4405317306518555, 2.4573419094085693, 2.193747043609619, 2.452160358428955, 2.3346242904663086, 2.0065319538116455, 2.0896809101104736, 2.367547035217285, 2.3602473735809326, 2.180440664291382, 2.303393840789795, 2.3375144004821777, 2.3002212047576904, 2.397334098815918, 2.381889820098877, 2.432159423828125, 2.191293716430664, 2.441953659057617, 2.3934168815612793, 2.150810480117798]",sae,Pre-64
1,beta,23,0.02,0.4478205607315014,0.4344954522622479,0.4508896642785016,0.5,0.6150139710231751,0.6826618619054752,30,"[0, 1, 2, 3, 4, 5, 6, 7, 8, 9, 10, 11, 12, 13, 14, 15, 16, 17, 18, 19, 20, 21, 22, 23, 24, 25, 26, 27, 28, 29]","[2.1138181686401367, 2.421731948852539, 2.3798699378967285, 2.3892812728881836, 2.268580913543701, 2.212106227874756, 2.3064770698547363, 1.935752034187317, 1.9776521921157837, 2.4302585124969482, 2.4289751052856445, 2.1554415225982666, 2.0766963958740234, 2.3346002101898193, 2.3859832286834717, 2.403237819671631, 2.2685353755950928, 1.9779961109161377, 2.1849241256713867, 2.051971912384033, 2.40785551071167, 2.1292130947113037, 2.3016533851623535, 2.43084979057312, 2.1310150623321533, 2.3077304363250732, 1.9057694673538208, 2.3176982402801514, 2.3302087783813477, 2.427260398864746]",sae,Pre-64
1,beta,25,0.028,0.4465066892532915,0.4352791138475453,0.4514702970095782,0.5,0.6270054355300688,0.6595184562855417,30,"[0, 1, 2, 3, 4, 5, 6, 7, 8, 9, 10, 11, 12, 13, 14, 15, 16, 17, 18, 19, 20, 21, 22, 23, 24, 25, 26, 27, 28, 29]","[1.844573736190796, 1.8644737005233765, 1.6819417476654053, 1.9292243719100952, 1.9202039241790771, 1.9114865064620972, 1.8169682025909424, 1.7159186601638794, 1.795439600944519, 1.6969435214996338, 1.9155107736587524, 1.8786683082580566, 1.8758882284164429, 1.7216886281967163, 1.7603464126586914, 1.877888560295105, 1.719200611114502, 1.6606155633926392, 1.7860918045043945, 1.7755916118621826, 1.9094117879867554, 1.696278691291809, 1.8955438137054443, 1.7974185943603516, 1.8369866609573364, 1.73906409740448, 1.9359506368637085, 1.865694522857666, 1.9133076667785645, 1.7901554107666016]",sae,Pre-64
1,beta,17,0.04,0.4599327030141671,0.4513468217402507,0.4479209230649522,0.5,0.6120635717004715,0.6979629578313165,30,"[0, 1, 2, 3, 4, 5, 6, 7, 8, 9, 10, 11, 12, 13, 14, 15, 16, 17, 18, 19, 20, 21, 22, 23, 24, 25, 26, 27, 28, 29]","[1.6403217315673828, 1.5170199871063232, 1.5680229663848877, 1.5519896745681763, 1.6732627153396606, 1.5435781478881836, 1.6053258180618286, 1.4364798069000244, 1.5538649559020996, 1.5855790376663208, 1.6289567947387695, 1.6420960426330566, 1.566732406616211, 1.652114987373352, 1.564410924911499, 1.5462418794631958, 1.6305354833602905, 1.5770879983901978, 1.624397873878479, 1.593025803565979, 1.526265263557434, 1.5928840637207031, 1.436715841293335, 1.5612882375717163, 1.593078851699829, 1.5766475200653076, 1.530430793762207, 1.57496178150177, 1.5524965524673462, 1.6171653270721436]",sae,Pre-64
1,beta,2,0.018,0.4419681213812466,0.4306250660512843,0.4419164999880552,0.5,0.6028191218064636,0.6905602309083322,30,"[0, 1, 2, 3, 4, 5, 6, 7, 8, 9, 10, 11, 12, 13, 14, 15, 16, 17, 18, 19, 20, 21, 22, 23, 24, 25, 26, 27, 28, 29]","[2.0654208660125732, 2.014680862426758, 2.1308929920196533, 2.241650342941284, 2.0856223106384277, 2.4414455890655518, 1.9741928577423096, 2.2191994190216064, 2.1516237258911133, 2.1923983097076416, 2.3292911052703857, 2.1937897205352783, 2.304694175720215, 2.3700127601623535, 2.137216567993164, 2.422760486602783, 2.282864570617676, 2.4322948455810547, 2.416896343231201, 2.3509137630462646, 2.304487705230713, 2.1388814449310303, 2.365603446960449, 2.431241989135742, 1.9273403882980347, 2.2264530658721924, 2.332770586013794, 2.3378114700317383, 2.181049108505249, 2.396833896636963]",sae,Pre-64
1,beta,13,0.0155,0.4619123366083722,0.4531466051409948,0.4570856469541199,0.5,0.6127276801885291,0.7149781604610616,30,"[0, 1, 2, 3, 4, 5, 6, 7, 8, 9, 10, 11, 12, 13, 14, 15, 16, 17, 18, 19, 20, 21, 22, 23, 24, 25, 26, 27, 28, 29]","[2.5055460929870605, 2.4947540760040283, 2.4869492053985596, 2.403424024581909, 2.221135139465332, 2.514739751815796, 2.483928918838501, 2.3960609436035156, 2.193453550338745, 2.41220760345459, 2.5169456005096436, 2.3928000926971436, 2.5212090015411377, 2.1730520725250244, 2.4681990146636963, 2.3941283226013184, 2.412773370742798, 2.417222499847412, 2.3860771656036377, 2.3513076305389404, 2.3971121311187744, 2.1683201789855957, 2.53354811668396, 2.2158820629119873, 2.0504345893859863, 2.1439270973205566, 2.182446002960205, 2.1663506031036377, 2.468165397644043, 2.207613945007324]",sae,Pre-64
1,beta,30,0.018,0.4638407167611665,0.4544841508273655,0.450382400662583,0.5,0.6043368975359404,0.7038432578626564,30,"[0, 1, 2, 3, 4, 5, 6, 7, 8, 9, 10, 11, 12, 13, 14, 15, 16, 17, 18, 19, 20, 21, 22, 23, 24, 25, 26, 27, 28, 29]","[2.391881227493286, 2.3794686794281006, 2.127423048019409, 2.1883904933929443, 2.157174587249756, 2.295635938644409, 2.1517765522003174, 2.1048595905303955, 2.105466842651367, 2.328117847442627, 1.9793044328689575, 2.2385730743408203, 2.237093687057495, 2.241854190826416, 2.3768343925476074, 2.3900704383850098, 2.3119616508483887, 2.2479119300842285, 2.396728038787842, 2.0816445350646973, 2.436995267868042, 2.351055383682251, 2.4708964824676514, 2.383911371231079, 2.167882204055786, 2.301089286804199, 2.1930198669433594, 2.3021326065063477, 2.3493497371673584, 2.072037935256958]",sae,Pre-64
1,beta,0,0.025,0.4600628296558519,0.4487196928272481,0.4386118656734724,0.5,0.6146148452673732,0.7226478313705629,30,"[0, 1, 2, 3, 4, 5, 6, 7, 8, 9, 10, 11, 12, 13, 14, 15, 16, 17, 18, 19, 20, 21, 22, 23, 24, 25, 26, 27, 28, 29]","[1.7247954607009888, 1.732876181602478, 1.7728163003921509, 1.8369840383529663, 1.693510890007019, 1.7636306285858154, 1.833524227142334, 1.856911540031433, 1.832482933998108, 1.6974865198135376, 1.7756799459457397, 1.7132622003555298, 1.8351926803588867, 1.838186264038086, 1.8504844903945923, 1.715698480606079, 1.839674711227417, 1.7234678268432617, 1.7347537279129028, 1.849260687828064, 1.6966238021850586, 1.7166692018508911, 1.8356670141220093, 1.7168909311294556, 1.736289381980896, 1.6968357563018799, 1.8181380033493042, 1.6870101690292358, 1.8674330711364746, 1.6976125240325928]",sae,Pre-64
1,beta,5,0.008,0.4445517550333296,0.4301735816232515,0.4540778697406178,0.5,0.6070910659257547,0.6792815486645456,30,"[0, 1, 2, 3, 4, 5, 6, 7, 8, 9, 10, 11, 12, 13, 14, 15, 16, 17, 18, 19, 20, 21, 22, 23, 24, 25, 26, 27, 28, 29]","[2.6083173751831055, 2.4293887615203857, 2.196429967880249, 2.6127147674560547, 2.5469906330108643, 2.4895529747009277, 2.651801824569702, 2.3440122604370117, 2.5792908668518066, 2.296511173248291, 2.428844928741455, 2.5853536128997803, 2.6340365409851074, 2.40934157371521, 2.575934648513794, 2.4005589485168457, 2.367002487182617, 2.5560824871063232, 2.447754144668579, 2.540353298187256, 2.6344735622406006, 2.5468180179595947, 2.511624813079834, 2.265345335006714, 2.4076461791992188, 2.631574869155884, 2.3567726612091064, 2.530444383621216, 2.6151156425476074, 2.6443493366241455]",sae,Pre-64
1,beta,10,0.014,0.4493907433353129,0.4390813823454372,0.4666998694591531,0.5,0.6232207829487961,0.6736589041587426,30,"[0, 1, 2, 3, 4, 5, 6, 7, 8, 9, 10, 11, 12, 13, 14, 15, 16, 17, 18, 19, 20, 21, 22, 23, 24, 25, 26, 27, 28, 29]","[2.491133451461792, 2.332850694656372, 2.5313215255737305, 2.1882009506225586, 2.535109043121338, 2.4376027584075928, 2.181729555130005, 2.5218780040740967, 2.510942220687866, 2.5728914737701416, 2.439464569091797, 2.367138624191284, 2.333725929260254, 2.2075886726379395, 2.1547179222106934, 2.3427791595458984, 2.4660210609436035, 2.205401659011841, 2.5468499660491943, 2.1742255687713623, 2.1826634407043457, 2.5077695846557617, 2.5260777473449707, 2.56549334526062, 2.5444180965423584, 2.318263530731201, 2.464210033416748, 2.4837138652801514, 2.4850993156433105, 2.509056329727173]",sae,Pre-64
1,beta,48,0.008,0.4556814132376,0.4510566266980289,0.5122033947287347,0.5,0.5923878577171784,0.6007935743972459,30,"[0, 1, 2, 3, 4, 5, 6, 7, 8, 9, 10, 11, 12, 13, 14, 15, 16, 17, 18, 19, 20, 21, 22, 23, 24, 25, 26, 27, 28, 29]","[2.7948620319366455, 2.6011383533477783, 2.4920542240142822, 2.614999294281006, 2.7357680797576904, 2.4206056594848633, 2.4599227905273438, 2.714198350906372, 2.6814138889312744, 2.6492819786071777, 2.49967360496521, 2.7045998573303223, 2.5584263801574707, 2.4093174934387207, 2.4207100868225098, 2.407789468765259, 2.8198602199554443, 2.7786707878112793, 2.740471839904785, 2.678067684173584, 2.3959901332855225, 2.796133041381836, 2.809520959854126, 2.7065696716308594, 2.6618502140045166, 2.7486140727996826, 2.7322535514831543, 2.85554838180542, 2.5773329734802246, 2.7227938175201416]",sae,Pre-64
1,beta,10,0.002,0.4493907433353129,0.4390813823454372,0.4674907459271295,0.5,0.6232207829487961,0.6734177760235386,30,"[0, 1, 2, 3, 4, 5, 6, 7, 8, 9, 10, 11, 12, 13, 14, 15, 16, 17, 18, 19, 20, 21, 22, 23, 24, 25, 26, 27, 28, 29]","[2.7312111854553223, 2.5587918758392334, 2.7662084102630615, 2.4605419635772705, 2.760284423828125, 2.6752142906188965, 2.467271089553833, 2.7569098472595215, 2.7471320629119873, 2.806401491165161, 2.6820900440216064, 2.6417999267578125, 2.6072287559509277, 2.4854471683502197, 2.4422268867492676, 2.6132261753082275, 2.7094948291778564, 2.4814252853393555, 2.781930446624756, 2.446307420730591, 2.4565935134887695, 2.751790761947632, 2.7728004455566406, 2.794597625732422, 2.7766759395599365, 2.548255443572998, 2.710008144378662, 2.7117345333099365, 2.723086357116699, 2.7739787101745605]",sae,Pre-64
1,beta,46,0.029,0.4545712902572906,0.4417269056853911,0.4572540783332662,0.5,0.6270377926330811,0.688861231222369,30,"[0, 1, 2, 3, 4, 5, 6, 7, 8, 9, 10, 11, 12, 13, 14, 15, 16, 17, 18, 19, 20, 21, 22, 23, 24, 25, 26, 27, 28, 29]","[1.6471585035324097, 1.7661794424057007, 1.7466226816177368, 1.735344648361206, 1.6516075134277344, 1.7717461585998535, 1.6674718856811523, 1.8205866813659668, 1.7186909914016724, 1.8345075845718384, 1.5627532005310059, 1.648683786392212, 1.8015185594558716, 1.6494008302688599, 1.6999977827072144, 1.8062169551849365, 1.7137770652770996, 1.7278635501861572, 1.8313146829605103, 1.790691614151001, 1.691706657409668, 1.707756757736206, 1.717125415802002, 1.7281615734100342, 1.7115556001663208, 1.735703706741333, 1.7359331846237183, 1.7526386976242065, 1.701387882232666, 1.7140625715255737]",sae,Pre-64
1,beta,32,0.008,0.4555596844830426,0.4475674839123162,0.4907935399724305,0.5,0.5924839124839124,0.6436962676962678,30,"[0, 1, 2, 3, 4, 5, 6, 7, 8, 9, 10, 11, 12, 13, 14, 15, 16, 17, 18, 19, 20, 21, 22, 23, 24, 25, 26, 27, 28, 29]","[2.6898722648620605, 2.644036054611206, 2.744812250137329, 2.6985442638397217, 2.665220022201538, 2.383131265640259, 2.5990970134735107, 2.637387275695801, 2.609663724899292, 2.525305986404419, 2.456623077392578, 2.6525659561157227, 2.690506935119629, 2.3496222496032715, 2.3646810054779053, 2.32590389251709, 2.576244592666626, 2.5820984840393066, 2.3732147216796875, 2.6080479621887207, 2.6951892375946045, 2.492121696472168, 2.3653743267059326, 2.672020196914673, 2.5164525508880615, 2.5730948448181152, 2.7022225856781006, 2.6378889083862305, 2.6103525161743164, 2.6533236503601074]",sae,Pre-64
1,beta,19,0.0159,0.4469965829377276,0.435497383761294,0.4305691776718543,0.5,0.6104665954706788,0.7173555925495493,30,"[0, 1, 2, 3, 4, 5, 6, 7, 8, 9, 10, 11, 12, 13, 14, 15, 16, 17, 18, 19, 20, 21, 22, 23, 24, 25, 26, 27, 28, 29]","[2.1295135021209717, 2.4513773918151855, 2.3120992183685303, 2.1626224517822266, 2.456568479537964, 2.4972429275512695, 2.386613130569458, 2.197636365890503, 2.410093069076538, 2.5004868507385254, 2.4746286869049072, 2.484710693359375, 2.4650917053222656, 2.0771169662475586, 2.4140920639038086, 2.3179004192352295, 2.269923210144043, 2.504467010498047, 2.051356554031372, 2.0378987789154053, 2.4982261657714844, 2.383803367614746, 2.385755777359009, 2.030689001083374, 1.9777971506118774, 2.422675371170044, 2.555220603942871, 2.4920265674591064, 2.481231689453125, 2.345740556716919]",sae,Pre-64
1,beta,37,0.03,0.4546908257221888,0.444978337644671,0.4367485404729884,0.5,0.6058579085235571,0.7180321338467668,30,"[0, 1, 2, 3, 4, 5, 6, 7, 8, 9, 10, 11, 12, 13, 14, 15, 16, 17, 18, 19, 20, 21, 22, 23, 24, 25, 26, 27, 28, 29]","[1.6470102071762085, 1.7029163837432861, 1.677785873413086, 1.6665745973587036, 1.6183956861495972, 1.7312614917755127, 1.7531319856643677, 1.701991319656372, 1.7525323629379272, 1.7210164070129395, 1.6907607316970825, 1.6722869873046875, 1.7060719728469849, 1.746628761291504, 1.7738072872161865, 1.7024099826812744, 1.7170116901397705, 1.7238892316818237, 1.7177340984344482, 1.6888017654418945, 1.749786138534546, 1.7578988075256348, 1.7808078527450562, 1.7575794458389282, 1.7162290811538696, 1.7527875900268555, 1.7233694791793823, 1.7744537591934204, 1.749407172203064, 1.7695648670196533]",sae,Pre-64
1,beta,32,0.026,0.4555596844830426,0.4475674839123162,0.4794228342404302,0.5,0.5924839124839124,0.6392322118036403,30,"[0, 1, 2, 3, 4, 5, 6, 7, 8, 9, 10, 11, 12, 13, 14, 15, 16, 17, 18, 19, 20, 21, 22, 23, 24, 25, 26, 27, 28, 29]","[1.9084234237670898, 1.832992434501648, 1.9383758306503296, 1.8875690698623657, 1.831255555152893, 1.8462016582489014, 1.8089202642440796, 1.8247162103652954, 1.8038362264633179, 1.7955676317214966, 1.8551684617996216, 1.8426997661590576, 1.8759220838546753, 1.7422553300857544, 1.7622212171554565, 1.7475545406341553, 1.7783933877944946, 1.8811471462249756, 1.7909334897994995, 1.841296672821045, 1.9103413820266724, 1.8633548021316528, 1.7361493110656738, 1.9198051691055298, 1.8688914775848389, 1.762793779373169, 1.9190782308578491, 1.77743399143219, 1.9129105806350708, 1.9013659954071045]",sae,Pre-64
1,beta,1,0.0155,0.4560357198099471,0.4497423189216591,0.463436657730541,0.5,0.5964054457666336,0.6886554398640033,30,"[0, 1, 2, 3, 4, 5, 6, 7, 8, 9, 10, 11, 12, 13, 14, 15, 16, 17, 18, 19, 20, 21, 22, 23, 24, 25, 26, 27, 28, 29]","[2.537095785140991, 2.4246630668640137, 2.4461231231689453, 2.313995122909546, 2.465144634246826, 2.4336495399475098, 2.5162272453308105, 2.0960052013397217, 2.150909423828125, 2.087859630584717, 2.1844193935394287, 2.4816107749938965, 2.5287673473358154, 2.296344041824341, 2.517735719680786, 2.4829516410827637, 2.4458250999450684, 2.4931282997131348, 2.497169256210327, 2.474027156829834, 2.5589256286621094, 2.060145139694214, 2.2887582778930664, 2.418456792831421, 2.437044858932495, 2.11275315284729, 2.4525723457336426, 2.171017646789551, 2.504021167755127, 2.2546398639678955]",sae,Pre-64
1,beta,10,0.03,0.4493907433353129,0.4390813823454372,0.4516979964617433,0.5,0.6232207829487961,0.6764691951630846,30,"[0, 1, 2, 3, 4, 5, 6, 7, 8, 9, 10, 11, 12, 13, 14, 15, 16, 17, 18, 19, 20, 21, 22, 23, 24, 25, 26, 27, 28, 29]","[1.7349618673324585, 1.6290969848632812, 1.805380940437317, 1.7003247737884521, 1.732469081878662, 1.713731050491333, 1.7744061946868896, 1.7675633430480957, 1.728438377380371, 1.8304287195205688, 1.6980899572372437, 1.7720977067947388, 1.7743252515792847, 1.7197871208190918, 1.734249234199524, 1.7512757778167725, 1.772161841392517, 1.6571311950683594, 1.776499629020691, 1.6829888820648193, 1.6946457624435425, 1.7644394636154175, 1.8229961395263672, 1.8276307582855225, 1.793092966079712, 1.660455584526062, 1.7350106239318848, 1.7031705379486084, 1.7530392408370972, 1.844422698020935]",sae,Pre-64
1,beta,13,0.035,0.4619123366083722,0.4531466051409948,0.4456449907053637,0.5,0.6127276801885291,0.711564455181376,30,"[0, 1, 2, 3, 4, 5, 6, 7, 8, 9, 10, 11, 12, 13, 14, 15, 16, 17, 18, 19, 20, 21, 22, 23, 24, 25, 26, 27, 28, 29]","[1.7684077024459839, 1.6317659616470337, 1.7501405477523804, 1.66282057762146, 1.6601581573486328, 1.7582217454910278, 1.686489224433899, 1.674467921257019, 1.6959182024002075, 1.6697098016738892, 1.7643632888793945, 1.6451246738433838, 1.7428430318832397, 1.6742472648620605, 1.7482959032058716, 1.6144392490386963, 1.65467369556427, 1.7008882761001587, 1.7174303531646729, 1.6706931591033936, 1.6675629615783691, 1.6178325414657593, 1.707859992980957, 1.6213939189910889, 1.6434623003005981, 1.6105973720550537, 1.6655770540237427, 1.6006484031677246, 1.716326117515564, 1.6590931415557861]",sae,Pre-64
1,beta,48,0.026,0.4556814132376,0.4510566266980289,0.4972088513923737,0.5,0.5923878577171784,0.5965581577069862,30,"[0, 1, 2, 3, 4, 5, 6, 7, 8, 9, 10, 11, 12, 13, 14, 15, 16, 17, 18, 19, 20, 21, 22, 23, 24, 25, 26, 27, 28, 29]","[1.9152370691299438, 1.852596402168274, 1.7754848003387451, 1.7534695863723755, 1.8172526359558105, 1.727557897567749, 1.7930952310562134, 1.8033421039581299, 1.8004087209701538, 1.7451258897781372, 1.857816219329834, 1.7901673316955566, 1.8558255434036255, 1.7667301893234253, 1.7570613622665405, 1.7820945978164673, 1.9446887969970703, 1.869430422782898, 1.8918195962905884, 1.8047163486480713, 1.7574909925460815, 1.9175688028335571, 1.936324119567871, 1.7925915718078613, 1.7968535423278809, 1.892094612121582, 1.8736588954925537, 1.9404429197311401, 1.734938383102417, 1.8329567909240723]",sae,Pre-64
1,beta,3,0.032,0.4557259332451328,0.444824285747971,0.4764862468562,0.5,0.6042731979176,0.6517616860386128,30,"[0, 1, 2, 3, 4, 5, 6, 7, 8, 9, 10, 11, 12, 13, 14, 15, 16, 17, 18, 19, 20, 21, 22, 23, 24, 25, 26, 27, 28, 29]","[1.7955924272537231, 1.7666642665863037, 1.7873165607452393, 1.8445253372192383, 1.7882918119430542, 1.8963167667388916, 1.7710617780685425, 1.8911787271499634, 1.6459276676177979, 1.8649766445159912, 1.7826324701309204, 1.8947210311889648, 1.8013110160827637, 1.8700867891311646, 1.877367377281189, 1.7899680137634277, 1.7396996021270752, 1.8348032236099243, 1.8261319398880005, 1.769193410873413, 1.6911346912384033, 1.7362070083618164, 1.7450616359710693, 1.8825993537902832, 1.861997127532959, 1.8032357692718506, 1.7764101028442383, 1.7978005409240723, 1.87490975856781, 1.810197353363037]",sae,Pre-64
1,beta,3,0.04,0.4557259332451328,0.444824285747971,0.4762710242749595,0.5,0.6042731979176,0.6517515688819386,30,"[0, 1, 2, 3, 4, 5, 6, 7, 8, 9, 10, 11, 12, 13, 14, 15, 16, 17, 18, 19, 20, 21, 22, 23, 24, 25, 26, 27, 28, 29]","[1.7825027704238892, 1.753474473953247, 1.7741526365280151, 1.8317179679870605, 1.7752130031585693, 1.883533000946045, 1.758005142211914, 1.8783007860183716, 1.6332768201828003, 1.8519490957260132, 1.7697123289108276, 1.8817747831344604, 1.788342833518982, 1.8574084043502808, 1.864373803138733, 1.7769442796707153, 1.7265974283218384, 1.8218693733215332, 1.8133031129837036, 1.756440281867981, 1.6782509088516235, 1.723178744316101, 1.7319343090057373, 1.8695733547210693, 1.848984718322754, 1.7902618646621704, 1.7634104490280151, 1.7847013473510742, 1.861924171447754, 1.797340750694275]",sae,Pre-64
1,beta,34,0.0151,0.4568527557813058,0.4470225010708758,0.4675876511294152,0.5,0.6011606799053854,0.6807116945231775,30,"[0, 1, 2, 3, 4, 5, 6, 7, 8, 9, 10, 11, 12, 13, 14, 15, 16, 17, 18, 19, 20, 21, 22, 23, 24, 25, 26, 27, 28, 29]","[2.2052743434906006, 2.4497151374816895, 2.4404940605163574, 2.449265480041504, 2.271373987197876, 2.162261962890625, 2.478121280670166, 2.4634180068969727, 2.2396795749664307, 2.174541711807251, 2.372534990310669, 2.3003997802734375, 2.3758511543273926, 2.4475226402282715, 2.132929563522339, 2.2946736812591553, 2.458435297012329, 2.4663009643554688, 2.4290826320648193, 2.126239061355591, 2.4629509449005127, 2.477116584777832, 2.29347562789917, 2.3873236179351807, 2.0585973262786865, 2.283290386199951, 2.508608818054199, 2.5235610008239746, 2.388521194458008, 2.3879904747009277]",sae,Pre-64
1,beta,37,0.014,0.4546908257221888,0.444978337644671,0.4472777685657436,0.5,0.6058579085235571,0.7150882413297763,30,"[0, 1, 2, 3, 4, 5, 6, 7, 8, 9, 10, 11, 12, 13, 14, 15, 16, 17, 18, 19, 20, 21, 22, 23, 24, 25, 26, 27, 28, 29]","[2.193403959274292, 2.4383625984191895, 2.1965506076812744, 2.3470754623413086, 2.4166014194488525, 2.4991908073425293, 2.511892795562744, 2.1383183002471924, 2.175276756286621, 2.300999402999878, 2.396294593811035, 2.194185495376587, 2.4454097747802734, 2.3628745079040527, 2.514479160308838, 2.1979808807373047, 2.383256435394287, 2.4470503330230713, 2.2570879459381104, 2.222630023956299, 2.3730721473693848, 2.53044056892395, 2.4951276779174805, 2.48860502243042, 2.4432952404022217, 2.495189905166626, 2.490767478942871, 2.5050549507141113, 2.5021753311157227, 2.5009734630584717]",sae,Pre-64
1,beta,10,0.02,0.4493907433353129,0.4390813823454372,0.4656264983543507,0.5,0.6232207829487961,0.6736660805913379,30,"[0, 1, 2, 3, 4, 5, 6, 7, 8, 9, 10, 11, 12, 13, 14, 15, 16, 17, 18, 19, 20, 21, 22, 23, 24, 25, 26, 27, 28, 29]","[2.341428518295288, 2.181270122528076, 2.378460645675659, 2.0296456813812256, 2.386154890060425, 2.287238836288452, 2.0193076133728027, 2.3711750507354736, 2.3596909046173096, 2.422417640686035, 2.289637565612793, 2.210923910140991, 2.177626609802246, 2.045743942260742, 1.9904205799102783, 2.186896800994873, 2.3137218952178955, 2.048654079437256, 2.3967931270599365, 2.01631236076355, 2.023996114730835, 2.3563811779022217, 2.3728556632995605, 2.414538860321045, 2.395080089569092, 2.1690075397491455, 2.310952663421631, 2.3349008560180664, 2.3338370323181152, 2.353870391845703]",sae,Pre-64
1,beta,3,0.015,0.4557259332451328,0.444824285747971,0.4914226341245334,0.5,0.6042731979176,0.6518108265138879,30,"[0, 1, 2, 3, 4, 5, 6, 7, 8, 9, 10, 11, 12, 13, 14, 15, 16, 17, 18, 19, 20, 21, 22, 23, 24, 25, 26, 27, 28, 29]","[2.4063572883605957, 2.2499606609344482, 2.4528417587280273, 2.4060535430908203, 2.4815709590911865, 2.4306726455688477, 2.496009111404419, 2.536616086959839, 2.4100406169891357, 2.551190137863159, 2.4674668312072754, 2.552082061767578, 2.4824297428131104, 2.5494742393493652, 2.550029754638672, 2.2539050579071045, 2.139493227005005, 2.4555716514587402, 2.3859918117523193, 2.227343797683716, 2.4244043827056885, 2.163632869720459, 2.2046689987182617, 2.549400568008423, 2.519120454788208, 2.512462854385376, 2.264739513397217, 2.4768905639648438, 2.533715009689331, 2.5678176879882812]",sae,Pre-64
1,beta,28,0.025,0.4589844236982603,0.4495627040154577,0.446115155215887,0.5,0.5987249917034086,0.6989418883041767,30,"[0, 1, 2, 3, 4, 5, 6, 7, 8, 9, 10, 11, 12, 13, 14, 15, 16, 17, 18, 19, 20, 21, 22, 23, 24, 25, 26, 27, 28, 29]","[1.7240811586380005, 1.6336541175842285, 1.5932326316833496, 1.7960628271102905, 1.7845674753189087, 1.7275968790054321, 1.725206732749939, 1.630976676940918, 1.716105580329895, 1.7774170637130737, 1.6737486124038696, 1.734357476234436, 1.7670073509216309, 1.8086270093917847, 1.7569080591201782, 1.6408796310424805, 1.6745165586471558, 1.7447272539138794, 1.7535340785980225, 1.7196462154388428, 1.6455022096633911, 1.7032225131988525, 1.712444543838501, 1.6352850198745728, 1.6473753452301025, 1.7671815156936646, 1.7961982488632202, 1.6637860536575317, 1.6611747741699219, 1.653442144393921]",sae,Pre-64
1,beta,28,0.006,0.4589844236982603,0.4495627040154577,0.4579530858120502,0.5,0.5987249917034086,0.69885447778884,30,"[0, 1, 2, 3, 4, 5, 6, 7, 8, 9, 10, 11, 12, 13, 14, 15, 16, 17, 18, 19, 20, 21, 22, 23, 24, 25, 26, 27, 28, 29]","[2.528083086013794, 2.6441516876220703, 2.592372417449951, 2.68295955657959, 2.6257150173187256, 2.538179636001587, 2.733508825302124, 2.4982171058654785, 2.6931018829345703, 2.743767023086548, 2.487152576446533, 2.5197277069091797, 2.704214096069336, 2.6154308319091797, 2.762876510620117, 2.296825408935547, 2.3695437908172607, 2.6929006576538086, 2.511103630065918, 2.6179332733154297, 2.3454349040985107, 2.434877872467041, 2.7148563861846924, 2.643007278442383, 2.3270552158355713, 2.708282232284546, 2.660473346710205, 2.57201886177063, 2.6557698249816895, 2.3243134021759033]",sae,Pre-64
1,beta,31,0.012,0.4497611378811508,0.4308970333737342,0.4503484039500286,0.5,0.642735734520437,0.7088599179048388,30,"[0, 1, 2, 3, 4, 5, 6, 7, 8, 9, 10, 11, 12, 13, 14, 15, 16, 17, 18, 19, 20, 21, 22, 23, 24, 25, 26, 27, 28, 29]","[2.4377169609069824, 2.5898666381835938, 2.469182014465332, 2.287019968032837, 2.3357553482055664, 2.516669750213623, 2.393233299255371, 2.345747709274292, 2.4672510623931885, 2.497370481491089, 2.4821584224700928, 2.2943685054779053, 2.5565803050994873, 2.497741460800171, 2.5630791187286377, 2.499472141265869, 2.1856749057769775, 2.527017831802368, 2.4255640506744385, 2.4906857013702393, 2.531903028488159, 2.4170420169830322, 2.443911552429199, 2.2431681156158447, 2.3135225772857666, 2.5216691493988037, 2.3468258380889893, 2.5726163387298584, 2.386112689971924, 2.4050917625427246]",sae,Pre-64
1,beta,49,0.036,0.462130925118617,0.4524487678230295,0.454928721514462,0.5,0.6141152509743157,0.6858653801004837,30,"[0, 1, 2, 3, 4, 5, 6, 7, 8, 9, 10, 11, 12, 13, 14, 15, 16, 17, 18, 19, 20, 21, 22, 23, 24, 25, 26, 27, 28, 29]","[1.6749000549316406, 1.7557536363601685, 1.7459588050842285, 1.703358769416809, 1.6258972883224487, 1.6674338579177856, 1.8124791383743286, 1.7194864749908447, 1.861171007156372, 1.7637139558792114, 1.7384769916534424, 1.675062894821167, 1.777922511100769, 1.7617378234863281, 1.8360651731491089, 1.8061023950576782, 1.8287121057510376, 1.8502237796783447, 1.6868568658828735, 1.7768921852111816, 1.8312972784042358, 1.6861662864685059, 1.8382582664489746, 1.7475978136062622, 1.6542279720306396, 1.7504428625106812, 1.7704592943191528, 1.6664564609527588, 1.6792376041412354, 1.6657812595367432]",sae,Pre-64
1,beta,27,0.0155,0.4609757262074365,0.4537266978541116,0.4822517434796131,0.5,0.5914172664146189,0.6595815494470583,30,"[0, 1, 2, 3, 4, 5, 6, 7, 8, 9, 10, 11, 12, 13, 14, 15, 16, 17, 18, 19, 20, 21, 22, 23, 24, 25, 26, 27, 28, 29]","[2.392979860305786, 2.569092273712158, 2.199965000152588, 2.403702974319458, 2.5306310653686523, 2.432560682296753, 2.481595516204834, 2.1928904056549072, 2.492335319519043, 2.5247557163238525, 2.220597505569458, 2.5159153938293457, 2.2067458629608154, 2.1797666549682617, 2.2435898780822754, 2.1789064407348633, 2.500392198562622, 2.521843910217285, 2.495231866836548, 2.3358154296875, 2.5664620399475098, 2.1750364303588867, 2.48703932762146, 2.4711828231811523, 2.203162431716919, 2.55613112449646, 2.3593738079071045, 2.511934995651245, 2.3973333835601807, 2.4407596588134766]",sae,Pre-64
1,beta,40,0.028,0.44666181227492,0.4340193094910912,0.4406893148897481,0.5,0.6093636266731638,0.6686792855076216,30,"[0, 1, 2, 3, 4, 5, 6, 7, 8, 9, 10, 11, 12, 13, 14, 15, 16, 17, 18, 19, 20, 21, 22, 23, 24, 25, 26, 27, 28, 29]","[1.8072739839553833, 1.7839103937149048, 1.6994911432266235, 1.6539148092269897, 1.7104156017303467, 1.7154182195663452, 1.719234824180603, 1.7650411128997803, 1.7317774295806885, 1.7926077842712402, 1.637872576713562, 1.6526306867599487, 1.7484989166259766, 1.7207248210906982, 1.6802618503570557, 1.7936540842056274, 1.7461004257202148, 1.667028546333313, 1.6872925758361816, 1.740621566772461, 1.6230888366699219, 1.658668875694275, 1.7945111989974976, 1.6663131713867188, 1.7791672945022583, 1.6543223857879639, 1.76338791847229, 1.7340490818023682, 1.8061870336532593, 1.6471099853515625]",sae,Pre-64
1,beta,49,0.0159,0.462130925118617,0.4524487678230295,0.4689696115397019,0.5,0.6141152509743157,0.6877817298211015,30,"[0, 1, 2, 3, 4, 5, 6, 7, 8, 9, 10, 11, 12, 13, 14, 15, 16, 17, 18, 19, 20, 21, 22, 23, 24, 25, 26, 27, 28, 29]","[2.1855993270874023, 2.258065938949585, 2.461859941482544, 2.1433496475219727, 2.25002384185791, 2.0911927223205566, 2.515294075012207, 2.5207679271698, 2.4420440196990967, 2.5173068046569824, 2.523484945297241, 2.231785297393799, 2.4005820751190186, 2.504624128341675, 2.565645456314087, 2.4527671337127686, 2.5461065769195557, 2.529435157775879, 2.5122432708740234, 2.2933011054992676, 2.5759639739990234, 2.1847829818725586, 2.5354180335998535, 2.4160101413726807, 2.385899543762207, 2.5256712436676025, 2.273390769958496, 2.3811392784118652, 2.4426209926605225, 2.12992787361145]",sae,Pre-64
1,beta,6,0.026,0.4540822999211705,0.4457917896713532,0.4522378557081333,0.5,0.5933447799067053,0.6652667406135567,30,"[0, 1, 2, 3, 4, 5, 6, 7, 8, 9, 10, 11, 12, 13, 14, 15, 16, 17, 18, 19, 20, 21, 22, 23, 24, 25, 26, 27, 28, 29]","[1.681412696838379, 1.7258803844451904, 1.6085937023162842, 1.7437220811843872, 1.597996711730957, 1.6453280448913574, 1.6234017610549927, 1.6761598587036133, 1.5797706842422485, 1.7049384117126465, 1.6262191534042358, 1.5864734649658203, 1.6275616884231567, 1.581576943397522, 1.3948113918304443, 1.7222187519073486, 1.6039738655090332, 1.669875979423523, 1.6609536409378052, 1.6583353281021118, 1.6461373567581177, 1.5907814502716064, 1.7201043367385864, 1.6294560432434082, 1.5895097255706787, 1.6685988903045654, 1.6341603994369507, 1.5754283666610718, 1.6344367265701294, 1.6805121898651123]",sae,Pre-64
1,beta,26,0.038,0.4502231978181314,0.4442488029476733,0.4656956503859726,0.5,0.5832450787939482,0.6463895400276802,30,"[0, 1, 2, 3, 4, 5, 6, 7, 8, 9, 10, 11, 12, 13, 14, 15, 16, 17, 18, 19, 20, 21, 22, 23, 24, 25, 26, 27, 28, 29]","[1.581271767616272, 1.5849661827087402, 1.7605229616165161, 1.5335028171539307, 1.611284852027893, 1.655598521232605, 1.6575309038162231, 1.5555895566940308, 1.6714969873428345, 1.6128854751586914, 1.5297844409942627, 1.7684051990509033, 1.69910728931427, 1.6503807306289673, 1.73139226436615, 1.6134926080703735, 1.6597118377685547, 1.5164768695831299, 1.6747804880142212, 1.6114418506622314, 1.5756831169128418, 1.7390475273132324, 1.626330852508545, 1.661012887954712, 1.7486070394515991, 1.7260680198669434, 1.5982810258865356, 1.6588327884674072, 1.486018180847168, 1.5629725456237793]",sae,Pre-64
1,beta,31,0.04,0.4497611378811508,0.4308970333737342,0.4351361138223901,0.5,0.642735734520437,0.7111088628085794,30,"[0, 1, 2, 3, 4, 5, 6, 7, 8, 9, 10, 11, 12, 13, 14, 15, 16, 17, 18, 19, 20, 21, 22, 23, 24, 25, 26, 27, 28, 29]","[1.7130470275878906, 1.6714951992034912, 1.5628904104232788, 1.6015920639038086, 1.6370744705200195, 1.7468984127044678, 1.5953773260116577, 1.6605273485183716, 1.6020570993423462, 1.6956796646118164, 1.6218279600143433, 1.6637831926345825, 1.7022351026535034, 1.568071722984314, 1.6969553232192993, 1.6268651485443115, 1.6333078145980835, 1.6675854921340942, 1.6767849922180176, 1.6370919942855835, 1.7154330015182495, 1.6455029249191284, 1.7052946090698242, 1.6420838832855225, 1.654805302619934, 1.6841508150100708, 1.5646886825561523, 1.7223424911499023, 1.5635906457901, 1.6588305234909058]",sae,Pre-64
1,beta,19,0.008,0.4469965829377276,0.435497383761294,0.4316100372937996,0.5,0.6104665954706788,0.7180356189339447,30,"[0, 1, 2, 3, 4, 5, 6, 7, 8, 9, 10, 11, 12, 13, 14, 15, 16, 17, 18, 19, 20, 21, 22, 23, 24, 25, 26, 27, 28, 29]","[2.3376967906951904, 2.65183424949646, 2.5203123092651367, 2.374899387359619, 2.653207540512085, 2.6939539909362793, 2.5877315998077393, 2.410268783569336, 2.609590530395508, 2.704519271850586, 2.682297468185425, 2.690099000930786, 2.6659247875213623, 2.2893757820129395, 2.611145496368408, 2.523026466369629, 2.480886220932007, 2.708070993423462, 2.2715890407562256, 2.252265691757202, 2.705399990081787, 2.5856058597564697, 2.587515354156494, 2.2451930046081543, 2.1929571628570557, 2.6308646202087402, 2.7561774253845215, 2.6900062561035156, 2.678452968597412, 2.5473458766937256]",sae,Pre-64
1,beta,35,0.024,0.4566193215888805,0.4379483378046387,0.4394461906733717,0.5,0.637290178651746,0.7159638138759453,30,"[0, 1, 2, 3, 4, 5, 6, 7, 8, 9, 10, 11, 12, 13, 14, 15, 16, 17, 18, 19, 20, 21, 22, 23, 24, 25, 26, 27, 28, 29]","[1.7107155323028564, 1.8370417356491089, 1.8859587907791138, 1.7982499599456787, 1.840559720993042, 1.8034123182296753, 1.7496932744979858, 1.9045623540878296, 1.9308080673217773, 1.7989063262939453, 1.8746020793914795, 1.7222474813461304, 1.7975623607635498, 1.7202829122543335, 1.8017710447311401, 1.720482349395752, 1.8894217014312744, 1.719166874885559, 1.8304989337921143, 1.713821530342102, 1.719069004058838, 1.72037935256958, 1.7667113542556763, 1.7341488599777222, 1.7956427335739136, 1.8440810441970825, 1.7197421789169312, 1.8202729225158691, 1.912706732749939, 1.8264672756195068]",sae,Pre-64
1,beta,40,0.01,0.44666181227492,0.4340193094910912,0.4571998806761371,0.5,0.6093636266731638,0.6668275746547078,30,"[0, 1, 2, 3, 4, 5, 6, 7, 8, 9, 10, 11, 12, 13, 14, 15, 16, 17, 18, 19, 20, 21, 22, 23, 24, 25, 26, 27, 28, 29]","[2.654123306274414, 2.6006088256835938, 2.5302562713623047, 2.3077282905578613, 2.6397829055786133, 2.611928701400757, 2.499490261077881, 2.5780909061431885, 2.601702928543091, 2.520902633666992, 2.1866769790649414, 2.2362899780273438, 2.443695545196533, 2.496978521347046, 2.466130018234253, 2.6260573863983154, 2.592190742492676, 2.2037038803100586, 2.3287179470062256, 2.4259893894195557, 2.4478182792663574, 2.4850382804870605, 2.5472404956817627, 2.2233383655548096, 2.624032974243164, 2.1684250831604004, 2.6017448902130127, 2.571498155593872, 2.6622414588928223, 2.5199007987976074]",sae,Pre-64
1,beta,35,0.005,0.4566193215888805,0.4379483378046387,0.4484481338409833,0.5,0.637290178651746,0.7184870673887098,30,"[0, 1, 2, 3, 4, 5, 6, 7, 8, 9, 10, 11, 12, 13, 14, 15, 16, 17, 18, 19, 20, 21, 22, 23, 24, 25, 26, 27, 28, 29]","[2.3496103286743164, 2.7169411182403564, 2.7755846977233887, 2.605358362197876, 2.7244391441345215, 2.5563132762908936, 2.678821325302124, 2.729268789291382, 2.7879323959350586, 2.695688247680664, 2.5282435417175293, 2.4274418354034424, 2.6415140628814697, 2.558605670928955, 2.5527453422546387, 2.610142707824707, 2.7323453426361084, 2.41347336769104, 2.5776031017303467, 2.4456634521484375, 2.368431329727173, 2.3458025455474854, 2.4824159145355225, 2.618042230606079, 2.726367473602295, 2.6918864250183105, 2.356078863143921, 2.715212345123291, 2.786813259124756, 2.6651532649993896]",sae,Pre-64
1,beta,16,0.029,0.4519396108125126,0.4401978349795346,0.437387622296794,0.5,0.6159012314439947,0.7205378229226913,30,"[0, 1, 2, 3, 4, 5, 6, 7, 8, 9, 10, 11, 12, 13, 14, 15, 16, 17, 18, 19, 20, 21, 22, 23, 24, 25, 26, 27, 28, 29]","[1.6533527374267578, 1.5667303800582886, 1.6238099336624146, 1.688804030418396, 1.7039837837219238, 1.6007945537567139, 1.7020289897918701, 1.646985411643982, 1.5970664024353027, 1.7030962705612183, 1.7099615335464478, 1.6469497680664062, 1.6216953992843628, 1.593148946762085, 1.6199694871902466, 1.6323881149291992, 1.6397379636764526, 1.5589271783828735, 1.5996609926223755, 1.6940279006958008, 1.7185267210006714, 1.6806700229644775, 1.6841206550598145, 1.6834259033203125, 1.576645851135254, 1.6742291450500488, 1.6348673105239868, 1.5990298986434937, 1.5712010860443115, 1.6126445531845093]",sae,Pre-64
1,beta,1,0.004,0.4560357198099471,0.4497423189216591,0.4651260480471672,0.5,0.5964054457666336,0.6887572602351608,30,"[0, 1, 2, 3, 4, 5, 6, 7, 8, 9, 10, 11, 12, 13, 14, 15, 16, 17, 18, 19, 20, 21, 22, 23, 24, 25, 26, 27, 28, 29]","[2.8196003437042236, 2.7068612575531006, 2.7221033573150635, 2.599790334701538, 2.7522194385528564, 2.7101316452026367, 2.795123338699341, 2.396376132965088, 2.4374520778656006, 2.3826894760131836, 2.4709978103637695, 2.7627391815185547, 2.8107473850250244, 2.5819294452667236, 2.8014841079711914, 2.7636165618896484, 2.7205066680908203, 2.769575357437134, 2.7826786041259766, 2.7600812911987305, 2.8382816314697266, 2.363748073577881, 2.581566095352173, 2.6975858211517334, 2.712780475616455, 2.399603843688965, 2.730604887008667, 2.466747283935547, 2.788254499435425, 2.545217514038086]",sae,Pre-64
1,beta,24,0.03,0.4501416387440968,0.4383559369047743,0.453687483156264,0.5,0.6188330126613704,0.645264399205561,30,"[0, 1, 2, 3, 4, 5, 6, 7, 8, 9, 10, 11, 12, 13, 14, 15, 16, 17, 18, 19, 20, 21, 22, 23, 24, 25, 26, 27, 28, 29]","[1.7419323921203613, 1.5896522998809814, 1.644308090209961, 1.743322730064392, 1.7358406782150269, 1.6025601625442505, 1.6574344635009766, 1.6422491073608398, 1.7097855806350708, 1.6141434907913208, 1.6911567449569702, 1.6146318912506104, 1.7442070245742798, 1.7358076572418213, 1.6540260314941406, 1.6016368865966797, 1.7495877742767334, 1.55110502243042, 1.6204297542572021, 1.7465167045593262, 1.7209328413009644, 1.7281005382537842, 1.608140230178833, 1.6973364353179932, 1.5748484134674072, 1.5597760677337646, 1.705320954322815, 1.5738273859024048, 1.7438721656799316, 1.6402711868286133]",sae,Pre-64
1,beta,14,0.006,0.4467366851483266,0.4421697276018216,0.460266708173318,0.5,0.5934222168898753,0.6883546543889382,30,"[0, 1, 2, 3, 4, 5, 6, 7, 8, 9, 10, 11, 12, 13, 14, 15, 16, 17, 18, 19, 20, 21, 22, 23, 24, 25, 26, 27, 28, 29]","[2.350952386856079, 2.5078072547912598, 2.6671581268310547, 2.6102921962738037, 2.424596071243286, 2.7043910026550293, 2.3369457721710205, 2.68093204498291, 2.7354605197906494, 2.8065006732940674, 2.588327407836914, 2.6921331882476807, 2.7531323432922363, 2.773695945739746, 2.615436553955078, 2.4554905891418457, 2.786702871322632, 2.775108575820923, 2.5763988494873047, 2.334716796875, 2.3745932579040527, 2.535400867462158, 2.6679892539978027, 2.46220326423645, 2.800830841064453, 2.766636371612549, 2.7560739517211914, 2.7199463844299316, 2.612708806991577, 2.778081178665161]",sae,Pre-64
1,beta,1,0.035,0.4560357198099471,0.4497423189216591,0.4540109523489813,0.5,0.5964054457666336,0.6836116423478302,30,"[0, 1, 2, 3, 4, 5, 6, 7, 8, 9, 10, 11, 12, 13, 14, 15, 16, 17, 18, 19, 20, 21, 22, 23, 24, 25, 26, 27, 28, 29]","[1.7620965242385864, 1.6185041666030884, 1.7121832370758057, 1.5845245122909546, 1.7262781858444214, 1.5675444602966309, 1.6361491680145264, 1.6401400566101074, 1.5424739122390747, 1.6208640336990356, 1.6412463188171387, 1.6992381811141968, 1.7469751834869385, 1.6009002923965454, 1.7403624057769775, 1.632598876953125, 1.5816831588745117, 1.6596999168395996, 1.720841646194458, 1.7428696155548096, 1.7610726356506348, 1.6383529901504517, 1.6635279655456543, 1.6146433353424072, 1.5800836086273193, 1.5878490209579468, 1.6599831581115723, 1.6330190896987915, 1.7486106157302856, 1.668632984161377]",sae,Pre-64
1,beta,8,0.034,0.4517491928182039,0.4406431065890545,0.4441966582610556,0.5,0.6098144493254953,0.6807552188337825,30,"[0, 1, 2, 3, 4, 5, 6, 7, 8, 9, 10, 11, 12, 13, 14, 15, 16, 17, 18, 19, 20, 21, 22, 23, 24, 25, 26, 27, 28, 29]","[1.6996411085128784, 1.8050340414047241, 1.690295696258545, 1.6978518962860107, 1.8110098838806152, 1.733269453048706, 1.775057077407837, 1.670297384262085, 1.6908067464828491, 1.781380295753479, 1.810882329940796, 1.7252165079116821, 1.6305725574493408, 1.6904155015945435, 1.757338047027588, 1.6830589771270752, 1.6450426578521729, 1.7290902137756348, 1.6147762537002563, 1.7414031028747559, 1.6700706481933594, 1.6234843730926514, 1.763396978378296, 1.7166906595230103, 1.7647385597229004, 1.768788456916809, 1.668180227279663, 1.749567985534668, 1.7407368421554565, 1.769065260887146]",sae,Pre-64
1,beta,41,0.025,0.4543678569363413,0.4427951465832617,0.459860740163688,0.5,0.6190905384235713,0.6770574475847121,30,"[0, 1, 2, 3, 4, 5, 6, 7, 8, 9, 10, 11, 12, 13, 14, 15, 16, 17, 18, 19, 20, 21, 22, 23, 24, 25, 26, 27, 28, 29]","[1.6914892196655273, 1.8350739479064941, 1.7859424352645874, 1.6761740446090698, 1.7055217027664185, 1.8841552734375, 1.7127468585968018, 1.8046162128448486, 1.7369859218597412, 1.8482961654663086, 1.8574813604354858, 1.7931002378463745, 1.792396068572998, 1.836302399635315, 1.8640022277832031, 1.7273578643798828, 1.808463215827942, 1.8136341571807861, 1.8654793500900269, 1.8182768821716309, 1.7237673997879028, 1.777198314666748, 1.755990982055664, 1.8004977703094482, 1.745396375656128, 1.700347661972046, 1.8315761089324951, 1.8486920595169067, 1.8048772811889648, 1.6900660991668701]",sae,Pre-64
1,beta,1,0.022,0.4560357198099471,0.4497423189216591,0.4624234993273381,0.5,0.5964054457666336,0.6886096944798603,30,"[0, 1, 2, 3, 4, 5, 6, 7, 8, 9, 10, 11, 12, 13, 14, 15, 16, 17, 18, 19, 20, 21, 22, 23, 24, 25, 26, 27, 28, 29]","[2.3827404975891113, 2.2704226970672607, 2.2953763008117676, 2.157822608947754, 2.307272434234619, 2.282914876937866, 2.3640360832214355, 1.9299767017364502, 1.994141936302185, 1.9261891841888428, 2.0277180671691895, 2.3279683589935303, 2.374751091003418, 2.1394879817962646, 2.362461566925049, 2.3295130729675293, 2.296212911605835, 2.3425309658050537, 2.3408308029174805, 2.3175837993621826, 2.4065098762512207, 1.8923546075820923, 2.128152370452881, 2.2660720348358154, 2.2869279384613037, 1.9559340476989746, 2.300924777984619, 2.0079855918884277, 2.3487727642059326, 2.0950655937194824]",sae,Pre-64
1,beta,23,0.014,0.4478205607315014,0.4344954522622479,0.451831962282363,0.5,0.6150139710231751,0.6829553517263706,30,"[0, 1, 2, 3, 4, 5, 6, 7, 8, 9, 10, 11, 12, 13, 14, 15, 16, 17, 18, 19, 20, 21, 22, 23, 24, 25, 26, 27, 28, 29]","[2.2656285762786865, 2.5689542293548584, 2.5272421836853027, 2.5387461185455322, 2.4133803844451904, 2.3592913150787354, 2.460124969482422, 2.0924477577209473, 2.1316442489624023, 2.5781643390655518, 2.575699806213379, 2.3074052333831787, 2.228811264038086, 2.482544422149658, 2.5323362350463867, 2.553691864013672, 2.413290023803711, 2.138334035873413, 2.332799196243286, 2.2025179862976074, 2.555321455001831, 2.2858569622039795, 2.447235584259033, 2.5797507762908936, 2.2891736030578613, 2.4546990394592285, 2.06441593170166, 2.4675631523132324, 2.475316286087036, 2.576399564743042]",sae,Pre-64
1,beta,14,0.0155,0.4467366851483266,0.4421697276018216,0.458266146749462,0.5,0.5934222168898753,0.6887760764258613,30,"[0, 1, 2, 3, 4, 5, 6, 7, 8, 9, 10, 11, 12, 13, 14, 15, 16, 17, 18, 19, 20, 21, 22, 23, 24, 25, 26, 27, 28, 29]","[2.08453631401062, 2.2623062133789062, 2.4269044399261475, 2.3582100868225098, 2.1618704795837402, 2.4619979858398438, 2.079268217086792, 2.4267570972442627, 2.4944283962249756, 2.5642099380493164, 2.3442931175231934, 2.446355104446411, 2.5076801776885986, 2.5289864540100098, 2.365663766860962, 2.2024433612823486, 2.5403380393981934, 2.5284416675567627, 2.320852756500244, 2.0774476528167725, 2.1131021976470947, 2.285780191421509, 2.4244372844696045, 2.2096831798553467, 2.5576910972595215, 2.5197787284851074, 2.5136640071868896, 2.4680898189544678, 2.356567621231079, 2.5385169982910156]",sae,Pre-64
1,beta,41,0.006,0.4543678569363413,0.4427951465832617,0.473779588746625,0.5,0.6190905384235713,0.6745445181227064,30,"[0, 1, 2, 3, 4, 5, 6, 7, 8, 9, 10, 11, 12, 13, 14, 15, 16, 17, 18, 19, 20, 21, 22, 23, 24, 25, 26, 27, 28, 29]","[2.3360719680786133, 2.7758922576904297, 2.633906364440918, 2.591599225997925, 2.4560842514038086, 2.801419734954834, 2.637425184249878, 2.76387357711792, 2.6349263191223145, 2.760685443878174, 2.789389133453369, 2.727567672729492, 2.455322027206421, 2.5752053260803223, 2.7605535984039307, 2.368359088897705, 2.6805014610290527, 2.7526330947875977, 2.6779110431671143, 2.568343162536621, 2.506765127182007, 2.7373545169830322, 2.678159236907959, 2.5456655025482178, 2.6804728507995605, 2.3356640338897705, 2.4920411109924316, 2.7651443481445312, 2.526066780090332, 2.482578754425049]",sae,Pre-64
1,beta,3,0.018,0.4557259332451328,0.444824285747971,0.4908194678922066,0.5,0.6042731979176,0.6518758653782226,30,"[0, 1, 2, 3, 4, 5, 6, 7, 8, 9, 10, 11, 12, 13, 14, 15, 16, 17, 18, 19, 20, 21, 22, 23, 24, 25, 26, 27, 28, 29]","[2.3397343158721924, 2.1837620735168457, 2.3874592781066895, 2.338557720184326, 2.417022466659546, 2.3628952503204346, 2.4323408603668213, 2.470121145248413, 2.346684217453003, 2.4858648777008057, 2.402527332305908, 2.4867541790008545, 2.417977809906006, 2.484898328781128, 2.4846861362457275, 2.186152696609497, 2.069394111633301, 2.3919403553009033, 2.3188438415527344, 2.1589622497558594, 2.3607337474823, 2.0946738719940186, 2.1352193355560303, 2.4832711219787598, 2.454920768737793, 2.448439121246338, 2.197802782058716, 2.4115145206451416, 2.4683218002319336, 2.5044867992401123]",sae,Pre-64
1,beta,37,0.002,0.4546908257221888,0.444978337644671,0.4488355743878965,0.5,0.6058579085235571,0.7148453060682511,30,"[0, 1, 2, 3, 4, 5, 6, 7, 8, 9, 10, 11, 12, 13, 14, 15, 16, 17, 18, 19, 20, 21, 22, 23, 24, 25, 26, 27, 28, 29]","[2.468550205230713, 2.7113420963287354, 2.4813365936279297, 2.6170401573181152, 2.6820144653320312, 2.766960620880127, 2.7854554653167725, 2.428417921066284, 2.462371826171875, 2.580460786819458, 2.667783260345459, 2.471038341522217, 2.7134149074554443, 2.642338514328003, 2.7850992679595947, 2.4808971881866455, 2.660109043121338, 2.7191832065582275, 2.5379137992858887, 2.504857063293457, 2.6524546146392822, 2.7974326610565186, 2.766864538192749, 2.7603349685668945, 2.7103893756866455, 2.767794132232666, 2.7591967582702637, 2.7769863605499268, 2.773007392883301, 2.7721047401428223]",sae,Pre-64
1,beta,10,0.028,0.4493907433353129,0.4390813823454372,0.4517395279709749,0.5,0.6232207829487961,0.67646058344397,30,"[0, 1, 2, 3, 4, 5, 6, 7, 8, 9, 10, 11, 12, 13, 14, 15, 16, 17, 18, 19, 20, 21, 22, 23, 24, 25, 26, 27, 28, 29]","[1.7379999160766602, 1.6320903301239014, 1.8084269762039185, 1.7033705711364746, 1.7355135679244995, 1.716779351234436, 1.7774730920791626, 1.77060067653656, 1.7313635349273682, 1.8334394693374634, 1.7011812925338745, 1.775144338607788, 1.7773516178131104, 1.7227905988693237, 1.7373472452163696, 1.7543418407440186, 1.7752318382263184, 1.6601989269256592, 1.779505729675293, 1.68600332736969, 1.6976569890975952, 1.767464280128479, 1.826033115386963, 1.8306653499603271, 1.7960901260375977, 1.6635292768478394, 1.7380714416503906, 1.7062393426895142, 1.7560769319534302, 1.8474230766296387]",sae,Pre-64
1,beta,42,0.022,0.4546678683050885,0.4407690563496341,0.4749134016151776,0.5,0.6336081445133979,0.6585215519314956,30,"[0, 1, 2, 3, 4, 5, 6, 7, 8, 9, 10, 11, 12, 13, 14, 15, 16, 17, 18, 19, 20, 21, 22, 23, 24, 25, 26, 27, 28, 29]","[2.356552839279175, 2.2593374252319336, 2.3631386756896973, 2.401371479034424, 2.177334785461426, 2.352388620376587, 2.357219696044922, 2.2941694259643555, 2.2012460231781006, 2.215343475341797, 2.1013259887695312, 2.3907575607299805, 2.295680522918701, 2.245042085647583, 2.4099087715148926, 2.0003154277801514, 1.8368185758590698, 2.2224583625793457, 2.082181453704834, 2.2595221996307373, 2.336005926132202, 1.8994685411453247, 2.4244754314422607, 2.027693271636963, 2.001044988632202, 2.1139307022094727, 2.4349145889282227, 1.897745966911316, 2.3384346961975098, 2.093229293823242]",sae,Pre-64
1,beta,6,0.008,0.4540822999211705,0.4457917896713532,0.4657114569512688,0.5,0.5933447799067053,0.6655189704161792,30,"[0, 1, 2, 3, 4, 5, 6, 7, 8, 9, 10, 11, 12, 13, 14, 15, 16, 17, 18, 19, 20, 21, 22, 23, 24, 25, 26, 27, 28, 29]","[2.351707696914673, 2.6224923133850098, 2.2865066528320312, 2.6484181880950928, 2.4905998706817627, 2.569733142852783, 2.560786485671997, 2.5764126777648926, 2.2767105102539062, 2.60561203956604, 2.5691745281219482, 2.4677343368530273, 2.5837275981903076, 2.4513282775878906, 2.3809618949890137, 2.6541364192962646, 2.3562607765197754, 2.366767406463623, 2.3672661781311035, 2.5480949878692627, 2.409353494644165, 2.467766046524048, 2.5967750549316406, 2.260497808456421, 2.5376086235046387, 2.485311985015869, 2.629279375076294, 2.285025119781494, 2.280031442642212, 2.6030466556549072]",sae,Pre-64
1,beta,37,0.02,0.4546908257221888,0.444978337644671,0.4464516208011745,0.5,0.6058579085235571,0.7153394756219746,30,"[0, 1, 2, 3, 4, 5, 6, 7, 8, 9, 10, 11, 12, 13, 14, 15, 16, 17, 18, 19, 20, 21, 22, 23, 24, 25, 26, 27, 28, 29]","[2.059218645095825, 2.3055615425109863, 2.057199239730835, 2.2157747745513916, 2.287980556488037, 2.369231939315796, 2.3786780834198, 1.9957876205444336, 2.03548002243042, 2.165010690689087, 2.264406204223633, 2.0592010021209717, 2.3152554035186768, 2.226400136947632, 2.383009910583496, 2.0598342418670654, 2.2482612133026123, 2.3146462440490723, 2.120218515396118, 2.084686279296875, 2.2368862628936768, 2.400846242904663, 2.3630170822143555, 2.3564751148223877, 2.3136441707611084, 2.3625266551971436, 2.360454797744751, 2.372851848602295, 2.3706042766571045, 2.3692047595977783]",sae,Pre-64
1,beta,34,0.034,0.4568527557813058,0.4470225010708758,0.4535548374726741,0.5,0.6011606799053854,0.6789832687224415,30,"[0, 1, 2, 3, 4, 5, 6, 7, 8, 9, 10, 11, 12, 13, 14, 15, 16, 17, 18, 19, 20, 21, 22, 23, 24, 25, 26, 27, 28, 29]","[1.6222727298736572, 1.7269209623336792, 1.7287119626998901, 1.6652252674102783, 1.6099642515182495, 1.64206862449646, 1.673261046409607, 1.6224101781845093, 1.5902364253997803, 1.6255971193313599, 1.7027826309204102, 1.492558479309082, 1.7239117622375488, 1.6149096488952637, 1.5874969959259033, 1.6290011405944824, 1.737294316291809, 1.727847933769226, 1.6440925598144531, 1.6103310585021973, 1.6650432348251343, 1.7362819910049438, 1.688584327697754, 1.7419073581695557, 1.6028037071228027, 1.5719389915466309, 1.7540291547775269, 1.755223035812378, 1.7239724397659302, 1.7379400730133057]",sae,Pre-64
1,beta,21,0.034,0.4504746503440228,0.4381370334360364,0.4439935392004202,0.5,0.6200058082774133,0.6872412535992782,30,"[0, 1, 2, 3, 4, 5, 6, 7, 8, 9, 10, 11, 12, 13, 14, 15, 16, 17, 18, 19, 20, 21, 22, 23, 24, 25, 26, 27, 28, 29]","[1.6180455684661865, 1.690078854560852, 1.8105283975601196, 1.8055204153060913, 1.8094133138656616, 1.7631851434707642, 1.6430765390396118, 1.6788665056228638, 1.8075881004333496, 1.6694473028182983, 1.77485990524292, 1.8027249574661255, 1.6419892311096191, 1.7015351057052612, 1.6955420970916748, 1.6436818838119507, 1.657999038696289, 1.6750357151031494, 1.6410796642303467, 1.803768515586853, 1.5955495834350586, 1.7994059324264526, 1.59469735622406, 1.6200801134109497, 1.660618782043457, 1.647908329963684, 1.6203397512435913, 1.6664540767669678, 1.7488429546356201, 1.7473514080047607]",sae,Pre-64
1,beta,42,0.004,0.4546678683050885,0.4407690563496341,0.4788105270032388,0.5,0.6336081445133979,0.6572572401019867,30,"[0, 1, 2, 3, 4, 5, 6, 7, 8, 9, 10, 11, 12, 13, 14, 15, 16, 17, 18, 19, 20, 21, 22, 23, 24, 25, 26, 27, 28, 29]","[2.801196575164795, 2.6851723194122314, 2.8066585063934326, 2.844588279724121, 2.63698673248291, 2.7972588539123535, 2.793816566467285, 2.7308349609375, 2.6348650455474854, 2.6803431510925293, 2.5655622482299805, 2.834009885787964, 2.7280120849609375, 2.674436092376709, 2.8515377044677734, 2.466139316558838, 2.3140528202056885, 2.6543240547180176, 2.5459892749786377, 2.721010684967041, 2.7698006629943848, 2.379599094390869, 2.852969169616699, 2.483729600906372, 2.4668567180633545, 2.553314685821533, 2.8754098415374756, 2.3697423934936523, 2.7724368572235107, 2.5555930137634277]",sae,Pre-64
1,beta,31,0.018,0.4497611378811508,0.4308970333737342,0.4492868620609617,0.5,0.642735734520437,0.7090297450424929,30,"[0, 1, 2, 3, 4, 5, 6, 7, 8, 9, 10, 11, 12, 13, 14, 15, 16, 17, 18, 19, 20, 21, 22, 23, 24, 25, 26, 27, 28, 29]","[2.295989513397217, 2.4547510147094727, 2.334078073501587, 2.1467766761779785, 2.194784164428711, 2.374772310256958, 2.254615068435669, 2.2044248580932617, 2.3309597969055176, 2.3560736179351807, 2.345658779144287, 2.1481494903564453, 2.4187521934509277, 2.360276222229004, 2.4250783920288086, 2.363741159439087, 2.0398833751678467, 2.3875391483306885, 2.285405158996582, 2.351377248764038, 2.3956637382507324, 2.2802560329437256, 2.311711549758911, 2.0957999229431152, 2.1702706813812256, 2.383157730102539, 2.2073168754577637, 2.435001850128174, 2.249241828918457, 2.2636775970458984]",sae,Pre-64
1,beta,14,0.035,0.4467366851483266,0.4421697276018216,0.4400379274017553,0.5,0.5934222168898753,0.6937431575158597,30,"[0, 1, 2, 3, 4, 5, 6, 7, 8, 9, 10, 11, 12, 13, 14, 15, 16, 17, 18, 19, 20, 21, 22, 23, 24, 25, 26, 27, 28, 29]","[1.5822584629058838, 1.4851347208023071, 1.6040513515472412, 1.64024817943573, 1.6082892417907715, 1.6100494861602783, 1.5497674942016602, 1.7145456075668335, 1.608357310295105, 1.6870108842849731, 1.5480926036834717, 1.5729007720947266, 1.5948878526687622, 1.6854840517044067, 1.63881254196167, 1.6115772724151611, 1.706985592842102, 1.704215407371521, 1.6219018697738647, 1.5791150331497192, 1.5953809022903442, 1.6230918169021606, 1.685153603553772, 1.5732418298721313, 1.6952166557312012, 1.701370358467102, 1.6501015424728394, 1.703754186630249, 1.6943515539169312, 1.6051032543182373]",sae,Pre-64
1,beta,4,0.04,0.4589558369307028,0.4477177462853796,0.4719249332610411,0.5,0.61034827708266,0.654066054142235,30,"[0, 1, 2, 3, 4, 5, 6, 7, 8, 9, 10, 11, 12, 13, 14, 15, 16, 17, 18, 19, 20, 21, 22, 23, 24, 25, 26, 27, 28, 29]","[1.8170644044876099, 1.824547529220581, 1.6599233150482178, 1.8295589685440063, 1.6704603433609009, 1.7091115713119507, 1.826022982597351, 1.6832692623138428, 1.6812591552734375, 1.8194704055786133, 1.7791422605514526, 1.6989784240722656, 1.825697898864746, 1.6483343839645386, 1.6604734659194946, 1.7143796682357788, 1.7511563301086426, 1.7640432119369507, 1.7120401859283447, 1.7628036737442017, 1.7302402257919312, 1.7721527814865112, 1.7029352188110352, 1.6839433908462524, 1.75318443775177, 1.7390860319137573, 1.6738317012786865, 1.7096210718154907, 1.7885034084320068, 1.6790190935134888]",sae,Pre-64
1,beta,11,0.014,0.4566976193509867,0.4496008864727478,0.4508223067020462,0.5,0.5995106990682213,0.7150026923257011,30,"[0, 1, 2, 3, 4, 5, 6, 7, 8, 9, 10, 11, 12, 13, 14, 15, 16, 17, 18, 19, 20, 21, 22, 23, 24, 25, 26, 27, 28, 29]","[2.250352621078491, 2.474057674407959, 2.472564220428467, 2.4901978969573975, 2.428751230239868, 2.434659481048584, 2.4769835472106934, 2.1925230026245117, 2.516775369644165, 2.474393844604492, 2.482288122177124, 2.5092670917510986, 2.5544276237487793, 2.4896886348724365, 2.3011229038238525, 2.4954917430877686, 2.3081817626953125, 2.1422245502471924, 2.1226696968078613, 2.332629919052124, 2.158792018890381, 2.520249843597412, 2.4791340827941895, 2.3263988494873047, 2.146686315536499, 2.414781093597412, 2.5158331394195557, 2.185033082962036, 2.46458101272583, 2.126732587814331]",sae,Pre-64
1,beta,24,0.002,0.4501416387440968,0.4383559369047743,0.4662117742715524,0.5,0.6188330126613704,0.6516261171797417,30,"[0, 1, 2, 3, 4, 5, 6, 7, 8, 9, 10, 11, 12, 13, 14, 15, 16, 17, 18, 19, 20, 21, 22, 23, 24, 25, 26, 27, 28, 29]","[2.8108718395233154, 2.7305219173431396, 2.639101982116699, 2.8525378704071045, 2.850675106048584, 2.3996453285217285, 2.819131851196289, 2.8357369899749756, 2.910144567489624, 2.8074851036071777, 2.6372194290161133, 2.4902775287628174, 2.9039642810821533, 2.9025838375091553, 2.560296058654785, 2.496870517730713, 2.8957743644714355, 2.7470757961273193, 2.8047962188720703, 2.842804431915283, 2.8376779556274414, 2.8348493576049805, 2.4466471672058105, 2.7945120334625244, 2.4187698364257812, 2.6121373176574707, 2.684110164642334, 2.422839403152466, 2.9088926315307617, 2.809563636779785]",sae,Pre-64
1,beta,49,0.008,0.462130925118617,0.4524487678230295,0.4703122490663587,0.5,0.6141152509743157,0.6879680823590177,30,"[0, 1, 2, 3, 4, 5, 6, 7, 8, 9, 10, 11, 12, 13, 14, 15, 16, 17, 18, 19, 20, 21, 22, 23, 24, 25, 26, 27, 28, 29]","[2.3946783542633057, 2.46706485748291, 2.6628658771514893, 2.3602685928344727, 2.453547477722168, 2.3063466548919678, 2.717529296875, 2.7182822227478027, 2.6503357887268066, 2.719400405883789, 2.7216217517852783, 2.4362611770629883, 2.6083693504333496, 2.7057137489318848, 2.7673778533935547, 2.660914897918701, 2.748377561569214, 2.733614683151245, 2.7093875408172607, 2.5034379959106445, 2.777350425720215, 2.399000644683838, 2.7424509525299072, 2.62481951713562, 2.585911273956299, 2.723783016204834, 2.4807605743408203, 2.582836866378784, 2.6420369148254395, 2.3440051078796387]",sae,Pre-64
1,beta,2,0.0155,0.4419681213812466,0.4306250660512843,0.442280283787581,0.5,0.6028191218064636,0.6905138637733574,30,"[0, 1, 2, 3, 4, 5, 6, 7, 8, 9, 10, 11, 12, 13, 14, 15, 16, 17, 18, 19, 20, 21, 22, 23, 24, 25, 26, 27, 28, 29]","[2.1172399520874023, 2.0682153701782227, 2.1814234256744385, 2.2934234142303467, 2.13684344291687, 2.4913368225097656, 2.0279457569122314, 2.2701261043548584, 2.202967405319214, 2.2431459426879883, 2.379666566848755, 2.2444005012512207, 2.355536699295044, 2.4211456775665283, 2.189380407333374, 2.471877336502075, 2.3344171047210693, 2.482940435409546, 2.467587471008301, 2.4026153087615967, 2.354567527770996, 2.18977689743042, 2.4158198833465576, 2.481271266937256, 1.978716492652893, 2.276320219039917, 2.3825833797454834, 2.3878512382507324, 2.2302236557006836, 2.4477360248565674]",sae,Pre-64
1,beta,21,0.0151,0.4504746503440228,0.4381370334360364,0.4590448542580004,0.5,0.6200058082774133,0.6860394344962246,30,"[0, 1, 2, 3, 4, 5, 6, 7, 8, 9, 10, 11, 12, 13, 14, 15, 16, 17, 18, 19, 20, 21, 22, 23, 24, 25, 26, 27, 28, 29]","[2.3563361167907715, 2.4187190532684326, 2.509821891784668, 2.4345226287841797, 2.430914878845215, 2.461132526397705, 2.3665287494659424, 2.432849645614624, 2.499042510986328, 2.09283447265625, 2.4745900630950928, 2.5033740997314453, 2.277681589126587, 2.484963893890381, 2.4066579341888428, 2.1120219230651855, 2.120500326156616, 2.169182777404785, 2.3282525539398193, 2.4532835483551025, 2.1346020698547363, 2.4758341312408447, 2.29685640335083, 2.3107564449310303, 2.3600075244903564, 2.179539680480957, 2.2784194946289062, 2.2779693603515625, 2.2980854511260986, 2.3691012859344482]",sae,Pre-64
1,beta,20,0.0159,0.4408022875601419,0.4262939306313442,0.4551193807999436,0.5,0.6176087118064704,0.6531169568125164,30,"[0, 1, 2, 3, 4, 5, 6, 7, 8, 9, 10, 11, 12, 13, 14, 15, 16, 17, 18, 19, 20, 21, 22, 23, 24, 25, 26, 27, 28, 29]","[2.512897253036499, 2.537567377090454, 2.513112783432007, 2.5436465740203857, 2.4955086708068848, 2.398642063140869, 2.541807174682617, 2.4739511013031006, 2.455950975418091, 2.177905797958374, 2.272549867630005, 2.482776165008545, 2.6161012649536133, 2.525740385055542, 2.4407331943511963, 2.5402801036834717, 2.515899658203125, 2.221527338027954, 2.5081124305725098, 2.540151834487915, 2.1197166442871094, 2.15081787109375, 2.259563446044922, 2.5296430587768555, 2.4528534412384033, 2.2516379356384277, 2.1427597999572754, 2.2127110958099365, 2.367318630218506, 2.5648813247680664]",sae,Pre-64
1,beta,33,0.008,0.4492211383258522,0.4377959816952598,0.4606611263802965,0.5,0.6165210074526608,0.6820782600087678,30,"[0, 1, 2, 3, 4, 5, 6, 7, 8, 9, 10, 11, 12, 13, 14, 15, 16, 17, 18, 19, 20, 21, 22, 23, 24, 25, 26, 27, 28, 29]","[2.6448519229888916, 2.632368564605713, 2.4591689109802246, 2.452854633331299, 2.3936004638671875, 2.722564935684204, 2.30700421333313, 2.6824512481689453, 2.55519700050354, 2.6533730030059814, 2.38466477394104, 2.6416423320770264, 2.65981388092041, 2.2653322219848633, 2.6778907775878906, 2.640204668045044, 2.653327703475952, 2.5251946449279785, 2.6280341148376465, 2.607398271560669, 2.6326208114624023, 2.3299756050109863, 2.674088954925537, 2.6105852127075195, 2.6702866554260254, 2.6205575466156006, 2.580305814743042, 2.3441669940948486, 2.41312837600708, 2.3349177837371826]",sae,Pre-64
1,beta,46,0.018,0.4545712902572906,0.4417269056853911,0.476656185384481,0.5,0.6270377926330811,0.6875097122604725,30,"[0, 1, 2, 3, 4, 5, 6, 7, 8, 9, 10, 11, 12, 13, 14, 15, 16, 17, 18, 19, 20, 21, 22, 23, 24, 25, 26, 27, 28, 29]","[2.2652761936187744, 2.4429166316986084, 2.4956114292144775, 2.3553099632263184, 2.2157881259918213, 2.1696155071258545, 2.1637864112854004, 2.5199151039123535, 2.4945924282073975, 2.6026017665863037, 2.383699655532837, 2.4286956787109375, 2.540137529373169, 2.39139723777771, 2.284402370452881, 2.5101563930511475, 2.3879647254943848, 2.499941825866699, 2.5690665245056152, 2.4065868854522705, 2.459563970565796, 2.5136895179748535, 2.471010446548462, 2.2517499923706055, 2.128547430038452, 2.2292840480804443, 2.491466999053955, 2.1470553874969482, 2.4941623210906982, 2.504305362701416]",sae,Pre-64
1,beta,46,0.04,0.4545712902572906,0.4417269056853911,0.4553380559479243,0.5,0.6270377926330811,0.6898777217496184,30,"[0, 1, 2, 3, 4, 5, 6, 7, 8, 9, 10, 11, 12, 13, 14, 15, 16, 17, 18, 19, 20, 21, 22, 23, 24, 25, 26, 27, 28, 29]","[1.5701243877410889, 1.685864806175232, 1.6670551300048828, 1.6551154851913452, 1.571587085723877, 1.6991766691207886, 1.5934183597564697, 1.7341160774230957, 1.6488229036331177, 1.7551782131195068, 1.4809763431549072, 1.5780466794967651, 1.7189178466796875, 1.5693706274032593, 1.6246960163116455, 1.7216957807540894, 1.6403899192810059, 1.6490085124969482, 1.7443586587905884, 1.7114455699920654, 1.6172206401824951, 1.6222425699234009, 1.641507863998413, 1.6488945484161377, 1.6416387557983398, 1.6630209684371948, 1.652708649635315, 1.6857596635818481, 1.6219314336776733, 1.636836290359497]",sae,Pre-64
1,beta,27,0.035,0.4609757262074365,0.4537266978541116,0.4680274480774933,0.5,0.5914172664146189,0.6593064882803313,30,"[0, 1, 2, 3, 4, 5, 6, 7, 8, 9, 10, 11, 12, 13, 14, 15, 16, 17, 18, 19, 20, 21, 22, 23, 24, 25, 26, 27, 28, 29]","[1.7412123680114746, 1.8761392831802368, 1.7418421506881714, 1.759572148323059, 1.8352216482162476, 1.7686995267868042, 1.8601086139678955, 1.7141525745391846, 1.8567732572555542, 1.862515926361084, 1.7331867218017578, 1.8825949430465698, 1.7538326978683472, 1.7155897617340088, 1.7233617305755615, 1.6735957860946655, 1.7942676544189453, 1.8209786415100098, 1.793789029121399, 1.8169368505477905, 1.854567527770996, 1.7404841184616089, 1.7483997344970703, 1.7564187049865723, 1.7312171459197998, 1.8915373086929321, 1.745653748512268, 1.803950548171997, 1.6813750267028809, 1.803877592086792]",sae,Pre-64
1,beta,49,0.026,0.462130925118617,0.4524487678230295,0.4550732133461136,0.5,0.6141152509743157,0.6858756515002113,30,"[0, 1, 2, 3, 4, 5, 6, 7, 8, 9, 10, 11, 12, 13, 14, 15, 16, 17, 18, 19, 20, 21, 22, 23, 24, 25, 26, 27, 28, 29]","[1.6880749464035034, 1.7689030170440674, 1.7591772079467773, 1.7165532112121582, 1.6391700506210327, 1.6807255744934082, 1.8255332708358765, 1.7325209379196167, 1.8741871118545532, 1.77680504322052, 1.751526951789856, 1.6883666515350342, 1.7910293340682983, 1.7749130725860596, 1.8491472005844116, 1.819041132926941, 1.8418831825256348, 1.8632718324661255, 1.6999496221542358, 1.790069818496704, 1.8443793058395386, 1.6993602514266968, 1.8513562679290771, 1.7608537673950195, 1.6676721572875977, 1.7636164426803589, 1.783603549003601, 1.6798532009124756, 1.6923117637634277, 1.6790215969085693]",sae,Pre-64
1,beta,19,0.026,0.4469965829377276,0.435497383761294,0.4199906581168969,0.5,0.6104665954706788,0.7150375349436191,30,"[0, 1, 2, 3, 4, 5, 6, 7, 8, 9, 10, 11, 12, 13, 14, 15, 16, 17, 18, 19, 20, 21, 22, 23, 24, 25, 26, 27, 28, 29]","[1.7113046646118164, 1.7496113777160645, 1.8109455108642578, 1.7158432006835938, 1.7101731300354004, 1.7412010431289673, 1.7327561378479004, 1.8017652034759521, 1.6786755323410034, 1.8407057523727417, 1.8838893175125122, 1.8702977895736694, 1.7503361701965332, 1.6937669515609741, 1.6786327362060547, 1.704360008239746, 1.8380206823349, 1.8539429903030396, 1.6610490083694458, 1.6607111692428589, 1.8684518337249756, 1.7193529605865479, 1.741042137145996, 1.6628105640411377, 1.6489475965499878, 1.8521276712417603, 1.8597325086593628, 1.7502070665359497, 1.7466354370117188, 1.6901031732559204]",sae,Pre-64
1,beta,33,0.026,0.4492211383258522,0.4377959816952598,0.4396997395582991,0.5,0.6165210074526608,0.6900909309462192,30,"[0, 1, 2, 3, 4, 5, 6, 7, 8, 9, 10, 11, 12, 13, 14, 15, 16, 17, 18, 19, 20, 21, 22, 23, 24, 25, 26, 27, 28, 29]","[1.832726240158081, 1.8790801763534546, 1.8231751918792725, 1.7478148937225342, 1.6816333532333374, 1.9220852851867676, 1.708838939666748, 1.8967560529708862, 1.8676116466522217, 1.8845797777175903, 1.7659896612167358, 1.9061415195465088, 1.8978824615478516, 1.6952576637268066, 1.8100725412368774, 1.8506406545639038, 1.799640417098999, 1.7402516603469849, 1.9139742851257324, 1.9170886278152466, 1.7990477085113525, 1.7102975845336914, 1.901668667793274, 1.8245428800582886, 1.8916665315628052, 1.8285671472549438, 1.7524875402450562, 1.6849374771118164, 1.728399634361267, 1.72654128074646]",sae,Pre-64
1,beta,17,0.022,0.4599327030141671,0.4513468217402507,0.463025069530262,0.5,0.6120635717004715,0.6921742985863071,30,"[0, 1, 2, 3, 4, 5, 6, 7, 8, 9, 10, 11, 12, 13, 14, 15, 16, 17, 18, 19, 20, 21, 22, 23, 24, 25, 26, 27, 28, 29]","[2.3096137046813965, 2.259503126144409, 2.318425416946411, 2.154721260070801, 2.308297634124756, 2.005887031555176, 2.0597028732299805, 1.9325652122497559, 2.287497043609619, 2.202864170074463, 2.3538107872009277, 2.3698766231536865, 2.1027019023895264, 2.363346576690674, 2.247746229171753, 1.9124984741210938, 1.9931228160858154, 2.277837038040161, 2.273984670639038, 2.0877203941345215, 2.21510910987854, 2.247570753097534, 2.214155435562134, 2.311067819595337, 2.292473793029785, 2.3457891941070557, 2.099616050720215, 2.3556272983551025, 2.3060083389282227, 2.0570623874664307]",sae,Pre-64
1,beta,11,0.03,0.4566976193509867,0.4496008864727478,0.4406472998583208,0.5,0.5995106990682213,0.7116680128295172,30,"[0, 1, 2, 3, 4, 5, 6, 7, 8, 9, 10, 11, 12, 13, 14, 15, 16, 17, 18, 19, 20, 21, 22, 23, 24, 25, 26, 27, 28, 29]","[1.7142415046691895, 1.5660110712051392, 1.6555366516113281, 1.608079195022583, 1.7560021877288818, 1.5926213264465332, 1.6273798942565918, 1.4650697708129883, 1.7363191843032837, 1.7341468334197998, 1.7383403778076172, 1.7553887367248535, 1.7849007844924927, 1.6446990966796875, 1.6379588842391968, 1.636154294013977, 1.6948151588439941, 1.5919902324676514, 1.6030375957489014, 1.7093374729156494, 1.6308401823043823, 1.6975775957107544, 1.75668203830719, 1.6752978563308716, 1.6361744403839111, 1.7159384489059448, 1.7459304332733154, 1.5902705192565918, 1.6432480812072754, 1.595955491065979]",sae,Pre-64
1,beta,32,0.04,0.4555596844830426,0.4475674839123162,0.4754441537553183,0.5,0.5924839124839124,0.6372377275234419,30,"[0, 1, 2, 3, 4, 5, 6, 7, 8, 9, 10, 11, 12, 13, 14, 15, 16, 17, 18, 19, 20, 21, 22, 23, 24, 25, 26, 27, 28, 29]","[1.7500779628753662, 1.65315580368042, 1.754879355430603, 1.688771367073059, 1.6695539951324463, 1.7090942859649658, 1.6643906831741333, 1.6653751134872437, 1.6281307935714722, 1.6326651573181152, 1.6936057806015015, 1.6411298513412476, 1.6986333131790161, 1.5904173851013184, 1.5870074033737183, 1.5922753810882568, 1.6062817573547363, 1.7022802829742432, 1.6333757638931274, 1.6670117378234863, 1.7443419694900513, 1.6827445030212402, 1.5601072311401367, 1.7531828880310059, 1.6859209537506104, 1.5991586446762085, 1.7293291091918945, 1.5782021284103394, 1.7625102996826172, 1.744583249092102]",sae,Pre-64
1,beta,24,0.016,0.4501416387440968,0.4383559369047743,0.4646186123127412,0.5,0.6188330126613704,0.6505042825223435,30,"[0, 1, 2, 3, 4, 5, 6, 7, 8, 9, 10, 11, 12, 13, 14, 15, 16, 17, 18, 19, 20, 21, 22, 23, 24, 25, 26, 27, 28, 29]","[2.4312822818756104, 2.360199451446533, 2.2539000511169434, 2.4794652462005615, 2.4663681983947754, 2.0052499771118164, 2.4507274627685547, 2.467857837677002, 2.5407845973968506, 2.4362711906433105, 2.2492713928222656, 2.103250026702881, 2.5365562438964844, 2.531419277191162, 2.173126220703125, 2.1144747734069824, 2.5223453044891357, 2.3812222480773926, 2.437861442565918, 2.467012405395508, 2.4586687088012695, 2.4584507942199707, 2.04534912109375, 2.423325538635254, 2.010883092880249, 2.2356793880462646, 2.2955496311187744, 2.033041000366211, 2.5354702472686768, 2.4391722679138184]",sae,Pre-64
1,beta,18,0.036,0.4575117633693479,0.4471831599677374,0.4267726694833692,0.5,0.6052065040104606,0.7327905695815298,30,"[0, 1, 2, 3, 4, 5, 6, 7, 8, 9, 10, 11, 12, 13, 14, 15, 16, 17, 18, 19, 20, 21, 22, 23, 24, 25, 26, 27, 28, 29]","[1.534557819366455, 1.6950398683547974, 1.7250235080718994, 1.591315507888794, 1.6180086135864258, 1.6241003274917603, 1.8215183019638062, 1.591309666633606, 1.7163418531417847, 1.5858672857284546, 1.7958650588989258, 1.680897831916809, 1.722028374671936, 1.7000081539154053, 1.6240407228469849, 1.5983171463012695, 1.6839702129364014, 1.624443531036377, 1.6023948192596436, 1.553344964981079, 1.8187096118927002, 1.6204090118408203, 1.7602232694625854, 1.705618143081665, 1.6991605758666992, 1.6272611618041992, 1.7085825204849243, 1.7516071796417236, 1.6955941915512085, 1.6527886390686035]",sae,Pre-64
1,beta,47,0.012,0.4460371044958436,0.4257646434940195,0.4220219109076362,0.5,0.6434257056516428,0.7369912557062945,30,"[0, 1, 2, 3, 4, 5, 6, 7, 8, 9, 10, 11, 12, 13, 14, 15, 16, 17, 18, 19, 20, 21, 22, 23, 24, 25, 26, 27, 28, 29]","[2.549964666366577, 2.446063280105591, 2.4623420238494873, 2.199378252029419, 2.5302252769470215, 2.586127519607544, 2.422654867172241, 2.541954278945923, 2.3160674571990967, 2.2718801498413086, 2.4787471294403076, 2.428042411804199, 2.2598330974578857, 2.5767440795898438, 2.5055694580078125, 2.4578676223754883, 2.2421255111694336, 2.593855857849121, 2.4251363277435303, 2.2897307872772217, 2.5498085021972656, 2.402935028076172, 2.521174669265747, 2.3498005867004395, 2.5010452270507812, 2.3839287757873535, 2.283464193344116, 2.485536575317383, 2.467782497406006, 2.5233969688415527]",sae,Pre-64
1,beta,35,0.0151,0.4566193215888805,0.4379483378046387,0.4475846964053573,0.5,0.637290178651746,0.718878374083203,30,"[0, 1, 2, 3, 4, 5, 6, 7, 8, 9, 10, 11, 12, 13, 14, 15, 16, 17, 18, 19, 20, 21, 22, 23, 24, 25, 26, 27, 28, 29]","[2.095566749572754, 2.499408483505249, 2.5512616634368896, 2.3681139945983887, 2.5051562786102295, 2.317695140838623, 2.4661948680877686, 2.4907305240631104, 2.5525894165039062, 2.4793601036071777, 2.2775683403015137, 2.1871278285980225, 2.427482843399048, 2.3359999656677246, 2.3052382469177246, 2.3907225131988525, 2.505521297454834, 2.1706440448760986, 2.3332924842834473, 2.2114763259887695, 2.1146202087402344, 2.098266363143921, 2.239379405975342, 2.4055306911468506, 2.5185904502868652, 2.48172664642334, 2.1126821041107178, 2.494546890258789, 2.570211172103882, 2.433467388153076]",sae,Pre-64
1,beta,9,0.0151,0.448644851968101,0.4348910401892977,0.4731109260773783,0.5,0.6286670530281078,0.6723094755143436,30,"[0, 1, 2, 3, 4, 5, 6, 7, 8, 9, 10, 11, 12, 13, 14, 15, 16, 17, 18, 19, 20, 21, 22, 23, 24, 25, 26, 27, 28, 29]","[2.480454206466675, 2.1488401889801025, 2.6029369831085205, 2.538480281829834, 2.247725009918213, 2.315565824508667, 2.470865249633789, 2.5281097888946533, 2.5934855937957764, 2.3648529052734375, 2.2670722007751465, 2.3985390663146973, 2.1828629970550537, 2.513195514678955, 2.5704784393310547, 2.253549098968506, 2.499114990234375, 2.5248422622680664, 2.5473947525024414, 2.2003307342529297, 2.575294256210327, 2.567073106765747, 2.1969687938690186, 2.5714848041534424, 2.468458652496338, 2.5774989128112793, 2.5365524291992188, 2.4571280479431152, 2.324268341064453, 2.5306642055511475]",sae,Pre-64
1,beta,38,0.002,0.4455661720406026,0.4298851252298221,0.4702965496057924,0.5,0.6303640517897944,0.6513480578827113,30,"[0, 1, 2, 3, 4, 5, 6, 7, 8, 9, 10, 11, 12, 13, 14, 15, 16, 17, 18, 19, 20, 21, 22, 23, 24, 25, 26, 27, 28, 29]","[2.8655896186828613, 2.9151089191436768, 2.554818868637085, 2.9749221801757812, 2.6853528022766113, 2.873774528503418, 2.9827284812927246, 2.5768015384674072, 2.859156608581543, 2.7777254581451416, 2.5637614727020264, 2.869779109954834, 2.925642967224121, 2.4824013710021973, 2.971191883087158, 2.6798014640808105, 2.85697078704834, 2.8995139598846436, 2.643444538116455, 2.91638445854187, 2.7083640098571777, 2.8318426609039307, 2.8641161918640137, 2.5192065238952637, 2.655742883682251, 2.947430372238159, 2.8353734016418457, 2.9294731616973877, 2.7182374000549316, 2.898362159729004]",sae,Pre-64
1,beta,11,0.038,0.4566976193509867,0.4496008864727478,0.4405749603697895,0.5,0.5995106990682213,0.7116285058762934,30,"[0, 1, 2, 3, 4, 5, 6, 7, 8, 9, 10, 11, 12, 13, 14, 15, 16, 17, 18, 19, 20, 21, 22, 23, 24, 25, 26, 27, 28, 29]","[1.7057251930236816, 1.5576655864715576, 1.6469916105270386, 1.599652647972107, 1.747507929801941, 1.5840810537338257, 1.6188633441925049, 1.4565573930740356, 1.7278151512145996, 1.7255876064300537, 1.7298084497451782, 1.7468531131744385, 1.7764230966567993, 1.6361678838729858, 1.629457950592041, 1.627732515335083, 1.6863435506820679, 1.5834970474243164, 1.5944123268127441, 1.7008203268051147, 1.6222151517868042, 1.689089298248291, 1.7482157945632935, 1.6667962074279785, 1.6276389360427856, 1.7074031829833984, 1.7374358177185059, 1.581766128540039, 1.6347147226333618, 1.5873937606811523]",sae,Pre-64
1,beta,11,0.016,0.4566976193509867,0.4496008864727478,0.4506077893815654,0.5,0.5995106990682213,0.7147832092522357,30,"[0, 1, 2, 3, 4, 5, 6, 7, 8, 9, 10, 11, 12, 13, 14, 15, 16, 17, 18, 19, 20, 21, 22, 23, 24, 25, 26, 27, 28, 29]","[2.1970648765563965, 2.424314022064209, 2.422151565551758, 2.4392223358154297, 2.375255584716797, 2.3847014904022217, 2.4267728328704834, 2.1412172317504883, 2.465242624282837, 2.4220097064971924, 2.4304745197296143, 2.4577767848968506, 2.503239393234253, 2.439661741256714, 2.2485713958740234, 2.445648431777954, 2.254514217376709, 2.0891666412353516, 2.0675787925720215, 2.2796645164489746, 2.104948043823242, 2.469299793243408, 2.4261183738708496, 2.273097038269043, 2.0926380157470703, 2.3640196323394775, 2.4648993015289307, 2.132272958755493, 2.413440227508545, 2.073096513748169]",sae,Pre-64
1,beta,38,0.02,0.4455661720406026,0.4298851252298221,0.4670458333255014,0.5,0.6303640517897944,0.6508286367098248,30,"[0, 1, 2, 3, 4, 5, 6, 7, 8, 9, 10, 11, 12, 13, 14, 15, 16, 17, 18, 19, 20, 21, 22, 23, 24, 25, 26, 27, 28, 29]","[2.399177074432373, 2.4499452114105225, 2.051403284072876, 2.508253812789917, 2.1971585750579834, 2.4060189723968506, 2.517613410949707, 2.0804316997528076, 2.3892579078674316, 2.301137685775757, 2.0573129653930664, 2.381756067276001, 2.4546868801116943, 1.9835788011550903, 2.502814769744873, 2.19389009475708, 2.3899221420288086, 2.4317829608917236, 2.163268804550171, 2.4465150833129883, 2.216705083847046, 2.3627121448516846, 2.4001450538635254, 2.024397373199463, 2.1618812084198, 2.4681780338287354, 2.3724074363708496, 2.4593658447265625, 2.2335145473480225, 2.4240903854370117]",sae,Pre-64
1,beta,4,0.018,0.4589558369307028,0.4477177462853796,0.4884407240797206,0.5,0.61034827708266,0.6503331948227835,30,"[0, 1, 2, 3, 4, 5, 6, 7, 8, 9, 10, 11, 12, 13, 14, 15, 16, 17, 18, 19, 20, 21, 22, 23, 24, 25, 26, 27, 28, 29]","[2.350050687789917, 2.4220335483551025, 2.100018262863159, 2.4667623043060303, 2.3573367595672607, 2.3882181644439697, 2.4296247959136963, 2.3445792198181152, 1.9727203845977783, 2.49623966217041, 2.2182250022888184, 2.345487594604492, 2.492452383041382, 2.0389842987060547, 2.088587760925293, 2.2658190727233887, 2.4131979942321777, 2.188098907470703, 2.398083448410034, 2.136704921722412, 2.369290351867676, 2.2271268367767334, 2.0665621757507324, 2.319359540939331, 2.4283459186553955, 2.4391520023345947, 2.3709068298339844, 2.3847897052764893, 2.4545207023620605, 2.149578332901001]",sae,Pre-64
1,beta,17,0.029,0.4599327030141671,0.4513468217402507,0.4517870090811778,0.5,0.6120635717004715,0.6939798818932665,30,"[0, 1, 2, 3, 4, 5, 6, 7, 8, 9, 10, 11, 12, 13, 14, 15, 16, 17, 18, 19, 20, 21, 22, 23, 24, 25, 26, 27, 28, 29]","[1.8021717071533203, 1.6824084520339966, 1.7340688705444336, 1.6868709325790405, 1.8412200212478638, 1.6902798414230347, 1.7638726234436035, 1.5762441158294678, 1.712555170059204, 1.766719102859497, 1.7794047594070435, 1.8077099323272705, 1.7143009901046753, 1.8192943334579468, 1.701517105102539, 1.6681138277053833, 1.7601767778396606, 1.7407718896865845, 1.7712527513504028, 1.740020513534546, 1.6934986114501953, 1.7525749206542969, 1.6143333911895752, 1.7273900508880615, 1.8018386363983154, 1.7453842163085938, 1.6885814666748047, 1.7423133850097656, 1.7303099632263184, 1.7511591911315918]",sae,Pre-64
1,beta,2,0.035,0.4419681213812466,0.4306250660512843,0.431041491591263,0.5,0.6028191218064636,0.6899045706403301,30,"[0, 1, 2, 3, 4, 5, 6, 7, 8, 9, 10, 11, 12, 13, 14, 15, 16, 17, 18, 19, 20, 21, 22, 23, 24, 25, 26, 27, 28, 29]","[1.5767050981521606, 1.5608171224594116, 1.5451210737228394, 1.6570394039154053, 1.5932873487472534, 1.7044438123703003, 1.576729416847229, 1.5969600677490234, 1.5428762435913086, 1.5906414985656738, 1.6223118305206299, 1.5233588218688965, 1.6379094123840332, 1.6998181343078613, 1.6544188261032104, 1.6272268295288086, 1.667375087738037, 1.7275899648666382, 1.728217601776123, 1.6994203329086304, 1.6134706735610962, 1.558962106704712, 1.6726551055908203, 1.6942588090896606, 1.5399854183197021, 1.5661416053771973, 1.655727744102478, 1.6345138549804688, 1.4155679941177368, 1.7254173755645752]",sae,Pre-64
1,beta,29,0.004,0.4558655961502112,0.4409050416793991,0.4721509265684137,0.5,0.6296548282533407,0.6791279966311549,30,"[0, 1, 2, 3, 4, 5, 6, 7, 8, 9, 10, 11, 12, 13, 14, 15, 16, 17, 18, 19, 20, 21, 22, 23, 24, 25, 26, 27, 28, 29]","[2.397400379180908, 2.674241781234741, 2.1280007362365723, 2.695509433746338, 2.662411689758301, 2.3464152812957764, 2.7275941371917725, 2.340245485305786, 2.6127078533172607, 2.673851251602173, 2.558429479598999, 2.6615965366363525, 2.646071434020996, 2.3580896854400635, 2.53794264793396, 2.3375067710876465, 2.6114633083343506, 2.6541478633880615, 2.6389307975769043, 2.649831771850586, 2.5021839141845703, 2.705094575881958, 2.6580944061279297, 2.6299843788146973, 2.679304599761963, 2.4874722957611084, 2.372419595718384, 2.736506223678589, 2.636969566345215, 2.6084606647491455]",sae,Pre-64
1,beta,24,0.014,0.4501416387440968,0.4383559369047743,0.46485492147918,0.5,0.6188330126613704,0.6507401315789474,30,"[0, 1, 2, 3, 4, 5, 6, 7, 8, 9, 10, 11, 12, 13, 14, 15, 16, 17, 18, 19, 20, 21, 22, 23, 24, 25, 26, 27, 28, 29]","[2.4843344688415527, 2.41182804107666, 2.307899236679077, 2.531503200531006, 2.5201339721679688, 2.060617208480835, 2.5020482540130615, 2.519108295440674, 2.5922534465789795, 2.4880874156951904, 2.3035285472869873, 2.1574766635894775, 2.58772349357605, 2.5831708908081055, 2.226484537124634, 2.167982816696167, 2.574437379837036, 2.4321935176849365, 2.4889674186706543, 2.5194296836853027, 2.511589288711548, 2.511007070541382, 2.1018707752227783, 2.4751880168914795, 2.068295478820801, 2.2883336544036865, 2.349994421005249, 2.08782958984375, 2.5875840187072754, 2.490830898284912]",sae,Pre-64
1,beta,29,0.022,0.4558655961502112,0.4409050416793991,0.469732780177469,0.5,0.6296548282533407,0.6785615271298431,30,"[0, 1, 2, 3, 4, 5, 6, 7, 8, 9, 10, 11, 12, 13, 14, 15, 16, 17, 18, 19, 20, 21, 22, 23, 24, 25, 26, 27, 28, 29]","[1.988046407699585, 2.293246269226074, 1.743595838546753, 2.302626848220825, 2.274073600769043, 1.948540449142456, 2.3359479904174805, 1.9501093626022339, 2.215742349624634, 2.2883753776550293, 2.162010431289673, 2.2723522186279297, 2.2535324096679688, 1.9508639574050903, 2.135423421859741, 1.930777907371521, 2.2181196212768555, 2.2693240642547607, 2.2546985149383545, 2.266110420227051, 2.0999233722686768, 2.3076553344726562, 2.2724733352661133, 2.2416555881500244, 2.2930314540863037, 2.0969409942626953, 1.9698666334152222, 2.3482210636138916, 2.233304977416992, 2.2250218391418457]",sae,Pre-64
1,beta,15,0.006,0.4529015220185267,0.4424399871594601,0.4536594987366528,0.5,0.6161071485640408,0.7122546812126848,30,"[0, 1, 2, 3, 4, 5, 6, 7, 8, 9, 10, 11, 12, 13, 14, 15, 16, 17, 18, 19, 20, 21, 22, 23, 24, 25, 26, 27, 28, 29]","[2.624406099319458, 2.6626107692718506, 2.6902592182159424, 2.5610859394073486, 2.713831663131714, 2.3822383880615234, 2.396439790725708, 2.3138163089752197, 2.621454954147339, 2.560295581817627, 2.709068775177002, 2.530097246170044, 2.6532139778137207, 2.5516371726989746, 2.311046600341797, 2.6794259548187256, 2.4644370079040527, 2.798185110092163, 2.4896812438964844, 2.6859259605407715, 2.6085920333862305, 2.7637276649475098, 2.307204484939575, 2.6554930210113525, 2.6478514671325684, 2.6304519176483154, 2.775350570678711, 2.8105154037475586, 2.5738332271575928, 2.493784189224243]",sae,Pre-64
1,beta,11,0.028,0.4566976193509867,0.4496008864727478,0.4431897145459266,0.5,0.5995106990682213,0.7120133328651027,30,"[0, 1, 2, 3, 4, 5, 6, 7, 8, 9, 10, 11, 12, 13, 14, 15, 16, 17, 18, 19, 20, 21, 22, 23, 24, 25, 26, 27, 28, 29]","[1.8492231369018555, 1.7324856519699097, 1.7946478128433228, 1.798064112663269, 1.9099096059799194, 1.7545546293258667, 1.7951582670211792, 1.5989097356796265, 1.879949688911438, 1.8748942613601685, 1.874645709991455, 1.881880521774292, 1.929309606552124, 1.8167415857315063, 1.8010590076446533, 1.7917373180389404, 1.8510664701461792, 1.7150781154632568, 1.712356448173523, 1.8542958498001099, 1.7416268587112427, 1.8426862955093384, 1.916256070137024, 1.8249891996383667, 1.7528886795043945, 1.8611680269241333, 1.8774762153625488, 1.7354025840759277, 1.7972019910812378, 1.7091145515441895]",sae,Pre-64
1,beta,43,0.022,0.4515364523902173,0.4432102910589974,0.4546638698926516,0.5,0.6060785767234989,0.7072720533728689,30,"[0, 1, 2, 3, 4, 5, 6, 7, 8, 9, 10, 11, 12, 13, 14, 15, 16, 17, 18, 19, 20, 21, 22, 23, 24, 25, 26, 27, 28, 29]","[2.344283103942871, 2.2301812171936035, 2.3937158584594727, 2.327016592025757, 1.994006633758545, 2.0170531272888184, 1.998699426651001, 2.1918158531188965, 1.9179056882858276, 2.257824420928955, 1.9552642107009888, 2.439502716064453, 2.212717294692993, 2.3554511070251465, 2.2208690643310547, 2.250063896179199, 2.387786626815796, 2.269815683364868, 2.084959030151367, 2.1962695121765137, 2.2842016220092773, 2.06634783744812, 2.334932327270508, 2.1676740646362305, 2.074383020401001, 2.002270460128784, 2.3641936779022217, 2.2527499198913574, 2.3887016773223877, 2.2721569538116455]",sae,Pre-64
1,beta,43,0.032,0.4515364523902173,0.4432102910589974,0.4453863116210884,0.5,0.6060785767234989,0.7028450704225353,30,"[0, 1, 2, 3, 4, 5, 6, 7, 8, 9, 10, 11, 12, 13, 14, 15, 16, 17, 18, 19, 20, 21, 22, 23, 24, 25, 26, 27, 28, 29]","[1.734168529510498, 1.7837024927139282, 1.8146767616271973, 1.6743870973587036, 1.7079280614852905, 1.6376543045043945, 1.6698342561721802, 1.6682639122009277, 1.7244861125946045, 1.640053629875183, 1.6148438453674316, 1.8488329648971558, 1.7688853740692139, 1.714636206626892, 1.6924140453338623, 1.6369683742523193, 1.8046436309814453, 1.6720653772354126, 1.7576571702957153, 1.763960838317871, 1.6830300092697144, 1.680428147315979, 1.8275597095489502, 1.6980571746826172, 1.6568734645843506, 1.692642331123352, 1.8401379585266113, 1.6678345203399658, 1.7788578271865845, 1.8367444276809692]",sae,Pre-64
1,beta,43,0.004,0.4515364523902173,0.4432102910589974,0.4572973862147673,0.5,0.6060785767234989,0.7075166790214974,30,"[0, 1, 2, 3, 4, 5, 6, 7, 8, 9, 10, 11, 12, 13, 14, 15, 16, 17, 18, 19, 20, 21, 22, 23, 24, 25, 26, 27, 28, 29]","[2.7953460216522217, 2.689997434616089, 2.8477752208709717, 2.7711806297302246, 2.4729866981506348, 2.4828124046325684, 2.471482515335083, 2.659012794494629, 2.4117166996002197, 2.706112861633301, 2.4284145832061768, 2.8917222023010254, 2.6820077896118164, 2.802293300628662, 2.6580753326416016, 2.7076451778411865, 2.8391506671905518, 2.7232608795166016, 2.5628244876861572, 2.6475749015808105, 2.734848737716675, 2.54325270652771, 2.8000946044921875, 2.6277761459350586, 2.536036491394043, 2.47330904006958, 2.8277790546417236, 2.705648899078369, 2.841822385787964, 2.7375924587249756]",sae,Pre-64
1,beta,43,0.015,0.4515364523902173,0.4432102910589974,0.4557414480098559,0.5,0.6060785767234989,0.707401037805782,30,"[0, 1, 2, 3, 4, 5, 6, 7, 8, 9, 10, 11, 12, 13, 14, 15, 16, 17, 18, 19, 20, 21, 22, 23, 24, 25, 26, 27, 28, 29]","[2.515948534011841, 2.4056131839752197, 2.566586494445801, 2.495836019515991, 2.176835060119629, 2.1948089599609375, 2.179211139678955, 2.3706605434417725, 2.107135772705078, 2.428443193435669, 2.1363847255706787, 2.611633777618408, 2.3913207054138184, 2.5253477096557617, 2.3875246047973633, 2.4245412349700928, 2.559499740600586, 2.4425806999206543, 2.267888069152832, 2.368302822113037, 2.4557199478149414, 2.2485806941986084, 2.5124881267547607, 2.343305826187134, 2.2501964569091797, 2.1824326515197754, 2.5410354137420654, 2.425318717956543, 2.5612916946411133, 2.449338674545288]",sae,Pre-64
1,beta,25,0.002,0.4465066892532915,0.4352791138475453,0.4678123155337411,0.5,0.6270054355300688,0.655993434310214,30,"[0, 1, 2, 3, 4, 5, 6, 7, 8, 9, 10, 11, 12, 13, 14, 15, 16, 17, 18, 19, 20, 21, 22, 23, 24, 25, 26, 27, 28, 29]","[2.7115023136138916, 2.812366008758545, 2.4236435890197754, 2.7563319206237793, 2.8413827419281006, 2.8449668884277344, 2.8500616550445557, 2.3900749683380127, 2.5544025897979736, 2.6577677726745605, 2.8716869354248047, 2.7907063961029053, 2.652707099914551, 2.407353162765503, 2.6575136184692383, 2.8384835720062256, 2.7751219272613525, 2.5860838890075684, 2.761878252029419, 2.7747504711151123, 2.847297430038452, 2.709470748901367, 2.880418062210083, 2.6475424766540527, 2.5745391845703125, 2.444085121154785, 2.918520450592041, 2.6154215335845947, 2.8550922870635986, 2.7003493309020996]",sae,Pre-64
1,beta,14,0.025,0.4467366851483266,0.4421697276018216,0.4401929096234537,0.5,0.5934222168898753,0.6936936666716658,30,"[0, 1, 2, 3, 4, 5, 6, 7, 8, 9, 10, 11, 12, 13, 14, 15, 16, 17, 18, 19, 20, 21, 22, 23, 24, 25, 26, 27, 28, 29]","[1.59080171585083, 1.493625521659851, 1.6124718189239502, 1.648671269416809, 1.6167932748794556, 1.618539571762085, 1.5582693815231323, 1.722960352897644, 1.6168699264526367, 1.6954056024551392, 1.5565085411071777, 1.5812057256698608, 1.6031802892684937, 1.6938790082931519, 1.6473332643508911, 1.620016098022461, 1.7154266834259033, 1.7126306295394897, 1.6303410530090332, 1.587559461593628, 1.6038559675216675, 1.631556510925293, 1.6935838460922241, 1.5816655158996582, 1.7036586999893188, 1.7097729444503784, 1.6584653854370117, 1.712186336517334, 1.70272696018219, 1.6134430170059204]",sae,Pre-64
1,beta,35,0.034,0.4566193215888805,0.4379483378046387,0.4345186009875607,0.5,0.637290178651746,0.7144675530288038,30,"[0, 1, 2, 3, 4, 5, 6, 7, 8, 9, 10, 11, 12, 13, 14, 15, 16, 17, 18, 19, 20, 21, 22, 23, 24, 25, 26, 27, 28, 29]","[1.4667463302612305, 1.53330397605896, 1.5973025560379028, 1.526877760887146, 1.5400937795639038, 1.504529595375061, 1.452930212020874, 1.6137316226959229, 1.6292954683303833, 1.5215530395507812, 1.5918667316436768, 1.443283200263977, 1.5157546997070312, 1.423027515411377, 1.5127090215682983, 1.4701281785964966, 1.600259780883789, 1.445183277130127, 1.5501694679260254, 1.450783371925354, 1.4716330766677856, 1.4629130363464355, 1.4805865287780762, 1.4499670267105103, 1.4971598386764526, 1.5430048704147339, 1.4737310409545898, 1.5541056394577026, 1.6083472967147827, 1.546918272972107]",sae,Pre-64
1,beta,0,0.01,0.4600628296558519,0.4487196928272481,0.4497187775476747,0.5,0.6146148452673732,0.7235679988562547,30,"[0, 1, 2, 3, 4, 5, 6, 7, 8, 9, 10, 11, 12, 13, 14, 15, 16, 17, 18, 19, 20, 21, 22, 23, 24, 25, 26, 27, 28, 29]","[2.4238157272338867, 2.2525765895843506, 2.389780282974243, 2.6423654556274414, 2.3082823753356934, 2.4188055992126465, 2.697791576385498, 2.6699910163879395, 2.586501359939575, 2.213491201400757, 2.5292317867279053, 2.216095209121704, 2.3841371536254883, 2.618649482727051, 2.6664578914642334, 2.2048258781433105, 2.5716636180877686, 2.551781177520752, 2.5514426231384277, 2.5861830711364746, 2.4370555877685547, 2.5764105319976807, 2.603393793106079, 2.511507272720337, 2.575150966644287, 2.340301275253296, 2.623249053955078, 2.5504369735717773, 2.6902337074279785, 2.2812273502349854]",sae,Pre-64
1,beta,32,0.018,0.4555596844830426,0.4475674839123162,0.4882353188846225,0.5,0.5924839124839124,0.6425519396947967,30,"[0, 1, 2, 3, 4, 5, 6, 7, 8, 9, 10, 11, 12, 13, 14, 15, 16, 17, 18, 19, 20, 21, 22, 23, 24, 25, 26, 27, 28, 29]","[2.4022562503814697, 2.3439509868621826, 2.439924478530884, 2.387561321258545, 2.3639090061187744, 2.1061131954193115, 2.306753158569336, 2.336768388748169, 2.3252313137054443, 2.226583480834961, 2.2047300338745117, 2.3585205078125, 2.3861210346221924, 2.0832273960113525, 2.0945112705230713, 2.062321662902832, 2.275543689727783, 2.312746286392212, 2.111481189727783, 2.29646897315979, 2.415201187133789, 2.2315938472747803, 2.109480857849121, 2.3971688747406006, 2.2487730979919434, 2.265742540359497, 2.4187541007995605, 2.33492112159729, 2.3009872436523438, 2.3597066402435303]",sae,Pre-64
1,beta,28,0.032,0.4589844236982603,0.4495627040154577,0.4460243257925769,0.5,0.5987249917034086,0.6989226283601194,30,"[0, 1, 2, 3, 4, 5, 6, 7, 8, 9, 10, 11, 12, 13, 14, 15, 16, 17, 18, 19, 20, 21, 22, 23, 24, 25, 26, 27, 28, 29]","[1.71399986743927, 1.623673439025879, 1.5831387042999268, 1.7858521938323975, 1.7745161056518555, 1.717305302619934, 1.7151243686676025, 1.6208956241607666, 1.7057580947875977, 1.7672531604766846, 1.6634045839309692, 1.7241054773330688, 1.7568074464797974, 1.7985013723373413, 1.7468687295913696, 1.6307010650634766, 1.6643626689910889, 1.734427809715271, 1.7434278726577759, 1.7094007730484009, 1.6353262662887573, 1.6931573152542114, 1.7023510932922363, 1.6251401901245117, 1.6372097730636597, 1.7570158243179321, 1.7859852313995361, 1.653470516204834, 1.6509554386138916, 1.6433606147766113]",sae,Pre-64
1,beta,40,0.035,0.44666181227492,0.4340193094910912,0.440578190366511,0.5,0.6093636266731638,0.6686442613714233,30,"[0, 1, 2, 3, 4, 5, 6, 7, 8, 9, 10, 11, 12, 13, 14, 15, 16, 17, 18, 19, 20, 21, 22, 23, 24, 25, 26, 27, 28, 29]","[1.7982521057128906, 1.7749606370925903, 1.6903303861618042, 1.6447924375534058, 1.7013829946517944, 1.70626699924469, 1.7100613117218018, 1.7560076713562012, 1.722614049911499, 1.7835886478424072, 1.6286516189575195, 1.6434545516967773, 1.7393450736999512, 1.7117512226104736, 1.6712723970413208, 1.7845827341079712, 1.7371331453323364, 1.6578017473220825, 1.6782913208007812, 1.7316933870315552, 1.6137560606002808, 1.64944589138031, 1.7854894399642944, 1.657152771949768, 1.7700539827346802, 1.6451635360717773, 1.7542834281921387, 1.7251578569412231, 1.7970938682556152, 1.6378620862960815]",sae,Pre-64
1,beta,40,0.0155,0.44666181227492,0.4340193094910912,0.4562440107553419,0.5,0.6093636266731638,0.6670331511063059,30,"[0, 1, 2, 3, 4, 5, 6, 7, 8, 9, 10, 11, 12, 13, 14, 15, 16, 17, 18, 19, 20, 21, 22, 23, 24, 25, 26, 27, 28, 29]","[2.5199291706085205, 2.463538408279419, 2.3973240852355957, 2.169245719909668, 2.508883237838745, 2.478973627090454, 2.3619072437286377, 2.4449007511138916, 2.4674129486083984, 2.3825950622558594, 2.040645122528076, 2.0919995307922363, 2.3151257038116455, 2.357257604598999, 2.3312578201293945, 2.4907073974609375, 2.45630145072937, 2.0601654052734375, 2.1908600330352783, 2.285243272781372, 2.3144519329071045, 2.3479175567626953, 2.4083144664764404, 2.081556558609009, 2.4883358478546143, 2.0231120586395264, 2.4652304649353027, 2.4335198402404785, 2.526233673095703, 2.386561155319214]",sae,Pre-64
1,beta,19,0.012,0.4469965829377276,0.435497383761294,0.4310919955951737,0.5,0.6104665954706788,0.7177325124854729,30,"[0, 1, 2, 3, 4, 5, 6, 7, 8, 9, 10, 11, 12, 13, 14, 15, 16, 17, 18, 19, 20, 21, 22, 23, 24, 25, 26, 27, 28, 29]","[2.2315776348114014, 2.5495622158050537, 2.414111852645874, 2.2668185234069824, 2.5528271198272705, 2.593536615371704, 2.485114336013794, 2.301929235458374, 2.507777690887451, 2.600466251373291, 2.5764918327331543, 2.5853869915008545, 2.5634701251983643, 2.1812760829925537, 2.510568141937256, 2.41850209236145, 2.3733601570129395, 2.6042513847351074, 2.159636974334717, 2.1431195735931396, 2.599789619445801, 2.4827053546905518, 2.484607458114624, 2.1360015869140625, 2.083400011062622, 2.5247604846954346, 2.653651714324951, 2.5889534950256348, 2.577784538269043, 2.444526433944702]",sae,Pre-64
1,beta,13,0.01,0.4619123366083722,0.4531466051409948,0.4577614746041015,0.5,0.6127276801885291,0.7151007832353526,30,"[0, 1, 2, 3, 4, 5, 6, 7, 8, 9, 10, 11, 12, 13, 14, 15, 16, 17, 18, 19, 20, 21, 22, 23, 24, 25, 26, 27, 28, 29]","[2.62764048576355, 2.6141581535339355, 2.6092333793640137, 2.52558970451355, 2.344139814376831, 2.6374988555908203, 2.604889154434204, 2.5182125568389893, 2.321847438812256, 2.533888101577759, 2.6388304233551025, 2.512723445892334, 2.6419053077697754, 2.30033540725708, 2.5912086963653564, 2.514693260192871, 2.535266399383545, 2.5388054847717285, 2.511507272720337, 2.473209857940674, 2.5196046829223633, 2.29144024848938, 2.6549859046936035, 2.338878631591797, 2.182770013809204, 2.2711398601531982, 2.308439016342163, 2.2893881797790527, 2.5891575813293457, 2.3320274353027344]",sae,Pre-64
1,beta,4,0.029,0.4589558369307028,0.4477177462853796,0.4721703514504498,0.5,0.61034827708266,0.6540822137063883,30,"[0, 1, 2, 3, 4, 5, 6, 7, 8, 9, 10, 11, 12, 13, 14, 15, 16, 17, 18, 19, 20, 21, 22, 23, 24, 25, 26, 27, 28, 29]","[1.8327877521514893, 1.8402055501937866, 1.6759140491485596, 1.8454713821411133, 1.6863362789154053, 1.7249058485031128, 1.8415573835372925, 1.699133038520813, 1.6974068880081177, 1.8353900909423828, 1.7951034307479858, 1.714893102645874, 1.841605544090271, 1.6645499467849731, 1.6761326789855957, 1.7303828001022339, 1.7672532796859741, 1.7797725200653076, 1.7278738021850586, 1.778799057006836, 1.746357798576355, 1.7882213592529297, 1.719003677368164, 1.6998507976531982, 1.7691783905029297, 1.75478994846344, 1.689963698387146, 1.7255290746688843, 1.8044990301132202, 1.6949375867843628]",sae,Pre-64
1,beta,25,0.016,0.4465066892532915,0.4352791138475453,0.4658995267104172,0.5,0.6270054355300688,0.6556256839260195,30,"[0, 1, 2, 3, 4, 5, 6, 7, 8, 9, 10, 11, 12, 13, 14, 15, 16, 17, 18, 19, 20, 21, 22, 23, 24, 25, 26, 27, 28, 29]","[2.364171028137207, 2.4807486534118652, 2.0730741024017334, 2.4262688159942627, 2.5046918392181396, 2.503635883331299, 2.524534225463867, 2.0333926677703857, 2.2034857273101807, 2.32781720161438, 2.5368807315826416, 2.4533731937408447, 2.307286500930786, 2.05792498588562, 2.322540283203125, 2.511648178100586, 2.4536983966827393, 2.256466865539551, 2.4322593212127686, 2.4470841884613037, 2.511983871459961, 2.383477210998535, 2.550238847732544, 2.3099610805511475, 2.228640556335449, 2.0913619995117188, 2.584573268890381, 2.2707788944244385, 2.520153045654297, 2.364989995956421]",sae,Pre-64
1,beta,47,0.018,0.4460371044958436,0.4257646434940195,0.4215097789161741,0.5,0.6434257056516428,0.7370282260657108,30,"[0, 1, 2, 3, 4, 5, 6, 7, 8, 9, 10, 11, 12, 13, 14, 15, 16, 17, 18, 19, 20, 21, 22, 23, 24, 25, 26, 27, 28, 29]","[2.396317958831787, 2.3005049228668213, 2.314980983734131, 2.0433201789855957, 2.3782541751861572, 2.435051679611206, 2.2779579162597656, 2.387637138366699, 2.1643593311309814, 2.1201417446136475, 2.3293159008026123, 2.279057502746582, 2.1065611839294434, 2.4275119304656982, 2.3611207008361816, 2.3046045303344727, 2.0864665508270264, 2.4451904296875, 2.279054880142212, 2.136347770690918, 2.405299186706543, 2.2514424324035645, 2.367379665374756, 2.200821876525879, 2.3523826599121094, 2.2364330291748047, 2.1352853775024414, 2.3341057300567627, 2.3219692707061768, 2.3754804134368896]",sae,Pre-64
1,beta,20,0.005,0.4408022875601419,0.4262939306313442,0.4565319202738569,0.5,0.6176087118064704,0.6539461862202676,30,"[0, 1, 2, 3, 4, 5, 6, 7, 8, 9, 10, 11, 12, 13, 14, 15, 16, 17, 18, 19, 20, 21, 22, 23, 24, 25, 26, 27, 28, 29]","[2.800354480743408, 2.825944662094116, 2.7971763610839844, 2.8407435417175293, 2.7857534885406494, 2.69938063621521, 2.835414171218872, 2.7563207149505615, 2.7445383071899414, 2.484201431274414, 2.5609233379364014, 2.765713930130005, 2.9032537937164307, 2.8094117641448975, 2.7348272800445557, 2.8314368724823, 2.7988359928131104, 2.5156097412109375, 2.795485734939575, 2.826289653778076, 2.4279308319091797, 2.451256275177002, 2.560666561126709, 2.8225257396698, 2.748609781265259, 2.544456958770752, 2.446995735168457, 2.517716646194458, 2.655848741531372, 2.8546507358551025]",sae,Pre-64
1,beta,4,0.012,0.4589558369307028,0.4477177462853796,0.4892996429408922,0.5,0.61034827708266,0.6505517336903828,30,"[0, 1, 2, 3, 4, 5, 6, 7, 8, 9, 10, 11, 12, 13, 14, 15, 16, 17, 18, 19, 20, 21, 22, 23, 24, 25, 26, 27, 28, 29]","[2.5060150623321533, 2.5775303840637207, 2.2562193870544434, 2.6203150749206543, 2.508546829223633, 2.5374715328216553, 2.5826215744018555, 2.4950335025787354, 2.1338863372802734, 2.6478159427642822, 2.3737223148345947, 2.4959943294525146, 2.6440391540527344, 2.194552183151245, 2.2491605281829834, 2.418754816055298, 2.5646610260009766, 2.343740224838257, 2.5477113723754883, 2.2933671474456787, 2.522939920425415, 2.3772733211517334, 2.2254106998443604, 2.47196102142334, 2.5790469646453857, 2.5882349014282227, 2.520382881164551, 2.536323070526123, 2.6050961017608643, 2.3038814067840576]",sae,Pre-64
1,beta,47,0.04,0.4460371044958436,0.4257646434940195,0.4112070700665694,0.5,0.6434257056516428,0.7353372339741528,30,"[0, 1, 2, 3, 4, 5, 6, 7, 8, 9, 10, 11, 12, 13, 14, 15, 16, 17, 18, 19, 20, 21, 22, 23, 24, 25, 26, 27, 28, 29]","[1.847607970237732, 1.6628620624542236, 1.6596819162368774, 1.6565966606140137, 1.779423713684082, 1.8151813745498657, 1.7355031967163086, 1.8417361974716187, 1.7782930135726929, 1.6767117977142334, 1.7126096487045288, 1.6567412614822388, 1.682904601097107, 1.843670129776001, 1.6643840074539185, 1.8247779607772827, 1.6952919960021973, 1.7859110832214355, 1.6305288076400757, 1.6545393466949463, 1.6902360916137695, 1.7671457529067993, 1.8446718454360962, 1.6721488237380981, 1.7494083642959595, 1.636296033859253, 1.583114743232727, 1.8301948308944702, 1.630684733390808, 1.7060115337371826]",sae,Pre-64
1,beta,17,0.004,0.4599327030141671,0.4513468217402507,0.4661309667876968,0.5,0.6120635717004715,0.6902228684855706,30,"[0, 1, 2, 3, 4, 5, 6, 7, 8, 9, 10, 11, 12, 13, 14, 15, 16, 17, 18, 19, 20, 21, 22, 23, 24, 25, 26, 27, 28, 29]","[2.7149100303649902, 2.6617650985717773, 2.716338634490967, 2.5619699954986572, 2.7201225757598877, 2.4231042861938477, 2.4785192012786865, 2.3491690158843994, 2.6898422241210938, 2.612840414047241, 2.7539243698120117, 2.7729663848876953, 2.52205228805542, 2.772141933441162, 2.648280382156372, 2.3432939052581787, 2.4339194297790527, 2.6905267238616943, 2.6720504760742188, 2.514629602432251, 2.6216070652008057, 2.6606032848358154, 2.611084461212158, 2.7092084884643555, 2.704253911972046, 2.7442679405212402, 2.520678997039795, 2.7540905475616455, 2.7089927196502686, 2.4861581325531006]",sae,Pre-64
1,beta,8,0.005,0.4517491928182039,0.4406431065890545,0.4568697815321778,0.5,0.6098144493254953,0.6814399807587557,30,"[0, 1, 2, 3, 4, 5, 6, 7, 8, 9, 10, 11, 12, 13, 14, 15, 16, 17, 18, 19, 20, 21, 22, 23, 24, 25, 26, 27, 28, 29]","[2.6323602199554443, 2.6459810733795166, 2.4879825115203857, 2.4460082054138184, 2.7034056186676025, 2.522620677947998, 2.670405387878418, 2.627974271774292, 2.3443140983581543, 2.5006706714630127, 2.790184497833252, 2.7042832374572754, 2.276918649673462, 2.4055068492889404, 2.7227940559387207, 2.674309492111206, 2.431927442550659, 2.6540493965148926, 2.582453966140747, 2.549177885055542, 2.6283628940582275, 2.6154844760894775, 2.7231266498565674, 2.668590784072876, 2.7494208812713623, 2.7085607051849365, 2.4652085304260254, 2.6979141235351562, 2.5321290493011475, 2.627497434616089]",sae,Pre-64
1,beta,12,0.014,0.4455148672091349,0.4361346773072694,0.4352443311432768,0.5,0.5892778403611032,0.7250218522275249,30,"[0, 1, 2, 3, 4, 5, 6, 7, 8, 9, 10, 11, 12, 13, 14, 15, 16, 17, 18, 19, 20, 21, 22, 23, 24, 25, 26, 27, 28, 29]","[2.321162700653076, 2.5235373973846436, 2.185600996017456, 2.486546277999878, 2.572361707687378, 2.6391396522521973, 2.5776288509368896, 2.5454514026641846, 2.417034864425659, 2.125417709350586, 2.125715732574463, 2.5851335525512695, 2.461127996444702, 2.4734907150268555, 2.368006706237793, 2.634638547897339, 2.3059093952178955, 2.4203431606292725, 2.376793384552002, 2.624791383743286, 2.46288800239563, 2.342905282974243, 2.1492295265197754, 2.6228482723236084, 2.625336170196533, 2.596632480621338, 2.4917147159576416, 2.4177730083465576, 2.293524742126465, 2.5452234745025635]",sae,Pre-64
1,beta,0,0.028,0.4600628296558519,0.4487196928272481,0.4385659141663142,0.5,0.6146148452673732,0.7226539151225343,30,"[0, 1, 2, 3, 4, 5, 6, 7, 8, 9, 10, 11, 12, 13, 14, 15, 16, 17, 18, 19, 20, 21, 22, 23, 24, 25, 26, 27, 28, 29]","[1.7197670936584473, 1.7278224229812622, 1.7678050994873047, 1.8320189714431763, 1.6885653734207153, 1.7586125135421753, 1.8285645246505737, 1.8519279956817627, 1.827485203742981, 1.6923986673355103, 1.7706941366195679, 1.7082085609436035, 1.830199122428894, 1.8331878185272217, 1.8454947471618652, 1.7106560468673706, 1.834765076637268, 1.718461036682129, 1.729870319366455, 1.8442920446395874, 1.6916346549987793, 1.7116717100143433, 1.8306851387023926, 1.711857557296753, 1.7312686443328857, 1.6918237209320068, 1.8131182193756104, 1.6819742918014526, 1.862485647201538, 1.6926496028900146]",sae,Pre-64
1,beta,1,0.006,0.4560357198099471,0.4497423189216591,0.4648419708730806,0.5,0.5964054457666336,0.6887823464135618,30,"[0, 1, 2, 3, 4, 5, 6, 7, 8, 9, 10, 11, 12, 13, 14, 15, 16, 17, 18, 19, 20, 21, 22, 23, 24, 25, 26, 27, 28, 29]","[2.7696683406829834, 2.6569838523864746, 2.673341751098633, 2.549283504486084, 2.701603889465332, 2.6612062454223633, 2.745790719985962, 2.3435606956481934, 2.3868274688720703, 2.3306593894958496, 2.420348882675171, 2.713050603866577, 2.7608959674835205, 2.531560182571411, 2.751356840133667, 2.714012861251831, 2.671879529953003, 2.720637798309326, 2.7322635650634766, 2.7095439434051514, 2.7888693809509277, 2.3103549480438232, 2.5299079418182373, 2.6482231616973877, 2.66395902633667, 2.3488945960998535, 2.6814167499542236, 2.414680004119873, 2.738006353378296, 2.4939663410186768]",sae,Pre-64
1,beta,20,0.024,0.4408022875601419,0.4262939306313442,0.4442346478387217,0.5,0.6176087118064704,0.6512186801234894,30,"[0, 1, 2, 3, 4, 5, 6, 7, 8, 9, 10, 11, 12, 13, 14, 15, 16, 17, 18, 19, 20, 21, 22, 23, 24, 25, 26, 27, 28, 29]","[1.8188031911849976, 1.866119146347046, 1.8039981126785278, 1.9459185600280762, 1.8368223905563354, 1.8826169967651367, 1.893863558769226, 1.7833417654037476, 1.8074195384979248, 1.7185248136520386, 1.754320740699768, 1.7761245965957642, 1.9384512901306152, 1.799733281135559, 1.8416507244110107, 1.8961457014083862, 1.7934176921844482, 1.7003246545791626, 1.8383700847625732, 1.8608311414718628, 1.772559404373169, 1.715332269668579, 1.8427687883377075, 1.9062819480895996, 1.911641001701355, 1.7101314067840576, 1.779584527015686, 1.8387699127197266, 1.7004297971725464, 1.8985599279403687]",sae,Pre-64
1,beta,28,0.015,0.4589844236982603,0.4495627040154577,0.4566375960746405,0.5,0.5987249917034086,0.6988589223913148,30,"[0, 1, 2, 3, 4, 5, 6, 7, 8, 9, 10, 11, 12, 13, 14, 15, 16, 17, 18, 19, 20, 21, 22, 23, 24, 25, 26, 27, 28, 29]","[2.285604953765869, 2.4090051651000977, 2.361586570739746, 2.4465441703796387, 2.3836846351623535, 2.292358636856079, 2.503054141998291, 2.2630200386047363, 2.45819354057312, 2.5080692768096924, 2.2466094493865967, 2.2763442993164062, 2.470224380493164, 2.3727705478668213, 2.531010150909424, 2.046356678009033, 2.117672920227051, 2.4564268589019775, 2.2650458812713623, 2.3786275386810303, 2.0911502838134766, 2.1953954696655273, 2.4835426807403564, 2.4135544300079346, 2.0804662704467773, 2.4724984169006348, 2.419740915298462, 2.3338770866394043, 2.4218554496765137, 2.0774965286254883]",sae,Pre-64
1,beta,19,0.036,0.4469965829377276,0.435497383761294,0.4198368429986519,0.5,0.6104665954706788,0.7149401639601721,30,"[0, 1, 2, 3, 4, 5, 6, 7, 8, 9, 10, 11, 12, 13, 14, 15, 16, 17, 18, 19, 20, 21, 22, 23, 24, 25, 26, 27, 28, 29]","[1.696007490158081, 1.7342547178268433, 1.795400619506836, 1.7003318071365356, 1.6949567794799805, 1.7260559797286987, 1.7173362970352173, 1.7863739728927612, 1.6630728244781494, 1.82538902759552, 1.8687994480133057, 1.8550050258636475, 1.7350492477416992, 1.6782400608062744, 1.6633601188659668, 1.6890534162521362, 1.8227100372314453, 1.8385807275772095, 1.6455917358398438, 1.6451947689056396, 1.853063941001892, 1.7040176391601562, 1.7256325483322144, 1.6472846269607544, 1.6333775520324707, 1.8368834257125854, 1.844477891921997, 1.7348681688308716, 1.7314133644104004, 1.6745740175247192]",sae,Pre-64
1,beta,16,0.015,0.4519396108125126,0.4401978349795346,0.4467222419487541,0.5,0.6159012314439947,0.7221102636398687,30,"[0, 1, 2, 3, 4, 5, 6, 7, 8, 9, 10, 11, 12, 13, 14, 15, 16, 17, 18, 19, 20, 21, 22, 23, 24, 25, 26, 27, 28, 29]","[2.448599100112915, 2.1358802318573, 2.41919207572937, 2.417142391204834, 2.5356643199920654, 2.343414306640625, 2.4252421855926514, 2.3910105228424072, 2.0545737743377686, 2.3044941425323486, 2.478658437728882, 2.1127383708953857, 2.3971364498138428, 2.2439963817596436, 2.294923782348633, 2.193209648132324, 2.092851400375366, 2.452378273010254, 2.215271234512329, 2.4501404762268066, 2.168168067932129, 2.4183788299560547, 2.1494710445404053, 2.4153811931610107, 2.403980016708374, 2.405393123626709, 2.2985942363739014, 2.056568145751953, 2.240084171295166, 2.218043804168701]",sae,Pre-64
1,beta,8,0.024,0.4517491928182039,0.4406431065890545,0.44433535062311,0.5,0.6098144493254953,0.6808386918783558,30,"[0, 1, 2, 3, 4, 5, 6, 7, 8, 9, 10, 11, 12, 13, 14, 15, 16, 17, 18, 19, 20, 21, 22, 23, 24, 25, 26, 27, 28, 29]","[1.713922381401062, 1.8193424940109253, 1.7045303583145142, 1.7123669385910034, 1.8253880739212036, 1.7477996349334717, 1.78950035572052, 1.684871792793274, 1.7054325342178345, 1.7958160638809204, 1.8252896070480347, 1.7396286725997925, 1.6452630758285522, 1.7050362825393677, 1.7718300819396973, 1.6975351572036743, 1.659631371498108, 1.7436621189117432, 1.6292202472686768, 1.7557380199432373, 1.6845815181732178, 1.6380270719528198, 1.7778946161270142, 1.7310625314712524, 1.7791907787322998, 1.7832918167114258, 1.6826560497283936, 1.7641581296920776, 1.7552168369293213, 1.7833166122436523]",sae,Pre-64
1,beta,34,0.008,0.4568527557813058,0.4470225010708758,0.4685845718935023,0.5,0.6011606799053854,0.6807189324871672,30,"[0, 1, 2, 3, 4, 5, 6, 7, 8, 9, 10, 11, 12, 13, 14, 15, 16, 17, 18, 19, 20, 21, 22, 23, 24, 25, 26, 27, 28, 29]","[2.3763413429260254, 2.618544340133667, 2.61218523979187, 2.6153368949890137, 2.4428141117095947, 2.3373210430145264, 2.6415984630584717, 2.6261422634124756, 2.4104950428009033, 2.3505120277404785, 2.544398069381714, 2.463780164718628, 2.5482017993927, 2.6112964153289795, 2.3099656105041504, 2.466702461242676, 2.6265814304351807, 2.633291244506836, 2.5944156646728516, 2.302887201309204, 2.628157377243042, 2.644447088241577, 2.4678802490234375, 2.560420274734497, 2.235337018966675, 2.4493489265441895, 2.674813747406006, 2.690200090408325, 2.563300371170044, 2.5615646839141846]",sae,Pre-64
1,beta,12,0.03,0.4455148672091349,0.4361346773072694,0.4193943169603523,0.5,0.5892778403611032,0.7302991067463785,30,"[0, 1, 2, 3, 4, 5, 6, 7, 8, 9, 10, 11, 12, 13, 14, 15, 16, 17, 18, 19, 20, 21, 22, 23, 24, 25, 26, 27, 28, 29]","[1.614478588104248, 1.789282202720642, 1.6476675271987915, 1.6036635637283325, 1.816247820854187, 1.7673112154006958, 1.7454828023910522, 1.7396306991577148, 1.7968792915344238, 1.6403968334197998, 1.6231646537780762, 1.8470933437347412, 1.6687030792236328, 1.747713327407837, 1.6067556142807007, 1.8489964008331299, 1.5796911716461182, 1.838200569152832, 1.7281886339187622, 1.843293309211731, 1.7855432033538818, 1.7411130666732788, 1.6441915035247803, 1.8448258638381958, 1.8320623636245728, 1.7120403051376343, 1.8333157300949097, 1.7452119588851929, 1.6918716430664062, 1.8459968566894531]",sae,Pre-64
1,beta,1,0.025,0.4560357198099471,0.4497423189216591,0.4541272556050462,0.5,0.5964054457666336,0.6836323015535722,30,"[0, 1, 2, 3, 4, 5, 6, 7, 8, 9, 10, 11, 12, 13, 14, 15, 16, 17, 18, 19, 20, 21, 22, 23, 24, 25, 26, 27, 28, 29]","[1.770492434501648, 1.6269805431365967, 1.7204982042312622, 1.5929336547851562, 1.7345625162124634, 1.5761101245880127, 1.644403338432312, 1.6486027240753174, 1.5510071516036987, 1.6292674541473389, 1.6496528387069702, 1.7076144218444824, 1.7553637027740479, 1.6092889308929443, 1.7487423419952393, 1.6407732963562012, 1.5900534391403198, 1.6680454015731812, 1.7292183637619019, 1.7512706518173218, 1.7694100141525269, 1.6468719244003296, 1.6719837188720703, 1.6231398582458496, 1.5884877443313599, 1.5963327884674072, 1.668360710144043, 1.6413862705230713, 1.7569950819015503, 1.6770249605178833]",sae,Pre-64
1,beta,36,0.0151,0.4642138821845151,0.4576483090311837,0.4796716544550516,0.5,0.6031055233182893,0.6748581269857866,30,"[0, 1, 2, 3, 4, 5, 6, 7, 8, 9, 10, 11, 12, 13, 14, 15, 16, 17, 18, 19, 20, 21, 22, 23, 24, 25, 26, 27, 28, 29]","[2.471774101257324, 2.444246292114258, 2.3532183170318604, 2.389173746109009, 2.1212728023529053, 2.467322826385498, 2.3940234184265137, 2.0556318759918213, 2.4662723541259766, 2.4012935161590576, 2.4532387256622314, 2.4963901042938232, 2.144331455230713, 2.444272756576538, 2.12638258934021, 2.4648666381835938, 2.5098941326141357, 2.3164150714874268, 2.542107343673706, 2.180018186569214, 2.0574917793273926, 2.442559003829956, 2.44948148727417, 2.262678623199463, 2.460482120513916, 2.3360702991485596, 2.386141300201416, 2.284775733947754, 2.411268472671509, 2.13474702835083]",sae,Pre-64
1,beta,34,0.026,0.4568527557813058,0.4470225010708758,0.4536538983608804,0.5,0.6011606799053854,0.6789832687224415,30,"[0, 1, 2, 3, 4, 5, 6, 7, 8, 9, 10, 11, 12, 13, 14, 15, 16, 17, 18, 19, 20, 21, 22, 23, 24, 25, 26, 27, 28, 29]","[1.6300100088119507, 1.7346667051315308, 1.7364399433135986, 1.67296302318573, 1.6177940368652344, 1.6497626304626465, 1.6810048818588257, 1.630057454109192, 1.5980442762374878, 1.6332865953445435, 1.7105176448822021, 1.5002243518829346, 1.7316009998321533, 1.6225556135177612, 1.5951709747314453, 1.6367580890655518, 1.7450095415115356, 1.735595703125, 1.6518186330795288, 1.618079423904419, 1.6727714538574219, 1.7440146207809448, 1.696315884590149, 1.7495050430297852, 1.6105281114578247, 1.5795924663543701, 1.7617450952529907, 1.7628998756408691, 1.7317332029342651, 1.7456008195877075]",sae,Pre-64
1,beta,29,0.025,0.4558655961502112,0.4409050416793991,0.4613636600720305,0.5,0.6296548282533407,0.6742845325352808,30,"[0, 1, 2, 3, 4, 5, 6, 7, 8, 9, 10, 11, 12, 13, 14, 15, 16, 17, 18, 19, 20, 21, 22, 23, 24, 25, 26, 27, 28, 29]","[1.692753791809082, 1.7377650737762451, 1.4043633937835693, 1.8235447406768799, 1.7683789730072021, 1.6841224431991577, 1.8602409362792969, 1.6690219640731812, 1.7785395383834839, 1.8120208978652954, 1.7281687259674072, 1.7964452505111694, 1.8132377862930298, 1.7056481838226318, 1.781585693359375, 1.701696515083313, 1.7760179042816162, 1.7613091468811035, 1.7111929655075073, 1.7470046281814575, 1.8176223039627075, 1.8696092367172241, 1.7448070049285889, 1.7365708351135254, 1.7853823900222778, 1.6266316175460815, 1.687247633934021, 1.8446359634399414, 1.8777618408203125, 1.6819218397140503]",sae,Pre-64
1,beta,29,0.006,0.4558655961502112,0.4409050416793991,0.4719033826414137,0.5,0.6296548282533407,0.6790688020668644,30,"[0, 1, 2, 3, 4, 5, 6, 7, 8, 9, 10, 11, 12, 13, 14, 15, 16, 17, 18, 19, 20, 21, 22, 23, 24, 25, 26, 27, 28, 29]","[2.3510007858276367, 2.630831718444824, 2.0842185020446777, 2.6508944034576416, 2.6182267665863037, 2.301162004470825, 2.6830999851226807, 2.2959978580474854, 2.5674493312835693, 2.6299307346343994, 2.5132603645324707, 2.6173601150512695, 2.6014292240142822, 2.3118648529052734, 2.492161512374878, 2.2913095951080322, 2.566581964492798, 2.6102540493011475, 2.5951991081237793, 2.6061410903930664, 2.4564199447631836, 2.6600592136383057, 2.614208221435547, 2.5858070850372314, 2.6353445053100586, 2.4430861473083496, 2.3267250061035156, 2.692326784133911, 2.591049909591675, 2.564760208129883]",sae,Pre-64
1,beta,41,0.028,0.4543678569363413,0.4427951465832617,0.4597855899854604,0.5,0.6190905384235713,0.6771017976065294,30,"[0, 1, 2, 3, 4, 5, 6, 7, 8, 9, 10, 11, 12, 13, 14, 15, 16, 17, 18, 19, 20, 21, 22, 23, 24, 25, 26, 27, 28, 29]","[1.6857579946517944, 1.8294048309326172, 1.7803291082382202, 1.6705055236816406, 1.6998560428619385, 1.8785042762756348, 1.7070646286010742, 1.7989693880081177, 1.7312530279159546, 1.8426443338394165, 1.8518366813659668, 1.787458062171936, 1.7867352962493896, 1.8306238651275635, 1.8583731651306152, 1.7216182947158813, 1.8029170036315918, 1.80799400806427, 1.8598910570144653, 1.8125962018966675, 1.7181023359298706, 1.7715702056884766, 1.75025475025177, 1.79481840133667, 1.7396806478500366, 1.6945736408233643, 1.825914740562439, 1.8430358171463013, 1.7992254495620728, 1.6843746900558472]",sae,Pre-64
1,beta,40,0.016,0.44666181227492,0.4340193094910912,0.4561562925285021,0.5,0.6093636266731638,0.6670301055292451,30,"[0, 1, 2, 3, 4, 5, 6, 7, 8, 9, 10, 11, 12, 13, 14, 15, 16, 17, 18, 19, 20, 21, 22, 23, 24, 25, 26, 27, 28, 29]","[2.5078747272491455, 2.45120906829834, 2.3853840827941895, 2.1567811965942383, 2.4971370697021484, 2.467036485671997, 2.3495304584503174, 2.432938814163208, 2.4553494453430176, 2.3701443672180176, 2.0274603366851807, 2.0789835453033447, 2.3035411834716797, 2.3446755409240723, 2.3191306591033936, 2.4785447120666504, 2.4440741539001465, 2.047241449356079, 2.1784496307373047, 2.2725727558135986, 2.302473306655884, 2.3355789184570312, 2.3958027362823486, 2.068779468536377, 2.476140022277832, 2.0100138187408447, 2.4529500007629395, 2.4211034774780273, 2.5140068531036377, 2.3745779991149902]",sae,Pre-64
1,beta,6,0.0159,0.4540822999211705,0.4457917896713532,0.464673339638258,0.5,0.5933447799067053,0.6655493595490253,30,"[0, 1, 2, 3, 4, 5, 6, 7, 8, 9, 10, 11, 12, 13, 14, 15, 16, 17, 18, 19, 20, 21, 22, 23, 24, 25, 26, 27, 28, 29]","[2.1729202270507812, 2.4475550651550293, 2.1076269149780273, 2.473034620285034, 2.3172531127929688, 2.3939993381500244, 2.390564203262329, 2.4050564765930176, 2.100637912750244, 2.432623863220215, 2.398287773132324, 2.292710065841675, 2.4127283096313477, 2.2791202068328857, 2.211841583251953, 2.4817054271698, 2.1757960319519043, 2.1875228881835938, 2.186561346054077, 2.377089023590088, 2.2301554679870605, 2.2961199283599854, 2.424830913543701, 2.0795226097106934, 2.366555690765381, 2.3077147006988525, 2.4569621086120605, 2.1066603660583496, 2.0983097553253174, 2.4311158657073975]",sae,Pre-64
1,beta,11,0.002,0.4566976193509867,0.4496008864727478,0.4520149775509033,0.5,0.5995106990682213,0.7158103900360537,30,"[0, 1, 2, 3, 4, 5, 6, 7, 8, 9, 10, 11, 12, 13, 14, 15, 16, 17, 18, 19, 20, 21, 22, 23, 24, 25, 26, 27, 28, 29]","[2.577876329421997, 2.781888961791992, 2.7839858531951904, 2.804680824279785, 2.757289171218872, 2.743269443511963, 2.7871811389923096, 2.5080175399780273, 2.8345704078674316, 2.7959446907043457, 2.8017618656158447, 2.827181577682495, 2.870266914367676, 2.7988946437835693, 2.624439001083374, 2.8036999702453613, 2.6369030475616455, 2.4679765701293945, 2.458796739578247, 2.658125162124634, 2.4882595539093018, 2.834676742553711, 2.8048152923583984, 2.6537744998931885, 2.478313684463501, 2.7274250984191895, 2.8301680088043213, 2.5083231925964355, 2.7800776958465576, 2.4551210403442383]",sae,Pre-64
1,beta,40,0.038,0.44666181227492,0.4340193094910912,0.4386654555274791,0.5,0.6093636266731638,0.6684478216510072,30,"[0, 1, 2, 3, 4, 5, 6, 7, 8, 9, 10, 11, 12, 13, 14, 15, 16, 17, 18, 19, 20, 21, 22, 23, 24, 25, 26, 27, 28, 29]","[1.6903681755065918, 1.6691244840621948, 1.599640130996704, 1.5528943538665771, 1.6000120639801025, 1.6147246360778809, 1.6174585819244385, 1.6617424488067627, 1.6343146562576294, 1.6846057176589966, 1.561853051185608, 1.57905113697052, 1.6579420566558838, 1.6007267236709595, 1.5778697729110718, 1.6870745420455933, 1.624947190284729, 1.5874406099319458, 1.5819851160049438, 1.6215307712554932, 1.5421475172042847, 1.5631778240203857, 1.6824859380722046, 1.5859729051589966, 1.6723260879516602, 1.5664300918579102, 1.6556317806243896, 1.6043570041656494, 1.7020272016525269, 1.5530966520309448]",sae,Pre-64
1,beta,41,0.01,0.4543678569363413,0.4427951465832617,0.4729824989420009,0.5,0.6190905384235713,0.6750702804781217,30,"[0, 1, 2, 3, 4, 5, 6, 7, 8, 9, 10, 11, 12, 13, 14, 15, 16, 17, 18, 19, 20, 21, 22, 23, 24, 25, 26, 27, 28, 29]","[2.2254343032836914, 2.6755285263061523, 2.531299591064453, 2.493905782699585, 2.3506789207458496, 2.70407772064209, 2.5399909019470215, 2.666599988937378, 2.5345427989959717, 2.660226583480835, 2.689819574356079, 2.6265335083007812, 2.3494956493377686, 2.477724313735962, 2.6586053371429443, 2.2633438110351562, 2.5793347358703613, 2.6546473503112793, 2.574676036834717, 2.4626529216766357, 2.402031183242798, 2.64044189453125, 2.577927827835083, 2.439803123474121, 2.57955265045166, 2.226032257080078, 2.3859589099884033, 2.6674811840057373, 2.4217419624328613, 2.3832783699035645]",sae,Pre-64
1,beta,11,0.02,0.4566976193509867,0.4496008864727478,0.4501663331077994,0.5,0.5995106990682213,0.7144891019337922,30,"[0, 1, 2, 3, 4, 5, 6, 7, 8, 9, 10, 11, 12, 13, 14, 15, 16, 17, 18, 19, 20, 21, 22, 23, 24, 25, 26, 27, 28, 29]","[2.091676712036133, 2.326272964477539, 2.3227169513702393, 2.338602304458618, 2.269451379776001, 2.286154270172119, 2.3277459144592285, 2.03975248336792, 2.3635265827178955, 2.3183443546295166, 2.3281962871551514, 2.356200695037842, 2.4022254943847656, 2.3410003185272217, 2.1447296142578125, 2.347379446029663, 2.148212194442749, 1.9841829538345337, 1.9582241773605347, 2.1749236583709717, 1.9982131719589233, 2.3687658309936523, 2.321261405944824, 2.167691946029663, 1.9856030941009521, 2.2637412548065186, 2.3644115924835205, 2.0277791023254395, 2.312520980834961, 1.966812014579773]",sae,Pre-64
1,beta,18,0.029,0.4575117633693479,0.4471831599677374,0.4268305910672316,0.5,0.6052065040104606,0.7328180332646234,30,"[0, 1, 2, 3, 4, 5, 6, 7, 8, 9, 10, 11, 12, 13, 14, 15, 16, 17, 18, 19, 20, 21, 22, 23, 24, 25, 26, 27, 28, 29]","[1.5418084859848022, 1.7023110389709473, 1.7322700023651123, 1.5986964702606201, 1.625343680381775, 1.6314005851745605, 1.8287681341171265, 1.5985946655273438, 1.723520040512085, 1.5930216312408447, 1.8031152486801147, 1.6881635189056396, 1.7292382717132568, 1.7073719501495361, 1.6313787698745728, 1.6055243015289307, 1.6913565397262573, 1.6316807270050049, 1.6096439361572266, 1.5605610609054565, 1.8259490728378296, 1.6276990175247192, 1.7674286365509033, 1.7128876447677612, 1.7063930034637451, 1.6345895528793335, 1.715816855430603, 1.7588251829147339, 1.7029240131378174, 1.6600123643875122]",sae,Pre-64
1,beta,29,0.032,0.4558655961502112,0.4409050416793991,0.4606648301356171,0.5,0.6296548282533407,0.6745662686893725,30,"[0, 1, 2, 3, 4, 5, 6, 7, 8, 9, 10, 11, 12, 13, 14, 15, 16, 17, 18, 19, 20, 21, 22, 23, 24, 25, 26, 27, 28, 29]","[1.6411412954330444, 1.6723263263702393, 1.3617407083511353, 1.7640944719314575, 1.703180193901062, 1.6331732273101807, 1.7986201047897339, 1.604911208152771, 1.7156798839569092, 1.7567205429077148, 1.6655648946762085, 1.735716462135315, 1.7532674074172974, 1.6559250354766846, 1.7201507091522217, 1.6572383642196655, 1.7134652137756348, 1.7037701606750488, 1.6510257720947266, 1.680786371231079, 1.7666552066802979, 1.809868574142456, 1.6799323558807373, 1.6706756353378296, 1.7219529151916504, 1.5638878345489502, 1.6405872106552124, 1.7839062213897705, 1.8185147047042847, 1.6254643201828003]",sae,Pre-64
1,beta,47,0.029,0.4460371044958436,0.4257646434940195,0.4113626449315316,0.5,0.6434257056516428,0.7353854561820872,30,"[0, 1, 2, 3, 4, 5, 6, 7, 8, 9, 10, 11, 12, 13, 14, 15, 16, 17, 18, 19, 20, 21, 22, 23, 24, 25, 26, 27, 28, 29]","[1.8633688688278198, 1.678501009941101, 1.6755750179290771, 1.672387719154358, 1.7953320741653442, 1.8309742212295532, 1.7515411376953125, 1.857255220413208, 1.7940233945846558, 1.692425012588501, 1.728499412536621, 1.672500491142273, 1.6986281871795654, 1.859421968460083, 1.6799381971359253, 1.8404440879821777, 1.7109524011611938, 1.8016574382781982, 1.6459870338439941, 1.6703801155090332, 1.7060365676879883, 1.782936453819275, 1.8601758480072021, 1.688011646270752, 1.7653826475143433, 1.6519750356674194, 1.598829984664917, 1.8456228971481323, 1.6466675996780396, 1.7220820188522339]",sae,Pre-64
1,beta,15,0.025,0.4529015220185267,0.4424399871594601,0.4441826524535736,0.5,0.6161071485640408,0.7114048722381208,30,"[0, 1, 2, 3, 4, 5, 6, 7, 8, 9, 10, 11, 12, 13, 14, 15, 16, 17, 18, 19, 20, 21, 22, 23, 24, 25, 26, 27, 28, 29]","[1.8156741857528687, 1.8481488227844238, 1.8926904201507568, 1.8224425315856934, 1.9696356058120728, 1.8199572563171387, 1.7948795557022095, 1.789240837097168, 1.9070074558258057, 1.913461685180664, 1.870638370513916, 1.8426858186721802, 1.9986777305603027, 1.896550178527832, 1.7182928323745728, 1.878407597541809, 1.7845089435577393, 2.016702651977539, 1.7457592487335205, 1.872409462928772, 1.9225291013717651, 1.9665659666061401, 1.7598516941070557, 1.860252857208252, 1.902416706085205, 1.7701963186264038, 1.978310465812683, 1.9859745502471924, 1.9094727039337158, 1.820725917816162]",sae,Pre-64
1,beta,41,0.035,0.4543678569363413,0.4427951465832617,0.4596096244109737,0.5,0.6190905384235713,0.6771046588982595,30,"[0, 1, 2, 3, 4, 5, 6, 7, 8, 9, 10, 11, 12, 13, 14, 15, 16, 17, 18, 19, 20, 21, 22, 23, 24, 25, 26, 27, 28, 29]","[1.6723988056182861, 1.8161869049072266, 1.7672446966171265, 1.6572906970977783, 1.6866518259048462, 1.865329623222351, 1.6938152313232422, 1.7858035564422607, 1.7178832292556763, 1.8294686079025269, 1.838678002357483, 1.7743052244186401, 1.773539423942566, 1.8173854351043701, 1.8452517986297607, 1.7082346677780151, 1.7899901866912842, 1.7948468923568726, 1.8468660116195679, 1.7993545532226562, 1.7048977613449097, 1.7584490776062012, 1.7368812561035156, 1.7815803289413452, 1.7263599634170532, 1.6811150312423706, 1.812713623046875, 1.8298492431640625, 1.7860547304153442, 1.6711055040359497]",sae,Pre-64
1,beta,41,0.0155,0.4543678569363413,0.4427951465832617,0.4718620784834541,0.5,0.6190905384235713,0.6755366710301365,30,"[0, 1, 2, 3, 4, 5, 6, 7, 8, 9, 10, 11, 12, 13, 14, 15, 16, 17, 18, 19, 20, 21, 22, 23, 24, 25, 26, 27, 28, 29]","[2.0704970359802246, 2.534179925918579, 2.3860890865325928, 2.3537344932556152, 2.2082457542419434, 2.5629465579986572, 2.4002764225006104, 2.5266427993774414, 2.3925087451934814, 2.5201072692871094, 2.5488884449005127, 2.4838552474975586, 2.2034311294555664, 2.3392317295074463, 2.515010118484497, 2.1146419048309326, 2.4353644847869873, 2.513667345046997, 2.4294087886810303, 2.317207098007202, 2.255552053451538, 2.501573324203491, 2.436218023300171, 2.294217348098755, 2.43796706199646, 2.077669620513916, 2.2384145259857178, 2.526987075805664, 2.2769882678985596, 2.239614486694336]",sae,Pre-64
1,beta,16,0.006,0.4519396108125126,0.4401978349795346,0.4479967662990468,0.5,0.6159012314439947,0.7221253253325622,30,"[0, 1, 2, 3, 4, 5, 6, 7, 8, 9, 10, 11, 12, 13, 14, 15, 16, 17, 18, 19, 20, 21, 22, 23, 24, 25, 26, 27, 28, 29]","[2.687255620956421, 2.3861618041992188, 2.654754877090454, 2.6590263843536377, 2.771024703979492, 2.578587770462036, 2.6725399494171143, 2.6300950050354004, 2.3055691719055176, 2.553670883178711, 2.7178900241851807, 2.3634393215179443, 2.6343834400177, 2.4860148429870605, 2.5383286476135254, 2.435600757598877, 2.3456602096557617, 2.684551954269409, 2.4593942165374756, 2.688366174697876, 2.4149956703186035, 2.658740758895874, 2.3956966400146484, 2.6579082012176514, 2.6379685401916504, 2.6460609436035156, 2.541226625442505, 2.308790445327759, 2.479494571685791, 2.4561240673065186]",sae,Pre-64
1,beta,25,0.03,0.4465066892532915,0.4352791138475453,0.4514229641385259,0.5,0.6270054355300688,0.6595109816842369,30,"[0, 1, 2, 3, 4, 5, 6, 7, 8, 9, 10, 11, 12, 13, 14, 15, 16, 17, 18, 19, 20, 21, 22, 23, 24, 25, 26, 27, 28, 29]","[1.8405585289001465, 1.8604830503463745, 1.6779049634933472, 1.9252651929855347, 1.9162356853485107, 1.907523512840271, 1.8130476474761963, 1.7118878364562988, 1.791420578956604, 1.692975640296936, 1.9115463495254517, 1.8747565746307373, 1.8719277381896973, 1.7176345586776733, 1.7563214302062988, 1.8739895820617676, 1.715272307395935, 1.6566466093063354, 1.7821455001831055, 1.7715924978256226, 1.9054162502288818, 1.6923258304595947, 1.8915935754776, 1.79343843460083, 1.8330060243606567, 1.7350414991378784, 1.9319690465927124, 1.8617217540740967, 1.9093276262283325, 1.7862368822097778]",sae,Pre-64
1,beta,9,0.034,0.448644851968101,0.4348910401892977,0.4533570451822849,0.5,0.6286670530281078,0.6728339611706751,30,"[0, 1, 2, 3, 4, 5, 6, 7, 8, 9, 10, 11, 12, 13, 14, 15, 16, 17, 18, 19, 20, 21, 22, 23, 24, 25, 26, 27, 28, 29]","[1.7304185628890991, 1.6038655042648315, 1.7274142503738403, 1.6984882354736328, 1.6097968816757202, 1.4445050954818726, 1.7158631086349487, 1.6306431293487549, 1.731096625328064, 1.5518594980239868, 1.6680631637573242, 1.631912350654602, 1.6036229133605957, 1.6530187129974365, 1.7647141218185425, 1.6260753870010376, 1.6177713871002197, 1.6943198442459106, 1.7352120876312256, 1.5877612829208374, 1.729519009590149, 1.734521746635437, 1.6088005304336548, 1.7180485725402832, 1.7160075902938843, 1.7149806022644043, 1.574196457862854, 1.5493718385696411, 1.6032836437225342, 1.7459934949874878]",sae,Pre-64
1,beta,6,0.036,0.4540822999211705,0.4457917896713532,0.4521192537121341,0.5,0.5933447799067053,0.6652393903939952,30,"[0, 1, 2, 3, 4, 5, 6, 7, 8, 9, 10, 11, 12, 13, 14, 15, 16, 17, 18, 19, 20, 21, 22, 23, 24, 25, 26, 27, 28, 29]","[1.6727818250656128, 1.7172319889068604, 1.5999023914337158, 1.735132098197937, 1.5892269611358643, 1.6367543935775757, 1.614677906036377, 1.667449712753296, 1.570995569229126, 1.6962491273880005, 1.6174904108047485, 1.577807068824768, 1.6188291311264038, 1.5729498863220215, 1.3859038352966309, 1.713608741760254, 1.5953807830810547, 1.6612032651901245, 1.6523637771606445, 1.6496837139129639, 1.637459635734558, 1.5820443630218506, 1.7114784717559814, 1.6207220554351807, 1.5807996988296509, 1.65996515750885, 1.6256579160690308, 1.5668001174926758, 1.6257472038269043, 1.6718086004257202]",sae,Pre-64
1,beta,12,0.028,0.4455148672091349,0.4361346773072694,0.4194310002807443,0.5,0.5892778403611032,0.730289758199844,30,"[0, 1, 2, 3, 4, 5, 6, 7, 8, 9, 10, 11, 12, 13, 14, 15, 16, 17, 18, 19, 20, 21, 22, 23, 24, 25, 26, 27, 28, 29]","[1.616784691810608, 1.7915525436401367, 1.6499528884887695, 1.6059123277664185, 1.8185020685195923, 1.7695525884628296, 1.7477476596832275, 1.7419376373291016, 1.7991746664047241, 1.6426793336868286, 1.6254664659500122, 1.849368929862976, 1.6710163354873657, 1.7500156164169312, 1.6090482473373413, 1.851275086402893, 1.5819759368896484, 1.8404561281204224, 1.7304859161376953, 1.8455649614334106, 1.7878491878509521, 1.7433828115463257, 1.6465040445327759, 1.8471052646636963, 1.834344744682312, 1.7143129110336304, 1.8355873823165894, 1.7475190162658691, 1.6941752433776855, 1.8482859134674072]",sae,Pre-64
1,beta,36,0.034,0.4642138821845151,0.4576483090311837,0.4660043732658941,0.5,0.6031055233182893,0.6748073024668768,30,"[0, 1, 2, 3, 4, 5, 6, 7, 8, 9, 10, 11, 12, 13, 14, 15, 16, 17, 18, 19, 20, 21, 22, 23, 24, 25, 26, 27, 28, 29]","[1.7358558177947998, 1.7571669816970825, 1.5963735580444336, 1.7440251111984253, 1.6025960445404053, 1.7566375732421875, 1.6032401323318481, 1.6464937925338745, 1.7818833589553833, 1.6391716003417969, 1.6676384210586548, 1.7505477666854858, 1.6250284910202026, 1.6812996864318848, 1.6324119567871094, 1.757718801498413, 1.718164086341858, 1.705114722251892, 1.767104983329773, 1.6197178363800049, 1.6229777336120605, 1.669087529182434, 1.6536140441894531, 1.616165280342102, 1.7369632720947266, 1.7255382537841797, 1.6400270462036133, 1.7177464962005615, 1.730655312538147, 1.6159143447875977]",sae,Pre-64
1,beta,16,0.032,0.4519396108125126,0.4401978349795346,0.4373479476732714,0.5,0.6159012314439947,0.7205348105841527,30,"[0, 1, 2, 3, 4, 5, 6, 7, 8, 9, 10, 11, 12, 13, 14, 15, 16, 17, 18, 19, 20, 21, 22, 23, 24, 25, 26, 27, 28, 29]","[1.6500155925750732, 1.5633599758148193, 1.6204842329025269, 1.6854602098464966, 1.7006688117980957, 1.5974464416503906, 1.6986961364746094, 1.6436264514923096, 1.5937162637710571, 1.6997650861740112, 1.7066251039505005, 1.6436378955841064, 1.618341326713562, 1.589776635169983, 1.6166895627975464, 1.6290669441223145, 1.6363675594329834, 1.5556458234786987, 1.5963189601898193, 1.690702199935913, 1.7151834964752197, 1.6773182153701782, 1.6807730197906494, 1.6800848245620728, 1.5733271837234497, 1.67087984085083, 1.6315861940383911, 1.5956887006759644, 1.5678797960281372, 1.6092950105667114]",sae,Pre-64
1,beta,44,0.022,0.4469012312759677,0.43811650775401,0.4787357524664131,0.5,0.5982762074796864,0.6271499531562107,30,"[0, 1, 2, 3, 4, 5, 6, 7, 8, 9, 10, 11, 12, 13, 14, 15, 16, 17, 18, 19, 20, 21, 22, 23, 24, 25, 26, 27, 28, 29]","[2.070803642272949, 2.337101459503174, 2.103316307067871, 1.9925646781921387, 2.2927565574645996, 2.410054922103882, 2.325725793838501, 2.2659807205200195, 2.2205545902252197, 2.4767889976501465, 2.1225805282592773, 2.4226250648498535, 2.3353190422058105, 2.014568567276001, 2.4361085891723633, 2.3897206783294678, 1.959822654724121, 2.3138387203216553, 2.319042444229126, 2.340135097503662, 1.928666591644287, 2.163994312286377, 2.306203603744507, 2.3773903846740723, 2.3132448196411133, 2.3378405570983887, 2.1685423851013184, 2.286400556564331, 2.225501537322998, 2.3528316020965576]",sae,Pre-64
1,beta,27,0.038,0.4609757262074365,0.4537266978541116,0.4679567300466012,0.5,0.5914172664146189,0.6593092388919986,30,"[0, 1, 2, 3, 4, 5, 6, 7, 8, 9, 10, 11, 12, 13, 14, 15, 16, 17, 18, 19, 20, 21, 22, 23, 24, 25, 26, 27, 28, 29]","[1.7363146543502808, 1.8713445663452148, 1.736985445022583, 1.7547132968902588, 1.8304046392440796, 1.7639087438583374, 1.8552942276000977, 1.7093942165374756, 1.8520104885101318, 1.8577771186828613, 1.7284194231033325, 1.8778046369552612, 1.748996615409851, 1.710784673690796, 1.718515157699585, 1.668736457824707, 1.7894580364227295, 1.816171407699585, 1.7890055179595947, 1.8121659755706787, 1.8497533798217773, 1.735579013824463, 1.7435531616210938, 1.7517154216766357, 1.7263526916503906, 1.886770248413086, 1.7407971620559692, 1.7991455793380737, 1.6764943599700928, 1.7990511655807495]",sae,Pre-64
1,beta,26,0.002,0.4502231978181314,0.4442488029476733,0.4860484686483325,0.5,0.5832450787939482,0.6475283559250185,30,"[0, 1, 2, 3, 4, 5, 6, 7, 8, 9, 10, 11, 12, 13, 14, 15, 16, 17, 18, 19, 20, 21, 22, 23, 24, 25, 26, 27, 28, 29]","[2.594853162765503, 2.796797752380371, 2.9117343425750732, 2.6810503005981445, 2.5902340412139893, 2.7867136001586914, 2.9045345783233643, 2.806234359741211, 2.807077169418335, 2.5771071910858154, 2.846327304840088, 2.977391242980957, 2.9045135974884033, 2.911837577819824, 2.8861284255981445, 2.91624116897583, 2.6322598457336426, 2.6959264278411865, 2.685016632080078, 2.7641870975494385, 2.472787618637085, 2.9507875442504883, 2.8689160346984863, 2.8912158012390137, 2.9269134998321533, 2.9201786518096924, 2.6099727153778076, 2.8829171657562256, 2.870832920074463, 2.5128231048583984]",sae,Pre-64
1,beta,44,0.004,0.4469012312759677,0.43811650775401,0.482269448358337,0.5,0.5982762074796864,0.6260642967833931,30,"[0, 1, 2, 3, 4, 5, 6, 7, 8, 9, 10, 11, 12, 13, 14, 15, 16, 17, 18, 19, 20, 21, 22, 23, 24, 25, 26, 27, 28, 29]","[2.5233891010284424, 2.7752444744110107, 2.551457405090332, 2.464902400970459, 2.7281150817871094, 2.848681926727295, 2.777003526687622, 2.7030029296875, 2.6812899112701416, 2.9147794246673584, 2.578758716583252, 2.849611759185791, 2.7748451232910156, 2.4768357276916504, 2.8740837574005127, 2.837519407272339, 2.4298956394195557, 2.738661289215088, 2.7627968788146973, 2.7713212966918945, 2.3944432735443115, 2.6016476154327393, 2.7478456497192383, 2.8140482902526855, 2.762437343597412, 2.7707736492156982, 2.610592842102051, 2.719407320022583, 2.679199457168579, 2.79280424118042]",sae,Pre-64
1,beta,26,0.01,0.4502231978181314,0.4442488029476733,0.4848038866557305,0.5,0.5832450787939482,0.6478547869409869,30,"[0, 1, 2, 3, 4, 5, 6, 7, 8, 9, 10, 11, 12, 13, 14, 15, 16, 17, 18, 19, 20, 21, 22, 23, 24, 25, 26, 27, 28, 29]","[2.3755695819854736, 2.5833494663238525, 2.6954662799835205, 2.469987392425537, 2.3696234226226807, 2.568734884262085, 2.693580150604248, 2.598257541656494, 2.5879344940185547, 2.3570022583007812, 2.6407129764556885, 2.762742519378662, 2.6874051094055176, 2.6994102001190186, 2.667837381362915, 2.7076213359832764, 2.4100100994110107, 2.483544111251831, 2.464618682861328, 2.546356678009033, 2.2478888034820557, 2.7393288612365723, 2.6570873260498047, 2.680567741394043, 2.711714267730713, 2.7070367336273193, 2.389263153076172, 2.6713404655456543, 2.6646125316619873, 2.2858643531799316]",sae,Pre-64
1,beta,7,0.026,0.4564836922581216,0.4420418003909208,0.444768472940804,0.5,0.6095136152062148,0.701221822663948,30,"[0, 1, 2, 3, 4, 5, 6, 7, 8, 9, 10, 11, 12, 13, 14, 15, 16, 17, 18, 19, 20, 21, 22, 23, 24, 25, 26, 27, 28, 29]","[1.6425448656082153, 1.7157063484191895, 1.751483678817749, 1.7346991300582886, 1.735124111175537, 1.690541386604309, 1.7515236139297485, 1.6713083982467651, 1.8097590208053589, 1.6952944993972778, 1.6259621381759644, 1.6715110540390015, 1.6116138696670532, 1.653485894203186, 1.832556128501892, 1.7348607778549194, 1.6656709909439087, 1.695616602897644, 1.7587072849273682, 1.7427654266357422, 1.7316393852233887, 1.8146677017211914, 1.784043550491333, 1.6618403196334839, 1.8042142391204834, 1.8349276781082153, 1.6536184549331665, 1.6660243272781372, 1.7967020273208618, 1.6553633213043213]",sae,Pre-64
1,beta,9,0.005,0.448644851968101,0.4348910401892977,0.4748806747083404,0.5,0.6286670530281078,0.6719182845552013,30,"[0, 1, 2, 3, 4, 5, 6, 7, 8, 9, 10, 11, 12, 13, 14, 15, 16, 17, 18, 19, 20, 21, 22, 23, 24, 25, 26, 27, 28, 29]","[2.7584991455078125, 2.4425032138824463, 2.871857166290283, 2.8081655502319336, 2.527015209197998, 2.583289384841919, 2.752732515335083, 2.792686939239502, 2.8636467456817627, 2.629912853240967, 2.5492091178894043, 2.676553964614868, 2.470898389816284, 2.7813355922698975, 2.840787410736084, 2.5389721393585205, 2.7646570205688477, 2.7992188930511475, 2.8154804706573486, 2.483438491821289, 2.8418359756469727, 2.83756422996521, 2.479578971862793, 2.8412024974823, 2.7464466094970703, 2.846552848815918, 2.8068392276763916, 2.7205469608306885, 2.6012017726898193, 2.8089191913604736]",sae,Pre-64
1,beta,29,0.015,0.4558655961502112,0.4409050416793991,0.4707328502085739,0.5,0.6296548282533407,0.6788013025801338,30,"[0, 1, 2, 3, 4, 5, 6, 7, 8, 9, 10, 11, 12, 13, 14, 15, 16, 17, 18, 19, 20, 21, 22, 23, 24, 25, 26, 27, 28, 29]","[2.145061492919922, 2.438901662826538, 1.890437364578247, 2.453183889389038, 2.422663927078247, 2.1007232666015625, 2.485997200012207, 2.0997314453125, 2.3671817779541016, 2.4356181621551514, 2.3132729530334473, 2.4214727878570557, 2.403681516647339, 2.1068789958953857, 2.2892367839813232, 2.0864057540893555, 2.3663625717163086, 2.416128635406494, 2.401672840118408, 2.4128897190093994, 2.253822088241577, 2.4602060317993164, 2.42000150680542, 2.3902060985565186, 2.440791606903076, 2.246342897415161, 2.1241438388824463, 2.4967501163482666, 2.3874361515045166, 2.3714487552642822]",sae,Pre-64
1,beta,34,0.0159,0.4568527557813058,0.4470225010708758,0.4674715409821922,0.5,0.6011606799053854,0.6807334084151464,30,"[0, 1, 2, 3, 4, 5, 6, 7, 8, 9, 10, 11, 12, 13, 14, 15, 16, 17, 18, 19, 20, 21, 22, 23, 24, 25, 26, 27, 28, 29]","[2.186239719390869, 2.43094539642334, 2.421370267868042, 2.4308159351348877, 2.2523107528686523, 2.142810344696045, 2.4599807262420654, 2.445366382598877, 2.2206883430480957, 2.1549220085144043, 2.35341739654541, 2.2822582721710205, 2.356679916381836, 2.4293453693389893, 2.113168478012085, 2.2755348682403564, 2.4397475719451904, 2.4477477073669434, 2.410724639892578, 2.106529474258423, 2.4446067810058594, 2.4585258960723877, 2.2740674018859863, 2.3680593967437744, 2.038882255554199, 2.264832019805908, 2.4901440143585205, 2.5050525665283203, 2.369068145751953, 2.3686602115631104]",sae,Pre-64
1,beta,5,0.029,0.4445517550333296,0.4301735816232515,0.4380010392490233,0.5,0.6070910659257547,0.6822021714807198,30,"[0, 1, 2, 3, 4, 5, 6, 7, 8, 9, 10, 11, 12, 13, 14, 15, 16, 17, 18, 19, 20, 21, 22, 23, 24, 25, 26, 27, 28, 29]","[1.7914619445800781, 1.6095032691955566, 1.602221131324768, 1.762343168258667, 1.7593575716018677, 1.7444761991500854, 1.7135009765625, 1.639823317527771, 1.7246872186660767, 1.6114697456359863, 1.736371397972107, 1.7761311531066895, 1.7338991165161133, 1.692908763885498, 1.7567484378814697, 1.7363535165786743, 1.7166563272476196, 1.7653132677078247, 1.6240956783294678, 1.7005834579467773, 1.7817378044128418, 1.683377981185913, 1.8071974515914917, 1.6129307746887207, 1.7193852663040161, 1.777168869972229, 1.6212351322174072, 1.7212601900100708, 1.7509684562683105, 1.7341924905776978]",sae,Pre-64
1,beta,48,0.018,0.4556814132376,0.4510566266980289,0.5107250028385127,0.5,0.5923878577171784,0.5997870967011314,30,"[0, 1, 2, 3, 4, 5, 6, 7, 8, 9, 10, 11, 12, 13, 14, 15, 16, 17, 18, 19, 20, 21, 22, 23, 24, 25, 26, 27, 28, 29]","[2.539999008178711, 2.339571237564087, 2.23106050491333, 2.3616089820861816, 2.483859062194824, 2.1602563858032227, 2.1912922859191895, 2.4618237018585205, 2.425180435180664, 2.396012306213379, 2.233947515487671, 2.449916362762451, 2.2970240116119385, 2.145603895187378, 2.1565897464752197, 2.145703077316284, 2.5622143745422363, 2.5242867469787598, 2.4823827743530273, 2.4197421073913574, 2.136120080947876, 2.541306972503662, 2.551788330078125, 2.451099157333374, 2.4073171615600586, 2.4917664527893066, 2.474452495574951, 2.603231430053711, 2.324730634689331, 2.468477964401245]",sae,Pre-64
1,beta,34,0.036,0.4568527557813058,0.4470225010708758,0.4535300483348621,0.5,0.6011606799053854,0.6789644500160683,30,"[0, 1, 2, 3, 4, 5, 6, 7, 8, 9, 10, 11, 12, 13, 14, 15, 16, 17, 18, 19, 20, 21, 22, 23, 24, 25, 26, 27, 28, 29]","[1.6203402280807495, 1.724985957145691, 1.726780652999878, 1.663291573524475, 1.608007788658142, 1.6401466131210327, 1.6713247299194336, 1.6204988956451416, 1.5882861614227295, 1.6236759424209595, 1.7008494138717651, 1.4906425476074219, 1.721990704536438, 1.6129989624023438, 1.5855785608291626, 1.6270627975463867, 1.7353662252426147, 1.7259119749069214, 1.6421616077423096, 1.6083940267562866, 1.6631125211715698, 1.734348177909851, 1.6866517066955566, 1.7400089502334595, 1.6008732318878174, 1.5700268745422363, 1.7521007061004639, 1.7533049583435059, 1.7220327854156494, 1.736026406288147]",sae,Pre-64
1,beta,26,0.016,0.4502231978181314,0.4442488029476733,0.483805598629731,0.5,0.5832450787939482,0.6480172639172607,30,"[0, 1, 2, 3, 4, 5, 6, 7, 8, 9, 10, 11, 12, 13, 14, 15, 16, 17, 18, 19, 20, 21, 22, 23, 24, 25, 26, 27, 28, 29]","[2.214627265930176, 2.4271323680877686, 2.537045478820801, 2.315524101257324, 2.2077572345733643, 2.4091567993164062, 2.5393879413604736, 2.4464707374572754, 2.4269261360168457, 2.195533037185669, 2.490818738937378, 2.605482339859009, 2.528134822845459, 2.5441343784332275, 2.507617473602295, 2.5553343296051025, 2.2469427585601807, 2.3280484676361084, 2.3030593395233154, 2.3861210346221924, 2.08242130279541, 2.584719657897949, 2.5022096633911133, 2.526630163192749, 2.553976058959961, 2.5510315895080566, 2.227503776550293, 2.5166609287261963, 2.5143349170684814, 2.118558883666992]",sae,Pre-64
1,beta,48,0.04,0.4556814132376,0.4510566266980289,0.4933209915512888,0.5,0.5923878577171784,0.5936279061866527,30,"[0, 1, 2, 3, 4, 5, 6, 7, 8, 9, 10, 11, 12, 13, 14, 15, 16, 17, 18, 19, 20, 21, 22, 23, 24, 25, 26, 27, 28, 29]","[1.7319108247756958, 1.6642959117889404, 1.6308907270431519, 1.6102590560913086, 1.6162893772125244, 1.5392210483551025, 1.6391658782958984, 1.6095948219299316, 1.6127902269363403, 1.589389681816101, 1.6841366291046143, 1.6146358251571655, 1.6650322675704956, 1.6111807823181152, 1.579745888710022, 1.6390633583068848, 1.7186485528945923, 1.678025484085083, 1.6927495002746582, 1.5804985761642456, 1.6041687726974487, 1.7258496284484863, 1.7348958253860474, 1.5702136754989624, 1.6131436824798584, 1.7017238140106201, 1.700610876083374, 1.737144112586975, 1.590617299079895, 1.651559591293335]",sae,Pre-64
1,beta,5,0.012,0.4445517550333296,0.4301735816232515,0.4535293255033569,0.5,0.6070910659257547,0.6792174793571817,30,"[0, 1, 2, 3, 4, 5, 6, 7, 8, 9, 10, 11, 12, 13, 14, 15, 16, 17, 18, 19, 20, 21, 22, 23, 24, 25, 26, 27, 28, 29]","[2.5097999572753906, 2.3329267501831055, 2.095187187194824, 2.515775680541992, 2.446842908859253, 2.389512777328491, 2.556027889251709, 2.243274688720703, 2.482818841934204, 2.1986396312713623, 2.32993221282959, 2.4857776165008545, 2.53867244720459, 2.3101415634155273, 2.4789414405822754, 2.3015356063842773, 2.26621675491333, 2.4564108848571777, 2.351954460144043, 2.444460391998291, 2.5364904403686523, 2.450509548187256, 2.4101967811584473, 2.1618356704711914, 2.3082916736602783, 2.5349926948547363, 2.2585670948028564, 2.432454824447632, 2.518341064453125, 2.549062967300415]",sae,Pre-64
1,beta,17,0.015,0.4599327030141671,0.4513468217402507,0.4642740974571144,0.5,0.6120635717004715,0.6914450646174221,30,"[0, 1, 2, 3, 4, 5, 6, 7, 8, 9, 10, 11, 12, 13, 14, 15, 16, 17, 18, 19, 20, 21, 22, 23, 24, 25, 26, 27, 28, 29]","[2.4643869400024414, 2.413015365600586, 2.4701130390167236, 2.310500144958496, 2.4658308029174805, 2.165491819381714, 2.219857692718506, 2.091906785964966, 2.4411094188690186, 2.3594090938568115, 2.5064303874969482, 2.5237669944763184, 2.2628800868988037, 2.5195624828338623, 2.4006187915802, 2.0777173042297363, 2.1626389026641846, 2.4356131553649902, 2.425804376602173, 2.2508394718170166, 2.370412588119507, 2.405687093734741, 2.3656084537506104, 2.462900161743164, 2.4497756958007812, 2.497788190841675, 2.2607994079589844, 2.5075666904449463, 2.459810733795166, 2.2217485904693604]",sae,Pre-64
1,beta,21,0.005,0.4504746503440228,0.4381370334360364,0.4603133258954607,0.5,0.6200058082774133,0.6863452959131973,30,"[0, 1, 2, 3, 4, 5, 6, 7, 8, 9, 10, 11, 12, 13, 14, 15, 16, 17, 18, 19, 20, 21, 22, 23, 24, 25, 26, 27, 28, 29]","[2.559159994125366, 2.6218106746673584, 2.716668128967285, 2.6446471214294434, 2.640941619873047, 2.666381359100342, 2.5701534748077393, 2.635239601135254, 2.705028533935547, 2.31152081489563, 2.6813788414001465, 2.709571361541748, 2.4844470024108887, 2.6872682571411133, 2.6105031967163086, 2.3271396160125732, 2.3331053256988525, 2.3840901851654053, 2.5345842838287354, 2.6633615493774414, 2.3417723178863525, 2.684086799621582, 2.500441551208496, 2.5155746936798096, 2.5659008026123047, 2.3886027336120605, 2.4862306118011475, 2.4905145168304443, 2.5117433071136475, 2.581162929534912]",sae,Pre-64
1,beta,9,0.024,0.448644851968101,0.4348910401892977,0.4714221922821639,0.5,0.6286670530281078,0.6725572297884671,30,"[0, 1, 2, 3, 4, 5, 6, 7, 8, 9, 10, 11, 12, 13, 14, 15, 16, 17, 18, 19, 20, 21, 22, 23, 24, 25, 26, 27, 28, 29]","[2.2427847385406494, 1.8968102931976318, 2.3751652240753174, 2.309713125228882, 2.0090551376342773, 2.088351249694824, 2.230396032333374, 2.3046228885650635, 2.3646240234375, 2.1404030323028564, 2.0267553329467773, 2.1620805263519287, 1.9350343942642212, 2.2861876487731934, 2.3412179946899414, 2.0096421241760254, 2.2745683193206787, 2.2914538383483887, 2.3201406002044678, 1.9575917720794678, 2.3496553897857666, 2.3379087448120117, 1.9548561573028564, 2.343075752258301, 2.2320263385772705, 2.349771499633789, 2.3074522018432617, 2.234586000442505, 2.088961362838745, 2.293856620788574]",sae,Pre-64
1,beta,21,0.024,0.4504746503440228,0.4381370334360364,0.4594390564976349,0.5,0.6200058082774133,0.6852624229167439,30,"[0, 1, 2, 3, 4, 5, 6, 7, 8, 9, 10, 11, 12, 13, 14, 15, 16, 17, 18, 19, 20, 21, 22, 23, 24, 25, 26, 27, 28, 29]","[2.2000491619110107, 2.2757773399353027, 2.364870309829712, 2.2534070014953613, 2.2385363578796387, 2.3139851093292236, 2.2133629322052, 2.3076789379119873, 2.31146240234375, 1.857354998588562, 2.3105309009552, 2.3598008155822754, 2.1274492740631104, 2.359708070755005, 2.2688088417053223, 1.9093759059906006, 1.947381615638733, 1.957633137702942, 2.150477409362793, 2.2490711212158203, 1.9371453523635864, 2.3166682720184326, 2.1605749130249023, 2.1652328968048096, 2.224848508834839, 1.985681414604187, 2.0915629863739014, 2.100497007369995, 2.0836501121520996, 2.158980131149292]",sae,Pre-64
1,beta,15,0.0155,0.4529015220185267,0.4424399871594601,0.4523298422828156,0.5,0.6161071485640408,0.7121994799459608,30,"[0, 1, 2, 3, 4, 5, 6, 7, 8, 9, 10, 11, 12, 13, 14, 15, 16, 17, 18, 19, 20, 21, 22, 23, 24, 25, 26, 27, 28, 29]","[2.393275260925293, 2.4310543537139893, 2.459820032119751, 2.323791265487671, 2.476393938064575, 2.135006904602051, 2.1494388580322266, 2.0647494792938232, 2.382697343826294, 2.319777727127075, 2.4771950244903564, 2.2903964519500732, 2.4112722873687744, 2.308729410171509, 2.069383382797241, 2.4480156898498535, 2.2249269485473633, 2.5640907287597656, 2.2548553943634033, 2.4523613452911377, 2.376615524291992, 2.529456615447998, 2.0563268661499023, 2.4203522205352783, 2.4130825996398926, 2.4015231132507324, 2.5401864051818848, 2.5773942470550537, 2.331275463104248, 2.258390188217163]",sae,Pre-64
1,beta,7,0.008,0.4564836922581216,0.4420418003909208,0.4612840384300918,0.5,0.6095136152062148,0.6980297796237075,30,"[0, 1, 2, 3, 4, 5, 6, 7, 8, 9, 10, 11, 12, 13, 14, 15, 16, 17, 18, 19, 20, 21, 22, 23, 24, 25, 26, 27, 28, 29]","[2.4010612964630127, 2.443193197250366, 2.665684700012207, 2.722313404083252, 2.6748569011688232, 2.6479501724243164, 2.7040061950683594, 2.340200424194336, 2.7488067150115967, 2.3513498306274414, 2.551821231842041, 2.3772997856140137, 2.636107921600342, 2.524279832839966, 2.702951431274414, 2.5252156257629395, 2.4619016647338867, 2.6648528575897217, 2.4397544860839844, 2.7089757919311523, 2.5075039863586426, 2.7323474884033203, 2.751084566116333, 2.5953445434570312, 2.485639810562134, 2.759190559387207, 2.6124777793884277, 2.6875839233398438, 2.717529535293579, 2.2906689643859863]",sae,Pre-64
1,beta,20,0.036,0.4408022875601419,0.4262939306313442,0.4418488199606973,0.5,0.6176087118064704,0.6529750927183187,30,"[0, 1, 2, 3, 4, 5, 6, 7, 8, 9, 10, 11, 12, 13, 14, 15, 16, 17, 18, 19, 20, 21, 22, 23, 24, 25, 26, 27, 28, 29]","[1.708651065826416, 1.760698676109314, 1.6938420534133911, 1.8304460048675537, 1.7396663427352905, 1.778329610824585, 1.7815581560134888, 1.6765632629394531, 1.7072981595993042, 1.6388686895370483, 1.6694724559783936, 1.6746397018432617, 1.83158278465271, 1.6819332838058472, 1.7290443181991577, 1.793882131576538, 1.7001851797103882, 1.6125794649124146, 1.735530138015747, 1.7474256753921509, 1.6868970394134521, 1.620375156402588, 1.7448844909667969, 1.8129169940948486, 1.7966376543045044, 1.6234099864959717, 1.6917171478271484, 1.7420355081558228, 1.6114975214004517, 1.798481822013855]",sae,Pre-64
1,beta,38,0.03,0.4455661720406026,0.4298851252298221,0.4494484355701104,0.5,0.6303640517897944,0.6572155369383093,30,"[0, 1, 2, 3, 4, 5, 6, 7, 8, 9, 10, 11, 12, 13, 14, 15, 16, 17, 18, 19, 20, 21, 22, 23, 24, 25, 26, 27, 28, 29]","[1.7279138565063477, 1.7379584312438965, 1.6908682584762573, 1.8405333757400513, 1.7805513143539429, 1.6755702495574951, 1.8353755474090576, 1.7548158168792725, 1.6959187984466553, 1.764209508895874, 1.6999497413635254, 1.8227553367614746, 1.8020356893539429, 1.7170445919036865, 1.8349087238311768, 1.7567634582519531, 1.7013190984725952, 1.8047559261322021, 1.669476866722107, 1.7847005128860474, 1.7531276941299438, 1.7321070432662964, 1.8067270517349243, 1.6734588146209717, 1.7428195476531982, 1.8352679014205933, 1.711830735206604, 1.807540774345398, 1.7388039827346802, 1.819730281829834]",sae,Pre-64
1,beta,41,0.016,0.4543678569363413,0.4427951465832617,0.4717593550287682,0.5,0.6190905384235713,0.6755652839474381,30,"[0, 1, 2, 3, 4, 5, 6, 7, 8, 9, 10, 11, 12, 13, 14, 15, 16, 17, 18, 19, 20, 21, 22, 23, 24, 25, 26, 27, 28, 29]","[2.0565378665924072, 2.521466016769409, 2.373002767562866, 2.3411271572113037, 2.1954963207244873, 2.5502562522888184, 2.3877182006835938, 2.5140573978424072, 2.379725933074951, 2.5075130462646484, 2.536216974258423, 2.471010208129883, 2.1903247833251953, 2.3267734050750732, 2.502087354660034, 2.1012611389160156, 2.4223995208740234, 2.500992774963379, 2.4163239002227783, 2.304159641265869, 2.242380142211914, 2.4890947341918945, 2.4234728813171387, 2.281156539916992, 2.425243616104126, 2.0643348693847656, 2.2252347469329834, 2.5143632888793945, 2.2640156745910645, 2.2266721725463867]",sae,Pre-64
1,beta,3,0.0155,0.4557259332451328,0.444824285747971,0.4913234240621992,0.5,0.6042731979176,0.651832506135333,30,"[0, 1, 2, 3, 4, 5, 6, 7, 8, 9, 10, 11, 12, 13, 14, 15, 16, 17, 18, 19, 20, 21, 22, 23, 24, 25, 26, 27, 28, 29]","[2.3952152729034424, 2.2388806343078613, 2.441901922225952, 2.394760847091675, 2.470766544342041, 2.4193360805511475, 2.4853522777557373, 2.525494337081909, 2.3994336128234863, 2.540257453918457, 2.456596851348877, 2.541149854660034, 2.471644163131714, 2.5386669635772705, 2.539097309112549, 2.242558002471924, 2.127776861190796, 2.4449214935302734, 2.3747618198394775, 2.215909481048584, 2.413747787475586, 2.152106523513794, 2.193054676055908, 2.5383334159851074, 2.5083796977996826, 2.5017430782318115, 2.253542900085449, 2.465951681137085, 2.5227723121643066, 2.557213068008423]",sae,Pre-64
1,beta,0,0.038,0.4600628296558519,0.4487196928272481,0.4362874427893081,0.5,0.6146148452673732,0.7231086755824052,30,"[0, 1, 2, 3, 4, 5, 6, 7, 8, 9, 10, 11, 12, 13, 14, 15, 16, 17, 18, 19, 20, 21, 22, 23, 24, 25, 26, 27, 28, 29]","[1.598583459854126, 1.621705412864685, 1.64378023147583, 1.6937426328659058, 1.5745599269866943, 1.6273252964019775, 1.6932415962219238, 1.719630479812622, 1.6994706392288208, 1.5971003770828247, 1.631290078163147, 1.61738121509552, 1.7146519422531128, 1.7024744749069214, 1.719120740890503, 1.6129454374313354, 1.6847622394561768, 1.5871042013168335, 1.5744402408599854, 1.7035889625549316, 1.5830730199813843, 1.5771739482879639, 1.6982306241989136, 1.6050400733947754, 1.5951757431030273, 1.5672619342803955, 1.683701992034912, 1.5591124296188354, 1.7167439460754395, 1.5691289901733398]",sae,Pre-64
1,beta,41,0.038,0.4543678569363413,0.4427951465832617,0.459533962979783,0.5,0.6190905384235713,0.6771075201899899,30,"[0, 1, 2, 3, 4, 5, 6, 7, 8, 9, 10, 11, 12, 13, 14, 15, 16, 17, 18, 19, 20, 21, 22, 23, 24, 25, 26, 27, 28, 29]","[1.6666784286499023, 1.810526967048645, 1.7616428136825562, 1.6516335010528564, 1.6809979677200317, 1.8596885204315186, 1.6881417036056519, 1.7801673412322998, 1.7121573686599731, 1.8238269090652466, 1.8330448865890503, 1.7686734199523926, 1.7678894996643066, 1.81171715259552, 1.8396329879760742, 1.7025052309036255, 1.7844557762145996, 1.789217233657837, 1.8412894010543823, 1.7936851978302002, 1.699244737625122, 1.7528318166732788, 1.7311537265777588, 1.775913119316101, 1.7206552028656006, 1.6753498315811157, 1.8070619106292725, 1.8242034912109375, 1.7804168462753296, 1.6654248237609863]",sae,Pre-64
1,beta,26,0.028,0.4502231978181314,0.4442488029476733,0.4692417108924482,0.5,0.5832450787939482,0.6479301171754411,30,"[0, 1, 2, 3, 4, 5, 6, 7, 8, 9, 10, 11, 12, 13, 14, 15, 16, 17, 18, 19, 20, 21, 22, 23, 24, 25, 26, 27, 28, 29]","[1.7447885274887085, 1.7508248090744019, 1.9326825141906738, 1.6772407293319702, 1.7629284858703613, 1.8185234069824219, 1.8426308631896973, 1.7083072662353516, 1.8474225997924805, 1.7667769193649292, 1.6816823482513428, 1.9472984075546265, 1.8768810033798218, 1.8343602418899536, 1.9228311777114868, 1.7983895540237427, 1.833260178565979, 1.6904383897781372, 1.845516324043274, 1.7692474126815796, 1.7172755002975464, 1.9082013368606567, 1.8035591840744019, 1.8299793004989624, 1.922268271446228, 1.8974692821502686, 1.7785327434539795, 1.8304427862167358, 1.7021334171295166, 1.7100927829742432]",sae,Pre-64
1,beta,5,0.04,0.4445517550333296,0.4301735816232515,0.4378371302165714,0.5,0.6070910659257547,0.6821834194883206,30,"[0, 1, 2, 3, 4, 5, 6, 7, 8, 9, 10, 11, 12, 13, 14, 15, 16, 17, 18, 19, 20, 21, 22, 23, 24, 25, 26, 27, 28, 29]","[1.7768445014953613, 1.594695806503296, 1.5873119831085205, 1.7474795579910278, 1.7444571256637573, 1.7299033403396606, 1.6988182067871094, 1.624958872795105, 1.7097841501235962, 1.596563458442688, 1.7214231491088867, 1.7613550424575806, 1.719253420829773, 1.6782089471817017, 1.7418261766433716, 1.7215746641159058, 1.7018134593963623, 1.750529408454895, 1.6092827320098877, 1.6857200860977173, 1.7668838500976562, 1.6683690547943115, 1.7925993204116821, 1.5980250835418701, 1.7046535015106201, 1.762351632118225, 1.6065343618392944, 1.7066240310668945, 1.736161708831787, 1.7194913625717163]",sae,Pre-64
1,beta,38,0.014,0.4455661720406026,0.4298851252298221,0.4682064560788092,0.5,0.6303640517897944,0.651047981721249,30,"[0, 1, 2, 3, 4, 5, 6, 7, 8, 9, 10, 11, 12, 13, 14, 15, 16, 17, 18, 19, 20, 21, 22, 23, 24, 25, 26, 27, 28, 29]","[2.5508408546447754, 2.6011931896209717, 2.2166495323181152, 2.6599373817443848, 2.3561885356903076, 2.5582196712493896, 2.668752908706665, 2.2426817417144775, 2.5422937870025635, 2.4563159942626953, 2.223806858062744, 2.5412421226501465, 2.607898235321045, 2.145711898803711, 2.6551241874694824, 2.3522841930389404, 2.5418307781219482, 2.583936929702759, 2.3198938369750977, 2.5994224548339844, 2.3770132064819336, 2.515378713607788, 2.5510597229003906, 2.1862823963165283, 2.323012590408325, 2.6248412132263184, 2.522819995880127, 2.6122710704803467, 2.3915414810180664, 2.5784759521484375]",sae,Pre-64
1,beta,32,0.029,0.4555596844830426,0.4475674839123162,0.4755587090250782,0.5,0.5924839124839124,0.6372862658576944,30,"[0, 1, 2, 3, 4, 5, 6, 7, 8, 9, 10, 11, 12, 13, 14, 15, 16, 17, 18, 19, 20, 21, 22, 23, 24, 25, 26, 27, 28, 29]","[1.7585906982421875, 1.6616532802581787, 1.763386845588684, 1.6973044872283936, 1.6780925989151, 1.717749834060669, 1.672999620437622, 1.6738218069076538, 1.636746883392334, 1.6412631273269653, 1.7020556926727295, 1.6496978998184204, 1.7071006298065186, 1.5989149808883667, 1.5954322814941406, 1.6007710695266724, 1.6149413585662842, 1.7107810974121094, 1.641851544380188, 1.6755582094192505, 1.7528692483901978, 1.6912322044372559, 1.5687726736068726, 1.7616947889328003, 1.6944559812545776, 1.607697606086731, 1.7378698587417603, 1.5866245031356812, 1.7710049152374268, 1.7531228065490723]",sae,Pre-64
1,beta,15,0.035,0.4529015220185267,0.4424399871594601,0.4403562632593822,0.5,0.6161071485640408,0.711471694824155,30,"[0, 1, 2, 3, 4, 5, 6, 7, 8, 9, 10, 11, 12, 13, 14, 15, 16, 17, 18, 19, 20, 21, 22, 23, 24, 25, 26, 27, 28, 29]","[1.603805422782898, 1.6190541982650757, 1.6684316396713257, 1.6234734058380127, 1.7456883192062378, 1.6173049211502075, 1.594248652458191, 1.61866295337677, 1.6930888891220093, 1.6878854036331177, 1.6635111570358276, 1.608792781829834, 1.774678111076355, 1.6902108192443848, 1.5415620803833008, 1.6705245971679688, 1.5854207277297974, 1.7890353202819824, 1.555469036102295, 1.6417111158370972, 1.7403050661087036, 1.7364898920059204, 1.5991673469543457, 1.6575875282287598, 1.6588435173034668, 1.5363277196884155, 1.7253772020339966, 1.7658172845840454, 1.6784254312515259, 1.629825472831726]",sae,Pre-64
1,beta,7,0.0159,0.4564836922581216,0.4420418003909208,0.4598773305273456,0.5,0.6095136152062148,0.6978366352180393,30,"[0, 1, 2, 3, 4, 5, 6, 7, 8, 9, 10, 11, 12, 13, 14, 15, 16, 17, 18, 19, 20, 21, 22, 23, 24, 25, 26, 27, 28, 29]","[2.1922826766967773, 2.230492115020752, 2.467177152633667, 2.5228404998779297, 2.4746344089508057, 2.450812339782715, 2.502988338470459, 2.1301686763763428, 2.5460116863250732, 2.1335840225219727, 2.3526875972747803, 2.1716361045837402, 2.4371819496154785, 2.3245041370391846, 2.495126962661743, 2.3177547454833984, 2.257397413253784, 2.464571952819824, 2.2349581718444824, 2.509934186935425, 2.297987937927246, 2.535881280899048, 2.5514798164367676, 2.3973705768585205, 2.276366710662842, 2.5564799308776855, 2.4134063720703125, 2.492340087890625, 2.5149173736572266, 2.082146644592285]",sae,Pre-64
1,beta,30,0.032,0.4638407167611665,0.4544841508273655,0.4423915365339945,0.5,0.6043368975359404,0.6964601530426255,30,"[0, 1, 2, 3, 4, 5, 6, 7, 8, 9, 10, 11, 12, 13, 14, 15, 16, 17, 18, 19, 20, 21, 22, 23, 24, 25, 26, 27, 28, 29]","[1.7571690082550049, 1.7489937543869019, 1.7146623134613037, 1.6702052354812622, 1.6732090711593628, 1.6502634286880493, 1.664625644683838, 1.6289982795715332, 1.6027971506118774, 1.6635065078735352, 1.6764311790466309, 1.6677039861679077, 1.6220999956130981, 1.6700468063354492, 1.7269465923309326, 1.7302124500274658, 1.6359457969665527, 1.6745716333389282, 1.747316837310791, 1.6453593969345093, 1.6949743032455444, 1.644918441772461, 1.7480288743972778, 1.6574676036834717, 1.7486399412155151, 1.6761126518249512, 1.630760908126831, 1.660182237625122, 1.7153176069259644, 1.6568140983581543]",sae,Pre-64
1,beta,0,0.016,0.4600628296558519,0.4487196928272481,0.4487546098626404,0.5,0.6146148452673732,0.7236288363759699,30,"[0, 1, 2, 3, 4, 5, 6, 7, 8, 9, 10, 11, 12, 13, 14, 15, 16, 17, 18, 19, 20, 21, 22, 23, 24, 25, 26, 27, 28, 29]","[2.280627727508545, 2.095319986343384, 2.2325804233551025, 2.4926865100860596, 2.154399871826172, 2.2626543045043945, 2.5519399642944336, 2.5226309299468994, 2.435131072998047, 2.057487726211548, 2.3790807723999023, 2.0599873065948486, 2.225724697113037, 2.4703423976898193, 2.5176897048950195, 2.0485527515411377, 2.421968936920166, 2.404554605484009, 2.403784990310669, 2.4340734481811523, 2.2868778705596924, 2.4318630695343018, 2.4508285522460938, 2.3639609813690186, 2.428494691848755, 2.1913509368896484, 2.474552631378174, 2.4052321910858154, 2.5427517890930176, 2.127913475036621]",sae,Pre-64
1,beta,18,0.018,0.4575117633693479,0.4471831599677374,0.4401274191527984,0.5,0.6052065040104606,0.732070410780411,30,"[0, 1, 2, 3, 4, 5, 6, 7, 8, 9, 10, 11, 12, 13, 14, 15, 16, 17, 18, 19, 20, 21, 22, 23, 24, 25, 26, 27, 28, 29]","[2.347968339920044, 2.2703399658203125, 2.4017174243927, 2.056912660598755, 2.1088483333587646, 2.12227201461792, 2.4641165733337402, 2.045063018798828, 2.1611554622650146, 2.1175005435943604, 2.4463677406311035, 2.4019479751586914, 2.1662256717681885, 2.362743854522705, 2.180732488632202, 2.3237783908843994, 2.3504719734191895, 1.989816427230835, 2.242450714111328, 2.2393240928649902, 2.4475836753845215, 2.317060708999634, 2.4248430728912354, 2.3346612453460693, 2.4083259105682373, 2.25807785987854, 2.3929624557495117, 2.415990114212036, 2.215284585952759, 2.113112449645996]",sae,Pre-64
1,beta,18,0.04,0.4575117633693479,0.4471831599677374,0.4267395329870613,0.5,0.6052065040104606,0.7327829407806704,30,"[0, 1, 2, 3, 4, 5, 6, 7, 8, 9, 10, 11, 12, 13, 14, 15, 16, 17, 18, 19, 20, 21, 22, 23, 24, 25, 26, 27, 28, 29]","[1.5304172039031982, 1.6908867359161377, 1.7208837270736694, 1.5871007442474365, 1.61381995677948, 1.6199313402175903, 1.8173779249191284, 1.587149739265442, 1.7122418880462646, 1.5817817449569702, 1.7917248010635376, 1.6767462491989136, 1.7179105281829834, 1.6958023309707642, 1.619849681854248, 1.5942010879516602, 1.6797505617141724, 1.6203105449676514, 1.598253607749939, 1.5492241382598877, 1.8145735263824463, 1.616243839263916, 1.7561068534851074, 1.7014667987823486, 1.6950299739837646, 1.623075008392334, 1.7044506072998047, 1.7474853992462158, 1.6914076805114746, 1.6486635208129883]",sae,Pre-64
1,beta,24,0.02,0.4501416387440968,0.4383559369047743,0.4641376389576137,0.5,0.6188330126613704,0.6500713753723932,30,"[0, 1, 2, 3, 4, 5, 6, 7, 8, 9, 10, 11, 12, 13, 14, 15, 16, 17, 18, 19, 20, 21, 22, 23, 24, 25, 26, 27, 28, 29]","[2.326469898223877, 2.258366346359253, 2.147054433822632, 2.3767995834350586, 2.3601086139678955, 1.895564079284668, 2.3495335578918457, 2.366797685623169, 2.439291477203369, 2.3339641094207764, 2.142042875289917, 1.9959630966186523, 2.435687303543091, 2.429319143295288, 2.0679330825805664, 2.0087006092071533, 2.41957688331604, 2.280703067779541, 2.3371033668518066, 2.3635826110839844, 2.3541927337646484, 2.3546886444091797, 1.933210015296936, 2.3209104537963867, 1.8969935178756714, 2.1316111087799072, 2.187851667404175, 1.9244519472122192, 2.4326236248016357, 2.33725643157959]",sae,Pre-64
1,beta,33,0.04,0.4492211383258522,0.4377959816952598,0.4350777567229833,0.5,0.6165210074526608,0.690710336147526,30,"[0, 1, 2, 3, 4, 5, 6, 7, 8, 9, 10, 11, 12, 13, 14, 15, 16, 17, 18, 19, 20, 21, 22, 23, 24, 25, 26, 27, 28, 29]","[1.6449525356292725, 1.6962465047836304, 1.6453957557678223, 1.5983713865280151, 1.5377224683761597, 1.7271642684936523, 1.5499643087387085, 1.6996126174926758, 1.6782492399215698, 1.6886470317840576, 1.615860104560852, 1.7048449516296387, 1.6755646467208862, 1.5363935232162476, 1.6072056293487549, 1.6666032075881958, 1.5871391296386719, 1.5770063400268555, 1.7076719999313354, 1.721993088722229, 1.615602970123291, 1.5409868955612183, 1.7161848545074463, 1.6483575105667114, 1.7131000757217407, 1.6248949766159058, 1.5826865434646606, 1.5340372323989868, 1.5324944257736206, 1.5783675909042358]",sae,Pre-64
1,beta,16,0.025,0.4519396108125126,0.4401978349795346,0.4374403912944271,0.5,0.6159012314439947,0.7205604154617312,30,"[0, 1, 2, 3, 4, 5, 6, 7, 8, 9, 10, 11, 12, 13, 14, 15, 16, 17, 18, 19, 20, 21, 22, 23, 24, 25, 26, 27, 28, 29]","[1.6578035354614258, 1.5712246894836426, 1.628244161605835, 1.693264126777649, 1.708409070968628, 1.6052625179290771, 1.706471562385559, 1.6514662504196167, 1.6015355587005615, 1.7075388431549072, 1.7144120931625366, 1.6513665914535522, 1.6261687278747559, 1.5976476669311523, 1.6243454217910767, 1.6368168592453003, 1.644234538078308, 1.5633041858673096, 1.6041176319122314, 1.6984645128250122, 1.7229838371276855, 1.685141682624817, 1.688584804534912, 1.6878807544708252, 1.5810738801956177, 1.6786986589431763, 1.6392414569854736, 1.6034857034683228, 1.5756300687789917, 1.6171108484268188]",sae,Pre-64
1,beta,25,0.014,0.4465066892532915,0.4352791138475453,0.4661828955154315,0.5,0.6270054355300688,0.6556436229691508,30,"[0, 1, 2, 3, 4, 5, 6, 7, 8, 9, 10, 11, 12, 13, 14, 15, 16, 17, 18, 19, 20, 21, 22, 23, 24, 25, 26, 27, 28, 29]","[2.412698984146118, 2.5271286964416504, 2.1224842071533203, 2.472301721572876, 2.551882266998291, 2.551562786102295, 2.570063352584839, 2.0836305618286133, 2.2529296875, 2.37402081489563, 2.583824396133423, 2.500669002532959, 2.3557522296905518, 2.1070351600646973, 2.369447946548462, 2.557377815246582, 2.4985904693603516, 2.3026442527770996, 2.4784021377563477, 2.4929487705230713, 2.558948516845703, 2.4290738105773926, 2.596435785293579, 2.3572802543640137, 2.2771286964416504, 2.140990972518921, 2.631405830383301, 2.319143772125244, 2.5671205520629883, 2.411994457244873]",sae,Pre-64
1,beta,21,0.0159,0.4504746503440228,0.4381370334360364,0.4589397002859255,0.5,0.6200058082774133,0.6859745548017153,30,"[0, 1, 2, 3, 4, 5, 6, 7, 8, 9, 10, 11, 12, 13, 14, 15, 16, 17, 18, 19, 20, 21, 22, 23, 24, 25, 26, 27, 28, 29]","[2.340526580810547, 2.4028851985931396, 2.4936764240264893, 2.4181017875671387, 2.414508819580078, 2.4451258182525635, 2.3506603240966797, 2.417079210281372, 2.482976198196411, 2.075700521469116, 2.4584522247314453, 2.4872889518737793, 2.261531352996826, 2.4691989421844482, 2.3907642364501953, 2.095180034637451, 2.1038737297058105, 2.152350425720215, 2.312145233154297, 2.4368772506713867, 2.1184287071228027, 2.4595775604248047, 2.2809765338897705, 2.294773578643799, 2.343935251235962, 2.163203477859497, 2.262186050415039, 2.26132869720459, 2.2813868522644043, 2.3525424003601074]",sae,Pre-64
1,beta,42,0.035,0.4546678683050885,0.4407690563496341,0.4592957921411993,0.5,0.6336081445133979,0.6606262327416174,30,"[0, 1, 2, 3, 4, 5, 6, 7, 8, 9, 10, 11, 12, 13, 14, 15, 16, 17, 18, 19, 20, 21, 22, 23, 24, 25, 26, 27, 28, 29]","[1.7462947368621826, 1.6221674680709839, 1.745684027671814, 1.7556788921356201, 1.7069612741470337, 1.7290092706680298, 1.6984628438949585, 1.643801212310791, 1.5971286296844482, 1.7551878690719604, 1.7228504419326782, 1.7578257322311401, 1.6276580095291138, 1.3987704515457153, 1.7657655477523804, 1.6373441219329834, 1.5718154907226562, 1.5647938251495361, 1.7274665832519531, 1.7600185871124268, 1.6583319902420044, 1.6164729595184326, 1.6672513484954834, 1.5754934549331665, 1.6247671842575073, 1.5830252170562744, 1.7809758186340332, 1.5715694427490234, 1.6756222248077393, 1.595694661140442]",sae,Pre-64
1,beta,4,0.032,0.4589558369307028,0.4477177462853796,0.4721035839472415,0.5,0.61034827708266,0.6540791356941688,30,"[0, 1, 2, 3, 4, 5, 6, 7, 8, 9, 10, 11, 12, 13, 14, 15, 16, 17, 18, 19, 20, 21, 22, 23, 24, 25, 26, 27, 28, 29]","[1.828498363494873, 1.8359323740005493, 1.6715508699417114, 1.8411294221878052, 1.6820040941238403, 1.720595121383667, 1.8373188972473145, 1.6948031187057495, 1.6930011510849, 1.8310461044311523, 1.7907474040985107, 1.7105498313903809, 1.8372646570205688, 1.6601269245147705, 1.6718592643737793, 1.7260156869888306, 1.7628614902496338, 1.7754799127578735, 1.723552942276001, 1.774433970451355, 1.7419594526290894, 1.783837080001831, 1.714618444442749, 1.6955095529556274, 1.7648135423660278, 1.750505805015564, 1.6855617761611938, 1.721187710762024, 1.800134539604187, 1.6905943155288696]",sae,Pre-64
1,beta,42,0.0155,0.4546678683050885,0.4407690563496341,0.4764025372804357,0.5,0.6336081445133979,0.6581291792947516,30,"[0, 1, 2, 3, 4, 5, 6, 7, 8, 9, 10, 11, 12, 13, 14, 15, 16, 17, 18, 19, 20, 21, 22, 23, 24, 25, 26, 27, 28, 29]","[2.513758897781372, 2.4094858169555664, 2.5198800563812256, 2.558072566986084, 2.340217351913452, 2.5097126960754395, 2.5112507343292236, 2.4483072757720947, 2.3543739318847656, 2.380338191986084, 2.2657225131988525, 2.547426223754883, 2.4481658935546875, 2.396423578262329, 2.565969705581665, 2.1657161712646484, 2.0066335201263428, 2.374861001968384, 2.2464866638183594, 2.4231016635894775, 2.489027738571167, 2.070402145385742, 2.575443983078003, 2.1891305446624756, 2.1662027835845947, 2.269259214401245, 2.5905239582061768, 2.06587815284729, 2.491522789001465, 2.2569921016693115]",sae,Pre-64
1,beta,17,0.032,0.4599327030141671,0.4513468217402507,0.4517384064394769,0.5,0.6120635717004715,0.6940250943993374,30,"[0, 1, 2, 3, 4, 5, 6, 7, 8, 9, 10, 11, 12, 13, 14, 15, 16, 17, 18, 19, 20, 21, 22, 23, 24, 25, 26, 27, 28, 29]","[1.7981711626052856, 1.6784067153930664, 1.7301064729690552, 1.6828333139419556, 1.8372634649276733, 1.6862844228744507, 1.759880781173706, 1.5721889734268188, 1.7085578441619873, 1.7627739906311035, 1.7754136323928833, 1.8037350177764893, 1.710260033607483, 1.815327763557434, 1.6974929571151733, 1.6640551090240479, 1.7561553716659546, 1.7368006706237793, 1.767248272895813, 1.7360116243362427, 1.6895259618759155, 1.748574137687683, 1.6103489398956299, 1.723414421081543, 1.797974944114685, 1.7414370775222778, 1.6845670938491821, 1.7383627891540527, 1.7263576984405518, 1.7471610307693481]",sae,Pre-64
1,beta,4,0.015,0.4589558369307028,0.4477177462853796,0.4888748070812308,0.5,0.61034827708266,0.6504593933237914,30,"[0, 1, 2, 3, 4, 5, 6, 7, 8, 9, 10, 11, 12, 13, 14, 15, 16, 17, 18, 19, 20, 21, 22, 23, 24, 25, 26, 27, 28, 29]","[2.4276139736175537, 2.499386787414551, 2.1776583194732666, 2.543109893798828, 2.432494640350342, 2.462369680404663, 2.505678415298462, 2.4193472862243652, 2.0530569553375244, 2.5715737342834473, 2.295546054840088, 2.420306921005249, 2.5677826404571533, 2.1162970066070557, 2.16853666305542, 2.3418896198272705, 2.488499641418457, 2.265498638153076, 2.472429037094116, 2.214665651321411, 2.4457030296325684, 2.3018736839294434, 2.1456143856048584, 2.395221710205078, 2.5032525062561035, 2.513218402862549, 2.4451799392700195, 2.4601190090179443, 2.5293383598327637, 2.226292848587036]",sae,Pre-64
1,beta,7,0.036,0.4564836922581216,0.4420418003909208,0.4446056176380259,0.5,0.6095136152062148,0.7011834886597695,30,"[0, 1, 2, 3, 4, 5, 6, 7, 8, 9, 10, 11, 12, 13, 14, 15, 16, 17, 18, 19, 20, 21, 22, 23, 24, 25, 26, 27, 28, 29]","[1.630380392074585, 1.7035752534866333, 1.7395247220993042, 1.7227420806884766, 1.7229435443878174, 1.6783851385116577, 1.7398567199707031, 1.6591089963912964, 1.7976748943328857, 1.6831845045089722, 1.6139146089553833, 1.6594780683517456, 1.5994101762771606, 1.6413975954055786, 1.8204911947250366, 1.7227381467819214, 1.6536134481430054, 1.6837319135665894, 1.7466881275177002, 1.7306275367736816, 1.7195574045181274, 1.8029431104660034, 1.7721055746078491, 1.6497139930725098, 1.7922229766845703, 1.823133111000061, 1.6413267850875854, 1.654178500175476, 1.7846699953079224, 1.6432982683181763]",sae,Pre-64
1,beta,39,0.002,0.4461088087810431,0.4292341094433316,0.4589300082859067,0.5,0.6205127278095635,0.6755696557209613,30,"[0, 1, 2, 3, 4, 5, 6, 7, 8, 9, 10, 11, 12, 13, 14, 15, 16, 17, 18, 19, 20, 21, 22, 23, 24, 25, 26, 27, 28, 29]","[2.459775924682617, 2.7583744525909424, 2.862520217895508, 2.8811428546905518, 2.556349277496338, 2.446261405944824, 2.6672871112823486, 2.7752842903137207, 2.471362829208374, 2.8378307819366455, 2.76169490814209, 2.8373820781707764, 2.5678763389587402, 2.6125142574310303, 2.8010053634643555, 2.9266068935394287, 2.902866840362549, 2.859767436981201, 2.4654276371002197, 2.7925617694854736, 2.787799835205078, 2.5003342628479004, 2.795225143432617, 2.8259084224700928, 2.892307996749878, 2.4352810382843018, 2.7242794036865234, 2.7486062049865723, 2.8723604679107666, 2.7446465492248535]",sae,Pre-64
1,beta,3,0.035,0.4557259332451328,0.444824285747971,0.4764056963994008,0.5,0.6042731979176,0.6517385611090716,30,"[0, 1, 2, 3, 4, 5, 6, 7, 8, 9, 10, 11, 12, 13, 14, 15, 16, 17, 18, 19, 20, 21, 22, 23, 24, 25, 26, 27, 28, 29]","[1.7906835079193115, 1.7617168426513672, 1.782378911972046, 1.8397208452224731, 1.783385157585144, 1.8915214538574219, 1.7661635875701904, 1.8863472938537598, 1.641181230545044, 1.8600883483886719, 1.777786374092102, 1.889864444732666, 1.7964460849761963, 1.8653303384780884, 1.872491717338562, 1.7850821018218994, 1.7347843647003174, 1.8299508094787598, 1.821319341659546, 1.7644089460372925, 1.6863019466400146, 1.7313193082809448, 1.7401379346847534, 1.8777121305465698, 1.8571152687072754, 1.7983696460723877, 1.771533489227295, 1.7928863763809204, 1.8700368404388428, 1.8053743839263916]",sae,Pre-64
1,beta,27,0.01,0.4609757262074365,0.4537266978541116,0.4830953399170101,0.5,0.5914172664146189,0.659548542107051,30,"[0, 1, 2, 3, 4, 5, 6, 7, 8, 9, 10, 11, 12, 13, 14, 15, 16, 17, 18, 19, 20, 21, 22, 23, 24, 25, 26, 27, 28, 29]","[2.52993106842041, 2.705862522125244, 2.3422226905822754, 2.5416905879974365, 2.6686110496520996, 2.572223424911499, 2.619847297668457, 2.3353044986724854, 2.6322972774505615, 2.6632776260375977, 2.36220121383667, 2.6564576625823975, 2.3479461669921875, 2.3221707344055176, 2.3848092555999756, 2.316803455352783, 2.6377153396606445, 2.6596221923828125, 2.631880521774292, 2.477219343185425, 2.7031002044677734, 2.321805953979492, 2.6230132579803467, 2.6088058948516846, 2.343146562576294, 2.696504831314087, 2.499814033508301, 2.648042917251587, 2.5338785648345947, 2.577350378036499]",sae,Pre-64
1,beta,39,0.02,0.4461088087810431,0.4292341094433316,0.4563182910342203,0.5,0.6205127278095635,0.6743464362434508,30,"[0, 1, 2, 3, 4, 5, 6, 7, 8, 9, 10, 11, 12, 13, 14, 15, 16, 17, 18, 19, 20, 21, 22, 23, 24, 25, 26, 27, 28, 29]","[1.9883335828781128, 2.2986485958099365, 2.428861379623413, 2.4400181770324707, 2.103041410446167, 1.9724797010421753, 2.2123565673828125, 2.3386528491973877, 2.017667770385742, 2.3874030113220215, 2.3226358890533447, 2.4053165912628174, 2.102943181991577, 2.1594159603118896, 2.3617894649505615, 2.489328145980835, 2.4599549770355225, 2.4201550483703613, 2.0105881690979004, 2.3514716625213623, 2.3560006618499756, 2.0364339351654053, 2.3451876640319824, 2.3766162395477295, 2.4515700340270996, 1.958832025527954, 2.285252332687378, 2.312269449234009, 2.4275355339050293, 2.3087944984436035]",sae,Pre-64
1,beta,30,0.015,0.4638407167611665,0.4544841508273655,0.4514765185695563,0.5,0.6043368975359404,0.7043638001817919,30,"[0, 1, 2, 3, 4, 5, 6, 7, 8, 9, 10, 11, 12, 13, 14, 15, 16, 17, 18, 19, 20, 21, 22, 23, 24, 25, 26, 27, 28, 29]","[2.4942948818206787, 2.4890992641448975, 2.204634189605713, 2.27109432220459, 2.235417366027832, 2.3740265369415283, 2.236004114151001, 2.187833309173584, 2.195607900619507, 2.4427335262298584, 2.073930501937866, 2.326650857925415, 2.3459603786468506, 2.3168437480926514, 2.491525411605835, 2.495129346847534, 2.4251163005828857, 2.3610851764678955, 2.489680051803589, 2.164046287536621, 2.5419371128082275, 2.4669790267944336, 2.578512191772461, 2.481928586959839, 2.2466347217559814, 2.4182488918304443, 2.311124086380005, 2.412708044052124, 2.453125238418579, 2.151963472366333]",sae,Pre-64
1,beta,5,0.018,0.4445517550333296,0.4301735816232515,0.452657013965893,0.5,0.6070910659257547,0.6790377727633561,30,"[0, 1, 2, 3, 4, 5, 6, 7, 8, 9, 10, 11, 12, 13, 14, 15, 16, 17, 18, 19, 20, 21, 22, 23, 24, 25, 26, 27, 28, 29]","[2.3645381927490234, 2.190852642059326, 1.9453552961349487, 2.3731539249420166, 2.2989675998687744, 2.2420496940612793, 2.4151761531829834, 2.0944230556488037, 2.3408663272857666, 2.0544321537017822, 2.1841986179351807, 2.3386900424957275, 2.39851450920105, 2.1636533737182617, 2.3361058235168457, 2.1557815074920654, 2.117553472518921, 2.3094260692596436, 2.2109673023223877, 2.3035194873809814, 2.392118215560913, 2.3088386058807373, 2.260389566421509, 2.008526086807251, 2.1617565155029297, 2.392901659011841, 2.113779306411743, 2.2880074977874756, 2.375929117202759, 2.409041166305542]",sae,Pre-64
1,beta,10,0.005,0.4493907433353129,0.4390813823454372,0.4670481464421898,0.5,0.6232207829487961,0.6734708816247443,30,"[0, 1, 2, 3, 4, 5, 6, 7, 8, 9, 10, 11, 12, 13, 14, 15, 16, 17, 18, 19, 20, 21, 22, 23, 24, 25, 26, 27, 28, 29]","[2.6616008281707764, 2.488171100616455, 2.69529128074646, 2.3880059719085693, 2.6904759407043457, 2.6051111221313477, 2.3928983211517334, 2.6868338584899902, 2.6768739223480225, 2.736116409301758, 2.612525463104248, 2.5698862075805664, 2.535318613052368, 2.4116151332855225, 2.3671374320983887, 2.5410726070404053, 2.6384127140045166, 2.4092941284179688, 2.7119791507720947, 2.3737401962280273, 2.3837993144989014, 2.6818110942840576, 2.7019002437591553, 2.7240519523620605, 2.706785202026367, 2.477912425994873, 2.6390671730041504, 2.6421051025390625, 2.6527678966522217, 2.7023677825927734]",sae,Pre-64
1,beta,6,0.029,0.4540822999211705,0.4457917896713532,0.4522023179184238,0.5,0.5933447799067053,0.6652667406135566,30,"[0, 1, 2, 3, 4, 5, 6, 7, 8, 9, 10, 11, 12, 13, 14, 15, 16, 17, 18, 19, 20, 21, 22, 23, 24, 25, 26, 27, 28, 29]","[1.678822636604309, 1.7232850790023804, 1.6059855222702026, 1.7411446571350098, 1.5953656435012817, 1.6427549123764038, 1.620783805847168, 1.6735457181930542, 1.5771379470825195, 1.7023311853408813, 1.6235997676849365, 1.5838725566864014, 1.6249425411224365, 1.578987956047058, 1.3921383619308472, 1.7196357250213623, 1.601395606994629, 1.667273759841919, 1.6583760976791382, 1.6557395458221436, 1.6435328722000122, 1.588159441947937, 1.7175159454345703, 1.6268351078033447, 1.5868959426879883, 1.6660085916519165, 1.6316094398498535, 1.5728390216827393, 1.6318285465240479, 1.6779001951217651]",sae,Pre-64
1,beta,35,0.0159,0.4566193215888805,0.4379483378046387,0.4474695898357582,0.5,0.637290178651746,0.718866380008276,30,"[0, 1, 2, 3, 4, 5, 6, 7, 8, 9, 10, 11, 12, 13, 14, 15, 16, 17, 18, 19, 20, 21, 22, 23, 24, 25, 26, 27, 28, 29]","[2.0742616653442383, 2.479402780532837, 2.531097173690796, 2.346750497817993, 2.4850523471832275, 2.2969095706939697, 2.4464528560638428, 2.4699559211730957, 2.531745672225952, 2.4592642784118652, 2.2561564445495605, 2.1662752628326416, 2.4072155952453613, 2.315769910812378, 2.2844769954681396, 2.370730400085449, 2.4848132133483887, 2.1496589183807373, 2.31231427192688, 2.1907036304473877, 2.0931107997894287, 2.077049970626831, 2.2188830375671387, 2.385697603225708, 2.4987704753875732, 2.4619600772857666, 2.0910181999206543, 2.474447727203369, 2.550116777420044, 2.4126672744750977]",sae,Pre-64
1,beta,35,0.036,0.4566193215888805,0.4379483378046387,0.4345088786731407,0.5,0.637290178651746,0.7144630552507061,30,"[0, 1, 2, 3, 4, 5, 6, 7, 8, 9, 10, 11, 12, 13, 14, 15, 16, 17, 18, 19, 20, 21, 22, 23, 24, 25, 26, 27, 28, 29]","[1.4659955501556396, 1.5325497388839722, 1.5965514183044434, 1.5261214971542358, 1.5393431186676025, 1.5037709474563599, 1.4521803855895996, 1.612978219985962, 1.6285451650619507, 1.5207971334457397, 1.5911179780960083, 1.44252347946167, 1.51499605178833, 1.4222807884216309, 1.511950969696045, 1.4693752527236938, 1.5995069742202759, 1.4444260597229004, 1.5494107007980347, 1.4500333070755005, 1.4708802700042725, 1.4621641635894775, 1.4798247814178467, 1.449218988418579, 1.4964059591293335, 1.5422542095184326, 1.4729772806167603, 1.553345799446106, 1.6075993776321411, 1.5461618900299072]",sae,Pre-64
1,beta,36,0.024,0.4642138821845151,0.4576483090311837,0.4721139523872752,0.5,0.6031055233182893,0.6747768077555313,30,"[0, 1, 2, 3, 4, 5, 6, 7, 8, 9, 10, 11, 12, 13, 14, 15, 16, 17, 18, 19, 20, 21, 22, 23, 24, 25, 26, 27, 28, 29]","[1.9463350772857666, 1.9837557077407837, 1.7763563394546509, 1.9517176151275635, 1.791500449180603, 1.9854787588119507, 1.7892309427261353, 1.7949414253234863, 2.007582664489746, 1.8751353025436401, 1.8974647521972656, 1.9718807935714722, 1.8413000106811523, 1.9015090465545654, 1.7908095121383667, 1.9807112216949463, 1.9333146810531616, 1.9128793478012085, 1.989666223526001, 1.8295693397521973, 1.7708886861801147, 1.9022955894470215, 1.8800746202468872, 1.794976830482483, 1.944902777671814, 1.9532331228256226, 1.8645306825637817, 1.9288259744644165, 1.9123765230178833, 1.809307336807251]",sae,Pre-64
1,beta,6,0.012,0.4540822999211705,0.4457917896713532,0.4651946658620777,0.5,0.5933447799067053,0.6656070989014329,30,"[0, 1, 2, 3, 4, 5, 6, 7, 8, 9, 10, 11, 12, 13, 14, 15, 16, 17, 18, 19, 20, 21, 22, 23, 24, 25, 26, 27, 28, 29]","[2.2606773376464844, 2.533409357070923, 2.1954736709594727, 2.5590875148773193, 2.4022910594940186, 2.4802892208099365, 2.4740145206451416, 2.48909330368042, 2.187023401260376, 2.5174810886383057, 2.4820752143859863, 2.3786046504974365, 2.496581554412842, 2.3635897636413574, 2.2947497367858887, 2.566284656524658, 2.2644476890563965, 2.275507688522339, 2.275254249572754, 2.460942506790161, 2.3181087970733643, 2.380315065383911, 2.509148359298706, 2.1684062480926514, 2.450434446334839, 2.3948915004730225, 2.5414860248565674, 2.1942360401153564, 2.187565326690674, 2.5154309272766113]",sae,Pre-64
1,beta,1,0.01,0.4560357198099471,0.4497423189216591,0.464261483710333,0.5,0.5964054457666336,0.6887306983992066,30,"[0, 1, 2, 3, 4, 5, 6, 7, 8, 9, 10, 11, 12, 13, 14, 15, 16, 17, 18, 19, 20, 21, 22, 23, 24, 25, 26, 27, 28, 29]","[2.6707823276519775, 2.558212995529175, 2.576744556427002, 2.449254035949707, 2.6012320518493652, 2.564394474029541, 2.648146867752075, 2.2386412620544434, 2.2865548133850098, 2.227529525756836, 2.3200535774230957, 2.6146514415740967, 2.66219162940979, 2.431685209274292, 2.6520609855651855, 2.6157867908477783, 2.575680732727051, 2.6238248348236084, 2.6323652267456055, 2.6094460487365723, 2.6910688877105713, 2.204305410385132, 2.4274978637695312, 2.5505101680755615, 2.567384958267212, 2.248497247695923, 2.584070920944214, 2.311330556869507, 2.6385207176208496, 2.3923540115356445]",sae,Pre-64
1,beta,28,0.0155,0.4589844236982603,0.4495627040154577,0.4565650322626532,0.5,0.5987249917034086,0.6988559593229982,30,"[0, 1, 2, 3, 4, 5, 6, 7, 8, 9, 10, 11, 12, 13, 14, 15, 16, 17, 18, 19, 20, 21, 22, 23, 24, 25, 26, 27, 28, 29]","[2.2723488807678223, 2.3961853981018066, 2.349022150039673, 2.433645486831665, 2.3704562187194824, 2.278864860534668, 2.4905054569244385, 2.250183343887329, 2.4453861713409424, 2.4952142238616943, 2.2335386276245117, 2.263049364089966, 2.4574763774871826, 2.359506845474243, 2.5183866024017334, 2.032618761062622, 2.103902578353882, 2.4435369968414307, 2.2515957355499268, 2.365549325942993, 2.0772218704223633, 2.182323694229126, 2.470942497253418, 2.4010722637176514, 2.066962242126465, 2.4596402645111084, 2.4065959453582764, 2.3208818435668945, 2.4091033935546875, 2.0639891624450684]",sae,Pre-64
1,beta,36,0.005,0.4642138821845151,0.4576483090311837,0.4814364295124512,0.5,0.6031055233182893,0.6745531798723289,30,"[0, 1, 2, 3, 4, 5, 6, 7, 8, 9, 10, 11, 12, 13, 14, 15, 16, 17, 18, 19, 20, 21, 22, 23, 24, 25, 26, 27, 28, 29]","[2.6946706771850586, 2.66957950592041, 2.572472095489502, 2.6172726154327393, 2.3477940559387207, 2.692857027053833, 2.611522912979126, 2.2952895164489746, 2.6938841342926025, 2.6184747219085693, 2.671888828277588, 2.719203472137451, 2.3773725032806396, 2.6649343967437744, 2.3622376918792725, 2.6897828578948975, 2.7293715476989746, 2.547133684158325, 2.7629637718200684, 2.407900094985962, 2.2986903190612793, 2.6626193523406982, 2.668149709701538, 2.48746919631958, 2.685513973236084, 2.565767288208008, 2.6086654663085938, 2.5149755477905273, 2.634084701538086, 2.3651316165924072]",sae,Pre-64
1,beta,33,0.018,0.4492211383258522,0.4377959816952598,0.4571028270262225,0.5,0.6165210074526608,0.6831883812028905,30,"[0, 1, 2, 3, 4, 5, 6, 7, 8, 9, 10, 11, 12, 13, 14, 15, 16, 17, 18, 19, 20, 21, 22, 23, 24, 25, 26, 27, 28, 29]","[2.3682281970977783, 2.362421751022339, 2.187795400619507, 2.160362720489502, 2.1156957149505615, 2.4435698986053467, 2.0451910495758057, 2.4013428688049316, 2.2828543186187744, 2.385634183883667, 2.1111748218536377, 2.3676185607910156, 2.3818039894104004, 1.9949164390563965, 2.4079363346099854, 2.360363483428955, 2.381324529647827, 2.24039363861084, 2.3619577884674072, 2.349510431289673, 2.3544867038726807, 2.0715465545654297, 2.3884565830230713, 2.3393073081970215, 2.3927972316741943, 2.337902545928955, 2.301239252090454, 2.076141595840454, 2.1526074409484863, 2.0629868507385254]",sae,Pre-64
1,beta,22,0.005,0.4519005213187685,0.4442985770479847,0.4669979093513007,0.5,0.5939599289403404,0.674277050318239,30,"[0, 1, 2, 3, 4, 5, 6, 7, 8, 9, 10, 11, 12, 13, 14, 15, 16, 17, 18, 19, 20, 21, 22, 23, 24, 25, 26, 27, 28, 29]","[2.609260320663452, 2.4939987659454346, 2.37890362739563, 2.6901626586914062, 2.679388999938965, 2.4718711376190186, 2.653304100036621, 2.628095865249634, 2.6119141578674316, 2.654780149459839, 2.643024444580078, 2.6718361377716064, 2.436032772064209, 2.6712536811828613, 2.4806580543518066, 2.546825647354126, 2.6730120182037354, 2.5436112880706787, 2.3603005409240723, 2.2917301654815674, 2.634385108947754, 2.5495731830596924, 2.5086100101470947, 2.5876026153564453, 2.676008462905884, 2.6085352897644043, 2.4807443618774414, 2.573864698410034, 2.7071120738983154, 2.4002623558044434]",sae,Pre-64
1,beta,18,0.015,0.4575117633693479,0.4471831599677374,0.440381641685433,0.5,0.6052065040104606,0.7323053778468778,30,"[0, 1, 2, 3, 4, 5, 6, 7, 8, 9, 10, 11, 12, 13, 14, 15, 16, 17, 18, 19, 20, 21, 22, 23, 24, 25, 26, 27, 28, 29]","[2.42199444770813, 2.3467118740081787, 2.4773335456848145, 2.13226580619812, 2.1864376068115234, 2.1995294094085693, 2.5394537448883057, 2.122570037841797, 2.237622022628784, 2.1938374042510986, 2.5225143432617188, 2.4766695499420166, 2.243968963623047, 2.438490390777588, 2.257018804550171, 2.3971242904663086, 2.4264636039733887, 2.0690417289733887, 2.3170759677886963, 2.314095973968506, 2.5239064693450928, 2.391925573348999, 2.5007054805755615, 2.4123854637145996, 2.4833123683929443, 2.332479953765869, 2.467590093612671, 2.4903693199157715, 2.2935917377471924, 2.190150260925293]",sae,Pre-64
1,beta,39,0.03,0.4461088087810431,0.4292341094433316,0.4432044241603918,0.5,0.6205127278095635,0.671934645130773,30,"[0, 1, 2, 3, 4, 5, 6, 7, 8, 9, 10, 11, 12, 13, 14, 15, 16, 17, 18, 19, 20, 21, 22, 23, 24, 25, 26, 27, 28, 29]","[1.6405715942382812, 1.82218337059021, 1.740570068359375, 1.7906392812728882, 1.6699261665344238, 1.6477724313735962, 1.7181991338729858, 1.7112643718719482, 1.6397749185562134, 1.8343857526779175, 1.7329068183898926, 1.6879627704620361, 1.7409123182296753, 1.6420584917068481, 1.7451136112213135, 1.807974100112915, 1.828942894935608, 1.785063624382019, 1.6577632427215576, 1.7103393077850342, 1.6472193002700806, 1.6796069145202637, 1.7567121982574463, 1.7672418355941772, 1.7748219966888428, 1.657472848892212, 1.639436960220337, 1.6632696390151978, 1.810767650604248, 1.6690680980682373]",sae,Pre-64
1,beta,13,0.014,0.4619123366083722,0.4531466051409948,0.4572714638936029,0.5,0.6127276801885291,0.7150063496045767,30,"[0, 1, 2, 3, 4, 5, 6, 7, 8, 9, 10, 11, 12, 13, 14, 15, 16, 17, 18, 19, 20, 21, 22, 23, 24, 25, 26, 27, 28, 29]","[2.5386505126953125, 2.5271060466766357, 2.5201010704040527, 2.4365463256835938, 2.254474639892578, 2.548029661178589, 2.5167155265808105, 2.429180145263672, 2.2283031940460205, 2.4451937675476074, 2.5499939918518066, 2.4252989292144775, 2.553922176361084, 2.207566022872925, 2.501555919647217, 2.4268083572387695, 2.4459948539733887, 2.45017147064209, 2.4201231002807617, 2.384359359741211, 2.4303369522094727, 2.2016963958740234, 2.5664761066436768, 2.249196767807007, 2.0863633155822754, 2.178443431854248, 2.216639995574951, 2.199693202972412, 2.500950336456299, 2.241328716278076]",sae,Pre-64
1,beta,22,0.024,0.4519005213187685,0.4442985770479847,0.4554727505071451,0.5,0.5939599289403404,0.6785138648689985,30,"[0, 1, 2, 3, 4, 5, 6, 7, 8, 9, 10, 11, 12, 13, 14, 15, 16, 17, 18, 19, 20, 21, 22, 23, 24, 25, 26, 27, 28, 29]","[1.8376671075820923, 1.8330285549163818, 1.8202733993530273, 1.9781183004379272, 1.9506069421768188, 1.8221893310546875, 1.892170786857605, 1.9005287885665894, 1.9151897430419922, 1.9616613388061523, 1.894910216331482, 1.9556115865707397, 1.7981646060943604, 1.9574958086013794, 1.7528247833251953, 1.9518204927444458, 1.9425252676010132, 1.8916187286376953, 1.8002346754074097, 1.7328554391860962, 1.942618727684021, 1.9190386533737183, 1.9070703983306885, 1.8815993070602417, 1.9685132503509521, 1.9721568822860718, 1.7758485078811646, 1.839581847190857, 1.97855806350708, 1.8090728521347046]",sae,Pre-64
1,beta,1,0.028,0.4560357198099471,0.4497423189216591,0.4540923907266384,0.5,0.5964054457666336,0.6836352528686783,30,"[0, 1, 2, 3, 4, 5, 6, 7, 8, 9, 10, 11, 12, 13, 14, 15, 16, 17, 18, 19, 20, 21, 22, 23, 24, 25, 26, 27, 28, 29]","[1.767974615097046, 1.6244364976882935, 1.718002438545227, 1.5904104709625244, 1.732077717781067, 1.5735403299331665, 1.6419259309768677, 1.6460630893707275, 1.5484464168548584, 1.626745343208313, 1.6471302509307861, 1.705100417137146, 1.7528462409973145, 1.6067720651626587, 1.746227502822876, 1.638319730758667, 1.5875415802001953, 1.6655409336090088, 1.7267050743103027, 1.748749852180481, 1.7669093608856201, 1.6443157196044922, 1.6694467067718506, 1.6205902099609375, 1.5859663486480713, 1.593786597251892, 1.6658462285995483, 1.6388753652572632, 1.7544786930084229, 1.6745072603225708]",sae,Pre-64
1,beta,10,0.024,0.4493907433353129,0.4390813823454372,0.4648756929850407,0.5,0.6232207829487961,0.6737780329398255,30,"[0, 1, 2, 3, 4, 5, 6, 7, 8, 9, 10, 11, 12, 13, 14, 15, 16, 17, 18, 19, 20, 21, 22, 23, 24, 25, 26, 27, 28, 29]","[2.2439606189727783, 2.0821454524993896, 2.278637409210205, 1.9257054328918457, 2.289135217666626, 2.189084053039551, 1.9128528833389282, 2.272908926010132, 2.2609052658081055, 2.3243367671966553, 2.1920177936553955, 2.1089863777160645, 2.0756571292877197, 1.9394766092300415, 1.882790446281433, 2.0852103233337402, 2.214323043823242, 1.94613778591156, 2.298980236053467, 1.9129048585891724, 1.9200389385223389, 2.2576279640197754, 2.2727720737457275, 2.3160908222198486, 2.2977452278137207, 2.071532726287842, 2.2109012603759766, 2.237882137298584, 2.2351744174957275, 2.2525672912597656]",sae,Pre-64
1,beta,32,0.012,0.4555596844830426,0.4475674839123162,0.4888748528020174,0.5,0.5924839124839124,0.6427828644971502,30,"[0, 1, 2, 3, 4, 5, 6, 7, 8, 9, 10, 11, 12, 13, 14, 15, 16, 17, 18, 19, 20, 21, 22, 23, 24, 25, 26, 27, 28, 29]","[2.5131607055664062, 2.453904628753662, 2.5510168075561523, 2.4985451698303223, 2.4737234115600586, 2.2216813564300537, 2.418299436569214, 2.4465622901916504, 2.436411142349243, 2.340639591217041, 2.3196568489074707, 2.46846866607666, 2.497631072998047, 2.196809768676758, 2.208942413330078, 2.1760616302490234, 2.387040376663208, 2.426321506500244, 2.2257630825042725, 2.407331705093384, 2.5257182121276855, 2.3464808464050293, 2.223864793777466, 2.508805751800537, 2.3643743991851807, 2.375033378601074, 2.530144691467285, 2.4438130855560303, 2.409608840942383, 2.472372531890869]",sae,Pre-64
1,beta,42,0.016,0.4546678683050885,0.4407690563496341,0.4762911884138714,0.5,0.6336081445133979,0.658132185981623,30,"[0, 1, 2, 3, 4, 5, 6, 7, 8, 9, 10, 11, 12, 13, 14, 15, 16, 17, 18, 19, 20, 21, 22, 23, 24, 25, 26, 27, 28, 29]","[2.5015227794647217, 2.3977856636047363, 2.507678508758545, 2.5458757877349854, 2.3275556564331055, 2.497469663619995, 2.4992480278015137, 2.4363009929656982, 2.3424484729766846, 2.3675200939178467, 2.2529399394989014, 2.535233497619629, 2.436286211013794, 2.3846259117126465, 2.5538201332092285, 2.1528756618499756, 1.9934636354446411, 2.3629844188690186, 2.233711004257202, 2.4103825092315674, 2.4771082401275635, 2.05715012550354, 2.563673734664917, 2.17657732963562, 2.153369665145874, 2.257174015045166, 2.5784056186676025, 2.052854537963867, 2.479593515396118, 2.2442572116851807]",sae,Pre-64
1,beta,1,0.038,0.4560357198099471,0.4497423189216591,0.4539759800675856,0.5,0.5964054457666336,0.6835939344571942,30,"[0, 1, 2, 3, 4, 5, 6, 7, 8, 9, 10, 11, 12, 13, 14, 15, 16, 17, 18, 19, 20, 21, 22, 23, 24, 25, 26, 27, 28, 29]","[1.759579062461853, 1.6159608364105225, 1.709688663482666, 1.582003116607666, 1.7237942218780518, 1.5649759769439697, 1.6336746215820312, 1.6376017332077026, 1.5399152040481567, 1.6183440685272217, 1.6387271881103516, 1.6967262029647827, 1.7444593906402588, 1.5983850955963135, 1.7378489971160889, 1.63014817237854, 1.5791736841201782, 1.6571972370147705, 1.7183305025100708, 1.7403502464294434, 1.7585726976394653, 1.6357980966567993, 1.6609915494918823, 1.6120966672897339, 1.5775635242462158, 1.5853056907653809, 1.6574715375900269, 1.6305104494094849, 1.7460964918136597, 1.6661168336868286]",sae,Pre-64
1,beta,27,0.028,0.4609757262074365,0.4537266978541116,0.4681920227435267,0.5,0.5914172664146189,0.6592968611394958,30,"[0, 1, 2, 3, 4, 5, 6, 7, 8, 9, 10, 11, 12, 13, 14, 15, 16, 17, 18, 19, 20, 21, 22, 23, 24, 25, 26, 27, 28, 29]","[1.7526485919952393, 1.8873318433761597, 1.7531863451004028, 1.7709161043167114, 1.8464702367782593, 1.7798861265182495, 1.8713501691818237, 1.7252634763717651, 1.86789870262146, 1.8735843896865845, 1.7443162202835083, 1.8937780857086182, 1.7651269435882568, 1.7268120050430298, 1.7346795797348022, 1.684942364692688, 1.8054990768432617, 1.8322044610977173, 1.8049565553665161, 1.8280744552612305, 1.8658119440078735, 1.7519367933273315, 1.7597167491912842, 1.7674041986465454, 1.7425761222839355, 1.9026708602905273, 1.7569924592971802, 1.8151707649230957, 1.6927714347839355, 1.815144658088684]",sae,Pre-64
1,beta,39,0.014,0.4461088087810431,0.4292341094433316,0.4572380608730546,0.5,0.6205127278095635,0.6747260560812989,30,"[0, 1, 2, 3, 4, 5, 6, 7, 8, 9, 10, 11, 12, 13, 14, 15, 16, 17, 18, 19, 20, 21, 22, 23, 24, 25, 26, 27, 28, 29]","[2.14314866065979, 2.4487040042877197, 2.5700747966766357, 2.583735227584839, 2.250976324081421, 2.128176689147949, 2.3607852458953857, 2.4808075428009033, 2.16597056388855, 2.534529685974121, 2.465745449066162, 2.5458977222442627, 2.2553722858428955, 2.3073301315307617, 2.5048575401306152, 2.6316866874694824, 2.6044695377349854, 2.563289165496826, 2.1592953205108643, 2.4952945709228516, 2.496526002883911, 2.1885697841644287, 2.4922335147857666, 2.5234415531158447, 2.595193862915039, 2.114858388900757, 2.428356409072876, 2.454357147216797, 2.57263445854187, 2.4506983757019043]",sae,Pre-64
1,beta,42,0.038,0.4546678683050885,0.4407690563496341,0.4592492982581793,0.5,0.6336081445133979,0.6606262327416174,30,"[0, 1, 2, 3, 4, 5, 6, 7, 8, 9, 10, 11, 12, 13, 14, 15, 16, 17, 18, 19, 20, 21, 22, 23, 24, 25, 26, 27, 28, 29]","[1.743608832359314, 1.6195119619369507, 1.7429981231689453, 1.753004789352417, 1.704309344291687, 1.726330280303955, 1.6958138942718506, 1.64113187789917, 1.594409465789795, 1.752503752708435, 1.7201673984527588, 1.7551400661468506, 1.6249703168869019, 1.3960665464401245, 1.7630846500396729, 1.6346466541290283, 1.5691300630569458, 1.562127947807312, 1.7247906923294067, 1.757375717163086, 1.65567147731781, 1.6137887239456177, 1.6645824909210205, 1.5727602243423462, 1.622067928314209, 1.5803308486938477, 1.7783137559890747, 1.5688632726669312, 1.6729332208633423, 1.5929913520812988]",sae,Pre-64
1,beta,13,0.03,0.4619123366083722,0.4531466051409948,0.4457037528699754,0.5,0.6127276801885291,0.7115855970390124,30,"[0, 1, 2, 3, 4, 5, 6, 7, 8, 9, 10, 11, 12, 13, 14, 15, 16, 17, 18, 19, 20, 21, 22, 23, 24, 25, 26, 27, 28, 29]","[1.7727394104003906, 1.6360148191452026, 1.7544838190078735, 1.6672028303146362, 1.6644755601882935, 1.7625545263290405, 1.6908488273620605, 1.6788411140441895, 1.700244665145874, 1.6740883588790894, 1.7686982154846191, 1.6495014429092407, 1.747118592262268, 1.6786409616470337, 1.7526113986968994, 1.6188255548477173, 1.6590088605880737, 1.7052634954452515, 1.7217459678649902, 1.6750315427780151, 1.6719201803207397, 1.622137427330017, 1.712090253829956, 1.6257978677749634, 1.6478105783462524, 1.6149190664291382, 1.6699144840240479, 1.6050591468811035, 1.7206238508224487, 1.6634999513626099]",sae,Pre-64
1,beta,33,0.029,0.4492211383258522,0.4377959816952598,0.4374264076190204,0.5,0.6165210074526608,0.6907669028325767,30,"[0, 1, 2, 3, 4, 5, 6, 7, 8, 9, 10, 11, 12, 13, 14, 15, 16, 17, 18, 19, 20, 21, 22, 23, 24, 25, 26, 27, 28, 29]","[1.711234450340271, 1.75680410861969, 1.703498363494873, 1.65008544921875, 1.5892925262451172, 1.798242211341858, 1.6085946559906006, 1.7719672918319702, 1.744092583656311, 1.7536876201629639, 1.6700854301452637, 1.7710379362106323, 1.7550709247589111, 1.5889579057693481, 1.6760063171386719, 1.7301219701766968, 1.6583919525146484, 1.629055142402649, 1.7781760692596436, 1.7932370901107788, 1.6791058778762817, 1.5968855619430542, 1.7831470966339111, 1.7101209163665771, 1.7778172492980957, 1.699222445487976, 1.6415773630142212, 1.5868672132492065, 1.5959668159484863, 1.6304482221603394]",sae,Pre-64
1,beta,42,0.025,0.4546678683050885,0.4407690563496341,0.4741961717336829,0.5,0.6336081445133979,0.658715483234714,30,"[0, 1, 2, 3, 4, 5, 6, 7, 8, 9, 10, 11, 12, 13, 14, 15, 16, 17, 18, 19, 20, 21, 22, 23, 24, 25, 26, 27, 28, 29]","[2.285385847091675, 2.1915409564971924, 2.292208433151245, 2.330430269241333, 2.103471040725708, 2.281139612197876, 2.2876367568969727, 2.2244956493377686, 2.1319780349731445, 2.1404354572296143, 2.026817560195923, 2.3198564052581787, 2.226804256439209, 2.1766884326934814, 2.3392927646636963, 1.9251234531402588, 1.7594918012619019, 2.1535701751708984, 2.0076818466186523, 2.1853153705596924, 2.266878366470337, 1.8216197490692139, 2.356356620788574, 1.954545021057129, 1.926092267036438, 2.0436019897460938, 2.3645248413085938, 1.8210464715957642, 2.2692878246307373, 2.0190038681030273]",sae,Pre-64
1,beta,1,0.016,0.4560357198099471,0.4497423189216591,0.4633601740597216,0.5,0.5964054457666336,0.6886480615762385,30,"[0, 1, 2, 3, 4, 5, 6, 7, 8, 9, 10, 11, 12, 13, 14, 15, 16, 17, 18, 19, 20, 21, 22, 23, 24, 25, 26, 27, 28, 29]","[2.5250768661499023, 2.412651777267456, 2.4343771934509277, 2.3018364906311035, 2.4528863430023193, 2.421905994415283, 2.504373073577881, 2.0831363201141357, 2.1387152671813965, 2.0752928256988525, 2.172224760055542, 2.46964693069458, 2.5167737007141113, 2.28415846824646, 2.5056540966033936, 2.4710099697113037, 2.434164047241211, 2.481391668319702, 2.4850082397460938, 2.461852550506592, 2.547057867050171, 2.0471413135528564, 2.2762699127197266, 2.406589984893799, 2.425337314605713, 2.10054874420166, 2.440760374069214, 2.15836763381958, 2.491933584213257, 2.242243766784668]",sae,Pre-64
1,beta,25,0.02,0.4465066892532915,0.4352791138475453,0.4653234010678675,0.5,0.6270054355300688,0.6554911411025336,30,"[0, 1, 2, 3, 4, 5, 6, 7, 8, 9, 10, 11, 12, 13, 14, 15, 16, 17, 18, 19, 20, 21, 22, 23, 24, 25, 26, 27, 28, 29]","[2.268233060836792, 2.3890628814697266, 1.974944829940796, 2.3353257179260254, 2.4112842082977295, 2.4087164402008057, 2.4345266819000244, 1.9337022304534912, 2.1053125858306885, 2.236401319503784, 2.443922519683838, 2.3597543239593506, 2.2113125324249268, 1.9605841636657715, 2.2297439575195312, 2.421217203140259, 2.365006685256958, 2.1650736331939697, 2.3409762382507324, 2.3563854694366455, 2.4190592765808105, 2.2933247089385986, 2.4588942527770996, 2.2163071632385254, 2.132678270339966, 1.9929356575012207, 2.4918577671051025, 2.174997329711914, 2.427180051803589, 2.2719690799713135]",sae,Pre-64
1,beta,42,0.006,0.4546678683050885,0.4407690563496341,0.4784129285576082,0.5,0.6336081445133979,0.6573790109202868,30,"[0, 1, 2, 3, 4, 5, 6, 7, 8, 9, 10, 11, 12, 13, 14, 15, 16, 17, 18, 19, 20, 21, 22, 23, 24, 25, 26, 27, 28, 29]","[2.7504026889801025, 2.636369466781616, 2.7559685707092285, 2.7939560413360596, 2.5846455097198486, 2.7464566230773926, 2.743811845779419, 2.6808557510375977, 2.5852489471435547, 2.627483367919922, 2.51265549659729, 2.7833642959594727, 2.6784799098968506, 2.6252102851867676, 2.8010592460632324, 2.413215398788452, 2.2599947452545166, 2.604874849319458, 2.4931559562683105, 2.668478012084961, 2.720111608505249, 2.3252525329589844, 2.8038089275360107, 2.4317333698272705, 2.4138448238372803, 2.50311279296875, 2.8250441551208496, 2.316330671310425, 2.7227182388305664, 2.5029120445251465]",sae,Pre-64
1,beta,19,0.018,0.4469965829377276,0.435497383761294,0.4302810211136704,0.5,0.6104665954706788,0.7171639915821213,30,"[0, 1, 2, 3, 4, 5, 6, 7, 8, 9, 10, 11, 12, 13, 14, 15, 16, 17, 18, 19, 20, 21, 22, 23, 24, 25, 26, 27, 28, 29]","[2.0751540660858154, 2.3991658687591553, 2.2578251361846924, 2.1070187091827393, 2.40543270111084, 2.446073293685913, 2.334235668182373, 2.1420528888702393, 2.3581628799438477, 2.4472782611846924, 2.42033052444458, 2.4311118125915527, 2.4127657413482666, 2.021559476852417, 2.3628172874450684, 2.26428484916687, 2.214832067489624, 2.4513514041900635, 1.9934157133102417, 1.9817448854446411, 2.444149971008301, 2.3311619758605957, 2.333155393600464, 1.9744658470153809, 1.9214465618133545, 2.3682992458343506, 2.5028789043426514, 2.440523862838745, 2.429932117462158, 2.2931759357452393]",sae,Pre-64
1,beta,22,0.034,0.4519005213187685,0.4442985770479847,0.4519347804508252,0.5,0.5939599289403404,0.679522700267062,30,"[0, 1, 2, 3, 4, 5, 6, 7, 8, 9, 10, 11, 12, 13, 14, 15, 16, 17, 18, 19, 20, 21, 22, 23, 24, 25, 26, 27, 28, 29]","[1.6705888509750366, 1.6890257596969604, 1.6954588890075684, 1.8019217252731323, 1.7978029251098633, 1.6798241138458252, 1.7121634483337402, 1.718532681465149, 1.7353394031524658, 1.7789875268936157, 1.7185490131378174, 1.790963888168335, 1.677125096321106, 1.7959593534469604, 1.6076915264129639, 1.7919667959213257, 1.7844750881195068, 1.7208060026168823, 1.6527388095855713, 1.6102665662765503, 1.774484634399414, 1.7595186233520508, 1.748387336730957, 1.7116384506225586, 1.8019003868103027, 1.7999236583709717, 1.6552881002426147, 1.6574070453643799, 1.8058226108551025, 1.6564298868179321]",sae,Pre-64
1,beta,19,0.04,0.4469965829377276,0.435497383761294,0.4197752053257177,0.5,0.6104665954706788,0.7148867669692496,30,"[0, 1, 2, 3, 4, 5, 6, 7, 8, 9, 10, 11, 12, 13, 14, 15, 16, 17, 18, 19, 20, 21, 22, 23, 24, 25, 26, 27, 28, 29]","[1.689895510673523, 1.7281184196472168, 1.7891883850097656, 1.6941355466842651, 1.6888759136199951, 1.7200042009353638, 1.711173176765442, 1.7802222967147827, 1.656836748123169, 1.8192675113677979, 1.8627710342407227, 1.8488941192626953, 1.7289413213729858, 1.6720364093780518, 1.6572574377059937, 1.6829370260238647, 1.8165924549102783, 1.832440972328186, 1.6394150257110596, 1.6389949321746826, 1.8469157218933105, 1.6978890895843506, 1.7194749116897583, 1.6410815715789795, 1.6271543502807617, 1.8307918310165405, 1.8383828401565552, 1.7287405729293823, 1.7253302335739136, 1.6683677434921265]",sae,Pre-64
1,beta,8,0.0159,0.4517491928182039,0.4406431065890545,0.4562505918002536,0.5,0.6098144493254953,0.6797153427700318,30,"[0, 1, 2, 3, 4, 5, 6, 7, 8, 9, 10, 11, 12, 13, 14, 15, 16, 17, 18, 19, 20, 21, 22, 23, 24, 25, 26, 27, 28, 29]","[2.3516128063201904, 2.355046272277832, 2.1972014904022217, 2.144178628921509, 2.41790509223938, 2.2338974475860596, 2.3945136070251465, 2.3493924140930176, 2.049562931060791, 2.203481912612915, 2.5124917030334473, 2.423236131668091, 1.9736305475234985, 2.12443470954895, 2.445277452468872, 2.398743152618408, 2.1463797092437744, 2.372764825820923, 2.306964874267578, 2.2604634761810303, 2.3527793884277344, 2.3407270908355713, 2.444185256958008, 2.3878860473632812, 2.4711153507232666, 2.429102659225464, 2.1763570308685303, 2.416264295578003, 2.2431209087371826, 2.3415184020996094]",sae,Pre-64
1,beta,5,0.032,0.4445517550333296,0.4301735816232515,0.4379563846264724,0.5,0.6070910659257547,0.6822006088146866,30,"[0, 1, 2, 3, 4, 5, 6, 7, 8, 9, 10, 11, 12, 13, 14, 15, 16, 17, 18, 19, 20, 21, 22, 23, 24, 25, 26, 27, 28, 29]","[1.7874723672866821, 1.605462908744812, 1.5981533527374268, 1.7582883834838867, 1.7552919387817383, 1.7404996156692505, 1.7094950675964355, 1.6357678174972534, 1.7206217050552368, 1.6074022054672241, 1.7322931289672852, 1.7720997333526611, 1.729902982711792, 1.6888971328735352, 1.7526764869689941, 1.7323215007781982, 1.7126059532165527, 1.7612791061401367, 1.6200535297393799, 1.6965276002883911, 1.7776851654052734, 1.679282546043396, 1.8032138347625732, 1.6088639497756958, 1.7153648138046265, 1.7731239795684814, 1.6172237396240234, 1.7172667980194092, 1.7469276189804077, 1.7301805019378662]",sae,Pre-64
1,beta,5,0.015,0.4445517550333296,0.4301735816232515,0.4531056630185017,0.5,0.6070910659257547,0.6792049780289156,30,"[0, 1, 2, 3, 4, 5, 6, 7, 8, 9, 10, 11, 12, 13, 14, 15, 16, 17, 18, 19, 20, 21, 22, 23, 24, 25, 26, 27, 28, 29]","[2.436776876449585, 2.2614879608154297, 2.019963264465332, 2.444031000137329, 2.3725414276123047, 2.3153748512268066, 2.485163927078247, 2.168501377105713, 2.4114158153533936, 2.1261417865753174, 2.256662368774414, 2.4118881225585938, 2.4681482315063477, 2.2365455627441406, 2.407116413116455, 2.228224754333496, 2.1914947032928467, 2.38252592086792, 2.2810451984405518, 2.3735525608062744, 2.463900566101074, 2.379244327545166, 2.334928274154663, 2.0848805904388428, 2.2346432209014893, 2.463513135910034, 2.185786008834839, 2.359834671020508, 2.446713447570801, 2.4786033630371094]",sae,Pre-64
1,beta,19,0.029,0.4469965829377276,0.435497383761294,0.419944585141711,0.5,0.6104665954706788,0.715031252944687,30,"[0, 1, 2, 3, 4, 5, 6, 7, 8, 9, 10, 11, 12, 13, 14, 15, 16, 17, 18, 19, 20, 21, 22, 23, 24, 25, 26, 27, 28, 29]","[1.7067135572433472, 1.7450017929077148, 1.8062794208526611, 1.7111883163452148, 1.7056057453155518, 1.7366547584533691, 1.72812819480896, 1.7971452474594116, 1.6739932298660278, 1.836108684539795, 1.8793601989746094, 1.8657076358795166, 1.7457475662231445, 1.6891071796417236, 1.6740473508834839, 1.6997649669647217, 1.8334256410598755, 1.8493322134017944, 1.656408667564392, 1.6560536623001099, 1.8638331890106201, 1.7147494554519653, 1.7364169359207153, 1.658150315284729, 1.6442747116088867, 1.8475518226623535, 1.8551541566848755, 1.7456034421920776, 1.7420663833618164, 1.6854424476623535]",sae,Pre-64
1,beta,37,0.0151,0.4546908257221888,0.444978337644671,0.4471286747253269,0.5,0.6058579085235571,0.7150957859031156,30,"[0, 1, 2, 3, 4, 5, 6, 7, 8, 9, 10, 11, 12, 13, 14, 15, 16, 17, 18, 19, 20, 21, 22, 23, 24, 25, 26, 27, 28, 29]","[2.168631076812744, 2.413820743560791, 2.1708474159240723, 2.3228116035461426, 2.3928048610687256, 2.4751572608947754, 2.487283229827881, 2.112053632736206, 2.1494505405426025, 2.2758688926696777, 2.3719139099121094, 2.1692581176757812, 2.421344518661499, 2.3376827239990234, 2.4901702404022217, 2.172480821609497, 2.3583223819732666, 2.4225869178771973, 2.2318108081817627, 2.1971728801727295, 2.3479197025299072, 2.5064773559570312, 2.4707090854644775, 2.4641876220703125, 2.419318199157715, 2.4706766605377197, 2.4666690826416016, 2.4806153774261475, 2.477851390838623, 2.4766123294830322]",sae,Pre-64
1,beta,45,0.022,0.4515599815008028,0.4347157609968581,0.4657969598894508,0.5,0.6289673345145609,0.677932245998213,30,"[0, 1, 2, 3, 4, 5, 6, 7, 8, 9, 10, 11, 12, 13, 14, 15, 16, 17, 18, 19, 20, 21, 22, 23, 24, 25, 26, 27, 28, 29]","[2.334238052368164, 2.379237651824951, 2.200180768966675, 2.41607666015625, 2.3942952156066895, 2.347031354904175, 2.358330249786377, 2.348278522491455, 1.9930754899978638, 1.8692708015441895, 2.1064271926879883, 2.393547296524048, 2.268857717514038, 2.3682291507720947, 2.0841569900512695, 2.3231098651885986, 2.171398639678955, 2.2942817211151123, 2.275912046432495, 2.301325798034668, 2.3290348052978516, 1.936256766319275, 2.11027455329895, 2.2623705863952637, 2.3139290809631348, 2.217139720916748, 1.9425899982452393, 2.0087406635284424, 2.218932628631592, 2.3667502403259277]",sae,Pre-64
1,beta,2,0.004,0.4419681213812466,0.4306250660512843,0.4442816900318331,0.5,0.6028191218064636,0.6901791510177586,30,"[0, 1, 2, 3, 4, 5, 6, 7, 8, 9, 10, 11, 12, 13, 14, 15, 16, 17, 18, 19, 20, 21, 22, 23, 24, 25, 26, 27, 28, 29]","[2.379521131515503, 2.341543436050415, 2.4549052715301514, 2.557882070541382, 2.3947696685791016, 2.758190631866455, 2.299809455871582, 2.5369534492492676, 2.4656405448913574, 2.498049736022949, 2.642479658126831, 2.512296676635742, 2.6155519485473633, 2.6883010864257812, 2.4507648944854736, 2.7353484630584717, 2.604203939437866, 2.7511661052703857, 2.72663950920105, 2.675018072128296, 2.6206231117248535, 2.4566853046417236, 2.682950258255005, 2.746641159057617, 2.246772527694702, 2.541212320327759, 2.644138813018799, 2.652320384979248, 2.4960429668426514, 2.711843490600586]",sae,Pre-64
1,beta,14,0.042,0.4467366851483266,0.4421697276018216,0.4399291787263554,0.5,0.5934222168898753,0.6938031464179126,30,"[0, 1, 2, 3, 4, 5, 6, 7, 8, 9, 10, 11, 12, 13, 14, 15, 16, 17, 18, 19, 20, 21, 22, 23, 24, 25, 26, 27, 28, 29]","[1.576282262802124, 1.479195237159729, 1.5981619358062744, 1.6343562602996826, 1.602338194847107, 1.6041085720062256, 1.5438190698623657, 1.708659291267395, 1.602400541305542, 1.6811378002166748, 1.5422046184539795, 1.567091941833496, 1.5890865325927734, 1.6796108484268188, 1.6328517198562622, 1.6056735515594482, 1.7010796070098877, 1.6983273029327393, 1.6159977912902832, 1.5732076168060303, 1.5894520282745361, 1.6171715259552002, 1.6792564392089844, 1.567348599433899, 1.6893115043640137, 1.6954936981201172, 1.644250750541687, 1.6978555917739868, 1.6884920597076416, 1.5992687940597534]",sae,Pre-64
1,beta,45,0.004,0.4515599815008028,0.4347157609968581,0.4692046662515269,0.5,0.6289673345145609,0.6779443611527568,30,"[0, 1, 2, 3, 4, 5, 6, 7, 8, 9, 10, 11, 12, 13, 14, 15, 16, 17, 18, 19, 20, 21, 22, 23, 24, 25, 26, 27, 28, 29]","[2.796180486679077, 2.8434038162231445, 2.6640021800994873, 2.8824973106384277, 2.861480236053467, 2.8062195777893066, 2.839110851287842, 2.8267903327941895, 2.4825046062469482, 2.369433879852295, 2.595792055130005, 2.866122245788574, 2.7532050609588623, 2.8245818614959717, 2.5721194744110107, 2.790231466293335, 2.6619937419891357, 2.763965368270874, 2.737884759902954, 2.767911911010742, 2.7986676692962646, 2.441046714782715, 2.6054015159606934, 2.741004467010498, 2.7695114612579346, 2.7147138118743896, 2.4469141960144043, 2.4940872192382812, 2.6795575618743896, 2.8452765941619873]",sae,Pre-64
1,beta,35,0.008,0.4566193215888805,0.4379483378046387,0.4480628359145912,0.5,0.637290178651746,0.7186025103598822,30,"[0, 1, 2, 3, 4, 5, 6, 7, 8, 9, 10, 11, 12, 13, 14, 15, 16, 17, 18, 19, 20, 21, 22, 23, 24, 25, 26, 27, 28, 29]","[2.273249864578247, 2.644334554672241, 2.7026290893554688, 2.528347969055176, 2.6517295837402344, 2.481480121612549, 2.607196569442749, 2.654695987701416, 2.71347713470459, 2.622863531112671, 2.45143723487854, 2.352735757827759, 2.5681562423706055, 2.485491991043091, 2.4777989387512207, 2.5377445220947266, 2.657761573791504, 2.338181495666504, 2.5022518634796143, 2.3710994720458984, 2.29160475730896, 2.2697296142578125, 2.4086380004882812, 2.546158790588379, 2.654294013977051, 2.620234251022339, 2.278787612915039, 2.642620801925659, 2.7140207290649414, 2.590374231338501]",sae,Pre-64
1,beta,18,0.032,0.4575117633693479,0.4471831599677374,0.4268057859504084,0.5,0.6052065040104606,0.7327966726222173,30,"[0, 1, 2, 3, 4, 5, 6, 7, 8, 9, 10, 11, 12, 13, 14, 15, 16, 17, 18, 19, 20, 21, 22, 23, 24, 25, 26, 27, 28, 29]","[1.538700819015503, 1.6991944313049316, 1.729163408279419, 1.5955322980880737, 1.6221997737884521, 1.628271222114563, 1.8256603479385376, 1.595471739768982, 1.720443606376648, 1.58995521068573, 1.8000067472457886, 1.6850483417510986, 1.7261478900909424, 1.7042158842086792, 1.6282340288162231, 1.602434754371643, 1.6881906986236572, 1.6285789012908936, 1.6065363883972168, 1.5574679374694824, 1.8228453397750854, 1.6245741844177246, 1.7643406391143799, 1.7097715139389038, 1.703292965888977, 1.6314481496810913, 1.7127153873443604, 1.755731463432312, 1.6997820138931274, 1.656915307044983]",sae,Pre-64
1,beta,28,0.01,0.4589844236982603,0.4495627040154577,0.4573664617812722,0.5,0.5987249917034086,0.6988129948324089,30,"[0, 1, 2, 3, 4, 5, 6, 7, 8, 9, 10, 11, 12, 13, 14, 15, 16, 17, 18, 19, 20, 21, 22, 23, 24, 25, 26, 27, 28, 29]","[2.4194319248199463, 2.538639783859253, 2.488767147064209, 2.5769243240356445, 2.5172598361968994, 2.4282264709472656, 2.6300365924835205, 2.3927555084228516, 2.5876808166503906, 2.638031005859375, 2.379037618637085, 2.410628080368042, 2.5991933345794678, 2.5066778659820557, 2.6587796211242676, 2.184771776199341, 2.2566921710968018, 2.5867912769317627, 2.400860548019409, 2.510692596435547, 2.231625556945801, 2.327482223510742, 2.6110050678253174, 2.53995680809021, 2.2166528701782227, 2.6025068759918213, 2.552565336227417, 2.4652199745178223, 2.550812005996704, 2.2137796878814697]",sae,Pre-64
1,beta,22,0.0151,0.4519005213187685,0.4442985770479847,0.4660274117219063,0.5,0.5939599289403404,0.6740711655431242,30,"[0, 1, 2, 3, 4, 5, 6, 7, 8, 9, 10, 11, 12, 13, 14, 15, 16, 17, 18, 19, 20, 21, 22, 23, 24, 25, 26, 27, 28, 29]","[2.396191120147705, 2.2771594524383545, 2.1489334106445312, 2.4764487743377686, 2.4615066051483154, 2.2479658126831055, 2.439169406890869, 2.4091267585754395, 2.393533706665039, 2.436237096786499, 2.4280688762664795, 2.452503204345703, 2.2158656120300293, 2.451883316040039, 2.265916109085083, 2.3260610103607178, 2.4563755989074707, 2.32193922996521, 2.1387760639190674, 2.0632975101470947, 2.41847562789917, 2.328848123550415, 2.285879135131836, 2.3694875240325928, 2.458361864089966, 2.3858320713043213, 2.263370990753174, 2.3580057621002197, 2.488478899002075, 2.179081916809082]",sae,Pre-64
1,beta,2,0.022,0.4419681213812466,0.4306250660512843,0.4347913886951142,0.5,0.6028191218064636,0.690534149394909,30,"[0, 1, 2, 3, 4, 5, 6, 7, 8, 9, 10, 11, 12, 13, 14, 15, 16, 17, 18, 19, 20, 21, 22, 23, 24, 25, 26, 27, 28, 29]","[1.7859746217727661, 1.7572425603866577, 1.745959997177124, 1.8975112438201904, 1.808676838874817, 1.9668910503387451, 1.7659162282943726, 1.8314101696014404, 1.7840083837509155, 1.8512901067733765, 1.8716323375701904, 1.7630503177642822, 1.9065840244293213, 1.9494824409484863, 1.882743239402771, 1.9025543928146362, 1.9065651893615723, 1.9744645357131958, 1.9842066764831543, 1.95193612575531, 1.8473107814788818, 1.7712007761001587, 1.91736900806427, 1.9602115154266357, 1.7268997430801392, 1.7775458097457886, 1.881919264793396, 1.8903231620788574, 1.6868870258331299, 1.963463544845581]",sae,Pre-64
1,beta,35,0.026,0.4566193215888805,0.4379483378046387,0.4394091096663864,0.5,0.637290178651746,0.7159503205416524,30,"[0, 1, 2, 3, 4, 5, 6, 7, 8, 9, 10, 11, 12, 13, 14, 15, 16, 17, 18, 19, 20, 21, 22, 23, 24, 25, 26, 27, 28, 29]","[1.706610083580017, 1.832985758781433, 1.881889820098877, 1.7941434383392334, 1.8364964723587036, 1.7993438243865967, 1.7456347942352295, 1.9004876613616943, 1.926762580871582, 1.794812798500061, 1.8705295324325562, 1.718225121498108, 1.7934623956680298, 1.7162715196609497, 1.7976696491241455, 1.7163701057434082, 1.885348916053772, 1.715160846710205, 1.8263976573944092, 1.7097958326339722, 1.7149744033813477, 1.7163300514221191, 1.7626382112503052, 1.730088472366333, 1.7915931940078735, 1.8400511741638184, 1.715660810470581, 1.8161365985870361, 1.9086570739746094, 1.8223601579666138]",sae,Pre-64
1,beta,29,0.0155,0.4558655961502112,0.4409050416793991,0.4706652455897171,0.5,0.6296548282533407,0.6787638376660258,30,"[0, 1, 2, 3, 4, 5, 6, 7, 8, 9, 10, 11, 12, 13, 14, 15, 16, 17, 18, 19, 20, 21, 22, 23, 24, 25, 26, 27, 28, 29]","[2.1337826251983643, 2.428406000137329, 1.8798454999923706, 2.442344903945923, 2.4119529724121094, 2.0897674560546875, 2.4751946926116943, 2.088994264602661, 2.356266975402832, 2.424984931945801, 2.302361011505127, 2.4107449054718018, 2.3928630352020264, 2.095673084259033, 2.27813720703125, 2.075193405151367, 2.355161190032959, 2.405510187149048, 2.3910768032073975, 2.402313470840454, 2.242759943008423, 2.4492275714874268, 2.4093613624572754, 2.3794941902160645, 2.4301421642303467, 2.235562324523926, 2.113070249557495, 2.486034631729126, 2.376305341720581, 2.360872745513916]",sae,Pre-64
1,beta,17,0.006,0.4599327030141671,0.4513468217402507,0.4658035979081206,0.5,0.6120635717004715,0.6904766419067426,30,"[0, 1, 2, 3, 4, 5, 6, 7, 8, 9, 10, 11, 12, 13, 14, 15, 16, 17, 18, 19, 20, 21, 22, 23, 24, 25, 26, 27, 28, 29]","[2.668738842010498, 2.6158995628356934, 2.670905351638794, 2.5156753063201904, 2.67329740524292, 2.3756864070892334, 2.4308974742889404, 2.301809072494507, 2.6439943313598633, 2.566128969192505, 2.7082693576812744, 2.7270262241363525, 2.4743056297302246, 2.725611686706543, 2.602616310119629, 2.2944929599761963, 2.3841729164123535, 2.6435890197753906, 2.6266255378723145, 2.4660491943359375, 2.575322151184082, 2.6136975288391113, 2.5658156871795654, 2.6637685298919678, 2.6573681831359863, 2.698801040649414, 2.4728639125823975, 2.708609104156494, 2.6630496978759766, 2.437593698501587]",sae,Pre-64
1,beta,36,0.0159,0.4642138821845151,0.4576483090311837,0.4795258115955372,0.5,0.6031055233182893,0.6748987866009143,30,"[0, 1, 2, 3, 4, 5, 6, 7, 8, 9, 10, 11, 12, 13, 14, 15, 16, 17, 18, 19, 20, 21, 22, 23, 24, 25, 26, 27, 28, 29]","[2.454408884048462, 2.426683187484741, 2.3361575603485107, 2.3714001178741455, 2.1036176681518555, 2.4497525691986084, 2.377117872238159, 2.0368776321411133, 2.4485273361206055, 2.3844079971313477, 2.4362428188323975, 2.479041337966919, 2.126124858856201, 2.4271187782287598, 2.107928991317749, 2.4473564624786377, 2.4928247928619385, 2.2983791828155518, 2.524925708770752, 2.162233591079712, 2.0385947227478027, 2.4254441261291504, 2.4324870109558105, 2.2451491355895996, 2.4429423809051514, 2.3181493282318115, 2.3688154220581055, 2.2668280601501465, 2.3939201831817627, 2.1167564392089844]",sae,Pre-64
1,beta,8,0.036,0.4517491928182039,0.4406431065890545,0.4441687803981554,0.5,0.6098144493254953,0.680725508089104,30,"[0, 1, 2, 3, 4, 5, 6, 7, 8, 9, 10, 11, 12, 13, 14, 15, 16, 17, 18, 19, 20, 21, 22, 23, 24, 25, 26, 27, 28, 29]","[1.6967887878417969, 1.802174687385559, 1.6874521970748901, 1.6949516534805298, 1.8081368207931519, 1.73036527633667, 1.772170066833496, 1.6673833131790161, 1.6878830194473267, 1.77849543094635, 1.8080037832260132, 1.7223358154296875, 1.627637267112732, 1.6874935626983643, 1.754441738128662, 1.6801658868789673, 1.6421273946762085, 1.726176381111145, 1.6118900775909424, 1.7385400533676147, 1.6671699285507202, 1.6205782890319824, 1.760499358177185, 1.7138190269470215, 1.7618513107299805, 1.7658896446228027, 1.665286898612976, 1.746651530265808, 1.73784339427948, 1.7662181854248047]",sae,Pre-64
1,beta,13,0.028,0.4619123366083722,0.4531466051409948,0.4474356548837705,0.5,0.6127276801885291,0.7128921638409399,30,"[0, 1, 2, 3, 4, 5, 6, 7, 8, 9, 10, 11, 12, 13, 14, 15, 16, 17, 18, 19, 20, 21, 22, 23, 24, 25, 26, 27, 28, 29]","[1.9208550453186035, 1.834128499031067, 1.9087952375411987, 1.8083217144012451, 1.8032174110412598, 1.9097446203231812, 1.85301673412323, 1.8312751054763794, 1.823641300201416, 1.8165680170059204, 1.932889699935913, 1.77860426902771, 1.8990118503570557, 1.7815333604812622, 1.918503761291504, 1.765022873878479, 1.8264394998550415, 1.833524227142334, 1.8814650774002075, 1.7884795665740967, 1.8243967294692993, 1.7564120292663574, 1.9009194374084473, 1.768285870552063, 1.760124683380127, 1.7651770114898682, 1.7973580360412598, 1.7421504259109497, 1.8722978830337524, 1.80720853805542]",sae,Pre-64
1,beta,36,0.036,0.4642138821845151,0.4576483090311837,0.4659785195964385,0.5,0.6031055233182893,0.6747913290466482,30,"[0, 1, 2, 3, 4, 5, 6, 7, 8, 9, 10, 11, 12, 13, 14, 15, 16, 17, 18, 19, 20, 21, 22, 23, 24, 25, 26, 27, 28, 29]","[1.7337369918823242, 1.755081057548523, 1.5942262411117554, 1.7419159412384033, 1.6004862785339355, 1.7545114755630493, 1.6010775566101074, 1.6443411111831665, 1.77977454662323, 1.6370623111724854, 1.6655187606811523, 1.7484166622161865, 1.622889518737793, 1.6791778802871704, 1.6302539110183716, 1.7555887699127197, 1.716031789779663, 1.7029904127120972, 1.7649872303009033, 1.6175826787948608, 1.620815634727478, 1.6669539213180542, 1.6514694690704346, 1.6140398979187012, 1.7348281145095825, 1.7234095335006714, 1.6378620862960815, 1.715632438659668, 1.7285175323486328, 1.613785743713379]",sae,Pre-64
1,beta,20,0.008,0.4408022875601419,0.4262939306313442,0.4561619765143121,0.5,0.6176087118064704,0.6536557025988151,30,"[0, 1, 2, 3, 4, 5, 6, 7, 8, 9, 10, 11, 12, 13, 14, 15, 16, 17, 18, 19, 20, 21, 22, 23, 24, 25, 26, 27, 28, 29]","[2.7200191020965576, 2.7453434467315674, 2.717705011367798, 2.758004903793335, 2.704676389694214, 2.615687608718872, 2.7534093856811523, 2.677311897277832, 2.6638433933258057, 2.398972511291504, 2.4804468154907227, 2.6865715980529785, 2.8229801654815674, 2.7300803661346436, 2.6527774333953857, 2.7500998973846436, 2.719677448272705, 2.4335272312164307, 2.715151786804199, 2.7463080883026123, 2.342183828353882, 2.3675637245178223, 2.4767744541168213, 2.7407000064849854, 2.666063070297241, 2.4627106189727783, 2.3622539043426514, 2.432816982269287, 2.575241804122925, 2.7736823558807373]",sae,Pre-64
1,beta,37,0.024,0.4546908257221888,0.444978337644671,0.4458836523370986,0.5,0.6058579085235571,0.715525826583455,30,"[0, 1, 2, 3, 4, 5, 6, 7, 8, 9, 10, 11, 12, 13, 14, 15, 16, 17, 18, 19, 20, 21, 22, 23, 24, 25, 26, 27, 28, 29]","[1.971087098121643, 2.2185187339782715, 1.9654836654663086, 2.1297101974487305, 2.2038819789886475, 2.2841994762420654, 2.2913155555725098, 1.901739239692688, 1.943811297416687, 2.0758678913116455, 2.1780169010162354, 1.9705661535263062, 2.230024814605713, 2.1367440223693848, 2.2969210147857666, 1.9690606594085693, 2.1596903800964355, 2.2278523445129395, 2.0304009914398193, 1.9939736127853394, 2.147535562515259, 2.3160240650177, 2.276463031768799, 2.2698986530303955, 2.228799343109131, 2.2755513191223145, 2.275153875350952, 2.286235809326172, 2.2844598293304443, 2.2829084396362305]",sae,Pre-64
1,beta,28,0.035,0.4589844236982603,0.4495627040154577,0.445985319250909,0.5,0.5987249917034086,0.6989300360309108,30,"[0, 1, 2, 3, 4, 5, 6, 7, 8, 9, 10, 11, 12, 13, 14, 15, 16, 17, 18, 19, 20, 21, 22, 23, 24, 25, 26, 27, 28, 29]","[1.7096848487854004, 1.6193995475769043, 1.5788166522979736, 1.7814793586730957, 1.7702125310897827, 1.7128970623016357, 1.7108063697814941, 1.6165810823440552, 1.7013258934020996, 1.7629005908966064, 1.658974051475525, 1.7197149991989136, 1.752439022064209, 1.7941653728485107, 1.7425700426101685, 1.6263418197631836, 1.6600146293640137, 1.7300162315368652, 1.7390995025634766, 1.705013394355774, 1.6309685707092285, 1.6888481378555298, 1.6980282068252563, 1.6207947731018066, 1.6328563690185547, 1.7526613473892212, 1.7816107273101807, 1.6490527391433716, 1.6465781927108765, 1.6390422582626343]",sae,Pre-64
1,beta,37,0.005,0.4546908257221888,0.444978337644671,0.4484577865531093,0.5,0.6058579085235571,0.7149886529616977,30,"[0, 1, 2, 3, 4, 5, 6, 7, 8, 9, 10, 11, 12, 13, 14, 15, 16, 17, 18, 19, 20, 21, 22, 23, 24, 25, 26, 27, 28, 29]","[2.3989508152008057, 2.6422317028045654, 2.409417152404785, 2.548677921295166, 2.614698886871338, 2.69909930229187, 2.7162246704101562, 2.3552842140197754, 2.3897275924682617, 2.5097243785858154, 2.5990025997161865, 2.4010074138641357, 2.645504951477051, 2.571711301803589, 2.7165422439575195, 2.4093844890594482, 2.5900962352752686, 2.6502885818481445, 2.4668824672698975, 2.4335508346557617, 2.5817956924438477, 2.7297651767730713, 2.6980485916137695, 2.6915273666381836, 2.642702579498291, 2.6987881660461426, 2.6911730766296387, 2.708118200302124, 2.7043957710266113, 2.70343017578125]",sae,Pre-64
1,beta,49,0.018,0.462130925118617,0.4524487678230295,0.468593142013944,0.5,0.6141152509743157,0.6878052073061933,30,"[0, 1, 2, 3, 4, 5, 6, 7, 8, 9, 10, 11, 12, 13, 14, 15, 16, 17, 18, 19, 20, 21, 22, 23, 24, 25, 26, 27, 28, 29]","[2.1309828758239746, 2.2036142349243164, 2.409406900405884, 2.0865745544433594, 2.1967949867248535, 2.0348269939422607, 2.4624996185302734, 2.4693222045898438, 2.3876233100891113, 2.464536666870117, 2.4718565940856934, 2.1785101890563965, 2.3467600345611572, 2.452150583267212, 2.513000726699829, 2.398312568664551, 2.493328094482422, 2.4760985374450684, 2.460876226425171, 2.2384591102600098, 2.5234413146972656, 2.1286871433258057, 2.4812867641448975, 2.3613221645355225, 2.333740472793579, 2.474036455154419, 2.2193267345428467, 2.3284735679626465, 2.3905844688415527, 2.073777437210083]",sae,Pre-64
1,beta,49,0.04,0.462130925118617,0.4524487678230295,0.4548708726193031,0.5,0.6141152509743157,0.6858873902427571,30,"[0, 1, 2, 3, 4, 5, 6, 7, 8, 9, 10, 11, 12, 13, 14, 15, 16, 17, 18, 19, 20, 21, 22, 23, 24, 25, 26, 27, 28, 29]","[1.6696335077285767, 1.7504968643188477, 1.740675926208496, 1.6980845928192139, 1.620592474937439, 1.662121057510376, 1.8072607517242432, 1.714277744293213, 1.8559694290161133, 1.758482575416565, 1.7332611083984375, 1.6697450876235962, 1.77268385887146, 1.7564709186553955, 1.8308378458023071, 1.8009322881698608, 1.8234477043151855, 1.8450101613998413, 1.681624412536621, 1.7716245651245117, 1.8260694742202759, 1.6808927059173584, 1.8330225944519043, 1.742299199104309, 1.6488536596298218, 1.7451775074005127, 1.7652069330215454, 1.6611000299453735, 1.674012303352356, 1.6604893207550049]",sae,Pre-64
1,beta,33,0.012,0.4492211383258522,0.4377959816952598,0.4599604191544319,0.5,0.6165210074526608,0.6820443199977373,30,"[0, 1, 2, 3, 4, 5, 6, 7, 8, 9, 10, 11, 12, 13, 14, 15, 16, 17, 18, 19, 20, 21, 22, 23, 24, 25, 26, 27, 28, 29]","[2.545135974884033, 2.5288846492767334, 2.3574512004852295, 2.3525454998016357, 2.292201519012451, 2.6209211349487305, 2.2052574157714844, 2.580767869949341, 2.450836420059204, 2.5499091148376465, 2.2808823585510254, 2.5376381874084473, 2.556771993637085, 2.159419059753418, 2.5792930126190186, 2.5377705097198486, 2.553663969039917, 2.423872232437134, 2.5233206748962402, 2.502983331680298, 2.532315254211426, 2.2256057262420654, 2.5742151737213135, 2.507420301437378, 2.568794012069702, 2.518671989440918, 2.479449987411499, 2.241069793701172, 2.3106510639190674, 2.228452682495117]",sae,Pre-64
1,beta,48,0.012,0.4556814132376,0.4510566266980289,0.5116300724448202,0.5,0.5923878577171784,0.6004241079012038,30,"[0, 1, 2, 3, 4, 5, 6, 7, 8, 9, 10, 11, 12, 13, 14, 15, 16, 17, 18, 19, 20, 21, 22, 23, 24, 25, 26, 27, 28, 29]","[2.691823720932007, 2.4953746795654297, 2.3867013454437256, 2.5125768184661865, 2.6338727474212646, 2.3153293132781982, 2.3515267372131348, 2.6121528148651123, 2.5778961181640625, 2.5468997955322266, 2.39218807220459, 2.601659059524536, 2.4526984691619873, 2.3023414611816406, 2.314035177230835, 2.301868200302124, 2.715782403945923, 2.675840377807617, 2.6361677646636963, 2.573673725128174, 2.290919303894043, 2.6931040287017822, 2.7054128646850586, 2.603322982788086, 2.5588395595550537, 2.6447417736053467, 2.6280646324157715, 2.753500461578369, 2.4752135276794434, 2.6199984550476074]",sae,Pre-64
1,beta,27,0.002,0.4609757262074365,0.4537266978541116,0.4841978764474037,0.5,0.5914172664146189,0.6594206386645229,30,"[0, 1, 2, 3, 4, 5, 6, 7, 8, 9, 10, 11, 12, 13, 14, 15, 16, 17, 18, 19, 20, 21, 22, 23, 24, 25, 26, 27, 28, 29]","[2.7338244915008545, 2.9095284938812256, 2.5529897212982178, 2.7469165325164795, 2.874044179916382, 2.7797751426696777, 2.825563669204712, 2.5465426445007324, 2.8401434421539307, 2.869109869003296, 2.572160005569458, 2.8654186725616455, 2.5580756664276123, 2.5333943367004395, 2.594088554382324, 2.521940231323242, 2.842280387878418, 2.8647568225860596, 2.835388660430908, 2.6876871585845947, 2.906543254852295, 2.5388057231903076, 2.825627088546753, 2.8134615421295166, 2.551393747329712, 2.905189275741577, 2.7083377838134766, 2.8509421348571777, 2.7371304035186768, 2.7808167934417725]",sae,Pre-64
1,beta,30,0.004,0.4638407167611665,0.4544841508273655,0.4527255468026184,0.5,0.6043368975359404,0.7052504731841112,30,"[0, 1, 2, 3, 4, 5, 6, 7, 8, 9, 10, 11, 12, 13, 14, 15, 16, 17, 18, 19, 20, 21, 22, 23, 24, 25, 26, 27, 28, 29]","[2.7829701900482178, 2.7800467014312744, 2.5121164321899414, 2.5570058822631836, 2.5374228954315186, 2.6724889278411865, 2.53764009475708, 2.486720323562622, 2.495887041091919, 2.7267022132873535, 2.3711745738983154, 2.62235426902771, 2.63252329826355, 2.6109492778778076, 2.777391195297241, 2.7833962440490723, 2.712313175201416, 2.6419479846954346, 2.780045986175537, 2.465531349182129, 2.828369379043579, 2.751901626586914, 2.8616464138031006, 2.7635862827301025, 2.557806968688965, 2.6995558738708496, 2.599879741668701, 2.7008399963378906, 2.7440478801727295, 2.4495813846588135]",sae,Pre-64
1,beta,30,0.022,0.4638407167611665,0.4544841508273655,0.4424596555550999,0.5,0.6043368975359404,0.6964951742384083,30,"[0, 1, 2, 3, 4, 5, 6, 7, 8, 9, 10, 11, 12, 13, 14, 15, 16, 17, 18, 19, 20, 21, 22, 23, 24, 25, 26, 27, 28, 29]","[1.7673265933990479, 1.7590378522872925, 1.7249014377593994, 1.6804559230804443, 1.683470368385315, 1.660569667816162, 1.6748793125152588, 1.6392035484313965, 1.6130318641662598, 1.6736881732940674, 1.6868027448654175, 1.6778693199157715, 1.6322593688964844, 1.6802253723144531, 1.7371485233306885, 1.7404268980026245, 1.6462401151657104, 1.684731125831604, 1.7575182914733887, 1.6555039882659912, 1.7048914432525635, 1.6549612283706665, 1.7580337524414062, 1.6676684617996216, 1.758907437324524, 1.6862621307373047, 1.6411441564559937, 1.6704009771347046, 1.7255477905273438, 1.6670868396759033]",sae,Pre-64
1,beta,37,0.034,0.4546908257221888,0.444978337644671,0.4367006356128341,0.5,0.6058579085235571,0.7180411873347738,30,"[0, 1, 2, 3, 4, 5, 6, 7, 8, 9, 10, 11, 12, 13, 14, 15, 16, 17, 18, 19, 20, 21, 22, 23, 24, 25, 26, 27, 28, 29]","[1.6422492265701294, 1.6981234550476074, 1.673086166381836, 1.661841869354248, 1.6136174201965332, 1.726528525352478, 1.7485387325286865, 1.697189450263977, 1.7477161884307861, 1.7162107229232788, 1.6859503984451294, 1.6675004959106445, 1.7012981176376343, 1.7419170141220093, 1.7690569162368774, 1.6976617574691772, 1.712282657623291, 1.719099760055542, 1.7129781246185303, 1.6840786933898926, 1.7450673580169678, 1.7531802654266357, 1.7760599851608276, 1.7528159618377686, 1.7114804983139038, 1.7480392456054688, 1.718622088432312, 1.76975679397583, 1.7446523904800415, 1.7648167610168457]",sae,Pre-64
1,beta,18,0.022,0.4575117633693479,0.4471831599677374,0.4397847090236577,0.5,0.6052065040104606,0.731719485940883,30,"[0, 1, 2, 3, 4, 5, 6, 7, 8, 9, 10, 11, 12, 13, 14, 15, 16, 17, 18, 19, 20, 21, 22, 23, 24, 25, 26, 27, 28, 29]","[2.2507381439208984, 2.1699106693267822, 2.302276849746704, 1.957855463027954, 2.0067081451416016, 2.020526170730591, 2.3651158809661865, 1.94303560256958, 2.0606698989868164, 2.0169105529785156, 2.3461596965789795, 2.303696870803833, 2.0639655590057373, 2.2631356716156006, 2.0804266929626465, 2.2274346351623535, 2.250469207763672, 1.8853263854980469, 2.1442792415618896, 2.1409239768981934, 2.347133159637451, 2.2186155319213867, 2.325113534927368, 2.2322075366973877, 2.309725522994995, 2.1602303981781006, 2.2948241233825684, 2.318246603012085, 2.112210512161255, 2.0118114948272705]",sae,Pre-64
1,beta,27,0.016,0.4609757262074365,0.4537266978541116,0.4821715690122051,0.5,0.5914172664146189,0.6590726862886134,30,"[0, 1, 2, 3, 4, 5, 6, 7, 8, 9, 10, 11, 12, 13, 14, 15, 16, 17, 18, 19, 20, 21, 22, 23, 24, 25, 26, 27, 28, 29]","[2.378462791442871, 2.5533597469329834, 2.188784122467041, 2.3869216442108154, 2.5176446437835693, 2.4130682945251465, 2.4653851985931396, 2.177304983139038, 2.4772820472717285, 2.508180618286133, 2.205845832824707, 2.501689910888672, 2.1936421394348145, 2.166171073913574, 2.2267441749572754, 2.164703130722046, 2.4848520755767822, 2.5056803226470947, 2.4765069484710693, 2.323158025741577, 2.549962043762207, 2.1608171463012695, 2.4691970348358154, 2.453885316848755, 2.1900720596313477, 2.540421962738037, 2.3463008403778076, 2.496279001235962, 2.3807568550109863, 2.423302412033081]",sae,Pre-64
1,beta,40,0.03,0.44666181227492,0.4340193094910912,0.4406575799625314,0.5,0.6093636266731638,0.6686594892567269,30,"[0, 1, 2, 3, 4, 5, 6, 7, 8, 9, 10, 11, 12, 13, 14, 15, 16, 17, 18, 19, 20, 21, 22, 23, 24, 25, 26, 27, 28, 29]","[1.8046951293945312, 1.7813516855239868, 1.6968735456466675, 1.6513066291809082, 1.7078343629837036, 1.7128030061721802, 1.7166138887405396, 1.762459635734558, 1.729158639907837, 1.7900313138961792, 1.6352366209030151, 1.650008201599121, 1.7458829879760742, 1.7181607484817505, 1.677692174911499, 1.7910608053207397, 1.7435380220413208, 1.664391279220581, 1.6847198009490967, 1.7380695343017578, 1.620421290397644, 1.656032919883728, 1.791933298110962, 1.6636954545974731, 1.7765623331069946, 1.6517043113708496, 1.760785698890686, 1.7315078973770142, 1.8035885095596313, 1.6444668769836426]",sae,Pre-64
1,beta,43,0.025,0.4515364523902173,0.4432102910589974,0.4541818363240244,0.5,0.6060785767234989,0.707279466271312,30,"[0, 1, 2, 3, 4, 5, 6, 7, 8, 9, 10, 11, 12, 13, 14, 15, 16, 17, 18, 19, 20, 21, 22, 23, 24, 25, 26, 27, 28, 29]","[2.272498607635498, 2.1563920974731445, 2.321408987045288, 2.2569453716278076, 1.9175862073898315, 1.9417133331298828, 1.9225751161575317, 2.1162667274475098, 1.8374719619750977, 2.1867549419403076, 1.8786381483078003, 2.3668718338012695, 2.1378133296966553, 2.284641981124878, 2.151148796081543, 2.1769468784332275, 2.316122055053711, 2.1974680423736572, 2.0073087215423584, 2.1234917640686035, 2.212601661682129, 1.9896314144134521, 2.2608044147491455, 2.0945732593536377, 2.000657558441162, 1.92622971534729, 2.2895286083221436, 2.1804943084716797, 2.316396474838257, 2.198232889175415]",sae,Pre-64
1,beta,43,0.006,0.4515364523902173,0.4432102910589974,0.4570271092414751,0.5,0.6060785767234989,0.707522609340252,30,"[0, 1, 2, 3, 4, 5, 6, 7, 8, 9, 10, 11, 12, 13, 14, 15, 16, 17, 18, 19, 20, 21, 22, 23, 24, 25, 26, 27, 28, 29]","[2.743734121322632, 2.637547016143799, 2.795846939086914, 2.720271110534668, 2.418419599533081, 2.429717779159546, 2.4176321029663086, 2.605949878692627, 2.3557488918304443, 2.6548144817352295, 2.3746790885925293, 2.839977264404297, 2.6283271312713623, 2.7510993480682373, 2.608184814453125, 2.655409097671509, 2.787477970123291, 2.6714463233947754, 2.5085642337799072, 2.5960042476654053, 2.6832830905914307, 2.488990306854248, 2.747081756591797, 2.5753278732299805, 2.483259677886963, 2.419736623764038, 2.774898052215576, 2.653899669647217, 2.7900264263153076, 2.68436598777771]",sae,Pre-64
1,beta,42,0.042,0.4546678683050885,0.4407690563496341,0.4591872558229647,0.5,0.6336081445133979,0.660643521191129,30,"[0, 1, 2, 3, 4, 5, 6, 7, 8, 9, 10, 11, 12, 13, 14, 15, 16, 17, 18, 19, 20, 21, 22, 23, 24, 25, 26, 27, 28, 29]","[1.7400286197662354, 1.6159720420837402, 1.7394180297851562, 1.749439001083374, 1.7007726430892944, 1.7227606773376465, 1.692282795906067, 1.6375722885131836, 1.5907832384109497, 1.748925805091858, 1.716591715812683, 1.7515606880187988, 1.6213899850845337, 1.3924627304077148, 1.759509563446045, 1.6310514211654663, 1.5655497312545776, 1.5585731267929077, 1.72122323513031, 1.7538541555404663, 1.6521239280700684, 1.6102113723754883, 1.6610257625579834, 1.5691158771514893, 1.6184691190719604, 1.5767388343811035, 1.7747660875320435, 1.5652564764022827, 1.669348120689392, 1.589389443397522]",sae,Pre-64
1,beta,23,0.034,0.4478205607315014,0.4344954522622479,0.4406176755851009,0.5,0.6150139710231751,0.6773276087689917,30,"[0, 1, 2, 3, 4, 5, 6, 7, 8, 9, 10, 11, 12, 13, 14, 15, 16, 17, 18, 19, 20, 21, 22, 23, 24, 25, 26, 27, 28, 29]","[1.7007896900177002, 1.8151682615280151, 1.802158236503601, 1.8514631986618042, 1.6303801536560059, 1.7033374309539795, 1.8620120286941528, 1.6721643209457397, 1.6515731811523438, 1.8494350910186768, 1.8438600301742554, 1.7828974723815918, 1.7875638008117676, 1.737153172492981, 1.8076565265655518, 1.8541921377182007, 1.608538031578064, 1.695936918258667, 1.6775094270706177, 1.712410569190979, 1.8424935340881348, 1.8311777114868164, 1.7007821798324585, 1.8591277599334717, 1.8369485139846802, 1.7516769170761108, 1.6372169256210327, 1.801181674003601, 1.7067433595657349, 1.8837332725524902]",sae,Pre-64
1,beta,10,0.0151,0.4493907433353129,0.4390813823454372,0.4665080018609384,0.5,0.6232207829487961,0.6736488571531091,30,"[0, 1, 2, 3, 4, 5, 6, 7, 8, 9, 10, 11, 12, 13, 14, 15, 16, 17, 18, 19, 20, 21, 22, 23, 24, 25, 26, 27, 28, 29]","[2.4633853435516357, 2.304810047149658, 2.5030248165130615, 2.158907651901245, 2.5075039863586426, 2.4097635746002197, 2.1517207622528076, 2.4939591884613037, 2.482945442199707, 2.5450150966644287, 2.41170072555542, 2.3382182121276855, 2.3048386573791504, 2.177700996398926, 2.1243598461151123, 2.31391978263855, 2.4378223419189453, 2.1764070987701416, 2.5190489292144775, 2.1450319290161133, 2.1533350944519043, 2.479731559753418, 2.497715711593628, 2.5375328063964844, 2.5167500972747803, 2.2906296253204346, 2.4358391761779785, 2.4561452865600586, 2.4570860862731934, 2.480333089828491]",sae,Pre-64
1,beta,3,0.004,0.4557259332451328,0.444824285747971,0.4943534935373765,0.5,0.6042731979176,0.6514466088736136,30,"[0, 1, 2, 3, 4, 5, 6, 7, 8, 9, 10, 11, 12, 13, 14, 15, 16, 17, 18, 19, 20, 21, 22, 23, 24, 25, 26, 27, 28, 29]","[2.7197165489196777, 2.571483850479126, 2.7649593353271484, 2.7049262523651123, 2.799144744873047, 2.742840528488159, 2.8143258094787598, 2.850086212158203, 2.728532314300537, 2.871497869491577, 2.774397373199463, 2.873152494430542, 2.797335624694824, 2.860342264175415, 2.8681604862213135, 2.552858591079712, 2.4502756595611572, 2.7728936672210693, 2.691889762878418, 2.5279579162597656, 2.7491493225097656, 2.4712767601013184, 2.5072505474090576, 2.8701419830322266, 2.8353331089019775, 2.824204206466675, 2.563371181488037, 2.792009115219116, 2.8457977771759033, 2.8835113048553467]",sae,Pre-64
1,beta,14,0.01,0.4467366851483266,0.4421697276018216,0.4594463863828908,0.5,0.5934222168898753,0.6886216050030745,30,"[0, 1, 2, 3, 4, 5, 6, 7, 8, 9, 10, 11, 12, 13, 14, 15, 16, 17, 18, 19, 20, 21, 22, 23, 24, 25, 26, 27, 28, 29]","[2.2380058765411377, 2.4034810066223145, 2.564908027648926, 2.5032479763031006, 2.3131909370422363, 2.60125994682312, 2.227586269378662, 2.5730061531066895, 2.632874011993408, 2.7033767700195312, 2.4845728874206543, 2.587613582611084, 2.6487693786621094, 2.6696064472198486, 2.509408712387085, 2.3480277061462402, 2.6819264888763428, 2.6702463626861572, 2.4678258895874023, 2.225520372390747, 2.2637484073638916, 2.429201126098633, 2.5644607543945312, 2.3548707962036133, 2.6973397731781006, 2.6617257595062256, 2.652904748916626, 2.612933874130249, 2.5040249824523926, 2.6760993003845215]",sae,Pre-64
1,beta,31,0.032,0.4497611378811508,0.4308970333737342,0.4352258773793114,0.5,0.642735734520437,0.7110973001098456,30,"[0, 1, 2, 3, 4, 5, 6, 7, 8, 9, 10, 11, 12, 13, 14, 15, 16, 17, 18, 19, 20, 21, 22, 23, 24, 25, 26, 27, 28, 29]","[1.7199078798294067, 1.6783684492111206, 1.5699174404144287, 1.608456015586853, 1.6441049575805664, 1.7537366151809692, 1.6022671461105347, 1.6675032377243042, 1.6090961694717407, 1.7025703191757202, 1.628854751586914, 1.6706112623214722, 1.7091671228408813, 1.5748450756072998, 1.7039246559143066, 1.6338406801223755, 1.6402307748794556, 1.6744874715805054, 1.6836791038513184, 1.6440027952194214, 1.7223414182662964, 1.6524564027786255, 1.712202548980713, 1.6490387916564941, 1.6617658138275146, 1.691074013710022, 1.5715473890304565, 1.7292876243591309, 1.5706108808517456, 1.6658412218093872]",sae,Pre-64
1,beta,21,0.036,0.4504746503440228,0.4381370334360364,0.4439691056380127,0.5,0.6200058082774133,0.6872366193353848,30,"[0, 1, 2, 3, 4, 5, 6, 7, 8, 9, 10, 11, 12, 13, 14, 15, 16, 17, 18, 19, 20, 21, 22, 23, 24, 25, 26, 27, 28, 29]","[1.6160154342651367, 1.6880779266357422, 1.8085246086120605, 1.8035123348236084, 1.8074402809143066, 1.7611868381500244, 1.6410367488861084, 1.6768563985824585, 1.8056073188781738, 1.6674106121063232, 1.7728431224822998, 1.8007373809814453, 1.6399813890457153, 1.699533224105835, 1.6935389041900635, 1.6416598558425903, 1.655969500541687, 1.6730282306671143, 1.6390693187713623, 1.8017657995224, 1.5934981107711792, 1.7973953485488892, 1.5926522016525269, 1.6180449724197388, 1.6585739850997925, 1.645906925201416, 1.6183440685272217, 1.6644234657287598, 1.7468165159225464, 1.7453367710113525]",sae,Pre-64
1,beta,3,0.022,0.4557259332451328,0.444824285747971,0.4767532904760932,0.5,0.6042731979176,0.6517342251847826,30,"[0, 1, 2, 3, 4, 5, 6, 7, 8, 9, 10, 11, 12, 13, 14, 15, 16, 17, 18, 19, 20, 21, 22, 23, 24, 25, 26, 27, 28, 29]","[1.8119739294052124, 1.7831740379333496, 1.8037915229797363, 1.860561728477478, 1.8046619892120361, 1.91232168674469, 1.7874037027359009, 1.9072985649108887, 1.6617674827575684, 1.8812834024429321, 1.7988039255142212, 1.9109268188476562, 1.8175430297851562, 1.8859596252441406, 1.8936290740966797, 1.8062715530395508, 1.756098985671997, 1.850992202758789, 1.8421913385391235, 1.7851625680923462, 1.707262635231018, 1.7525131702423096, 1.7614917755126953, 1.8989051580429077, 1.8782843351364136, 1.8194750547409058, 1.7926846742630005, 1.814195156097412, 1.891161322593689, 1.826294183731079]",sae,Pre-64
1,beta,12,0.038,0.4455148672091349,0.4361346773072694,0.4192472494691396,0.5,0.5892778403611032,0.7302866420176656,30,"[0, 1, 2, 3, 4, 5, 6, 7, 8, 9, 10, 11, 12, 13, 14, 15, 16, 17, 18, 19, 20, 21, 22, 23, 24, 25, 26, 27, 28, 29]","[1.6052542924880981, 1.7802016735076904, 1.6385314464569092, 1.594672679901123, 1.807234287261963, 1.7583552598953247, 1.7364213466644287, 1.730411171913147, 1.7877060174942017, 1.631268858909607, 1.6139585971832275, 1.8379952907562256, 1.6594533920288086, 1.7385085821151733, 1.5975875854492188, 1.8398817777633667, 1.5705581903457642, 1.8291789293289185, 1.719006896018982, 1.834212064743042, 1.7763299942016602, 1.7320356369018555, 1.6349467039108276, 1.8357080221176147, 1.8229342699050903, 1.7029592990875244, 1.824238896369934, 1.7359864711761475, 1.682662010192871, 1.8368477821350098]",sae,Pre-64
1,beta,12,0.016,0.4455148672091349,0.4361346773072694,0.4348916912071955,0.5,0.5892778403611032,0.7248909725760387,30,"[0, 1, 2, 3, 4, 5, 6, 7, 8, 9, 10, 11, 12, 13, 14, 15, 16, 17, 18, 19, 20, 21, 22, 23, 24, 25, 26, 27, 28, 29]","[2.2715213298797607, 2.474947690963745, 2.133784770965576, 2.438072681427002, 2.5221595764160156, 2.590712785720825, 2.5288236141204834, 2.4961295127868652, 2.3654539585113525, 2.072493314743042, 2.072941303253174, 2.5347988605499268, 2.4116170406341553, 2.4249701499938965, 2.3186962604522705, 2.5843923091888428, 2.2563247680664062, 2.369349241256714, 2.325359344482422, 2.575249671936035, 2.4117591381073, 2.292292594909668, 2.096796989440918, 2.572707414627075, 2.5757579803466797, 2.548086404800415, 2.440215587615967, 2.3665192127227783, 2.243394136428833, 2.4938337802886963]",sae,Pre-64
1,beta,40,0.014,0.44666181227492,0.4340193094910912,0.45650637882911,0.5,0.6093636266731638,0.666957011679788,30,"[0, 1, 2, 3, 4, 5, 6, 7, 8, 9, 10, 11, 12, 13, 14, 15, 16, 17, 18, 19, 20, 21, 22, 23, 24, 25, 26, 27, 28, 29]","[2.556244373321533, 2.5006604194641113, 2.4332873821258545, 2.2067673206329346, 2.544281005859375, 2.5149459838867188, 2.3991761207580566, 2.480930805206299, 2.5037589073181152, 2.420073986053467, 2.0802814960479736, 2.1311392784118652, 2.3499951362609863, 2.395127058029175, 2.3677756786346436, 2.5273361206054688, 2.493105411529541, 2.0990586280822754, 2.2282137870788574, 2.3233754634857178, 2.3505399227142334, 2.3850677013397217, 2.4459590911865234, 2.1199820041656494, 2.525075912475586, 2.062520980834961, 2.5021963119506836, 2.4709014892578125, 2.5630433559417725, 2.4226486682891846]",sae,Pre-64
1,beta,17,0.025,0.4599327030141671,0.4513468217402507,0.451851765996908,0.5,0.6120635717004715,0.6939448786627599,30,"[0, 1, 2, 3, 4, 5, 6, 7, 8, 9, 10, 11, 12, 13, 14, 15, 16, 17, 18, 19, 20, 21, 22, 23, 24, 25, 26, 27, 28, 29]","[1.8075077533721924, 1.6877466440200806, 1.7393548488616943, 1.692255973815918, 1.846497654914856, 1.6956099271774292, 1.7691998481750488, 1.5816516876220703, 1.7178881168365479, 1.7719813585281372, 1.784727931022644, 1.8130125999450684, 1.7196924686431885, 1.8245853185653687, 1.7068854570388794, 1.6735280752182007, 1.7655411958694458, 1.7460697889328003, 1.776593565940857, 1.7453693151474, 1.6987977027893066, 1.7579103708267212, 1.6196491718292236, 1.732692003250122, 1.806992530822754, 1.7506486177444458, 1.6939350366592407, 1.7475823163986206, 1.7355808019638062, 1.7564929723739624]",sae,Pre-64
1,beta,28,0.028,0.4589844236982603,0.4495627040154577,0.4460762568315808,0.5,0.5987249917034086,0.6989204060588821,30,"[0, 1, 2, 3, 4, 5, 6, 7, 8, 9, 10, 11, 12, 13, 14, 15, 16, 17, 18, 19, 20, 21, 22, 23, 24, 25, 26, 27, 28, 29]","[1.7197602987289429, 1.629374384880066, 1.5889058113098145, 1.7916855812072754, 1.7802585363388062, 1.7231861352920532, 1.720883846282959, 1.6266552209854126, 1.7116707563400269, 1.7730597257614136, 1.6693141460418701, 1.7299625873565674, 1.762635350227356, 1.8042851686477661, 1.752604603767395, 1.6365162134170532, 1.6701635122299194, 1.7403122186660767, 1.7492009401321411, 1.7152544260025024, 1.6411393880844116, 1.6989083290100098, 1.708117961883545, 1.6309349536895752, 1.6430176496505737, 1.7628241777420044, 1.7918190956115723, 1.6593639850616455, 1.6567949056625366, 1.6491203308105469]",sae,Pre-64
1,beta,23,0.0151,0.4478205607315014,0.4344954522622479,0.4516615584068185,0.5,0.6150139710231751,0.6828993768636225,30,"[0, 1, 2, 3, 4, 5, 6, 7, 8, 9, 10, 11, 12, 13, 14, 15, 16, 17, 18, 19, 20, 21, 22, 23, 24, 25, 26, 27, 28, 29]","[2.2375411987304688, 2.541701555252075, 2.4999701976776123, 2.511101484298706, 2.3865692615509033, 2.332047700881958, 2.4317290782928467, 2.063493490219116, 2.103212356567383, 2.5507938861846924, 2.54853892326355, 2.279280662536621, 2.200676679611206, 2.4551877975463867, 2.5052413940429688, 2.5258543491363525, 2.386488914489746, 2.1087403297424316, 2.3054473400115967, 2.1746599674224854, 2.528021812438965, 2.2569420337677, 2.4202771186828613, 2.552198886871338, 2.259932518005371, 2.42748761177063, 2.0351345539093018, 2.4398539066314697, 2.448452949523926, 2.548802614212036]",sae,Pre-64
1,beta,29,0.035,0.4558655961502112,0.4409050416793991,0.4590356189447934,0.5,0.6296548282533407,0.6745198121958785,30,"[0, 1, 2, 3, 4, 5, 6, 7, 8, 9, 10, 11, 12, 13, 14, 15, 16, 17, 18, 19, 20, 21, 22, 23, 24, 25, 26, 27, 28, 29]","[1.6300339698791504, 1.6580994129180908, 1.3514153957366943, 1.7513980865478516, 1.689485788345337, 1.6223326921463013, 1.7855846881866455, 1.5949615240097046, 1.7038304805755615, 1.744884729385376, 1.6532024145126343, 1.7232285737991333, 1.7406203746795654, 1.6447519063949585, 1.708031415939331, 1.6479021310806274, 1.7002365589141846, 1.6900622844696045, 1.6377668380737305, 1.6665003299713135, 1.7570748329162598, 1.7978160381317139, 1.6647942066192627, 1.6576566696166992, 1.7087808847427368, 1.555164098739624, 1.6285581588745117, 1.773743748664856, 1.8041290044784546, 1.6150091886520386]",sae,Pre-64
1,beta,43,0.035,0.4515364523902173,0.4432102910589974,0.4453449906659874,0.5,0.6060785767234989,0.702819866567828,30,"[0, 1, 2, 3, 4, 5, 6, 7, 8, 9, 10, 11, 12, 13, 14, 15, 16, 17, 18, 19, 20, 21, 22, 23, 24, 25, 26, 27, 28, 29]","[1.7304452657699585, 1.77997624874115, 1.8110252618789673, 1.6706739664077759, 1.7042152881622314, 1.6339231729507446, 1.6660947799682617, 1.6645314693450928, 1.7207155227661133, 1.6362944841384888, 1.6111528873443604, 1.845180869102478, 1.7651855945587158, 1.7109670639038086, 1.6887333393096924, 1.6333540678024292, 1.8009990453720093, 1.6683169603347778, 1.7539727687835693, 1.7602957487106323, 1.6793326139450073, 1.6767199039459229, 1.8238928318023682, 1.6943168640136719, 1.6531555652618408, 1.688887119293213, 1.836480736732483, 1.664097547531128, 1.7751541137695312, 1.8330529928207397]",sae,Pre-64
1,beta,43,0.0155,0.4515364523902173,0.4432102910589974,0.4556667139766773,0.5,0.6060785767234989,0.7074143810229799,30,"[0, 1, 2, 3, 4, 5, 6, 7, 8, 9, 10, 11, 12, 13, 14, 15, 16, 17, 18, 19, 20, 21, 22, 23, 24, 25, 26, 27, 28, 29]","[2.503518581390381, 2.3929343223571777, 2.5540788173675537, 2.4836018085479736, 2.1636197566986084, 2.181962251663208, 2.166168689727783, 2.3577628135681152, 2.0934901237487793, 2.416092872619629, 2.1233160495758057, 2.599170446395874, 2.3783886432647705, 2.513042449951172, 2.3754680156707764, 2.411926507949829, 2.5470645427703857, 2.430086135864258, 2.2546911239624023, 2.3558671474456787, 2.443302631378174, 2.235419511795044, 2.499664306640625, 2.3306164741516113, 2.237473249435425, 2.1694350242614746, 2.5282466411590576, 2.4128310680389404, 2.5488014221191406, 2.4365077018737793]",sae,Pre-64
1,beta,48,0.044,0.4556814132376,0.4510566266980289,0.4932756656479256,0.5,0.5923878577171784,0.593605256899539,30,"[0, 1, 2, 3, 4, 5, 6, 7, 8, 9, 10, 11, 12, 13, 14, 15, 16, 17, 18, 19, 20, 21, 22, 23, 24, 25, 26, 27, 28, 29]","[1.7296180725097656, 1.6619811058044434, 1.6285778284072876, 1.6079462766647339, 1.6139850616455078, 1.536879301071167, 1.6368604898452759, 1.607318639755249, 1.6104803085327148, 1.5870707035064697, 1.6818511486053467, 1.6123292446136475, 1.6627517938613892, 1.6088732481002808, 1.5774600505828857, 1.636752963066101, 1.716394066810608, 1.6757429838180542, 1.6904486417770386, 1.578239917755127, 1.6018714904785156, 1.7235729694366455, 1.7326149940490723, 1.5679577589035034, 1.6108322143554688, 1.6994514465332031, 1.6983140707015991, 1.734894871711731, 1.588314414024353, 1.6492531299591064]",sae,Pre-64
1,beta,44,0.032,0.4469012312759677,0.43811650775401,0.4661427147901277,0.5,0.5982762074796864,0.6233346885624554,30,"[0, 1, 2, 3, 4, 5, 6, 7, 8, 9, 10, 11, 12, 13, 14, 15, 16, 17, 18, 19, 20, 21, 22, 23, 24, 25, 26, 27, 28, 29]","[1.7123479843139648, 1.703898310661316, 1.6910876035690308, 1.6437102556228638, 1.700553059577942, 1.7910027503967285, 1.7991790771484375, 1.645194172859192, 1.7232269048690796, 1.8287359476089478, 1.715344786643982, 1.6978846788406372, 1.713733434677124, 1.6509426832199097, 1.808118462562561, 1.8005362749099731, 1.6287155151367188, 1.5675503015518188, 1.7262873649597168, 1.713418960571289, 1.643615961074829, 1.6375279426574707, 1.739776372909546, 1.7313923835754395, 1.7697786092758179, 1.6779663562774658, 1.670114278793335, 1.7095788717269897, 1.7324917316436768, 1.7131563425064087]",sae,Pre-64
1,beta,26,0.02,0.4502231978181314,0.4442488029476733,0.4831089732928037,0.5,0.5832450787939482,0.6480246492343642,30,"[0, 1, 2, 3, 4, 5, 6, 7, 8, 9, 10, 11, 12, 13, 14, 15, 16, 17, 18, 19, 20, 21, 22, 23, 24, 25, 26, 27, 28, 29]","[2.1091372966766357, 2.3249502182006836, 2.433401107788086, 2.214507579803467, 2.1016902923583984, 2.304800033569336, 2.438662052154541, 2.347438335418701, 2.3212900161743164, 2.089735984802246, 2.3931076526641846, 2.502549886703491, 2.4238100051879883, 2.442711353302002, 2.402620553970337, 2.4559717178344727, 2.1401169300079346, 2.2263131141662598, 2.19728422164917, 2.280884027481079, 1.973728895187378, 2.483713388442993, 2.4010140895843506, 2.4260964393615723, 2.4507267475128174, 2.449025869369507, 2.1216394901275635, 2.415605306625366, 2.4164156913757324, 2.0084989070892334]",sae,Pre-64
1,beta,44,0.015,0.4469012312759677,0.43811650775401,0.480153080898444,0.5,0.5982762074796864,0.6267861035984279,30,"[0, 1, 2, 3, 4, 5, 6, 7, 8, 9, 10, 11, 12, 13, 14, 15, 16, 17, 18, 19, 20, 21, 22, 23, 24, 25, 26, 27, 28, 29]","[2.2440052032470703, 2.5041277408599854, 2.2745840549468994, 2.174179792404175, 2.458637237548828, 2.577211380004883, 2.498206615447998, 2.4325060844421387, 2.396994113922119, 2.643582582473755, 2.2971086502075195, 2.58499813079834, 2.502751350402832, 2.191821813583374, 2.6029934883117676, 2.5605905055999756, 2.1404075622558594, 2.4753828048706055, 2.4883313179016113, 2.504101276397705, 2.1074540615081787, 2.3307414054870605, 2.4746313095092773, 2.5436723232269287, 2.4846415519714355, 2.5027973651885986, 2.3373522758483887, 2.4515163898468018, 2.3989357948303223, 2.5205843448638916]",sae,Pre-64
1,beta,20,0.026,0.4408022875601419,0.4262939306313442,0.4419955986319483,0.5,0.6176087118064704,0.6530105587418682,30,"[0, 1, 2, 3, 4, 5, 6, 7, 8, 9, 10, 11, 12, 13, 14, 15, 16, 17, 18, 19, 20, 21, 22, 23, 24, 25, 26, 27, 28, 29]","[1.7189396619796753, 1.7710587978363037, 1.7042187452316284, 1.8406507968902588, 1.7501084804534912, 1.7886008024215698, 1.7918007373809814, 1.6868504285812378, 1.7177836894989014, 1.6492836475372314, 1.6798497438430786, 1.6849827766418457, 1.841848611831665, 1.6921693086624146, 1.7392531633377075, 1.8042618036270142, 1.7104040384292603, 1.6231566667556763, 1.7459032535552979, 1.7577316761016846, 1.6973198652267456, 1.630632758140564, 1.7552438974380493, 1.8232498168945312, 1.8068673610687256, 1.6339179277420044, 1.7020165920257568, 1.7522644996643066, 1.6220887899398804, 1.8088265657424927]",sae,Pre-64
1,beta,21,0.008,0.4504746503440228,0.4381370334360364,0.4599478328968113,0.5,0.6200058082774133,0.686255700144589,30,"[0, 1, 2, 3, 4, 5, 6, 7, 8, 9, 10, 11, 12, 13, 14, 15, 16, 17, 18, 19, 20, 21, 22, 23, 24, 25, 26, 27, 28, 29]","[2.498303174972534, 2.560885190963745, 2.6546621322631836, 2.5817084312438965, 2.5780203342437744, 2.6048240661621094, 2.509063243865967, 2.574514150619507, 2.6432483196258545, 2.2461166381835938, 2.619387626647949, 2.6477479934692383, 2.422490358352661, 2.6265623569488525, 2.5493600368499756, 2.2627694606781006, 2.269444227218628, 2.319795608520508, 2.4727344512939453, 2.600419044494629, 2.279670000076294, 2.621671438217163, 2.4393835067749023, 2.4541709423065186, 2.504178524017334, 2.325972080230713, 2.4239659309387207, 2.4269258975982666, 2.4477474689483643, 2.5175957679748535]",sae,Pre-64
1,beta,49,0.012,0.462130925118617,0.4524487678230295,0.4696481048346747,0.5,0.6141152509743157,0.6878976499037424,30,"[0, 1, 2, 3, 4, 5, 6, 7, 8, 9, 10, 11, 12, 13, 14, 15, 16, 17, 18, 19, 20, 21, 22, 23, 24, 25, 26, 27, 28, 29]","[2.288119316101074, 2.360443592071533, 2.5603878498077393, 2.249797821044922, 2.349860429763794, 2.196810483932495, 2.6144351959228516, 2.61751127243042, 2.5441877841949463, 2.616389036178589, 2.62054705619812, 2.3319478034973145, 2.5020670890808105, 2.6031875610351562, 2.6645243167877197, 2.554900646209717, 2.6452455520629883, 2.6295583248138428, 2.6088201999664307, 2.396307945251465, 2.6746528148651123, 2.2899246215820312, 2.6369807720184326, 2.5184972286224365, 2.483905076980591, 2.6227309703826904, 2.3749969005584717, 2.480022430419922, 2.54036808013916, 2.2350564002990723]",sae,Pre-64
1,beta,31,0.015,0.4497611378811508,0.4308970333737342,0.4498232878641866,0.5,0.642735734520437,0.708963982193444,30,"[0, 1, 2, 3, 4, 5, 6, 7, 8, 9, 10, 11, 12, 13, 14, 15, 16, 17, 18, 19, 20, 21, 22, 23, 24, 25, 26, 27, 28, 29]","[2.3664767742156982, 2.521918535232544, 2.4012486934661865, 2.216552734375, 2.2648885250091553, 2.4454152584075928, 2.3235855102539062, 2.2747137546539307, 2.39872670173645, 2.4263720512390137, 2.4135191440582275, 2.2209861278533936, 2.4872965812683105, 2.4286410808563232, 2.493718147277832, 2.431224822998047, 2.1124696731567383, 2.456944227218628, 2.3551177978515625, 2.420691728591919, 2.463399887084961, 2.3482930660247803, 2.377530574798584, 2.169220447540283, 2.2415080070495605, 2.4520537853240967, 2.276740789413452, 2.503436803817749, 2.3173067569732666, 2.333998918533325]",sae,Pre-64
1,beta,20,0.044,0.4408022875601419,0.4262939306313442,0.4417308019310247,0.5,0.6176087118064704,0.6529404711239013,30,"[0, 1, 2, 3, 4, 5, 6, 7, 8, 9, 10, 11, 12, 13, 14, 15, 16, 17, 18, 19, 20, 21, 22, 23, 24, 25, 26, 27, 28, 29]","[1.7004263401031494, 1.7524176836013794, 1.6855477094650269, 1.8222893476486206, 1.7313201427459717, 1.7701188325881958, 1.7733705043792725, 1.668342113494873, 1.6989158391952515, 1.6305440664291382, 1.661177635192871, 1.6663718223571777, 1.8233778476715088, 1.673751711845398, 1.7208850383758545, 1.7855838537216187, 1.6920164823532104, 1.604123830795288, 1.7272390127182007, 1.7391875982284546, 1.6785658597946167, 1.6121761798858643, 1.7366050481796265, 1.8046576976776123, 1.7884629964828491, 1.6150089502334595, 1.6834831237792969, 1.7338597774505615, 1.6030282974243164, 1.7902140617370605]",sae,Pre-64
1,beta,30,0.025,0.4638407167611665,0.4544841508273655,0.4424392630494404,0.5,0.6043368975359404,0.6964872148757305,30,"[0, 1, 2, 3, 4, 5, 6, 7, 8, 9, 10, 11, 12, 13, 14, 15, 16, 17, 18, 19, 20, 21, 22, 23, 24, 25, 26, 27, 28, 29]","[1.7642772197723389, 1.7560232877731323, 1.7218286991119385, 1.677378535270691, 1.6803908348083496, 1.6574771404266357, 1.6718028783798218, 1.636141061782837, 1.6099610328674316, 1.6706342697143555, 1.6836910247802734, 1.6748194694519043, 1.6292108297348022, 1.6771700382232666, 1.734087347984314, 1.7373610734939575, 1.6431511640548706, 1.681681752204895, 1.754456877708435, 1.6524598598480225, 1.7019152641296387, 1.6519471406936646, 1.7550315856933594, 1.6646068096160889, 1.7558263540267944, 1.683215856552124, 1.638028621673584, 1.6673346757888794, 1.7224774360656738, 1.6640039682388306]",sae,Pre-64
1,beta,30,0.006,0.4638407167611665,0.4544841508273655,0.4525131172049305,0.5,0.6043368975359404,0.705003732941096,30,"[0, 1, 2, 3, 4, 5, 6, 7, 8, 9, 10, 11, 12, 13, 14, 15, 16, 17, 18, 19, 20, 21, 22, 23, 24, 25, 26, 27, 28, 29]","[2.7295610904693604, 2.7262775897979736, 2.455369234085083, 2.5050783157348633, 2.481750965118408, 2.617464065551758, 2.4820187091827393, 2.431504249572754, 2.4404773712158203, 2.6741151809692383, 2.316216230392456, 2.5677661895751953, 2.5794875621795654, 2.556631088256836, 2.7244722843170166, 2.7300639152526855, 2.659193754196167, 2.590080499649048, 2.7263522148132324, 2.40987229347229, 2.7753734588623047, 2.6991488933563232, 2.809189558029175, 2.71138596534729, 2.5004913806915283, 2.647474527359009, 2.54648494720459, 2.6475512981414795, 2.69026517868042, 2.3945188522338867]",sae,Pre-64
1,beta,11,0.005,0.4566976193509867,0.4496008864727478,0.4517324688733899,0.5,0.5995106990682213,0.7155835908601396,30,"[0, 1, 2, 3, 4, 5, 6, 7, 8, 9, 10, 11, 12, 13, 14, 15, 16, 17, 18, 19, 20, 21, 22, 23, 24, 25, 26, 27, 28, 29]","[2.494795083999634, 2.7035045623779297, 2.7047643661499023, 2.7247464656829834, 2.6740152835845947, 2.6647679805755615, 2.708266496658325, 2.4279603958129883, 2.7538108825683594, 2.714431047439575, 2.7205920219421387, 2.7463459968566895, 2.78998064994812, 2.7202131748199463, 2.5423922538757324, 2.725252628326416, 2.5536859035491943, 2.385406732559204, 2.3738934993743896, 2.57558012008667, 2.4048962593078613, 2.7547390460968018, 2.722250461578369, 2.570787191390991, 2.3942508697509766, 2.648017406463623, 2.7502593994140625, 2.4264578819274902, 2.6998913288116455, 2.3720109462738037]",sae,Pre-64
1,beta,31,0.004,0.4497611378811508,0.4308970333737342,0.4516504235121119,0.5,0.642735734520437,0.7086185465687692,30,"[0, 1, 2, 3, 4, 5, 6, 7, 8, 9, 10, 11, 12, 13, 14, 15, 16, 17, 18, 19, 20, 21, 22, 23, 24, 25, 26, 27, 28, 29]","[2.631105422973633, 2.7746524810791016, 2.653890609741211, 2.478100538253784, 2.5282223224639893, 2.7095348834991455, 2.582099199295044, 2.538577079772949, 2.6534790992736816, 2.689936637878418, 2.6687991619110107, 2.492565155029297, 2.7447316646575928, 2.6854634284973145, 2.7513484954833984, 2.6849820613861084, 2.383741855621338, 2.716951847076416, 2.6167287826538086, 2.680480718612671, 2.7181637287139893, 2.6036970615386963, 2.6233532428741455, 2.442828893661499, 2.509108066558838, 2.710660696029663, 2.5368356704711914, 2.7605388164520264, 2.5730321407318115, 2.5981552600860596]",sae,Pre-64
1,beta,34,0.029,0.4568527557813058,0.4470225010708758,0.4536167961781034,0.5,0.6011606799053854,0.6789832687224415,30,"[0, 1, 2, 3, 4, 5, 6, 7, 8, 9, 10, 11, 12, 13, 14, 15, 16, 17, 18, 19, 20, 21, 22, 23, 24, 25, 26, 27, 28, 29]","[1.6271079778671265, 1.7317631244659424, 1.7335416078567505, 1.670060634613037, 1.6148571968078613, 1.646877408027649, 1.6781005859375, 1.6271885633468628, 1.5951151847839355, 1.6304023265838623, 1.7076165676116943, 1.4973489046096802, 1.728716492652893, 1.6196882724761963, 1.592292308807373, 1.6338489055633545, 1.7421154975891113, 1.732689380645752, 1.6489204168319702, 1.6151739358901978, 1.6698732376098633, 1.7411143779754639, 1.6934162378311157, 1.7466565370559692, 1.6076304912567139, 1.5767210721969604, 1.7588506937026978, 1.7600204944610596, 1.7288227081298828, 1.7427277565002441]",sae,Pre-64
1,beta,18,0.004,0.4575117633693479,0.4471831599677374,0.4412853446723471,0.5,0.6052065040104606,0.7331414944210579,30,"[0, 1, 2, 3, 4, 5, 6, 7, 8, 9, 10, 11, 12, 13, 14, 15, 16, 17, 18, 19, 20, 21, 22, 23, 24, 25, 26, 27, 28, 29]","[2.700880527496338, 2.63371205329895, 2.7616302967071533, 2.415846347808838, 2.4775733947753906, 2.489318370819092, 2.822934150695801, 2.4134180545806885, 2.525362968444824, 2.4799020290374756, 2.808490514755249, 2.7575793266296387, 2.536032199859619, 2.723151445388794, 2.5438084602355957, 2.673470973968506, 2.711864948272705, 2.3654251098632812, 2.5974788665771484, 2.5949597358703613, 2.810483455657959, 2.6734323501586914, 2.785919427871704, 2.7033419609069824, 2.765310287475586, 2.6122379302978516, 2.7482666969299316, 2.7703359127044678, 2.5872802734375, 2.4796857833862305]",sae,Pre-64
1,beta,19,0.022,0.4469965829377276,0.435497383761294,0.4200520690646783,0.5,0.6104665954706788,0.7150767974369445,30,"[0, 1, 2, 3, 4, 5, 6, 7, 8, 9, 10, 11, 12, 13, 14, 15, 16, 17, 18, 19, 20, 21, 22, 23, 24, 25, 26, 27, 28, 29]","[1.7174307107925415, 1.7557605504989624, 1.8171687126159668, 1.7220547199249268, 1.716265320777893, 1.7472652196884155, 1.7389304637908936, 1.8079279661178589, 1.6849216222763062, 1.8468395471572876, 1.88993239402771, 1.87642240524292, 1.7564575672149658, 1.6999837160110474, 1.684747338294983, 1.710489273071289, 1.8441507816314697, 1.8600950241088867, 1.6672371625900269, 1.6669234037399292, 1.8746119737625122, 1.7254935503005981, 1.7472139596939087, 1.6690261363983154, 1.6551815271377563, 1.858230471611023, 1.8658405542373657, 1.756347894668579, 1.7527308464050293, 1.6963202953338623]",sae,Pre-64
1,beta,31,0.022,0.4497611378811508,0.4308970333737342,0.4485541361475094,0.5,0.642735734520437,0.7093036364687518,30,"[0, 1, 2, 3, 4, 5, 6, 7, 8, 9, 10, 11, 12, 13, 14, 15, 16, 17, 18, 19, 20, 21, 22, 23, 24, 25, 26, 27, 28, 29]","[2.203235387802124, 2.3664608001708984, 2.2457380294799805, 2.0548629760742188, 2.102565288543701, 2.2815470695495605, 2.163724184036255, 2.1119155883789062, 2.2418179512023926, 2.2634873390197754, 2.2564430236816406, 2.051907539367676, 2.3285341262817383, 2.270336389541626, 2.334724187850952, 2.274989128112793, 1.9440866708755493, 2.2960662841796875, 2.19366455078125, 2.2600414752960205, 2.3065993785858154, 2.1907002925872803, 2.2248613834381104, 1.998760461807251, 2.076547861099243, 2.2924745082855225, 2.1158196926116943, 2.3449559211730957, 2.1596808433532715, 2.171182632446289]",sae,Pre-64
1,beta,26,0.045,0.4502231978181314,0.4442488029476733,0.4656205138688025,0.5,0.5832450787939482,0.6463910170911009,30,"[0, 1, 2, 3, 4, 5, 6, 7, 8, 9, 10, 11, 12, 13, 14, 15, 16, 17, 18, 19, 20, 21, 22, 23, 24, 25, 26, 27, 28, 29]","[1.576844334602356, 1.5804622173309326, 1.756102204322815, 1.5290822982788086, 1.606834053993225, 1.6511259078979492, 1.6531068086624146, 1.5512034893035889, 1.6671044826507568, 1.6084436178207397, 1.525376319885254, 1.7639954090118408, 1.6946744918823242, 1.6459729671478271, 1.7270073890686035, 1.6091129779815674, 1.6553521156311035, 1.512077808380127, 1.6703523397445679, 1.60697603225708, 1.5712767839431763, 1.7346265316009521, 1.6219005584716797, 1.6565625667572021, 1.7441924810409546, 1.7216242551803589, 1.5938831567764282, 1.6544289588928223, 1.481627345085144, 1.5585441589355469]",sae,Pre-64
1,beta,7,0.029,0.4564836922581216,0.4420418003909208,0.444719672872178,0.5,0.6095136152062148,0.7012188738943956,30,"[0, 1, 2, 3, 4, 5, 6, 7, 8, 9, 10, 11, 12, 13, 14, 15, 16, 17, 18, 19, 20, 21, 22, 23, 24, 25, 26, 27, 28, 29]","[1.638893485069275, 1.7120662927627563, 1.7478951215744019, 1.7311104536056519, 1.7314684391021729, 1.6868929862976074, 1.7480219602584839, 1.6676470041275024, 1.8061319589614868, 1.6916598081588745, 1.6223464012145996, 1.6679003238677979, 1.6079509258270264, 1.649857997894287, 1.8289345502853394, 1.7312231063842773, 1.6620537042617798, 1.6920503377914429, 1.7551003694534302, 1.7391228675842285, 1.7280133962631226, 1.8111488819122314, 1.7804607152938843, 1.6582012176513672, 1.8006155490875244, 1.8313876390457153, 1.649930477142334, 1.6624698638916016, 1.7930915355682373, 1.6517428159713745]",sae,Pre-64
1,beta,7,0.012,0.4564836922581216,0.4420418003909208,0.4605840362232647,0.5,0.6095136152062148,0.6978587509896808,30,"[0, 1, 2, 3, 4, 5, 6, 7, 8, 9, 10, 11, 12, 13, 14, 15, 16, 17, 18, 19, 20, 21, 22, 23, 24, 25, 26, 27, 28, 29]","[2.2947795391082764, 2.3348445892333984, 2.564448833465576, 2.6205976009368896, 2.5727646350860596, 2.547400951385498, 2.601533889770508, 2.233245611190796, 2.6454498767852783, 2.240459680557251, 2.4502904415130615, 2.2724995613098145, 2.534684896469116, 2.4224367141723633, 2.5970871448516846, 2.419464111328125, 2.357611894607544, 2.562750816345215, 2.33538556098938, 2.6074912548065186, 2.4007515907287598, 2.6321496963500977, 2.649285078048706, 2.494373321533203, 2.3789303302764893, 2.6559064388275146, 2.510982036590576, 2.5879507064819336, 2.6142778396606445, 2.1844515800476074]",sae,Pre-64
1,beta,19,0.015,0.4469965829377276,0.435497383761294,0.4306912921765693,0.5,0.6104665954706788,0.7174513930332632,30,"[0, 1, 2, 3, 4, 5, 6, 7, 8, 9, 10, 11, 12, 13, 14, 15, 16, 17, 18, 19, 20, 21, 22, 23, 24, 25, 26, 27, 28, 29]","[2.1529409885406494, 2.4738943576812744, 2.335498571395874, 2.186561107635498, 2.4786362648010254, 2.5193135738372803, 2.4092025756835938, 2.2215845584869385, 2.432492971420288, 2.5234293937683105, 2.498016834259033, 2.50781512260437, 2.4876554012298584, 2.101043939590454, 2.436216354370117, 2.340996265411377, 2.2936649322509766, 2.5273630619049072, 2.076268196105957, 2.0620718002319336, 2.521531105041504, 2.4064974784851074, 2.4084360599517822, 2.0548882484436035, 2.002058982849121, 2.4461100101470947, 2.577796459197998, 2.514249324798584, 2.503370761871338, 2.368403911590576]",sae,Pre-64
1,beta,30,0.0155,0.4638407167611665,0.4544841508273655,0.4514161806740673,0.5,0.6043368975359404,0.704355840819114,30,"[0, 1, 2, 3, 4, 5, 6, 7, 8, 9, 10, 11, 12, 13, 14, 15, 16, 17, 18, 19, 20, 21, 22, 23, 24, 25, 26, 27, 28, 29]","[2.481473207473755, 2.4761602878570557, 2.190908908843994, 2.258256196975708, 2.2219483852386475, 2.3607118129730225, 2.2225630283355713, 2.174510955810547, 2.182206392288208, 2.4301421642303467, 2.0606913566589355, 2.313485860824585, 2.3332364559173584, 2.303765296936035, 2.478835105895996, 2.4823200702667236, 2.412357807159424, 2.348590135574341, 2.476785898208618, 2.1505978107452393, 2.5292158126831055, 2.4543354511260986, 2.5659637451171875, 2.469442129135132, 2.232701063156128, 2.4057717323303223, 2.2982842922210693, 2.399906873703003, 2.440199375152588, 2.138718605041504]",sae,Pre-64
1,beta,20,0.018,0.4408022875601419,0.4262939306313442,0.4548250894705672,0.5,0.6176087118064704,0.6529058495294842,30,"[0, 1, 2, 3, 4, 5, 6, 7, 8, 9, 10, 11, 12, 13, 14, 15, 16, 17, 18, 19, 20, 21, 22, 23, 24, 25, 26, 27, 28, 29]","[2.458984613418579, 2.483497142791748, 2.459932565689087, 2.487558364868164, 2.441032648086548, 2.3417975902557373, 2.4866909980773926, 2.421109914779663, 2.4018895626068115, 2.1199913024902344, 2.218322277069092, 2.429792642593384, 2.5622856616973877, 2.472609519958496, 2.3854148387908936, 2.485640525817871, 2.4629406929016113, 2.1662497520446777, 2.454238176345825, 2.486511468887329, 2.0614359378814697, 2.094135284423828, 2.202779769897461, 2.474695920944214, 2.3972716331481934, 2.1966114044189453, 2.0853538513183594, 2.1550896167755127, 2.3131628036499023, 2.510532855987549]",sae,Pre-64
1,beta,20,0.04,0.4408022875601419,0.4262939306313442,0.4417898823448634,0.5,0.6176087118064704,0.6529497598443548,30,"[0, 1, 2, 3, 4, 5, 6, 7, 8, 9, 10, 11, 12, 13, 14, 15, 16, 17, 18, 19, 20, 21, 22, 23, 24, 25, 26, 27, 28, 29]","[1.704538106918335, 1.7565573453903198, 1.6896947622299194, 1.8263667821884155, 1.7354917526245117, 1.7742234468460083, 1.777463674545288, 1.6724519729614258, 1.7031058073043823, 1.6347050666809082, 1.6653238534927368, 1.6705046892166138, 1.8274799585342407, 1.677842378616333, 1.7249642610549927, 1.7897319793701172, 1.6960999965667725, 1.6083505153656006, 1.731384038925171, 1.7433056831359863, 1.6827306747436523, 1.6162745952606201, 1.740744709968567, 1.8087871074676514, 1.792549967765808, 1.619208574295044, 1.6875993013381958, 1.7379462718963623, 1.6072614192962646, 1.7943463325500488]",sae,Pre-64
1,beta,38,0.024,0.4455661720406026,0.4298851252298221,0.4662282984441243,0.5,0.6303640517897944,0.6507814166031988,30,"[0, 1, 2, 3, 4, 5, 6, 7, 8, 9, 10, 11, 12, 13, 14, 15, 16, 17, 18, 19, 20, 21, 22, 23, 24, 25, 26, 27, 28, 29]","[2.3004112243652344, 2.3514602184295654, 1.9427274465560913, 2.4095232486724854, 2.0934526920318604, 2.3068296909332275, 2.4192686080932617, 1.9742082357406616, 2.2894270420074463, 2.199922800064087, 1.94765043258667, 2.277419328689575, 2.3548707962036133, 1.8773095607757568, 2.4036290645599365, 2.0905239582061768, 2.2909631729125977, 2.332658529281616, 2.06088924407959, 2.346863269805908, 2.1121184825897217, 2.2631893157958984, 2.301862955093384, 1.9183074235916138, 2.056652307510376, 2.3655734062194824, 2.2745442390441895, 2.359778642654419, 2.1303908824920654, 2.323460340499878]",sae,Pre-64
1,beta,2,0.006,0.4419681213812466,0.4306250660512843,0.4439935056387567,0.5,0.6028191218064636,0.6902153753419575,30,"[0, 1, 2, 3, 4, 5, 6, 7, 8, 9, 10, 11, 12, 13, 14, 15, 16, 17, 18, 19, 20, 21, 22, 23, 24, 25, 26, 27, 28, 29]","[2.3343935012817383, 2.29522967338562, 2.4109482765197754, 2.5128588676452637, 2.3501410484313965, 2.714500904083252, 2.253415107727051, 2.4926278591156006, 2.4209518432617188, 2.453793525695801, 2.598557233810425, 2.468194007873535, 2.571115493774414, 2.643730401992798, 2.405489444732666, 2.6922848224639893, 2.5593924522399902, 2.7068428993225098, 2.6821861267089844, 2.6300086975097656, 2.5768747329711914, 2.4124181270599365, 2.639005184173584, 2.7028679847717285, 2.1990771293640137, 2.4976069927215576, 2.6005282402038574, 2.6085546016693115, 2.4530627727508545, 2.667335033416748]",sae,Pre-64
1,beta,11,0.024,0.4566976193509867,0.4496008864727478,0.443274872242842,0.5,0.5995106990682213,0.7120469869363675,30,"[0, 1, 2, 3, 4, 5, 6, 7, 8, 9, 10, 11, 12, 13, 14, 15, 16, 17, 18, 19, 20, 21, 22, 23, 24, 25, 26, 27, 28, 29]","[1.8589839935302734, 1.7420388460159302, 1.8044233322143555, 1.8075110912322998, 1.9195970296859741, 1.764220952987671, 1.8048142194747925, 1.608546257019043, 1.889681339263916, 1.8846848011016846, 1.8844226598739624, 1.8916939496994019, 1.9390125274658203, 1.826378583908081, 1.8106781244277954, 1.801355242729187, 1.8607068061828613, 1.7248553037643433, 1.7222870588302612, 1.8639965057373047, 1.7515053749084473, 1.8524093627929688, 1.9258887767791748, 1.8347043991088867, 1.7627344131469727, 1.8709211349487305, 1.8872495889663696, 1.7450613975524902, 1.806894063949585, 1.7189526557922363]",sae,Pre-64
1,beta,42,0.028,0.4546678683050885,0.4407690563496341,0.4612775453494073,0.5,0.6336081445133979,0.6596114759224515,30,"[0, 1, 2, 3, 4, 5, 6, 7, 8, 9, 10, 11, 12, 13, 14, 15, 16, 17, 18, 19, 20, 21, 22, 23, 24, 25, 26, 27, 28, 29]","[1.8076483011245728, 1.6927845478057861, 1.8020188808441162, 1.822449803352356, 1.7764735221862793, 1.7931817770004272, 1.7700806856155396, 1.7072442770004272, 1.6547943353652954, 1.8167353868484497, 1.7824336290359497, 1.8148823976516724, 1.6862735748291016, 1.468461275100708, 1.822450041770935, 1.6878410577774048, 1.6221922636032104, 1.6148018836975098, 1.7927448749542236, 1.8287854194641113, 1.7184163331985474, 1.6682648658752441, 1.7351480722427368, 1.6338956356048584, 1.6728712320327759, 1.6358251571655273, 1.8461639881134033, 1.621124267578125, 1.7406775951385498, 1.6581010818481445]",sae,Pre-64
1,beta,11,0.0151,0.4566976193509867,0.4496008864727478,0.4507048365255792,0.5,0.5995106990682213,0.7148797818045605,30,"[0, 1, 2, 3, 4, 5, 6, 7, 8, 9, 10, 11, 12, 13, 14, 15, 16, 17, 18, 19, 20, 21, 22, 23, 24, 25, 26, 27, 28, 29]","[2.2209949493408203, 2.4466419219970703, 2.4447810649871826, 2.4621052742004395, 2.399282693862915, 2.407125949859619, 2.4493138790130615, 2.164259195327759, 2.4883780479431152, 2.4455394744873047, 2.453735589981079, 2.4808895587921143, 2.526218891143799, 2.46211576461792, 2.272167444229126, 2.468022346496582, 2.2786238193511963, 2.112997531890869, 2.092336654663086, 2.3034496307373047, 2.129138708114624, 2.4921696186065674, 2.4499266147613525, 2.297034740447998, 2.116915702819824, 2.3868112564086914, 2.4877679347991943, 2.155973196029663, 2.4363958835601807, 2.097191572189331]",sae,Pre-64
1,beta,38,0.005,0.4455661720406026,0.4298851252298221,0.4698022951867807,0.5,0.6303640517897944,0.6512109672505713,30,"[0, 1, 2, 3, 4, 5, 6, 7, 8, 9, 10, 11, 12, 13, 14, 15, 16, 17, 18, 19, 20, 21, 22, 23, 24, 25, 26, 27, 28, 29]","[2.7855842113494873, 2.835308790206909, 2.4693634510040283, 2.894831418991089, 2.6018123626708984, 2.793592929840088, 2.902888536453247, 2.4921715259552, 2.778683662414551, 2.6960866451263428, 2.477945566177368, 2.7865617275238037, 2.844895601272583, 2.39626407623291, 2.8908557891845703, 2.5967161655426025, 2.7768735885620117, 2.81931471824646, 2.5613369941711426, 2.8358538150787354, 2.624338150024414, 2.7514357566833496, 2.7845633029937744, 2.434906244277954, 2.5713770389556885, 2.8656883239746094, 2.755878448486328, 2.8488552570343018, 2.635352373123169, 2.8171067237854004]",sae,Pre-64
1,beta,23,0.005,0.4478205607315014,0.4344954522622479,0.4530685652743773,0.5,0.6150139710231751,0.6832866624004743,30,"[0, 1, 2, 3, 4, 5, 6, 7, 8, 9, 10, 11, 12, 13, 14, 15, 16, 17, 18, 19, 20, 21, 22, 23, 24, 25, 26, 27, 28, 29]","[2.4993815422058105, 2.796011209487915, 2.7544329166412354, 2.768792152404785, 2.6369760036468506, 2.5862746238708496, 2.695950984954834, 2.3329203128814697, 2.367469310760498, 2.806155204772949, 2.802166700363159, 2.5415537357330322, 2.462836980819702, 2.7100958824157715, 2.7582523822784424, 2.785339832305908, 2.6366724967956543, 2.3835887908935547, 2.560448169708252, 2.4344446659088135, 2.782850742340088, 2.5255985260009766, 2.6721103191375732, 2.8091013431549072, 2.5321269035339355, 2.6815226078033447, 2.30710506439209, 2.6979901790618896, 2.699307680130005, 2.806206703186035]",sae,Pre-64
1,beta,48,0.029,0.4556814132376,0.4510566266980289,0.4971415800255742,0.5,0.5923878577171784,0.5965255993567602,30,"[0, 1, 2, 3, 4, 5, 6, 7, 8, 9, 10, 11, 12, 13, 14, 15, 16, 17, 18, 19, 20, 21, 22, 23, 24, 25, 26, 27, 28, 29]","[1.9105249643325806, 1.847855567932129, 1.7707045078277588, 1.7487092018127441, 1.8125531673431396, 1.722791314125061, 1.7883529663085938, 1.798668384552002, 1.795689582824707, 1.7403336763381958, 1.8531099557876587, 1.7854254245758057, 1.8511431217193604, 1.7619529962539673, 1.7524064779281616, 1.7773224115371704, 1.940091848373413, 1.8647600412368774, 1.8871296644210815, 1.800114631652832, 1.752772569656372, 1.9128938913345337, 1.9316483736038208, 1.7880066633224487, 1.79214608669281, 1.8874303102493286, 1.8689367771148682, 1.9358115196228027, 1.7301658391952515, 1.8282198905944824]",sae,Pre-64
1,beta,23,0.024,0.4478205607315014,0.4344954522622479,0.440781446508927,0.5,0.6150139710231751,0.6774229173190764,30,"[0, 1, 2, 3, 4, 5, 6, 7, 8, 9, 10, 11, 12, 13, 14, 15, 16, 17, 18, 19, 20, 21, 22, 23, 24, 25, 26, 27, 28, 29]","[1.717706322669983, 1.8317886590957642, 1.8186372518539429, 1.8683146238327026, 1.6470860242843628, 1.7200874090194702, 1.8787394762039185, 1.6892387866973877, 1.6685973405838013, 1.8662556409835815, 1.860766887664795, 1.7998499870300293, 1.8044397830963135, 1.7537486553192139, 1.8243850469589233, 1.8709825277328491, 1.6249240636825562, 1.7130032777786255, 1.694501519203186, 1.729199767112732, 1.8593541383743286, 1.8481601476669312, 1.7177159786224365, 1.8759195804595947, 1.853851556777954, 1.768522024154663, 1.6543489694595337, 1.8177472352981567, 1.7237746715545654, 1.9004878997802734]",sae,Pre-64
1,beta,4,0.046,0.4589558369307028,0.4477177462853796,0.4675678605791046,0.5,0.61034827708266,0.6553103405820521,30,"[0, 1, 2, 3, 4, 5, 6, 7, 8, 9, 10, 11, 12, 13, 14, 15, 16, 17, 18, 19, 20, 21, 22, 23, 24, 25, 26, 27, 28, 29]","[1.6935113668441772, 1.6934210062026978, 1.5534063577651978, 1.7237426042556763, 1.5421093702316284, 1.5909088850021362, 1.6945127248764038, 1.5724806785583496, 1.6019128561019897, 1.7072862386703491, 1.6657456159591675, 1.6045039892196655, 1.7132534980773926, 1.5573453903198242, 1.5541294813156128, 1.6137112379074097, 1.649233102798462, 1.6389963626861572, 1.597703218460083, 1.6680622100830078, 1.6221563816070557, 1.6812829971313477, 1.6183927059173584, 1.5651801824569702, 1.6374696493148804, 1.61715829372406, 1.5592048168182373, 1.5972208976745605, 1.6804929971694946, 1.5617035627365112]",sae,Pre-64
1,beta,43,0.016,0.4515364523902173,0.4432102910589974,0.455591624258064,0.5,0.6060785767234989,0.7073965900667161,30,"[0, 1, 2, 3, 4, 5, 6, 7, 8, 9, 10, 11, 12, 13, 14, 15, 16, 17, 18, 19, 20, 21, 22, 23, 24, 25, 26, 27, 28, 29]","[2.491121768951416, 2.380274534225464, 2.541588544845581, 2.4713966846466064, 2.15042781829834, 2.169140100479126, 2.1531434059143066, 2.344878911972046, 2.079864978790283, 2.4037694931030273, 2.1102733612060547, 2.5867371559143066, 2.3654797077178955, 2.500758171081543, 2.363434076309204, 2.3993332386016846, 2.5346579551696777, 2.417611837387085, 2.2415144443511963, 2.343451738357544, 2.430908203125, 2.2222774028778076, 2.4868555068969727, 2.317948579788208, 2.224774122238159, 2.1564552783966064, 2.515488624572754, 2.4003748893737793, 2.536339044570923, 2.423711061477661]",sae,Pre-64
1,beta,15,0.01,0.4529015220185267,0.4424399871594601,0.4531155782575081,0.5,0.6161071485640408,0.712205290605616,30,"[0, 1, 2, 3, 4, 5, 6, 7, 8, 9, 10, 11, 12, 13, 14, 15, 16, 17, 18, 19, 20, 21, 22, 23, 24, 25, 26, 27, 28, 29]","[2.5260941982269287, 2.5641231536865234, 2.592205047607422, 2.4601948261260986, 2.6129086017608643, 2.277285099029541, 2.2917120456695557, 2.2081775665283203, 2.520054817199707, 2.4580681324005127, 2.610435724258423, 2.42826509475708, 2.550395965576172, 2.4484305381774902, 2.2084341049194336, 2.5809733867645264, 2.3626768589019775, 2.6986212730407715, 2.389899730682373, 2.586585283279419, 2.5099947452545166, 2.66409969329834, 2.2009177207946777, 2.5555050373077393, 2.5480566024780273, 2.5330371856689453, 2.675323963165283, 2.7113571166992188, 2.4708516597747803, 2.393747568130493]",sae,Pre-64
1,beta,42,0.01,0.4546678683050885,0.4407690563496341,0.4775908584432312,0.5,0.6336081445133979,0.6577232765670853,30,"[0, 1, 2, 3, 4, 5, 6, 7, 8, 9, 10, 11, 12, 13, 14, 15, 16, 17, 18, 19, 20, 21, 22, 23, 24, 25, 26, 27, 28, 29]","[2.649805784225464, 2.539816379547119, 2.655595302581787, 2.6936936378479004, 2.480860948562622, 2.6458303928375244, 2.6448683738708496, 2.5819380283355713, 2.4870517253875732, 2.5226099491119385, 2.4077770709991455, 2.68306565284729, 2.580476999282837, 2.527839422225952, 2.7011094093322754, 2.308211088180542, 2.1526052951812744, 2.5070178508758545, 2.388401746749878, 2.564301013946533, 2.621788263320923, 2.2172586917877197, 2.706592321395874, 2.328677177429199, 2.3087172508239746, 2.4036974906921387, 2.7253201007843018, 2.2102084159851074, 2.62434983253479, 2.3984768390655518]",sae,Pre-64
1,beta,0,0.042,0.4600628296558519,0.4487196928272481,0.4354460047765586,0.5,0.6146148452673732,0.7220516236773542,30,"[0, 1, 2, 3, 4, 5, 6, 7, 8, 9, 10, 11, 12, 13, 14, 15, 16, 17, 18, 19, 20, 21, 22, 23, 24, 25, 26, 27, 28, 29]","[1.5126861333847046, 1.5477739572525024, 1.5537726879119873, 1.6022868156433105, 1.4966622591018677, 1.537543773651123, 1.596285343170166, 1.6224915981292725, 1.6044906377792358, 1.5249024629592896, 1.5316922664642334, 1.5391912460327148, 1.626225471496582, 1.6037887334823608, 1.6207188367843628, 1.541050910949707, 1.5805245637893677, 1.4895628690719604, 1.4643381834030151, 1.6068964004516602, 1.5072431564331055, 1.489747166633606, 1.6009771823883057, 1.526910424232483, 1.5067787170410156, 1.473037600517273, 1.5986571311950684, 1.4777016639709473, 1.6108897924423218, 1.484074592590332]",sae,Pre-64
1,beta,9,0.0159,0.448644851968101,0.4348910401892977,0.4729639108168943,0.5,0.6286670530281078,0.6723167197913649,30,"[0, 1, 2, 3, 4, 5, 6, 7, 8, 9, 10, 11, 12, 13, 14, 15, 16, 17, 18, 19, 20, 21, 22, 23, 24, 25, 26, 27, 28, 29]","[2.4588019847869873, 2.1259090900421143, 2.5820934772491455, 2.517561912536621, 2.2259697914123535, 2.2947921752929688, 2.4489283561706543, 2.507633686065674, 2.572544813156128, 2.3443148136138916, 2.245140790939331, 2.376941204071045, 2.160355567932129, 2.4924192428588867, 2.549513101577759, 2.231320381164551, 2.4785513877868652, 2.503525972366333, 2.5266032218933105, 2.178243637084961, 2.5546374320983887, 2.5461068153381348, 2.1749322414398193, 2.550583839416504, 2.446857213973999, 2.556654214859009, 2.5155997276306152, 2.436741352081299, 2.3027658462524414, 2.509037733078003]",sae,Pre-64
1,beta,13,0.038,0.4619123366083722,0.4531466051409948,0.4456096795272094,0.5,0.6127276801885291,0.711570093010079,30,"[0, 1, 2, 3, 4, 5, 6, 7, 8, 9, 10, 11, 12, 13, 14, 15, 16, 17, 18, 19, 20, 21, 22, 23, 24, 25, 26, 27, 28, 29]","[1.7658082246780396, 1.6292167901992798, 1.747535228729248, 1.6601916551589966, 1.657569169998169, 1.7556226253509521, 1.6838737726211548, 1.671844244003296, 1.693323016166687, 1.66708505153656, 1.761763572692871, 1.642499566078186, 1.7402763366699219, 1.6716129779815674, 1.7457077503204346, 1.6118074655532837, 1.652073621749878, 1.6982641220092773, 1.7148417234420776, 1.668091058731079, 1.664950966835022, 1.6152511835098267, 1.7053228616714478, 1.618752121925354, 1.6408542394638062, 1.6080048084259033, 1.6629756689071655, 1.5980030298233032, 1.7137478590011597, 1.6564496755599976]",sae,Pre-64
1,beta,43,0.038,0.4515364523902173,0.4432102910589974,0.4453035822192919,0.5,0.6060785767234989,0.7028035581912527,30,"[0, 1, 2, 3, 4, 5, 6, 7, 8, 9, 10, 11, 12, 13, 14, 15, 16, 17, 18, 19, 20, 21, 22, 23, 24, 25, 26, 27, 28, 29]","[1.7267252206802368, 1.776250958442688, 1.8073760271072388, 1.6669645309448242, 1.700505018234253, 1.6301946640014648, 1.662354588508606, 1.6608014106750488, 1.7169461250305176, 1.632536768913269, 1.6074637174606323, 1.8415296077728271, 1.7614878416061401, 1.707297682762146, 1.685054063796997, 1.629741907119751, 1.7973568439483643, 1.6645679473876953, 1.7502895593643188, 1.7566324472427368, 1.6756352186203003, 1.673012614250183, 1.8202261924743652, 1.690578579902649, 1.6494373083114624, 1.6851351261138916, 1.8328251838684082, 1.6603621244430542, 1.7714520692825317, 1.829360842704773]",sae,Pre-64
1,beta,13,0.016,0.4619123366083722,0.4531466051409948,0.457023473820189,0.5,0.6127276801885291,0.7150063496045767,30,"[0, 1, 2, 3, 4, 5, 6, 7, 8, 9, 10, 11, 12, 13, 14, 15, 16, 17, 18, 19, 20, 21, 22, 23, 24, 25, 26, 27, 28, 29]","[2.4945459365844727, 2.484006404876709, 2.4759294986724854, 2.3924148082733154, 2.2100579738616943, 2.50368332862854, 2.4730331897735596, 2.385054349899292, 2.1818666458129883, 2.4012460708618164, 2.505967855453491, 2.382006883621216, 2.510342836380005, 2.1615846157073975, 2.4571166038513184, 2.3832664489746094, 2.401730537414551, 2.4062767028808594, 2.3747611045837402, 2.3403255939483643, 2.3860676288604736, 2.1572282314300537, 2.5226027965545654, 2.2048168182373047, 2.0384836196899414, 2.132450580596924, 2.171074867248535, 2.1552696228027344, 2.457265615463257, 2.1964199542999268]",sae,Pre-64
1,beta,29,0.01,0.4558655961502112,0.4409050416793991,0.4713945020274525,0.5,0.6296548282533407,0.6789331790777937,30,"[0, 1, 2, 3, 4, 5, 6, 7, 8, 9, 10, 11, 12, 13, 14, 15, 16, 17, 18, 19, 20, 21, 22, 23, 24, 25, 26, 27, 28, 29]","[2.258859872817993, 2.544832468032837, 1.9974027872085571, 2.5624024868011475, 2.530641555786133, 2.2114009857177734, 2.5948634147644043, 2.2081573009490967, 2.477698802947998, 2.5428853034973145, 2.423654556274414, 2.5296475887298584, 2.5128931999206543, 2.2200913429260254, 2.4013023376464844, 2.199599504470825, 2.4773852825164795, 2.52327561378479, 2.50852370262146, 2.5195682048797607, 2.365666627883911, 2.5706729888916016, 2.527228593826294, 2.498213052749634, 2.5482077598571777, 2.355031967163086, 2.236039876937866, 2.604749917984009, 2.499892234802246, 2.478156805038452]",sae,Pre-64
1,beta,2,0.025,0.4419681213812466,0.4306250660512843,0.4346996672056656,0.5,0.6028191218064636,0.6905413942597487,30,"[0, 1, 2, 3, 4, 5, 6, 7, 8, 9, 10, 11, 12, 13, 14, 15, 16, 17, 18, 19, 20, 21, 22, 23, 24, 25, 26, 27, 28, 29]","[1.777553677558899, 1.7486863136291504, 1.7373015880584717, 1.8890843391418457, 1.8002710342407227, 1.95851469039917, 1.7572903633117676, 1.8228968381881714, 1.7755768299102783, 1.8429787158966064, 1.8632128238677979, 1.754448652267456, 1.8981595039367676, 1.9410685300827026, 1.874322533607483, 1.8942629098892212, 1.8981146812438965, 1.96603262424469, 1.9758470058441162, 1.9435311555862427, 1.8388192653656006, 1.7627146244049072, 1.9089224338531494, 1.9518674612045288, 1.7182157039642334, 1.7690558433532715, 1.873447299003601, 1.8819000720977783, 1.6786185503005981, 1.955020785331726]",sae,Pre-64
1,beta,12,0.002,0.4455148672091349,0.4361346773072694,0.4372610904416905,0.5,0.5892778403611032,0.7252431011621802,30,"[0, 1, 2, 3, 4, 5, 6, 7, 8, 9, 10, 11, 12, 13, 14, 15, 16, 17, 18, 19, 20, 21, 22, 23, 24, 25, 26, 27, 28, 29]","[2.6258127689361572, 2.822178840637207, 2.5026769638061523, 2.7849197387695312, 2.880335807800293, 2.9373698234558105, 2.878098964691162, 2.8487095832824707, 2.7330808639526367, 2.448784351348877, 2.4486753940582275, 2.894054412841797, 2.76550555229187, 2.7718987464904785, 2.670959234237671, 2.9429991245269775, 2.6101627349853516, 2.7336556911468506, 2.6920325756073, 2.9293367862701416, 2.776719808578491, 2.6533920764923096, 2.469910144805908, 2.930529832839966, 2.9300696849823, 2.8954989910125732, 2.80726957321167, 2.7320468425750732, 2.6013033390045166, 2.8600478172302246]",sae,Pre-64
1,beta,26,0.03,0.4502231978181314,0.4442488029476733,0.4691963454927384,0.5,0.5832450787939482,0.6479138694778138,30,"[0, 1, 2, 3, 4, 5, 6, 7, 8, 9, 10, 11, 12, 13, 14, 15, 16, 17, 18, 19, 20, 21, 22, 23, 24, 25, 26, 27, 28, 29]","[1.7415021657943726, 1.7474894523620605, 1.9293900728225708, 1.673932671546936, 1.7596019506454468, 1.815185785293579, 1.8393524885177612, 1.7050200700759888, 1.8441425561904907, 1.7634614706039429, 1.6783806085586548, 1.9440248012542725, 1.873581051826477, 1.8310877084732056, 1.9195725917816162, 1.79513680934906, 1.8300000429153442, 1.687209129333496, 1.8422205448150635, 1.7659142017364502, 1.713963508605957, 1.9049066305160522, 1.8002684116363525, 1.8266657590866089, 1.9189784526824951, 1.8941631317138672, 1.775273084640503, 1.827149748802185, 1.6989246606826782, 1.7067844867706299]",sae,Pre-64
1,beta,20,0.012,0.4408022875601419,0.4262939306313442,0.4556466999825652,0.5,0.6176087118064704,0.6534243290166116,30,"[0, 1, 2, 3, 4, 5, 6, 7, 8, 9, 10, 11, 12, 13, 14, 15, 16, 17, 18, 19, 20, 21, 22, 23, 24, 25, 26, 27, 28, 29]","[2.614320755004883, 2.639307975769043, 2.6132357120513916, 2.648813009262085, 2.597952365875244, 2.505176067352295, 2.645451784133911, 2.5734663009643555, 2.55772066116333, 2.286417245864868, 2.3744328022003174, 2.5825178623199463, 2.717378854751587, 2.6257596015930176, 2.544656991958618, 2.64304256439209, 2.615621566772461, 2.3254120349884033, 2.6094772815704346, 2.6410841941833496, 2.228919744491577, 2.257139205932617, 2.3661012649536133, 2.6330068111419678, 2.5573272705078125, 2.3550522327423096, 2.2504327297210693, 2.3207268714904785, 2.469156503677368, 2.6671323776245117]",sae,Pre-64
1,beta,45,0.032,0.4515599815008028,0.4347157609968581,0.4520294494276582,0.5,0.6289673345145609,0.6772477397664804,30,"[0, 1, 2, 3, 4, 5, 6, 7, 8, 9, 10, 11, 12, 13, 14, 15, 16, 17, 18, 19, 20, 21, 22, 23, 24, 25, 26, 27, 28, 29]","[1.7001278400421143, 1.7025913000106812, 1.5817651748657227, 1.779808521270752, 1.7807769775390625, 1.631677508354187, 1.7812201976776123, 1.7701808214187622, 1.6300441026687622, 1.5798499584197998, 1.7133221626281738, 1.7803144454956055, 1.7481176853179932, 1.6520044803619385, 1.6800791025161743, 1.6867073774337769, 1.7079617977142334, 1.6276419162750244, 1.6888054609298706, 1.6847668886184692, 1.7436145544052124, 1.625249981880188, 1.7583386898040771, 1.6498924493789673, 1.5903551578521729, 1.7801657915115356, 1.6209667921066284, 1.6340891122817993, 1.5724467039108276, 1.784333348274231]",sae,Pre-64
1,beta,28,0.038,0.4589844236982603,0.4495627040154577,0.445946292590023,0.5,0.5987249917034086,0.6989004053477457,30,"[0, 1, 2, 3, 4, 5, 6, 7, 8, 9, 10, 11, 12, 13, 14, 15, 16, 17, 18, 19, 20, 21, 22, 23, 24, 25, 26, 27, 28, 29]","[1.7053693532943726, 1.6151262521743774, 1.5744967460632324, 1.777108073234558, 1.7659101486206055, 1.7084897756576538, 1.7064900398254395, 1.6122664213180542, 1.6968958377838135, 1.758549451828003, 1.6545451879501343, 1.7153258323669434, 1.748072624206543, 1.7898308038711548, 1.738273024559021, 1.6219847202301025, 1.6556681394577026, 1.7256062030792236, 1.7347724437713623, 1.7006272077560425, 1.6266123056411743, 1.684539794921875, 1.6937065124511719, 1.616452932357788, 1.6285039186477661, 1.7483093738555908, 1.7772389650344849, 1.6446359157562256, 1.6422028541564941, 1.6347270011901855]",sae,Pre-64
1,beta,45,0.015,0.4515599815008028,0.4347157609968581,0.4671973740928076,0.5,0.6289673345145609,0.6780821710356943,30,"[0, 1, 2, 3, 4, 5, 6, 7, 8, 9, 10, 11, 12, 13, 14, 15, 16, 17, 18, 19, 20, 21, 22, 23, 24, 25, 26, 27, 28, 29]","[2.5096633434295654, 2.5555357933044434, 2.3764140605926514, 2.5932486057281494, 2.571885585784912, 2.52130126953125, 2.5415520668029785, 2.5307376384735107, 2.1800405979156494, 2.060915231704712, 2.2930843830108643, 2.573343276977539, 2.4535865783691406, 2.5413241386413574, 2.2702324390411377, 2.500648021697998, 2.35868501663208, 2.47300124168396, 2.4516923427581787, 2.478642463684082, 2.5075037479400635, 2.1294238567352295, 2.298802137374878, 2.4449269771575928, 2.4867231845855713, 2.4072256088256836, 2.1357572078704834, 2.193967819213867, 2.393925189971924, 2.54901385307312]",sae,Pre-64
1,beta,9,0.036,0.448644851968101,0.4348910401892977,0.4533371593101185,0.5,0.6286670530281078,0.6728238191828455,30,"[0, 1, 2, 3, 4, 5, 6, 7, 8, 9, 10, 11, 12, 13, 14, 15, 16, 17, 18, 19, 20, 21, 22, 23, 24, 25, 26, 27, 28, 29]","[1.7289217710494995, 1.6023564338684082, 1.7259130477905273, 1.6969778537750244, 1.6082936525344849, 1.4430010318756104, 1.7143634557724, 1.6291433572769165, 1.7295995950698853, 1.5503613948822021, 1.6665433645248413, 1.6303964853286743, 1.6021175384521484, 1.6514936685562134, 1.7632185220718384, 1.6245598793029785, 1.6162749528884888, 1.6928061246871948, 1.73371160030365, 1.586255669593811, 1.7280268669128418, 1.7330186367034912, 1.6073083877563477, 1.716543436050415, 1.7144962549209595, 1.713474988937378, 1.5727059841156006, 1.5478957891464233, 1.6017626523971558, 1.7444953918457031]",sae,Pre-64
1,beta,12,0.02,0.4455148672091349,0.4361346773072694,0.4341724245851341,0.5,0.5892778403611032,0.7247445120136613,30,"[0, 1, 2, 3, 4, 5, 6, 7, 8, 9, 10, 11, 12, 13, 14, 15, 16, 17, 18, 19, 20, 21, 22, 23, 24, 25, 26, 27, 28, 29]","[2.173250198364258, 2.3788692951202393, 2.031067132949829, 2.3422868251800537, 2.4227678775787354, 2.4950430393218994, 2.432389497756958, 2.398621082305908, 2.263322591781616, 1.967521071434021, 1.9683773517608643, 2.435197114944458, 2.3137366771698, 2.329041004180908, 2.2211556434631348, 2.484959363937378, 2.1581714153289795, 2.2685060501098633, 2.2235107421875, 2.4773030281066895, 2.310616970062256, 2.192091226577759, 1.9928336143493652, 2.4734690189361572, 2.477721929550171, 2.4521727561950684, 2.3382580280303955, 2.265068531036377, 2.144226312637329, 2.3920726776123047]",sae,Pre-64
1,beta,19,0.032,0.4469965829377276,0.435497383761294,0.4198984183923742,0.5,0.6104665954706788,0.7149762854540315,30,"[0, 1, 2, 3, 4, 5, 6, 7, 8, 9, 10, 11, 12, 13, 14, 15, 16, 17, 18, 19, 20, 21, 22, 23, 24, 25, 26, 27, 28, 29]","[1.7021232843399048, 1.740395426750183, 1.8016160726547241, 1.7065342664718628, 1.7010403871536255, 1.7321107387542725, 1.7235023975372314, 1.792527198791504, 1.6693116426467896, 1.8315128087997437, 1.8748326301574707, 1.8611195087432861, 1.7411612272262573, 1.6844481229782104, 1.6694658994674683, 1.6951727867126465, 1.8288313150405884, 1.8447234630584717, 1.6517711877822876, 1.6513985395431519, 1.859216570854187, 1.710148572921753, 1.731793999671936, 1.6534922122955322, 1.639602780342102, 1.842978835105896, 1.8505767583847046, 1.7410017251968384, 1.7374987602233887, 1.6807832717895508]",sae,Pre-64
1,beta,32,0.046,0.4555596844830426,0.4475674839123162,0.4753814821766794,0.5,0.5924839124839124,0.6372568486854201,30,"[0, 1, 2, 3, 4, 5, 6, 7, 8, 9, 10, 11, 12, 13, 14, 15, 16, 17, 18, 19, 20, 21, 22, 23, 24, 25, 26, 27, 28, 29]","[1.7454373836517334, 1.6485240459442139, 1.7502409219741821, 1.6841206550598145, 1.6648986339569092, 1.704375147819519, 1.6596964597702026, 1.6607705354690552, 1.623433232307434, 1.627977967262268, 1.6890002489089966, 1.6364601850509644, 1.6940178871154785, 1.5857843160629272, 1.5824154615402222, 1.5876445770263672, 1.6015617847442627, 1.6976462602615356, 1.6287555694580078, 1.6623529195785522, 1.739693522453308, 1.6781166791915894, 1.5553821325302124, 1.7485419511795044, 1.681267499923706, 1.5945030450820923, 1.7246729135513306, 1.5736104249954224, 1.757879614830017, 1.7399293184280396]",sae,Pre-64
1,beta,15,0.042,0.4529015220185267,0.4424399871594601,0.4402746194013527,0.5,0.6161071485640408,0.7114673368294135,30,"[0, 1, 2, 3, 4, 5, 6, 7, 8, 9, 10, 11, 12, 13, 14, 15, 16, 17, 18, 19, 20, 21, 22, 23, 24, 25, 26, 27, 28, 29]","[1.5970808267593384, 1.612472653388977, 1.6618162393569946, 1.616757869720459, 1.739120364189148, 1.6106717586517334, 1.5876766443252563, 1.6120257377624512, 1.6864084005355835, 1.6811884641647339, 1.6568180322647095, 1.6021504402160645, 1.768090009689331, 1.6835070848464966, 1.5348598957061768, 1.6639342308044434, 1.5787101984024048, 1.7825064659118652, 1.5487903356552124, 1.6349942684173584, 1.7336663007736206, 1.7299036979675293, 1.5924965143203735, 1.650904655456543, 1.652255892753601, 1.529758334159851, 1.7187882661819458, 1.759196400642395, 1.6718255281448364, 1.6231364011764526]",sae,Pre-64
1,beta,10,0.034,0.4493907433353129,0.4390813823454372,0.451614757008857,0.5,0.6232207829487961,0.6764735010226417,30,"[0, 1, 2, 3, 4, 5, 6, 7, 8, 9, 10, 11, 12, 13, 14, 15, 16, 17, 18, 19, 20, 21, 22, 23, 24, 25, 26, 27, 28, 29]","[1.728890061378479, 1.623115062713623, 1.799294114112854, 1.6942379474639893, 1.7263844013214111, 1.7076374292373657, 1.7682751417160034, 1.7614891529083252, 1.7225881814956665, 1.8244084119796753, 1.6919084787368774, 1.7660108804702759, 1.7682727575302124, 1.713781476020813, 1.72805655002594, 1.7451459169387817, 1.7660255432128906, 1.6509989500045776, 1.770491123199463, 1.6769633293151855, 1.6886242628097534, 1.7583907842636108, 1.816923975944519, 1.821563720703125, 1.7871021032333374, 1.654309868812561, 1.7288898229599, 1.6970349550247192, 1.7469656467437744, 1.8384267091751099]",sae,Pre-64
1,beta,41,0.03,0.4543678569363413,0.4427951465832617,0.4597354020108312,0.5,0.6190905384235713,0.6770746153350929,30,"[0, 1, 2, 3, 4, 5, 6, 7, 8, 9, 10, 11, 12, 13, 14, 15, 16, 17, 18, 19, 20, 21, 22, 23, 24, 25, 26, 27, 28, 29]","[1.6819394826889038, 1.8256253004074097, 1.7765889167785645, 1.6667283773422241, 1.6960808038711548, 1.8747371435165405, 1.7032767534255981, 1.7952052354812622, 1.727429986000061, 1.838877558708191, 1.8480762243270874, 1.7836976051330566, 1.782962679862976, 1.8268396854400635, 1.8546217679977417, 1.7177929878234863, 1.7992216348648071, 1.8042367696762085, 1.856166958808899, 1.8088120222091675, 1.714328408241272, 1.7678190469741821, 1.7464324235916138, 1.7910350561141968, 1.7358729839324951, 1.6907261610031128, 1.8221416473388672, 1.8392671346664429, 1.795461654663086, 1.68058180809021]",sae,Pre-64
1,beta,34,0.012,0.4568527557813058,0.4470225010708758,0.4680303612656225,0.5,0.6011606799053854,0.6806841902600166,30,"[0, 1, 2, 3, 4, 5, 6, 7, 8, 9, 10, 11, 12, 13, 14, 15, 16, 17, 18, 19, 20, 21, 22, 23, 24, 25, 26, 27, 28, 29]","[2.279484748840332, 2.5229411125183105, 2.5150275230407715, 2.521266222000122, 2.345735788345337, 2.2381715774536133, 2.5489602088928223, 2.5339207649230957, 2.313771963119507, 2.250976324081421, 2.4470958709716797, 2.371222734451294, 2.4506101608276367, 2.5184919834136963, 2.209860324859619, 2.369316577911377, 2.5313498973846436, 2.5387065410614014, 2.500746011734009, 2.202986717224121, 2.534560441970825, 2.5496673583984375, 2.369164228439331, 2.4624361991882324, 2.1353790760040283, 2.355299234390259, 2.580670118331909, 2.595801830291748, 2.4643845558166504, 2.4633395671844482]",sae,Pre-64
1,beta,31,0.006,0.4497611378811508,0.4308970333737342,0.4513371152611357,0.5,0.642735734520437,0.7086619066890212,30,"[0, 1, 2, 3, 4, 5, 6, 7, 8, 9, 10, 11, 12, 13, 14, 15, 16, 17, 18, 19, 20, 21, 22, 23, 24, 25, 26, 27, 28, 29]","[2.5823159217834473, 2.72798752784729, 2.6072404384613037, 2.4299142360687256, 2.479654550552368, 2.6609392166137695, 2.534471035003662, 2.4899230003356934, 2.606459379196167, 2.6413729190826416, 2.6216609477996826, 2.4426867961883545, 2.69724702835083, 2.638073444366455, 2.7038445472717285, 2.638136863708496, 2.3338499069213867, 2.6690585613250732, 2.5685079097747803, 2.6326186656951904, 2.671130895614624, 2.5565996170043945, 2.5781736373901367, 2.3925907611846924, 2.4597489833831787, 2.6629762649536133, 2.488919973373413, 2.713106155395508, 2.525847911834717, 2.5494372844696045]",sae,Pre-64
1,beta,31,0.025,0.4497611378811508,0.4308970333737342,0.4353042576838619,0.5,0.642735734520437,0.7110539399895935,30,"[0, 1, 2, 3, 4, 5, 6, 7, 8, 9, 10, 11, 12, 13, 14, 15, 16, 17, 18, 19, 20, 21, 22, 23, 24, 25, 26, 27, 28, 29]","[1.7259148359298706, 1.6843849420547485, 1.5760692358016968, 1.614466667175293, 1.6502585411071777, 1.759725570678711, 1.608300805091858, 1.6736109256744385, 1.6152573823928833, 1.7086046934127808, 1.6350077390670776, 1.6765902042388916, 1.715237021446228, 1.580775499343872, 1.7100259065628052, 1.6399481296539307, 1.6462922096252441, 1.6805298328399658, 1.6897152662277222, 1.6500531435012817, 1.7283880710601807, 1.6585434675216675, 1.7182518243789673, 1.6551270484924316, 1.6678588390350342, 1.6971348524093628, 1.5775529146194458, 1.735366702079773, 1.5767569541931152, 1.6719799041748047]",sae,Pre-64
1,beta,44,0.025,0.4469012312759677,0.43811650775401,0.4781118908499947,0.5,0.5982762074796864,0.6272957875943506,30,"[0, 1, 2, 3, 4, 5, 6, 7, 8, 9, 10, 11, 12, 13, 14, 15, 16, 17, 18, 19, 20, 21, 22, 23, 24, 25, 26, 27, 28, 29]","[1.997738003730774, 2.2669296264648438, 2.031170129776001, 1.9155422449111938, 2.2231357097625732, 2.3398778438568115, 2.253089189529419, 2.196068286895752, 2.146198034286499, 2.4068105220794678, 2.0489883422851562, 2.3546042442321777, 2.2650718688964844, 1.9396171569824219, 2.3660597801208496, 2.3178915977478027, 1.8833369016647339, 2.246150493621826, 2.247892379760742, 2.271456480026245, 1.8529869318008423, 2.0939671993255615, 2.235443592071533, 2.307626962661743, 2.241201639175415, 2.268584966659546, 2.0974864959716797, 2.217050552368164, 2.1524429321289062, 2.2823657989501953]",sae,Pre-64
1,beta,21,0.026,0.4504746503440228,0.4381370334360364,0.4460312246673946,0.5,0.6200058082774133,0.6876892324423187,30,"[0, 1, 2, 3, 4, 5, 6, 7, 8, 9, 10, 11, 12, 13, 14, 15, 16, 17, 18, 19, 20, 21, 22, 23, 24, 25, 26, 27, 28, 29]","[1.6847506761550903, 1.763918161392212, 1.8792579174041748, 1.8764030933380127, 1.8813366889953613, 1.829694390296936, 1.704087257385254, 1.7526202201843262, 1.8771556615829468, 1.7260500192642212, 1.8435404300689697, 1.8773066997528076, 1.7091468572616577, 1.7771121263504028, 1.7656340599060059, 1.6946512460708618, 1.7077910900115967, 1.7320771217346191, 1.7211192846298218, 1.8753795623779297, 1.662972092628479, 1.867622971534729, 1.6638509035110474, 1.6894567012786865, 1.7242753505706787, 1.7085660696029663, 1.6941540241241455, 1.7402846813201904, 1.8180123567581177, 1.8151462078094482]",sae,Pre-64
1,beta,37,0.0159,0.4546908257221888,0.444978337644671,0.4470195676469779,0.5,0.6058579085235571,0.7151365265991478,30,"[0, 1, 2, 3, 4, 5, 6, 7, 8, 9, 10, 11, 12, 13, 14, 15, 16, 17, 18, 19, 20, 21, 22, 23, 24, 25, 26, 27, 28, 29]","[2.1506593227386475, 2.396024703979492, 2.1521952152252197, 2.3052191734313965, 2.375560998916626, 2.4577319622039795, 2.4694371223449707, 2.0929956436157227, 2.130723237991333, 2.257645845413208, 2.3542399406433105, 2.1511828899383545, 2.4038994312286377, 2.3194124698638916, 2.4725546836853027, 2.1539857387542725, 2.340245485305786, 2.4048423767089844, 2.2134759426116943, 2.178709030151367, 2.3296730518341064, 2.4891092777252197, 2.453010320663452, 2.4464774131774902, 2.401942253112793, 2.452907085418701, 2.449206590652466, 2.462902307510376, 2.460216522216797, 2.4589555263519287]",sae,Pre-64
1,beta,19,0.004,0.4469965829377276,0.435497383761294,0.4321083882951135,0.5,0.6104665954706788,0.7182743348933631,30,"[0, 1, 2, 3, 4, 5, 6, 7, 8, 9, 10, 11, 12, 13, 14, 15, 16, 17, 18, 19, 20, 21, 22, 23, 24, 25, 26, 27, 28, 29]","[2.4452078342437744, 2.755615472793579, 2.6279845237731934, 2.484140634536743, 2.7551822662353516, 2.7959461212158203, 2.6918516159057617, 2.519909620285034, 2.712953567504883, 2.8100056648254395, 2.789384126663208, 2.7962021827697754, 2.769862174987793, 2.3987133502960205, 2.713266611099243, 2.628840923309326, 2.5897881984710693, 2.8133134841918945, 2.3844215869903564, 2.3625879287719727, 2.8123886585235596, 2.689908027648926, 2.6918983459472656, 2.355539321899414, 2.3037354946136475, 2.738304376602173, 2.8601982593536377, 2.7926177978515625, 2.780695915222168, 2.6516215801239014]",sae,Pre-64
1,beta,6,0.04,0.4540822999211705,0.4457917896713532,0.4520716591688637,0.5,0.5933447799067053,0.6652272347408568,30,"[0, 1, 2, 3, 4, 5, 6, 7, 8, 9, 10, 11, 12, 13, 14, 15, 16, 17, 18, 19, 20, 21, 22, 23, 24, 25, 26, 27, 28, 29]","[1.6693319082260132, 1.7137751579284668, 1.5964272022247314, 1.7316975593566895, 1.5857199430465698, 1.6333264112472534, 1.6111900806427002, 1.6639686822891235, 1.5674878358840942, 1.692775011062622, 1.6140012741088867, 1.574343204498291, 1.6153377294540405, 1.5695005655288696, 1.3823418617248535, 1.7101671695709229, 1.5919448137283325, 1.657735824584961, 1.6489293575286865, 1.6462252140045166, 1.6339906454086304, 1.5785506963729858, 1.7080296277999878, 1.6172292232513428, 1.577317714691162, 1.656514286994934, 1.6222593784332275, 1.5633509159088135, 1.6222734451293945, 1.6683286428451538]",sae,Pre-64
1,beta,44,0.006,0.4469012312759677,0.43811650775401,0.4818943398054379,0.5,0.5982762074796864,0.6261747774183475,30,"[0, 1, 2, 3, 4, 5, 6, 7, 8, 9, 10, 11, 12, 13, 14, 15, 16, 17, 18, 19, 20, 21, 22, 23, 24, 25, 26, 27, 28, 29]","[2.471967935562134, 2.7252161502838135, 2.5004525184631348, 2.4115712642669678, 2.6783792972564697, 2.798583984375, 2.7256581783294678, 2.653078556060791, 2.6290078163146973, 2.864701986312866, 2.526916980743408, 2.800703287124634, 2.7246172428131104, 2.424454689025879, 2.8240456581115723, 2.7864577770233154, 2.376767635345459, 2.6899945735931396, 2.712185859680176, 2.7219300270080566, 2.3417320251464844, 2.5516350269317627, 2.6974475383758545, 2.764117956161499, 2.71121883392334, 2.721306085586548, 2.560227394104004, 2.669994831085205, 2.6275908946990967, 2.7425808906555176]",sae,Pre-64
1,beta,37,0.036,0.4546908257221888,0.444978337644671,0.4341577178572216,0.5,0.6058579085235571,0.7172520249634844,30,"[0, 1, 2, 3, 4, 5, 6, 7, 8, 9, 10, 11, 12, 13, 14, 15, 16, 17, 18, 19, 20, 21, 22, 23, 24, 25, 26, 27, 28, 29]","[1.4850519895553589, 1.5469597578048706, 1.5216166973114014, 1.4975351095199585, 1.4494524002075195, 1.557161569595337, 1.5229638814926147, 1.571712613105774, 1.6177563667297363, 1.5576218366622925, 1.5216540098190308, 1.5296151638031006, 1.556077241897583, 1.5603948831558228, 1.593654751777649, 1.5380816459655762, 1.5276461839675903, 1.571673035621643, 1.5439579486846924, 1.5412214994430542, 1.5678595304489136, 1.5767945051193237, 1.6009774208068848, 1.5850954055786133, 1.5434885025024414, 1.5815598964691162, 1.549845814704895, 1.5796685218811035, 1.5817571878433228, 1.5961412191390991]",sae,Pre-64
1,beta,4,0.004,0.4589558369307028,0.4477177462853796,0.4903777623309052,0.5,0.61034827708266,0.6509272511811872,30,"[0, 1, 2, 3, 4, 5, 6, 7, 8, 9, 10, 11, 12, 13, 14, 15, 16, 17, 18, 19, 20, 21, 22, 23, 24, 25, 26, 27, 28, 29]","[2.718841791152954, 2.7895054817199707, 2.4699625968933105, 2.830134153366089, 2.7155001163482666, 2.7420949935913086, 2.7918667793273926, 2.70109224319458, 2.352140188217163, 2.8552567958831787, 2.586087465286255, 2.7018401622772217, 2.8516387939453125, 2.4075324535369873, 2.4672658443450928, 2.6274282932281494, 2.771742582321167, 2.5562663078308105, 2.7527945041656494, 2.506598711013794, 2.7326626777648926, 2.5815372467041016, 2.441558599472046, 2.6806325912475586, 2.785191297531128, 2.792583703994751, 2.7252087593078613, 2.7436366081237793, 2.8114242553710938, 2.5149264335632324]",sae,Pre-64
1,beta,16,0.0155,0.4519396108125126,0.4401978349795346,0.4466431463096013,0.5,0.6159012314439947,0.7221117698091382,30,"[0, 1, 2, 3, 4, 5, 6, 7, 8, 9, 10, 11, 12, 13, 14, 15, 16, 17, 18, 19, 20, 21, 22, 23, 24, 25, 26, 27, 28, 29]","[2.435591459274292, 2.1222023963928223, 2.4063711166381836, 2.4039525985717773, 2.5228564739227295, 2.3306007385253906, 2.4117231369018555, 2.3779683113098145, 2.0408945083618164, 2.2908718585968018, 2.4656193256378174, 2.0990538597106934, 2.384218215942383, 2.2307770252227783, 2.281616687774658, 2.1800684928894043, 2.0790610313415527, 2.4397521018981934, 2.2019314765930176, 2.4371378421783447, 2.154775619506836, 2.405257225036621, 2.1360931396484375, 2.4021427631378174, 2.391247272491455, 2.392261266708374, 2.2853338718414307, 2.0428266525268555, 2.2270123958587646, 2.205070972442627]",sae,Pre-64
1,beta,24,0.034,0.4501416387440968,0.4383559369047743,0.4536483964581205,0.5,0.6188330126613704,0.6452356938927508,30,"[0, 1, 2, 3, 4, 5, 6, 7, 8, 9, 10, 11, 12, 13, 14, 15, 16, 17, 18, 19, 20, 21, 22, 23, 24, 25, 26, 27, 28, 29]","[1.7382278442382812, 1.5858526229858398, 1.6405526399612427, 1.7395899295806885, 1.7320977449417114, 1.5987733602523804, 1.6536777019500732, 1.6384931802749634, 1.706062912940979, 1.610471487045288, 1.6874067783355713, 1.6108938455581665, 1.740498423576355, 1.7320940494537354, 1.6503057479858398, 1.597865343093872, 1.7458617687225342, 1.5474419593811035, 1.6166820526123047, 1.7427856922149658, 1.7171943187713623, 1.7243412733078003, 1.6043696403503418, 1.6936122179031372, 1.5710762739181519, 1.5560541152954102, 1.7016123533248901, 1.570057988166809, 1.7401314973831177, 1.6364985704421997]",sae,Pre-64
1,beta,41,0.014,0.4543678569363413,0.4427951465832617,0.4721696255959571,0.5,0.6190905384235713,0.6753807306308433,30,"[0, 1, 2, 3, 4, 5, 6, 7, 8, 9, 10, 11, 12, 13, 14, 15, 16, 17, 18, 19, 20, 21, 22, 23, 24, 25, 26, 27, 28, 29]","[2.1125073432922363, 2.572456121444702, 2.4254536628723145, 2.391691207885742, 2.2467002868652344, 2.601163387298584, 2.4380993843078613, 2.5645384788513184, 2.4310014247894287, 2.558028221130371, 2.587045907974243, 2.5225131511688232, 2.242929697036743, 2.3767333030700684, 2.5538976192474365, 2.15492582321167, 2.474384069442749, 2.5518414974212646, 2.4687881469726562, 2.356529474258423, 2.2952229976654053, 2.539165735244751, 2.4745895862579346, 2.3335700035095215, 2.4762868881225586, 2.1178343296051025, 2.2782297134399414, 2.565013885498047, 2.3160958290100098, 2.2785537242889404]",sae,Pre-64
1,beta,4,0.022,0.4589558369307028,0.4477177462853796,0.4878496016885176,0.5,0.61034827708266,0.6501192729735138,30,"[0, 1, 2, 3, 4, 5, 6, 7, 8, 9, 10, 11, 12, 13, 14, 15, 16, 17, 18, 19, 20, 21, 22, 23, 24, 25, 26, 27, 28, 29]","[2.2479844093322754, 2.3201687335968018, 1.997978925704956, 2.3663408756256104, 2.2585811614990234, 2.290889024734497, 2.329674005508423, 2.246372699737549, 1.8661760091781616, 2.397257089614868, 2.1165313720703125, 2.2471392154693604, 2.3935117721557617, 1.9374655485153198, 1.9830719232559204, 2.1656687259674072, 2.3142049312591553, 2.0862791538238525, 2.3004653453826904, 2.033947467803955, 2.26874041557312, 2.1285409927368164, 1.9623606204986572, 2.219637393951416, 2.3298890590667725, 2.3419253826141357, 2.2733845710754395, 2.2858026027679443, 2.356289863586426, 2.0486629009246826]",sae,Pre-64
1,beta,43,0.042,0.4515364523902173,0.4432102910589974,0.4435868876841128,0.5,0.6060785767234989,0.7021022979985174,30,"[0, 1, 2, 3, 4, 5, 6, 7, 8, 9, 10, 11, 12, 13, 14, 15, 16, 17, 18, 19, 20, 21, 22, 23, 24, 25, 26, 27, 28, 29]","[1.6487852334976196, 1.7088422775268555, 1.7150801420211792, 1.5911887884140015, 1.6242151260375977, 1.557469129562378, 1.5889049768447876, 1.5794951915740967, 1.6578532457351685, 1.5621464252471924, 1.5370445251464844, 1.7495914697647095, 1.6712729930877686, 1.6153135299682617, 1.60172438621521, 1.5190609693527222, 1.7010791301727295, 1.5826749801635742, 1.6739062070846558, 1.6792351007461548, 1.5869944095611572, 1.5922333002090454, 1.7298500537872314, 1.6307145357131958, 1.5768494606018066, 1.6268320083618164, 1.736738681793213, 1.575667142868042, 1.6886907815933228, 1.7423853874206543]",sae,Pre-64
1,beta,29,0.028,0.4558655961502112,0.4409050416793991,0.4613119963976668,0.5,0.6296548282533407,0.6742770395524592,30,"[0, 1, 2, 3, 4, 5, 6, 7, 8, 9, 10, 11, 12, 13, 14, 15, 16, 17, 18, 19, 20, 21, 22, 23, 24, 25, 26, 27, 28, 29]","[1.6883301734924316, 1.7333811521530151, 1.3997119665145874, 1.8191076517105103, 1.7639657258987427, 1.6796875, 1.8558293581008911, 1.664555549621582, 1.774053692817688, 1.8075813055038452, 1.723693609237671, 1.792008638381958, 1.8087860345840454, 1.7011175155639648, 1.7771714925765991, 1.6971614360809326, 1.7716643810272217, 1.756893515586853, 1.7067090272903442, 1.7425647974014282, 1.8131566047668457, 1.8652019500732422, 1.7403686046600342, 1.7321038246154785, 1.7809674739837646, 1.6222304105758667, 1.6828099489212036, 1.840217113494873, 1.873326063156128, 1.677423119544983]",sae,Pre-64
1,beta,30,0.035,0.4638407167611665,0.4544841508273655,0.4423710566762894,0.5,0.6043368975359404,0.6964346830820562,30,"[0, 1, 2, 3, 4, 5, 6, 7, 8, 9, 10, 11, 12, 13, 14, 15, 16, 17, 18, 19, 20, 21, 22, 23, 24, 25, 26, 27, 28, 29]","[1.7541229724884033, 1.7459828853607178, 1.7115925550460815, 1.6671322584152222, 1.6701323986053467, 1.6471734046936035, 1.66155207157135, 1.6259387731552124, 1.599727988243103, 1.6604552268981934, 1.6733214855194092, 1.664656639099121, 1.6190540790557861, 1.6669931411743164, 1.72388756275177, 1.727150797843933, 1.632859468460083, 1.6715255975723267, 1.7442575693130493, 1.6423180103302002, 1.6920017004013062, 1.6419090032577515, 1.745029330253601, 1.6544097661972046, 1.745562195777893, 1.6730700731277466, 1.6276469230651855, 1.657118320465088, 1.7122501134872437, 1.6537340879440308]",sae,Pre-64
1,beta,3,0.006,0.4557259332451328,0.444824285747971,0.4939674405669269,0.5,0.6042731979176,0.6514292651764576,30,"[0, 1, 2, 3, 4, 5, 6, 7, 8, 9, 10, 11, 12, 13, 14, 15, 16, 17, 18, 19, 20, 21, 22, 23, 24, 25, 26, 27, 28, 29]","[2.6676769256591797, 2.520012140274048, 2.713787794113159, 2.651975631713867, 2.7483980655670166, 2.6900033950805664, 2.7643442153930664, 2.798044204711914, 2.678893566131592, 2.820347547531128, 2.7234034538269043, 2.821906328201294, 2.7466320991516113, 2.809678792953491, 2.816842794418335, 2.4987051486968994, 2.3956053256988525, 2.7226641178131104, 2.6392486095428467, 2.4744386672973633, 2.69931697845459, 2.4174346923828125, 2.4531400203704834, 2.818408489227295, 2.784771203994751, 2.7738451957702637, 2.510857343673706, 2.740669012069702, 2.794480562210083, 2.8336687088012695]",sae,Pre-64
1,beta,16,0.035,0.4519396108125126,0.4401978349795346,0.4373082183381859,0.5,0.6159012314439947,0.7205257735685368,30,"[0, 1, 2, 3, 4, 5, 6, 7, 8, 9, 10, 11, 12, 13, 14, 15, 16, 17, 18, 19, 20, 21, 22, 23, 24, 25, 26, 27, 28, 29]","[1.6466796398162842, 1.5599905252456665, 1.6171596050262451, 1.6821174621582031, 1.6973531246185303, 1.5940977334976196, 1.6953654289245605, 1.6402676105499268, 1.5903666019439697, 1.6964349746704102, 1.7032904624938965, 1.6403281688690186, 1.614988088607788, 1.5864042043685913, 1.6134090423583984, 1.6257480382919312, 1.6329965591430664, 1.552365779876709, 1.5929783582687378, 1.6873761415481567, 1.7118431329727173, 1.6739672422409058, 1.6774276494979858, 1.6767454147338867, 1.5700089931488037, 1.6675307750701904, 1.6283085346221924, 1.5923488140106201, 1.564560055732727, 1.6059472560882568]",sae,Pre-64
1,beta,8,0.026,0.4517491928182039,0.4406431065890545,0.4443076826900389,0.5,0.6098144493254953,0.6808146403231397,30,"[0, 1, 2, 3, 4, 5, 6, 7, 8, 9, 10, 11, 12, 13, 14, 15, 16, 17, 18, 19, 20, 21, 22, 23, 24, 25, 26, 27, 28, 29]","[1.7110651731491089, 1.8164783716201782, 1.7016816139221191, 1.7094626426696777, 1.822510838508606, 1.7448915243148804, 1.786610722541809, 1.6819560527801514, 1.702505350112915, 1.7929279804229736, 1.8224061727523804, 1.7367440462112427, 1.6423234939575195, 1.7021113634109497, 1.768930435180664, 1.694638967514038, 1.6567118167877197, 1.7407472133636475, 1.626328945159912, 1.752869963645935, 1.6816778182983398, 1.6351165771484375, 1.7749929428100586, 1.7281864881515503, 1.7762988805770874, 1.7803888320922852, 1.6797597408294678, 1.7612388134002686, 1.7523193359375, 1.780465006828308]",sae,Pre-64
1,beta,40,0.002,0.44666181227492,0.4340193094910912,0.4585606668681835,0.5,0.6093636266731638,0.6661194779880917,30,"[0, 1, 2, 3, 4, 5, 6, 7, 8, 9, 10, 11, 12, 13, 14, 15, 16, 17, 18, 19, 20, 21, 22, 23, 24, 25, 26, 27, 28, 29]","[2.8540971279144287, 2.804408550262451, 2.728412628173828, 2.5131096839904785, 2.835235834121704, 2.810239791870117, 2.703742265701294, 2.776754140853882, 2.8018031120300293, 2.7259559631347656, 2.4019060134887695, 2.4496536254882812, 2.6340253353118896, 2.7040390968322754, 2.666942596435547, 2.827744483947754, 2.794232130050659, 2.4167912006378174, 2.533339738845825, 2.634676456451416, 2.646660566329956, 2.6887500286102295, 2.753244161605835, 2.4363832473754883, 2.82600736618042, 2.383375406265259, 2.8047749996185303, 2.7762715816497803, 2.8648126125335693, 2.7185041904449463]",sae,Pre-64
1,beta,40,0.02,0.44666181227492,0.4340193094910912,0.4554502741892507,0.5,0.6093636266731638,0.6671671564969772,30,"[0, 1, 2, 3, 4, 5, 6, 7, 8, 9, 10, 11, 12, 13, 14, 15, 16, 17, 18, 19, 20, 21, 22, 23, 24, 25, 26, 27, 28, 29]","[2.4123549461364746, 2.3534107208251953, 2.290783643722534, 2.057889461517334, 2.404121160507202, 2.3724489212036133, 2.251291513442993, 2.338177442550659, 2.359710693359375, 2.2712883949279785, 1.9226078987121582, 1.9755277633666992, 2.2114779949188232, 2.2447779178619385, 2.222973346710205, 2.3821513652801514, 2.3471012115478516, 1.9446399211883545, 2.0799314975738525, 2.172028064727783, 2.207534074783325, 2.237642288208008, 2.296557903289795, 1.96709144115448, 2.3793933391571045, 1.9059289693832397, 2.355560779571533, 2.3225746154785156, 2.417106866836548, 2.279602289199829]",sae,Pre-64
1,beta,43,0.028,0.4515364523902173,0.4432102910589974,0.4472324908780958,0.5,0.6060785767234989,0.7044180874722017,30,"[0, 1, 2, 3, 4, 5, 6, 7, 8, 9, 10, 11, 12, 13, 14, 15, 16, 17, 18, 19, 20, 21, 22, 23, 24, 25, 26, 27, 28, 29]","[1.9008253812789917, 1.9036400318145752, 1.9861260652542114, 1.8363326787948608, 1.8416943550109863, 1.775193691253662, 1.8202369213104248, 1.8230575323104858, 1.832763910293579, 1.7897096872329712, 1.7399588823318481, 2.0176148414611816, 1.9368771314620972, 1.887015461921692, 1.8346383571624756, 1.8364838361740112, 1.960015058517456, 1.8316936492919922, 1.8876533508300781, 1.9061254262924194, 1.8421657085418701, 1.8178105354309082, 1.9980261325836182, 1.8062443733215332, 1.8090404272079468, 1.7966307401657104, 2.0146007537841797, 1.8320753574371338, 1.943468689918518, 2.004584550857544]",sae,Pre-64
1,beta,22,0.0159,0.4519005213187685,0.4442985770479847,0.465946396372426,0.5,0.5939599289403404,0.6740505770656124,30,"[0, 1, 2, 3, 4, 5, 6, 7, 8, 9, 10, 11, 12, 13, 14, 15, 16, 17, 18, 19, 20, 21, 22, 23, 24, 25, 26, 27, 28, 29]","[2.3796064853668213, 2.2602531909942627, 2.1309070587158203, 2.4598073959350586, 2.444528341293335, 2.230468511581421, 2.422499895095825, 2.3920698165893555, 2.3765110969543457, 2.419199228286743, 2.4113245010375977, 2.4354047775268555, 2.1986911296844482, 2.4347665309906006, 2.2491776943206787, 2.3088505268096924, 2.4394960403442383, 2.304655075073242, 2.1214711666107178, 2.0453927516937256, 2.4016611576080322, 2.311635971069336, 2.2684926986694336, 2.352483034133911, 2.4413928985595703, 2.368448257446289, 2.246422052383423, 2.341184616088867, 2.471432685852051, 2.161813259124756]",sae,Pre-64
1,beta,26,0.014,0.4502231978181314,0.4442488029476733,0.4841446020933437,0.5,0.5832450787939482,0.6479611355072754,30,"[0, 1, 2, 3, 4, 5, 6, 7, 8, 9, 10, 11, 12, 13, 14, 15, 16, 17, 18, 19, 20, 21, 22, 23, 24, 25, 26, 27, 28, 29]","[2.267922878265381, 2.4788172245025635, 2.5894663333892822, 2.3666300773620605, 2.261354446411133, 2.461954116821289, 2.590381622314453, 2.496647357940674, 2.4802589416503906, 2.248992443084717, 2.540346145629883, 2.657534122467041, 2.580864667892456, 2.5954837799072266, 2.560671806335449, 2.6056768894195557, 2.300934076309204, 2.379502534866333, 2.356534957885742, 2.4392249584198, 2.1372575759887695, 2.6358542442321777, 2.5534374713897705, 2.5775363445281982, 2.606189250946045, 2.6026461124420166, 2.2810428142547607, 2.5678179264068604, 2.563983201980591, 2.174034833908081]",sae,Pre-64
1,beta,49,0.044,0.462130925118617,0.4524487678230295,0.4545207560125471,0.5,0.6141152509743157,0.6850642109217261,30,"[0, 1, 2, 3, 4, 5, 6, 7, 8, 9, 10, 11, 12, 13, 14, 15, 16, 17, 18, 19, 20, 21, 22, 23, 24, 25, 26, 27, 28, 29]","[1.6090425252914429, 1.6857348680496216, 1.6823347806930542, 1.6430063247680664, 1.5728769302368164, 1.616235375404358, 1.7420449256896973, 1.6431094408035278, 1.787591576576233, 1.6906774044036865, 1.6537374258041382, 1.6060932874679565, 1.7052977085113525, 1.6934503316879272, 1.7619366645812988, 1.722413420677185, 1.7650961875915527, 1.7699626684188843, 1.614384651184082, 1.7134536504745483, 1.7584363222122192, 1.6265383958816528, 1.7661033868789673, 1.6791679859161377, 1.5945839881896973, 1.6860994100570679, 1.6928704977035522, 1.6100400686264038, 1.6091487407684326, 1.6089781522750854]",sae,Pre-64
1,beta,6,0.018,0.4540822999211705,0.4457917896713532,0.4643856163146265,0.5,0.5933447799067053,0.6655356844392446,30,"[0, 1, 2, 3, 4, 5, 6, 7, 8, 9, 10, 11, 12, 13, 14, 15, 16, 17, 18, 19, 20, 21, 22, 23, 24, 25, 26, 27, 28, 29]","[2.1260945796966553, 2.401756525039673, 2.060703754425049, 2.4271421432495117, 2.2719130516052246, 2.3479275703430176, 2.346116065979004, 2.3602709770202637, 2.0545716285705566, 2.387385606765747, 2.3536524772644043, 2.2468881607055664, 2.368046998977661, 2.234093427658081, 2.1676883697509766, 2.436626434326172, 2.1284217834472656, 2.1405622959136963, 2.1392385959625244, 2.3324148654937744, 2.1832282543182373, 2.2512474060058594, 2.3799073696136475, 2.0320487022399902, 2.3218655586242676, 2.261195421218872, 2.4119086265563965, 2.0599024295806885, 2.050629138946533, 2.386190414428711]",sae,Pre-64
1,beta,24,0.0151,0.4501416387440968,0.4383559369047743,0.4647253029844632,0.5,0.6188330126613704,0.6506020357497517,30,"[0, 1, 2, 3, 4, 5, 6, 7, 8, 9, 10, 11, 12, 13, 14, 15, 16, 17, 18, 19, 20, 21, 22, 23, 24, 25, 26, 27, 28, 29]","[2.4551007747650146, 2.3833768367767334, 2.278154134750366, 2.5028271675109863, 2.490510940551758, 2.030121088027954, 2.473763942718506, 2.49086332321167, 2.5638880729675293, 2.4595346450805664, 2.2736337184906006, 2.1276063919067383, 2.559522867202759, 2.554652690887451, 2.197068452835083, 2.1384992599487305, 2.545731544494629, 2.404103994369507, 2.460806131362915, 2.490546941757202, 2.4824328422546387, 2.4820492267608643, 2.0707499980926514, 2.4466094970703125, 2.03668212890625, 2.25932240486145, 2.320006847381592, 2.0576579570770264, 2.558868646621704, 2.4623658657073975]",sae,Pre-64
1,beta,38,0.048,0.4455661720406026,0.4298851252298221,0.4443846288139486,0.5,0.6303640517897944,0.6594851485148515,30,"[0, 1, 2, 3, 4, 5, 6, 7, 8, 9, 10, 11, 12, 13, 14, 15, 16, 17, 18, 19, 20, 21, 22, 23, 24, 25, 26, 27, 28, 29]","[1.552011489868164, 1.5458279848098755, 1.5459721088409424, 1.6376878023147583, 1.5766133069992065, 1.4452369213104248, 1.6404653787612915, 1.5833256244659424, 1.480968952178955, 1.5728495121002197, 1.542861819267273, 1.6204373836517334, 1.608015775680542, 1.5646264553070068, 1.6274834871292114, 1.553104043006897, 1.5311625003814697, 1.637140154838562, 1.5150456428527832, 1.5928568840026855, 1.5640867948532104, 1.5539131164550781, 1.6356950998306274, 1.5039187669754028, 1.557581901550293, 1.6355494260787964, 1.5232534408569336, 1.62810218334198, 1.549838662147522, 1.6347286701202393]",sae,Pre-64
1,beta,49,0.029,0.462130925118617,0.4524487678230295,0.4550298738890418,0.5,0.6141152509743157,0.6858521740151196,30,"[0, 1, 2, 3, 4, 5, 6, 7, 8, 9, 10, 11, 12, 13, 14, 15, 16, 17, 18, 19, 20, 21, 22, 23, 24, 25, 26, 27, 28, 29]","[1.6841201782226562, 1.7649565935134888, 1.75520920753479, 1.7125924825668335, 1.6351875066757202, 1.6767364740371704, 1.8216148614883423, 1.7286096811294556, 1.8702800273895264, 1.7728756666183472, 1.7476102113723755, 1.684373378753662, 1.7870957851409912, 1.7709579467773438, 1.8452211618423462, 1.8151577711105347, 1.8379307985305786, 1.8593553304672241, 1.6960206031799316, 1.7861146926879883, 1.8404521942138672, 1.6954013109207153, 1.8474252223968506, 1.7568753957748413, 1.6636377573013306, 1.7596625089645386, 1.7796589136123657, 1.6758323907852173, 1.6883879899978638, 1.6750482320785522]",sae,Pre-64
1,beta,22,0.008,0.4519005213187685,0.4442985770479847,0.4667196169967439,0.5,0.5939599289403404,0.6742476382075083,30,"[0, 1, 2, 3, 4, 5, 6, 7, 8, 9, 10, 11, 12, 13, 14, 15, 16, 17, 18, 19, 20, 21, 22, 23, 24, 25, 26, 27, 28, 29]","[2.545278787612915, 2.4289402961730957, 2.3101441860198975, 2.6260008811950684, 2.614004373550415, 2.4048047065734863, 2.589024305343628, 2.562380075454712, 2.5464022159576416, 2.5892271995544434, 2.5785090923309326, 2.60604190826416, 2.3700056076049805, 2.605475902557373, 2.4162304401397705, 2.4806089401245117, 2.6080026626586914, 2.4771275520324707, 2.293926954269409, 2.223421335220337, 2.569579839706421, 2.4833710193634033, 2.4418439865112305, 2.522172451019287, 2.6107232570648193, 2.541780710220337, 2.415539264678955, 2.5090901851654053, 2.641535520553589, 2.3339719772338867]",sae,Pre-64
1,beta,27,0.02,0.4609757262074365,0.4537266978541116,0.4815094384746886,0.5,0.5914172664146189,0.6591187590340402,30,"[0, 1, 2, 3, 4, 5, 6, 7, 8, 9, 10, 11, 12, 13, 14, 15, 16, 17, 18, 19, 20, 21, 22, 23, 24, 25, 26, 27, 28, 29]","[2.282269239425659, 2.4573326110839844, 2.0884921550750732, 2.2899889945983887, 2.4209823608398438, 2.314711332321167, 2.36822509765625, 2.0769667625427246, 2.378779649734497, 2.410684823989868, 2.106064558029175, 2.4030022621154785, 2.0945146083831787, 2.065911054611206, 2.1271212100982666, 2.067781448364258, 2.3885130882263184, 2.408942222595215, 2.380605697631836, 2.2238500118255615, 2.454054117202759, 2.057325601577759, 2.373650550842285, 2.357086420059204, 2.091809034347534, 2.4417378902435303, 2.2475383281707764, 2.4008171558380127, 2.284865617752075, 2.3274383544921875]",sae,Pre-64
1,beta,8,0.008,0.4517491928182039,0.4406431065890545,0.4567083864866581,0.5,0.6098144493254953,0.6809730976280922,30,"[0, 1, 2, 3, 4, 5, 6, 7, 8, 9, 10, 11, 12, 13, 14, 15, 16, 17, 18, 19, 20, 21, 22, 23, 24, 25, 26, 27, 28, 29]","[2.553992986679077, 2.5650131702423096, 2.406954526901245, 2.362220048904419, 2.6237027645111084, 2.442002773284912, 2.593306064605713, 2.5501255989074707, 2.2621567249298096, 2.4178638458251953, 2.7125661373138428, 2.625805377960205, 2.1924071311950684, 2.3270933628082275, 2.645240306854248, 2.5972700119018555, 2.3523387908935547, 2.575432300567627, 2.505455255508423, 2.468641519546509, 2.55130672454834, 2.538642168045044, 2.645172357559204, 2.590223789215088, 2.6716487407684326, 2.630460262298584, 2.3846421241760254, 2.619290590286255, 2.451528787612915, 2.547741651535034]",sae,Pre-64
1,beta,10,0.048,0.4493907433353129,0.4390813823454372,0.4482418550643852,0.5,0.6232207829487961,0.6767792170512038,30,"[0, 1, 2, 3, 4, 5, 6, 7, 8, 9, 10, 11, 12, 13, 14, 15, 16, 17, 18, 19, 20, 21, 22, 23, 24, 25, 26, 27, 28, 29]","[1.5922675132751465, 1.4980238676071167, 1.6727895736694336, 1.5872920751571655, 1.5883034467697144, 1.5895190238952637, 1.6597625017166138, 1.6191734075546265, 1.530633807182312, 1.679402470588684, 1.578346848487854, 1.630494236946106, 1.6344733238220215, 1.5909676551818848, 1.6263200044631958, 1.6176310777664185, 1.6344444751739502, 1.5268819332122803, 1.6181700229644775, 1.5581122636795044, 1.5645842552185059, 1.6161983013153076, 1.6763277053833008, 1.6836512088775635, 1.6365303993225098, 1.530141830444336, 1.597456693649292, 1.581844449043274, 1.6075679063796997, 1.6852906942367554]",sae,Pre-64
1,beta,1,0.042,0.4560357198099471,0.4497423189216591,0.4539293188119168,0.5,0.5964054457666336,0.6836042640600652,30,"[0, 1, 2, 3, 4, 5, 6, 7, 8, 9, 10, 11, 12, 13, 14, 15, 16, 17, 18, 19, 20, 21, 22, 23, 24, 25, 26, 27, 28, 29]","[1.756224274635315, 1.6125726699829102, 1.7063653469085693, 1.5786415338516235, 1.7204831838607788, 1.5615516901016235, 1.6303761005401611, 1.6342178583145142, 1.5365030765533447, 1.6149855852127075, 1.635366678237915, 1.6933786869049072, 1.7411060333251953, 1.5950325727462769, 1.7344989776611328, 1.6268806457519531, 1.5758272409439087, 1.6538615226745605, 1.7149832248687744, 1.73699152469635, 1.7552393674850464, 1.632392168045044, 1.6576123237609863, 1.608700156211853, 1.5742038488388062, 1.581915259361267, 1.6541224718093872, 1.6271655559539795, 1.7427459955215454, 1.6627625226974487]",sae,Pre-64
1,beta,43,0.01,0.4515364523902173,0.4432102910589974,0.4564696880421559,0.5,0.6060785767234989,0.7074514455151965,30,"[0, 1, 2, 3, 4, 5, 6, 7, 8, 9, 10, 11, 12, 13, 14, 15, 16, 17, 18, 19, 20, 21, 22, 23, 24, 25, 26, 27, 28, 29]","[2.6415627002716064, 2.5336151123046875, 2.693028688430786, 2.619546890258789, 2.3102128505706787, 2.324479579925537, 2.31085467338562, 2.5006589889526367, 2.2445755004882812, 2.5532774925231934, 2.2680463790893555, 2.737565040588379, 2.5220444202423096, 2.6498007774353027, 2.509294033050537, 2.551939010620117, 2.685208797454834, 2.5688364505767822, 2.4008729457855225, 2.4939181804656982, 2.58121395111084, 2.3813512325286865, 2.6419918537139893, 2.471379518508911, 2.3787569999694824, 2.313493013381958, 2.670109510421753, 2.5514206886291504, 2.6874661445617676, 2.578969955444336]",sae,Pre-64
1,beta,32,0.004,0.4555596844830426,0.4475674839123162,0.4911780071406669,0.5,0.5924839124839124,0.6439227799227799,30,"[0, 1, 2, 3, 4, 5, 6, 7, 8, 9, 10, 11, 12, 13, 14, 15, 16, 17, 18, 19, 20, 21, 22, 23, 24, 25, 26, 27, 28, 29]","[2.7878923416137695, 2.7408833503723145, 2.8424057960510254, 2.795715093612671, 2.7618703842163086, 2.4838345050811768, 2.697988986968994, 2.7339227199554443, 2.708502769470215, 2.6254000663757324, 2.55826473236084, 2.74979829788208, 2.7885310649871826, 2.4501688480377197, 2.465682029724121, 2.4263086318969727, 2.674473285675049, 2.6823999881744385, 2.4741201400756836, 2.7048304080963135, 2.793858528137207, 2.5934786796569824, 2.4663643836975098, 2.7713727951049805, 2.6186604499816895, 2.66938853263855, 2.8008878231048584, 2.7338767051696777, 2.704512596130371, 2.7526371479034424]",sae,Pre-64
1,beta,6,0.044,0.4540822999211705,0.4457917896713532,0.4520240431315576,0.5,0.5933447799067053,0.6652257152842144,30,"[0, 1, 2, 3, 4, 5, 6, 7, 8, 9, 10, 11, 12, 13, 14, 15, 16, 17, 18, 19, 20, 21, 22, 23, 24, 25, 26, 27, 28, 29]","[1.6658822298049927, 1.7103185653686523, 1.5929533243179321, 1.728264331817627, 1.5822144746780396, 1.6298996210098267, 1.6077033281326294, 1.6604865789413452, 1.563979983329773, 1.6893020868301392, 1.6105132102966309, 1.57088041305542, 1.6118472814559937, 1.5660520792007446, 1.3787806034088135, 1.70672607421875, 1.5885108709335327, 1.6542692184448242, 1.6454960107803345, 1.6427682638168335, 1.6305224895477295, 1.5750588178634644, 1.7045820951461792, 1.6137385368347168, 1.5738359689712524, 1.6530638933181763, 1.6188615560531616, 1.5599026679992676, 1.618800163269043, 1.6648491621017456]",sae,Pre-64
1,beta,28,0.042,0.4589844236982603,0.4495627040154577,0.4458941793217565,0.5,0.5987249917034086,0.6988707746645806,30,"[0, 1, 2, 3, 4, 5, 6, 7, 8, 9, 10, 11, 12, 13, 14, 15, 16, 17, 18, 19, 20, 21, 22, 23, 24, 25, 26, 27, 28, 29]","[1.6996192932128906, 1.6094342470169067, 1.568738341331482, 1.7712830305099487, 1.760175108909607, 1.7026169300079346, 1.700736165046692, 1.6065170764923096, 1.6909900903701782, 1.7527506351470947, 1.6486423015594482, 1.7094768285751343, 1.7422524690628052, 1.7840553522109985, 1.732545256614685, 1.6161774396896362, 1.649875283241272, 1.719728708267212, 1.7290077209472656, 1.6947810649871826, 1.6208072900772095, 1.6787992715835571, 1.6879483461380005, 1.6106659173965454, 1.6227048635482788, 1.742509126663208, 1.7714122533798218, 1.6387492418289185, 1.6363719701766968, 1.6289753913879395]",sae,Pre-64
1,beta,3,0.025,0.4557259332451328,0.444824285747971,0.4766734259910883,0.5,0.6042731979176,0.651763131346709,30,"[0, 1, 2, 3, 4, 5, 6, 7, 8, 9, 10, 11, 12, 13, 14, 15, 16, 17, 18, 19, 20, 21, 22, 23, 24, 25, 26, 27, 28, 29]","[1.8070579767227173, 1.7782185077667236, 1.798845648765564, 1.8557484149932861, 1.7997479438781738, 1.9075168371200562, 1.7824989557266235, 1.9024598598480225, 1.65701162815094, 1.876388430595398, 1.793950080871582, 1.9060622453689575, 1.8126707077026367, 1.8811956644058228, 1.8887474536895752, 1.8013790845870972, 1.7511762380599976, 1.8461333513259888, 1.8373700380325317, 1.7803679704666138, 1.702420711517334, 1.7476184368133545, 1.7565613985061646, 1.894010305404663, 1.8733947277069092, 1.8146023750305176, 1.78779935836792, 1.809274435043335, 1.88628351688385, 1.821461796760559]",sae,Pre-64
1,beta,29,0.038,0.4558655961502112,0.4409050416793991,0.4590047304225499,0.5,0.6296548282533407,0.674512319213057,30,"[0, 1, 2, 3, 4, 5, 6, 7, 8, 9, 10, 11, 12, 13, 14, 15, 16, 17, 18, 19, 20, 21, 22, 23, 24, 25, 26, 27, 28, 29]","[1.6269021034240723, 1.6549893617630005, 1.3481216430664062, 1.7482653856277466, 1.6863617897033691, 1.619197964668274, 1.7824660539627075, 1.591780662536621, 1.7006555795669556, 1.7417511940002441, 1.650033712387085, 1.7200883626937866, 1.7374736070632935, 1.6415482759475708, 1.7049100399017334, 1.644704818725586, 1.6971598863601685, 1.6869441270828247, 1.6345957517623901, 1.6633447408676147, 1.7539234161376953, 1.7947018146514893, 1.6616424322128296, 1.6544783115386963, 1.7056574821472168, 1.5520153045654297, 1.6254196166992188, 1.770621418952942, 1.8009874820709229, 1.6118308305740356]",sae,Pre-64
1,beta,27,0.045,0.4609757262074365,0.4537266978541116,0.4644997068872338,0.5,0.5914172664146189,0.6601811827905231,30,"[0, 1, 2, 3, 4, 5, 6, 7, 8, 9, 10, 11, 12, 13, 14, 15, 16, 17, 18, 19, 20, 21, 22, 23, 24, 25, 26, 27, 28, 29]","[1.638940453529358, 1.7346872091293335, 1.6329423189163208, 1.635530948638916, 1.7025597095489502, 1.624802827835083, 1.7222243547439575, 1.581020712852478, 1.7157291173934937, 1.7211021184921265, 1.6026811599731445, 1.743298053741455, 1.6299703121185303, 1.6041253805160522, 1.6182929277420044, 1.5487788915634155, 1.6530526876449585, 1.6927886009216309, 1.6470847129821777, 1.6707695722579956, 1.7293708324432373, 1.6358177661895752, 1.6041704416275024, 1.5973771810531616, 1.6133614778518677, 1.7507520914077759, 1.6185100078582764, 1.6656699180603027, 1.5526995658874512, 1.6757572889328003]",sae,Pre-64
1,beta,13,0.002,0.4619123366083722,0.4531466051409948,0.458713873836199,0.5,0.6127276801885291,0.7152008546948313,30,"[0, 1, 2, 3, 4, 5, 6, 7, 8, 9, 10, 11, 12, 13, 14, 15, 16, 17, 18, 19, 20, 21, 22, 23, 24, 25, 26, 27, 28, 29]","[2.808624267578125, 2.7914764881134033, 2.7904460430145264, 2.706620931625366, 2.5266032218933105, 2.8193013668060303, 2.7842986583709717, 2.6991593837738037, 2.511505126953125, 2.7142956256866455, 2.819471597671509, 2.690749168395996, 2.8210020065307617, 2.488887310028076, 2.773430585861206, 2.6935012340545654, 2.7166457176208496, 2.719242572784424, 2.6967904567718506, 2.653820753097534, 2.7009294033050537, 2.474015474319458, 2.834965944290161, 2.521707057952881, 2.377912998199463, 2.459235191345215, 2.494635820388794, 2.4719977378845215, 2.7687761783599854, 2.5167179107666016]",sae,Pre-64
1,beta,21,0.044,0.4504746503440228,0.4381370334360364,0.4404484476293583,0.5,0.6200058082774133,0.6872798724650577,30,"[0, 1, 2, 3, 4, 5, 6, 7, 8, 9, 10, 11, 12, 13, 14, 15, 16, 17, 18, 19, 20, 21, 22, 23, 24, 25, 26, 27, 28, 29]","[1.4536772966384888, 1.50432288646698, 1.6289401054382324, 1.6236355304718018, 1.6043078899383545, 1.5851643085479736, 1.4987956285476685, 1.5075485706329346, 1.6133291721343994, 1.5255076885223389, 1.6034526824951172, 1.6118006706237793, 1.490871787071228, 1.5179429054260254, 1.5139379501342773, 1.507569432258606, 1.508638620376587, 1.5199782848358154, 1.4508545398712158, 1.6204943656921387, 1.4457645416259766, 1.628455400466919, 1.4406605958938599, 1.4586615562438965, 1.5141929388046265, 1.4722150564193726, 1.4395891427993774, 1.494477391242981, 1.581847906112671, 1.5667346715927124]",sae,Pre-64
1,beta,32,0.022,0.4555596844830426,0.4475674839123162,0.4877883865095399,0.5,0.5924839124839124,0.6423474903474903,30,"[0, 1, 2, 3, 4, 5, 6, 7, 8, 9, 10, 11, 12, 13, 14, 15, 16, 17, 18, 19, 20, 21, 22, 23, 24, 25, 26, 27, 28, 29]","[2.3293533325195312, 2.27162766456604, 2.366844892501831, 2.3145501613616943, 2.291706085205078, 2.030022144317627, 2.233391046524048, 2.264554738998413, 2.2521016597747803, 2.151374578475952, 2.129000186920166, 2.2862472534179688, 2.312776565551758, 2.0083117485046387, 2.0190205574035645, 1.98733651638031, 2.202157974243164, 2.237936019897461, 2.036102294921875, 2.223544120788574, 2.3425827026367188, 2.155902862548828, 2.0341014862060547, 2.3237545490264893, 2.1725962162017822, 2.1939194202423096, 2.3454325199127197, 2.2633609771728516, 2.229517936706543, 2.2855722904205322]",sae,Pre-64
1,beta,34,0.04,0.4568527557813058,0.4470225010708758,0.4534803674153625,0.5,0.6011606799053854,0.6789644500160683,30,"[0, 1, 2, 3, 4, 5, 6, 7, 8, 9, 10, 11, 12, 13, 14, 15, 16, 17, 18, 19, 20, 21, 22, 23, 24, 25, 26, 27, 28, 29]","[1.6164723634719849, 1.7211153507232666, 1.7229193449020386, 1.659425973892212, 1.6040949821472168, 1.636301040649414, 1.6674555540084839, 1.6166784763336182, 1.5843844413757324, 1.6198341846466064, 1.6969845294952393, 1.4868124723434448, 1.7181487083435059, 1.6091786623001099, 1.5817441940307617, 1.6231870651245117, 1.7315119504928589, 1.7220410108566284, 1.6383006572723389, 1.6045221090316772, 1.6592509746551514, 1.730484127998352, 1.6827887296676636, 1.736214280128479, 1.5970144271850586, 1.5662027597427368, 1.7482448816299438, 1.7494704723358154, 1.718155026435852, 1.7321990728378296]",sae,Pre-64
1,beta,31,0.0155,0.4497611378811508,0.4308970333737342,0.4497346983443486,0.5,0.642735734520437,0.7089726542174942,30,"[0, 1, 2, 3, 4, 5, 6, 7, 8, 9, 10, 11, 12, 13, 14, 15, 16, 17, 18, 19, 20, 21, 22, 23, 24, 25, 26, 27, 28, 29]","[2.3546745777130127, 2.5106701850891113, 2.3899996280670166, 2.20487380027771, 2.2531492710113525, 2.433598756790161, 2.312044382095337, 2.2629435062408447, 2.387382984161377, 2.4146039485931396, 2.4021570682525635, 2.2088096141815186, 2.4758195877075195, 2.4171929359436035, 2.482224225997925, 2.41992449760437, 2.100329637527466, 2.445329189300537, 2.343445301055908, 2.4090921878814697, 2.4520552158355713, 2.336902379989624, 2.3665218353271484, 2.1569459438323975, 2.2295801639556885, 2.4405174255371094, 2.2651240825653076, 2.4919774532318115, 2.305910110473633, 2.3222250938415527]",sae,Pre-64
1,beta,39,0.024,0.4461088087810431,0.4292341094433316,0.4556785192048063,0.5,0.6205127278095635,0.6740315928065054,30,"[0, 1, 2, 3, 4, 5, 6, 7, 8, 9, 10, 11, 12, 13, 14, 15, 16, 17, 18, 19, 20, 21, 22, 23, 24, 25, 26, 27, 28, 29]","[1.8864591121673584, 2.2006337642669678, 2.3367581367492676, 2.346236228942871, 2.006361961364746, 1.8699901103973389, 2.1154208183288574, 2.2459335327148438, 1.9205613136291504, 2.291194438934326, 2.2292141914367676, 2.3136963844299316, 2.0028257369995117, 2.062756299972534, 2.268465280532837, 2.39650297164917, 2.3654744625091553, 2.326814889907837, 1.9132039546966553, 2.257534980773926, 2.264381170272827, 1.9364184141159058, 2.2489776611328125, 2.280510663986206, 2.357822895050049, 1.8565430641174316, 2.1918115615844727, 2.219590425491333, 2.332730770111084, 2.216259002685547]",sae,Pre-64
1,beta,27,0.03,0.4609757262074365,0.4537266978541116,0.4681450596065198,0.5,0.5914172664146189,0.6593037376686641,30,"[0, 1, 2, 3, 4, 5, 6, 7, 8, 9, 10, 11, 12, 13, 14, 15, 16, 17, 18, 19, 20, 21, 22, 23, 24, 25, 26, 27, 28, 29]","[1.749380111694336, 1.8841333389282227, 1.749945044517517, 1.7676739692687988, 1.8432554006576538, 1.7766895294189453, 1.8681371212005615, 1.7220877408981323, 1.8647184371948242, 1.8704205751419067, 1.7411354780197144, 1.8905822038650513, 1.7618987560272217, 1.7236051559448242, 1.7314444780349731, 1.6816990375518799, 1.8022881746292114, 1.8289963006973267, 1.8017646074295044, 1.824891209602356, 1.8625986576080322, 1.7486625909805298, 1.756482720375061, 1.7642650604248047, 1.7393293380737305, 1.899487853050232, 1.7537508010864258, 1.8119637966156006, 1.6895147562026978, 1.8119252920150757]",sae,Pre-64
1,beta,16,0.05,0.4519396108125126,0.4401978349795346,0.4371087163761689,0.5,0.6159012314439947,0.7204760699826489,30,"[0, 1, 2, 3, 4, 5, 6, 7, 8, 9, 10, 11, 12, 13, 14, 15, 16, 17, 18, 19, 20, 21, 22, 23, 24, 25, 26, 27, 28, 29]","[1.6300125122070312, 1.5431604385375977, 1.6005533933639526, 1.6654167175292969, 1.6807897090911865, 1.5773704051971436, 1.6787253618240356, 1.623490333557129, 1.5736372470855713, 1.6798014640808105, 1.6866296529769897, 1.6237949132919312, 1.5982369184494019, 1.569559931755066, 1.5970300436019897, 1.6091667413711548, 1.6161624193191528, 1.5359821319580078, 1.5762913227081299, 1.6707637310028076, 1.6951504945755005, 1.657225251197815, 1.660712718963623, 1.6600635051727295, 1.5534322261810303, 1.6507978439331055, 1.6119307279586792, 1.5756640434265137, 1.5479780435562134, 1.5892231464385986]",sae,Pre-64
1,beta,0,0.0535,0.4600628296558519,0.4487196928272481,0.4353929598376227,0.5,0.6146148452673732,0.7220592283673186,30,"[0, 1, 2, 3, 4, 5, 6, 7, 8, 9, 10, 11, 12, 13, 14, 15, 16, 17, 18, 19, 20, 21, 22, 23, 24, 25, 26, 27, 28, 29]","[1.5074728727340698, 1.542569875717163, 1.548590064048767, 1.5971288681030273, 1.491487979888916, 1.5323232412338257, 1.5911290645599365, 1.617313027381897, 1.599303126335144, 1.5196882486343384, 1.5264875888824463, 1.5340162515640259, 1.6210962533950806, 1.5986039638519287, 1.6155459880828857, 1.5358771085739136, 1.5753381252288818, 1.4843460321426392, 1.4592002630233765, 1.6017295122146606, 1.502097249031067, 1.4845123291015625, 1.5957937240600586, 1.5217235088348389, 1.5015498399734497, 1.4678336381912231, 1.5934542417526245, 1.4724873304367065, 1.6057405471801758, 1.4789001941680908]",sae,Pre-64
1,beta,13,0.02,0.4619123366083722,0.4531466051409948,0.4565225035624491,0.5,0.6127276801885291,0.7149274200027342,30,"[0, 1, 2, 3, 4, 5, 6, 7, 8, 9, 10, 11, 12, 13, 14, 15, 16, 17, 18, 19, 20, 21, 22, 23, 24, 25, 26, 27, 28, 29]","[2.407175064086914, 2.398691415786743, 2.3883955478668213, 2.3049488067626953, 2.122086763381958, 2.4157705307006836, 2.3865206241607666, 2.2975802421569824, 2.089683771133423, 2.314183473587036, 2.4187276363372803, 2.296299457550049, 2.424046039581299, 2.070446491241455, 2.369032859802246, 2.2970166206359863, 2.313971519470215, 2.3193559646606445, 2.2847232818603516, 2.25304913520813, 2.2982826232910156, 2.0691394805908203, 2.435673952102661, 2.117016553878784, 1.9433982372283936, 2.0412333011627197, 2.080651044845581, 2.067314863204956, 2.370797634124756, 2.107511043548584]",sae,Pre-64
1,beta,35,0.029,0.4566193215888805,0.4379483378046387,0.4393533890185933,0.5,0.637290178651746,0.7159608153572136,30,"[0, 1, 2, 3, 4, 5, 6, 7, 8, 9, 10, 11, 12, 13, 14, 15, 16, 17, 18, 19, 20, 21, 22, 23, 24, 25, 26, 27, 28, 29]","[1.7004578113555908, 1.8269037008285522, 1.8757880926132202, 1.7879860401153564, 1.8304033279418945, 1.79324471950531, 1.7395504713058472, 1.8943777084350586, 1.920695185661316, 1.7886757850646973, 1.8644206523895264, 1.7121914625167847, 1.7873138189315796, 1.7102546691894531, 1.7915210723876953, 1.7102051973342896, 1.8792444467544556, 1.7091550827026367, 1.8202488422393799, 1.7037616968154907, 1.7088350057601929, 1.7102571725845337, 1.7565336227416992, 1.7239997386932373, 1.7855241298675537, 1.834009051322937, 1.7095457315444946, 1.809933066368103, 1.9025864601135254, 1.8162012100219727]",sae,Pre-64
1,beta,38,0.0151,0.4455661720406026,0.4298851252298221,0.4679996843255437,0.5,0.6303640517897944,0.6510769230769231,30,"[0, 1, 2, 3, 4, 5, 6, 7, 8, 9, 10, 11, 12, 13, 14, 15, 16, 17, 18, 19, 20, 21, 22, 23, 24, 25, 26, 27, 28, 29]","[2.522728204727173, 2.5731563568115234, 2.186155319213867, 2.631822347640991, 2.326737403869629, 2.5300214290618896, 2.6407315731048584, 2.212677240371704, 2.513955593109131, 2.4275784492492676, 2.1931004524230957, 2.5117475986480713, 2.579508066177368, 2.1157426834106445, 2.6268930435180664, 2.3229591846466064, 2.513681650161743, 2.555748462677002, 2.290910005569458, 2.5710904598236084, 2.3473331928253174, 2.4870941638946533, 2.523087739944458, 2.156362771987915, 2.293189764022827, 2.5958731174468994, 2.4949331283569336, 2.583932876586914, 2.3622872829437256, 2.5498738288879395]",sae,Pre-64
1,beta,39,0.005,0.4461088087810431,0.4292341094433316,0.458525440385945,0.5,0.6205127278095635,0.6753964165092451,30,"[0, 1, 2, 3, 4, 5, 6, 7, 8, 9, 10, 11, 12, 13, 14, 15, 16, 17, 18, 19, 20, 21, 22, 23, 24, 25, 26, 27, 28, 29]","[2.379777431488037, 2.6798653602600098, 2.788236618041992, 2.8056299686431885, 2.4788992404937744, 2.3659420013427734, 2.5895564556121826, 2.7004776000976562, 2.3939778804779053, 2.7609643936157227, 2.686579704284668, 2.7633049488067627, 2.4888393878936768, 2.5351383686065674, 2.7258081436157227, 2.8516814708709717, 2.827165126800537, 2.784454822540283, 2.387866973876953, 2.7171130180358887, 2.713785409927368, 2.4214749336242676, 2.718435049057007, 2.7492523193359375, 2.816873788833618, 2.3542065620422363, 2.649155378341675, 2.673858880996704, 2.796315908432007, 2.669975519180298]",sae,Pre-64
1,beta,21,0.012,0.4504746503440228,0.4381370334360364,0.4594457539416487,0.5,0.6200058082774133,0.6861321197740952,30,"[0, 1, 2, 3, 4, 5, 6, 7, 8, 9, 10, 11, 12, 13, 14, 15, 16, 17, 18, 19, 20, 21, 22, 23, 24, 25, 26, 27, 28, 29]","[2.417954206466675, 2.480431318283081, 2.5727243423461914, 2.4984710216522217, 2.4948270320892334, 2.5235140323638916, 2.428398370742798, 2.494335651397705, 2.561648368835449, 2.1594929695129395, 2.537468433380127, 2.5660645961761475, 2.3405847549438477, 2.5464205741882324, 2.4686083793640137, 2.1775622367858887, 2.1852283477783203, 2.234670877456665, 2.3910000324249268, 2.5172009468078613, 2.1976046562194824, 2.539172410964966, 2.3587331771850586, 2.3730385303497314, 2.422619581222534, 2.2431578636169434, 2.341644525527954, 2.342740297317505, 2.3631091117858887, 2.433591365814209]",sae,Pre-64
1,beta,44,0.05,0.4469012312759677,0.43811650775401,0.4635148004897124,0.5,0.5982762074796864,0.6219058056837131,30,"[0, 1, 2, 3, 4, 5, 6, 7, 8, 9, 10, 11, 12, 13, 14, 15, 16, 17, 18, 19, 20, 21, 22, 23, 24, 25, 26, 27, 28, 29]","[1.557854413986206, 1.5451117753982544, 1.5092417001724243, 1.5120044946670532, 1.5417611598968506, 1.6143571138381958, 1.610425353050232, 1.4890122413635254, 1.5592267513275146, 1.6507227420806885, 1.5507655143737793, 1.5305827856063843, 1.5516736507415771, 1.514812707901001, 1.6336591243743896, 1.6317174434661865, 1.4845373630523682, 1.399449348449707, 1.5688613653182983, 1.552586555480957, 1.499312162399292, 1.4836755990982056, 1.5575718879699707, 1.5539528131484985, 1.6053744554519653, 1.5127357244491577, 1.5172479152679443, 1.5417697429656982, 1.5612640380859375, 1.5512551069259644]",sae,Pre-64
1,beta,11,0.034,0.4566976193509867,0.4496008864727478,0.4406111485082923,0.5,0.5995106990682213,0.7116380168094769,30,"[0, 1, 2, 3, 4, 5, 6, 7, 8, 9, 10, 11, 12, 13, 14, 15, 16, 17, 18, 19, 20, 21, 22, 23, 24, 25, 26, 27, 28, 29]","[1.7099822759628296, 1.5618376731872559, 1.6512634754180908, 1.603865146636963, 1.7517544031143188, 1.588350772857666, 1.6231212615966797, 1.4608120918273926, 1.7320661544799805, 1.7298672199249268, 1.7340728044509888, 1.7511192560195923, 1.7806614637374878, 1.640432357788086, 1.6337076425552368, 1.6319422721862793, 1.6905786991119385, 1.5877424478530884, 1.5987240076065063, 1.7050790786743164, 1.6265275478363037, 1.6933331489562988, 1.7524480819702148, 1.671046257019043, 1.6319059133529663, 1.711669921875, 1.7416815757751465, 1.5860176086425781, 1.6389806270599365, 1.5916733741760254]",sae,Pre-64
1,beta,21,0.04,0.4504746503440228,0.4381370334360364,0.4439201337770717,0.5,0.6200058082774133,0.6872319850714912,30,"[0, 1, 2, 3, 4, 5, 6, 7, 8, 9, 10, 11, 12, 13, 14, 15, 16, 17, 18, 19, 20, 21, 22, 23, 24, 25, 26, 27, 28, 29]","[1.6119569540023804, 1.6840770244598389, 1.8045179843902588, 1.7994976043701172, 1.8034931421279907, 1.757188081741333, 1.6369572877883911, 1.6728395223617554, 1.8016467094421387, 1.6633381843566895, 1.7688125371932983, 1.7967637777328491, 1.6359657049179077, 1.6955302953720093, 1.6895356178283691, 1.6376169919967651, 1.6519114971160889, 1.6690161228179932, 1.635048747062683, 1.7977616786956787, 1.589395523071289, 1.7933764457702637, 1.588563323020935, 1.6139754056930542, 1.6544864177703857, 1.6419061422348022, 1.6143544912338257, 1.6603641510009766, 1.742767572402954, 1.7413076162338257]",sae,Pre-64
1,beta,21,0.018,0.4504746503440228,0.4381370334360364,0.4586604172242503,0.5,0.6200058082774133,0.6859034960886814,30,"[0, 1, 2, 3, 4, 5, 6, 7, 8, 9, 10, 11, 12, 13, 14, 15, 16, 17, 18, 19, 20, 21, 22, 23, 24, 25, 26, 27, 28, 29]","[2.2992210388183594, 2.361520290374756, 2.451465129852295, 2.3751606941223145, 2.371607542037964, 2.4032959938049316, 2.3091890811920166, 2.3758604526519775, 2.4409968852996826, 2.030864715576172, 2.4162676334381104, 2.445232391357422, 2.2193045616149902, 2.4280102252960205, 2.3492279052734375, 2.0511116981506348, 2.060391426086426, 2.108308792114258, 2.2700366973876953, 2.3939735889434814, 2.0761513710021973, 2.417073965072632, 2.2394773960113525, 2.252986431121826, 2.301924705505371, 2.120482921600342, 2.2197375297546387, 2.2177734375, 2.2377312183380127, 2.3092784881591797]",sae,Pre-64
1,beta,5,0.046,0.4445517550333296,0.4301735816232515,0.4348186683343374,0.5,0.6070910659257547,0.6821787314902207,30,"[0, 1, 2, 3, 4, 5, 6, 7, 8, 9, 10, 11, 12, 13, 14, 15, 16, 17, 18, 19, 20, 21, 22, 23, 24, 25, 26, 27, 28, 29]","[1.5677149295806885, 1.4369797706604004, 1.4335834980010986, 1.5781997442245483, 1.5722259283065796, 1.5243855714797974, 1.5022058486938477, 1.4703172445297241, 1.5340750217437744, 1.4363322257995605, 1.5472354888916016, 1.575898289680481, 1.5156136751174927, 1.493794322013855, 1.5778555870056152, 1.544923186302185, 1.542084813117981, 1.5702457427978516, 1.432672142982483, 1.5035277605056763, 1.5846322774887085, 1.5068244934082031, 1.5972144603729248, 1.446315884590149, 1.5192898511886597, 1.5878666639328003, 1.4390615224838257, 1.508498191833496, 1.5531724691390991, 1.5220638513565063]",sae,Pre-64
1,beta,14,0.038,0.4467366851483266,0.4421697276018216,0.4399913458894256,0.5,0.5934222168898753,0.6937731519668862,30,"[0, 1, 2, 3, 4, 5, 6, 7, 8, 9, 10, 11, 12, 13, 14, 15, 16, 17, 18, 19, 20, 21, 22, 23, 24, 25, 26, 27, 28, 29]","[1.5796974897384644, 1.4825890064239502, 1.6015268564224243, 1.6377226114273071, 1.6057379245758057, 1.6075019836425781, 1.5472174882888794, 1.7120227813720703, 1.6058043241500854, 1.684493899345398, 1.5455687046051025, 1.5704107284545898, 1.592401146888733, 1.682966947555542, 1.636257529258728, 1.6090463399887085, 1.7044532299041748, 1.7016911506652832, 1.6193714141845703, 1.576582908630371, 1.5928401947021484, 1.6205538511276245, 1.6826268434524536, 1.5707157850265503, 1.6926859617233276, 1.6988517045974731, 1.6475937366485596, 1.701225996017456, 1.6918402910232544, 1.6026016473770142]",sae,Pre-64
1,beta,22,0.052,0.4519005213187685,0.4442985770479847,0.4467168881730105,0.5,0.5939599289403404,0.6809381580959777,30,"[0, 1, 2, 3, 4, 5, 6, 7, 8, 9, 10, 11, 12, 13, 14, 15, 16, 17, 18, 19, 20, 21, 22, 23, 24, 25, 26, 27, 28, 29]","[1.4779391288757324, 1.5158706903457642, 1.536528468132019, 1.5711960792541504, 1.5988233089447021, 1.496096134185791, 1.5095514059066772, 1.4899588823318481, 1.4933322668075562, 1.544769048690796, 1.4882732629776, 1.593705415725708, 1.5216423273086548, 1.584315299987793, 1.4344289302825928, 1.5724701881408691, 1.5856815576553345, 1.5286635160446167, 1.4555466175079346, 1.459147334098816, 1.5577572584152222, 1.5518543720245361, 1.5469050407409668, 1.4978998899459839, 1.5600590705871582, 1.5884056091308594, 1.4813232421875, 1.4654971361160278, 1.6102278232574463, 1.4585347175598145]",sae,Pre-64
1,beta,14,0.016,0.4467366851483266,0.4421697276018216,0.4581559029235628,0.5,0.5934222168898753,0.6888030714317852,30,"[0, 1, 2, 3, 4, 5, 6, 7, 8, 9, 10, 11, 12, 13, 14, 15, 16, 17, 18, 19, 20, 21, 22, 23, 24, 25, 26, 27, 28, 29]","[2.070695161819458, 2.249607563018799, 2.4145162105560303, 2.345156669616699, 2.1482291221618652, 2.449493169784546, 2.065910577774048, 2.41359281539917, 2.481999397277832, 2.551710605621338, 2.3316800594329834, 2.4336557388305664, 2.494997262954712, 2.516357421875, 2.3527190685272217, 2.1893351078033447, 2.527613878250122, 2.5156924724578857, 2.3076326847076416, 2.0641093254089355, 2.09951114654541, 2.2728993892669678, 2.4118425846099854, 2.1966264247894287, 2.5451533794403076, 2.5070059299468994, 2.501164436340332, 2.4550588130950928, 2.343280076980591, 2.5261688232421875]",sae,Pre-64
1,beta,36,0.008,0.4642138821845151,0.4576483090311837,0.4809271633730327,0.5,0.6031055233182893,0.6746199778114671,30,"[0, 1, 2, 3, 4, 5, 6, 7, 8, 9, 10, 11, 12, 13, 14, 15, 16, 17, 18, 19, 20, 21, 22, 23, 24, 25, 26, 27, 28, 29]","[2.627760171890259, 2.60197114944458, 2.5066277980804443, 2.5488362312316895, 2.2798268795013428, 2.625180244445801, 2.5461604595184326, 2.223566770553589, 2.625607967376709, 2.5532209873199463, 2.6061766147613525, 2.6523163318634033, 2.307551145553589, 2.5986385345458984, 2.2916412353515625, 2.6222636699676514, 2.6634278297424316, 2.4780261516571045, 2.6966283321380615, 2.3395802974700928, 2.226557493209839, 2.5965051651000977, 2.6024351119995117, 2.420034170150757, 2.617995500564575, 2.4968838691711426, 2.5418598651885986, 2.445932388305664, 2.5671892166137695, 2.2960879802703857]",sae,Pre-64
1,beta,7,0.04,0.4564836922581216,0.4420418003909208,0.4445403079700626,0.5,0.6095136152062148,0.701177591120665,30,"[0, 1, 2, 3, 4, 5, 6, 7, 8, 9, 10, 11, 12, 13, 14, 15, 16, 17, 18, 19, 20, 21, 22, 23, 24, 25, 26, 27, 28, 29]","[1.6255173683166504, 1.6987276077270508, 1.734745979309082, 1.7179627418518066, 1.7180747985839844, 1.6735256910324097, 1.7351932525634766, 1.6542335748672485, 1.7928438186645508, 1.678344488143921, 1.6090977191925049, 1.6546684503555298, 1.5945329666137695, 1.6365655660629272, 1.815667986869812, 1.7178919315338135, 1.6487935781478882, 1.6789804697036743, 1.7418850660324097, 1.7257760763168335, 1.7147282361984253, 1.7982585430145264, 1.7673338651657104, 1.6448676586151123, 1.7874311208724976, 1.8184199333190918, 1.6364123821258545, 1.6494425535202026, 1.7798616886138916, 1.6384762525558472]",sae,Pre-64
1,beta,28,0.0535,0.4589844236982603,0.4495627040154577,0.4417975387770627,0.5,0.5987249917034086,0.6982707533304888,30,"[0, 1, 2, 3, 4, 5, 6, 7, 8, 9, 10, 11, 12, 13, 14, 15, 16, 17, 18, 19, 20, 21, 22, 23, 24, 25, 26, 27, 28, 29]","[1.4564751386642456, 1.3400195837020874, 1.329219937324524, 1.5487269163131714, 1.5027871131896973, 1.486676812171936, 1.4473408460617065, 1.3802533149719238, 1.4811069965362549, 1.5126900672912598, 1.442715048789978, 1.4732497930526733, 1.5204097032546997, 1.530510425567627, 1.4634547233581543, 1.4105048179626465, 1.4452341794967651, 1.5018147230148315, 1.4764256477355957, 1.4765751361846924, 1.4110833406448364, 1.4313263893127441, 1.4330984354019165, 1.3812720775604248, 1.412854552268982, 1.5015006065368652, 1.5403293371200562, 1.4235625267028809, 1.4022804498672485, 1.4142951965332031]",sae,Pre-64
1,beta,17,0.0155,0.4599327030141671,0.4513468217402507,0.4641865002688275,0.5,0.6120635717004715,0.6914377722777332,30,"[0, 1, 2, 3, 4, 5, 6, 7, 8, 9, 10, 11, 12, 13, 14, 15, 16, 17, 18, 19, 20, 21, 22, 23, 24, 25, 26, 27, 28, 29]","[2.4532058238983154, 2.4019250869750977, 2.459144115447998, 2.2992630004882812, 2.4544639587402344, 2.153975248336792, 2.2082982063293457, 2.080409526824951, 2.4300081729888916, 2.3480992317199707, 2.4953978061676025, 2.512646436691284, 2.2513091564178467, 2.5082833766937256, 2.3895721435546875, 2.0658140182495117, 2.150446891784668, 2.4242217540740967, 2.414825677871704, 2.2390549182891846, 2.359194278717041, 2.394282102584839, 2.3546645641326904, 2.451920986175537, 2.43841552734375, 2.486799716949463, 2.2491695880889893, 2.496581554412842, 2.4486944675445557, 2.209887981414795]",sae,Pre-64
1,beta,46,0.032,0.4545712902572906,0.4417269056853911,0.4572106359837465,0.5,0.6270377926330811,0.6888555286107155,30,"[0, 1, 2, 3, 4, 5, 6, 7, 8, 9, 10, 11, 12, 13, 14, 15, 16, 17, 18, 19, 20, 21, 22, 23, 24, 25, 26, 27, 28, 29]","[1.6442986726760864, 1.7633640766143799, 1.7437629699707031, 1.7324825525283813, 1.6487644910812378, 1.7689086198806763, 1.66464102268219, 1.8177671432495117, 1.7158347368240356, 1.8316742181777954, 1.5599398612976074, 1.6458420753479004, 1.7986735105514526, 1.646559715270996, 1.6971368789672852, 1.8033900260925293, 1.710901141166687, 1.7249953746795654, 1.8284993171691895, 1.7878473997116089, 1.6888624429702759, 1.704901099205017, 1.714239239692688, 1.7253010272979736, 1.7086875438690186, 1.7328311204910278, 1.7330979108810425, 1.7497769594192505, 1.698510766029358, 1.7112078666687012]",sae,Pre-64
1,beta,45,0.025,0.4515599815008028,0.4347157609968581,0.45213349154922,0.5,0.6289673345145609,0.6772280526403465,30,"[0, 1, 2, 3, 4, 5, 6, 7, 8, 9, 10, 11, 12, 13, 14, 15, 16, 17, 18, 19, 20, 21, 22, 23, 24, 25, 26, 27, 28, 29]","[1.7069562673568726, 1.7093863487243652, 1.588560938835144, 1.786562204360962, 1.7875231504440308, 1.6383740901947021, 1.7879891395568848, 1.776871919631958, 1.6368255615234375, 1.586584448814392, 1.7200804948806763, 1.7870794534683228, 1.7548713684082031, 1.658732533454895, 1.6867713928222656, 1.693521499633789, 1.7147051095962524, 1.634210467338562, 1.6955839395523071, 1.691587209701538, 1.7503308057785034, 1.6319786310195923, 1.7650952339172363, 1.6565192937850952, 1.5970654487609863, 1.7869302034378052, 1.627702236175537, 1.640891671180725, 1.5791172981262207, 1.7910752296447754]",sae,Pre-64
1,beta,6,0.054,0.4540822999211705,0.4457917896713532,0.4502314720609625,0.5,0.5933447799067053,0.6644827009861274,30,"[0, 1, 2, 3, 4, 5, 6, 7, 8, 9, 10, 11, 12, 13, 14, 15, 16, 17, 18, 19, 20, 21, 22, 23, 24, 25, 26, 27, 28, 29]","[1.6168875694274902, 1.6552319526672363, 1.5467407703399658, 1.6728730201721191, 1.5354300737380981, 1.5707074403762817, 1.5503664016723633, 1.6105201244354248, 1.5129104852676392, 1.636439561843872, 1.558146595954895, 1.5121570825576782, 1.5586808919906616, 1.5174386501312256, 1.3335342407226562, 1.646552324295044, 1.5311940908432007, 1.5956367254257202, 1.5937116146087646, 1.5964239835739136, 1.5769288539886475, 1.5262525081634521, 1.6506761312484741, 1.567828893661499, 1.5213457345962524, 1.594714879989624, 1.551849603652954, 1.5114961862564087, 1.5674867630004883, 1.608132004737854]",sae,Pre-64
1,beta,36,0.026,0.4642138821845151,0.4576483090311837,0.4720338080500083,0.5,0.6031055233182893,0.6748131109833237,30,"[0, 1, 2, 3, 4, 5, 6, 7, 8, 9, 10, 11, 12, 13, 14, 15, 16, 17, 18, 19, 20, 21, 22, 23, 24, 25, 26, 27, 28, 29]","[1.9401706457138062, 1.9776471853256226, 1.7701129913330078, 1.945549726486206, 1.7853379249572754, 1.9793280363082886, 1.782977819442749, 1.788600206375122, 2.0014536380767822, 1.8690602779388428, 1.891340732574463, 1.9657284021377563, 1.8351562023162842, 1.8953635692596436, 1.784478783607483, 1.9745687246322632, 1.927130937576294, 1.9067364931106567, 1.9835315942764282, 1.8234411478042603, 1.7645219564437866, 1.8961691856384277, 1.873918890953064, 1.7887524366378784, 1.9387025833129883, 1.9470912218093872, 1.8583331108093262, 1.9226882457733154, 1.9061106443405151, 1.8031715154647827]",sae,Pre-64
1,beta,33,0.046,0.4492211383258522,0.4377959816952598,0.4350185011897456,0.5,0.6165210074526608,0.6907117503146523,30,"[0, 1, 2, 3, 4, 5, 6, 7, 8, 9, 10, 11, 12, 13, 14, 15, 16, 17, 18, 19, 20, 21, 22, 23, 24, 25, 26, 27, 28, 29]","[1.6405831575393677, 1.6918139457702637, 1.6409633159637451, 1.5939321517944336, 1.5332729816436768, 1.7227611541748047, 1.5455286502838135, 1.6952131986618042, 1.6737940311431885, 1.6842156648635864, 1.6114082336425781, 1.7004183530807495, 1.6712034940719604, 1.531927466392517, 1.6027944087982178, 1.6621525287628174, 1.5826916694641113, 1.5725115537643433, 1.703273057937622, 1.717606782913208, 1.6111832857131958, 1.53651762008667, 1.7117804288864136, 1.6438976526260376, 1.7086811065673828, 1.620509386062622, 1.578207015991211, 1.5295547246932983, 1.528009295463562, 1.5739020109176636]",sae,Pre-64
1,beta,34,0.018,0.4568527557813058,0.4470225010708758,0.467163197577438,0.5,0.6011606799053854,0.6806393148832806,30,"[0, 1, 2, 3, 4, 5, 6, 7, 8, 9, 10, 11, 12, 13, 14, 15, 16, 17, 18, 19, 20, 21, 22, 23, 24, 25, 26, 27, 28, 29]","[2.1365270614624023, 2.381922483444214, 2.371405601501465, 2.3826582431793213, 2.2025375366210938, 2.092024564743042, 2.412647247314453, 2.398259401321411, 2.1710755825042725, 2.1036148071289062, 2.3034980297088623, 2.234894037246704, 2.306630849838257, 2.381903648376465, 2.0614867210388184, 2.225536584854126, 2.39094877243042, 2.3993051052093506, 2.3628053665161133, 2.0549867153167725, 2.3967196941375732, 2.4099936485290527, 2.223350763320923, 2.317737102508545, 1.987324833869934, 2.216637372970581, 2.4419431686401367, 2.456735134124756, 2.3182308673858643, 2.318145275115967]",sae,Pre-64
1,beta,46,0.015,0.4545712902572906,0.4417269056853911,0.4772365680740734,0.5,0.6270377926330811,0.687322951728818,30,"[0, 1, 2, 3, 4, 5, 6, 7, 8, 9, 10, 11, 12, 13, 14, 15, 16, 17, 18, 19, 20, 21, 22, 23, 24, 25, 26, 27, 28, 29]","[2.3448281288146973, 2.5171871185302734, 2.571223497390747, 2.435170888900757, 2.2940471172332764, 2.2534937858581543, 2.242598056793213, 2.597724676132202, 2.569260597229004, 2.6784965991973877, 2.4589171409606934, 2.503398895263672, 2.616441249847412, 2.4650213718414307, 2.364124059677124, 2.588813543319702, 2.4667320251464844, 2.5759544372558594, 2.645331621170044, 2.486844778060913, 2.5347580909729004, 2.58919358253479, 2.547934055328369, 2.3302433490753174, 2.2108545303344727, 2.30769681930542, 2.5687460899353027, 2.2300870418548584, 2.56974196434021, 2.580296754837036]",sae,Pre-64
1,beta,38,0.034,0.4455661720406026,0.4298851252298221,0.4493666198171911,0.5,0.6303640517897944,0.6572140137090632,30,"[0, 1, 2, 3, 4, 5, 6, 7, 8, 9, 10, 11, 12, 13, 14, 15, 16, 17, 18, 19, 20, 21, 22, 23, 24, 25, 26, 27, 28, 29]","[1.7226558923721313, 1.7327020168304443, 1.685562014579773, 1.8353431224822998, 1.7753372192382812, 1.6704537868499756, 1.830159068107605, 1.7495850324630737, 1.6907848119735718, 1.7589635848999023, 1.6946686506271362, 1.8175671100616455, 1.796796441078186, 1.7117599248886108, 1.8297126293182373, 1.7515568733215332, 1.6960161924362183, 1.799481987953186, 1.6642160415649414, 1.7794638872146606, 1.747894287109375, 1.7267910242080688, 1.8014694452285767, 1.6682215929031372, 1.7375396490097046, 1.8300561904907227, 1.7066277265548706, 1.802278995513916, 1.7335705757141113, 1.8144885301589966]",sae,Pre-64
1,beta,46,0.022,0.4545712902572906,0.4417269056853911,0.4758656049592074,0.5,0.6270377926330811,0.6876266157993708,30,"[0, 1, 2, 3, 4, 5, 6, 7, 8, 9, 10, 11, 12, 13, 14, 15, 16, 17, 18, 19, 20, 21, 22, 23, 24, 25, 26, 27, 28, 29]","[2.1604089736938477, 2.345258951187134, 2.3962912559509277, 2.2499024868011475, 2.112931966781616, 2.0586464405059814, 2.0599563121795654, 2.41748309135437, 2.396618366241455, 2.502883195877075, 2.284851551055908, 2.3305838108062744, 2.439845323562622, 2.294658899307251, 2.179292917251587, 2.4065511226654053, 2.2842938899993896, 2.400059938430786, 2.4688093662261963, 2.3006160259246826, 2.3608016967773438, 2.4145052433013916, 2.3698315620422363, 2.148468494415283, 2.0197908878326416, 2.126091480255127, 2.389854907989502, 2.0373075008392334, 2.394869327545166, 2.4044740200042725]",sae,Pre-64
1,beta,40,0.045,0.44666181227492,0.4340193094910912,0.4369712086234429,0.5,0.6093636266731638,0.6688848619592198,30,"[0, 1, 2, 3, 4, 5, 6, 7, 8, 9, 10, 11, 12, 13, 14, 15, 16, 17, 18, 19, 20, 21, 22, 23, 24, 25, 26, 27, 28, 29]","[1.5980998277664185, 1.5685209035873413, 1.524773359298706, 1.4682525396347046, 1.5085686445236206, 1.5306313037872314, 1.5293489694595337, 1.5707732439041138, 1.5476583242416382, 1.5892751216888428, 1.493293285369873, 1.5071775913238525, 1.576708436012268, 1.4986730813980103, 1.4950562715530396, 1.603309154510498, 1.5298014879226685, 1.5185900926589966, 1.4856873750686646, 1.5179938077926636, 1.471806526184082, 1.4844332933425903, 1.5903023481369019, 1.514905333518982, 1.5855607986450195, 1.498679757118225, 1.5664182901382446, 1.5011460781097412, 1.6134487390518188, 1.4729608297348022]",sae,Pre-64
1,beta,45,0.006,0.4515599815008028,0.4347157609968581,0.4688570853939653,0.5,0.6289673345145609,0.6780337104175186,30,"[0, 1, 2, 3, 4, 5, 6, 7, 8, 9, 10, 11, 12, 13, 14, 15, 16, 17, 18, 19, 20, 21, 22, 23, 24, 25, 26, 27, 28, 29]","[2.743168830871582, 2.790151357650757, 2.6108028888702393, 2.828993797302246, 2.8079354763031006, 2.753484010696411, 2.7841951847076416, 2.7721774578094482, 2.4267702102661133, 2.3127033710479736, 2.5399651527404785, 2.8120217323303223, 2.697937488555908, 2.7721335887908936, 2.516439199447632, 2.7366890907287598, 2.606088638305664, 2.7101998329162598, 2.6850290298461914, 2.7144198417663574, 2.7448296546936035, 2.383718252182007, 2.548802375793457, 2.6863815784454346, 2.717142105102539, 2.6580777168273926, 2.3896963596343994, 2.4387454986572266, 2.626713752746582, 2.790578842163086]",sae,Pre-64
1,beta,14,0.028,0.4467366851483266,0.4421697276018216,0.4401464630057207,0.5,0.5934222168898753,0.6937251608452437,30,"[0, 1, 2, 3, 4, 5, 6, 7, 8, 9, 10, 11, 12, 13, 14, 15, 16, 17, 18, 19, 20, 21, 22, 23, 24, 25, 26, 27, 28, 29]","[1.5882375240325928, 1.4910780191421509, 1.6099451780319214, 1.6461436748504639, 1.6142420768737793, 1.6159915924072266, 1.555716872215271, 1.7204351425170898, 1.614315152168274, 1.6928863525390625, 1.5539826154708862, 1.5787135362625122, 1.600692629814148, 1.6913596391677856, 1.644776463508606, 1.617483377456665, 1.7128939628601074, 1.7101049423217773, 1.627808690071106, 1.585025429725647, 1.6013127565383911, 1.6290158033370972, 1.6910550594329834, 1.579138159751892, 1.7011256217956543, 1.7072516679763794, 1.6559556722640991, 1.7096554040908813, 1.7002137899398804, 1.6109404563903809]",sae,Pre-64
1,beta,46,0.004,0.4545712902572906,0.4417269056853911,0.4797196479984278,0.5,0.6270377926330811,0.6869038097722805,30,"[0, 1, 2, 3, 4, 5, 6, 7, 8, 9, 10, 11, 12, 13, 14, 15, 16, 17, 18, 19, 20, 21, 22, 23, 24, 25, 26, 27, 28, 29]","[2.6535205841064453, 2.8113820552825928, 2.8709466457366943, 2.7504680156707764, 2.597064971923828, 2.5761964321136475, 2.549028158187866, 2.901742696762085, 2.867636203765869, 2.976526975631714, 2.756450653076172, 2.802070140838623, 2.9208016395568848, 2.7593722343444824, 2.67655348777771, 2.8952879905700684, 2.775081157684326, 2.876025438308716, 2.9509072303771973, 2.799673557281494, 2.833817958831787, 2.892632246017456, 2.853569746017456, 2.6326708793640137, 2.527712345123291, 2.6116936206817627, 2.8749773502349854, 2.54931640625, 2.8730673789978027, 2.88165283203125]",sae,Pre-64
1,beta,41,0.002,0.4543678569363413,0.4427951465832617,0.4745563273355615,0.5,0.6190905384235713,0.6740874267688148,30,"[0, 1, 2, 3, 4, 5, 6, 7, 8, 9, 10, 11, 12, 13, 14, 15, 16, 17, 18, 19, 20, 21, 22, 23, 24, 25, 26, 27, 28, 29]","[2.449866771697998, 2.8808372020721436, 2.7411818504333496, 2.695655345916748, 2.5631279945373535, 2.9063148498535156, 2.7412540912628174, 2.8678951263427734, 2.740060567855835, 2.864886999130249, 2.8940553665161133, 2.833251476287842, 2.563910722732544, 2.6778745651245117, 2.8670260906219482, 2.4784929752349854, 2.7870116233825684, 2.857423782348633, 2.7852861881256104, 2.6765825748443604, 2.6152596473693848, 2.8405768871307373, 2.7834038734436035, 2.653970718383789, 2.7857162952423096, 2.44561505317688, 2.601682186126709, 2.8695993423461914, 2.634045124053955, 2.588948965072632]",sae,Pre-64
1,beta,41,0.02,0.4543678569363413,0.4427951465832617,0.4709360329972816,0.5,0.6190905384235713,0.6756310936572315,30,"[0, 1, 2, 3, 4, 5, 6, 7, 8, 9, 10, 11, 12, 13, 14, 15, 16, 17, 18, 19, 20, 21, 22, 23, 24, 25, 26, 27, 28, 29]","[1.9465175867080688, 2.4196743965148926, 2.268045663833618, 2.2384142875671387, 2.097031593322754, 2.4454293251037598, 2.285505771636963, 2.411078929901123, 2.277149200439453, 2.4077064990997314, 2.434429168701172, 2.367988109588623, 2.0876102447509766, 2.2263243198394775, 2.398925542831421, 1.9933956861495972, 2.317505121231079, 2.3970513343811035, 2.311875581741333, 2.2020797729492188, 2.137773275375366, 2.3875644207000732, 2.3210597038269043, 2.1792097091674805, 2.3239145278930664, 1.962196707725525, 2.122283935546875, 2.4111664295196533, 2.1614582538604736, 2.1202332973480225]",sae,Pre-64
1,beta,25,0.034,0.4465066892532915,0.4352791138475453,0.4473488909245765,0.5,0.6270054355300688,0.6598398641416467,30,"[0, 1, 2, 3, 4, 5, 6, 7, 8, 9, 10, 11, 12, 13, 14, 15, 16, 17, 18, 19, 20, 21, 22, 23, 24, 25, 26, 27, 28, 29]","[1.6546120643615723, 1.6851799488067627, 1.531232237815857, 1.7423465251922607, 1.7191908359527588, 1.7055631875991821, 1.5991666316986084, 1.5736424922943115, 1.625945806503296, 1.5319303274154663, 1.7163352966308594, 1.6577786207199097, 1.6876496076583862, 1.5737378597259521, 1.5778326988220215, 1.6475886106491089, 1.5064888000488281, 1.4956375360488892, 1.5653705596923828, 1.5783545970916748, 1.7249786853790283, 1.5018526315689087, 1.6841137409210205, 1.5920360088348389, 1.6546827554702759, 1.5801430940628052, 1.7533785104751587, 1.6835191249847412, 1.716023325920105, 1.571471929550171]",sae,Pre-64
1,beta,9,0.026,0.448644851968101,0.4348910401892977,0.4710273733870994,0.5,0.6286670530281078,0.6725137641263401,30,"[0, 1, 2, 3, 4, 5, 6, 7, 8, 9, 10, 11, 12, 13, 14, 15, 16, 17, 18, 19, 20, 21, 22, 23, 24, 25, 26, 27, 28, 29]","[2.1903765201568604, 1.8411709070205688, 2.3252670764923096, 2.2595527172088623, 1.9564613103866577, 2.0384860038757324, 2.1775009632110596, 2.2557544708251953, 2.3144919872283936, 2.091233730316162, 1.9739253520965576, 2.1101675033569336, 1.8801209926605225, 2.236476421356201, 2.2909598350524902, 1.955907940864563, 2.2254292964935303, 2.2401890754699707, 2.2703418731689453, 1.9039630889892578, 2.300267457962036, 2.287710666656494, 1.9014018774032593, 2.293057680130005, 2.1801164150238037, 2.299914598464966, 2.2572405338287354, 2.18591570854187, 2.0373263359069824, 2.2418391704559326]",sae,Pre-64
1,beta,40,0.055,0.44666181227492,0.4340193094910912,0.4369099077514043,0.5,0.6093636266731638,0.668855928977143,30,"[0, 1, 2, 3, 4, 5, 6, 7, 8, 9, 10, 11, 12, 13, 14, 15, 16, 17, 18, 19, 20, 21, 22, 23, 24, 25, 26, 27, 28, 29]","[1.5939788818359375, 1.5644469261169434, 1.5206282138824463, 1.4641107320785522, 1.5044564008712769, 1.5264750719070435, 1.5251882076263428, 1.5666807889938354, 1.5435031652450562, 1.5851496458053589, 1.489171028137207, 1.5030657052993774, 1.5725719928741455, 1.494568943977356, 1.4909729957580566, 1.5991804599761963, 1.5257126092910767, 1.5144531726837158, 1.481559157371521, 1.5138927698135376, 1.4676254987716675, 1.4802591800689697, 1.586203932762146, 1.5107917785644531, 1.5814298391342163, 1.4945669174194336, 1.5622771978378296, 1.4970663785934448, 1.6093199253082275, 1.4687765836715698]",sae,Pre-64
1,beta,22,0.026,0.4519005213187685,0.4442985770479847,0.452052062867796,0.5,0.5939599289403404,0.6795138766338428,30,"[0, 1, 2, 3, 4, 5, 6, 7, 8, 9, 10, 11, 12, 13, 14, 15, 16, 17, 18, 19, 20, 21, 22, 23, 24, 25, 26, 27, 28, 29]","[1.6804437637329102, 1.6989859342575073, 1.705460786819458, 1.8116259574890137, 1.807699203491211, 1.6898088455200195, 1.72201406955719, 1.728318691253662, 1.745073914527893, 1.7886946201324463, 1.7283002138137817, 1.8008702993392944, 1.6871544122695923, 1.8058414459228516, 1.6177644729614258, 1.801741361618042, 1.7943382263183594, 1.7307833433151245, 1.6625689268112183, 1.6203006505966187, 1.7842916250228882, 1.7693946361541748, 1.7582882642745972, 1.7215349674224854, 1.8115695714950562, 1.809783697128296, 1.665145754814148, 1.6673530340194702, 1.8157374858856201, 1.6663057804107666]",sae,Pre-64
1,beta,17,0.035,0.4599327030141671,0.4513468217402507,0.4516897655782311,0.5,0.6120635717004715,0.6940469714184039,30,"[0, 1, 2, 3, 4, 5, 6, 7, 8, 9, 10, 11, 12, 13, 14, 15, 16, 17, 18, 19, 20, 21, 22, 23, 24, 25, 26, 27, 28, 29]","[1.7941709756851196, 1.6744065284729004, 1.7261459827423096, 1.6787978410720825, 1.8333070278167725, 1.6822904348373413, 1.7558882236480713, 1.5681366920471191, 1.7045613527297974, 1.7588300704956055, 1.7714248895645142, 1.7997618913650513, 1.7062201499938965, 1.811362385749817, 1.6934690475463867, 1.659998893737793, 1.7521345615386963, 1.73283052444458, 1.76324462890625, 1.7320023775100708, 1.6855548620224, 1.744575023651123, 1.6063649654388428, 1.7194420099258423, 1.7941124439239502, 1.7374927997589111, 1.6805548667907715, 1.734413743019104, 1.722409725189209, 1.7431632280349731]",sae,Pre-64
1,beta,12,0.045,0.4455148672091349,0.4361346773072694,0.4191182630960565,0.5,0.5892778403611032,0.7302928743820221,30,"[0, 1, 2, 3, 4, 5, 6, 7, 8, 9, 10, 11, 12, 13, 14, 15, 16, 17, 18, 19, 20, 21, 22, 23, 24, 25, 26, 27, 28, 29]","[1.5971894264221191, 1.772261619567871, 1.6305431127548218, 1.5868114233016968, 1.7993533611297607, 1.7505236864089966, 1.7285003662109375, 1.7223480939865112, 1.7796838283538818, 1.6232882738113403, 1.6059101819992065, 1.8300412893295288, 1.6513649225234985, 1.7304588556289673, 1.5895726680755615, 1.8319133520126343, 1.5625735521316528, 1.8212908506393433, 1.7109779119491577, 1.826271653175354, 1.768271565437317, 1.7240995168685913, 1.6268638372421265, 1.827736496925354, 1.8149534463882446, 1.6950169801712036, 1.81630277633667, 1.727919578552246, 1.6746063232421875, 1.828847885131836]",sae,Pre-64
1,beta,34,0.044,0.4568527557813058,0.4470225010708758,0.453430648189334,0.5,0.6011606799053854,0.6789630024232703,30,"[0, 1, 2, 3, 4, 5, 6, 7, 8, 9, 10, 11, 12, 13, 14, 15, 16, 17, 18, 19, 20, 21, 22, 23, 24, 25, 26, 27, 28, 29]","[1.612608790397644, 1.7172452211380005, 1.7190589904785156, 1.65556001663208, 1.600183367729187, 1.6324578523635864, 1.6635868549346924, 1.612858772277832, 1.5804834365844727, 1.6159944534301758, 1.6931205987930298, 1.4829843044281006, 1.7143081426620483, 1.6053584814071655, 1.5779122114181519, 1.6193122863769531, 1.7276581525802612, 1.71817147731781, 1.634441614151001, 1.6006510257720947, 1.6553914546966553, 1.7266210317611694, 1.6789263486862183, 1.7324193716049194, 1.593156099319458, 1.5623805522918701, 1.7443921566009521, 1.745635747909546, 1.7142776250839233, 1.72837233543396]",sae,Pre-64
1,beta,12,0.055,0.4455148672091349,0.4361346773072694,0.4189334680977011,0.5,0.5892778403611032,0.7303100133840025,30,"[0, 1, 2, 3, 4, 5, 6, 7, 8, 9, 10, 11, 12, 13, 14, 15, 16, 17, 18, 19, 20, 21, 22, 23, 24, 25, 26, 27, 28, 29]","[1.5856785774230957, 1.7609299421310425, 1.6191424131393433, 1.5755949020385742, 1.7881054878234863, 1.7393466234207153, 1.7171928882598877, 1.7108386754989624, 1.7682336568832397, 1.6118957996368408, 1.5944194793701172, 1.8186863660812378, 1.6398195028305054, 1.7189685106277466, 1.578131914138794, 1.8205393552780151, 1.5511794090270996, 1.810034990310669, 1.6995186805725098, 1.8149369955062866, 1.7567700147628784, 1.712774395942688, 1.6153273582458496, 1.8163583278656006, 1.8035615682601929, 1.683681845664978, 1.8049743175506592, 1.7164056301116943, 1.6631112098693848, 1.817428469657898]",sae,Pre-64
1,beta,5,0.004,0.4445517550333296,0.4301735816232515,0.4546065445238398,0.5,0.6070910659257547,0.6794800072507703,30,"[0, 1, 2, 3, 4, 5, 6, 7, 8, 9, 10, 11, 12, 13, 14, 15, 16, 17, 18, 19, 20, 21, 22, 23, 24, 25, 26, 27, 28, 29]","[2.7080957889556885, 2.5271737575531006, 2.2987258434295654, 2.7110416889190674, 2.648315906524658, 2.590891122817993, 2.748995304107666, 2.4458911418914795, 2.6771562099456787, 2.3957204818725586, 2.529104709625244, 2.686081886291504, 2.7308435440063477, 2.50970196723938, 2.674254894256592, 2.500967264175415, 2.469059705734253, 2.657015800476074, 2.5449094772338867, 2.6376962661743164, 2.733778238296509, 2.6445417404174805, 2.614213228225708, 2.3698570728302, 2.5082602500915527, 2.729543447494507, 2.4562532901763916, 2.6297075748443604, 2.713256597518921, 2.741086721420288]",sae,Pre-64
1,beta,35,0.012,0.4566193215888805,0.4379483378046387,0.4480236742552947,0.5,0.637290178651746,0.7188004125961776,30,"[0, 1, 2, 3, 4, 5, 6, 7, 8, 9, 10, 11, 12, 13, 14, 15, 16, 17, 18, 19, 20, 21, 22, 23, 24, 25, 26, 27, 28, 29]","[2.1786439418792725, 2.5775339603424072, 2.6299993991851807, 2.4515910148620605, 2.5836613178253174, 2.3988072872161865, 2.5433340072631836, 2.57179856300354, 2.6338629722595215, 2.557854175567627, 2.3610496520996094, 2.2684576511383057, 2.506559371948242, 2.414971113204956, 2.3863754272460938, 2.4688034057617188, 2.586310625076294, 2.2525064945220947, 2.415184497833252, 2.2924933433532715, 2.1984829902648926, 2.1809980869293213, 2.3194119930267334, 2.482991933822632, 2.5960323810577393, 2.5589523315429688, 2.197002649307251, 2.5730295181274414, 2.648688316345215, 2.5145888328552246]",sae,Pre-64
1,beta,34,0.054,0.4568527557813058,0.4470225010708758,0.4484936542774397,0.5,0.6011606799053854,0.6782464439882919,30,"[0, 1, 2, 3, 4, 5, 6, 7, 8, 9, 10, 11, 12, 13, 14, 15, 16, 17, 18, 19, 20, 21, 22, 23, 24, 25, 26, 27, 28, 29]","[1.3901581764221191, 1.4750921726226807, 1.4805190563201904, 1.4257588386535645, 1.3753767013549805, 1.3907480239868164, 1.4318889379501343, 1.3494963645935059, 1.353513240814209, 1.3945990800857544, 1.4497339725494385, 1.2536392211914062, 1.4606590270996094, 1.3514622449874878, 1.3601040840148926, 1.3841791152954102, 1.4769165515899658, 1.4926360845565796, 1.4015074968338013, 1.3906301259994507, 1.4085956811904907, 1.4948698282241821, 1.4286247491836548, 1.4527031183242798, 1.379988193511963, 1.3268547058105469, 1.5063725709915161, 1.4912954568862915, 1.478745937347412, 1.4630496501922607]",sae,Pre-64
1,beta,27,0.014,0.4609757262074365,0.4537266978541116,0.4824887897246614,0.5,0.5914172664146189,0.6595719223062227,30,"[0, 1, 2, 3, 4, 5, 6, 7, 8, 9, 10, 11, 12, 13, 14, 15, 16, 17, 18, 19, 20, 21, 22, 23, 24, 25, 26, 27, 28, 29]","[2.430053949356079, 2.6061172485351562, 2.238539934158325, 2.4410712718963623, 2.5679821968078613, 2.4703946113586426, 2.519033432006836, 2.2314960956573486, 2.5302600860595703, 2.562279224395752, 2.258986473083496, 2.5539798736572266, 2.244976043701172, 2.2183644771575928, 2.2818851470947266, 2.2162485122680664, 2.5375611782073975, 2.559141159057617, 2.5322258472442627, 2.374096632003784, 2.603454113006592, 2.214862823486328, 2.523839235305786, 2.508453845977783, 2.241070032119751, 2.594146251678467, 2.3974242210388184, 2.5487658977508545, 2.4343018531799316, 2.4777333736419678]",sae,Pre-64
1,beta,9,0.008,0.448644851968101,0.4348910401892977,0.4743720037946202,0.5,0.6286670530281078,0.6720168067226892,30,"[0, 1, 2, 3, 4, 5, 6, 7, 8, 9, 10, 11, 12, 13, 14, 15, 16, 17, 18, 19, 20, 21, 22, 23, 24, 25, 26, 27, 28, 29]","[2.675034523010254, 2.354508399963379, 2.7908995151519775, 2.7270190715789795, 2.4431772232055664, 2.5027267932891846, 2.6680994033813477, 2.712965250015259, 2.782325029373169, 2.550098419189453, 2.464430332183838, 2.592987060546875, 2.384610414505005, 2.7006044387817383, 2.7594528198242188, 2.453296184539795, 2.68467116355896, 2.716733694076538, 2.734809160232544, 2.398543357849121, 2.761589527130127, 2.756148099899292, 2.39481520652771, 2.760010242462158, 2.662881374359131, 2.7655415534973145, 2.7254951000213623, 2.641174077987671, 2.5179331302642822, 2.725297212600708]",sae,Pre-64
1,beta,23,0.0159,0.4478205607315014,0.4344954522622479,0.4515369309046798,0.5,0.6150139710231751,0.6828358378302328,30,"[0, 1, 2, 3, 4, 5, 6, 7, 8, 9, 10, 11, 12, 13, 14, 15, 16, 17, 18, 19, 20, 21, 22, 23, 24, 25, 26, 27, 28, 29]","[2.2171835899353027, 2.521951675415039, 2.480207681655884, 2.4910619258880615, 2.3671419620513916, 2.3123092651367188, 2.4111459255218506, 2.0424981117248535, 2.0825912952423096, 2.530958890914917, 2.5288543701171875, 2.2589011192321777, 2.180285692214966, 2.4353573322296143, 2.4856045246124268, 2.505682945251465, 2.3670709133148193, 2.0872724056243896, 2.285625696182251, 2.1544723510742188, 2.508241653442383, 2.2359676361083984, 2.4007415771484375, 2.5322368144989014, 2.238740921020508, 2.4077718257904053, 2.01389479637146, 2.4197678565979004, 2.4289839267730713, 2.528806686401367]",sae,Pre-64
1,beta,7,0.018,0.4564836922581216,0.4420418003909208,0.4594873634765525,0.5,0.6095136152062148,0.6977540696705782,30,"[0, 1, 2, 3, 4, 5, 6, 7, 8, 9, 10, 11, 12, 13, 14, 15, 16, 17, 18, 19, 20, 21, 22, 23, 24, 25, 26, 27, 28, 29]","[2.137578010559082, 2.174858331680298, 2.4154231548309326, 2.470801591873169, 2.4224038124084473, 2.3994147777557373, 2.450502395629883, 2.075166940689087, 2.4930381774902344, 2.0765559673309326, 2.3007235527038574, 2.1178770065307617, 2.385268449783325, 2.272348165512085, 2.440765857696533, 2.2635958194732666, 2.204075813293457, 2.4122910499572754, 2.1814565658569336, 2.457998514175415, 2.2432281970977783, 2.4846622943878174, 2.4994239807128906, 2.3457586765289307, 2.2217700481414795, 2.503488302230835, 2.3614537715911865, 2.441509485244751, 2.4619789123535156, 2.0275933742523193]",sae,Pre-64
1,beta,28,0.016,0.4589844236982603,0.4495627040154577,0.4564924732373248,0.5,0.5987249917034086,0.6988529962546817,30,"[0, 1, 2, 3, 4, 5, 6, 7, 8, 9, 10, 11, 12, 13, 14, 15, 16, 17, 18, 19, 20, 21, 22, 23, 24, 25, 26, 27, 28, 29]","[2.25911283493042, 2.3833930492401123, 2.3364791870117188, 2.4207756519317627, 2.357248544692993, 2.2653887271881104, 2.4779891967773438, 2.2373671531677246, 2.43261456489563, 2.482388496398926, 2.220503807067871, 2.249784469604492, 2.444756031036377, 2.34627366065979, 2.5057878494262695, 2.0189027786254883, 2.0901591777801514, 2.430675506591797, 2.238163709640503, 2.3524930477142334, 2.0633084774017334, 2.1692755222320557, 2.458376407623291, 2.388613224029541, 2.0534780025482178, 2.4468069076538086, 2.3934669494628906, 2.3079092502593994, 2.396378993988037, 2.0505013465881348]",sae,Pre-64
1,beta,5,0.022,0.4445517550333296,0.4301735816232515,0.4381050285978964,0.5,0.6070910659257547,0.6822240488051856,30,"[0, 1, 2, 3, 4, 5, 6, 7, 8, 9, 10, 11, 12, 13, 14, 15, 16, 17, 18, 19, 20, 21, 22, 23, 24, 25, 26, 27, 28, 29]","[1.8007750511169434, 1.6189377307891846, 1.6117175817489624, 1.7718135118484497, 1.7688506841659546, 1.7537615299224854, 1.722855806350708, 1.6492937803268433, 1.7341803312301636, 1.6209654808044434, 1.7458950281143188, 1.7855451107025146, 1.7432292699813843, 1.7022755146026611, 1.7662543058395386, 1.745769739151001, 1.7261136770248413, 1.7747315168380737, 1.6335335969924927, 1.7100526094436646, 1.7912003993988037, 1.692938208580017, 1.8164998292922974, 1.6224274635314941, 1.728770136833191, 1.7866086959838867, 1.6306029558181763, 1.7305852174758911, 1.7604018449783325, 1.7435574531555176]",sae,Pre-64
1,beta,18,0.056,0.4575117633693479,0.4471831599677374,0.4243003218821092,0.5,0.6052065040104606,0.7328927955130445,30,"[0, 1, 2, 3, 4, 5, 6, 7, 8, 9, 10, 11, 12, 13, 14, 15, 16, 17, 18, 19, 20, 21, 22, 23, 24, 25, 26, 27, 28, 29]","[1.3766517639160156, 1.5472253561019897, 1.5669349431991577, 1.4636205434799194, 1.481427550315857, 1.4961899518966675, 1.675744652748108, 1.4523226022720337, 1.561214566230774, 1.4372594356536865, 1.6466152667999268, 1.5343437194824219, 1.5639586448669434, 1.567435622215271, 1.4954981803894043, 1.4538471698760986, 1.5513536930084229, 1.4857418537139893, 1.4684122800827026, 1.4106357097625732, 1.6628326177597046, 1.475040316581726, 1.5973424911499023, 1.5562183856964111, 1.533172845840454, 1.5003645420074463, 1.5445237159729004, 1.595711588859558, 1.550327181816101, 1.4907615184783936]",sae,Pre-64
1,beta,29,0.042,0.4558655961502112,0.4409050416793991,0.4589635154366919,0.5,0.6296548282533407,0.6744853444748993,30,"[0, 1, 2, 3, 4, 5, 6, 7, 8, 9, 10, 11, 12, 13, 14, 15, 16, 17, 18, 19, 20, 21, 22, 23, 24, 25, 26, 27, 28, 29]","[1.6227277517318726, 1.6508448123931885, 1.34373140335083, 1.7440905570983887, 1.6821972131729126, 1.6150180101394653, 1.7783070802688599, 1.5875413417816162, 1.6964212656021118, 1.7375752925872803, 1.6458083391189575, 1.7159054279327393, 1.733278512954712, 1.6372785568237305, 1.7007473707199097, 1.6404423713684082, 1.693060040473938, 1.6827893257141113, 1.6303670406341553, 1.6591377258300781, 1.7497237920761108, 1.7905514240264893, 1.6574393510818481, 1.6502413749694824, 1.7014950513839722, 1.5478196144104004, 1.6212358474731445, 1.7664597034454346, 1.796801209449768, 1.6075921058654785]",sae,Pre-64
1,beta,18,0.046,0.4575117633693479,0.4471831599677374,0.4266897186494293,0.5,0.6052065040104606,0.73276615741878,30,"[0, 1, 2, 3, 4, 5, 6, 7, 8, 9, 10, 11, 12, 13, 14, 15, 16, 17, 18, 19, 20, 21, 22, 23, 24, 25, 26, 27, 28, 29]","[1.5242079496383667, 1.6846606731414795, 1.7146790027618408, 1.580780029296875, 1.607537031173706, 1.6136794090270996, 1.811169147491455, 1.580910563468933, 1.7060953378677368, 1.5756560564041138, 1.7855162620544434, 1.6705238819122314, 1.7117365598678589, 1.68949556350708, 1.6135659217834473, 1.5880298614501953, 1.6734247207641602, 1.614113450050354, 1.592045783996582, 1.5430455207824707, 1.8083744049072266, 1.6100019216537476, 1.7499361038208008, 1.6952424049377441, 1.6888370513916016, 1.6167993545532227, 1.698256015777588, 1.7413047552108765, 1.6851301193237305, 1.6424766778945923]",sae,Pre-64
1,beta,46,0.056,0.4545712902572906,0.4417269056853911,0.4551706833913028,0.5,0.6270377926330811,0.6898905526258388,30,"[0, 1, 2, 3, 4, 5, 6, 7, 8, 9, 10, 11, 12, 13, 14, 15, 16, 17, 18, 19, 20, 21, 22, 23, 24, 25, 26, 27, 28, 29]","[1.5601886510849, 1.6760859489440918, 1.6571013927459717, 1.6451447010040283, 1.5616616010665894, 1.689348578453064, 1.5835667848587036, 1.7243069410324097, 1.6389329433441162, 1.7453382015228271, 1.4711976051330566, 1.5681977272033691, 1.7090132236480713, 1.5594626665115356, 1.6147416830062866, 1.7118310928344727, 1.6304084062576294, 1.6390230655670166, 1.7345706224441528, 1.7015522718429565, 1.6073557138442993, 1.6122578382492065, 1.6314821243286133, 1.6389274597167969, 1.6316903829574585, 1.653037190437317, 1.6428431272506714, 1.6758487224578857, 1.6119312047958374, 1.6268997192382812]",sae,Pre-64
1,beta,31,0.035,0.4497611378811508,0.4308970333737342,0.4351922203551946,0.5,0.642735734520437,0.711090073423137,30,"[0, 1, 2, 3, 4, 5, 6, 7, 8, 9, 10, 11, 12, 13, 14, 15, 16, 17, 18, 19, 20, 21, 22, 23, 24, 25, 26, 27, 28, 29]","[1.717334270477295, 1.6757900714874268, 1.5672823190689087, 1.6058814525604248, 1.641467809677124, 1.751171350479126, 1.5996830463409424, 1.664886474609375, 1.6064554452896118, 1.6999858617782593, 1.626220703125, 1.6680505275726318, 1.7065680027008057, 1.5723042488098145, 1.701311469078064, 1.6312249898910522, 1.6376343965530396, 1.6718984842300415, 1.6810935735702515, 1.6414098739624023, 1.719750165939331, 1.6498485803604126, 1.7096116542816162, 1.646430253982544, 1.6591547727584839, 1.6884777545928955, 1.5689746141433716, 1.7266826629638672, 1.5679773092269897, 1.663211703300476]",sae,Pre-64
1,beta,25,0.0151,0.4465066892532915,0.4352791138475453,0.4660274436967651,0.5,0.6270054355300688,0.655636148367846,30,"[0, 1, 2, 3, 4, 5, 6, 7, 8, 9, 10, 11, 12, 13, 14, 15, 16, 17, 18, 19, 20, 21, 22, 23, 24, 25, 26, 27, 28, 29]","[2.3859615325927734, 2.501572370529175, 2.0952792167663574, 2.446937084197998, 2.5258901119232178, 2.525167465209961, 2.5449798107147217, 2.05596661567688, 2.225706100463867, 2.348572254180908, 2.5579662322998047, 2.474616527557373, 2.3290607929229736, 2.079986572265625, 2.3436059951782227, 2.5321850776672363, 2.4738543033599854, 2.277207136154175, 2.452982187271118, 2.467679977416992, 2.5330779552459717, 2.4039509296417236, 2.5709831714630127, 2.331212282180786, 2.2504191398620605, 2.1136624813079834, 2.605612277984619, 2.29250168800354, 2.5412516593933105, 2.386103630065918]",sae,Pre-64
1,beta,7,0.044,0.4564836922581216,0.4420418003909208,0.4408023213647773,0.5,0.6095136152062148,0.7015432385451361,30,"[0, 1, 2, 3, 4, 5, 6, 7, 8, 9, 10, 11, 12, 13, 14, 15, 16, 17, 18, 19, 20, 21, 22, 23, 24, 25, 26, 27, 28, 29]","[1.4978052377700806, 1.5644160509109497, 1.5891132354736328, 1.5610203742980957, 1.594704508781433, 1.5458823442459106, 1.5422102212905884, 1.547674536705017, 1.6581071615219116, 1.5576896667480469, 1.4734078645706177, 1.5279541015625, 1.4768729209899902, 1.5084811449050903, 1.665607213973999, 1.579068660736084, 1.5057373046875, 1.5130099058151245, 1.6017056703567505, 1.5893751382827759, 1.5670422315597534, 1.6162850856781006, 1.613574743270874, 1.5267137289047241, 1.647721529006958, 1.6423377990722656, 1.5171868801116943, 1.4761815071105957, 1.6340649127960205, 1.50935697555542]",sae,Pre-64
1,beta,39,0.048,0.4461088087810431,0.4292341094433316,0.4413901975970549,0.5,0.6205127278095635,0.6703559086622619,30,"[0, 1, 2, 3, 4, 5, 6, 7, 8, 9, 10, 11, 12, 13, 14, 15, 16, 17, 18, 19, 20, 21, 22, 23, 24, 25, 26, 27, 28, 29]","[1.5393565893173218, 1.6778894662857056, 1.6034183502197266, 1.6318761110305786, 1.532832384109497, 1.5453587770462036, 1.576636552810669, 1.5954065322875977, 1.5257288217544556, 1.674674391746521, 1.5881272554397583, 1.52974534034729, 1.6063629388809204, 1.5115129947662354, 1.6104183197021484, 1.6675243377685547, 1.6701947450637817, 1.6445951461791992, 1.5390844345092773, 1.5467138290405273, 1.508155107498169, 1.5762296915054321, 1.5916945934295654, 1.5946714878082275, 1.630443811416626, 1.5520961284637451, 1.4950615167617798, 1.5483126640319824, 1.6802035570144653, 1.5417910814285278]",sae,Pre-64
1,beta,20,0.029,0.4408022875601419,0.4262939306313442,0.4419516510691887,0.5,0.6176087118064704,0.6529886035844328,30,"[0, 1, 2, 3, 4, 5, 6, 7, 8, 9, 10, 11, 12, 13, 14, 15, 16, 17, 18, 19, 20, 21, 22, 23, 24, 25, 26, 27, 28, 29]","[1.7158530950546265, 1.7679499387741089, 1.7011041641235352, 1.8375880718231201, 1.746974229812622, 1.785519003868103, 1.7887266874313354, 1.6837635040283203, 1.7146375179290771, 1.64615797996521, 1.6767359972000122, 1.6818796396255493, 1.8387681245803833, 1.6890970468521118, 1.7361899614334106, 1.8011469841003418, 1.707336664199829, 1.6199820041656494, 1.7427911758422852, 1.7546390295028687, 1.6941920518875122, 1.6275538206100464, 1.752135157585144, 1.8201485872268677, 1.8037980794906616, 1.630764126777649, 1.6989250183105469, 1.7491943836212158, 1.6189097166061401, 1.8057221174240112]",sae,Pre-64
1,beta,22,0.036,0.4519005213187685,0.4442985770479847,0.4519054015077581,0.5,0.5939599289403404,0.6795168178449159,30,"[0, 1, 2, 3, 4, 5, 6, 7, 8, 9, 10, 11, 12, 13, 14, 15, 16, 17, 18, 19, 20, 21, 22, 23, 24, 25, 26, 27, 28, 29]","[1.6681272983551025, 1.6865370273590088, 1.6929594278335571, 1.7994970083236694, 1.7953311204910278, 1.677329421043396, 1.7097034454345703, 1.7160886526107788, 1.732906460762024, 1.7765620946884155, 1.716111660003662, 1.7884877920150757, 1.6746195554733276, 1.7934908866882324, 1.6051750183105469, 1.789524793624878, 1.7820110321044922, 1.7183129787445068, 1.6502833366394043, 1.6077592372894287, 1.7720340490341187, 1.757049798965454, 1.7459146976470947, 1.709165096282959, 1.799484133720398, 1.7974587678909302, 1.6528260707855225, 1.6549208164215088, 1.8033456802368164, 1.653961420059204]",sae,Pre-64
1,beta,39,0.0151,0.4461088087810431,0.4292341094433316,0.4570730630380932,0.5,0.6205127278095635,0.6746462154011166,30,"[0, 1, 2, 3, 4, 5, 6, 7, 8, 9, 10, 11, 12, 13, 14, 15, 16, 17, 18, 19, 20, 21, 22, 23, 24, 25, 26, 27, 28, 29]","[2.1145849227905273, 2.420938730239868, 2.5439226627349854, 2.5571200847625732, 2.2236037254333496, 2.099459648132324, 2.333315372467041, 2.4544739723205566, 2.138549566268921, 2.507317304611206, 2.4392545223236084, 2.5198490619659424, 2.2272322177886963, 2.2799620628356934, 2.478365421295166, 2.6053175926208496, 2.577732801437378, 2.536776304244995, 2.1318061351776123, 2.4686765670776367, 2.470493793487549, 2.1604840755462646, 2.4650425910949707, 2.496288299560547, 2.5685997009277344, 2.086030960083008, 2.401865005493164, 2.4280388355255127, 2.5457870960235596, 2.4244112968444824]",sae,Pre-64
1,beta,46,0.046,0.4545712902572906,0.4417269056853911,0.4552753495904871,0.5,0.6270377926330811,0.6898905526258389,30,"[0, 1, 2, 3, 4, 5, 6, 7, 8, 9, 10, 11, 12, 13, 14, 15, 16, 17, 18, 19, 20, 21, 22, 23, 24, 25, 26, 27, 28, 29]","[1.5663975477218628, 1.6821969747543335, 1.663321614265442, 1.6513748168945312, 1.5678646564483643, 1.6954901218414307, 1.5897228717803955, 1.7304364442825317, 1.645113229751587, 1.751487374305725, 1.477308750152588, 1.5743523836135864, 1.7152020931243896, 1.5656542778015137, 1.620962142944336, 1.7179962396621704, 1.6366463899612427, 1.6452642679214478, 1.7406866550445557, 1.7077345848083496, 1.6135209798812866, 1.6184978485107422, 1.6377474069595337, 1.645155906677246, 1.637906551361084, 1.6592762470245361, 1.64900803565979, 1.6820425987243652, 1.6181813478469849, 1.6331088542938232]",sae,Pre-64
1,beta,30,0.06,0.4638407167611665,0.4544841508273655,0.4398665454439002,0.5,0.6043368975359404,0.6949637928591781,30,"[0, 1, 2, 3, 4, 5, 6, 7, 8, 9, 10, 11, 12, 13, 14, 15, 16, 17, 18, 19, 20, 21, 22, 23, 24, 25, 26, 27, 28, 29]","[1.534515142440796, 1.5032808780670166, 1.514608383178711, 1.4551705121994019, 1.468017339706421, 1.4464256763458252, 1.4572432041168213, 1.4335217475891113, 1.426221251487732, 1.4446369409561157, 1.5090832710266113, 1.4392445087432861, 1.4148483276367188, 1.4370274543762207, 1.5039845705032349, 1.5080119371414185, 1.4262317419052124, 1.4478408098220825, 1.5297317504882812, 1.4542686939239502, 1.4310320615768433, 1.3962576389312744, 1.4951612949371338, 1.450148344039917, 1.5659066438674927, 1.4428104162216187, 1.4681822061538696, 1.4381272792816162, 1.5052859783172607, 1.4606542587280273]",sae,Pre-64
1,beta,24,0.058,0.4501416387440968,0.4383559369047743,0.4508508968927744,0.5,0.6188330126613704,0.6421875,30,"[0, 1, 2, 3, 4, 5, 6, 7, 8, 9, 10, 11, 12, 13, 14, 15, 16, 17, 18, 19, 20, 21, 22, 23, 24, 25, 26, 27, 28, 29]","[1.5355135202407837, 1.4331903457641602, 1.4614298343658447, 1.5438848733901978, 1.5466276407241821, 1.4501030445098877, 1.4645031690597534, 1.4603005647659302, 1.510861873626709, 1.3972545862197876, 1.4967480897903442, 1.4424662590026855, 1.5417308807373047, 1.5279322862625122, 1.4621037244796753, 1.427843451499939, 1.549491047859192, 1.3423482179641724, 1.4346107244491577, 1.5493497848510742, 1.5260210037231445, 1.5441144704818726, 1.4373070001602173, 1.5050601959228516, 1.4188553094863892, 1.378466010093689, 1.4956984519958496, 1.4144906997680664, 1.5523942708969116, 1.4517282247543335]",sae,Pre-64
1,beta,35,0.04,0.4566193215888805,0.4379483378046387,0.4344894162437505,0.5,0.637290178651746,0.714452560435145,30,"[0, 1, 2, 3, 4, 5, 6, 7, 8, 9, 10, 11, 12, 13, 14, 15, 16, 17, 18, 19, 20, 21, 22, 23, 24, 25, 26, 27, 28, 29]","[1.4644941091537476, 1.531040906906128, 1.595049262046814, 1.5246102809906006, 1.537841558456421, 1.5022549629211426, 1.450681209564209, 1.61147141456604, 1.6270455121994019, 1.5192835330963135, 1.5896207094192505, 1.4410039186477661, 1.5134767293930054, 1.4207884073257446, 1.5104361772537231, 1.4678690433502197, 1.5980013608932495, 1.4429103136062622, 1.5478920936584473, 1.4485334157943726, 1.4693747758865356, 1.4606678485870361, 1.478302240371704, 1.447723627090454, 1.4948980808258057, 1.540753960609436, 1.4714725017547607, 1.5518267154693604, 1.606105089187622, 1.5446490049362183]",sae,Pre-64
1,beta,11,0.048,0.4566976193509867,0.4496008864727478,0.4389590558953019,0.5,0.5995106990682213,0.7108734841035727,30,"[0, 1, 2, 3, 4, 5, 6, 7, 8, 9, 10, 11, 12, 13, 14, 15, 16, 17, 18, 19, 20, 21, 22, 23, 24, 25, 26, 27, 28, 29]","[1.5849850177764893, 1.4069945812225342, 1.5287402868270874, 1.4664982557296753, 1.6146748065948486, 1.4713162183761597, 1.48870849609375, 1.3431459665298462, 1.598818302154541, 1.6044738292694092, 1.605473518371582, 1.6303516626358032, 1.6437100172042847, 1.5028866529464722, 1.487719178199768, 1.5038659572601318, 1.559037685394287, 1.470701813697815, 1.4956120252609253, 1.5739604234695435, 1.526200294494629, 1.5606695413589478, 1.6179862022399902, 1.5410269498825073, 1.5190542936325073, 1.585859775543213, 1.617841124534607, 1.463719129562378, 1.5137263536453247, 1.4831713438034058]",sae,Pre-64
1,beta,2,0.042,0.4419681213812466,0.4306250660512843,0.4292795672411822,0.5,0.6028191218064636,0.6891329925348912,30,"[0, 1, 2, 3, 4, 5, 6, 7, 8, 9, 10, 11, 12, 13, 14, 15, 16, 17, 18, 19, 20, 21, 22, 23, 24, 25, 26, 27, 28, 29]","[1.4921958446502686, 1.4896527528762817, 1.4687144756317139, 1.5612632036209106, 1.509751319885254, 1.6047799587249756, 1.4949530363082886, 1.5156426429748535, 1.4580718278884888, 1.4910149574279785, 1.5264263153076172, 1.4468724727630615, 1.5492194890975952, 1.6089222431182861, 1.5737873315811157, 1.5246628522872925, 1.5855790376663208, 1.6366208791732788, 1.6326444149017334, 1.6140339374542236, 1.5231695175170898, 1.4851136207580566, 1.582785964012146, 1.6002532243728638, 1.4707577228546143, 1.4910459518432617, 1.565027117729187, 1.5408504009246826, 1.3383315801620483, 1.6302704811096191]",sae,Pre-64
1,beta,36,0.062,0.4642138821845151,0.4576483090311837,0.4620529030662741,0.5,0.6031055233182893,0.6742525891462061,30,"[0, 1, 2, 3, 4, 5, 6, 7, 8, 9, 10, 11, 12, 13, 14, 15, 16, 17, 18, 19, 20, 21, 22, 23, 24, 25, 26, 27, 28, 29]","[1.5224665403366089, 1.5138109922409058, 1.4338314533233643, 1.5149818658828735, 1.392371654510498, 1.5434199571609497, 1.4408159255981445, 1.4852639436721802, 1.555677890777588, 1.4084566831588745, 1.4427671432495117, 1.5445621013641357, 1.4340556859970093, 1.4697659015655518, 1.4802265167236328, 1.5577985048294067, 1.510060429573059, 1.4937998056411743, 1.552618384361267, 1.4265697002410889, 1.4685102701187134, 1.4586050510406494, 1.4640610218048096, 1.440543293952942, 1.5376334190368652, 1.5183742046356201, 1.4498471021652222, 1.5001872777938843, 1.5352829694747925, 1.4289027452468872]",sae,Pre-64
1,beta,23,0.008,0.4478205607315014,0.4344954522622479,0.452667498647958,0.5,0.6150139710231751,0.6831974051869031,30,"[0, 1, 2, 3, 4, 5, 6, 7, 8, 9, 10, 11, 12, 13, 14, 15, 16, 17, 18, 19, 20, 21, 22, 23, 24, 25, 26, 27, 28, 29]","[2.4207046031951904, 2.7195379734039307, 2.6779258251190186, 2.6913743019104004, 2.5616326332092285, 2.5098249912261963, 2.616676092147827, 2.2520806789398193, 2.2882347106933594, 2.7293925285339355, 2.7258760929107666, 2.4627320766448975, 2.384091377258301, 2.6335246562957764, 2.6821436882019043, 2.707371711730957, 2.561414957046509, 2.3012382984161377, 2.4838194847106934, 2.3563616275787354, 2.7062108516693115, 2.445075035095215, 2.596334934234619, 2.7318942546844482, 2.4504342079162598, 2.605111598968506, 2.225613594055176, 2.6204700469970703, 2.6238415241241455, 2.7288365364074707]",sae,Pre-64
1,beta,14,0.064,0.4467366851483266,0.4421697276018216,0.4362636877169737,0.5,0.5934222168898753,0.696136714707779,30,"[0, 1, 2, 3, 4, 5, 6, 7, 8, 9, 10, 11, 12, 13, 14, 15, 16, 17, 18, 19, 20, 21, 22, 23, 24, 25, 26, 27, 28, 29]","[1.4946116209030151, 1.3838597536087036, 1.4872558116912842, 1.5112338066101074, 1.5141164064407349, 1.489800214767456, 1.4517377614974976, 1.582977533340454, 1.4909837245941162, 1.5613454580307007, 1.4413858652114868, 1.4220167398452759, 1.4550937414169312, 1.5628129243850708, 1.53317391872406, 1.4958257675170898, 1.5808054208755493, 1.5768183469772339, 1.4928920269012451, 1.4762648344039917, 1.4937320947647095, 1.5040627717971802, 1.5672563314437866, 1.457021713256836, 1.5685352087020874, 1.5706335306167603, 1.5162750482559204, 1.5808964967727661, 1.568567156791687, 1.4692003726959229]",sae,Pre-64
1,beta,2,0.06,0.4419681213812466,0.4306250660512843,0.4272643864666538,0.5,0.6028191218064636,0.6894807460472018,30,"[0, 1, 2, 3, 4, 5, 6, 7, 8, 9, 10, 11, 12, 13, 14, 15, 16, 17, 18, 19, 20, 21, 22, 23, 24, 25, 26, 27, 28, 29]","[1.3746753931045532, 1.3879159688949585, 1.3634711503982544, 1.4320701360702515, 1.3795020580291748, 1.4660232067108154, 1.3857520818710327, 1.3988635540008545, 1.3352810144424438, 1.3566811084747314, 1.393644094467163, 1.3365750312805176, 1.4167287349700928, 1.4701377153396606, 1.442058801651001, 1.3876575231552124, 1.44735848903656, 1.5016160011291504, 1.4937995672225952, 1.4713062047958374, 1.3942854404449463, 1.3712657690048218, 1.4532849788665771, 1.456792950630188, 1.3688130378723145, 1.375112771987915, 1.4332917928695679, 1.408295750617981, 1.2176631689071655, 1.4937694072723389]",sae,Pre-64
1,beta,32,0.032,0.4555596844830426,0.4475674839123162,0.475527530663392,0.5,0.5924839124839124,0.6372847949990808,30,"[0, 1, 2, 3, 4, 5, 6, 7, 8, 9, 10, 11, 12, 13, 14, 15, 16, 17, 18, 19, 20, 21, 22, 23, 24, 25, 26, 27, 28, 29]","[1.7562685012817383, 1.6593350172042847, 1.7610653638839722, 1.694975733757019, 1.6757636070251465, 1.7153886556625366, 1.6706513166427612, 1.6715166568756104, 1.6343964338302612, 1.6389174461364746, 1.699750542640686, 1.6473604440689087, 1.704790711402893, 1.596596598625183, 1.593133807182312, 1.5984523296356201, 1.6125792264938354, 1.7084622383117676, 1.6395386457443237, 1.673227310180664, 1.7505433559417725, 1.688916802406311, 1.5664100646972656, 1.7593737840652466, 1.6921271085739136, 1.6053682565689087, 1.7355393171310425, 1.584326982498169, 1.7686867713928223, 1.750793695449829]",sae,Pre-64
1,beta,33,0.004,0.4492211383258522,0.4377959816952598,0.4613384991802874,0.5,0.6165210074526608,0.6821178566883034,30,"[0, 1, 2, 3, 4, 5, 6, 7, 8, 9, 10, 11, 12, 13, 14, 15, 16, 17, 18, 19, 20, 21, 22, 23, 24, 25, 26, 27, 28, 29]","[2.7460060119628906, 2.7371463775634766, 2.5622239112854004, 2.5544662475585938, 2.4963812828063965, 2.82555890083313, 2.40985369682312, 2.785506248474121, 2.660846710205078, 2.7581119537353516, 2.4896695613861084, 2.7469482421875, 2.7641286849975586, 2.3723552227020264, 2.778021812438965, 2.743914842605591, 2.754472494125366, 2.627822160720825, 2.7339365482330322, 2.71321439743042, 2.7343573570251465, 2.4355950355529785, 2.7753872871398926, 2.7150771617889404, 2.773137331008911, 2.7237370014190674, 2.6825456619262695, 2.4487369060516357, 2.5170722007751465, 2.442450761795044]",sae,Pre-64
1,beta,30,0.05,0.4638407167611665,0.4544841508273655,0.442268542084864,0.5,0.6043368975359404,0.6963710081806329,30,"[0, 1, 2, 3, 4, 5, 6, 7, 8, 9, 10, 11, 12, 13, 14, 15, 16, 17, 18, 19, 20, 21, 22, 23, 24, 25, 26, 27, 28, 29]","[1.7389100790023804, 1.730939507484436, 1.6962554454803467, 1.6517786979675293, 1.6547609567642212, 1.631734013557434, 1.6461915969848633, 1.6106535196304321, 1.5843970775604248, 1.6452046632766724, 1.6577842235565186, 1.6494327783584595, 1.603838562965393, 1.6517471075057983, 1.7086060047149658, 1.711851716041565, 1.6174390316009521, 1.656307339668274, 1.7289763689041138, 1.627125859260559, 1.677154302597046, 1.6268690824508667, 1.730045199394226, 1.6391315460205078, 1.73018217086792, 1.6578692197799683, 1.6120909452438354, 1.641810655593872, 1.6969267129898071, 1.6383476257324219]",sae,Pre-64
1,beta,41,0.045,0.4543678569363413,0.4427951465832617,0.4547853141786032,0.5,0.6190905384235713,0.6763964891950471,30,"[0, 1, 2, 3, 4, 5, 6, 7, 8, 9, 10, 11, 12, 13, 14, 15, 16, 17, 18, 19, 20, 21, 22, 23, 24, 25, 26, 27, 28, 29]","[1.4772820472717285, 1.5699948072433472, 1.5108184814453125, 1.433334469795227, 1.4458132982254028, 1.6139880418777466, 1.469577670097351, 1.5331164598464966, 1.5013024806976318, 1.5973268747329712, 1.5893968343734741, 1.5266188383102417, 1.5296940803527832, 1.597745656967163, 1.597709059715271, 1.512776494026184, 1.5093793869018555, 1.5464564561843872, 1.583666205406189, 1.5465863943099976, 1.4582633972167969, 1.5106135606765747, 1.5149421691894531, 1.534765601158142, 1.5098832845687866, 1.4912817478179932, 1.5698466300964355, 1.5826847553253174, 1.5407220125198364, 1.4619954824447632]",sae,Pre-64
1,beta,42,0.064,0.4546678683050885,0.4407690563496341,0.4565066236420724,0.5,0.6336081445133979,0.6613162673786501,30,"[0, 1, 2, 3, 4, 5, 6, 7, 8, 9, 10, 11, 12, 13, 14, 15, 16, 17, 18, 19, 20, 21, 22, 23, 24, 25, 26, 27, 28, 29]","[1.6440434455871582, 1.5089071989059448, 1.6537864208221436, 1.648982048034668, 1.59110426902771, 1.633300542831421, 1.583250880241394, 1.5407166481018066, 1.5030800104141235, 1.6515225172042847, 1.619336724281311, 1.6613320112228394, 1.535582423210144, 1.2989654541015625, 1.6634215116500854, 1.5457552671432495, 1.4900954961776733, 1.4663041830062866, 1.616147756576538, 1.6462068557739258, 1.5549266338348389, 1.5285298824310303, 1.5566129684448242, 1.483781099319458, 1.535505771636963, 1.4971513748168945, 1.6702536344528198, 1.4859799146652222, 1.5722965002059937, 1.4898020029067993]",sae,Pre-64
1,beta,45,0.05,0.4515599815008028,0.4347157609968581,0.4497022266110568,0.5,0.6289673345145609,0.677709630033468,30,"[0, 1, 2, 3, 4, 5, 6, 7, 8, 9, 10, 11, 12, 13, 14, 15, 16, 17, 18, 19, 20, 21, 22, 23, 24, 25, 26, 27, 28, 29]","[1.6198054552078247, 1.6114816665649414, 1.4973392486572266, 1.6861399412155151, 1.6883660554885864, 1.540539026260376, 1.696969747543335, 1.6756384372711182, 1.5477466583251953, 1.5014632940292358, 1.6221307516098022, 1.6947280168533325, 1.6556226015090942, 1.568555474281311, 1.5828312635421753, 1.5961055755615234, 1.6110694408416748, 1.5028738975524902, 1.6029258966445923, 1.5997804403305054, 1.6556614637374878, 1.5431413650512695, 1.6713749170303345, 1.546217679977417, 1.5023750066757202, 1.69120192527771, 1.5379449129104614, 1.550208330154419, 1.4912066459655762, 1.6933059692382812]",sae,Pre-64
1,beta,33,0.022,0.4492211383258522,0.4377959816952598,0.4563742586002894,0.5,0.6165210074526608,0.6831205011808296,30,"[0, 1, 2, 3, 4, 5, 6, 7, 8, 9, 10, 11, 12, 13, 14, 15, 16, 17, 18, 19, 20, 21, 22, 23, 24, 25, 26, 27, 28, 29]","[2.2840263843536377, 2.274970769882202, 2.1012659072875977, 2.0740270614624023, 2.028947591781616, 2.357250690460205, 1.9586989879608154, 2.3146047592163086, 2.19417667388916, 2.298062562942505, 2.022564649581909, 2.279132843017578, 2.2940516471862793, 1.9041396379470825, 2.3248403072357178, 2.2732062339782715, 2.2969584465026855, 2.1537389755249023, 2.273216962814331, 2.2609899044036865, 2.269543170928955, 1.9826762676239014, 2.303572177886963, 2.2520086765289307, 2.306668996810913, 2.2509689331054688, 2.215486526489258, 1.98800528049469, 2.065438747406006, 1.9720875024795532]",sae,Pre-64
1,beta,17,0.05,0.4599327030141671,0.4513468217402507,0.4478591412561374,0.5,0.6120635717004715,0.6979673332351298,30,"[0, 1, 2, 3, 4, 5, 6, 7, 8, 9, 10, 11, 12, 13, 14, 15, 16, 17, 18, 19, 20, 21, 22, 23, 24, 25, 26, 27, 28, 29]","[1.6350980997085571, 1.5117685794830322, 1.562842607498169, 1.5467194318771362, 1.6680960655212402, 1.5383766889572144, 1.6000924110412598, 1.4311778545379639, 1.5486319065093994, 1.5803991556167603, 1.623769760131836, 1.6368979215621948, 1.5614768266677856, 1.6469359397888184, 1.5591974258422852, 1.5409783124923706, 1.6253236532211304, 1.5718934535980225, 1.6191986799240112, 1.5878065824508667, 1.5210676193237305, 1.5876597166061401, 1.4314813613891602, 1.556064486503601, 1.5879584550857544, 1.5714930295944214, 1.5251749753952026, 1.5697708129882812, 1.5473124980926514, 1.6119850873947144]",sae,Pre-64
1,beta,44,0.035,0.4469012312759677,0.43811650775401,0.4660982146706279,0.5,0.5982762074796864,0.6233405808629863,30,"[0, 1, 2, 3, 4, 5, 6, 7, 8, 9, 10, 11, 12, 13, 14, 15, 16, 17, 18, 19, 20, 21, 22, 23, 24, 25, 26, 27, 28, 29]","[1.7092856168746948, 1.7008018493652344, 1.6880614757537842, 1.6406223773956299, 1.6974682807922363, 1.7879482507705688, 1.7961556911468506, 1.6420928239822388, 1.7201459407806396, 1.8256938457489014, 1.7122772932052612, 1.6948237419128418, 1.710654616355896, 1.6478668451309204, 1.8050662279129028, 1.7974767684936523, 1.6256402730941772, 1.5645275115966797, 1.7231961488723755, 1.7103493213653564, 1.6405466794967651, 1.6344537734985352, 1.7367256879806519, 1.7283450365066528, 1.766700267791748, 1.6748970746994019, 1.667059302330017, 1.7065109014511108, 1.7294338941574097, 1.7100709676742554]",sae,Pre-64
1,beta,44,0.0155,0.4469012312759677,0.43811650775401,0.4800537146623734,0.5,0.5982762074796864,0.6268568112047986,30,"[0, 1, 2, 3, 4, 5, 6, 7, 8, 9, 10, 11, 12, 13, 14, 15, 16, 17, 18, 19, 20, 21, 22, 23, 24, 25, 26, 27, 28, 29]","[2.2315094470977783, 2.492051839828491, 2.2622194290161133, 2.161119222640991, 2.44663667678833, 2.565117835998535, 2.4857540130615234, 2.4204564094543457, 2.384267807006836, 2.6315135955810547, 2.284517288208008, 2.573235273361206, 2.4906396865844727, 2.1790597438812256, 2.59092116355896, 2.548243284225464, 2.1274070739746094, 2.463681697845459, 2.476088523864746, 2.4922268390655518, 2.0945827960968018, 2.3186795711517334, 2.4624526500701904, 2.531636953353882, 2.4722516536712646, 2.4908647537231445, 2.325151205062866, 2.4395763874053955, 2.3864166736602783, 2.5084524154663086]",sae,Pre-64
1,beta,8,0.062,0.4517491928182039,0.4406431065890545,0.439523767515433,0.5,0.6098144493254953,0.678382603651592,30,"[0, 1, 2, 3, 4, 5, 6, 7, 8, 9, 10, 11, 12, 13, 14, 15, 16, 17, 18, 19, 20, 21, 22, 23, 24, 25, 26, 27, 28, 29]","[1.3932788372039795, 1.5050939321517944, 1.4218628406524658, 1.4529682397842407, 1.514003038406372, 1.4494144916534424, 1.497865080833435, 1.4100751876831055, 1.456390142440796, 1.5055681467056274, 1.5137910842895508, 1.4376623630523682, 1.4211792945861816, 1.4542300701141357, 1.4830869436264038, 1.398644208908081, 1.4202990531921387, 1.4562872648239136, 1.3668274879455566, 1.4363653659820557, 1.4093012809753418, 1.385036826133728, 1.4885464906692505, 1.4209918975830078, 1.488075852394104, 1.4921622276306152, 1.3898165225982666, 1.4878034591674805, 1.4586985111236572, 1.458788514137268]",sae,Pre-64
1,beta,1,0.0535,0.4560357198099471,0.4497423189216591,0.4518060397056839,0.5,0.5964054457666336,0.6824857156348869,30,"[0, 1, 2, 3, 4, 5, 6, 7, 8, 9, 10, 11, 12, 13, 14, 15, 16, 17, 18, 19, 20, 21, 22, 23, 24, 25, 26, 27, 28, 29]","[1.6355973482131958, 1.4924957752227783, 1.5796079635620117, 1.4515498876571655, 1.5813217163085938, 1.4499266147613525, 1.4920070171356201, 1.5338635444641113, 1.424910545349121, 1.5026031732559204, 1.510755181312561, 1.5590707063674927, 1.6189364194869995, 1.4751094579696655, 1.6124085187911987, 1.4727325439453125, 1.4611918926239014, 1.5224676132202148, 1.5904877185821533, 1.6187127828598022, 1.6162029504776, 1.5387341976165771, 1.5391567945480347, 1.4932851791381836, 1.4473668336868286, 1.4854363203048706, 1.5342308282852173, 1.524917483329773, 1.6173020601272583, 1.5488165616989136]",sae,Pre-64
1,beta,37,0.008,0.4546908257221888,0.444978337644671,0.4480723140182915,0.5,0.6058579085235571,0.7150309025723978,30,"[0, 1, 2, 3, 4, 5, 6, 7, 8, 9, 10, 11, 12, 13, 14, 15, 16, 17, 18, 19, 20, 21, 22, 23, 24, 25, 26, 27, 28, 29]","[2.329883337020874, 2.5736825466156006, 2.3379688262939453, 2.4808783531188965, 2.5480129718780518, 2.631829261779785, 2.6475446224212646, 2.2825465202331543, 2.31764817237854, 2.4395482540130615, 2.530815839767456, 2.3315086364746094, 2.5781872272491455, 2.5015783309936523, 2.648571729660034, 2.338383913040161, 2.5206069946289062, 2.581956386566162, 2.3963828086853027, 2.3627302646636963, 2.5116634368896484, 2.6626975536346436, 2.6298043727874756, 2.6232848167419434, 2.5756094455718994, 2.630340099334717, 2.6237454414367676, 2.639824628829956, 2.6363766193389893, 2.635335683822632]",sae,Pre-64
1,beta,39,0.034,0.4461088087810431,0.4292341094433316,0.4424221703408637,0.5,0.6205127278095635,0.6707114256532625,30,"[0, 1, 2, 3, 4, 5, 6, 7, 8, 9, 10, 11, 12, 13, 14, 15, 16, 17, 18, 19, 20, 21, 22, 23, 24, 25, 26, 27, 28, 29]","[1.6016768217086792, 1.7632789611816406, 1.6786304712295532, 1.7300448417663574, 1.6170512437820435, 1.6081668138504028, 1.6646467447280884, 1.665212869644165, 1.599195122718811, 1.7686011791229248, 1.6752582788467407, 1.621130347251892, 1.6838566064834595, 1.5890781879425049, 1.687762975692749, 1.7537740468978882, 1.7653453350067139, 1.7260396480560303, 1.6112521886825562, 1.6407701969146729, 1.5910414457321167, 1.6372655630111694, 1.6903702020645142, 1.6978094577789307, 1.7164853811264038, 1.6137809753417969, 1.5834765434265137, 1.6173495054244995, 1.7568912506103516, 1.6160895824432373]",sae,Pre-64
1,beta,48,0.065,0.4556814132376,0.4510566266980289,0.4890676650484482,0.5,0.5923878577171784,0.5941969695253841,30,"[0, 1, 2, 3, 4, 5, 6, 7, 8, 9, 10, 11, 12, 13, 14, 15, 16, 17, 18, 19, 20, 21, 22, 23, 24, 25, 26, 27, 28, 29]","[1.637830138206482, 1.573576807975769, 1.5555576086044312, 1.5374945402145386, 1.5253839492797852, 1.45664381980896, 1.5617016553878784, 1.5079283714294434, 1.5231035947799683, 1.5104633569717407, 1.5942095518112183, 1.5283857583999634, 1.5644649267196655, 1.5302510261535645, 1.4863228797912598, 1.5672531127929688, 1.6162772178649902, 1.5813192129135132, 1.6013786792755127, 1.4676300287246704, 1.520291805267334, 1.6253372430801392, 1.6291308403015137, 1.4558484554290771, 1.5267313718795776, 1.602229356765747, 1.6085140705108643, 1.6298801898956299, 1.5201811790466309, 1.5617748498916626]",sae,Pre-64
1,beta,24,0.048,0.4501416387440968,0.4383559369047743,0.450882905839478,0.5,0.6188330126613704,0.6421999131082423,30,"[0, 1, 2, 3, 4, 5, 6, 7, 8, 9, 10, 11, 12, 13, 14, 15, 16, 17, 18, 19, 20, 21, 22, 23, 24, 25, 26, 27, 28, 29]","[1.5381001234054565, 1.4358148574829102, 1.4640429019927979, 1.5464768409729004, 1.5492275953292847, 1.4527089595794678, 1.4671242237091064, 1.4629052877426147, 1.5134592056274414, 1.3998295068740845, 1.4993635416030884, 1.4450652599334717, 1.5443133115768433, 1.5305306911468506, 1.4647095203399658, 1.4304732084274292, 1.5520851612091064, 1.3449156284332275, 1.4372196197509766, 1.55194890499115, 1.5286219120025635, 1.5467122793197632, 1.4399298429489136, 1.5076617002487183, 1.4214586019515991, 1.381066083908081, 1.498302698135376, 1.4170995950698853, 1.554989218711853, 1.4543505907058716]",sae,Pre-64
1,beta,32,0.015,0.4555596844830426,0.4475674839123162,0.4885596130371685,0.5,0.5924839124839124,0.6426578415149844,30,"[0, 1, 2, 3, 4, 5, 6, 7, 8, 9, 10, 11, 12, 13, 14, 15, 16, 17, 18, 19, 20, 21, 22, 23, 24, 25, 26, 27, 28, 29]","[2.4574780464172363, 2.3987112045288086, 2.495256185531616, 2.442840814590454, 2.418596029281616, 2.163686752319336, 2.362307071685791, 2.3914475440979004, 2.3806071281433105, 2.2834300994873047, 2.262000322341919, 2.4132707118988037, 2.441657781600952, 2.139838933944702, 2.1515555381774902, 2.119006633758545, 2.3310794830322266, 2.3693370819091797, 2.1684458255767822, 2.3516852855682373, 2.4702305793762207, 2.2888407707214355, 2.1664795875549316, 2.4527618885040283, 2.306379795074463, 2.320160150527954, 2.474241018295288, 2.389138698577881, 2.3550877571105957, 2.4158272743225098]",sae,Pre-64
1,beta,36,0.052,0.4642138821845151,0.4576483090311837,0.4620937135159418,0.5,0.6031055233182893,0.6742438763715359,30,"[0, 1, 2, 3, 4, 5, 6, 7, 8, 9, 10, 11, 12, 13, 14, 15, 16, 17, 18, 19, 20, 21, 22, 23, 24, 25, 26, 27, 28, 29]","[1.5252987146377563, 1.5166124105453491, 1.4366674423217773, 1.5178149938583374, 1.3951982259750366, 1.5462443828582764, 1.4436615705490112, 1.4880925416946411, 1.5585066080093384, 1.4112982749938965, 1.4456140995025635, 1.5474010705947876, 1.436913251876831, 1.4726066589355469, 1.4830530881881714, 1.5606268644332886, 1.5129010677337646, 1.4966304302215576, 1.5554394721984863, 1.4294229745864868, 1.47135329246521, 1.4614523649215698, 1.466907262802124, 1.4433666467666626, 1.5404672622680664, 1.521192193031311, 1.4527212381362915, 1.5030133724212646, 1.5381085872650146, 1.4317402839660645]",sae,Pre-64
1,beta,47,0.022,0.4460371044958436,0.4257646434940195,0.4211646209697809,0.5,0.6434257056516428,0.7369317816498424,30,"[0, 1, 2, 3, 4, 5, 6, 7, 8, 9, 10, 11, 12, 13, 14, 15, 16, 17, 18, 19, 20, 21, 22, 23, 24, 25, 26, 27, 28, 29]","[2.2957265377044678, 2.2054717540740967, 2.2186923027038574, 1.940760850906372, 2.278782606124878, 2.3362009525299072, 2.1833720207214355, 2.286339044570923, 2.0652074813842773, 2.020622968673706, 2.2315924167633057, 2.181581735610962, 2.0061678886413574, 2.329979419708252, 2.266845464706421, 2.2043111324310303, 1.984298825263977, 2.348135232925415, 2.1836023330688477, 2.0359420776367188, 2.3110766410827637, 2.1522605419158936, 2.266681432723999, 2.103469133377075, 2.255157470703125, 2.139981746673584, 2.0383048057556152, 2.2349209785461426, 2.226780652999878, 2.2788166999816895]",sae,Pre-64
1,beta,20,0.065,0.4408022875601419,0.4262939306313442,0.435945781506047,0.5,0.6176087118064704,0.6504806490620081,30,"[0, 1, 2, 3, 4, 5, 6, 7, 8, 9, 10, 11, 12, 13, 14, 15, 16, 17, 18, 19, 20, 21, 22, 23, 24, 25, 26, 27, 28, 29]","[1.4380251169204712, 1.5087780952453613, 1.4461206197738647, 1.5527684688568115, 1.5005592107772827, 1.518703579902649, 1.5153621435165405, 1.436177134513855, 1.4823335409164429, 1.440947413444519, 1.4541873931884766, 1.446885347366333, 1.564865231513977, 1.3969649076461792, 1.452691674232483, 1.5517570972442627, 1.4430104494094849, 1.4146472215652466, 1.48330819606781, 1.4826195240020752, 1.476732850074768, 1.38395094871521, 1.5023432970046997, 1.5569041967391968, 1.5215636491775513, 1.4087138175964355, 1.4525114297866821, 1.4946776628494263, 1.407238245010376, 1.5556493997573853]",sae,Pre-64
1,beta,37,0.026,0.4546908257221888,0.444978337644671,0.4398553660402051,0.5,0.6058579085235571,0.7164221218961624,30,"[0, 1, 2, 3, 4, 5, 6, 7, 8, 9, 10, 11, 12, 13, 14, 15, 16, 17, 18, 19, 20, 21, 22, 23, 24, 25, 26, 27, 28, 29]","[1.823452115058899, 1.9151973724365234, 1.8711826801300049, 1.8571158647537231, 1.8630372285842896, 1.9619450569152832, 2.0166287422180176, 1.8529183864593506, 1.9105030298233032, 1.9266183376312256, 1.9054170846939087, 1.8590495586395264, 1.910713791847229, 1.97222101688385, 1.999731421470642, 1.8921277523040771, 1.9387601613998413, 1.928430199623108, 1.916098952293396, 1.8580565452575684, 1.9694669246673584, 1.9826397895812988, 2.000936508178711, 1.9735826253890991, 1.9163239002227783, 1.9673774242401123, 1.9478915929794312, 2.000728130340576, 1.9633156061172485, 1.9726513624191284]",sae,Pre-64
1,beta,15,0.028,0.4529015220185267,0.4424399871594601,0.4404377059037447,0.5,0.6161071485640408,0.7114499048504482,30,"[0, 1, 2, 3, 4, 5, 6, 7, 8, 9, 10, 11, 12, 13, 14, 15, 16, 17, 18, 19, 20, 21, 22, 23, 24, 25, 26, 27, 28, 29]","[1.6105329990386963, 1.6256392002105713, 1.6750515699386597, 1.6301921606063843, 1.7522597312927246, 1.623942494392395, 1.6008244752883911, 1.6253035068511963, 1.6997727155685425, 1.694586992263794, 1.670207142829895, 1.6154381036758423, 1.7812690734863281, 1.696918249130249, 1.5482678413391113, 1.677119255065918, 1.5921344757080078, 1.7955682277679443, 1.5621497631072998, 1.648432970046997, 1.746948003768921, 1.743080496788025, 1.6058428287506104, 1.6642718315124512, 1.6654348373413086, 1.5429003238677979, 1.7319722175598145, 1.7724409103393555, 1.685029149055481, 1.6365195512771606]",sae,Pre-64
1,beta,47,0.004,0.4460371044958436,0.4257646434940195,0.4226880715566694,0.5,0.6434257056516428,0.737076448273645,30,"[0, 1, 2, 3, 4, 5, 6, 7, 8, 9, 10, 11, 12, 13, 14, 15, 16, 17, 18, 19, 20, 21, 22, 23, 24, 25, 26, 27, 28, 29]","[2.7594823837280273, 2.6453988552093506, 2.6639511585235596, 2.411440372467041, 2.737544536590576, 2.7923965454101562, 2.620579957962036, 2.7518060207366943, 2.523371934890747, 2.478560447692871, 2.682997703552246, 2.6314995288848877, 2.4686872959136963, 2.7807018756866455, 2.7034707069396973, 2.6669819355010986, 2.453831911087036, 2.7973437309265137, 2.6250102519989014, 2.4989140033721924, 2.74800181388855, 2.609555721282959, 2.730898380279541, 2.553661823272705, 2.704164505004883, 2.5855534076690674, 2.4858007431030273, 2.6920478343963623, 2.667529344558716, 2.725637435913086]",sae,Pre-64
1,beta,26,0.066,0.4502231978181314,0.4442488029476733,0.4597539415714304,0.5,0.5832450787939482,0.6467218792973314,30,"[0, 1, 2, 3, 4, 5, 6, 7, 8, 9, 10, 11, 12, 13, 14, 15, 16, 17, 18, 19, 20, 21, 22, 23, 24, 25, 26, 27, 28, 29]","[1.4269872903823853, 1.438263177871704, 1.6007719039916992, 1.3929299116134644, 1.4638371467590332, 1.5059460401535034, 1.4922086000442505, 1.390845537185669, 1.4947844743728638, 1.461525321006775, 1.3773455619812012, 1.6029402017593384, 1.5385122299194336, 1.4768701791763306, 1.5522056818008423, 1.4383821487426758, 1.4839155673980713, 1.369614601135254, 1.5138572454452515, 1.4641252756118774, 1.4237186908721924, 1.577720046043396, 1.4655075073242188, 1.5063034296035767, 1.5837920904159546, 1.5748870372772217, 1.4329333305358887, 1.488660454750061, 1.3012772798538208, 1.424220085144043]",sae,Pre-64
1,beta,4,0.068,0.4589558369307028,0.4477177462853796,0.4652040351564339,0.5,0.61034827708266,0.656367637779522,30,"[0, 1, 2, 3, 4, 5, 6, 7, 8, 9, 10, 11, 12, 13, 14, 15, 16, 17, 18, 19, 20, 21, 22, 23, 24, 25, 26, 27, 28, 29]","[1.6096127033233643, 1.6097279787063599, 1.4780797958374023, 1.6466724872589111, 1.4620778560638428, 1.5152384042739868, 1.6067497730255127, 1.4980065822601318, 1.5462270975112915, 1.628828763961792, 1.5866708755493164, 1.5300920009613037, 1.6414414644241333, 1.4958056211471558, 1.481764554977417, 1.5516613721847534, 1.581739068031311, 1.559334397315979, 1.5165621042251587, 1.604764461517334, 1.5550291538238525, 1.6177021265029907, 1.5462726354599, 1.4895484447479248, 1.5585592985153198, 1.5308952331542969, 1.4897048473358154, 1.525129795074463, 1.6050597429275513, 1.4830224514007568]",sae,Pre-64
1,beta,14,0.0535,0.4467366851483266,0.4421697276018216,0.4397499946693997,0.5,0.5934222168898753,0.6938676344876198,30,"[0, 1, 2, 3, 4, 5, 6, 7, 8, 9, 10, 11, 12, 13, 14, 15, 16, 17, 18, 19, 20, 21, 22, 23, 24, 25, 26, 27, 28, 29]","[1.5664700269699097, 1.4694448709487915, 1.5884910821914673, 1.624680995941162, 1.592570185661316, 1.5943551063537598, 1.5340534448623657, 1.69899582862854, 1.5926215648651123, 1.6714974641799927, 1.5325404405593872, 1.5575553178787231, 1.5795639753341675, 1.6699683666229248, 1.623064398765564, 1.5959815979003906, 1.6913822889328003, 1.6886613368988037, 1.6063045263290405, 1.5635087490081787, 1.5797196626663208, 1.6074490547180176, 1.6695728302001953, 1.5576739311218262, 1.6796143054962158, 1.6858428716659546, 1.6346452236175537, 1.688170075416565, 1.678873896598816, 1.5896896123886108]",sae,Pre-64
1,beta,29,0.0535,0.4558655961502112,0.4409050416793991,0.458178035117453,0.5,0.6296548282533407,0.6730369508954863,30,"[0, 1, 2, 3, 4, 5, 6, 7, 8, 9, 10, 11, 12, 13, 14, 15, 16, 17, 18, 19, 20, 21, 22, 23, 24, 25, 26, 27, 28, 29]","[1.5619505643844604, 1.5749322175979614, 1.2969229221343994, 1.676100492477417, 1.6065527200698853, 1.5479384660720825, 1.7026262283325195, 1.520910382270813, 1.630415916442871, 1.6706379652023315, 1.5786701440811157, 1.6415226459503174, 1.6623471975326538, 1.5831676721572876, 1.6309608221054077, 1.5829299688339233, 1.605764627456665, 1.6077709197998047, 1.562310814857483, 1.586014986038208, 1.6839966773986816, 1.7158735990524292, 1.5784400701522827, 1.5817686319351196, 1.6270809173583984, 1.4883418083190918, 1.5676971673965454, 1.6929726600646973, 1.724226474761963, 1.5442577600479126]",sae,Pre-64
1,beta,35,0.018,0.4566193215888805,0.4379483378046387,0.4471638492911825,0.5,0.637290178651746,0.7189758259419847,30,"[0, 1, 2, 3, 4, 5, 6, 7, 8, 9, 10, 11, 12, 13, 14, 15, 16, 17, 18, 19, 20, 21, 22, 23, 24, 25, 26, 27, 28, 29]","[2.0186026096343994, 2.427190065383911, 2.4784951210021973, 2.291015386581421, 2.432607650756836, 2.242640733718872, 2.394942283630371, 2.4157161712646484, 2.4772753715515137, 2.4068410396575928, 2.200222969055176, 2.1117942333221436, 2.3543121814727783, 2.2629554271698, 2.2303295135498047, 2.3185672760009766, 2.430727958679199, 2.0948469638824463, 2.257565975189209, 2.136448383331299, 2.0369112491607666, 2.021639585494995, 2.1653919219970703, 2.333944797515869, 2.4470739364624023, 2.4103941917419434, 2.0343258380889893, 2.421999454498291, 2.497678756713867, 2.3583314418792725]",sae,Pre-64
1,beta,13,0.045,0.4619123366083722,0.4531466051409948,0.441751328337334,0.5,0.6127276801885291,0.7102113762926484,30,"[0, 1, 2, 3, 4, 5, 6, 7, 8, 9, 10, 11, 12, 13, 14, 15, 16, 17, 18, 19, 20, 21, 22, 23, 24, 25, 26, 27, 28, 29]","[1.608782172203064, 1.4385361671447754, 1.5933924913406372, 1.5149335861206055, 1.495985746383667, 1.6022262573242188, 1.535447597503662, 1.5244063138961792, 1.5581313371658325, 1.5272035598754883, 1.6022940874099731, 1.5069936513900757, 1.5696027278900146, 1.5610038042068481, 1.583487629890442, 1.4714140892028809, 1.4931118488311768, 1.56153404712677, 1.5450302362442017, 1.5407562255859375, 1.51632821559906, 1.4565311670303345, 1.510930061340332, 1.4807389974594116, 1.5120881795883179, 1.4539891481399536, 1.5243723392486572, 1.4637326002120972, 1.5544674396514893, 1.5184816122055054]",sae,Pre-64
1,beta,29,0.016,0.4558655961502112,0.4409050416793991,0.4705973937764126,0.5,0.6296548282533407,0.6787338657347395,30,"[0, 1, 2, 3, 4, 5, 6, 7, 8, 9, 10, 11, 12, 13, 14, 15, 16, 17, 18, 19, 20, 21, 22, 23, 24, 25, 26, 27, 28, 29]","[2.1225368976593018, 2.417933225631714, 1.869276762008667, 2.4315154552459717, 2.4012563228607178, 2.0788393020629883, 2.4644060134887695, 2.0782840251922607, 2.345393180847168, 2.414360284805298, 2.291489362716675, 2.400026559829712, 2.3820688724517822, 2.0844979286193848, 2.2670671939849854, 2.0640130043029785, 2.3438916206359863, 2.394913911819458, 2.3804917335510254, 2.391749620437622, 2.23172664642334, 2.438256025314331, 2.398735761642456, 2.3688085079193115, 2.4195022583007812, 2.2247955799102783, 2.102022171020508, 2.4753313064575195, 2.3652000427246094, 2.3503079414367676]",sae,Pre-64
1,beta,15,0.038,0.4529015220185267,0.4424399871594601,0.4403213232332736,0.5,0.6161071485640408,0.7114746001539826,30,"[0, 1, 2, 3, 4, 5, 6, 7, 8, 9, 10, 11, 12, 13, 14, 15, 16, 17, 18, 19, 20, 21, 22, 23, 24, 25, 26, 27, 28, 29]","[1.6009234189987183, 1.6162326335906982, 1.665596604347229, 1.6205943822860718, 1.7428730726242065, 1.6144617795944214, 1.5914313793182373, 1.6158186197280884, 1.6902267932891846, 1.6850144863128662, 1.6606417894363403, 1.6059458255767822, 1.7718533277511597, 1.6873376369476318, 1.5386890172958374, 1.667700171470642, 1.5825444459915161, 1.7862366437911987, 1.5526052713394165, 1.638831615447998, 1.7374590635299683, 1.7336665391921997, 1.5963084697723389, 1.654723048210144, 1.6560193300247192, 1.5335111618041992, 1.7225528955459595, 1.7629799842834473, 1.6755965948104858, 1.626959204673767]",sae,Pre-64
1,beta,38,0.07,0.4455661720406026,0.4298851252298221,0.4442068394510981,0.5,0.6303640517897944,0.6595552170601675,30,"[0, 1, 2, 3, 4, 5, 6, 7, 8, 9, 10, 11, 12, 13, 14, 15, 16, 17, 18, 19, 20, 21, 22, 23, 24, 25, 26, 27, 28, 29]","[1.5423226356506348, 1.5361030101776123, 1.5362838506698608, 1.6280930042266846, 1.5668971538543701, 1.4355238676071167, 1.630833387374878, 1.5737295150756836, 1.471463918685913, 1.5630804300308228, 1.5331813097000122, 1.6108529567718506, 1.5983399152755737, 1.5549744367599487, 1.6178475618362427, 1.5434080362319946, 1.5213714838027954, 1.6274993419647217, 1.5054006576538086, 1.583193302154541, 1.5543673038482666, 1.544101595878601, 1.626054286956787, 1.4942660331726074, 1.547812581062317, 1.6259095668792725, 1.5136276483535767, 1.6184196472167969, 1.5401479005813599, 1.6250461339950562]",sae,Pre-64
1,beta,32,0.068,0.4555596844830426,0.4475674839123162,0.4709204017962666,0.5,0.5924839124839124,0.6331546240117668,30,"[0, 1, 2, 3, 4, 5, 6, 7, 8, 9, 10, 11, 12, 13, 14, 15, 16, 17, 18, 19, 20, 21, 22, 23, 24, 25, 26, 27, 28, 29]","[1.4930391311645508, 1.4145970344543457, 1.4939019680023193, 1.4284775257110596, 1.4377347230911255, 1.5023438930511475, 1.4335824251174927, 1.4138683080673218, 1.390556812286377, 1.3995375633239746, 1.4149360656738281, 1.3896299600601196, 1.4331486225128174, 1.3527615070343018, 1.3415939807891846, 1.3465774059295654, 1.3736326694488525, 1.4371951818466187, 1.3836742639541626, 1.4136768579483032, 1.4982500076293945, 1.4144395589828491, 1.3370791673660278, 1.4998635053634644, 1.4286894798278809, 1.3594790697097778, 1.4755715131759644, 1.2955306768417358, 1.504154086112976, 1.4969946146011353]",sae,Pre-64
1,beta,2,0.05,0.4419681213812466,0.4306250660512843,0.4292329464659137,0.5,0.6028191218064636,0.6891214007511475,30,"[0, 1, 2, 3, 4, 5, 6, 7, 8, 9, 10, 11, 12, 13, 14, 15, 16, 17, 18, 19, 20, 21, 22, 23, 24, 25, 26, 27, 28, 29]","[1.4885120391845703, 1.4859431982040405, 1.465002179145813, 1.5575798749923706, 1.5060787200927734, 1.6011253595352173, 1.4912452697753906, 1.5119359493255615, 1.4543753862380981, 1.487328052520752, 1.5227495431900024, 1.4431246519088745, 1.5455325841903687, 1.6052675247192383, 1.570121169090271, 1.5209921598434448, 1.581920862197876, 1.632951259613037, 1.628987431526184, 1.610378384590149, 1.5194730758666992, 1.481423020362854, 1.579105019569397, 1.596600890159607, 1.467044472694397, 1.487383484840393, 1.561358094215393, 1.537162184715271, 1.334652066230774, 1.6266039609909058]",sae,Pre-64
1,beta,15,0.016,0.4529015220185267,0.4424399871594601,0.4522561754434515,0.5,0.6161071485640408,0.7122285332442365,30,"[0, 1, 2, 3, 4, 5, 6, 7, 8, 9, 10, 11, 12, 13, 14, 15, 16, 17, 18, 19, 20, 21, 22, 23, 24, 25, 26, 27, 28, 29]","[2.3813443183898926, 2.4190948009490967, 2.447927474975586, 2.311532735824585, 2.464114189147949, 2.1221978664398193, 2.136606216430664, 2.051821231842041, 2.3703346252441406, 2.307345390319824, 2.4652254581451416, 2.2779903411865234, 2.3987643718719482, 2.29616379737854, 2.0568618774414062, 2.4360737800598145, 2.2125308513641357, 2.55199933052063, 2.2427048683166504, 2.4403011798858643, 2.3646240234375, 2.5173630714416504, 2.0432722568511963, 2.40820050239563, 2.400944232940674, 2.3897101879119873, 2.528049945831299, 2.5653576850891113, 2.318708658218384, 2.2462105751037598]",sae,Pre-64
1,beta,23,0.052,0.4478205607315014,0.4344954522622479,0.4375210143900669,0.5,0.6150139710231751,0.6768979638765468,30,"[0, 1, 2, 3, 4, 5, 6, 7, 8, 9, 10, 11, 12, 13, 14, 15, 16, 17, 18, 19, 20, 21, 22, 23, 24, 25, 26, 27, 28, 29]","[1.50883150100708, 1.6047552824020386, 1.581860065460205, 1.6728730201721191, 1.4441604614257812, 1.5125315189361572, 1.6577636003494263, 1.5150647163391113, 1.506788730621338, 1.648745059967041, 1.657454013824463, 1.6100900173187256, 1.6045193672180176, 1.5162707567214966, 1.6041388511657715, 1.6557707786560059, 1.3542561531066895, 1.540448784828186, 1.500292420387268, 1.531298279762268, 1.6511294841766357, 1.6655983924865723, 1.5199570655822754, 1.6674561500549316, 1.6627445220947266, 1.5549776554107666, 1.4996849298477173, 1.5845437049865723, 1.5501015186309814, 1.6788214445114136]",sae,Pre-64
1,beta,41,0.055,0.4543678569363413,0.4427951465832617,0.4547194348423766,0.5,0.6190905384235713,0.676395058549182,30,"[0, 1, 2, 3, 4, 5, 6, 7, 8, 9, 10, 11, 12, 13, 14, 15, 16, 17, 18, 19, 20, 21, 22, 23, 24, 25, 26, 27, 28, 29]","[1.4729405641555786, 1.565667986869812, 1.5065709352493286, 1.4290324449539185, 1.4414998292922974, 1.609669804573059, 1.465272307395935, 1.5287901163101196, 1.4969664812088013, 1.593054175376892, 1.5850986242294312, 1.5222786664962769, 1.5253604650497437, 1.5934563875198364, 1.5934057235717773, 1.5084670782089233, 1.5051167011260986, 1.542145013809204, 1.5794243812561035, 1.5422502756118774, 1.4539414644241333, 1.506296992301941, 1.5105897188186646, 1.5304356813430786, 1.5055274963378906, 1.4869508743286133, 1.5655312538146973, 1.578376054763794, 1.5364106893539429, 1.4576973915100098]",sae,Pre-64
1,beta,19,0.046,0.4469965829377276,0.435497383761294,0.4196825986960862,0.5,0.6104665954706788,0.714820805980463,30,"[0, 1, 2, 3, 4, 5, 6, 7, 8, 9, 10, 11, 12, 13, 14, 15, 16, 17, 18, 19, 20, 21, 22, 23, 24, 25, 26, 27, 28, 29]","[1.6807364225387573, 1.7189198732376099, 1.7798750400543213, 1.6848442554473877, 1.679762363433838, 1.7109347581863403, 1.7019376754760742, 1.7710040807724, 1.6474885940551758, 1.8100943565368652, 1.8537365198135376, 1.8397338390350342, 1.7197840213775635, 1.6627357006072998, 1.6481103897094727, 1.673769235610962, 1.8074225187301636, 1.8232388496398926, 1.6301571130752563, 1.6297022104263306, 1.8376996517181396, 1.6887032985687256, 1.7102442979812622, 1.6317830085754395, 1.6178278923034668, 1.8216631412506104, 1.8292468786239624, 1.7195537090301514, 1.7162129878997803, 1.6590639352798462]",sae,Pre-64
1,beta,24,0.005,0.4501416387440968,0.4383559369047743,0.4658828949224785,0.5,0.6188330126613704,0.6513654419066535,30,"[0, 1, 2, 3, 4, 5, 6, 7, 8, 9, 10, 11, 12, 13, 14, 15, 16, 17, 18, 19, 20, 21, 22, 23, 24, 25, 26, 27, 28, 29]","[2.7279958724975586, 2.6495237350463867, 2.55521559715271, 2.7709529399871826, 2.7668557167053223, 2.3138415813446045, 2.7384893894195557, 2.7552168369293213, 2.8293256759643555, 2.726346731185913, 2.552572011947632, 2.405979633331299, 2.8235228061676025, 2.8213937282562256, 2.474426746368408, 2.4134857654571533, 2.8141214847564697, 2.6669912338256836, 2.7244620323181152, 2.760631799697876, 2.7548656463623047, 2.7526140213012695, 2.359623670578003, 2.713468551635742, 2.3302547931671143, 2.530005931854248, 2.5994553565979004, 2.338151454925537, 2.827258586883545, 2.7285706996917725]",sae,Pre-64
1,beta,35,0.044,0.4566193215888805,0.4379483378046387,0.4344699357938577,0.5,0.637290178651746,0.714452560435145,30,"[0, 1, 2, 3, 4, 5, 6, 7, 8, 9, 10, 11, 12, 13, 14, 15, 16, 17, 18, 19, 20, 21, 22, 23, 24, 25, 26, 27, 28, 29]","[1.4629929065704346, 1.529532551765442, 1.593545913696289, 1.5230991840362549, 1.5363404750823975, 1.5007383823394775, 1.4491819143295288, 1.6099647283554077, 1.6255444288253784, 1.517770767211914, 1.5881239175796509, 1.4394840002059937, 1.5119580030441284, 1.4192968606948853, 1.5089219808578491, 1.4663636684417725, 1.596495509147644, 1.4413948059082031, 1.5463751554489136, 1.4470341205596924, 1.467870831489563, 1.4591704607009888, 1.4767805337905884, 1.4462281465530396, 1.4933911561965942, 1.539252519607544, 1.4699664115905762, 1.5503075122833252, 1.604610800743103, 1.5431360006332397]",sae,Pre-64
1,beta,30,0.042,0.4638407167611665,0.4544841508273655,0.4423232554246144,0.5,0.6043368975359404,0.6964108049940225,30,"[0, 1, 2, 3, 4, 5, 6, 7, 8, 9, 10, 11, 12, 13, 14, 15, 16, 17, 18, 19, 20, 21, 22, 23, 24, 25, 26, 27, 28, 29]","[1.747021198272705, 1.7389594316482544, 1.7044320106506348, 1.659963846206665, 1.662956714630127, 1.639966607093811, 1.6543817520141602, 1.6188023090362549, 1.5925700664520264, 1.6533355712890625, 1.666068196296692, 1.6575490236282349, 1.611950159072876, 1.659875750541687, 1.7167538404464722, 1.7200086116790771, 1.6256608963012695, 1.6644210815429688, 1.7371230125427246, 1.6352252960205078, 1.6850703954696655, 1.634887456893921, 1.7380335330963135, 1.6472771167755127, 1.7383816242218018, 1.6659728288650513, 1.6203856468200684, 1.6499723196029663, 1.70509672164917, 1.6465505361557007]",sae,Pre-64
1,beta,10,0.07,0.4493907433353129,0.4390813823454372,0.4434619902447124,0.5,0.6232207829487961,0.6770074276077362,30,"[0, 1, 2, 3, 4, 5, 6, 7, 8, 9, 10, 11, 12, 13, 14, 15, 16, 17, 18, 19, 20, 21, 22, 23, 24, 25, 26, 27, 28, 29]","[1.42997145652771, 1.3411513566970825, 1.5084694623947144, 1.4270343780517578, 1.4228790998458862, 1.4317548274993896, 1.5198863744735718, 1.446523666381836, 1.3337699174880981, 1.4836022853851318, 1.4352271556854248, 1.4590904712677002, 1.4585537910461426, 1.4338352680206299, 1.4960473775863647, 1.4543520212173462, 1.463607668876648, 1.3732932806015015, 1.4293416738510132, 1.3888658285140991, 1.409020185470581, 1.43973708152771, 1.5004944801330566, 1.5023837089538574, 1.439984679222107, 1.3748891353607178, 1.4361732006072998, 1.4368577003479004, 1.4350988864898682, 1.4901028871536255]",sae,Pre-64
1,beta,24,0.024,0.4501416387440968,0.4383559369047743,0.4636405471463842,0.5,0.6188330126613704,0.6495251986097319,30,"[0, 1, 2, 3, 4, 5, 6, 7, 8, 9, 10, 11, 12, 13, 14, 15, 16, 17, 18, 19, 20, 21, 22, 23, 24, 25, 26, 27, 28, 29]","[2.2234866619110107, 2.158501148223877, 2.0418031215667725, 2.2761073112487793, 2.2556381225585938, 1.7873183488845825, 2.2503764629364014, 2.267747640609741, 2.3398356437683105, 2.233501434326172, 2.0366268157958984, 1.8902831077575684, 2.336888551712036, 2.329185724258423, 1.9647215604782104, 1.9046295881271362, 2.31878662109375, 2.182171106338501, 2.2383692264556885, 2.262141704559326, 2.251638889312744, 2.2528116703033447, 1.8223018646240234, 2.220362663269043, 1.7843708992004395, 2.029259443283081, 2.08182430267334, 1.817206859588623, 2.3316903114318848, 2.237281084060669]",sae,Pre-64
1,beta,47,0.032,0.4460371044958436,0.4257646434940195,0.411320297007325,0.5,0.6434257056516428,0.7353709895197068,30,"[0, 1, 2, 3, 4, 5, 6, 7, 8, 9, 10, 11, 12, 13, 14, 15, 16, 17, 18, 19, 20, 21, 22, 23, 24, 25, 26, 27, 28, 29]","[1.8590681552886963, 1.6742347478866577, 1.6712383031845093, 1.6680779457092285, 1.790991187095642, 1.8266654014587402, 1.7471652030944824, 1.8530203104019165, 1.7897311449050903, 1.6881366968154907, 1.7241630554199219, 1.6681993007659912, 1.6943373680114746, 1.8551236391067505, 1.6756953001022339, 1.8361694812774658, 1.7066785097122192, 1.7973600625991821, 1.641768455505371, 1.6660587787628174, 1.7017245292663574, 1.7786269187927246, 1.8559448719024658, 1.6836835145950317, 1.7610230445861816, 1.647694706916809, 1.5945411920547485, 1.8414127826690674, 1.6423074007034302, 1.7176966667175293]",sae,Pre-64
1,beta,7,0.054,0.4564836922581216,0.4420418003909208,0.4407391021655685,0.5,0.6095136152062148,0.7015358666212557,30,"[0, 1, 2, 3, 4, 5, 6, 7, 8, 9, 10, 11, 12, 13, 14, 15, 16, 17, 18, 19, 20, 21, 22, 23, 24, 25, 26, 27, 28, 29]","[1.4929271936416626, 1.5595803260803223, 1.5843312740325928, 1.5562301874160767, 1.5898733139038086, 1.5410523414611816, 1.537471890449524, 1.542851209640503, 1.6533030271530151, 1.5528960227966309, 1.4686158895492554, 1.523153305053711, 1.4720211029052734, 1.5036852359771729, 1.6607763767242432, 1.5742377042770386, 1.5008996725082397, 1.5082329511642456, 1.5969270467758179, 1.5845377445220947, 1.5622189044952393, 1.611548900604248, 1.608813762664795, 1.5219167470932007, 1.6429483890533447, 1.6376137733459473, 1.512297511100769, 1.4714263677597046, 1.6292372941970825, 1.5045455694198608]",sae,Pre-64
1,beta,16,0.072,0.4519396108125126,0.4401978349795346,0.4330676727833819,0.5,0.6159012314439947,0.7190316536533642,30,"[0, 1, 2, 3, 4, 5, 6, 7, 8, 9, 10, 11, 12, 13, 14, 15, 16, 17, 18, 19, 20, 21, 22, 23, 24, 25, 26, 27, 28, 29]","[1.4376609325408936, 1.374144434928894, 1.3987164497375488, 1.4874473810195923, 1.4836257696151733, 1.3956832885742188, 1.489975094795227, 1.4459266662597656, 1.4152816534042358, 1.4850883483886719, 1.4946380853652954, 1.4516135454177856, 1.4144816398620605, 1.417285680770874, 1.3855302333831787, 1.4183158874511719, 1.4741452932357788, 1.317184567451477, 1.4111180305480957, 1.4741848707199097, 1.5141935348510742, 1.4739116430282593, 1.4872242212295532, 1.476353406906128, 1.3734290599822998, 1.4673523902893066, 1.3972595930099487, 1.4186846017837524, 1.3757373094558716, 1.404975175857544]",sae,Pre-64
1,beta,42,0.0535,0.4546678683050885,0.4407690563496341,0.4565900972081976,0.5,0.6336081445133979,0.661264402030115,30,"[0, 1, 2, 3, 4, 5, 6, 7, 8, 9, 10, 11, 12, 13, 14, 15, 16, 17, 18, 19, 20, 21, 22, 23, 24, 25, 26, 27, 28, 29]","[1.6494159698486328, 1.5142501592636108, 1.6591317653656006, 1.6543387174606323, 1.5964267253875732, 1.6386401653289795, 1.5885663032531738, 1.5460399389266968, 1.508506178855896, 1.6568785905838013, 1.6247048377990723, 1.6666897535324097, 1.5409256219863892, 1.3044112920761108, 1.6687777042388916, 1.5511441230773926, 1.4954228401184082, 1.4716451168060303, 1.6215258836746216, 1.651495099067688, 1.5602554082870483, 1.5338588953018188, 1.5619550943374634, 1.489231824874878, 1.5408858060836792, 1.5024993419647217, 1.67559015750885, 1.491377830505371, 1.577689528465271, 1.4952282905578613]",sae,Pre-64
1,beta,47,0.015,0.4460371044958436,0.4257646434940195,0.4217668147361616,0.5,0.6434257056516428,0.7370266186587796,30,"[0, 1, 2, 3, 4, 5, 6, 7, 8, 9, 10, 11, 12, 13, 14, 15, 16, 17, 18, 19, 20, 21, 22, 23, 24, 25, 26, 27, 28, 29]","[2.472747325897217, 2.3728437423706055, 2.388232469558716, 2.1210198402404785, 2.453843355178833, 2.5101852416992188, 2.3498892784118652, 2.4644460678100586, 2.2397866249084473, 2.195647716522217, 2.4036128520965576, 2.3531460762023926, 2.1828129291534424, 2.5016984939575195, 2.432900905609131, 2.38082218170166, 2.1639456748962402, 2.5190787315368652, 2.351668119430542, 2.2126402854919434, 2.477088689804077, 2.3267934322357178, 2.443883180618286, 2.27487850189209, 2.426305055618286, 2.3097686767578125, 2.2089812755584717, 2.4094290733337402, 2.3944318294525146, 2.4490137100219727]",sae,Pre-64
1,beta,44,0.072,0.4469012312759677,0.43811650775401,0.4601550816260435,0.5,0.5982762074796864,0.6212031488454038,30,"[0, 1, 2, 3, 4, 5, 6, 7, 8, 9, 10, 11, 12, 13, 14, 15, 16, 17, 18, 19, 20, 21, 22, 23, 24, 25, 26, 27, 28, 29]","[1.4705908298492432, 1.4663887023925781, 1.427896499633789, 1.433603048324585, 1.4607758522033691, 1.5279680490493774, 1.5158069133758545, 1.4135953187942505, 1.4821406602859497, 1.555069923400879, 1.4677879810333252, 1.4563177824020386, 1.471477746963501, 1.4338735342025757, 1.5462138652801514, 1.5489310026168823, 1.4063777923583984, 1.3215014934539795, 1.4837340116500854, 1.4734227657318115, 1.4294039011001587, 1.408530354499817, 1.4703346490859985, 1.4692449569702148, 1.5248674154281616, 1.4294973611831665, 1.4440319538116455, 1.4640835523605347, 1.4738115072250366, 1.4767529964447021]",sae,Pre-64
1,beta,22,0.074,0.4519005213187685,0.4442985770479847,0.4444132810915883,0.5,0.5939599289403404,0.6801638842809915,30,"[0, 1, 2, 3, 4, 5, 6, 7, 8, 9, 10, 11, 12, 13, 14, 15, 16, 17, 18, 19, 20, 21, 22, 23, 24, 25, 26, 27, 28, 29]","[1.4162181615829468, 1.4620163440704346, 1.4750968217849731, 1.4966310262680054, 1.536840558052063, 1.436624526977539, 1.445709228515625, 1.4265986680984497, 1.4222267866134644, 1.4724822044372559, 1.4204720258712769, 1.5301554203033447, 1.463042140007019, 1.516395092010498, 1.3810865879058838, 1.5026497840881348, 1.514220118522644, 1.4671367406845093, 1.3992401361465454, 1.408392071723938, 1.4874995946884155, 1.4859418869018555, 1.487273931503296, 1.4377387762069702, 1.4895962476730347, 1.5225008726119995, 1.4224542379379272, 1.410763144493103, 1.5514190196990967, 1.3915462493896484]",sae,Pre-64
1,beta,0,0.075,0.4600628296558519,0.4487196928272481,0.4324624708463926,0.5,0.6146148452673732,0.7223421228339942,30,"[0, 1, 2, 3, 4, 5, 6, 7, 8, 9, 10, 11, 12, 13, 14, 15, 16, 17, 18, 19, 20, 21, 22, 23, 24, 25, 26, 27, 28, 29]","[1.390309453010559, 1.4338973760604858, 1.4110686779022217, 1.4645909070968628, 1.3843642473220825, 1.4081339836120605, 1.4555931091308594, 1.486236333847046, 1.469356656074524, 1.4141271114349365, 1.4054787158966064, 1.4206384420394897, 1.4818363189697266, 1.4652130603790283, 1.4820066690444946, 1.4307941198349, 1.4420502185821533, 1.365291953086853, 1.315239429473877, 1.4653393030166626, 1.3861620426177979, 1.3732578754425049, 1.4651060104370117, 1.4082719087600708, 1.38327956199646, 1.3466036319732666, 1.4707419872283936, 1.3557666540145874, 1.4637830257415771, 1.3479682207107544]",sae,Pre-64
1,beta,0,0.045,0.4600628296558519,0.4487196928272481,0.4354321452709936,0.5,0.6146148452673732,0.7220531446153471,30,"[0, 1, 2, 3, 4, 5, 6, 7, 8, 9, 10, 11, 12, 13, 14, 15, 16, 17, 18, 19, 20, 21, 22, 23, 24, 25, 26, 27, 28, 29]","[1.5113258361816406, 1.5464165210723877, 1.5524210929870605, 1.6009414196014404, 1.4953124523162842, 1.536182165145874, 1.5949393510818481, 1.6211402416229248, 1.6031368970870972, 1.5235416889190674, 1.530334711074829, 1.5378410816192627, 1.6248873472213745, 1.6024361848831177, 1.6193689107894897, 1.5397011041641235, 1.5791716575622559, 1.4882017374038696, 1.462997555732727, 1.6055481433868408, 1.5059008598327637, 1.4883819818496704, 1.5996235609054565, 1.525557279586792, 1.5054150819778442, 1.4716798067092896, 1.5972999334335327, 1.4763410091400146, 1.6095458269119263, 1.482724666595459]",sae,Pre-64
1,beta,16,0.042,0.4519396108125126,0.4401978349795346,0.4372153037053122,0.5,0.6159012314439947,0.7204745638133796,30,"[0, 1, 2, 3, 4, 5, 6, 7, 8, 9, 10, 11, 12, 13, 14, 15, 16, 17, 18, 19, 20, 21, 22, 23, 24, 25, 26, 27, 28, 29]","[1.6388986110687256, 1.5521332025527954, 1.6094070672988892, 1.6743210554122925, 1.6896204948425293, 1.5862889289855957, 1.687597393989563, 1.632435917854309, 1.5825567245483398, 1.6886695623397827, 1.6955124139785767, 1.6326090097427368, 1.607168197631836, 1.5785409212112427, 1.6057630777359009, 1.6180064678192139, 1.6251376867294312, 1.5447160005569458, 1.5851876735687256, 1.679620385169983, 1.7040499448776245, 1.666151523590088, 1.669623851776123, 1.6689579486846924, 1.562269926071167, 1.659719705581665, 1.6206607818603516, 1.584559679031372, 1.5568175315856934, 1.5981392860412598]",sae,Pre-64
1,beta,48,0.054,0.4556814132376,0.4510566266980289,0.4931620833857643,0.5,0.5923878577171784,0.5935755297102023,30,"[0, 1, 2, 3, 4, 5, 6, 7, 8, 9, 10, 11, 12, 13, 14, 15, 16, 17, 18, 19, 20, 21, 22, 23, 24, 25, 26, 27, 28, 29]","[1.7238895893096924, 1.6561965942382812, 1.6227985620498657, 1.6021658182144165, 1.6082245111465454, 1.5310258865356445, 1.6310988664627075, 1.6016325950622559, 1.6047072410583496, 1.5812751054763794, 1.6761376857757568, 1.6065630912780762, 1.6570533514022827, 1.603105902671814, 1.5717456340789795, 1.6309772729873657, 1.710757851600647, 1.6700407266616821, 1.6846990585327148, 1.572595238685608, 1.596130609512329, 1.7178834676742554, 1.726915955543518, 1.5623215436935425, 1.605055809020996, 1.6937731504440308, 1.6925711631774902, 1.729272723197937, 1.5825591087341309, 1.6434903144836426]",sae,Pre-64
1,beta,4,0.056,0.4589558369307028,0.4477177462853796,0.4652924655933523,0.5,0.61034827708266,0.6563722547978516,30,"[0, 1, 2, 3, 4, 5, 6, 7, 8, 9, 10, 11, 12, 13, 14, 15, 16, 17, 18, 19, 20, 21, 22, 23, 24, 25, 26, 27, 28, 29]","[1.615200400352478, 1.6152875423431396, 1.4837661981582642, 1.6522852182388306, 1.467752456665039, 1.5208574533462524, 1.6122770309448242, 1.5036319494247437, 1.551885724067688, 1.634454607963562, 1.5923261642456055, 1.535670518875122, 1.6470696926116943, 1.5015064477920532, 1.487318992614746, 1.557316541671753, 1.5873922109603882, 1.5649579763412476, 1.5221914052963257, 1.610386610031128, 1.5607213973999023, 1.6233243942260742, 1.55193030834198, 1.4951728582382202, 1.5642379522323608, 1.5364714860916138, 1.4954378604888916, 1.5307972431182861, 1.6107261180877686, 1.4886970520019531]",sae,Pre-64
1,beta,8,0.052,0.4517491928182039,0.4406431065890545,0.439553584166368,0.5,0.6098144493254953,0.6783939220305172,30,"[0, 1, 2, 3, 4, 5, 6, 7, 8, 9, 10, 11, 12, 13, 14, 15, 16, 17, 18, 19, 20, 21, 22, 23, 24, 25, 26, 27, 28, 29]","[1.395443081855774, 1.507257342338562, 1.4240208864212036, 1.4551258087158203, 1.516178011894226, 1.451590895652771, 1.5000321865081787, 1.412262201309204, 1.4585648775100708, 1.5077202320098877, 1.515960931777954, 1.439846396446228, 1.423354148864746, 1.456414818763733, 1.4852598905563354, 1.4008299112319946, 1.4224662780761719, 1.4584720134735107, 1.3689903020858765, 1.4385249614715576, 1.4114716053009033, 1.3871984481811523, 1.4907273054122925, 1.4231723546981812, 1.4902443885803223, 1.494335651397705, 1.3919978141784668, 1.4899793863296509, 1.460881233215332, 1.4609431028366089]",sae,Pre-64
1,beta,13,0.055,0.4619123366083722,0.4531466051409948,0.4417213732948846,0.5,0.6127276801885291,0.7102057384639453,30,"[0, 1, 2, 3, 4, 5, 6, 7, 8, 9, 10, 11, 12, 13, 14, 15, 16, 17, 18, 19, 20, 21, 22, 23, 24, 25, 26, 27, 28, 29]","[1.6057100296020508, 1.4354884624481201, 1.590317964553833, 1.5118407011032104, 1.492891550064087, 1.599162220954895, 1.5323694944381714, 1.5213127136230469, 1.555077314376831, 1.5241129398345947, 1.5992133617401123, 1.5039069652557373, 1.5665570497512817, 1.5579389333724976, 1.580428957939148, 1.468314290046692, 1.4900314807891846, 1.5584485530853271, 1.541964054107666, 1.537708044052124, 1.5132635831832886, 1.4534507989883423, 1.5078985691070557, 1.4776315689086914, 1.509028673171997, 1.4509055614471436, 1.5213121175765991, 1.4606187343597412, 1.5514241456985474, 1.5153732299804688]",sae,Pre-64
1,beta,23,0.036,0.4478205607315014,0.4344954522622479,0.4405848363062201,0.5,0.6150139710231751,0.6773397114420183,30,"[0, 1, 2, 3, 4, 5, 6, 7, 8, 9, 10, 11, 12, 13, 14, 15, 16, 17, 18, 19, 20, 21, 22, 23, 24, 25, 26, 27, 28, 29]","[1.697409749031067, 1.8118478059768677, 1.7988648414611816, 1.848096251487732, 1.6270434856414795, 1.6999919414520264, 1.8586701154708862, 1.6687513589859009, 1.6481716632843018, 1.846074104309082, 1.840480089187622, 1.779510259628296, 1.7841914892196655, 1.7338387966156006, 1.8043138980865479, 1.8508368730545044, 1.6052641868591309, 1.6925275325775146, 1.6741141080856323, 1.7090561389923096, 1.839125633239746, 1.8277851343154907, 1.6973989009857178, 1.8557722568511963, 1.8335700035095215, 1.7483116388320923, 1.6337937116622925, 1.7978732585906982, 1.7033411264419556, 1.8803867101669312]",sae,Pre-64
1,beta,47,0.046,0.4460371044958436,0.4257646434940195,0.4111218484970579,0.5,0.6434257056516428,0.7352857969523565,30,"[0, 1, 2, 3, 4, 5, 6, 7, 8, 9, 10, 11, 12, 13, 14, 15, 16, 17, 18, 19, 20, 21, 22, 23, 24, 25, 26, 27, 28, 29]","[1.8390204906463623, 1.6543430089950562, 1.6510215997695923, 1.647993564605713, 1.7707537412643433, 1.8065775632858276, 1.7267636060714722, 1.8332829475402832, 1.769723892211914, 1.6681512594223022, 1.7039498090744019, 1.6481553316116333, 1.6743372678756714, 1.8350886106491089, 1.655911922454834, 1.8162418603897095, 1.6867600679397583, 1.7773317098617554, 1.6221091747283936, 1.6459084749221802, 1.6816284656524658, 1.7585417032241821, 1.8362274169921875, 1.6635055541992188, 1.7407028675079346, 1.627755880355835, 1.5745538473129272, 1.8217915296554565, 1.6219744682312012, 1.6972533464431763]",sae,Pre-64
1,beta,23,0.026,0.4478205607315014,0.4344954522622479,0.4407487546672743,0.5,0.6150139710231751,0.6774153531484348,30,"[0, 1, 2, 3, 4, 5, 6, 7, 8, 9, 10, 11, 12, 13, 14, 15, 16, 17, 18, 19, 20, 21, 22, 23, 24, 25, 26, 27, 28, 29]","[1.7143203020095825, 1.828463077545166, 1.815338134765625, 1.8649427890777588, 1.6437431573867798, 1.7167344093322754, 1.8753918409347534, 1.6858222484588623, 1.6651896238327026, 1.8628907203674316, 1.857382893562317, 1.7964569330215454, 1.8010621070861816, 1.7504271268844604, 1.8210368156433105, 1.8676215410232544, 1.6216442584991455, 1.7095876932144165, 1.6911014318466187, 1.7258398532867432, 1.8559796810150146, 1.844761848449707, 1.714327335357666, 1.872559666633606, 1.850469708442688, 1.7651501893997192, 1.650920033454895, 1.814431071281433, 1.7203657627105713, 1.8971346616744995]",sae,Pre-64
1,beta,8,0.044,0.4517491928182039,0.4406431065890545,0.4409706194123436,0.5,0.6098144493254953,0.6789980405056485,30,"[0, 1, 2, 3, 4, 5, 6, 7, 8, 9, 10, 11, 12, 13, 14, 15, 16, 17, 18, 19, 20, 21, 22, 23, 24, 25, 26, 27, 28, 29]","[1.4880523681640625, 1.6020466089248657, 1.508039951324463, 1.536532998085022, 1.6059082746505737, 1.5440782308578491, 1.5894051790237427, 1.4944466352462769, 1.5386269092559814, 1.5969007015228271, 1.6059759855270386, 1.525359034538269, 1.4993535280227661, 1.5290265083312988, 1.5722309350967407, 1.480797529220581, 1.4913177490234375, 1.5440419912338257, 1.4473835229873657, 1.5324801206588745, 1.4963608980178833, 1.4630324840545654, 1.5757725238800049, 1.5154787302017212, 1.581139087677002, 1.581055760383606, 1.482900857925415, 1.5741277933120728, 1.5456006526947021, 1.5565905570983887]",sae,Pre-64
1,beta,26,0.055,0.4502231978181314,0.4442488029476733,0.4655129720343194,0.5,0.5832450787939482,0.6463880629642593,30,"[0, 1, 2, 3, 4, 5, 6, 7, 8, 9, 10, 11, 12, 13, 14, 15, 16, 17, 18, 19, 20, 21, 22, 23, 24, 25, 26, 27, 28, 29]","[1.5705238580703735, 1.5740307569503784, 1.7497906684875488, 1.5227712392807007, 1.6004786491394043, 1.6447392702102661, 1.646789789199829, 1.544940710067749, 1.6608312129974365, 1.6021010875701904, 1.5190815925598145, 1.7576991319656372, 1.6883437633514404, 1.639680027961731, 1.72074556350708, 1.602860689163208, 1.6491281986236572, 1.5057951211929321, 1.66403067111969, 1.6005988121032715, 1.5649837255477905, 1.7283128499984741, 1.6155742406845093, 1.6502078771591187, 1.7378891706466675, 1.7152775526046753, 1.5876024961471558, 1.6481406688690186, 1.4753565788269043, 1.5522193908691406]",sae,Pre-64
1,beta,21,0.029,0.4504746503440228,0.4381370334360364,0.4459726225956341,0.5,0.6200058082774133,0.6876784191599007,30,"[0, 1, 2, 3, 4, 5, 6, 7, 8, 9, 10, 11, 12, 13, 14, 15, 16, 17, 18, 19, 20, 21, 22, 23, 24, 25, 26, 27, 28, 29]","[1.68046236038208, 1.7597055435180664, 1.8750197887420654, 1.8721672296524048, 1.8771644830703735, 1.8254655599594116, 1.6997785568237305, 1.7483991384506226, 1.8729729652404785, 1.721734881401062, 1.8392843008041382, 1.873105525970459, 1.7049368619918823, 1.7729023694992065, 1.7614113092422485, 1.6903749704360962, 1.703490138053894, 1.7278331518173218, 1.7169030904769897, 1.8711522817611694, 1.6586560010910034, 1.8633824586868286, 1.6595475673675537, 1.6851712465286255, 1.7199571132659912, 1.704340934753418, 1.6899468898773193, 1.736021876335144, 1.8137449026107788, 1.8108911514282227]",sae,Pre-64
1,beta,28,0.075,0.4589844236982603,0.4495627040154577,0.441742608526121,0.5,0.5987249917034086,0.6982514933864316,30,"[0, 1, 2, 3, 4, 5, 6, 7, 8, 9, 10, 11, 12, 13, 14, 15, 16, 17, 18, 19, 20, 21, 22, 23, 24, 25, 26, 27, 28, 29]","[1.4505800008773804, 1.3340270519256592, 1.3233531713485718, 1.5428167581558228, 1.4968782663345337, 1.4807010889053345, 1.4414443969726562, 1.374369502067566, 1.4751062393188477, 1.5067404508590698, 1.4366978406906128, 1.467244029045105, 1.5144845247268677, 1.5245712995529175, 1.4575486183166504, 1.4045944213867188, 1.4393428564071655, 1.4958431720733643, 1.470482349395752, 1.470617413520813, 1.4051800966262817, 1.425350308418274, 1.4272024631500244, 1.375398874282837, 1.406956672668457, 1.4955649375915527, 1.5343693494796753, 1.41754949092865, 1.396283507347107, 1.4084333181381226]",sae,Pre-64
1,beta,19,0.056,0.4469965829377276,0.435497383761294,0.415996891370034,0.5,0.6104665954706788,0.7125482928667902,30,"[0, 1, 2, 3, 4, 5, 6, 7, 8, 9, 10, 11, 12, 13, 14, 15, 16, 17, 18, 19, 20, 21, 22, 23, 24, 25, 26, 27, 28, 29]","[1.4718477725982666, 1.4847067594528198, 1.5692356824874878, 1.5023494958877563, 1.4456900358200073, 1.4510735273361206, 1.4850472211837769, 1.5662325620651245, 1.4466502666473389, 1.582566499710083, 1.5969732999801636, 1.6094481945037842, 1.4845366477966309, 1.480942726135254, 1.4236903190612793, 1.4436370134353638, 1.5701284408569336, 1.596290111541748, 1.433157205581665, 1.4539693593978882, 1.6200129985809326, 1.4697084426879883, 1.4859955310821533, 1.4602069854736328, 1.4513726234436035, 1.5836890935897827, 1.5849177837371826, 1.4917060136795044, 1.473718523979187, 1.4398317337036133]",sae,Pre-64
1,beta,45,0.035,0.4515599815008028,0.4347157609968581,0.4519847960984945,0.5,0.6289673345145609,0.6772401677948903,30,"[0, 1, 2, 3, 4, 5, 6, 7, 8, 9, 10, 11, 12, 13, 14, 15, 16, 17, 18, 19, 20, 21, 22, 23, 24, 25, 26, 27, 28, 29]","[1.697201132774353, 1.699681043624878, 1.5788532495498657, 1.7769147157669067, 1.7778871059417725, 1.6288100481033325, 1.778320074081421, 1.7673145532608032, 1.6271382570266724, 1.5769652128219604, 1.710426688194275, 1.7774152755737305, 1.745224118232727, 1.6491219997406006, 1.6772112846374512, 1.6837878227233887, 1.7050737142562866, 1.624827265739441, 1.6859012842178345, 1.6818443536758423, 1.740738034248352, 1.622367262840271, 1.7554455995559692, 1.6470547914505005, 1.587480902671814, 1.7772680521011353, 1.6180827617645264, 1.6311753988265991, 1.5695890188217163, 1.781444787979126]",sae,Pre-64
1,beta,45,0.0155,0.4515599815008028,0.4347157609968581,0.4671005474302154,0.5,0.6289673345145609,0.6781003437675102,30,"[0, 1, 2, 3, 4, 5, 6, 7, 8, 9, 10, 11, 12, 13, 14, 15, 16, 17, 18, 19, 20, 21, 22, 23, 24, 25, 26, 27, 28, 29]","[2.496948480606079, 2.5427558422088623, 2.3636393547058105, 2.580404758453369, 2.5590171813964844, 2.5086617469787598, 2.528298854827881, 2.5175459384918213, 2.1665358543395996, 2.047100782394409, 2.2795872688293457, 2.5603280067443848, 2.4402260780334473, 2.5287675857543945, 2.2567789554595947, 2.4877843856811523, 2.345155954360962, 2.4600555896759033, 2.438960075378418, 2.4657979011535645, 2.4945738315582275, 2.115490198135376, 2.285155773162842, 2.431727886199951, 2.474188804626465, 2.39349627494812, 2.1218314170837402, 2.180581569671631, 2.3812448978424072, 2.535827398300171]",sae,Pre-64
1,beta,42,0.045,0.4546678683050885,0.4407690563496341,0.4591406535858877,0.5,0.6336081445133979,0.6606608096406408,30,"[0, 1, 2, 3, 4, 5, 6, 7, 8, 9, 10, 11, 12, 13, 14, 15, 16, 17, 18, 19, 20, 21, 22, 23, 24, 25, 26, 27, 28, 29]","[1.7373430728912354, 1.6133167743682861, 1.7367351055145264, 1.746764898300171, 1.698121190071106, 1.7200844287872314, 1.6896353960037231, 1.634903907775879, 1.5880649089813232, 1.7462424039840698, 1.713911533355713, 1.7488775253295898, 1.6187045574188232, 1.3897610902786255, 1.7568291425704956, 1.6283555030822754, 1.562864899635315, 1.5559093952178955, 1.7185490131378174, 1.7512120008468628, 1.6494637727737427, 1.6075291633605957, 1.6583590507507324, 1.5663846731185913, 1.6157702207565308, 1.5740461349487305, 1.7721052169799805, 1.5625524520874023, 1.6666607856750488, 1.5866873264312744]",sae,Pre-64
1,beta,33,0.032,0.4492211383258522,0.4377959816952598,0.4373847945981716,0.5,0.6165210074526608,0.6907796303367133,30,"[0, 1, 2, 3, 4, 5, 6, 7, 8, 9, 10, 11, 12, 13, 14, 15, 16, 17, 18, 19, 20, 21, 22, 23, 24, 25, 26, 27, 28, 29]","[1.7081722021102905, 1.7536883354187012, 1.700380802154541, 1.6469613313674927, 1.5861610174179077, 1.795161247253418, 1.6054842472076416, 1.7688848972320557, 1.7409723997116089, 1.7505799531936646, 1.6669548749923706, 1.7679314613342285, 1.7520244121551514, 1.5858253240585327, 1.6729093790054321, 1.7270005941390991, 1.6552869081497192, 1.6258893013000488, 1.775091290473938, 1.7901612520217896, 1.6760084629058838, 1.5937509536743164, 1.7800604104995728, 1.7069945335388184, 1.7747172117233276, 1.696155071258545, 1.6384328603744507, 1.5837150812149048, 1.5928235054016113, 1.6273053884506226]",sae,Pre-64
1,beta,31,0.05,0.4497611378811508,0.4308970333737342,0.433751996692602,0.5,0.642735734520437,0.7099627102965833,30,"[0, 1, 2, 3, 4, 5, 6, 7, 8, 9, 10, 11, 12, 13, 14, 15, 16, 17, 18, 19, 20, 21, 22, 23, 24, 25, 26, 27, 28, 29]","[1.5696356296539307, 1.5305521488189697, 1.4469574689865112, 1.471007227897644, 1.5214256048202515, 1.6081067323684692, 1.4843260049819946, 1.5414032936096191, 1.4913349151611328, 1.5600240230560303, 1.511784315109253, 1.5399175882339478, 1.5745539665222168, 1.4101191759109497, 1.57427978515625, 1.5105741024017334, 1.5343239307403564, 1.5339138507843018, 1.547826886177063, 1.5028612613677979, 1.5918669700622559, 1.5337231159210205, 1.5869295597076416, 1.538690447807312, 1.5280736684799194, 1.554695725440979, 1.4473111629486084, 1.600351333618164, 1.443909764289856, 1.5407521724700928]",sae,Pre-64
1,beta,38,0.058,0.4455661720406026,0.4298851252298221,0.4443038761183626,0.5,0.6303640517897944,0.6594912414318356,30,"[0, 1, 2, 3, 4, 5, 6, 7, 8, 9, 10, 11, 12, 13, 14, 15, 16, 17, 18, 19, 20, 21, 22, 23, 24, 25, 26, 27, 28, 29]","[1.5476065874099731, 1.5414060354232788, 1.5415668487548828, 1.633325457572937, 1.5721962451934814, 1.4408206939697266, 1.6360862255096436, 1.5789631605148315, 1.4766477346420288, 1.5684080123901367, 1.5384604930877686, 1.6160802841186523, 1.6036168336868286, 1.5602385997772217, 1.623102068901062, 1.548696756362915, 1.5267115831375122, 1.6327565908432007, 1.510661244392395, 1.5884647369384766, 1.5596674680709839, 1.5494530200958252, 1.6313117742538452, 1.4995298385620117, 1.5531415939331055, 1.6311670541763306, 1.5188764333724976, 1.623700737953186, 1.5454336404800415, 1.6303266286849976]",sae,Pre-64
1,beta,6,0.076,0.4540822999211705,0.4457917896713532,0.44844964572528,0.5,0.5933447799067053,0.6642137571604394,30,"[0, 1, 2, 3, 4, 5, 6, 7, 8, 9, 10, 11, 12, 13, 14, 15, 16, 17, 18, 19, 20, 21, 22, 23, 24, 25, 26, 27, 28, 29]","[1.4776697158813477, 1.5130356550216675, 1.4274208545684814, 1.5238453149795532, 1.40878427028656, 1.4199292659759521, 1.4146960973739624, 1.4971702098846436, 1.4067442417144775, 1.505616545677185, 1.4323487281799316, 1.3720182180404663, 1.423525094985962, 1.3921456336975098, 1.2249244451522827, 1.5018125772476196, 1.3881720304489136, 1.4650866985321045, 1.4500293731689453, 1.4635677337646484, 1.4414458274841309, 1.4035289287567139, 1.513945460319519, 1.4470430612564087, 1.3873748779296875, 1.4544897079467773, 1.404862880706787, 1.389259934425354, 1.4513365030288696, 1.4767498970031738]",sae,Pre-64
1,beta,25,0.048,0.4465066892532915,0.4352791138475453,0.4472213623266989,0.5,0.6270054355300688,0.6598563082645171,30,"[0, 1, 2, 3, 4, 5, 6, 7, 8, 9, 10, 11, 12, 13, 14, 15, 16, 17, 18, 19, 20, 21, 22, 23, 24, 25, 26, 27, 28, 29]","[1.6450272798538208, 1.6757019758224487, 1.5216609239578247, 1.7329775094985962, 1.709733009338379, 1.6960620880126953, 1.5897488594055176, 1.5641493797302246, 1.6163805723190308, 1.5224788188934326, 1.7068520784378052, 1.6483557224273682, 1.678167700767517, 1.564170002937317, 1.5682358741760254, 1.638218641281128, 1.4971054792404175, 1.4860906600952148, 1.5558509826660156, 1.5687710046768188, 1.7154830694198608, 1.4924201965332031, 1.6746556758880615, 1.5824041366577148, 1.6452161073684692, 1.570615530014038, 1.7439358234405518, 1.6740375757217407, 1.7065353393554688, 1.5620042085647583]",sae,Pre-64
1,beta,47,0.056,0.4460371044958436,0.4257646434940195,0.4092130988780642,0.5,0.6434257056516428,0.7340898861955893,30,"[0, 1, 2, 3, 4, 5, 6, 7, 8, 9, 10, 11, 12, 13, 14, 15, 16, 17, 18, 19, 20, 21, 22, 23, 24, 25, 26, 27, 28, 29]","[1.7358314990997314, 1.558301568031311, 1.5567742586135864, 1.5633364915847778, 1.672587513923645, 1.701645851135254, 1.639238715171814, 1.7165348529815674, 1.6798607110977173, 1.5721657276153564, 1.5938947200775146, 1.5449925661087036, 1.5710906982421875, 1.7335840463638306, 1.5506855249404907, 1.7024939060211182, 1.5981554985046387, 1.6756526231765747, 1.5143706798553467, 1.5426088571548462, 1.5859754085540771, 1.648772954940796, 1.716971516609192, 1.5588703155517578, 1.64704167842865, 1.543556809425354, 1.4795974493026733, 1.6990790367126465, 1.5152215957641602, 1.613733172416687]",sae,Pre-64
1,beta,35,0.054,0.4566193215888805,0.4379483378046387,0.4344212479979421,0.5,0.637290178651746,0.7144435648789498,30,"[0, 1, 2, 3, 4, 5, 6, 7, 8, 9, 10, 11, 12, 13, 14, 15, 16, 17, 18, 19, 20, 21, 22, 23, 24, 25, 26, 27, 28, 29]","[1.4592405557632446, 1.5257618427276611, 1.58979070186615, 1.5193214416503906, 1.532588005065918, 1.4969481229782104, 1.445435881614685, 1.6061989068984985, 1.6217950582504272, 1.513988733291626, 1.5843818187713623, 1.4356865882873535, 1.5081623792648315, 1.4155665636062622, 1.505134105682373, 1.462599277496338, 1.59273099899292, 1.4376076459884644, 1.5425798892974854, 1.4432862997055054, 1.4641101360321045, 1.455429196357727, 1.4729753732681274, 1.4424889087677002, 1.4896225929260254, 1.5355024337768555, 1.4662028551101685, 1.5465099811553955, 1.6008765697479248, 1.5393552780151367]",sae,Pre-64
1,beta,0,0.064,0.4600628296558519,0.4487196928272481,0.4324762015603153,0.5,0.6146148452673732,0.7223329972060368,30,"[0, 1, 2, 3, 4, 5, 6, 7, 8, 9, 10, 11, 12, 13, 14, 15, 16, 17, 18, 19, 20, 21, 22, 23, 24, 25, 26, 27, 28, 29]","[1.3920083045959473, 1.4355924129486084, 1.4127697944641113, 1.4662824869155884, 1.386053442955017, 1.4098396301269531, 1.4572830200195312, 1.4879287481307983, 1.471053123474121, 1.4158248901367188, 1.4071813821792603, 1.4223273992538452, 1.4835205078125, 1.4669069051742554, 1.4836980104446411, 1.4324707984924316, 1.4437474012374878, 1.366995096206665, 1.3169258832931519, 1.467031717300415, 1.3878459930419922, 1.3749587535858154, 1.4668004512786865, 1.4099630117416382, 1.3849844932556152, 1.3483006954193115, 1.4724364280700684, 1.357470154762268, 1.4654706716537476, 1.349671721458435]",sae,Pre-64
1,beta,25,0.058,0.4465066892532915,0.4352791138475453,0.443134721479862,0.5,0.6270054355300688,0.6611912720575486,30,"[0, 1, 2, 3, 4, 5, 6, 7, 8, 9, 10, 11, 12, 13, 14, 15, 16, 17, 18, 19, 20, 21, 22, 23, 24, 25, 26, 27, 28, 29]","[1.5384836196899414, 1.5634219646453857, 1.4299923181533813, 1.611772894859314, 1.5903375148773193, 1.580665946006775, 1.4605497121810913, 1.469209909439087, 1.515439748764038, 1.4315062761306763, 1.5909411907196045, 1.5253499746322632, 1.5650544166564941, 1.4706873893737793, 1.46198308467865, 1.5057536363601685, 1.3757402896881104, 1.391127347946167, 1.4355547428131104, 1.4612592458724976, 1.6040308475494385, 1.3826996088027954, 1.5522208213806152, 1.475084662437439, 1.528281807899475, 1.4754548072814941, 1.6280056238174438, 1.5592265129089355, 1.591089129447937, 1.4366364479064941]",sae,Pre-64
1,beta,40,0.078,0.44666181227492,0.4340193094910912,0.4353821789469725,0.5,0.6093636266731638,0.667712314790845,30,"[0, 1, 2, 3, 4, 5, 6, 7, 8, 9, 10, 11, 12, 13, 14, 15, 16, 17, 18, 19, 20, 21, 22, 23, 24, 25, 26, 27, 28, 29]","[1.5364744663238525, 1.498293399810791, 1.4659446477890015, 1.4054288864135742, 1.4510549306869507, 1.4704285860061646, 1.465960144996643, 1.5041704177856445, 1.4894357919692993, 1.5247962474822998, 1.4362471103668213, 1.4516624212265015, 1.5193567276000977, 1.430770993232727, 1.4362738132476807, 1.5390466451644897, 1.4627131223678589, 1.465686321258545, 1.4254028797149658, 1.4478719234466553, 1.415208101272583, 1.4259355068206787, 1.5211268663406372, 1.4592756032943726, 1.520890712738037, 1.4404606819152832, 1.5049476623535156, 1.4326794147491455, 1.5537116527557373, 1.4142588376998901]",sae,Pre-64
1,beta,44,0.042,0.4469012312759677,0.43811650775401,0.4659941406925357,0.5,0.5982762074796864,0.6233597308397117,30,"[0, 1, 2, 3, 4, 5, 6, 7, 8, 9, 10, 11, 12, 13, 14, 15, 16, 17, 18, 19, 20, 21, 22, 23, 24, 25, 26, 27, 28, 29]","[1.7021435499191284, 1.6935831308364868, 1.6810050010681152, 1.6334238052368164, 1.69027578830719, 1.7808237075805664, 1.789103388786316, 1.6348575353622437, 1.7129604816436768, 1.8185997009277344, 1.7051233053207397, 1.6876856088638306, 1.7034680843353271, 1.640691876411438, 1.7979451417922974, 1.7903419733047485, 1.6184667348861694, 1.557477593421936, 1.715986967086792, 1.7031893730163574, 1.6333894729614258, 1.6272852420806885, 1.7296124696731567, 1.7212402820587158, 1.7595188617706299, 1.6677379608154297, 1.659934163093567, 1.6993529796600342, 1.7223031520843506, 1.7028720378875732]",sae,Pre-64
1,beta,33,0.015,0.4492211383258522,0.4377959816952598,0.45942016366573,0.5,0.6165210074526608,0.6820344208278535,30,"[0, 1, 2, 3, 4, 5, 6, 7, 8, 9, 10, 11, 12, 13, 14, 15, 16, 17, 18, 19, 20, 21, 22, 23, 24, 25, 26, 27, 28, 29]","[2.471348524093628, 2.452174663543701, 2.282078504562378, 2.278204917907715, 2.2171058654785156, 2.545625686645508, 2.1297035217285156, 2.505448579788208, 2.3734703063964844, 2.4731950759887695, 2.203845500946045, 2.460541248321533, 2.480360984802246, 2.080738067626953, 2.5064029693603516, 2.4618256092071533, 2.4799344539642334, 2.348790168762207, 2.4456043243408203, 2.425649881362915, 2.4580821990966797, 2.1481761932373047, 2.500295877456665, 2.430975914001465, 2.4936165809631348, 2.443148612976074, 2.4047586917877197, 2.1647562980651855, 2.2347967624664307, 2.149338960647583]",sae,Pre-64
1,beta,14,0.045,0.4467366851483266,0.4421697276018216,0.4398824840720918,0.5,0.5934222168898753,0.693804646140464,30,"[0, 1, 2, 3, 4, 5, 6, 7, 8, 9, 10, 11, 12, 13, 14, 15, 16, 17, 18, 19, 20, 21, 22, 23, 24, 25, 26, 27, 28, 29]","[1.5737216472625732, 1.4766515493392944, 1.5956382751464844, 1.6318315267562866, 1.5997895002365112, 1.6015639305114746, 1.5412708520889282, 1.7061374187469482, 1.5998491048812866, 1.678622841835022, 1.539682388305664, 1.5646038055419922, 1.5866018533706665, 1.6770941019058228, 1.6302976608276367, 1.6031447649002075, 1.6985489130020142, 1.695805311203003, 1.6134676933288574, 1.5706764459609985, 1.5869125127792358, 1.614634394645691, 1.676729440689087, 1.564823865890503, 1.6867809295654297, 1.6929744482040405, 1.641744613647461, 1.6953281164169312, 1.685982584953308, 1.5967683792114258]",sae,Pre-64
1,beta,12,0.078,0.4455148672091349,0.4361346773072694,0.4120042133393628,0.5,0.5892778403611032,0.7320270297642141,30,"[0, 1, 2, 3, 4, 5, 6, 7, 8, 9, 10, 11, 12, 13, 14, 15, 16, 17, 18, 19, 20, 21, 22, 23, 24, 25, 26, 27, 28, 29]","[1.3730006217956543, 1.480655550956726, 1.3897922039031982, 1.289552092552185, 1.4778640270233154, 1.413681149482727, 1.4073387384414673, 1.4594942331314087, 1.494819164276123, 1.3657833337783813, 1.367599606513977, 1.5359443426132202, 1.3940904140472412, 1.4665311574935913, 1.3517589569091797, 1.5396407842636108, 1.324232816696167, 1.5180529356002808, 1.4395899772644043, 1.532183289527893, 1.49598228931427, 1.4424762725830078, 1.394046425819397, 1.5383256673812866, 1.5158406496047974, 1.3845945596694946, 1.5163531303405762, 1.461456060409546, 1.4149552583694458, 1.5468453168869019]",sae,Pre-64
1,beta,34,0.076,0.4568527557813058,0.4470225010708758,0.4484507422535589,0.5,0.6011606799053854,0.6782536819522815,30,"[0, 1, 2, 3, 4, 5, 6, 7, 8, 9, 10, 11, 12, 13, 14, 15, 16, 17, 18, 19, 20, 21, 22, 23, 24, 25, 26, 27, 28, 29]","[1.3869141340255737, 1.47182297706604, 1.4772652387619019, 1.4224823713302612, 1.3720738887786865, 1.387490153312683, 1.4286293983459473, 1.3462518453598022, 1.350212574005127, 1.3913429975509644, 1.4464662075042725, 1.2503966093063354, 1.4574110507965088, 1.348228931427002, 1.3568716049194336, 1.3809006214141846, 1.4736627340316772, 1.4893770217895508, 1.3982179164886475, 1.3873834609985352, 1.4053101539611816, 1.4916218519210815, 1.4253554344177246, 1.449462890625, 1.3767292499542236, 1.3235912322998047, 1.503118872642517, 1.4880356788635254, 1.475480079650879, 1.4598020315170288]",sae,Pre-64
1,beta,32,0.056,0.4555596844830426,0.4475674839123162,0.475276744683978,0.5,0.5924839124839124,0.6372200772200772,30,"[0, 1, 2, 3, 4, 5, 6, 7, 8, 9, 10, 11, 12, 13, 14, 15, 16, 17, 18, 19, 20, 21, 22, 23, 24, 25, 26, 27, 28, 29]","[1.737705945968628, 1.64080810546875, 1.742515206336975, 1.6763721704483032, 1.6571440696716309, 1.6965140104293823, 1.6518770456314087, 1.6531004905700684, 1.6156067848205566, 1.6201705932617188, 1.6813277006149292, 1.6286789178848267, 1.6863291263580322, 1.578068494796753, 1.574765682220459, 1.579930305480957, 1.59369695186615, 1.6899278163909912, 1.6210606098175049, 1.6545920372009277, 1.7319494485855103, 1.670409083366394, 1.547512173652649, 1.7408111095428467, 1.6735165119171143, 1.5867488384246826, 1.7169169187545776, 1.5659621953964233, 1.7501657009124756, 1.732174277305603]",sae,Pre-64
1,beta,15,0.0535,0.4529015220185267,0.4424399871594601,0.435501695008817,0.5,0.6161071485640408,0.7111288659045019,30,"[0, 1, 2, 3, 4, 5, 6, 7, 8, 9, 10, 11, 12, 13, 14, 15, 16, 17, 18, 19, 20, 21, 22, 23, 24, 25, 26, 27, 28, 29]","[1.4043809175491333, 1.3748095035552979, 1.4159200191497803, 1.4159396886825562, 1.4904121160507202, 1.3867071866989136, 1.3812800645828247, 1.4055359363555908, 1.4639967679977417, 1.4617701768875122, 1.4498145580291748, 1.3645691871643066, 1.5231924057006836, 1.4668258428573608, 1.3575814962387085, 1.43293297290802, 1.370789647102356, 1.5162544250488281, 1.3554133176803589, 1.422561764717102, 1.5093109607696533, 1.476557731628418, 1.3976943492889404, 1.4358443021774292, 1.405186653137207, 1.2875254154205322, 1.4788800477981567, 1.523513913154602, 1.4208704233169556, 1.417057991027832]",sae,Pre-64
1,beta,37,0.052,0.4546908257221888,0.444978337644671,0.4340806581284525,0.5,0.6058579085235571,0.7172595695368236,30,"[0, 1, 2, 3, 4, 5, 6, 7, 8, 9, 10, 11, 12, 13, 14, 15, 16, 17, 18, 19, 20, 21, 22, 23, 24, 25, 26, 27, 28, 29]","[1.4785935878753662, 1.5404808521270752, 1.5152093172073364, 1.491072654724121, 1.4429597854614258, 1.5507025718688965, 1.5165936946868896, 1.5652337074279785, 1.6112828254699707, 1.5511343479156494, 1.515144944190979, 1.523148775100708, 1.5496246814727783, 1.5539966821670532, 1.5871955156326294, 1.5316182374954224, 1.521178126335144, 1.5652071237564087, 1.5374963283538818, 1.5348334312438965, 1.5614185333251953, 1.5703812837600708, 1.5945171117782593, 1.5786386728286743, 1.5370304584503174, 1.575108528137207, 1.5434201955795288, 1.5732547044754028, 1.5753165483474731, 1.589693546295166]",sae,Pre-64
1,beta,31,0.06,0.4497611378811508,0.4308970333737342,0.433694295136988,0.5,0.642735734520437,0.7099713823206336,30,"[0, 1, 2, 3, 4, 5, 6, 7, 8, 9, 10, 11, 12, 13, 14, 15, 16, 17, 18, 19, 20, 21, 22, 23, 24, 25, 26, 27, 28, 29]","[1.5659013986587524, 1.5268099308013916, 1.4431562423706055, 1.467262625694275, 1.5176310539245605, 1.6044073104858398, 1.4806208610534668, 1.537637710571289, 1.4875293970108032, 1.5563006401062012, 1.5080044269561768, 1.5362062454223633, 1.5708101987838745, 1.4063993692398071, 1.5705024003982544, 1.506809115409851, 1.5306038856506348, 1.5301704406738281, 1.5440938472747803, 1.4991085529327393, 1.5881346464157104, 1.5299769639968872, 1.5832020044326782, 1.5349359512329102, 1.5242962837219238, 1.5509434938430786, 1.443579912185669, 1.5965995788574219, 1.4401041269302368, 1.5369608402252197]",sae,Pre-64
1,beta,36,0.044,0.4642138821845151,0.4576483090311837,0.4621263625052902,0.5,0.6031055233182893,0.6742642061790998,30,"[0, 1, 2, 3, 4, 5, 6, 7, 8, 9, 10, 11, 12, 13, 14, 15, 16, 17, 18, 19, 20, 21, 22, 23, 24, 25, 26, 27, 28, 29]","[1.527565360069275, 1.5188539028167725, 1.438937783241272, 1.5200811624526978, 1.397459626197815, 1.5485044717788696, 1.4459383487701416, 1.490355134010315, 1.5607690811157227, 1.4135723114013672, 1.4478914737701416, 1.549672245979309, 1.4392004013061523, 1.474880337715149, 1.4853146076202393, 1.5628892183303833, 1.5151747465133667, 1.4988940954208374, 1.5576956272125244, 1.4317072629928589, 1.4736281633377075, 1.4637311697006226, 1.4691838026046753, 1.4456262588500977, 1.5427347421646118, 1.5234464406967163, 1.4550206661224365, 1.5052742958068848, 1.5403697490692139, 1.43401038646698]",sae,Pre-64
1,beta,20,0.054,0.4408022875601419,0.4262939306313442,0.4397759502186153,0.5,0.6176087118064704,0.650467138195894,30,"[0, 1, 2, 3, 4, 5, 6, 7, 8, 9, 10, 11, 12, 13, 14, 15, 16, 17, 18, 19, 20, 21, 22, 23, 24, 25, 26, 27, 28, 29]","[1.5810314416885376, 1.6397837400436401, 1.5770879983901978, 1.7020419836044312, 1.6301705837249756, 1.656827688217163, 1.6579619646072388, 1.5628879070281982, 1.6012455224990845, 1.5451220273971558, 1.5756778717041016, 1.5733774900436401, 1.7114808559417725, 1.5451427698135376, 1.5997952222824097, 1.68288254737854, 1.5839366912841797, 1.5202347040176392, 1.6173902750015259, 1.6191024780273438, 1.5921911001205444, 1.5100955963134766, 1.6352803707122803, 1.6923516988754272, 1.6660130023956299, 1.5240721702575684, 1.577487587928772, 1.6376965045928955, 1.5199538469314575, 1.6903058290481567]",sae,Pre-64
1,beta,18,0.08,0.4575117633693479,0.4471831599677374,0.4242034515938269,0.5,0.6052065040104606,0.7328485484680605,30,"[0, 1, 2, 3, 4, 5, 6, 7, 8, 9, 10, 11, 12, 13, 14, 15, 16, 17, 18, 19, 20, 21, 22, 23, 24, 25, 26, 27, 28, 29]","[1.3668763637542725, 1.5375638008117676, 1.5572563409805298, 1.453786849975586, 1.4716485738754272, 1.4864693880081177, 1.6661041975021362, 1.4426190853118896, 1.5516301393508911, 1.4276474714279175, 1.6369584798812866, 1.5246483087539673, 1.5542882680892944, 1.5576788187026978, 1.4857683181762695, 1.4442962408065796, 1.5415514707565308, 1.4761160612106323, 1.45876145362854, 1.4010555744171143, 1.6531860828399658, 1.4653509855270386, 1.5877140760421753, 1.5465340614318848, 1.5234535932540894, 1.4906673431396484, 1.5348109006881714, 1.5861048698425293, 1.5405713319778442, 1.4810346364974976]",sae,Pre-64
1,beta,3,0.042,0.4557259332451328,0.444824285747971,0.4737093991367629,0.5,0.6042731979176,0.652487230702969,30,"[0, 1, 2, 3, 4, 5, 6, 7, 8, 9, 10, 11, 12, 13, 14, 15, 16, 17, 18, 19, 20, 21, 22, 23, 24, 25, 26, 27, 28, 29]","[1.6613589525222778, 1.6661802530288696, 1.6583856344223022, 1.7021468877792358, 1.6685190200805664, 1.7523354291915894, 1.6509604454040527, 1.7485641241073608, 1.4923220872879028, 1.7417879104614258, 1.6300549507141113, 1.7591952085494995, 1.6696505546569824, 1.709273338317871, 1.7504771947860718, 1.6673789024353027, 1.6358442306518555, 1.7118831872940063, 1.6831480264663696, 1.6325303316116333, 1.5646013021469116, 1.622206211090088, 1.639198899269104, 1.7554961442947388, 1.7409873008728027, 1.6636462211608887, 1.6470483541488647, 1.6650561094284058, 1.743283987045288, 1.6670324802398682]",sae,Pre-64
1,beta,3,0.05,0.4557259332451328,0.444824285747971,0.4735709867730162,0.5,0.6042731979176,0.6524959025515469,30,"[0, 1, 2, 3, 4, 5, 6, 7, 8, 9, 10, 11, 12, 13, 14, 15, 16, 17, 18, 19, 20, 21, 22, 23, 24, 25, 26, 27, 28, 29]","[1.6548908948898315, 1.6597181558609009, 1.6518993377685547, 1.6958504915237427, 1.6620895862579346, 1.745989203453064, 1.6445242166519165, 1.742206335067749, 1.4860237836837769, 1.7353595495224, 1.6236159801483154, 1.7528083324432373, 1.6632401943206787, 1.7029881477355957, 1.7440649271011353, 1.660965919494629, 1.6294080018997192, 1.7055025100708008, 1.6768149137496948, 1.626160740852356, 1.5582304000854492, 1.6157801151275635, 1.6327838897705078, 1.7490617036819458, 1.7345927953720093, 1.6572097539901733, 1.6405909061431885, 1.6586010456085205, 1.7368826866149902, 1.6606388092041016]",sae,Pre-64
1,beta,46,0.08,0.4545712902572906,0.4417269056853911,0.452368153521591,0.5,0.6270377926330811,0.6894115332469388,30,"[0, 1, 2, 3, 4, 5, 6, 7, 8, 9, 10, 11, 12, 13, 14, 15, 16, 17, 18, 19, 20, 21, 22, 23, 24, 25, 26, 27, 28, 29]","[1.4651991128921509, 1.570955514907837, 1.5621839761734009, 1.5499426126480103, 1.466508150100708, 1.5967046022415161, 1.4897875785827637, 1.6155351400375366, 1.5465233325958252, 1.645293116569519, 1.374783992767334, 1.4725534915924072, 1.611488938331604, 1.4580785036087036, 1.5221383571624756, 1.6113324165344238, 1.5391477346420288, 1.5518677234649658, 1.623752236366272, 1.6019961833953857, 1.5168472528457642, 1.5150458812713623, 1.5480866432189941, 1.5431760549545288, 1.5522420406341553, 1.5647423267364502, 1.5408257246017456, 1.5888493061065674, 1.5196751356124878, 1.537054181098938]",sae,Pre-64
1,beta,25,0.005,0.4465066892532915,0.4352791138475453,0.4674166949656348,0.5,0.6270054355300688,0.6558738406893375,30,"[0, 1, 2, 3, 4, 5, 6, 7, 8, 9, 10, 11, 12, 13, 14, 15, 16, 17, 18, 19, 20, 21, 22, 23, 24, 25, 26, 27, 28, 29]","[2.635573387145996, 2.739999532699585, 2.347630023956299, 2.6840741634368896, 2.768040418624878, 2.770744562149048, 2.7790167331695557, 2.31270432472229, 2.4782848358154297, 2.585827112197876, 2.7987678050994873, 2.7172367572784424, 2.577540159225464, 2.331404209136963, 2.5844857692718506, 2.7671804428100586, 2.7048890590667725, 2.5142340660095215, 2.6899924278259277, 2.7032856941223145, 2.7742133140563965, 2.638319730758667, 2.808379650115967, 2.573997974395752, 2.4992053508758545, 2.367501735687256, 2.8458139896392822, 2.540421485900879, 2.782149076461792, 2.6272900104522705]",sae,Pre-64
1,beta,10,0.058,0.4493907433353129,0.4390813823454372,0.4434868885465395,0.5,0.6232207829487961,0.6769858983099502,30,"[0, 1, 2, 3, 4, 5, 6, 7, 8, 9, 10, 11, 12, 13, 14, 15, 16, 17, 18, 19, 20, 21, 22, 23, 24, 25, 26, 27, 28, 29]","[1.4323348999023438, 1.3435087203979492, 1.5108234882354736, 1.429405927658081, 1.4252554178237915, 1.4341270923614502, 1.5222454071044922, 1.44890296459198, 1.3361409902572632, 1.4859660863876343, 1.437605381011963, 1.4614678621292114, 1.4609148502349854, 1.4361810684204102, 1.4984184503555298, 1.4567292928695679, 1.4659838676452637, 1.3756827116012573, 1.4317092895507812, 1.3912348747253418, 1.41138756275177, 1.4420984983444214, 1.5028692483901978, 1.50475013256073, 1.4423195123672485, 1.3772821426391602, 1.4385466575622559, 1.4392337799072266, 1.4374698400497437, 1.4924527406692505]",sae,Pre-64
1,beta,3,0.06,0.4557259332451328,0.444824285747971,0.4644559476748998,0.5,0.6042731979176,0.6522603173318456,30,"[0, 1, 2, 3, 4, 5, 6, 7, 8, 9, 10, 11, 12, 13, 14, 15, 16, 17, 18, 19, 20, 21, 22, 23, 24, 25, 26, 27, 28, 29]","[1.4017810821533203, 1.4286853075027466, 1.4133474826812744, 1.3712934255599976, 1.4067450761795044, 1.4433660507202148, 1.3993170261383057, 1.446920394897461, 1.202265977859497, 1.4718571901321411, 1.3636534214019775, 1.4699201583862305, 1.4054712057113647, 1.3814146518707275, 1.48076331615448, 1.4003571271896362, 1.406078815460205, 1.4315195083618164, 1.365473985671997, 1.3683615922927856, 1.3137881755828857, 1.3798060417175293, 1.3765324354171753, 1.491399884223938, 1.4621559381484985, 1.3912328481674194, 1.394327163696289, 1.387859582901001, 1.4567476511001587, 1.3939248323440552]",sae,Pre-64
1,beta,25,0.024,0.4465066892532915,0.4352791138475453,0.4647361406421585,0.5,0.6270054355300688,0.6552698929039125,30,"[0, 1, 2, 3, 4, 5, 6, 7, 8, 9, 10, 11, 12, 13, 14, 15, 16, 17, 18, 19, 20, 21, 22, 23, 24, 25, 26, 27, 28, 29]","[2.173832893371582, 2.2988951206207275, 1.877767562866211, 2.2458741664886475, 2.319230794906616, 2.3151044845581055, 2.345978260040283, 1.8351027965545654, 2.0081496238708496, 2.146336078643799, 2.352266311645508, 2.267477035522461, 2.1166837215423584, 1.8644496202468872, 2.138370990753174, 2.332205295562744, 2.277831554412842, 2.075002670288086, 2.251081705093384, 2.267101287841797, 2.327540159225464, 2.204599142074585, 2.368985652923584, 2.1240174770355225, 2.038139581680298, 1.8956586122512817, 2.400468349456787, 2.0805561542510986, 2.3355042934417725, 2.1802964210510254]",sae,Pre-64
1,beta,9,0.062,0.448644851968101,0.4348910401892977,0.4530779879945028,0.5,0.6286670530281078,0.6728064329179947,30,"[0, 1, 2, 3, 4, 5, 6, 7, 8, 9, 10, 11, 12, 13, 14, 15, 16, 17, 18, 19, 20, 21, 22, 23, 24, 25, 26, 27, 28, 29]","[1.709472894668579, 1.5827596187591553, 1.7064135074615479, 1.6773601770401, 1.5887748003005981, 1.4234678745269775, 1.6948816776275635, 1.6096588373184204, 1.7101515531539917, 1.5309218168258667, 1.6468063592910767, 1.6107076406478882, 1.5825563669204712, 1.631696105003357, 1.7437856197357178, 1.6048705577850342, 1.5968412160873413, 1.6731494665145874, 1.71422278881073, 1.5667088031768799, 1.708644151687622, 1.713496208190918, 1.5879303216934204, 1.69700026512146, 1.694880485534668, 1.69391667842865, 1.5533442497253418, 1.528720498085022, 1.581983208656311, 1.7250398397445679]",sae,Pre-64
1,beta,28,0.045,0.4589844236982603,0.4495627040154577,0.4418192593867858,0.5,0.5987249917034086,0.6982751979329636,30,"[0, 1, 2, 3, 4, 5, 6, 7, 8, 9, 10, 11, 12, 13, 14, 15, 16, 17, 18, 19, 20, 21, 22, 23, 24, 25, 26, 27, 28, 29]","[1.4588065147399902, 1.3423885107040405, 1.3315399885177612, 1.5510642528533936, 1.5051236152648926, 1.4890397787094116, 1.4496726989746094, 1.382580041885376, 1.4834794998168945, 1.5150423049926758, 1.4450942277908325, 1.4756245613098145, 1.5227527618408203, 1.532858967781067, 1.465790033340454, 1.412842035293579, 1.4475635290145874, 1.5041762590408325, 1.4787760972976685, 1.4789315462112427, 1.413417935371399, 1.433689832687378, 1.435429573059082, 1.3835949897766113, 1.415186882019043, 1.503848910331726, 1.5426864624023438, 1.4259412288665771, 1.4046515226364136, 1.4166133403778076]",sae,Pre-64
1,beta,22,0.044,0.4519005213187685,0.4442985770479847,0.4517874213649004,0.5,0.5939599289403404,0.6794962293674043,30,"[0, 1, 2, 3, 4, 5, 6, 7, 8, 9, 10, 11, 12, 13, 14, 15, 16, 17, 18, 19, 20, 21, 22, 23, 24, 25, 26, 27, 28, 29]","[1.6582854986190796, 1.676586627960205, 1.6829677820205688, 1.7898058891296387, 1.7854478359222412, 1.667354702949524, 1.6998636722564697, 1.7063144445419312, 1.7231851816177368, 1.76686692237854, 1.706371784210205, 1.778592586517334, 1.66460120677948, 1.783618688583374, 1.5951119661331177, 1.779761791229248, 1.7721583843231201, 1.7083455324172974, 1.6404650211334229, 1.5977352857589722, 1.762238621711731, 1.747184157371521, 1.7360270023345947, 1.6992802619934082, 1.7898280620574951, 1.7876099348068237, 1.6429814100265503, 1.6449838876724243, 1.7934415340423584, 1.6440978050231934]",sae,Pre-64
1,beta,20,0.046,0.4408022875601419,0.4262939306313442,0.4417011997229925,0.5,0.6176087118064704,0.6529328712617123,30,"[0, 1, 2, 3, 4, 5, 6, 7, 8, 9, 10, 11, 12, 13, 14, 15, 16, 17, 18, 19, 20, 21, 22, 23, 24, 25, 26, 27, 28, 29]","[1.6983710527420044, 1.7503477334976196, 1.6834748983383179, 1.820251703262329, 1.7292333841323853, 1.7680671215057373, 1.7713247537612915, 1.666287899017334, 1.6968194246292114, 1.6284639835357666, 1.659104585647583, 1.664305567741394, 1.8213279247283936, 1.6717071533203125, 1.7188454866409302, 1.7835110425949097, 1.689976453781128, 1.602009892463684, 1.7251659631729126, 1.7371288537979126, 1.6764837503433228, 1.6101270914077759, 1.734535813331604, 1.8025940656661987, 1.7864195108413696, 1.6129090785980225, 1.681426763534546, 1.7318171262741089, 1.6009126901626587, 1.7881468534469604]",sae,Pre-64
1,beta,15,0.064,0.4529015220185267,0.4424399871594601,0.4354825335820204,0.5,0.6161071485640408,0.7111390345588983,30,"[0, 1, 2, 3, 4, 5, 6, 7, 8, 9, 10, 11, 12, 13, 14, 15, 16, 17, 18, 19, 20, 21, 22, 23, 24, 25, 26, 27, 28, 29]","[1.402564525604248, 1.373005747795105, 1.4141159057617188, 1.4141223430633545, 1.4886263608932495, 1.3848917484283447, 1.3794782161712646, 1.4037330150604248, 1.4621877670288086, 1.4599545001983643, 1.448014259338379, 1.3627582788467407, 1.5213984251022339, 1.4650144577026367, 1.355769395828247, 1.4311306476593018, 1.3689662218093872, 1.5144695043563843, 1.353610634803772, 1.4207438230514526, 1.5075150728225708, 1.4747506380081177, 1.3958895206451416, 1.4340342283248901, 1.4033957719802856, 1.2857273817062378, 1.4770863056182861, 1.5217180252075195, 1.4190644025802612, 1.4152560234069824]",sae,Pre-64
1,beta,16,0.06,0.4519396108125126,0.4401978349795346,0.433108358792852,0.5,0.6159012314439947,0.7187605431848854,30,"[0, 1, 2, 3, 4, 5, 6, 7, 8, 9, 10, 11, 12, 13, 14, 15, 16, 17, 18, 19, 20, 21, 22, 23, 24, 25, 26, 27, 28, 29]","[1.4644265174865723, 1.3983113765716553, 1.4282737970352173, 1.5102794170379639, 1.5125787258148193, 1.4217585325241089, 1.5194342136383057, 1.4736746549606323, 1.437859058380127, 1.5148546695709229, 1.5238409042358398, 1.4787449836730957, 1.437773585319519, 1.4442121982574463, 1.416195034980774, 1.4474610090255737, 1.4985709190368652, 1.3442842960357666, 1.434086561203003, 1.5031986236572266, 1.5425077676773071, 1.5015935897827148, 1.5125104188919067, 1.5012316703796387, 1.4016778469085693, 1.4910584688186646, 1.427523136138916, 1.4409269094467163, 1.4036520719528198, 1.4338654279708862]",sae,Pre-64
1,beta,6,0.065,0.4540822999211705,0.4457917896713532,0.4484924914040903,0.5,0.5933447799067053,0.6642198349870087,30,"[0, 1, 2, 3, 4, 5, 6, 7, 8, 9, 10, 11, 12, 13, 14, 15, 16, 17, 18, 19, 20, 21, 22, 23, 24, 25, 26, 27, 28, 29]","[1.4801373481750488, 1.5155017375946045, 1.429875373840332, 1.5263009071350098, 1.4112731218338013, 1.422385334968567, 1.4171761274337769, 1.4996163845062256, 1.4092260599136353, 1.5080852508544922, 1.4348174333572388, 1.3744874000549316, 1.4260081052780151, 1.394583821296692, 1.2274370193481445, 1.5042774677276611, 1.3906469345092773, 1.4675623178482056, 1.4524849653244019, 1.466024398803711, 1.4439157247543335, 1.4060055017471313, 1.5163946151733398, 1.4495123624801636, 1.389862298965454, 1.4569538831710815, 1.4073232412338257, 1.3917298316955566, 1.453795075416565, 1.4792314767837524]",sae,Pre-64
1,beta,37,0.062,0.4546908257221888,0.444978337644671,0.4340324759758874,0.5,0.6058579085235571,0.7172776765128378,30,"[0, 1, 2, 3, 4, 5, 6, 7, 8, 9, 10, 11, 12, 13, 14, 15, 16, 17, 18, 19, 20, 21, 22, 23, 24, 25, 26, 27, 28, 29]","[1.4745588302612305, 1.536433458328247, 1.511207103729248, 1.4870356321334839, 1.4389032125473022, 1.5466663837432861, 1.512614130973816, 1.5611850023269653, 1.6072384119033813, 1.5470812320709229, 1.5110783576965332, 1.519108772277832, 1.5455933809280396, 1.5499995946884155, 1.58315908908844, 1.5275803804397583, 1.5171383619308472, 1.561165690422058, 1.533461093902588, 1.5308421850204468, 1.5573946237564087, 1.5663729906082153, 1.5904816389083862, 1.574604868888855, 1.5329960584640503, 1.5710772275924683, 1.5394060611724854, 1.569247841835022, 1.571292757987976, 1.5856642723083496]",sae,Pre-64
1,beta,22,0.062,0.4519005213187685,0.4442985770479847,0.4444366508618471,0.5,0.5939599289403404,0.6801631489782234,30,"[0, 1, 2, 3, 4, 5, 6, 7, 8, 9, 10, 11, 12, 13, 14, 15, 16, 17, 18, 19, 20, 21, 22, 23, 24, 25, 26, 27, 28, 29]","[1.4185729026794434, 1.464376449584961, 1.477453351020813, 1.4989839792251587, 1.539204716682434, 1.4390121698379517, 1.448068618774414, 1.4289801120758057, 1.424594759941101, 1.4748300313949585, 1.4228386878967285, 1.532517671585083, 1.4654083251953125, 1.5187572240829468, 1.3834850788116455, 1.5050101280212402, 1.516577124595642, 1.4695249795913696, 1.401615023612976, 1.4107598066329956, 1.4898706674575806, 1.488315463066101, 1.4896502494812012, 1.4401259422302246, 1.4919443130493164, 1.5248676538467407, 1.4248034954071045, 1.4131399393081665, 1.553791880607605, 1.3939374685287476]",sae,Pre-64
1,beta,43,0.064,0.4515364523902173,0.4432102910589974,0.442069003399937,0.5,0.6060785767234989,0.6994262416604892,30,"[0, 1, 2, 3, 4, 5, 6, 7, 8, 9, 10, 11, 12, 13, 14, 15, 16, 17, 18, 19, 20, 21, 22, 23, 24, 25, 26, 27, 28, 29]","[1.5213934183120728, 1.5946159362792969, 1.5705554485321045, 1.4678505659103394, 1.5028536319732666, 1.4420644044876099, 1.4728775024414062, 1.4597419500350952, 1.559685468673706, 1.4493769407272339, 1.4149787425994873, 1.6050981283187866, 1.5338623523712158, 1.4763436317443848, 1.4761334657669067, 1.363847017288208, 1.5618067979812622, 1.4599138498306274, 1.5565829277038574, 1.5524457693099976, 1.4550879001617432, 1.4682350158691406, 1.5934420824050903, 1.5259729623794556, 1.4488664865493774, 1.529771327972412, 1.5961494445800781, 1.4595293998718262, 1.5553122758865356, 1.6057192087173462]",sae,Pre-64
1,beta,6,0.046,0.4540822999211705,0.4457917896713532,0.4520001755393371,0.5,0.5933447799067053,0.6652226763709297,30,"[0, 1, 2, 3, 4, 5, 6, 7, 8, 9, 10, 11, 12, 13, 14, 15, 16, 17, 18, 19, 20, 21, 22, 23, 24, 25, 26, 27, 28, 29]","[1.6641581058502197, 1.7085909843444824, 1.591215968132019, 1.726548671722412, 1.580461859703064, 1.628186583518982, 1.6059602499008179, 1.6587474346160889, 1.5622268915176392, 1.6875652074813843, 1.608769416809082, 1.5691485404968262, 1.6101021766662598, 1.564329743385315, 1.3770009279251099, 1.7050061225891113, 1.5867937803268433, 1.6525366306304932, 1.643779993057251, 1.6410393714904785, 1.628788709640503, 1.5733122825622559, 1.702858567237854, 1.611993432044983, 1.5720961093902588, 1.6513389348983765, 1.6171635389328003, 1.5581797361373901, 1.617064118385315, 1.6631100177764893]",sae,Pre-64
1,beta,48,0.046,0.4556814132376,0.4510566266980289,0.4932529935818455,0.5,0.5923878577171784,0.5935995945777607,30,"[0, 1, 2, 3, 4, 5, 6, 7, 8, 9, 10, 11, 12, 13, 14, 15, 16, 17, 18, 19, 20, 21, 22, 23, 24, 25, 26, 27, 28, 29]","[1.7284716367721558, 1.6608242988586426, 1.6274219751358032, 1.6067901849746704, 1.6128329038619995, 1.5357089042663574, 1.6357084512710571, 1.606181263923645, 1.6093254089355469, 1.5859110355377197, 1.6807082891464233, 1.611176609992981, 1.661611557006836, 1.6077200174331665, 1.5763170719146729, 1.6355971097946167, 1.715266227722168, 1.6746023893356323, 1.6892989873886108, 1.5771105289459229, 1.600723147392273, 1.7224345207214355, 1.7314753532409668, 1.5668301582336426, 1.6096771955490112, 1.698316216468811, 1.6971644163131714, 1.7337700128555298, 1.5871632099151611, 1.6481014490127563]",sae,Pre-64
1,beta,43,0.0535,0.4515364523902173,0.4432102910589974,0.4421087936340921,0.5,0.6060785767234989,0.6994395848776872,30,"[0, 1, 2, 3, 4, 5, 6, 7, 8, 9, 10, 11, 12, 13, 14, 15, 16, 17, 18, 19, 20, 21, 22, 23, 24, 25, 26, 27, 28, 29]","[1.5247113704681396, 1.5979175567626953, 1.5738276243209839, 1.471173882484436, 1.506169319152832, 1.4454039335250854, 1.4762165546417236, 1.4630790948867798, 1.562997817993164, 1.4527251720428467, 1.418311595916748, 1.6083755493164062, 1.537183403968811, 1.479662537574768, 1.4794323444366455, 1.3671696186065674, 1.5651123523712158, 1.4632635116577148, 1.5598899126052856, 1.555700659751892, 1.458426833152771, 1.4715486764907837, 1.596729040145874, 1.5292876958847046, 1.4521753787994385, 1.533104658126831, 1.5994490385055542, 1.4628688097000122, 1.5586391687393188, 1.609028697013855]",sae,Pre-64
1,beta,49,0.065,0.462130925118617,0.4524487678230295,0.4515013709485773,0.5,0.6141152509743157,0.6850377987509979,30,"[0, 1, 2, 3, 4, 5, 6, 7, 8, 9, 10, 11, 12, 13, 14, 15, 16, 17, 18, 19, 20, 21, 22, 23, 24, 25, 26, 27, 28, 29]","[1.5074824094772339, 1.5711336135864258, 1.5622363090515137, 1.5423647165298462, 1.473830223083496, 1.5169482231140137, 1.622624397277832, 1.520945429801941, 1.658136010169983, 1.5756068229675293, 1.532646656036377, 1.4989776611328125, 1.5849430561065674, 1.5748403072357178, 1.6355472803115845, 1.5862014293670654, 1.651857852935791, 1.6459829807281494, 1.4935835599899292, 1.5950945615768433, 1.6348955631256104, 1.529472827911377, 1.6514185667037964, 1.5631940364837646, 1.4967138767242432, 1.5696837902069092, 1.56782865524292, 1.505764126777649, 1.478866457939148, 1.5135473012924194]",sae,Pre-64
1,beta,28,0.064,0.4589844236982603,0.4495627040154577,0.4417706900880248,0.5,0.5987249917034086,0.6982663087280141,30,"[0, 1, 2, 3, 4, 5, 6, 7, 8, 9, 10, 11, 12, 13, 14, 15, 16, 17, 18, 19, 20, 21, 22, 23, 24, 25, 26, 27, 28, 29]","[1.4535951614379883, 1.3370928764343262, 1.3263542652130127, 1.545839786529541, 1.499901294708252, 1.4837583303451538, 1.444461464881897, 1.3773800134658813, 1.4781765937805176, 1.5097838640213013, 1.439775824546814, 1.4703160524368286, 1.5175161361694336, 1.5276103019714355, 1.460569977760315, 1.4076176881790161, 1.4423565864562988, 1.4988975524902344, 1.4735232591629028, 1.473665475845337, 1.4082003831863403, 1.4284077882766724, 1.4302184581756592, 1.3784033060073853, 1.409973382949829, 1.498602032661438, 1.5374184846878052, 1.4206264019012451, 1.3993513584136963, 1.4114323854446411]",sae,Pre-64
1,beta,24,0.082,0.4501416387440968,0.4383559369047743,0.449184831085068,0.5,0.6188330126613704,0.642392316285998,30,"[0, 1, 2, 3, 4, 5, 6, 7, 8, 9, 10, 11, 12, 13, 14, 15, 16, 17, 18, 19, 20, 21, 22, 23, 24, 25, 26, 27, 28, 29]","[1.4933807849884033, 1.4005764722824097, 1.4249366521835327, 1.5028833150863647, 1.5082190036773682, 1.4189836978912354, 1.4269102811813354, 1.4262436628341675, 1.4688628911972046, 1.354655385017395, 1.4585766792297363, 1.4070340394973755, 1.5020685195922852, 1.48711359500885, 1.4251439571380615, 1.395675778388977, 1.5088086128234863, 1.301159381866455, 1.400960087776184, 1.510613203048706, 1.4852510690689087, 1.503937840461731, 1.4043220281600952, 1.4648832082748413, 1.3834949731826782, 1.3474539518356323, 1.4587397575378418, 1.3815219402313232, 1.5126779079437256, 1.4178497791290283]",sae,Pre-64
1,beta,30,0.084,0.4638407167611665,0.4544841508273655,0.4398145588052387,0.5,0.6043368975359404,0.6949367310260732,30,"[0, 1, 2, 3, 4, 5, 6, 7, 8, 9, 10, 11, 12, 13, 14, 15, 16, 17, 18, 19, 20, 21, 22, 23, 24, 25, 26, 27, 28, 29]","[1.528995394706726, 1.4977952241897583, 1.5090889930725098, 1.4495887756347656, 1.4624568223953247, 1.440855860710144, 1.4516576528549194, 1.4279859066009521, 1.4207004308700562, 1.439097285270691, 1.5035300254821777, 1.4337010383605957, 1.4093674421310425, 1.4314780235290527, 1.4984445571899414, 1.502457857131958, 1.420629620552063, 1.4422987699508667, 1.5241832733154297, 1.448752760887146, 1.425499439239502, 1.3907461166381836, 1.4896835088729858, 1.444615125656128, 1.5603982210159302, 1.437238097190857, 1.462611436843872, 1.4325562715530396, 1.4997485876083374, 1.4550793170928955]",sae,Pre-64
1,beta,9,0.052,0.448644851968101,0.4348910401892977,0.4531778436299341,0.5,0.6286670530281078,0.6728049840625905,30,"[0, 1, 2, 3, 4, 5, 6, 7, 8, 9, 10, 11, 12, 13, 14, 15, 16, 17, 18, 19, 20, 21, 22, 23, 24, 25, 26, 27, 28, 29]","[1.7169491052627563, 1.590293049812317, 1.7139099836349487, 1.6849009990692139, 1.5962780714035034, 1.4309759140014648, 1.702371597290039, 1.6171483993530273, 1.7176276445388794, 1.5383943319320679, 1.654394268989563, 1.6182774305343628, 1.5900763273239136, 1.6393071413040161, 1.7512561082839966, 1.612439751625061, 1.6043117046356201, 1.6807057857513428, 1.721714973449707, 1.5742230415344238, 1.716094970703125, 1.721001148223877, 1.5953787565231323, 1.704513669013977, 1.70242178440094, 1.7014356851577759, 1.5607863664627075, 1.5360912084579468, 1.5895863771438599, 1.7325189113616943]",sae,Pre-64
1,beta,49,0.054,0.462130925118617,0.4524487678230295,0.4515620934507658,0.5,0.6141152509743157,0.685033396722543,30,"[0, 1, 2, 3, 4, 5, 6, 7, 8, 9, 10, 11, 12, 13, 14, 15, 16, 17, 18, 19, 20, 21, 22, 23, 24, 25, 26, 27, 28, 29]","[1.512364387512207, 1.5760012865066528, 1.56710684299469, 1.5472139120101929, 1.4787015914916992, 1.5217883586883545, 1.627436876296997, 1.5257638692855835, 1.6629388332366943, 1.5804601907730103, 1.5374935865402222, 1.5038803815841675, 1.589784860610962, 1.5797054767608643, 1.6403653621673584, 1.5910041332244873, 1.6567009687423706, 1.6508238315582275, 1.4984304904937744, 1.5999400615692139, 1.6397361755371094, 1.534296989440918, 1.6562329530715942, 1.5680848360061646, 1.501643180847168, 1.5745372772216797, 1.5727150440216064, 1.5106748342514038, 1.4836994409561157, 1.5184000730514526]",sae,Pre-64
1,beta,1,0.045,0.4560357198099471,0.4497423189216591,0.453894258166746,0.5,0.5964054457666336,0.6836042640600651,30,"[0, 1, 2, 3, 4, 5, 6, 7, 8, 9, 10, 11, 12, 13, 14, 15, 16, 17, 18, 19, 20, 21, 22, 23, 24, 25, 26, 27, 28, 29]","[1.7537060976028442, 1.6100318431854248, 1.703872799873352, 1.5761213302612305, 1.718000888824463, 1.558983564376831, 1.627902626991272, 1.6316813230514526, 1.5339460372924805, 1.6124662160873413, 1.6328494548797607, 1.6908690929412842, 1.7385917901992798, 1.5925201177597046, 1.731987476348877, 1.6244311332702637, 1.5733191967010498, 1.6513603925704956, 1.7124725580215454, 1.7344740629196167, 1.752741813659668, 1.6298390626907349, 1.655077576637268, 1.606154441833496, 1.5716849565505981, 1.5793720483779907, 1.6516119241714478, 1.6246581077575684, 1.7402325868606567, 1.660248041152954]",sae,Pre-64
1,beta,2,0.084,0.4419681213812466,0.4306250660512843,0.4272197257488337,0.5,0.6028191218064636,0.6894720522093939,30,"[0, 1, 2, 3, 4, 5, 6, 7, 8, 9, 10, 11, 12, 13, 14, 15, 16, 17, 18, 19, 20, 21, 22, 23, 24, 25, 26, 27, 28, 29]","[1.3708319664001465, 1.384079098701477, 1.3596439361572266, 1.428220510482788, 1.3756710290908813, 1.4622169733047485, 1.3819046020507812, 1.3950141668319702, 1.3314167261123657, 1.3528237342834473, 1.389809489250183, 1.3326817750930786, 1.4128928184509277, 1.466325283050537, 1.438233494758606, 1.3838255405426025, 1.4435442686080933, 1.4977939128875732, 1.4899855852127075, 1.4674800634384155, 1.3904433250427246, 1.367429256439209, 1.449454665184021, 1.4529706239700317, 1.3649723529815674, 1.3712927103042603, 1.4294629096984863, 1.4044365882873535, 1.2137900590896606, 1.4899474382400513]",sae,Pre-64
1,beta,17,0.042,0.4599327030141671,0.4513468217402507,0.447908564058103,0.5,0.6120635717004715,0.697960040895441,30,"[0, 1, 2, 3, 4, 5, 6, 7, 8, 9, 10, 11, 12, 13, 14, 15, 16, 17, 18, 19, 20, 21, 22, 23, 24, 25, 26, 27, 28, 29]","[1.639277696609497, 1.5159692764282227, 1.5669867992401123, 1.5509361028671265, 1.672229290008545, 1.5425376892089844, 1.6042793989181519, 1.4354193210601807, 1.5528180599212646, 1.5845427513122559, 1.6279189586639404, 1.6410564184188843, 1.5656813383102417, 1.6510791778564453, 1.5633682012557983, 1.5451884269714355, 1.629492998123169, 1.576048493385315, 1.623357892036438, 1.5919818878173828, 1.5252257585525513, 1.591839075088501, 1.4356694221496582, 1.5602442026138306, 1.592054009437561, 1.575616717338562, 1.5293797254562378, 1.5739234685897827, 1.551459550857544, 1.6161296367645264]",sae,Pre-64
1,beta,44,0.06,0.4469012312759677,0.43811650775401,0.4634359503505981,0.5,0.5982762074796864,0.6219102249091113,30,"[0, 1, 2, 3, 4, 5, 6, 7, 8, 9, 10, 11, 12, 13, 14, 15, 16, 17, 18, 19, 20, 21, 22, 23, 24, 25, 26, 27, 28, 29]","[1.554190993309021, 1.5414116382598877, 1.5055863857269287, 1.5083438158035278, 1.5380675792694092, 1.6106891632080078, 1.606798768043518, 1.485309362411499, 1.555534839630127, 1.6470853090286255, 1.547086238861084, 1.5269196033477783, 1.5479943752288818, 1.51115882396698, 1.6300020217895508, 1.6280583143234253, 1.4808756113052368, 1.395820140838623, 1.5651804208755493, 1.5489075183868408, 1.495643138885498, 1.4800044298171997, 1.5539052486419678, 1.5502771139144897, 1.601691484451294, 1.5090652704238892, 1.513590693473816, 1.5380765199661255, 1.5576062202453613, 1.5475594997406006]",sae,Pre-64
1,beta,5,0.056,0.4445517550333296,0.4301735816232515,0.4347587776844465,0.5,0.6070910659257547,0.6821646674959215,30,"[0, 1, 2, 3, 4, 5, 6, 7, 8, 9, 10, 11, 12, 13, 14, 15, 16, 17, 18, 19, 20, 21, 22, 23, 24, 25, 26, 27, 28, 29]","[1.5637035369873047, 1.4329614639282227, 1.4295504093170166, 1.5741667747497559, 1.5681757926940918, 1.5203946828842163, 1.4981889724731445, 1.466306209564209, 1.5300180912017822, 1.4322797060012817, 1.5431817770004272, 1.571866750717163, 1.5115982294082642, 1.489753007888794, 1.57381010055542, 1.5409249067306519, 1.5380629301071167, 1.5662205219268799, 1.4286651611328125, 1.499468445777893, 1.5805907249450684, 1.5027629137039185, 1.5932179689407349, 1.4422856569290161, 1.515279769897461, 1.5838379859924316, 1.435042142868042, 1.5045030117034912, 1.5491222143173218, 1.5180611610412598]",sae,Pre-64
1,beta,32,0.05,0.4555596844830426,0.4475674839123162,0.4753396338368062,0.5,0.5924839124839124,0.6372450818165104,30,"[0, 1, 2, 3, 4, 5, 6, 7, 8, 9, 10, 11, 12, 13, 14, 15, 16, 17, 18, 19, 20, 21, 22, 23, 24, 25, 26, 27, 28, 29]","[1.7423439025878906, 1.6454368829727173, 1.7471497058868408, 1.681020736694336, 1.661795735359192, 1.7012304067611694, 1.6565685272216797, 1.6577022075653076, 1.6203027963638306, 1.624854564666748, 1.68593168258667, 1.6333461999893188, 1.690941333770752, 1.5826982259750366, 1.5793547630310059, 1.5845577716827393, 1.5984156131744385, 1.6945585012435913, 1.6256775856018066, 1.6592477560043335, 1.7365952730178833, 1.6750335693359375, 1.5522338151931763, 1.7454484701156616, 1.6781668663024902, 1.5914008617401123, 1.7215698957443237, 1.5705509185791016, 1.7547935247421265, 1.7368263006210327]",sae,Pre-64
1,beta,26,0.048,0.4502231978181314,0.4442488029476733,0.4655883019341921,0.5,0.5832450787939482,0.6463939712179422,30,"[0, 1, 2, 3, 4, 5, 6, 7, 8, 9, 10, 11, 12, 13, 14, 15, 16, 17, 18, 19, 20, 21, 22, 23, 24, 25, 26, 27, 28, 29]","[1.5749486684799194, 1.5785332918167114, 1.7542080879211426, 1.5271888971328735, 1.6049269437789917, 1.649208903312683, 1.6512125730514526, 1.549323558807373, 1.6652222871780396, 1.606540322303772, 1.5234878063201904, 1.7621062994003296, 1.6927744150161743, 1.644085168838501, 1.7251280546188354, 1.6072373390197754, 1.6534842252731323, 1.510193109512329, 1.6684564352035522, 1.6050623655319214, 1.569387674331665, 1.732733130455017, 1.6200025081634521, 1.6546558141708374, 1.7423015832901, 1.7197197675704956, 1.5919983386993408, 1.6525427103042603, 1.4797450304031372, 1.5566458702087402]",sae,Pre-64
1,beta,27,0.055,0.4609757262074365,0.4537266978541116,0.4612833762046552,0.5,0.5914172664146189,0.6603269652088883,30,"[0, 1, 2, 3, 4, 5, 6, 7, 8, 9, 10, 11, 12, 13, 14, 15, 16, 17, 18, 19, 20, 21, 22, 23, 24, 25, 26, 27, 28, 29]","[1.5380901098251343, 1.6110575199127197, 1.539433479309082, 1.5236592292785645, 1.5920300483703613, 1.5002484321594238, 1.6021333932876587, 1.4671553373336792, 1.5721646547317505, 1.581138253211975, 1.486937403678894, 1.6139618158340454, 1.5266849994659424, 1.486589789390564, 1.5257867574691772, 1.4391663074493408, 1.5304896831512451, 1.5752098560333252, 1.518777847290039, 1.5395567417144775, 1.6057510375976562, 1.541224479675293, 1.4941279888153076, 1.4493824243545532, 1.5120980739593506, 1.619287133216858, 1.5031715631484985, 1.5541270971298218, 1.4443460702896118, 1.5517098903656006]",sae,Pre-64
1,beta,27,0.066,0.4609757262074365,0.4537266978541116,0.4612330765966463,0.5,0.5914172664146189,0.6603255899030547,30,"[0, 1, 2, 3, 4, 5, 6, 7, 8, 9, 10, 11, 12, 13, 14, 15, 16, 17, 18, 19, 20, 21, 22, 23, 24, 25, 26, 27, 28, 29]","[1.5343207120895386, 1.60732901096344, 1.535684585571289, 1.519889235496521, 1.5883042812347412, 1.4964933395385742, 1.5983831882476807, 1.4634076356887817, 1.5684504508972168, 1.5774444341659546, 1.4831984043121338, 1.610234022140503, 1.5229401588439941, 1.4828405380249023, 1.5220471620559692, 1.43538498878479, 1.5267524719238281, 1.5714833736419678, 1.515011191368103, 1.535817265510559, 1.6020222902297974, 1.5374655723571777, 1.4903684854507446, 1.4456459283828735, 1.5083328485488892, 1.6155744791030884, 1.499406099319458, 1.550369143486023, 1.4405583143234253, 1.5479657649993896]",sae,Pre-64
1,beta,40,0.066,0.44666181227492,0.4340193094910912,0.4368424753844115,0.5,0.6093636266731638,0.6688528834000822,30,"[0, 1, 2, 3, 4, 5, 6, 7, 8, 9, 10, 11, 12, 13, 14, 15, 16, 17, 18, 19, 20, 21, 22, 23, 24, 25, 26, 27, 28, 29]","[1.5894479751586914, 1.559967279434204, 1.5160702466964722, 1.4595569372177124, 1.4999337196350098, 1.5219042301177979, 1.5206122398376465, 1.5621815919876099, 1.5389328002929688, 1.580612063407898, 1.4846388101577759, 1.4985443353652954, 1.56802237033844, 1.4900550842285156, 1.4864834547042847, 1.5946398973464966, 1.5212162733078003, 1.5099048614501953, 1.477020025253296, 1.509384036064148, 1.4630286693572998, 1.4756691455841064, 1.581697702407837, 1.506267786026001, 1.5768855810165405, 1.4900448322296143, 1.557723879814148, 1.492578148841858, 1.604779601097107, 1.4641755819320679]",sae,Pre-64
1,beta,5,0.068,0.4445517550333296,0.4301735816232515,0.4290113330791294,0.5,0.6070910659257547,0.6831804004175444,30,"[0, 1, 2, 3, 4, 5, 6, 7, 8, 9, 10, 11, 12, 13, 14, 15, 16, 17, 18, 19, 20, 21, 22, 23, 24, 25, 26, 27, 28, 29]","[1.3856626749038696, 1.281226634979248, 1.2828738689422607, 1.4011317491531372, 1.4005112648010254, 1.333343505859375, 1.3300831317901611, 1.3113477230072021, 1.3715715408325195, 1.2928547859191895, 1.3816807270050049, 1.402680516242981, 1.3318856954574585, 1.3361703157424927, 1.412595510482788, 1.3600859642028809, 1.365630030632019, 1.3924554586410522, 1.2720458507537842, 1.3389739990234375, 1.4151005744934082, 1.3427263498306274, 1.4112788438796997, 1.2934852838516235, 1.3386263847351074, 1.4154199361801147, 1.2840505838394165, 1.3165689706802368, 1.3920458555221558, 1.3402831554412842]",sae,Pre-64
1,beta,38,0.052,0.4455661720406026,0.4298851252298221,0.4443523194363795,0.5,0.6303640517897944,0.6594897182025895,30,"[0, 1, 2, 3, 4, 5, 6, 7, 8, 9, 10, 11, 12, 13, 14, 15, 16, 17, 18, 19, 20, 21, 22, 23, 24, 25, 26, 27, 28, 29]","[1.5502493381500244, 1.5440593957901, 1.5442099571228027, 1.6359422206878662, 1.5748463869094849, 1.4434703588485718, 1.6387145519256592, 1.5815800428390503, 1.4792402982711792, 1.5710726976394653, 1.541101336479187, 1.6186940670013428, 1.6062556505203247, 1.5628713369369507, 1.6257303953170776, 1.5513406991958618, 1.529382348060608, 1.6353858709335327, 1.5132923126220703, 1.5911004543304443, 1.5623183250427246, 1.552128553390503, 1.633941650390625, 1.5021631717681885, 1.5558050870895386, 1.6337958574295044, 1.5215027332305908, 1.6263424158096313, 1.548076868057251, 1.6329667568206787]",sae,Pre-64
1,beta,39,0.058,0.4461088087810431,0.4292341094433316,0.4412960488819145,0.5,0.6205127278095635,0.6703333122433424,30,"[0, 1, 2, 3, 4, 5, 6, 7, 8, 9, 10, 11, 12, 13, 14, 15, 16, 17, 18, 19, 20, 21, 22, 23, 24, 25, 26, 27, 28, 29]","[1.5333353281021118, 1.6719416379928589, 1.5974645614624023, 1.6260126829147339, 1.5268564224243164, 1.5393198728561401, 1.570647954940796, 1.5894097089767456, 1.5197408199310303, 1.6687777042388916, 1.582220435142517, 1.5238397121429443, 1.6004034280776978, 1.505473256111145, 1.604461908340454, 1.6615588665008545, 1.6643447875976562, 1.6386815309524536, 1.5331203937530518, 1.5408588647842407, 1.502096176147461, 1.5701841115951538, 1.5858478546142578, 1.5888280868530273, 1.624489426612854, 1.5460692644119263, 1.4891774654388428, 1.5423102378845215, 1.674238681793213, 1.53578519821167]",sae,Pre-64
1,beta,39,0.07,0.4461088087810431,0.4292341094433316,0.4384526371534963,0.5,0.6205127278095635,0.6699084995676552,30,"[0, 1, 2, 3, 4, 5, 6, 7, 8, 9, 10, 11, 12, 13, 14, 15, 16, 17, 18, 19, 20, 21, 22, 23, 24, 25, 26, 27, 28, 29]","[1.4481868743896484, 1.5530775785446167, 1.4869780540466309, 1.4841890335083008, 1.4067970514297485, 1.4560134410858154, 1.4494229555130005, 1.4852149486541748, 1.4097623825073242, 1.5321846008300781, 1.4565633535385132, 1.4003971815109253, 1.486276388168335, 1.3998750448226929, 1.4897772073745728, 1.5481499433517456, 1.5222442150115967, 1.5111905336380005, 1.4314441680908203, 1.3926455974578857, 1.4013751745224, 1.4887129068374634, 1.4413492679595947, 1.4382437467575073, 1.5059126615524292, 1.4553083181381226, 1.3556194305419922, 1.4280729293823242, 1.5591672658920288, 1.42888605594635]",sae,Pre-64
1,beta,21,0.065,0.4504746503440228,0.4381370334360364,0.4403635047194049,0.5,0.6200058082774133,0.6872628801641147,30,"[0, 1, 2, 3, 4, 5, 6, 7, 8, 9, 10, 11, 12, 13, 14, 15, 16, 17, 18, 19, 20, 21, 22, 23, 24, 25, 26, 27, 28, 29]","[1.4468214511871338, 1.4974932670593262, 1.6221566200256348, 1.6168572902679443, 1.5976269245147705, 1.5784215927124023, 1.4919908046722412, 1.5007503032684326, 1.606590986251831, 1.5186961889266968, 1.5966405868530273, 1.605082631111145, 1.4840842485427856, 1.5111382007598877, 1.5071347951889038, 1.5008115768432617, 1.5018060207366943, 1.5132238864898682, 1.4439818859100342, 1.61371648311615, 1.4388693571090698, 1.6216799020767212, 1.4337748289108276, 1.451809048652649, 1.5073338747024536, 1.4653873443603516, 1.4328371286392212, 1.487601637840271, 1.5750213861465454, 1.5599422454833984]",sae,Pre-64
1,beta,45,0.042,0.4515599815008028,0.4347157609968581,0.4497883709670029,0.5,0.6289673345145609,0.6777066012448322,30,"[0, 1, 2, 3, 4, 5, 6, 7, 8, 9, 10, 11, 12, 13, 14, 15, 16, 17, 18, 19, 20, 21, 22, 23, 24, 25, 26, 27, 28, 29]","[1.6245367527008057, 1.6162025928497314, 1.5020630359649658, 1.6908388137817383, 1.6930550336837769, 1.5451761484146118, 1.701664924621582, 1.680285930633545, 1.552474021911621, 1.5061284303665161, 1.626822829246521, 1.6994242668151855, 1.660313367843628, 1.5732077360153198, 1.5875029563903809, 1.600839614868164, 1.6157631874084473, 1.5074983835220337, 1.6076359748840332, 1.6045143604278564, 1.6603206396102905, 1.5477964878082275, 1.6760507822036743, 1.5508273839950562, 1.5070189237594604, 1.6958940029144287, 1.5426254272460938, 1.5549430847167969, 1.4958195686340332, 1.6979930400848389]",sae,Pre-64
1,beta,16,0.0535,0.4519396108125126,0.4401978349795346,0.4331303775337928,0.5,0.6159012314439947,0.7187771110468479,30,"[0, 1, 2, 3, 4, 5, 6, 7, 8, 9, 10, 11, 12, 13, 14, 15, 16, 17, 18, 19, 20, 21, 22, 23, 24, 25, 26, 27, 28, 29]","[1.466705322265625, 1.4006110429763794, 1.4305527210235596, 1.51255464553833, 1.5148470401763916, 1.4240556955337524, 1.5217024087905884, 1.47596275806427, 1.4401320219039917, 1.5171293020248413, 1.5261120796203613, 1.4810205698013306, 1.4400652647018433, 1.4464930295944214, 1.4184372425079346, 1.4497300386428833, 1.5008435249328613, 1.3465574979782104, 1.4363622665405273, 1.5054657459259033, 1.544776439666748, 1.5038822889328003, 1.5147806406021118, 1.5035152435302734, 1.403922438621521, 1.4933360815048218, 1.4297735691070557, 1.443188190460205, 1.4059118032455444, 1.4361448287963867]",sae,Pre-64
1,beta,33,0.068,0.4492211383258522,0.4377959816952598,0.4300494836734297,0.5,0.6165210074526608,0.6941411055958594,30,"[0, 1, 2, 3, 4, 5, 6, 7, 8, 9, 10, 11, 12, 13, 14, 15, 16, 17, 18, 19, 20, 21, 22, 23, 24, 25, 26, 27, 28, 29]","[1.424095630645752, 1.4974708557128906, 1.451135277748108, 1.4230402708053589, 1.3691279888153076, 1.5120177268981934, 1.3658976554870605, 1.4850566387176514, 1.4891268014907837, 1.4885704517364502, 1.438015341758728, 1.4989386796951294, 1.4484671354293823, 1.3774831295013428, 1.4051662683486938, 1.4853774309158325, 1.4020404815673828, 1.4028559923171997, 1.5000869035720825, 1.4960333108901978, 1.4136897325515747, 1.3600249290466309, 1.5114003419876099, 1.4571311473846436, 1.507981777191162, 1.4022605419158936, 1.4028793573379517, 1.3785041570663452, 1.349953293800354, 1.4146449565887451]",sae,Pre-64
1,beta,8,0.085,0.4517491928182039,0.4406431065890545,0.4394551086381011,0.5,0.6098144493254953,0.6783500633121822,30,"[0, 1, 2, 3, 4, 5, 6, 7, 8, 9, 10, 11, 12, 13, 14, 15, 16, 17, 18, 19, 20, 21, 22, 23, 24, 25, 26, 27, 28, 29]","[1.3883023262023926, 1.5001198053359985, 1.4169000387191772, 1.448006510734558, 1.5090000629425049, 1.4444094896316528, 1.4928808212280273, 1.4050475358963013, 1.4513887166976929, 1.500619649887085, 1.5088016986846924, 1.4326411485671997, 1.4161790609359741, 1.4492067098617554, 1.4780893325805664, 1.393617033958435, 1.4153146743774414, 1.4512640237808228, 1.3618528842926025, 1.4313998222351074, 1.404309630393982, 1.3800666332244873, 1.4835323095321655, 1.4159780740737915, 1.4830881357192993, 1.4871643781661987, 1.3847997188568115, 1.4828003644943237, 1.4536793231964111, 1.4538350105285645]",sae,Pre-64
1,beta,4,0.05,0.4589558369307028,0.4477177462853796,0.4653366584988077,0.5,0.61034827708266,0.6563645597673022,30,"[0, 1, 2, 3, 4, 5, 6, 7, 8, 9, 10, 11, 12, 13, 14, 15, 16, 17, 18, 19, 20, 21, 22, 23, 24, 25, 26, 27, 28, 29]","[1.6179956197738647, 1.6180686950683594, 1.4866113662719727, 1.6550922393798828, 1.4705899953842163, 1.5236676931381226, 1.615041732788086, 1.506445050239563, 1.5547157526016235, 1.6372686624526978, 1.595155954360962, 1.5384607315063477, 1.6498847007751465, 1.5043580532073975, 1.4900966882705688, 1.5601460933685303, 1.5902190208435059, 1.5677703619003296, 1.5250065326690674, 1.6131987571716309, 1.5635685920715332, 1.626136302947998, 1.5547600984573364, 1.4979861974716187, 1.5670801401138306, 1.5392600297927856, 1.498305320739746, 1.5336308479309082, 1.6135592460632324, 1.4915344715118408]",sae,Pre-64
1,beta,1,0.064,0.4560357198099471,0.4497423189216591,0.4517209068888126,0.5,0.5964054457666336,0.6825314610190301,30,"[0, 1, 2, 3, 4, 5, 6, 7, 8, 9, 10, 11, 12, 13, 14, 15, 16, 17, 18, 19, 20, 21, 22, 23, 24, 25, 26, 27, 28, 29]","[1.63177490234375, 1.4886023998260498, 1.5758010149002075, 1.4476860761642456, 1.5775145292282104, 1.446019172668457, 1.488181471824646, 1.530015230178833, 1.420998215675354, 1.4987664222717285, 1.5068942308425903, 1.5552177429199219, 1.6151012182235718, 1.4712575674057007, 1.608581304550171, 1.4689557552337646, 1.4573758840560913, 1.5186293125152588, 1.5866495370864868, 1.6148680448532104, 1.6123634576797485, 1.5348626375198364, 1.5352946519851685, 1.4894074201583862, 1.443479299545288, 1.4815798997879028, 1.5304100513458252, 1.5211125612258911, 1.613460898399353, 1.5449920892715454]",sae,Pre-64
1,beta,45,0.072,0.4515599815008028,0.4347157609968581,0.4472776186471889,0.5,0.6289673345145609,0.6764890282131661,30,"[0, 1, 2, 3, 4, 5, 6, 7, 8, 9, 10, 11, 12, 13, 14, 15, 16, 17, 18, 19, 20, 21, 22, 23, 24, 25, 26, 27, 28, 29]","[1.550222396850586, 1.5420466661453247, 1.43533194065094, 1.6151963472366333, 1.6111955642700195, 1.4672614336013794, 1.6227720975875854, 1.5987402200698853, 1.4779456853866577, 1.4380910396575928, 1.547582983970642, 1.626685380935669, 1.5811206102371216, 1.4956353902816772, 1.5055358409881592, 1.5238264799118042, 1.5373445749282837, 1.411543846130371, 1.5370264053344727, 1.5294305086135864, 1.58029043674469, 1.478341817855835, 1.590267539024353, 1.4578253030776978, 1.4372252225875854, 1.6163663864135742, 1.4697637557983398, 1.485159993171692, 1.4123646020889282, 1.6171603202819824]",sae,Pre-64
1,beta,46,0.068,0.4545712902572906,0.4417269056853911,0.4524214478538313,0.5,0.6270377926330811,0.6894272154289861,30,"[0, 1, 2, 3, 4, 5, 6, 7, 8, 9, 10, 11, 12, 13, 14, 15, 16, 17, 18, 19, 20, 21, 22, 23, 24, 25, 26, 27, 28, 29]","[1.4690923690795898, 1.574802279472351, 1.5660804510116577, 1.5538498163223267, 1.4704152345657349, 1.600550889968872, 1.493668794631958, 1.6193782091140747, 1.5503937005996704, 1.6491519212722778, 1.3786154985427856, 1.4764174222946167, 1.6153762340545654, 1.4619858264923096, 1.5260459184646606, 1.6152011156082153, 1.543054223060608, 1.5557721853256226, 1.6275960206985474, 1.605876088142395, 1.5206983089447021, 1.5189623832702637, 1.5519973039627075, 1.547080159187317, 1.5561193227767944, 1.568648338317871, 1.5447076559066772, 1.592724323272705, 1.5235882997512817, 1.5409471988677979]",sae,Pre-64
1,beta,36,0.085,0.4642138821845151,0.4576483090311837,0.4619589979320025,0.5,0.6031055233182893,0.6742554934044296,30,"[0, 1, 2, 3, 4, 5, 6, 7, 8, 9, 10, 11, 12, 13, 14, 15, 16, 17, 18, 19, 20, 21, 22, 23, 24, 25, 26, 27, 28, 29]","[1.5159531831741333, 1.507371187210083, 1.4273085594177246, 1.5084693431854248, 1.3858721256256104, 1.536926031112671, 1.4342727661132812, 1.4787625074386597, 1.5491750240325928, 1.4019221067428589, 1.4362221956253052, 1.5380347967147827, 1.4274839162826538, 1.4632327556610107, 1.4737282991409302, 1.551295280456543, 1.5035278797149658, 1.487292766571045, 1.546133279800415, 1.4200084209442139, 1.461974859237671, 1.452056646347046, 1.4575170278549194, 1.4340518712997437, 1.5311164855957031, 1.5118955373764038, 1.4432384967803955, 1.4936882257461548, 1.528783917427063, 1.4223800897598267]",sae,Pre-64
1,beta,11,0.07,0.4566976193509867,0.4496008864727478,0.4368123713340466,0.5,0.5995106990682213,0.7107344781570446,30,"[0, 1, 2, 3, 4, 5, 6, 7, 8, 9, 10, 11, 12, 13, 14, 15, 16, 17, 18, 19, 20, 21, 22, 23, 24, 25, 26, 27, 28, 29]","[1.4619784355163574, 1.2683213949203491, 1.4187055826187134, 1.3407315015792847, 1.4960380792617798, 1.3622541427612305, 1.3697783946990967, 1.2495023012161255, 1.4809529781341553, 1.4825478792190552, 1.4981029033660889, 1.5117340087890625, 1.5137039422988892, 1.407940149307251, 1.3786240816116333, 1.3829911947250366, 1.4351186752319336, 1.3628569841384888, 1.3920838832855225, 1.45304274559021, 1.4218915700912476, 1.4377360343933105, 1.4955604076385498, 1.413216471672058, 1.403021216392517, 1.4689550399780273, 1.4978886842727661, 1.3544154167175293, 1.3958607912063599, 1.3764026165008545]",sae,Pre-64
1,beta,30,0.072,0.4638407167611665,0.4544841508273655,0.4398405613622729,0.5,0.6043368975359404,0.6949255879183243,30,"[0, 1, 2, 3, 4, 5, 6, 7, 8, 9, 10, 11, 12, 13, 14, 15, 16, 17, 18, 19, 20, 21, 22, 23, 24, 25, 26, 27, 28, 29]","[1.531754732131958, 1.5005371570587158, 1.5118480920791626, 1.4523792266845703, 1.4652363061904907, 1.4436407089233398, 1.4544508457183838, 1.4307541847229004, 1.4234604835510254, 1.4418668746948242, 1.5063062906265259, 1.4364724159240723, 1.4121068716049194, 1.4342530965805054, 1.5012141466140747, 1.5052344799041748, 1.423430323600769, 1.4450695514678955, 1.5269569158554077, 1.4515106678009033, 1.428266167640686, 1.393501877784729, 1.4924222230911255, 1.4473817348480225, 1.5631518363952637, 1.4400242567062378, 1.465396761894226, 1.4353420734405518, 1.5025177001953125, 1.4578663110733032]",sae,Pre-64
1,beta,12,0.066,0.4455148672091349,0.4361346773072694,0.4120288969167294,0.5,0.5892778403611032,0.7320176812176793,30,"[0, 1, 2, 3, 4, 5, 6, 7, 8, 9, 10, 11, 12, 13, 14, 15, 16, 17, 18, 19, 20, 21, 22, 23, 24, 25, 26, 27, 28, 29]","[1.3747071027755737, 1.482364535331726, 1.3914999961853027, 1.2912583351135254, 1.4795664548873901, 1.4153844118118286, 1.4090559482574463, 1.4612149000167847, 1.4965397119522095, 1.3674967288970947, 1.369304895401001, 1.5376527309417725, 1.3958067893981934, 1.4682419300079346, 1.3534698486328125, 1.5413460731506348, 1.3259469270706177, 1.519748568534851, 1.4413033723831177, 1.5338828563690186, 1.4977041482925415, 1.4441862106323242, 1.3957655429840088, 1.5400362014770508, 1.5175483226776123, 1.3863040208816528, 1.5180635452270508, 1.4631778001785278, 1.41667640209198, 1.548557996749878]",sae,Pre-64
1,beta,31,0.042,0.4497611378811508,0.4308970333737342,0.4351136315122804,0.5,0.642735734520437,0.7111182575013008,30,"[0, 1, 2, 3, 4, 5, 6, 7, 8, 9, 10, 11, 12, 13, 14, 15, 16, 17, 18, 19, 20, 21, 22, 23, 24, 25, 26, 27, 28, 29]","[1.7113324403762817, 1.6697770357131958, 1.5611340999603271, 1.5998765230178833, 1.6353179216384888, 1.7451889514923096, 1.5936552286148071, 1.6587835550308228, 1.6002986431121826, 1.6939566135406494, 1.6200708150863647, 1.6620771884918213, 1.7005020380020142, 1.5663795471191406, 1.6952128410339355, 1.625120997428894, 1.6315773725509644, 1.665859580039978, 1.6750621795654297, 1.6353654861450195, 1.7137072086334229, 1.6437656879425049, 1.703568458557129, 1.6403454542160034, 1.6530659198760986, 1.682422161102295, 1.5629749298095703, 1.720607042312622, 1.5618361234664917, 1.6570781469345093]",sae,Pre-64
1,beta,17,0.072,0.4599327030141671,0.4513468217402507,0.4455874414118451,0.5,0.6120635717004715,0.696810768160478,30,"[0, 1, 2, 3, 4, 5, 6, 7, 8, 9, 10, 11, 12, 13, 14, 15, 16, 17, 18, 19, 20, 21, 22, 23, 24, 25, 26, 27, 28, 29]","[1.5292235612869263, 1.4055825471878052, 1.4398828744888306, 1.4635369777679443, 1.5446234941482544, 1.4271537065505981, 1.4902052879333496, 1.3344528675079346, 1.4480427503585815, 1.4583256244659424, 1.5123432874679565, 1.521186351776123, 1.455918312072754, 1.534683108329773, 1.4576231241226196, 1.4590853452682495, 1.528820514678955, 1.4582750797271729, 1.511602520942688, 1.4791216850280762, 1.400656819343567, 1.4771608114242554, 1.3175990581512451, 1.4457229375839233, 1.455251932144165, 1.4496129751205444, 1.4221564531326294, 1.4565538167953491, 1.422385811805725, 1.5124621391296387]",sae,Pre-64
1,beta,33,0.056,0.4492211383258522,0.4377959816952598,0.4332357079624405,0.5,0.6165210074526608,0.693466547876628,30,"[0, 1, 2, 3, 4, 5, 6, 7, 8, 9, 10, 11, 12, 13, 14, 15, 16, 17, 18, 19, 20, 21, 22, 23, 24, 25, 26, 27, 28, 29]","[1.5447611808776855, 1.607000708580017, 1.5522518157958984, 1.5200693607330322, 1.4645582437515259, 1.6272896528244019, 1.4658704996109009, 1.5977011919021606, 1.5891447067260742, 1.5974676609039307, 1.5352691411972046, 1.6143852472305298, 1.5709205865859985, 1.4634168148040771, 1.5192408561706543, 1.580903172492981, 1.501110553741455, 1.4985910654067993, 1.6125714778900146, 1.617249608039856, 1.5217605829238892, 1.4481052160263062, 1.6246187686920166, 1.558562159538269, 1.619803547859192, 1.5261898040771484, 1.4975814819335938, 1.4661747217178345, 1.44015634059906, 1.5030035972595215]",sae,Pre-64
1,beta,18,0.068,0.4575117633693479,0.4471831599677374,0.4242519246261721,0.5,0.6052065040104606,0.7328515999884042,30,"[0, 1, 2, 3, 4, 5, 6, 7, 8, 9, 10, 11, 12, 13, 14, 15, 16, 17, 18, 19, 20, 21, 22, 23, 24, 25, 26, 27, 28, 29]","[1.3717633485794067, 1.5423942804336548, 1.5620951652526855, 1.4587030410766602, 1.4765369892120361, 1.4913294315338135, 1.6709235906600952, 1.4474698305130005, 1.5564221143722534, 1.4324525594711304, 1.6417858600616455, 1.5294955968856812, 1.5591222047805786, 1.562557339668274, 1.4906325340270996, 1.449070930480957, 1.5464519262313843, 1.4809287786483765, 1.4635865688323975, 1.4058442115783691, 1.6580086946487427, 1.4701951742172241, 1.5925273895263672, 1.5513745546340942, 1.5283124446868896, 1.4955147504806519, 1.5396666526794434, 1.5909068584442139, 1.5454487800598145, 1.4858973026275635]",sae,Pre-64
1,beta,9,0.044,0.448644851968101,0.4348910401892977,0.4532576070968799,0.5,0.6286670530281078,0.6728194726166329,30,"[0, 1, 2, 3, 4, 5, 6, 7, 8, 9, 10, 11, 12, 13, 14, 15, 16, 17, 18, 19, 20, 21, 22, 23, 24, 25, 26, 27, 28, 29]","[1.7229340076446533, 1.59632408618927, 1.7199100255966187, 1.690938115119934, 1.6022839546203613, 1.4369875192642212, 1.7083660364151, 1.6231449842453003, 1.7236121892929077, 1.5443766117095947, 1.6604671478271484, 1.6243361234664917, 1.5960948467254639, 1.6453994512557983, 1.7572354078292847, 1.6184988021850586, 1.6102921962738037, 1.6867550611495972, 1.727712631225586, 1.5802382230758667, 1.7220591306686401, 1.7270084619522095, 1.6013416051864624, 1.710526704788208, 1.7084580659866333, 1.7074549198150635, 1.5667442083358765, 1.5419912338256836, 1.5956722497940063, 1.7385063171386719]",sae,Pre-64
1,beta,0,0.055,0.4600628296558519,0.4487196928272481,0.435386029295707,0.5,0.6146148452673732,0.7220607493053116,30,"[0, 1, 2, 3, 4, 5, 6, 7, 8, 9, 10, 11, 12, 13, 14, 15, 16, 17, 18, 19, 20, 21, 22, 23, 24, 25, 26, 27, 28, 29]","[1.5067923069000244, 1.54189133644104, 1.5479146242141724, 1.5964561700820923, 1.4908132553100586, 1.5316423177719116, 1.5904567241668701, 1.6166373491287231, 1.5986268520355225, 1.519007682800293, 1.5258089303970337, 1.5333411693572998, 1.6204278469085693, 1.5979281663894653, 1.6148710250854492, 1.535202980041504, 1.5746623277664185, 1.4836658239364624, 1.4585304260253906, 1.6010555028915405, 1.501426100730896, 1.483829140663147, 1.5951175689697266, 1.5210472345352173, 1.500868558883667, 1.4671547412872314, 1.592775583267212, 1.4718067646026611, 1.6050689220428467, 1.4782249927520752]",sae,Pre-64
1,beta,1,0.075,0.4560357198099471,0.4497423189216591,0.4516315183066189,0.5,0.5964054457666336,0.6825403149643481,30,"[0, 1, 2, 3, 4, 5, 6, 7, 8, 9, 10, 11, 12, 13, 14, 15, 16, 17, 18, 19, 20, 21, 22, 23, 24, 25, 26, 27, 28, 29]","[1.6277716159820557, 1.4845256805419922, 1.5718138217926025, 1.4436402320861816, 1.5735288858413696, 1.4419264793395996, 1.4841749668121338, 1.5259850025177002, 1.4169007539749146, 1.4947483539581299, 1.502852439880371, 1.5511822700500488, 1.6110843420028687, 1.4672240018844604, 1.6045734882354736, 1.4649995565414429, 1.4533805847167969, 1.5146074295043945, 1.5826293230056763, 1.610842227935791, 1.608343243598938, 1.5308082103729248, 1.5312501192092896, 1.4853450059890747, 1.4394067525863647, 1.477541446685791, 1.5264085531234741, 1.5171269178390503, 1.6094369888305664, 1.54098641872406]",sae,Pre-64
1,beta,11,0.058,0.4566976193509867,0.4496008864727478,0.4389114262515671,0.5,0.5995106990682213,0.7108354403708386,30,"[0, 1, 2, 3, 4, 5, 6, 7, 8, 9, 10, 11, 12, 13, 14, 15, 16, 17, 18, 19, 20, 21, 22, 23, 24, 25, 26, 27, 28, 29]","[1.5801979303359985, 1.402250051498413, 1.5239278078079224, 1.4616963863372803, 1.609876036643982, 1.4665318727493286, 1.4838913679122925, 1.338278889656067, 1.594019889831543, 1.5996662378311157, 1.600655198097229, 1.6255640983581543, 1.638928771018982, 1.498050570487976, 1.4828786849975586, 1.4991358518600464, 1.5542572736740112, 1.4659245014190674, 1.4907881021499634, 1.5691455602645874, 1.5213890075683594, 1.5558679103851318, 1.6132044792175293, 1.5362385511398315, 1.5142731666564941, 1.5810410976409912, 1.61306893825531, 1.458910584449768, 1.50890052318573, 1.4783669710159302]",sae,Pre-64
1,beta,34,0.065,0.4568527557813058,0.4470225010708758,0.4484722236986272,0.5,0.6011606799053854,0.6782507867666856,30,"[0, 1, 2, 3, 4, 5, 6, 7, 8, 9, 10, 11, 12, 13, 14, 15, 16, 17, 18, 19, 20, 21, 22, 23, 24, 25, 26, 27, 28, 29]","[1.3885362148284912, 1.47345769405365, 1.47889244556427, 1.4241199493408203, 1.373725175857544, 1.3891193866729736, 1.4302594661712646, 1.3478738069534302, 1.351863145828247, 1.3929710388183594, 1.4481000900268555, 1.2520171403884888, 1.4590351581573486, 1.3498456478118896, 1.3584872484207153, 1.3825398683547974, 1.4752899408340454, 1.4910056591033936, 1.3998624086380005, 1.3890068531036377, 1.4069527387619019, 1.493245244026184, 1.4269896745681763, 1.4510834217071533, 1.3783584833145142, 1.3252228498458862, 1.5047457218170166, 1.489665150642395, 1.477112889289856, 1.461425542831421]",sae,Pre-64
1,beta,29,0.045,0.4558655961502112,0.4409050416793991,0.4582461975093896,0.5,0.6296548282533407,0.6730526861594117,30,"[0, 1, 2, 3, 4, 5, 6, 7, 8, 9, 10, 11, 12, 13, 14, 15, 16, 17, 18, 19, 20, 21, 22, 23, 24, 25, 26, 27, 28, 29]","[1.5678945779800415, 1.580825924873352, 1.3031433820724487, 1.6820143461227417, 1.6124800443649292, 1.5538866519927979, 1.7085322141647339, 1.5269535779953003, 1.63642156124115, 1.6765519380569458, 1.5846691131591797, 1.6474794149398804, 1.668298602104187, 1.589207649230957, 1.6368590593338013, 1.5889697074890137, 1.6116104125976562, 1.6136685609817505, 1.5682954788208008, 1.5920066833496094, 1.6899539232254028, 1.721774697303772, 1.5844424962997437, 1.5877898931503296, 1.6329933404922485, 1.4943424463272095, 1.5736274719238281, 1.6988829374313354, 1.7301723957061768, 1.5502641201019287]",sae,Pre-64
1,beta,29,0.075,0.4558655961502112,0.4409050416793991,0.4552912560915493,0.5,0.6296548282533407,0.6719392289121238,30,"[0, 1, 2, 3, 4, 5, 6, 7, 8, 9, 10, 11, 12, 13, 14, 15, 16, 17, 18, 19, 20, 21, 22, 23, 24, 25, 26, 27, 28, 29]","[1.3926833868026733, 1.3534562587738037, 1.173121452331543, 1.457216501235962, 1.3847371339797974, 1.3576996326446533, 1.4722734689712524, 1.3535282611846924, 1.4393796920776367, 1.463057041168213, 1.3860148191452026, 1.4311339855194092, 1.448057770729065, 1.425369143486023, 1.4045463800430298, 1.4243838787078857, 1.355357050895691, 1.3873188495635986, 1.3534396886825562, 1.3963569402694702, 1.4746452569961548, 1.4906009435653687, 1.3792377710342407, 1.391875982284546, 1.4029901027679443, 1.3277719020843506, 1.3872028589248657, 1.4696918725967407, 1.5103906393051147, 1.3617953062057495]",sae,Pre-64
1,beta,21,0.054,0.4504746503440228,0.4381370334360364,0.4404080167797338,0.5,0.6200058082774133,0.6872659696733772,30,"[0, 1, 2, 3, 4, 5, 6, 7, 8, 9, 10, 11, 12, 13, 14, 15, 16, 17, 18, 19, 20, 21, 22, 23, 24, 25, 26, 27, 28, 29]","[1.4504120349884033, 1.501070261001587, 1.6257096529006958, 1.6204078197479248, 1.6011254787445068, 1.5819536447525024, 1.4955552816390991, 1.504311203956604, 1.610120177268982, 1.5222630500793457, 1.6002087593078613, 1.6086007356643677, 1.487639307975769, 1.5147020816802979, 1.5106983184814453, 1.504351019859314, 1.5053846836090088, 1.5167614221572876, 1.4475815296173096, 1.6172666549682617, 1.4424806833267212, 1.6252284049987793, 1.4373815059661865, 1.455398440361023, 1.510926604270935, 1.468963861465454, 1.4363738298416138, 1.4912025928497314, 1.5785967111587524, 1.5634996891021729]",sae,Pre-64
1,beta,44,0.0535,0.4469012312759677,0.43811650775401,0.4634872165231844,0.5,0.5982762074796864,0.6219087518339785,30,"[0, 1, 2, 3, 4, 5, 6, 7, 8, 9, 10, 11, 12, 13, 14, 15, 16, 17, 18, 19, 20, 21, 22, 23, 24, 25, 26, 27, 28, 29]","[1.5565720796585083, 1.5438162088394165, 1.5079621076583862, 1.5107226371765137, 1.540468692779541, 1.6130731105804443, 1.6091563701629639, 1.487715721130371, 1.5579344034194946, 1.6494497060775757, 1.5494775772094727, 1.529300332069397, 1.55038583278656, 1.5135337114334106, 1.6323785781860352, 1.6304363012313843, 1.4832556247711182, 1.3981791734695435, 1.5675733089447021, 1.551298975944519, 1.4980285167694092, 1.4823906421661377, 1.556288480758667, 1.5526658296585083, 1.6040863990783691, 1.5114508867263794, 1.5159672498703003, 1.5404771566390991, 1.5599838495254517, 1.5499622821807861]",sae,Pre-64
1,beta,23,0.074,0.4478205607315014,0.4344954522622479,0.4346063320362646,0.5,0.6150139710231751,0.6749706131970572,30,"[0, 1, 2, 3, 4, 5, 6, 7, 8, 9, 10, 11, 12, 13, 14, 15, 16, 17, 18, 19, 20, 21, 22, 23, 24, 25, 26, 27, 28, 29]","[1.3945420980453491, 1.4538843631744385, 1.4329315423965454, 1.5451823472976685, 1.32435142993927, 1.3904584646224976, 1.526491641998291, 1.4177621603012085, 1.3930476903915405, 1.5276015996932983, 1.532694935798645, 1.487424373626709, 1.4766441583633423, 1.3716380596160889, 1.4651507139205933, 1.5244991779327393, 1.2170696258544922, 1.4302855730056763, 1.3754372596740723, 1.407414197921753, 1.5223987102508545, 1.5446668863296509, 1.3954551219940186, 1.5376083850860596, 1.5304323434829712, 1.437978744506836, 1.393743872642517, 1.4351518154144287, 1.4375262260437012, 1.5460516214370728]",sae,Pre-64
1,beta,34,0.046,0.4568527557813058,0.4470225010708758,0.4534057372343558,0.5,0.6011606799053854,0.6789687927944621,30,"[0, 1, 2, 3, 4, 5, 6, 7, 8, 9, 10, 11, 12, 13, 14, 15, 16, 17, 18, 19, 20, 21, 22, 23, 24, 25, 26, 27, 28, 29]","[1.6106770038604736, 1.7153109312057495, 1.7171282768249512, 1.6536283493041992, 1.598227620124817, 1.6305378675460815, 1.6616532802581787, 1.6109486818313599, 1.57853364944458, 1.6140745878219604, 1.691189169883728, 1.4810703992843628, 1.7123870849609375, 1.6034504175186157, 1.5759960412979126, 1.6173757314682007, 1.7257318496704102, 1.7162367105484009, 1.6325130462646484, 1.5987169742584229, 1.6534613370895386, 1.7246898412704468, 1.6769957542419434, 1.730522632598877, 1.5912278890609741, 1.5604692697525024, 1.7424644231796265, 1.7437195777893066, 1.7123395204544067, 1.7264597415924072]",sae,Pre-64
1,beta,40,0.048,0.44666181227492,0.4340193094910912,0.4369528107392197,0.5,0.6093636266731638,0.668877248016568,30,"[0, 1, 2, 3, 4, 5, 6, 7, 8, 9, 10, 11, 12, 13, 14, 15, 16, 17, 18, 19, 20, 21, 22, 23, 24, 25, 26, 27, 28, 29]","[1.596863865852356, 1.5672982931137085, 1.5235289335250854, 1.4670108556747437, 1.5073349475860596, 1.5293848514556885, 1.5281003713607788, 1.5695457458496094, 1.5464112758636475, 1.5880378484725952, 1.4920566082000732, 1.5059444904327393, 1.575466513633728, 1.4974417686462402, 1.493830680847168, 1.6020705699920654, 1.528574824333191, 1.5173487663269043, 1.484449028968811, 1.5167633295059204, 1.4705517292022705, 1.4831808805465698, 1.5890721082687378, 1.5136709213256836, 1.5843214988708496, 1.4974457025527954, 1.5651756525039673, 1.4999213218688965, 1.6122099161148071, 1.4717051982879639]",sae,Pre-64
1,beta,10,0.052,0.4493907433353129,0.4390813823454372,0.448204288251756,0.5,0.6232207829487961,0.6767749111916467,30,"[0, 1, 2, 3, 4, 5, 6, 7, 8, 9, 10, 11, 12, 13, 14, 15, 16, 17, 18, 19, 20, 21, 22, 23, 24, 25, 26, 27, 28, 29]","[1.5894049406051636, 1.4952062368392944, 1.6699347496032715, 1.584444284439087, 1.5854343175888062, 1.5866576433181763, 1.6568944454193115, 1.616307020187378, 1.5278284549713135, 1.6765775680541992, 1.5754570960998535, 1.6276322603225708, 1.6316272020339966, 1.5881423950195312, 1.6234294176101685, 1.6147572994232178, 1.6315698623657227, 1.5240038633346558, 1.6153358221054077, 1.555280327796936, 1.5617396831512451, 1.6133568286895752, 1.6734684705734253, 1.6808022260665894, 1.6337262392044067, 1.5272465944290161, 1.5945854187011719, 1.57896888256073, 1.6047148704528809, 1.682468056678772]",sae,Pre-64
1,beta,36,0.074,0.4642138821845151,0.4576483090311837,0.4620039289934946,0.5,0.6031055233182893,0.6742642061790998,30,"[0, 1, 2, 3, 4, 5, 6, 7, 8, 9, 10, 11, 12, 13, 14, 15, 16, 17, 18, 19, 20, 21, 22, 23, 24, 25, 26, 27, 28, 29]","[1.5190682411193848, 1.5104511976242065, 1.4304274320602417, 1.5115833282470703, 1.3889806270599365, 1.5400315523147583, 1.4374018907546997, 1.4818713665008545, 1.552284836769104, 1.4050472974777222, 1.4393515586853027, 1.5411559343338013, 1.4306267499923706, 1.4663567543029785, 1.4768357276916504, 1.554404854774475, 1.506651520729065, 1.4904043674468994, 1.5492340326309204, 1.4231464862823486, 1.4651002883911133, 1.4551886320114136, 1.4606462717056274, 1.437156081199646, 1.5342328548431396, 1.5149943828582764, 1.4463987350463867, 1.4967961311340332, 1.5318918228149414, 1.4254992008209229]",sae,Pre-64
1,beta,24,0.07,0.4501416387440968,0.4383559369047743,0.450812374078481,0.5,0.6188330126613704,0.6421611221449851,30,"[0, 1, 2, 3, 4, 5, 6, 7, 8, 9, 10, 11, 12, 13, 14, 15, 16, 17, 18, 19, 20, 21, 22, 23, 24, 25, 26, 27, 28, 29]","[1.5324102640151978, 1.4300415515899658, 1.4582942724227905, 1.5407747030258179, 1.543508768081665, 1.4469764232635498, 1.4613584280014038, 1.4571760892868042, 1.5077461004257202, 1.3941655158996582, 1.4936109781265259, 1.4393463134765625, 1.538631796836853, 1.5248138904571533, 1.458977222442627, 1.4246882200241089, 1.5463792085647583, 1.339267373085022, 1.431481122970581, 1.546231746673584, 1.522898554801941, 1.5409976243972778, 1.434159278869629, 1.5019397735595703, 1.415732979774475, 1.3753453493118286, 1.492574691772461, 1.411360502243042, 1.5492812395095825, 1.4485810995101929]",sae,Pre-64
1,beta,29,0.064,0.4558655961502112,0.4409050416793991,0.4553117602570755,0.5,0.6296548282533407,0.6719617078605885,30,"[0, 1, 2, 3, 4, 5, 6, 7, 8, 9, 10, 11, 12, 13, 14, 15, 16, 17, 18, 19, 20, 21, 22, 23, 24, 25, 26, 27, 28, 29]","[1.3940694332122803, 1.3548355102539062, 1.174540638923645, 1.4585981369018555, 1.3861298561096191, 1.3590909242630005, 1.4736546277999878, 1.3549251556396484, 1.4407672882080078, 1.464433193206787, 1.3874061107635498, 1.4325239658355713, 1.4494458436965942, 1.426756739616394, 1.4059251546859741, 1.425774097442627, 1.3567272424697876, 1.3886957168579102, 1.3548288345336914, 1.3977464437484741, 1.4760318994522095, 1.4919780492782593, 1.3806291818618774, 1.393272876739502, 1.404373049736023, 1.3291665315628052, 1.3885903358459473, 1.4710701704025269, 1.511775016784668, 1.3631832599639893]",sae,Pre-64
1,beta,18,0.042,0.4575117633693479,0.4471831599677374,0.4267229288539811,0.5,0.6052065040104606,0.7327753119798112,30,"[0, 1, 2, 3, 4, 5, 6, 7, 8, 9, 10, 11, 12, 13, 14, 15, 16, 17, 18, 19, 20, 21, 22, 23, 24, 25, 26, 27, 28, 29]","[1.5283466577529907, 1.688811182975769, 1.7188152074813843, 1.584993839263916, 1.6117254495620728, 1.6178462505340576, 1.8153069019317627, 1.5850683450698853, 1.710192322731018, 1.5797392129898071, 1.78965425491333, 1.6746721267700195, 1.7158528566360474, 1.6937000751495361, 1.6177548170089722, 1.5921447277069092, 1.6776411533355713, 1.6182448863983154, 1.5961841344833374, 1.5471636056900024, 1.8125065565109253, 1.6141643524169922, 1.7540496587753296, 1.699391484260559, 1.6929652690887451, 1.620983362197876, 1.7023857831954956, 1.7454243898391724, 1.6893144845962524, 1.6466004848480225]",sae,Pre-64
1,beta,17,0.06,0.4599327030141671,0.4513468217402507,0.4456315319925449,0.5,0.6120635717004715,0.6967961834811004,30,"[0, 1, 2, 3, 4, 5, 6, 7, 8, 9, 10, 11, 12, 13, 14, 15, 16, 17, 18, 19, 20, 21, 22, 23, 24, 25, 26, 27, 28, 29]","[1.5319169759750366, 1.4082952737808228, 1.4425787925720215, 1.466240644454956, 1.5473058223724365, 1.429843783378601, 1.4929088354110718, 1.337190866470337, 1.45073664188385, 1.4610121250152588, 1.5150196552276611, 1.523877739906311, 1.458631992340088, 1.5373523235321045, 1.4603062868118286, 1.4617782831192017, 1.5315016508102417, 1.4609652757644653, 1.5142822265625, 1.4818207025527954, 1.4033530950546265, 1.4798532724380493, 1.3203152418136597, 1.4484272003173828, 1.457923173904419, 1.4522897005081177, 1.4248675107955933, 1.4592487812042236, 1.4250836372375488, 1.5151370763778687]",sae,Pre-64
1,beta,2,0.045,0.4419681213812466,0.4306250660512843,0.4292620720262777,0.5,0.6028191218064636,0.6891300945889554,30,"[0, 1, 2, 3, 4, 5, 6, 7, 8, 9, 10, 11, 12, 13, 14, 15, 16, 17, 18, 19, 20, 21, 22, 23, 24, 25, 26, 27, 28, 29]","[1.4908148050308228, 1.4882615804672241, 1.4673216342926025, 1.5598822832107544, 1.5083742141723633, 1.6034090518951416, 1.4935623407363892, 1.5142526626586914, 1.4566854238510132, 1.489632248878479, 1.5250474214553833, 1.445467472076416, 1.547836422920227, 1.6075516939163208, 1.5724124908447266, 1.52328622341156, 1.5842068195343018, 1.6352441310882568, 1.631273627281189, 1.6126629114151, 1.5217827558517456, 1.4837298393249512, 1.5814058780670166, 1.5988831520080566, 1.4693646430969238, 1.4896726608276367, 1.5636513233184814, 1.5394669771194458, 1.3369510173797607, 1.6288957595825195]",sae,Pre-64
1,beta,6,0.056,0.4540822999211705,0.4457917896713532,0.4502139470346036,0.5,0.5933447799067053,0.6644735842462736,30,"[0, 1, 2, 3, 4, 5, 6, 7, 8, 9, 10, 11, 12, 13, 14, 15, 16, 17, 18, 19, 20, 21, 22, 23, 24, 25, 26, 27, 28, 29]","[1.6156339645385742, 1.6539732217788696, 1.545480728149414, 1.6716253757476807, 1.5341594219207764, 1.5694605112075806, 1.549098253250122, 1.6092543601989746, 1.5116325616836548, 1.6351771354675293, 1.5568783283233643, 1.510897159576416, 1.557412028312683, 1.5161882638931274, 1.332241415977478, 1.6452988386154175, 1.5299396514892578, 1.5943728685379028, 1.5924632549285889, 1.595168948173523, 1.5756689310073853, 1.5249829292297363, 1.6494228839874268, 1.566562533378601, 1.5200773477554321, 1.5934572219848633, 1.5506051778793335, 1.510238766670227, 1.5662250518798828, 1.6068637371063232]",sae,Pre-64
1,beta,23,0.044,0.4478205607315014,0.4344954522622479,0.4375628528405564,0.5,0.6150139710231751,0.6769191435543432,30,"[0, 1, 2, 3, 4, 5, 6, 7, 8, 9, 10, 11, 12, 13, 14, 15, 16, 17, 18, 19, 20, 21, 22, 23, 24, 25, 26, 27, 28, 29]","[1.5132133960723877, 1.6090455055236816, 1.5861263275146484, 1.6771949529647827, 1.4484766721725464, 1.5168695449829102, 1.6621031761169434, 1.5194618701934814, 1.5111361742019653, 1.653112530708313, 1.661805510520935, 1.6144436597824097, 1.608855962753296, 1.5205788612365723, 1.6084572076797485, 1.6601150035858154, 1.3585971593856812, 1.5448029041290283, 1.504661202430725, 1.535639762878418, 1.655482530593872, 1.6699378490447998, 1.5243196487426758, 1.6717830896377563, 1.667063593864441, 1.5593682527542114, 1.5040459632873535, 1.5888289213180542, 1.5544487237930298, 1.683159351348877]",sae,Pre-64
1,beta,45,0.06,0.4515599815008028,0.4347157609968581,0.4473346007354499,0.5,0.6289673345145609,0.676519316099526,30,"[0, 1, 2, 3, 4, 5, 6, 7, 8, 9, 10, 11, 12, 13, 14, 15, 16, 17, 18, 19, 20, 21, 22, 23, 24, 25, 26, 27, 28, 29]","[1.5545567274093628, 1.546369194984436, 1.4396528005599976, 1.6194919347763062, 1.6154953241348267, 1.4714983701705933, 1.627083420753479, 1.6030040979385376, 1.4822872877120972, 1.4423662424087524, 1.5518766641616821, 1.630972981452942, 1.5854063034057617, 1.4998866319656372, 1.5098304748535156, 1.5281656980514526, 1.541638970375061, 1.415811538696289, 1.5413360595703125, 1.5337631702423096, 1.5845602750778198, 1.4825899600982666, 1.594559669494629, 1.4620651006698608, 1.4414620399475098, 1.6206587553024292, 1.474050521850586, 1.489494800567627, 1.4166008234024048, 1.621458888053894]",sae,Pre-64
1,beta,7,0.065,0.4564836922581216,0.4420418003909208,0.4406694829414844,0.5,0.6095136152062148,0.7015491360842405,30,"[0, 1, 2, 3, 4, 5, 6, 7, 8, 9, 10, 11, 12, 13, 14, 15, 16, 17, 18, 19, 20, 21, 22, 23, 24, 25, 26, 27, 28, 29]","[1.4875632524490356, 1.5542640686035156, 1.579073429107666, 1.5509613752365112, 1.5845595598220825, 1.5357396602630615, 1.532261610031128, 1.5375478267669678, 1.6480202674865723, 1.547625184059143, 1.463346004486084, 1.517874836921692, 1.466686725616455, 1.4984126091003418, 1.655464768409729, 1.5689258575439453, 1.4955809116363525, 1.5029793977737427, 1.5916730165481567, 1.5792176723480225, 1.5569148063659668, 1.6063411235809326, 1.6035778522491455, 1.5166419744491577, 1.637702226638794, 1.632421851158142, 1.5069206953048706, 1.4661990404129028, 1.6239286661148071, 1.4992550611495972]",sae,Pre-64
1,beta,41,0.078,0.4543678569363413,0.4427951465832617,0.4506713435697574,0.5,0.6190905384235713,0.6749143400788286,30,"[0, 1, 2, 3, 4, 5, 6, 7, 8, 9, 10, 11, 12, 13, 14, 15, 16, 17, 18, 19, 20, 21, 22, 23, 24, 25, 26, 27, 28, 29]","[1.3112059831619263, 1.3705663681030273, 1.2803295850753784, 1.2522964477539062, 1.2504017353057861, 1.4176949262619019, 1.2942157983779907, 1.3420639038085938, 1.316441535949707, 1.385291337966919, 1.3797353506088257, 1.3407127857208252, 1.34702467918396, 1.3931576013565063, 1.397658109664917, 1.3274000883102417, 1.290917992591858, 1.3463850021362305, 1.346361756324768, 1.3515772819519043, 1.2636762857437134, 1.3182671070098877, 1.3321845531463623, 1.3409945964813232, 1.3365386724472046, 1.3168623447418213, 1.3719626665115356, 1.380221962928772, 1.333909511566162, 1.2857850790023804]",sae,Pre-64
1,beta,7,0.046,0.4564836922581216,0.4420418003909208,0.4407896782503005,0.5,0.6095136152062148,0.7015506104690165,30,"[0, 1, 2, 3, 4, 5, 6, 7, 8, 9, 10, 11, 12, 13, 14, 15, 16, 17, 18, 19, 20, 21, 22, 23, 24, 25, 26, 27, 28, 29]","[1.4968290328979492, 1.5634487867355347, 1.588157057762146, 1.5600625276565552, 1.5937389135360718, 1.5449167490005493, 1.5412631034851074, 1.5467101335525513, 1.6571460962295532, 1.5567312240600586, 1.4724496603012085, 1.5269930362701416, 1.47590172290802, 1.507521390914917, 1.6646404266357422, 1.578101634979248, 1.504768967628479, 1.5120545625686646, 1.6007494926452637, 1.5884076356887817, 1.566077709197998, 1.6153368949890137, 1.6126221418380737, 1.5257534980773926, 1.6467665433883667, 1.6413929462432861, 1.5162090063095093, 1.4752297401428223, 1.633100152015686, 1.5083949565887451]",sae,Pre-64
1,beta,23,0.062,0.4478205607315014,0.4344954522622479,0.4346261663654377,0.5,0.6150139710231751,0.6749948185431105,30,"[0, 1, 2, 3, 4, 5, 6, 7, 8, 9, 10, 11, 12, 13, 14, 15, 16, 17, 18, 19, 20, 21, 22, 23, 24, 25, 26, 27, 28, 29]","[1.3969217538833618, 1.45624577999115, 1.4352692365646362, 1.5475327968597412, 1.3267074823379517, 1.392824649810791, 1.5288476943969727, 1.4201431274414062, 1.395409107208252, 1.5299807786941528, 1.5350615978240967, 1.4897968769073486, 1.4790104627609253, 1.3739944696426392, 1.4675190448760986, 1.5268688201904297, 1.2194712162017822, 1.432652235031128, 1.377829670906067, 1.4097920656204224, 1.524770736694336, 1.5470236539840698, 1.397836446762085, 1.539964199066162, 1.5327852964401245, 1.4403682947158813, 1.396114706993103, 1.4375001192092896, 1.4398876428604126, 1.5484158992767334]",sae,Pre-64
1,beta,28,0.055,0.4589844236982603,0.4495627040154577,0.441793710577549,0.5,0.5987249917034086,0.6982663087280141,30,"[0, 1, 2, 3, 4, 5, 6, 7, 8, 9, 10, 11, 12, 13, 14, 15, 16, 17, 18, 19, 20, 21, 22, 23, 24, 25, 26, 27, 28, 29]","[1.4560637474060059, 1.3396012783050537, 1.3288108110427856, 1.5483145713806152, 1.5023748874664307, 1.486259937286377, 1.4469289779663086, 1.379842758178711, 1.4806880950927734, 1.5122747421264648, 1.4422948360443115, 1.4728301763534546, 1.5199966430664062, 1.5300952196121216, 1.4630415439605713, 1.4100922346115112, 1.4448232650756836, 1.5013976097106934, 1.4760112762451172, 1.4761594533920288, 1.4106717109680176, 1.4309093952178955, 1.4326865673065186, 1.3808616399765015, 1.412442922592163, 1.5010870695114136, 1.5399134159088135, 1.4231432676315308, 1.4018620252609253, 1.4138861894607544]",sae,Pre-64
1,beta,14,0.075,0.4467366851483266,0.4421697276018216,0.4344492711577271,0.5,0.5934222168898753,0.6970890385278724,30,"[0, 1, 2, 3, 4, 5, 6, 7, 8, 9, 10, 11, 12, 13, 14, 15, 16, 17, 18, 19, 20, 21, 22, 23, 24, 25, 26, 27, 28, 29]","[1.4389864206314087, 1.3255996704101562, 1.4137181043624878, 1.4344122409820557, 1.4546219110488892, 1.420204520225525, 1.3998390436172485, 1.5049890279769897, 1.4223090410232544, 1.4860589504241943, 1.3771600723266602, 1.3404133319854736, 1.364811897277832, 1.4842764139175415, 1.4684715270996094, 1.4270278215408325, 1.5058475732803345, 1.4997261762619019, 1.4193288087844849, 1.4125773906707764, 1.4327890872955322, 1.432857871055603, 1.4955723285675049, 1.3790760040283203, 1.4914555549621582, 1.4929838180541992, 1.4333405494689941, 1.5024000406265259, 1.4872665405273438, 1.3885071277618408]",sae,Pre-64
1,beta,40,0.058,0.44666181227492,0.4340193094910912,0.4368915243393647,0.5,0.6093636266731638,0.6688452694574305,30,"[0, 1, 2, 3, 4, 5, 6, 7, 8, 9, 10, 11, 12, 13, 14, 15, 16, 17, 18, 19, 20, 21, 22, 23, 24, 25, 26, 27, 28, 29]","[1.5927432775497437, 1.5632247924804688, 1.5193849802017212, 1.4628686904907227, 1.503222107887268, 1.5252279043197632, 1.523940086364746, 1.565454125404358, 1.5422561168670654, 1.583911657333374, 1.4879350662231445, 1.501832127571106, 1.5713303089141846, 1.493337869644165, 1.489748239517212, 1.5979423522949219, 1.5244864225387573, 1.513213038444519, 1.4803205728530884, 1.5126633644104004, 1.466371774673462, 1.479007601737976, 1.5849753618240356, 1.5095579624176025, 1.5801900625228882, 1.4933342933654785, 1.561035394668579, 1.4958415031433105, 1.608081340789795, 1.4675211906433105]",sae,Pre-64
1,beta,43,0.045,0.4515364523902173,0.4432102910589974,0.4435623981270922,0.5,0.6060785767234989,0.7020934025203854,30,"[0, 1, 2, 3, 4, 5, 6, 7, 8, 9, 10, 11, 12, 13, 14, 15, 16, 17, 18, 19, 20, 21, 22, 23, 24, 25, 26, 27, 28, 29]","[1.6465249061584473, 1.7065860033035278, 1.7128523588180542, 1.5889278650283813, 1.621960997581482, 1.5551953315734863, 1.5866285562515259, 1.5772206783294678, 1.655577301979065, 1.5598628520965576, 1.5347933769226074, 1.7473665475845337, 1.6690189838409424, 1.613071084022522, 1.5994837284088135, 1.5168330669403076, 1.6988489627838135, 1.5803934335708618, 1.6716617345809937, 1.6770137548446655, 1.5847350358963013, 1.589980125427246, 1.7276127338409424, 1.628447413444519, 1.5745962858200073, 1.6245514154434204, 1.7345045804977417, 1.573392629623413, 1.686435341835022, 1.7401373386383057]",sae,Pre-64
1,beta,2,0.072,0.4419681213812466,0.4306250660512843,0.4272420654106966,0.5,0.6028191218064636,0.6894720522093939,30,"[0, 1, 2, 3, 4, 5, 6, 7, 8, 9, 10, 11, 12, 13, 14, 15, 16, 17, 18, 19, 20, 21, 22, 23, 24, 25, 26, 27, 28, 29]","[1.3727540969848633, 1.3859965801239014, 1.3615574836730957, 1.4301453828811646, 1.3775869607925415, 1.4641201496124268, 1.383828043937683, 1.3969380855560303, 1.3333486318588257, 1.3547526597976685, 1.3917266130447388, 1.3346288204193115, 1.4148107767105103, 1.4682315587997437, 1.4401462078094482, 1.3857413530349731, 1.445451259613037, 1.4997047185897827, 1.491892695426941, 1.469393014907837, 1.3923641443252563, 1.3693479299545288, 1.4513698816299438, 1.454881191253662, 1.3668925762176514, 1.3732026815414429, 1.431376338005066, 1.406366229057312, 1.215726375579834, 1.4918581247329712]",sae,Pre-64
1,beta,41,0.066,0.4543678569363413,0.4427951465832617,0.4546469090227342,0.5,0.6190905384235713,0.6763993504867772,30,"[0, 1, 2, 3, 4, 5, 6, 7, 8, 9, 10, 11, 12, 13, 14, 15, 16, 17, 18, 19, 20, 21, 22, 23, 24, 25, 26, 27, 28, 29]","[1.4681652784347534, 1.5609104633331299, 1.5018988847732544, 1.4243035316467285, 1.4367552995681763, 1.6049226522445679, 1.4605385065078735, 1.5240315198898315, 1.4921982288360596, 1.5883558988571167, 1.5803732872009277, 1.5175055265426636, 1.5205960273742676, 1.5887408256530762, 1.5886728763580322, 1.503727912902832, 1.5004292726516724, 1.5374044179916382, 1.5747615098953247, 1.5374815464019775, 1.4491883516311646, 1.5015499591827393, 1.5058029890060425, 1.5256727933883667, 1.5007375478744507, 1.4821876287460327, 1.5607867240905762, 1.57363760471344, 1.5316698551177979, 1.452970266342163]",sae,Pre-64
1,beta,46,0.042,0.4545712902572906,0.4417269056853911,0.4553171766063211,0.5,0.6270377926330811,0.6898791474025316,30,"[0, 1, 2, 3, 4, 5, 6, 7, 8, 9, 10, 11, 12, 13, 14, 15, 16, 17, 18, 19, 20, 21, 22, 23, 24, 25, 26, 27, 28, 29]","[1.5688821077346802, 1.6846415996551514, 1.665810465812683, 1.653868556022644, 1.5703465938568115, 1.6979470252990723, 1.5921869277954102, 1.7328892946243286, 1.6475856304168701, 1.7539477348327637, 1.479753851890564, 1.5768154859542847, 1.717678427696228, 1.5681310892105103, 1.6234509944915771, 1.720462441444397, 1.6391414403915405, 1.6477609872817993, 1.7431347370147705, 1.710208773612976, 1.6159874200820923, 1.6209951639175415, 1.640254020690918, 1.647648811340332, 1.6403945684432983, 1.6617711782455444, 1.6514750719070435, 1.6845203638076782, 1.6206814050674438, 1.6355937719345093]",sae,Pre-64
1,beta,7,0.076,0.4564836922581216,0.4420418003909208,0.4378585368096239,0.5,0.6095136152062148,0.7014223389934965,30,"[0, 1, 2, 3, 4, 5, 6, 7, 8, 9, 10, 11, 12, 13, 14, 15, 16, 17, 18, 19, 20, 21, 22, 23, 24, 25, 26, 27, 28, 29]","[1.4023149013519287, 1.4507296085357666, 1.4664138555526733, 1.4347013235092163, 1.4836653470993042, 1.4377416372299194, 1.4045987129211426, 1.441787838935852, 1.5399166345596313, 1.445077657699585, 1.3679256439208984, 1.4101147651672363, 1.3735772371292114, 1.3933072090148926, 1.5515594482421875, 1.4650464057922363, 1.3918076753616333, 1.3819831609725952, 1.4853885173797607, 1.4803286790847778, 1.4498239755630493, 1.4694502353668213, 1.4735509157180786, 1.4105571508407593, 1.5085021257400513, 1.4971835613250732, 1.4169707298278809, 1.3310134410858154, 1.5193525552749634, 1.4092726707458496]",sae,Pre-64
1,beta,13,0.078,0.4619123366083722,0.4531466051409948,0.4416525499618992,0.5,0.6127276801885291,0.7101944628065393,30,"[0, 1, 2, 3, 4, 5, 6, 7, 8, 9, 10, 11, 12, 13, 14, 15, 16, 17, 18, 19, 20, 21, 22, 23, 24, 25, 26, 27, 28, 29]","[1.5986459255218506, 1.4284826517105103, 1.583249568939209, 1.5047287940979004, 1.4857749938964844, 1.5921156406402588, 1.5252928733825684, 1.5142024755477905, 1.5480552911758423, 1.5170066356658936, 1.5921294689178467, 1.4968080520629883, 1.5595552921295166, 1.5508921146392822, 1.5733952522277832, 1.4611866474151611, 1.4829471111297607, 1.551353096961975, 1.5349143743515015, 1.5306997299194336, 1.5062174797058105, 1.4463675022125244, 1.5009270906448364, 1.4704864025115967, 1.5019927024841309, 1.443814754486084, 1.5142773389816284, 1.453459620475769, 1.5444250106811523, 1.5082249641418457]",sae,Pre-64
1,beta,46,0.05,0.4545712902572906,0.4417269056853911,0.4552334859985658,0.5,0.6270377926330811,0.6898891269729255,30,"[0, 1, 2, 3, 4, 5, 6, 7, 8, 9, 10, 11, 12, 13, 14, 15, 16, 17, 18, 19, 20, 21, 22, 23, 24, 25, 26, 27, 28, 29]","[1.5639135837554932, 1.6797518730163574, 1.6608333587646484, 1.6488831043243408, 1.5653831958770752, 1.6930330991744995, 1.5872606039047241, 1.7279839515686035, 1.642640471458435, 1.7490280866622925, 1.4748642444610596, 1.5718897581100464, 1.7127257585525513, 1.5631769895553589, 1.6184738874435425, 1.7155297994613647, 1.634150743484497, 1.6427669525146484, 1.7382397651672363, 1.7052603960037231, 1.6110544204711914, 1.6160017251968384, 1.6352406740188599, 1.6426644325256348, 1.6354193687438965, 1.6567800045013428, 1.6465427875518799, 1.679564118385315, 1.6156809329986572, 1.6306250095367432]",sae,Pre-64
1,beta,2,0.064,0.4419681213812466,0.4306250660512843,0.4272569404315117,0.5,0.6028191218064636,0.689472052209394,30,"[0, 1, 2, 3, 4, 5, 6, 7, 8, 9, 10, 11, 12, 13, 14, 15, 16, 17, 18, 19, 20, 21, 22, 23, 24, 25, 26, 27, 28, 29]","[1.3740344047546387, 1.3872768878936768, 1.3628331422805786, 1.4314287900924683, 1.3788636922836304, 1.4653891324996948, 1.3851104974746704, 1.3982219696044922, 1.3346370458602905, 1.356038212776184, 1.3930044174194336, 1.335925579071045, 1.4160895347595215, 1.4695024490356445, 1.4414219856262207, 1.3870185613632202, 1.4467225074768066, 1.5009782314300537, 1.4931641817092896, 1.4706684350967407, 1.3936450481414795, 1.3706262111663818, 1.4526464939117432, 1.45615553855896, 1.3681728839874268, 1.3744765520095825, 1.4326531887054443, 1.4076533317565918, 1.2170181274414062, 1.4931321144104004]",sae,Pre-64
1,beta,15,0.045,0.4529015220185267,0.4424399871594601,0.4402395713519783,0.5,0.6161071485640408,0.7114716948241548,30,"[0, 1, 2, 3, 4, 5, 6, 7, 8, 9, 10, 11, 12, 13, 14, 15, 16, 17, 18, 19, 20, 21, 22, 23, 24, 25, 26, 27, 28, 29]","[1.5942003726959229, 1.609653353691101, 1.6589826345443726, 1.613879919052124, 1.7363065481185913, 1.6078293323516846, 1.5848608016967773, 1.6091821193695068, 1.683547019958496, 1.678318977355957, 1.6539499759674072, 1.599306344985962, 1.765268325805664, 1.6806355714797974, 1.5319887399673462, 1.6611111164093018, 1.575835943222046, 1.7797083854675293, 1.5459295511245728, 1.6321156024932861, 1.7308218479156494, 1.7270804643630981, 1.589639663696289, 1.648041844367981, 1.6494337320327759, 1.5269447565078735, 1.7159647941589355, 1.7563613653182983, 1.6689982414245605, 1.6202707290649414]",sae,Pre-64
1,beta,19,0.08,0.4469965829377276,0.435497383761294,0.4137647205799694,0.5,0.6104665954706788,0.7133555297295598,30,"[0, 1, 2, 3, 4, 5, 6, 7, 8, 9, 10, 11, 12, 13, 14, 15, 16, 17, 18, 19, 20, 21, 22, 23, 24, 25, 26, 27, 28, 29]","[1.3323217630386353, 1.3456370830535889, 1.4217795133590698, 1.3654683828353882, 1.2841622829437256, 1.2984915971755981, 1.336980938911438, 1.4083032608032227, 1.3134933710098267, 1.4278674125671387, 1.4208037853240967, 1.4480316638946533, 1.335298776626587, 1.349442481994629, 1.2643482685089111, 1.2835594415664673, 1.4112813472747803, 1.444948673248291, 1.2969170808792114, 1.3242205381393433, 1.460691213607788, 1.3266894817352295, 1.3331326246261597, 1.3282374143600464, 1.3245292901992798, 1.4225934743881226, 1.4351173639297485, 1.3515704870224, 1.306393027305603, 1.301377534866333]",sae,Pre-64
1,beta,13,0.066,0.4619123366083722,0.4531466051409948,0.4416884473912221,0.5,0.6127276801885291,0.710201510092418,30,"[0, 1, 2, 3, 4, 5, 6, 7, 8, 9, 10, 11, 12, 13, 14, 15, 16, 17, 18, 19, 20, 21, 22, 23, 24, 25, 26, 27, 28, 29]","[1.6023305654525757, 1.4321367740631104, 1.5869373083114624, 1.5084387063980103, 1.4894875288009644, 1.5957916975021362, 1.5289849042892456, 1.517911434173584, 1.5517187118530273, 1.5207140445709229, 1.5958247184753418, 1.5005115270614624, 1.5632083415985107, 1.5545687675476074, 1.5770642757415771, 1.4649051427841187, 1.4866430759429932, 1.5550541877746582, 1.5385913848876953, 1.5343555212020874, 1.5098931789398193, 1.4500623941421509, 1.504563808441162, 1.4742144346237183, 1.5056631565093994, 1.447513461112976, 1.5179469585418701, 1.4571940898895264, 1.5480763912200928, 1.511953592300415]",sae,Pre-64
1,beta,47,0.068,0.4460371044958436,0.4257646434940195,0.4058211153444535,0.5,0.6434257056516428,0.7328762939625796,30,"[0, 1, 2, 3, 4, 5, 6, 7, 8, 9, 10, 11, 12, 13, 14, 15, 16, 17, 18, 19, 20, 21, 22, 23, 24, 25, 26, 27, 28, 29]","[1.5553436279296875, 1.3977855443954468, 1.3971583843231201, 1.410188913345337, 1.5027412176132202, 1.5344455242156982, 1.487112045288086, 1.514443278312683, 1.498881220817566, 1.4235154390335083, 1.4338595867156982, 1.3729544878005981, 1.4141565561294556, 1.5554977655410767, 1.380061149597168, 1.5230059623718262, 1.4279602766036987, 1.4988852739334106, 1.3416377305984497, 1.3793920278549194, 1.4265211820602417, 1.4776268005371094, 1.5170975923538208, 1.3939725160598755, 1.4883092641830444, 1.3760432004928589, 1.328627347946167, 1.4900450706481934, 1.3762180805206299, 1.4599562883377075]",sae,Pre-64
1,beta,31,0.072,0.4497611378811508,0.4308970333737342,0.4336249881523353,0.5,0.642735734520437,0.7099786090073424,30,"[0, 1, 2, 3, 4, 5, 6, 7, 8, 9, 10, 11, 12, 13, 14, 15, 16, 17, 18, 19, 20, 21, 22, 23, 24, 25, 26, 27, 28, 29]","[1.5614222288131714, 1.5223199129104614, 1.438596248626709, 1.4627697467803955, 1.5130804777145386, 1.5999696254730225, 1.4761772155761719, 1.5331201553344727, 1.482964277267456, 1.551832914352417, 1.50347101688385, 1.531752586364746, 1.566318392753601, 1.40193772315979, 1.5659717321395874, 1.5022917985916138, 1.526141881942749, 1.5256797075271606, 1.5396157503128052, 1.49460768699646, 1.5836583375930786, 1.5254827737808228, 1.5787299871444702, 1.530430555343628, 1.5197663307189941, 1.5464417934417725, 1.4391032457351685, 1.5920997858047485, 1.4355374574661255, 1.532411813735962]",sae,Pre-64
1,beta,42,0.075,0.4546678683050885,0.4407690563496341,0.4548866949902574,0.5,0.6336081445133979,0.6612441068937317,30,"[0, 1, 2, 3, 4, 5, 6, 7, 8, 9, 10, 11, 12, 13, 14, 15, 16, 17, 18, 19, 20, 21, 22, 23, 24, 25, 26, 27, 28, 29]","[1.5542412996292114, 1.4145562648773193, 1.5578292608261108, 1.5579499006271362, 1.4920488595962524, 1.5439152717590332, 1.4863654375076294, 1.4470218420028687, 1.4237686395645142, 1.5592737197875977, 1.5303856134414673, 1.5741677284240723, 1.4438141584396362, 1.228715419769287, 1.5748951435089111, 1.4697980880737305, 1.4094030857086182, 1.390806794166565, 1.526762843132019, 1.5440680980682373, 1.4607138633728027, 1.4495564699172974, 1.4645590782165527, 1.4116886854171753, 1.4512534141540527, 1.4211550951004028, 1.5793439149856567, 1.4159767627716064, 1.492017149925232, 1.406125783920288]",sae,Pre-64
1,beta,8,0.074,0.4517491928182039,0.4406431065890545,0.4394879645206669,0.5,0.6098144493254953,0.6783642112858386,30,"[0, 1, 2, 3, 4, 5, 6, 7, 8, 9, 10, 11, 12, 13, 14, 15, 16, 17, 18, 19, 20, 21, 22, 23, 24, 25, 26, 27, 28, 29]","[1.3906819820404053, 1.5024992227554321, 1.419272780418396, 1.4503792524337769, 1.5113924741744995, 1.4468026161193848, 1.495263934135437, 1.407451868057251, 1.4537802934646606, 1.502986192703247, 1.5111877918243408, 1.4350425004959106, 1.4185702800750732, 1.4516093730926514, 1.4804790019989014, 1.3960212469100952, 1.4176981449127197, 1.45366632938385, 1.3642317056655884, 1.4337742328643799, 1.4066969156265259, 1.3824430704116821, 1.4859299659729004, 1.4183762073516846, 1.4854735136032104, 1.4895542860031128, 1.3871994018554688, 1.4851930141448975, 1.4560796022415161, 1.4562042951583862]",sae,Pre-64
1,beta,30,0.0535,0.4638407167611665,0.4544841508273655,0.4398806209253856,0.5,0.6043368975359404,0.6949637928591782,30,"[0, 1, 2, 3, 4, 5, 6, 7, 8, 9, 10, 11, 12, 13, 14, 15, 16, 17, 18, 19, 20, 21, 22, 23, 24, 25, 26, 27, 28, 29]","[1.536010503768921, 1.5047664642333984, 1.5161036252975464, 1.4566820859909058, 1.4695231914520264, 1.447934865951538, 1.458756446838379, 1.435021162033081, 1.427716851234436, 1.4461380243301392, 1.5105881690979004, 1.440746784210205, 1.416332483291626, 1.4385308027267456, 1.5054854154586792, 1.5095165967941284, 1.4277493953704834, 1.4493426084518433, 1.531234860420227, 1.455763339996338, 1.4325307607650757, 1.3977512121200562, 1.4966455698013306, 1.4516472816467285, 1.567399024963379, 1.444319725036621, 1.4696916341781616, 1.4396361112594604, 1.5067857503890991, 1.4621638059616089]",sae,Pre-64
1,beta,12,0.048,0.4455148672091349,0.4361346773072694,0.4190629024916159,0.5,0.5892778403611032,0.7302866420176657,30,"[0, 1, 2, 3, 4, 5, 6, 7, 8, 9, 10, 11, 12, 13, 14, 15, 16, 17, 18, 19, 20, 21, 22, 23, 24, 25, 26, 27, 28, 29]","[1.5937354564666748, 1.768861174583435, 1.6271213293075562, 1.5834451913833618, 1.7959773540496826, 1.7471692562103271, 1.725106954574585, 1.7188942432403564, 1.7762480974197388, 1.6198699474334717, 1.6024616956710815, 1.8266338109970093, 1.647900104522705, 1.7270103693008423, 1.5861393213272095, 1.8284997940063477, 1.5591539144515991, 1.8179141283035278, 1.7075399160385132, 1.8228706121444702, 1.7648203372955322, 1.7207003831863403, 1.6234015226364136, 1.8243224620819092, 1.8115342855453491, 1.6916142702102661, 1.8129026889801025, 1.7244629859924316, 1.671156644821167, 1.8254214525222778]",sae,Pre-64
1,beta,19,0.068,0.4469965829377276,0.435497383761294,0.4159637382995806,0.5,0.6104665954706788,0.712537299368659,30,"[0, 1, 2, 3, 4, 5, 6, 7, 8, 9, 10, 11, 12, 13, 14, 15, 16, 17, 18, 19, 20, 21, 22, 23, 24, 25, 26, 27, 28, 29]","[1.4678387641906738, 1.480692982673645, 1.5652289390563965, 1.498346209526062, 1.4417450428009033, 1.447098731994629, 1.4810467958450317, 1.5622730255126953, 1.4426112174987793, 1.578586220741272, 1.5930267572402954, 1.6054810285568237, 1.480546236038208, 1.476945400238037, 1.4197454452514648, 1.4396562576293945, 1.566132664680481, 1.592296838760376, 1.4291778802871704, 1.449974775314331, 1.616042137145996, 1.4657071828842163, 1.4820138216018677, 1.4562232494354248, 1.4473774433135986, 1.579720377922058, 1.5809208154678345, 1.4876922369003296, 1.4697567224502563, 1.4357881546020508]",sae,Pre-64
1,beta,41,0.048,0.4543678569363413,0.4427951465832617,0.4547655399114689,0.5,0.6190905384235713,0.6763993504867772,30,"[0, 1, 2, 3, 4, 5, 6, 7, 8, 9, 10, 11, 12, 13, 14, 15, 16, 17, 18, 19, 20, 21, 22, 23, 24, 25, 26, 27, 28, 29]","[1.475978970527649, 1.56869637966156, 1.5095430612564087, 1.432043433189392, 1.444518804550171, 1.6126925945281982, 1.4682859182357788, 1.5318183898925781, 1.5000019073486328, 1.5960450172424316, 1.5881072282791138, 1.5253164768218994, 1.5283933877944946, 1.5964590311050415, 1.5964183807373047, 1.5114843845367432, 1.5081015825271606, 1.5451631546020508, 1.5823943614959717, 1.5452852249145508, 1.4569664001464844, 1.5093179941177368, 1.5136363506317139, 1.533466100692749, 1.5085761547088623, 1.489981770515442, 1.5685521364212036, 1.5813921689987183, 1.539428472518921, 1.4607067108154297]",sae,Pre-64
1,beta,4,0.08,0.4589558369307028,0.4477177462853796,0.4573408691972372,0.5,0.61034827708266,0.658942395001308,30,"[0, 1, 2, 3, 4, 5, 6, 7, 8, 9, 10, 11, 12, 13, 14, 15, 16, 17, 18, 19, 20, 21, 22, 23, 24, 25, 26, 27, 28, 29]","[1.3957128524780273, 1.3805190324783325, 1.301924228668213, 1.4450714588165283, 1.2747738361358643, 1.3221802711486816, 1.3700685501098633, 1.3054035902023315, 1.3910937309265137, 1.4267081022262573, 1.3945932388305664, 1.3366976976394653, 1.446677327156067, 1.3332873582839966, 1.3014540672302246, 1.3886469602584839, 1.3925718069076538, 1.3605599403381348, 1.3190875053405762, 1.4146063327789307, 1.3760368824005127, 1.438671588897705, 1.3772474527359009, 1.291866660118103, 1.372355580329895, 1.3115118741989136, 1.3291386365890503, 1.3424665927886963, 1.4215177297592163, 1.2961419820785522]",sae,Pre-64
1,beta,48,0.076,0.4556814132376,0.4510566266980289,0.4890122244590177,0.5,0.5923878577171784,0.5941913072036058,30,"[0, 1, 2, 3, 4, 5, 6, 7, 8, 9, 10, 11, 12, 13, 14, 15, 16, 17, 18, 19, 20, 21, 22, 23, 24, 25, 26, 27, 28, 29]","[1.634372591972351, 1.5700863599777222, 1.5520883798599243, 1.5340287685394287, 1.521909236907959, 1.453112244606018, 1.558235764503479, 1.5044857263565063, 1.5196170806884766, 1.5069732666015625, 1.5907609462738037, 1.5249072313308716, 1.5610076189041138, 1.5267802476882935, 1.482844352722168, 1.5637898445129395, 1.612871766090393, 1.5778706073760986, 1.5979071855545044, 1.4641951322555542, 1.5168139934539795, 1.6218971014022827, 1.6256822347640991, 1.4524149894714355, 1.5232447385787964, 1.598797082901001, 1.6050467491149902, 1.626476526260376, 1.5167245864868164, 1.558300495147705]",sae,Pre-64
1,beta,34,0.056,0.4568527557813058,0.4470225010708758,0.4484897503335512,0.5,0.6011606799053854,0.678244996395494,30,"[0, 1, 2, 3, 4, 5, 6, 7, 8, 9, 10, 11, 12, 13, 14, 15, 16, 17, 18, 19, 20, 21, 22, 23, 24, 25, 26, 27, 28, 29]","[1.3898627758026123, 1.474794864654541, 1.4802231788635254, 1.425460696220398, 1.3750759363174438, 1.3904521465301514, 1.4315924644470215, 1.3492014408111572, 1.3532134294509888, 1.3943034410476685, 1.4494367837905884, 1.253344178199768, 1.460363745689392, 1.3511682748794556, 1.3598099946975708, 1.3838809728622437, 1.476621150970459, 1.4923397302627563, 1.401207685470581, 1.3903343677520752, 1.4082965850830078, 1.494574785232544, 1.428326964378357, 1.452408790588379, 1.37969172000885, 1.326557993888855, 1.5060770511627197, 1.4909987449645996, 1.4784492254257202, 1.4627538919448853]",sae,Pre-64
1,beta,30,0.045,0.4638407167611665,0.4544841508273655,0.4423027387153448,0.5,0.6043368975359404,0.6963917025235955,30,"[0, 1, 2, 3, 4, 5, 6, 7, 8, 9, 10, 11, 12, 13, 14, 15, 16, 17, 18, 19, 20, 21, 22, 23, 24, 25, 26, 27, 28, 29]","[1.7439789772033691, 1.7359508275985718, 1.7013658285140991, 1.6568937301635742, 1.6598823070526123, 1.6368787288665771, 1.6513088941574097, 1.6157453060150146, 1.5895057916641235, 1.6502857208251953, 1.662960171699524, 1.6545045375823975, 1.60890793800354, 1.6568273305892944, 1.7136976718902588, 1.71694815158844, 1.6225769519805908, 1.6613794565200806, 1.7340673208236694, 1.632187008857727, 1.682100534439087, 1.6318796873092651, 1.7350369691848755, 1.6442220211029053, 1.7353063821792603, 1.6629338264465332, 1.6172747611999512, 1.6469109058380127, 1.7020329236984253, 1.6434742212295532]",sae,Pre-64
1,beta,18,0.05,0.4575117633693479,0.4471831599677374,0.4266565058598526,0.5,0.6052065040104606,0.7327356422153427,30,"[0, 1, 2, 3, 4, 5, 6, 7, 8, 9, 10, 11, 12, 13, 14, 15, 16, 17, 18, 19, 20, 21, 22, 23, 24, 25, 26, 27, 28, 29]","[1.5200700759887695, 1.6805115938186646, 1.7105441093444824, 1.5765682458877563, 1.6033506393432617, 1.6095144748687744, 1.8070318698883057, 1.5767533779144287, 1.7020000219345093, 1.5715752840042114, 1.7813796997070312, 1.6663769483566284, 1.7076226472854614, 1.68529212474823, 1.6093776226043701, 1.583919882774353, 1.669208288192749, 1.6099854707717896, 1.5879096984863281, 1.538927674293518, 1.8042423725128174, 1.6058428287506104, 1.7458239793777466, 1.6910951137542725, 1.6847094297409058, 1.6126182079315186, 1.6941285133361816, 1.7371861934661865, 1.680947184562683, 1.638355016708374]",sae,Pre-64
1,beta,37,0.044,0.4546908257221888,0.444978337644671,0.4341192068652018,0.5,0.6058579085235571,0.7172490071341485,30,"[0, 1, 2, 3, 4, 5, 6, 7, 8, 9, 10, 11, 12, 13, 14, 15, 16, 17, 18, 19, 20, 21, 22, 23, 24, 25, 26, 27, 28, 29]","[1.481823205947876, 1.5437207221984863, 1.5184130668640137, 1.4943039417266846, 1.4462062120437622, 1.553931713104248, 1.5197781324386597, 1.5684720277786255, 1.6145187616348267, 1.554377555847168, 1.5184001922607422, 1.5263820886611938, 1.552850365638733, 1.5571948289871216, 1.5904252529144287, 1.5348491668701172, 1.5244120359420776, 1.5684388875961304, 1.5407267808914185, 1.538027048110962, 1.5646377801895142, 1.5735876560211182, 1.5977466106414795, 1.5818666219711304, 1.5402590036392212, 1.5783339738845825, 1.546633005142212, 1.5764609575271606, 1.5785369873046875, 1.5929163694381714]",sae,Pre-64
1,beta,47,0.08,0.4460371044958436,0.4257646434940195,0.4058079331724295,0.5,0.6434257056516428,0.7328843309972353,30,"[0, 1, 2, 3, 4, 5, 6, 7, 8, 9, 10, 11, 12, 13, 14, 15, 16, 17, 18, 19, 20, 21, 22, 23, 24, 25, 26, 27, 28, 29]","[1.5529696941375732, 1.3954371213912964, 1.394765019416809, 1.4078288078308105, 1.5003668069839478, 1.5320672988891602, 1.4847328662872314, 1.5120929479599, 1.4965254068374634, 1.4211311340332031, 1.4314781427383423, 1.3705856800079346, 1.411789059638977, 1.553123116493225, 1.377711534500122, 1.5206480026245117, 1.4256049394607544, 1.4965145587921143, 1.3392868041992188, 1.3770016431808472, 1.4241549968719482, 1.4752399921417236, 1.5147489309310913, 1.3915928602218628, 1.485929012298584, 1.373702883720398, 1.3262640237808228, 1.4876865148544312, 1.3738144636154175, 1.4575741291046143]",sae,Pre-64
1,beta,25,0.07,0.4465066892532915,0.4352791138475453,0.4430889027235749,0.5,0.6270054355300688,0.6611897771372874,30,"[0, 1, 2, 3, 4, 5, 6, 7, 8, 9, 10, 11, 12, 13, 14, 15, 16, 17, 18, 19, 20, 21, 22, 23, 24, 25, 26, 27, 28, 29]","[1.5348670482635498, 1.5598289966583252, 1.4263827800750732, 1.6082204580307007, 1.5867581367492676, 1.5770795345306396, 1.456973671913147, 1.465634822845459, 1.5118223428726196, 1.4279494285583496, 1.587350845336914, 1.5217844247817993, 1.5614597797393799, 1.4670871496200562, 1.4583622217178345, 1.5021781921386719, 1.3721848726272583, 1.3875114917755127, 1.431923747062683, 1.4576207399368286, 1.6004432439804077, 1.3791354894638062, 1.5486342906951904, 1.4714430570602417, 1.5246896743774414, 1.47187340259552, 1.624435305595398, 1.555629849433899, 1.5874955654144287, 1.4330393075942993]",sae,Pre-64
1,beta,25,0.082,0.4465066892532915,0.4352791138475453,0.441831265973627,0.5,0.6270054355300688,0.6623707641434406,30,"[0, 1, 2, 3, 4, 5, 6, 7, 8, 9, 10, 11, 12, 13, 14, 15, 16, 17, 18, 19, 20, 21, 22, 23, 24, 25, 26, 27, 28, 29]","[1.4397236108779907, 1.4565298557281494, 1.3428221940994263, 1.4928274154663086, 1.4802016019821167, 1.4710725545883179, 1.3539599180221558, 1.3758213520050049, 1.4171435832977295, 1.3268091678619385, 1.4811286926269531, 1.405933141708374, 1.4590272903442383, 1.3754581212997437, 1.3625245094299316, 1.3923020362854004, 1.2742924690246582, 1.2985527515411377, 1.3348941802978516, 1.362985372543335, 1.4896824359893799, 1.286341667175293, 1.4414241313934326, 1.3807884454727173, 1.420464277267456, 1.371561050415039, 1.5135607719421387, 1.4531292915344238, 1.4817148447036743, 1.328165054321289]",sae,Pre-64
1,beta,35,0.076,0.4566193215888805,0.4379483378046387,0.4343139063457886,0.5,0.637290178651746,0.7144345693227545,30,"[0, 1, 2, 3, 4, 5, 6, 7, 8, 9, 10, 11, 12, 13, 14, 15, 16, 17, 18, 19, 20, 21, 22, 23, 24, 25, 26, 27, 28, 29]","[1.45098876953125, 1.517470121383667, 1.5815320014953613, 1.511013388633728, 1.524335265159607, 1.4886125326156616, 1.4371966123580933, 1.5979180335998535, 1.613548755645752, 1.5056723356246948, 1.5761539936065674, 1.427335262298584, 1.4998146295547485, 1.4073642492294312, 1.49680495262146, 1.454321026802063, 1.5844532251358032, 1.4292792081832886, 1.5342354774475098, 1.435044288635254, 1.4558409452438354, 1.4472023248672485, 1.464605689048767, 1.434268832206726, 1.481335997581482, 1.5272542238235474, 1.4579269886016846, 1.5381593704223633, 1.5926629304885864, 1.5310395956039429]",sae,Pre-64
1,beta,26,0.078,0.4502231978181314,0.4442488029476733,0.4597257105793264,0.5,0.5832450787939482,0.6467130169168074,30,"[0, 1, 2, 3, 4, 5, 6, 7, 8, 9, 10, 11, 12, 13, 14, 15, 16, 17, 18, 19, 20, 21, 22, 23, 24, 25, 26, 27, 28, 29]","[1.4246976375579834, 1.4359434843063354, 1.5984934568405151, 1.3906477689743042, 1.4615354537963867, 1.503641963005066, 1.4899165630340576, 1.3885600566864014, 1.4925029277801514, 1.4592297077178955, 1.3750619888305664, 1.6006609201431274, 1.536224603652954, 1.474578857421875, 1.5499292612075806, 1.4361116886138916, 1.481643557548523, 1.3673239946365356, 1.5115684270858765, 1.461825966835022, 1.4214389324188232, 1.5754354000091553, 1.463204026222229, 1.5040091276168823, 1.5815036296844482, 1.5725924968719482, 1.4306381940841675, 1.4863637685775757, 1.2989755868911743, 1.421934962272644]",sae,Pre-64
1,beta,49,0.046,0.462130925118617,0.4524487678230295,0.4544978227909427,0.5,0.6141152509743157,0.6850422007794525,30,"[0, 1, 2, 3, 4, 5, 6, 7, 8, 9, 10, 11, 12, 13, 14, 15, 16, 17, 18, 19, 20, 21, 22, 23, 24, 25, 26, 27, 28, 29]","[1.6072156429290771, 1.683915376663208, 1.6805140972137451, 1.641187310218811, 1.5710505247116089, 1.6144118309020996, 1.7402422428131104, 1.6413054466247559, 1.7857964038848877, 1.6888655424118042, 1.6519215106964111, 1.6042548418045044, 1.7034852504730225, 1.6916308403015137, 1.7601304054260254, 1.7206224203109741, 1.7632791996002197, 1.7681549787521362, 1.6125726699829102, 1.711637020111084, 1.7566289901733398, 1.6247233152389526, 1.7642945051193237, 1.6773381233215332, 1.5927280187606812, 1.6842838525772095, 1.6910481452941895, 1.6081959009170532, 1.6073460578918457, 1.6071540117263794]",sae,Pre-64
1,beta,22,0.054,0.4519005213187685,0.4442985770479847,0.4444521909111508,0.5,0.5939599289403404,0.6801638842809916,30,"[0, 1, 2, 3, 4, 5, 6, 7, 8, 9, 10, 11, 12, 13, 14, 15, 16, 17, 18, 19, 20, 21, 22, 23, 24, 25, 26, 27, 28, 29]","[1.4201433658599854, 1.4659501314163208, 1.4790239334106445, 1.5005528926849365, 1.5407803058624268, 1.4406030178070068, 1.4496419429779053, 1.4305684566497803, 1.4261738061904907, 1.476394534111023, 1.424416422843933, 1.534092664718628, 1.4669855833053589, 1.5203317403793335, 1.3850842714309692, 1.5065844058990479, 1.5181479454040527, 1.471117615699768, 1.4031983613967896, 1.4123384952545166, 1.4914515018463135, 1.4898974895477295, 1.4912348985671997, 1.4417173862457275, 1.4935100078582764, 1.5264456272125244, 1.4263694286346436, 1.4147249460220337, 1.5553737878799438, 1.3955318927764893]",sae,Pre-64
1,beta,12,0.058,0.4455148672091349,0.4361346773072694,0.4188779229870669,0.5,0.5892778403611032,0.7303162457483588,30,"[0, 1, 2, 3, 4, 5, 6, 7, 8, 9, 10, 11, 12, 13, 14, 15, 16, 17, 18, 19, 20, 21, 22, 23, 24, 25, 26, 27, 28, 29]","[1.5822278261184692, 1.757531762123108, 1.615725040435791, 1.572231411933899, 1.7847332954406738, 1.7359952926635742, 1.713803768157959, 1.7073882818222046, 1.764800786972046, 1.608481764793396, 1.5909762382507324, 1.8152830600738525, 1.636356234550476, 1.715523600578308, 1.5747021436691284, 1.817128300666809, 1.547762393951416, 1.8066608905792236, 1.6960828304290771, 1.8115402460098267, 1.7533214092254639, 1.7093795537948608, 1.6118682622909546, 1.8129470348358154, 1.8001461029052734, 1.6802825927734375, 1.801578164100647, 1.712951898574829, 1.659665584564209, 1.8140045404434204]",sae,Pre-64
1,beta,35,0.065,0.4566193215888805,0.4379483378046387,0.4343676147930879,0.5,0.637290178651746,0.7144525604351452,30,"[0, 1, 2, 3, 4, 5, 6, 7, 8, 9, 10, 11, 12, 13, 14, 15, 16, 17, 18, 19, 20, 21, 22, 23, 24, 25, 26, 27, 28, 29]","[1.4551142454147339, 1.5216158628463745, 1.5856610536575317, 1.5151666402816772, 1.5284610986709595, 1.49277925491333, 1.44131600856781, 1.602057933807373, 1.6176717281341553, 1.5098296403884888, 1.5802671909332275, 1.4315105676651, 1.5039881467819214, 1.4114643335342407, 1.5009688138961792, 1.458459496498108, 1.5885915756225586, 1.4334431886672974, 1.5384063720703125, 1.439164161682129, 1.4599742889404297, 1.4513152837753296, 1.4687895774841309, 1.4383782148361206, 1.4854791164398193, 1.531377911567688, 1.4620647430419922, 1.5423343181610107, 1.5967686176300049, 1.535196304321289]",sae,Pre-64
1,beta,30,0.064,0.4638407167611665,0.4544841508273655,0.439857872961505,0.5,0.6043368975359404,0.6949446903887512,30,"[0, 1, 2, 3, 4, 5, 6, 7, 8, 9, 10, 11, 12, 13, 14, 15, 16, 17, 18, 19, 20, 21, 22, 23, 24, 25, 26, 27, 28, 29]","[1.533595085144043, 1.5023655891418457, 1.5136889219284058, 1.454240083694458, 1.467090129852295, 1.4454976320266724, 1.4563119411468506, 1.4325989484786987, 1.425301194190979, 1.4437135457992554, 1.5081576108932495, 1.4383207559585571, 1.4139339923858643, 1.4361026287078857, 1.503061294555664, 1.5070854425430298, 1.4252982139587402, 1.4469172954559326, 1.5288066864013672, 1.453349232673645, 1.4301098585128784, 1.3953393697738647, 1.494248628616333, 1.4492263793945312, 1.564988613128662, 1.4418816566467285, 1.467253565788269, 1.4371986389160156, 1.5043632984161377, 1.459723949432373]",sae,Pre-64
1,beta,35,0.046,0.4566193215888805,0.4379483378046387,0.434460212390412,0.5,0.637290178651746,0.7144555589538767,30,"[0, 1, 2, 3, 4, 5, 6, 7, 8, 9, 10, 11, 12, 13, 14, 15, 16, 17, 18, 19, 20, 21, 22, 23, 24, 25, 26, 27, 28, 29]","[1.4622421264648438, 1.528777837753296, 1.5927947759628296, 1.5223431587219238, 1.5355892181396484, 1.4999799728393555, 1.44843327999115, 1.609212040901184, 1.624794602394104, 1.5170141458511353, 1.5873757600784302, 1.4387248754501343, 1.5111991167068481, 1.4185506105422974, 1.5081636905670166, 1.4656105041503906, 1.5957417488098145, 1.4406377077102661, 1.5456148386001587, 1.446284294128418, 1.4671188592910767, 1.4584227800369263, 1.4760195016860962, 1.4454805850982666, 1.4926375150680542, 1.5385030508041382, 1.469213843345642, 1.549547791481018, 1.6038638353347778, 1.542379379272461]",sae,Pre-64
1,beta,37,0.074,0.4546908257221888,0.444978337644671,0.4339746400306097,0.5,0.6058579085235571,0.7172927656595164,30,"[0, 1, 2, 3, 4, 5, 6, 7, 8, 9, 10, 11, 12, 13, 14, 15, 16, 17, 18, 19, 20, 21, 22, 23, 24, 25, 26, 27, 28, 29]","[1.4697190523147583, 1.5315766334533691, 1.5064055919647217, 1.4821921586990356, 1.4340370893478394, 1.5418245792388916, 1.5078402757644653, 1.5563286542892456, 1.6023870706558228, 1.54221773147583, 1.5061991214752197, 1.514262318611145, 1.540757417678833, 1.5452046394348145, 1.5783183574676514, 1.5227351188659668, 1.5122907161712646, 1.556320309638977, 1.5286177396774292, 1.5260555744171143, 1.5525672435760498, 1.56156587600708, 1.5856397151947021, 1.5697658061981201, 1.5281553268432617, 1.5662420988082886, 1.5345889329910278, 1.5644407272338867, 1.5664656162261963, 1.5808310508728027]",sae,Pre-64
1,beta,3,0.084,0.4557259332451328,0.444824285747971,0.4644348365513274,0.5,0.6042731979176,0.6522588720237493,30,"[0, 1, 2, 3, 4, 5, 6, 7, 8, 9, 10, 11, 12, 13, 14, 15, 16, 17, 18, 19, 20, 21, 22, 23, 24, 25, 26, 27, 28, 29]","[1.3997862339019775, 1.4267001152038574, 1.4113510847091675, 1.3693206310272217, 1.4047554731369019, 1.4413923025131226, 1.3973290920257568, 1.4449387788772583, 1.2002699375152588, 1.469870686531067, 1.3616654872894287, 1.4679315090179443, 1.403486728668213, 1.3794499635696411, 1.4787778854370117, 1.398356318473816, 1.4040929079055786, 1.4295341968536377, 1.3634859323501587, 1.3663653135299683, 1.3118069171905518, 1.3778146505355835, 1.3745462894439697, 1.489418864250183, 1.460178256034851, 1.3892366886138916, 1.3923293352127075, 1.385862946510315, 1.4547581672668457, 1.3919411897659302]",sae,Pre-64
1,beta,2,0.0535,0.4419681213812466,0.4306250660512843,0.4292125330954887,0.5,0.6028191218064636,0.6892851346965272,30,"[0, 1, 2, 3, 4, 5, 6, 7, 8, 9, 10, 11, 12, 13, 14, 15, 16, 17, 18, 19, 20, 21, 22, 23, 24, 25, 26, 27, 28, 29]","[1.4698197841644287, 1.471231460571289, 1.4509750604629517, 1.537746787071228, 1.486310601234436, 1.581654667854309, 1.4709956645965576, 1.49415922164917, 1.4355577230453491, 1.467728614807129, 1.504411220550537, 1.426712989807129, 1.5257800817489624, 1.585685133934021, 1.5533785820007324, 1.5001124143600464, 1.5625501871109009, 1.6124470233917236, 1.6089807748794556, 1.5877046585083008, 1.5017231702804565, 1.463625431060791, 1.5609550476074219, 1.5745763778686523, 1.4513700008392334, 1.4702544212341309, 1.5417935848236084, 1.5163849592208862, 1.314949870109558, 1.6080987453460693]",sae,Pre-64
1,beta,31,0.084,0.4497611378811508,0.4308970333737342,0.4335556529036333,0.5,0.642735734520437,0.7099742729953171,30,"[0, 1, 2, 3, 4, 5, 6, 7, 8, 9, 10, 11, 12, 13, 14, 15, 16, 17, 18, 19, 20, 21, 22, 23, 24, 25, 26, 27, 28, 29]","[1.556943416595459, 1.5178323984146118, 1.4340373277664185, 1.4582781791687012, 1.508530855178833, 1.595533013343811, 1.4717350006103516, 1.5286048650741577, 1.478399395942688, 1.5473670959472656, 1.4989382028579712, 1.5273010730743408, 1.561827540397644, 1.3974764347076416, 1.5614409446716309, 1.4977763891220093, 1.5216816663742065, 1.5211896896362305, 1.5351389646530151, 1.490107774734497, 1.579183578491211, 1.5209896564483643, 1.5742602348327637, 1.5259275436401367, 1.5152368545532227, 1.5419418811798096, 1.434627890586853, 1.5876011848449707, 1.4309719800949097, 1.5278644561767578]",sae,Pre-64
1,beta,21,0.046,0.4504746503440228,0.4381370334360364,0.440440361756346,0.5,0.6200058082774133,0.6872767829557953,30,"[0, 1, 2, 3, 4, 5, 6, 7, 8, 9, 10, 11, 12, 13, 14, 15, 16, 17, 18, 19, 20, 21, 22, 23, 24, 25, 26, 27, 28, 29]","[1.45302414894104, 1.5036729574203491, 1.6282950639724731, 1.6229891777038574, 1.6036710739135742, 1.584522008895874, 1.4981473684310913, 1.5069010257720947, 1.6126869916915894, 1.5248582363128662, 1.6028038263320923, 1.6111602783203125, 1.4902249574661255, 1.517295241355896, 1.513290524482727, 1.5069260597229004, 1.5079878568649292, 1.519335150718689, 1.450200080871582, 1.6198484897613525, 1.4451075792312622, 1.6278101205825806, 1.440004587173462, 1.4580094814300537, 1.5135396718978882, 1.4715653657913208, 1.438946008682251, 1.493822693824768, 1.5811973810195923, 1.5660878419876099]",sae,Pre-64
1,beta,38,0.082,0.4455661720406026,0.4298851252298221,0.4370828240370109,0.5,0.6303640517897944,0.6627159177456207,30,"[0, 1, 2, 3, 4, 5, 6, 7, 8, 9, 10, 11, 12, 13, 14, 15, 16, 17, 18, 19, 20, 21, 22, 23, 24, 25, 26, 27, 28, 29]","[1.3139066696166992, 1.293575406074524, 1.3258438110351562, 1.35612154006958, 1.3225919008255005, 1.2118932008743286, 1.3709453344345093, 1.3283782005310059, 1.1831566095352173, 1.3411270380020142, 1.3215569257736206, 1.3358105421066284, 1.3500398397445679, 1.316056489944458, 1.362404465675354, 1.299238681793213, 1.305713415145874, 1.3798011541366577, 1.2695668935775757, 1.3344683647155762, 1.3131228685379028, 1.3228092193603516, 1.3725664615631104, 1.2768117189407349, 1.3168548345565796, 1.370524287223816, 1.2682851552963257, 1.375489592552185, 1.3015499114990234, 1.3846009969711304]",sae,Pre-64
1,beta,18,0.06,0.4575117633693479,0.4471831599677374,0.4242842017837637,0.5,0.6052065040104606,0.7328790636714978,30,"[0, 1, 2, 3, 4, 5, 6, 7, 8, 9, 10, 11, 12, 13, 14, 15, 16, 17, 18, 19, 20, 21, 22, 23, 24, 25, 26, 27, 28, 29]","[1.3750221729278564, 1.5456149578094482, 1.5653218030929565, 1.4619810581207275, 1.4797977209091187, 1.4945685863494873, 1.6741379499435425, 1.4507046937942505, 1.559617042541504, 1.435657262802124, 1.645005464553833, 1.532727599143982, 1.5623455047607422, 1.5658092498779297, 1.4938768148422241, 1.4522548913955688, 1.5497187376022339, 1.484136700630188, 1.4668031930923462, 1.4090385437011719, 1.6612250804901123, 1.4734245538711548, 1.5957379341125488, 1.5546035766601562, 1.5315525531768799, 1.4987469911575317, 1.5429049730300903, 1.5941096544265747, 1.5487006902694702, 1.4891401529312134]",sae,Pre-64
1,beta,3,0.072,0.4557259332451328,0.444824285747971,0.464445392233063,0.5,0.6042731979176,0.6522559814075566,30,"[0, 1, 2, 3, 4, 5, 6, 7, 8, 9, 10, 11, 12, 13, 14, 15, 16, 17, 18, 19, 20, 21, 22, 23, 24, 25, 26, 27, 28, 29]","[1.4007837772369385, 1.427692174911499, 1.4123493432998657, 1.370307207107544, 1.4057503938674927, 1.442379117012024, 1.3983229398727417, 1.4459292888641357, 1.201267957687378, 1.470863699913025, 1.3626594543457031, 1.468926191329956, 1.404478907585144, 1.380432367324829, 1.4797701835632324, 1.399356722831726, 1.4050856828689575, 1.430526614189148, 1.3644800186157227, 1.3673638105392456, 1.3127977848052979, 1.3788102865219116, 1.3755393028259277, 1.4904096126556396, 1.4611669778823853, 1.3902348279953003, 1.3933279514312744, 1.3868614435195923, 1.4557524919509888, 1.3929327726364136]",sae,Pre-64
1,beta,15,0.075,0.4529015220185267,0.4424399871594601,0.4354624473956095,0.5,0.6161071485640408,0.7111317712343294,30,"[0, 1, 2, 3, 4, 5, 6, 7, 8, 9, 10, 11, 12, 13, 14, 15, 16, 17, 18, 19, 20, 21, 22, 23, 24, 25, 26, 27, 28, 29]","[1.4006609916687012, 1.3711163997650146, 1.4122260808944702, 1.4122188091278076, 1.4867547750473022, 1.3829907178878784, 1.3775904178619385, 1.4018453359603882, 1.4602925777435303, 1.4580527544021606, 1.4461290836334229, 1.3608620166778564, 1.5195187330245972, 1.4631165266036987, 1.3538707494735718, 1.429244041442871, 1.3670552968978882, 1.5125999450683594, 1.351722002029419, 1.4188385009765625, 1.5056335926055908, 1.47285795211792, 1.3939980268478394, 1.432138442993164, 1.4015207290649414, 1.2838441133499146, 1.4752076864242554, 1.5198370218276978, 1.4171737432479858, 1.4133684635162354]",sae,Pre-64
1,beta,46,0.06,0.4545712902572906,0.4417269056853911,0.4551287446909138,0.5,0.6270377926330811,0.689894829584579,30,"[0, 1, 2, 3, 4, 5, 6, 7, 8, 9, 10, 11, 12, 13, 14, 15, 16, 17, 18, 19, 20, 21, 22, 23, 24, 25, 26, 27, 28, 29]","[1.5577054023742676, 1.673642873764038, 1.6546134948730469, 1.642651915550232, 1.5591816902160645, 1.6868926286697388, 1.5811052322387695, 1.7218562364578247, 1.6364613771438599, 1.7428799867630005, 1.468754768371582, 1.5657362937927246, 1.7065379619598389, 1.556985855102539, 1.6122552156448364, 1.7093664407730103, 1.6279146671295166, 1.636528730392456, 1.7321250438690186, 1.6990798711776733, 1.604891061782837, 1.6097620725631714, 1.6289764642715454, 1.6364364624023438, 1.6292033195495605, 1.650542140007019, 1.6403783559799194, 1.6733713150024414, 1.609431505203247, 1.6244169473648071]",sae,Pre-64
1,beta,42,0.055,0.4546678683050885,0.4407690563496341,0.4565781686850113,0.5,0.6336081445133979,0.6612636503583971,30,"[0, 1, 2, 3, 4, 5, 6, 7, 8, 9, 10, 11, 12, 13, 14, 15, 16, 17, 18, 19, 20, 21, 22, 23, 24, 25, 26, 27, 28, 29]","[1.6486490964889526, 1.513486385345459, 1.6583677530288696, 1.653572916984558, 1.595665693283081, 1.637877345085144, 1.5878067016601562, 1.5452793836593628, 1.507730484008789, 1.6561131477355957, 1.6239372491836548, 1.6659241914749146, 1.5401619672775269, 1.3036330938339233, 1.6680124998092651, 1.5503745079040527, 1.4946612119674683, 1.4708821773529053, 1.6207576990127563, 1.6507395505905151, 1.5594950914382935, 1.533097743988037, 1.5611923933029175, 1.4884529113769531, 1.5401172637939453, 1.5017359256744385, 1.6748274564743042, 1.4906065464019775, 1.5769180059432983, 1.4944535493850708]",sae,Pre-64
1,beta,24,0.044,0.4501416387440968,0.4383559369047743,0.4508957286106601,0.5,0.6188330126613704,0.6421999131082423,30,"[0, 1, 2, 3, 4, 5, 6, 7, 8, 9, 10, 11, 12, 13, 14, 15, 16, 17, 18, 19, 20, 21, 22, 23, 24, 25, 26, 27, 28, 29]","[1.5391358137130737, 1.4368648529052734, 1.465089201927185, 1.5475136041641235, 1.5502680540084839, 1.4537519216537476, 1.4681735038757324, 1.46394681930542, 1.5144989490509033, 1.4008592367172241, 1.5004090070724487, 1.4461052417755127, 1.545346975326538, 1.5315706729888916, 1.465752363204956, 1.4315249919891357, 1.553122878074646, 1.345942497253418, 1.4382638931274414, 1.5529884099960327, 1.5296635627746582, 1.5477513074874878, 1.4409794807434082, 1.5087021589279175, 1.4225002527236938, 1.3821067810058594, 1.499343991279602, 1.4181432723999023, 1.5560276508331299, 1.4553987979888916]",sae,Pre-64
1,beta,33,0.05,0.4492211383258522,0.4377959816952598,0.4332756731600928,0.5,0.6165210074526608,0.6934594770409968,30,"[0, 1, 2, 3, 4, 5, 6, 7, 8, 9, 10, 11, 12, 13, 14, 15, 16, 17, 18, 19, 20, 21, 22, 23, 24, 25, 26, 27, 28, 29]","[1.5472091436386108, 1.6094695329666138, 1.5547356605529785, 1.5225380659103394, 1.4670370817184448, 1.6297574043273926, 1.4683529138565063, 1.600169062614441, 1.59163236618042, 1.5999393463134766, 1.5377469062805176, 1.6168463230133057, 1.5733652114868164, 1.4659078121185303, 1.5216875076293945, 1.5833852291107178, 1.5035910606384277, 1.5010879039764404, 1.6150315999984741, 1.6197023391723633, 1.5242376327514648, 1.4506133794784546, 1.627073884010315, 1.5610533952713013, 1.6222717761993408, 1.528639316558838, 1.50007963180542, 1.46865975856781, 1.4426671266555786, 1.5054829120635986]",sae,Pre-64
1,beta,9,0.085,0.448644851968101,0.4348910401892977,0.4491975696380357,0.5,0.6286670530281078,0.6738901767603592,30,"[0, 1, 2, 3, 4, 5, 6, 7, 8, 9, 10, 11, 12, 13, 14, 15, 16, 17, 18, 19, 20, 21, 22, 23, 24, 25, 26, 27, 28, 29]","[1.5760715007781982, 1.4754178524017334, 1.576156735420227, 1.5478556156158447, 1.4658666849136353, 1.3069124221801758, 1.556706428527832, 1.4853569269180298, 1.5787776708602905, 1.4140597581863403, 1.5270036458969116, 1.4876410961151123, 1.4816375970840454, 1.521891474723816, 1.6000885963439941, 1.5016099214553833, 1.4665778875350952, 1.5559941530227661, 1.5867940187454224, 1.4454070329666138, 1.566788911819458, 1.5839353799819946, 1.456483006477356, 1.5725198984146118, 1.5705052614212036, 1.5634913444519043, 1.4119281768798828, 1.3898499011993408, 1.4621171951293945, 1.5943282842636108]",sae,Pre-64
1,beta,27,0.048,0.4609757262074365,0.4537266978541116,0.4613153396113857,0.5,0.5914172664146189,0.6603200886797203,30,"[0, 1, 2, 3, 4, 5, 6, 7, 8, 9, 10, 11, 12, 13, 14, 15, 16, 17, 18, 19, 20, 21, 22, 23, 24, 25, 26, 27, 28, 29]","[1.5404895544052124, 1.6134313344955444, 1.5418192148208618, 1.5260577201843262, 1.5944015979766846, 1.5026377439498901, 1.6045207977294922, 1.469541072845459, 1.5745290517807007, 1.5834896564483643, 1.4893172979354858, 1.6163350343704224, 1.529069185256958, 1.4889755249023438, 1.5281658172607422, 1.441572904586792, 1.5328692197799683, 1.5775821208953857, 1.5211745500564575, 1.5419371128082275, 1.6081247329711914, 1.5436174869537354, 1.4965198040008545, 1.4517604112625122, 1.514494776725769, 1.621650218963623, 1.5055679082870483, 1.556518793106079, 1.446757197380066, 1.5540930032730103]",sae,Pre-64
1,beta,24,0.062,0.4501416387440968,0.4383559369047743,0.4508380397943483,0.5,0.6188330126613704,0.642165777060576,30,"[0, 1, 2, 3, 4, 5, 6, 7, 8, 9, 10, 11, 12, 13, 14, 15, 16, 17, 18, 19, 20, 21, 22, 23, 24, 25, 26, 27, 28, 29]","[1.534478783607483, 1.4321410655975342, 1.460384726524353, 1.542847752571106, 1.5455881357192993, 1.4490611553192139, 1.4634549617767334, 1.4592597484588623, 1.509823203086853, 1.3962249755859375, 1.4957023859024048, 1.4414260387420654, 1.540697455406189, 1.5268927812576294, 1.4610611200332642, 1.4267915487289429, 1.5484535694122314, 1.3413211107254028, 1.4335674047470093, 1.5483105182647705, 1.524979829788208, 1.5430748462677002, 1.4362573623657227, 1.504019856452942, 1.4178146123886108, 1.3774257898330688, 1.4946571588516235, 1.4134470224380493, 1.551356315612793, 1.4506794214248657]",sae,Pre-64
1,beta,39,0.052,0.4461088087810431,0.4292341094433316,0.4413525709072805,0.5,0.6205127278095635,0.670352895806406,30,"[0, 1, 2, 3, 4, 5, 6, 7, 8, 9, 10, 11, 12, 13, 14, 15, 16, 17, 18, 19, 20, 21, 22, 23, 24, 25, 26, 27, 28, 29]","[1.5369482040405273, 1.6755090951919556, 1.6010358333587646, 1.6295307874679565, 1.5304417610168457, 1.5429425239562988, 1.5742404460906982, 1.5930068492889404, 1.5233334302902222, 1.6723144054412842, 1.5857640504837036, 1.5273828506469727, 1.6039789915084839, 1.5090974569320679, 1.6080360412597656, 1.665138602256775, 1.6678545475006104, 1.6422287225723267, 1.5366979837417603, 1.5443720817565918, 1.5057315826416016, 1.5738111734390259, 1.5893549919128418, 1.5923335552215576, 1.6280622482299805, 1.549685001373291, 1.4927077293395996, 1.5459120273590088, 1.6778173446655273, 1.5393892526626587]",sae,Pre-64
1,beta,42,0.066,0.4546678683050885,0.4407690563496341,0.4564907268478539,0.5,0.6336081445133979,0.6613147640352143,30,"[0, 1, 2, 3, 4, 5, 6, 7, 8, 9, 10, 11, 12, 13, 14, 15, 16, 17, 18, 19, 20, 21, 22, 23, 24, 25, 26, 27, 28, 29]","[1.6430206298828125, 1.5078895092010498, 1.652767539024353, 1.6479614973068237, 1.5900905132293701, 1.6322845220565796, 1.582238793373108, 1.5397014617919922, 1.5020467042922974, 1.6505024433135986, 1.6183148622512817, 1.6603113412857056, 1.53456449508667, 1.2979286909103394, 1.6624016761779785, 1.5447293519973755, 1.4890809059143066, 1.4652873277664185, 1.6151237487792969, 1.6452007293701172, 1.55391263961792, 1.5275146961212158, 1.5555959939956665, 1.4827431440353394, 1.5344809293746948, 1.4961334466934204, 1.6692372560501099, 1.4849532842636108, 1.571268916130066, 1.4887690544128418]",sae,Pre-64
1,beta,14,0.055,0.4467366851483266,0.4421697276018216,0.4397265960891248,0.5,0.5934222168898753,0.693878132545479,30,"[0, 1, 2, 3, 4, 5, 6, 7, 8, 9, 10, 11, 12, 13, 14, 15, 16, 17, 18, 19, 20, 21, 22, 23, 24, 25, 26, 27, 28, 29]","[1.5651901960372925, 1.468173623085022, 1.5872305631637573, 1.6234195232391357, 1.5912963151931763, 1.5930832624435425, 1.5327811241149902, 1.69773530960083, 1.5913459062576294, 1.6702406406402588, 1.5312798023223877, 1.5563114881515503, 1.5783226490020752, 1.6687119007110596, 1.621788501739502, 1.5947173833847046, 1.690118670463562, 1.6874010562896729, 1.6050403118133545, 1.5622442960739136, 1.5784505605697632, 1.6061816215515137, 1.6683104038238525, 1.5564122200012207, 1.6783506870269775, 1.6845844984054565, 1.633392095565796, 1.6869070529937744, 1.677619457244873, 1.588441014289856]",sae,Pre-64
1,beta,8,0.065,0.4517491928182039,0.4406431065890545,0.4395148170401654,0.5,0.6098144493254953,0.6783712852726668,30,"[0, 1, 2, 3, 4, 5, 6, 7, 8, 9, 10, 11, 12, 13, 14, 15, 16, 17, 18, 19, 20, 21, 22, 23, 24, 25, 26, 27, 28, 29]","[1.392629623413086, 1.5044455528259277, 1.4212150573730469, 1.4523204565048218, 1.5133497714996338, 1.448760986328125, 1.4972150325775146, 1.409419298171997, 1.455737590789795, 1.504922866821289, 1.5131398439407349, 1.4370076656341553, 1.4205275774002075, 1.4535746574401855, 1.4824355840682983, 1.3979886770248413, 1.4196486473083496, 1.455632209777832, 1.366178274154663, 1.4357178211212158, 1.4086495637893677, 1.38438880443573, 1.4878919124603271, 1.420337200164795, 1.4874249696731567, 1.4915101528167725, 1.3891619443893433, 1.4871509075164795, 1.4580435752868652, 1.4581423997879028]",sae,Pre-64
1,beta,24,0.052,0.4501416387440968,0.4383559369047743,0.4508700992285099,0.5,0.6188330126613704,0.6421968098311817,30,"[0, 1, 2, 3, 4, 5, 6, 7, 8, 9, 10, 11, 12, 13, 14, 15, 16, 17, 18, 19, 20, 21, 22, 23, 24, 25, 26, 27, 28, 29]","[1.5370659828186035, 1.4347652196884155, 1.4629977941513062, 1.5454397201538086, 1.5481873750686646, 1.4516665935516357, 1.4660758972167969, 1.4618632793426514, 1.5124198198318481, 1.3987994194030762, 1.4983166456222534, 1.4440255165100098, 1.543280005455017, 1.5294910669326782, 1.4636671543121338, 1.4294211864471436, 1.551047444343567, 1.343888521194458, 1.4361761808395386, 1.5509092807769775, 1.5275815725326538, 1.545672059059143, 1.438880205154419, 1.5066214799880981, 1.420417308807373, 1.38002610206604, 1.4972604513168335, 1.4160559177398682, 1.5539515018463135, 1.4533007144927979]",sae,Pre-64
1,beta,32,0.08,0.4555596844830426,0.4475674839123162,0.4708916852317423,0.5,0.5924839124839124,0.6331531531531531,30,"[0, 1, 2, 3, 4, 5, 6, 7, 8, 9, 10, 11, 12, 13, 14, 15, 16, 17, 18, 19, 20, 21, 22, 23, 24, 25, 26, 27, 28, 29]","[1.4917722940444946, 1.4133356809616089, 1.492635726928711, 1.4272065162658691, 1.4364705085754395, 1.501072883605957, 1.4323136806488037, 1.4126040935516357, 1.3892779350280762, 1.3982621431350708, 1.4136656522750854, 1.3883564472198486, 1.4318821430206299, 1.3514928817749023, 1.3403241634368896, 1.3453010320663452, 1.3723537921905518, 1.4359278678894043, 1.3824059963226318, 1.412406086921692, 1.4969834089279175, 1.4131706953048706, 1.3357950448989868, 1.4985965490341187, 1.427419662475586, 1.3582096099853516, 1.4743000268936157, 1.2942662239074707, 1.5028890371322632, 1.4957284927368164]",sae,Pre-64
1,beta,8,0.046,0.4517491928182039,0.4406431065890545,0.4395714664062715,0.5,0.6098144493254953,0.6783939220305173,30,"[0, 1, 2, 3, 4, 5, 6, 7, 8, 9, 10, 11, 12, 13, 14, 15, 16, 17, 18, 19, 20, 21, 22, 23, 24, 25, 26, 27, 28, 29]","[1.3967421054840088, 1.5085556507110596, 1.4253159761428833, 1.4564200639724731, 1.517483115196228, 1.452897071838379, 1.501333236694336, 1.4135738611221313, 1.4598702192306519, 1.509012222290039, 1.51726233959198, 1.4411566257476807, 1.4246596097946167, 1.4577254056930542, 1.4865645170211792, 1.4021419286727905, 1.42376708984375, 1.4597829580307007, 1.3702887296676636, 1.4398207664489746, 1.4127743244171143, 1.3884961605072021, 1.4920353889465332, 1.4244810342788696, 1.4915459156036377, 1.4956399202346802, 1.393307089805603, 1.491284728050232, 1.462190866470337, 1.4622358083724976]",sae,Pre-64
1,beta,17,0.0535,0.4599327030141671,0.4513468217402507,0.4478375472193631,0.5,0.6120635717004715,0.6979819179145075,30,"[0, 1, 2, 3, 4, 5, 6, 7, 8, 9, 10, 11, 12, 13, 14, 15, 16, 17, 18, 19, 20, 21, 22, 23, 24, 25, 26, 27, 28, 29]","[1.633269190788269, 1.5099310874938965, 1.5610291957855225, 1.544875144958496, 1.6662887334823608, 1.5365567207336426, 1.5982608795166016, 1.4293221235275269, 1.5468000173568726, 1.5785865783691406, 1.6219547986984253, 1.6350793838500977, 1.5596375465393066, 1.6451250314712524, 1.5573729276657104, 1.5391359329223633, 1.6235005855560303, 1.5700751543045044, 1.6173797845840454, 1.5859800577163696, 1.5192487239837646, 1.585832118988037, 1.4296504259109497, 1.5542364120483398, 1.586167335510254, 1.5696898698806763, 1.5233365297317505, 1.5679547786712646, 1.5454984903335571, 1.6101726293563843]",sae,Pre-64
1,beta,9,0.074,0.448644851968101,0.4348910401892977,0.4492447555312298,0.5,0.6286670530281078,0.6739046653144016,30,"[0, 1, 2, 3, 4, 5, 6, 7, 8, 9, 10, 11, 12, 13, 14, 15, 16, 17, 18, 19, 20, 21, 22, 23, 24, 25, 26, 27, 28, 29]","[1.5793466567993164, 1.4786996841430664, 1.579447627067566, 1.5511624813079834, 1.4691784381866455, 1.3102450370788574, 1.559997797012329, 1.4886291027069092, 1.5820460319519043, 1.4173392057418823, 1.5303269624710083, 1.490953803062439, 1.4849132299423218, 1.525206446647644, 1.603371262550354, 1.5049097537994385, 1.469862937927246, 1.5592924356460571, 1.5900720357894897, 1.4487208127975464, 1.5700719356536865, 1.587216854095459, 1.4597843885421753, 1.575801968574524, 1.5738071203231812, 1.5667802095413208, 1.415229082107544, 1.3930867910385132, 1.4654524326324463, 1.5976002216339111]",sae,Pre-64
1,beta,20,0.076,0.4408022875601419,0.4262939306313442,0.4359245544480321,0.5,0.6176087118064704,0.6504755824872154,30,"[0, 1, 2, 3, 4, 5, 6, 7, 8, 9, 10, 11, 12, 13, 14, 15, 16, 17, 18, 19, 20, 21, 22, 23, 24, 25, 26, 27, 28, 29]","[1.4359978437423706, 1.5067460536956787, 1.444085717201233, 1.5507540702819824, 1.4985170364379883, 1.5166871547698975, 1.5133415460586548, 1.434157133102417, 1.4802870750427246, 1.4389255046844482, 1.4521654844284058, 1.4448658227920532, 1.5628517866134644, 1.394927740097046, 1.4506723880767822, 1.5497350692749023, 1.4410048723220825, 1.4126003980636597, 1.4812791347503662, 1.4805915355682373, 1.4747103452682495, 1.3819078207015991, 1.5003070831298828, 1.5548814535140991, 1.5195420980453491, 1.4066717624664307, 1.4504884481430054, 1.492658257484436, 1.405186653137207, 1.5536396503448486]",sae,Pre-64
1,beta,10,0.082,0.4493907433353129,0.4390813823454372,0.4434370569411061,0.5,0.6232207829487961,0.6770045570346981,30,"[0, 1, 2, 3, 4, 5, 6, 7, 8, 9, 10, 11, 12, 13, 14, 15, 16, 17, 18, 19, 20, 21, 22, 23, 24, 25, 26, 27, 28, 29]","[1.4276082515716553, 1.338794231414795, 1.5061153173446655, 1.4246623516082764, 1.4205043315887451, 1.4293819665908813, 1.5175280570983887, 1.4441453218460083, 1.3313984870910645, 1.481237769126892, 1.4328489303588867, 1.4567136764526367, 1.456193447113037, 1.4314903020858765, 1.4936771392822266, 1.4519755840301514, 1.4612314701080322, 1.3709038496017456, 1.4269758462905884, 1.3864957094192505, 1.406652569770813, 1.4373756647109985, 1.498119831085205, 1.5000183582305908, 1.4376499652862549, 1.3724955320358276, 1.4338010549545288, 1.4344810247421265, 1.4327282905578613, 1.4877541065216064]",sae,Pre-64
1,beta,5,0.05,0.4445517550333296,0.4301735816232515,0.4347947130643351,0.5,0.6070910659257547,0.6821709181600546,30,"[0, 1, 2, 3, 4, 5, 6, 7, 8, 9, 10, 11, 12, 13, 14, 15, 16, 17, 18, 19, 20, 21, 22, 23, 24, 25, 26, 27, 28, 29]","[1.5661104917526245, 1.4353724718093872, 1.4319703578948975, 1.5765862464904785, 1.5706052780151367, 1.522788405418396, 1.5005989074707031, 1.4687128067016602, 1.5324523448944092, 1.4347108602523804, 1.5456137657165527, 1.5742850303649902, 1.514007568359375, 1.4921778440475464, 1.5762375593185425, 1.543323278427124, 1.5404760837554932, 1.5686354637145996, 1.4310697317123413, 1.5019034147262573, 1.5830155611038208, 1.5052000284194946, 1.5956156253814697, 1.4447036981582642, 1.517685890197754, 1.586255431175232, 1.4374542236328125, 1.5068999528884888, 1.551552653312683, 1.520462155342102]",sae,Pre-64
1,beta,47,0.05,0.4460371044958436,0.4257646434940195,0.4092474724243539,0.5,0.6434257056516428,0.7340882787886581,30,"[0, 1, 2, 3, 4, 5, 6, 7, 8, 9, 10, 11, 12, 13, 14, 15, 16, 17, 18, 19, 20, 21, 22, 23, 24, 25, 26, 27, 28, 29]","[1.7404186725616455, 1.5628457069396973, 1.561391830444336, 1.5679196119308472, 1.677201271057129, 1.7062528133392334, 1.6438701152801514, 1.7210519313812256, 1.6844072341918945, 1.5767674446105957, 1.598524570465088, 1.549576997756958, 1.5756852626800537, 1.738165020942688, 1.5552171468734741, 1.7070677280426025, 1.6026867628097534, 1.680220365524292, 1.5188769102096558, 1.5472354888916016, 1.5905686616897583, 1.6533948183059692, 1.7214986085891724, 1.5634874105453491, 1.6516757011413574, 1.548087477684021, 1.4841707944869995, 1.7035789489746094, 1.5199114084243774, 1.6183685064315796]",sae,Pre-64
1,beta,45,0.0535,0.4515599815008028,0.4347157609968581,0.4496645001274882,0.5,0.6289673345145609,0.677717202005058,30,"[0, 1, 2, 3, 4, 5, 6, 7, 8, 9, 10, 11, 12, 13, 14, 15, 16, 17, 18, 19, 20, 21, 22, 23, 24, 25, 26, 27, 28, 29]","[1.6177362203598022, 1.6094167232513428, 1.4952733516693115, 1.6840842962265015, 1.686315655708313, 1.5385096073150635, 1.6949141025543213, 1.6736061573028564, 1.545678973197937, 1.4994221925735474, 1.6200779676437378, 1.6926743984222412, 1.6535714864730835, 1.5665202140808105, 1.5807886123657227, 1.5940347909927368, 1.6090165376663208, 1.5008525848388672, 1.6008663177490234, 1.5977094173431396, 1.6536240577697754, 1.5411055088043213, 1.6693295240402222, 1.5442010164260864, 1.500343680381775, 1.6891496181488037, 1.5358980894088745, 1.5481367111206055, 1.4891895055770874, 1.6912561655044556]",sae,Pre-64
1,beta,31,0.0535,0.4497611378811508,0.4308970333737342,0.4337317960090718,0.5,0.642735734520437,0.7099656009712667,30,"[0, 1, 2, 3, 4, 5, 6, 7, 8, 9, 10, 11, 12, 13, 14, 15, 16, 17, 18, 19, 20, 21, 22, 23, 24, 25, 26, 27, 28, 29]","[1.568329095840454, 1.529241919517517, 1.4456266164779663, 1.4696964025497437, 1.520097017288208, 1.6068122386932373, 1.483028769493103, 1.5400850772857666, 1.4900025129318237, 1.5587210655212402, 1.5104615688323975, 1.5386183261871338, 1.5732439756393433, 1.4088175296783447, 1.5729576349258423, 1.5092558860778809, 1.5330218076705933, 1.5326039791107178, 1.546520471572876, 1.5015474557876587, 1.5905606746673584, 1.5324116945266724, 1.5856239795684814, 1.5373766422271729, 1.526750922203064, 1.553382158279419, 1.4460054636001587, 1.5990381240844727, 1.442577600479126, 1.5394253730773926]",sae,Pre-64
1,beta,13,0.048,0.4619123366083722,0.4531466051409948,0.4417423555309632,0.5,0.6127276801885291,0.7102170141213514,30,"[0, 1, 2, 3, 4, 5, 6, 7, 8, 9, 10, 11, 12, 13, 14, 15, 16, 17, 18, 19, 20, 21, 22, 23, 24, 25, 26, 27, 28, 29]","[1.6078603267669678, 1.4376229047775269, 1.5924698114395142, 1.5140060186386108, 1.4950580596923828, 1.6013070344924927, 1.5345244407653809, 1.5234782695770264, 1.5572149753570557, 1.526275873184204, 1.6013696193695068, 1.5060681104660034, 1.568688988685608, 1.5600844621658325, 1.5825697183609009, 1.4704837799072266, 1.4921880960464478, 1.5606082677841187, 1.5441093444824219, 1.5398410558700562, 1.5154087543487549, 1.4556068181991577, 1.5100208520889282, 1.4798067808151245, 1.5111708641052246, 1.453063726425171, 1.523453950881958, 1.462798833847046, 1.5535541772842407, 1.5175490379333496]",sae,Pre-64
1,beta,43,0.075,0.4515364523902173,0.4432102910589974,0.4420272543528695,0.5,0.6060785767234989,0.699405485544848,30,"[0, 1, 2, 3, 4, 5, 6, 7, 8, 9, 10, 11, 12, 13, 14, 15, 16, 17, 18, 19, 20, 21, 22, 23, 24, 25, 26, 27, 28, 29]","[1.5179178714752197, 1.5911579132080078, 1.567128300666809, 1.464368462562561, 1.4993821382522583, 1.4385662078857422, 1.4693794250488281, 1.4562461376190186, 1.556217074394226, 1.4458707571029663, 1.4114890098571777, 1.601665735244751, 1.530382752418518, 1.4728679656982422, 1.4726792573928833, 1.3603659868240356, 1.5583446025848389, 1.4564038515090942, 1.5531188249588013, 1.549035668373108, 1.4515905380249023, 1.464764952659607, 1.5899986028671265, 1.5225013494491577, 1.4454004764556885, 1.5262798070907593, 1.5926929712295532, 1.456031084060669, 1.5518274307250977, 1.6022520065307617]",sae,Pre-64
1,beta,14,0.066,0.4467366851483266,0.4421697276018216,0.4362483341819198,0.5,0.5934222168898753,0.696136714707779,30,"[0, 1, 2, 3, 4, 5, 6, 7, 8, 9, 10, 11, 12, 13, 14, 15, 16, 17, 18, 19, 20, 21, 22, 23, 24, 25, 26, 27, 28, 29]","[1.4938030242919922, 1.3830469846725464, 1.4864510297775269, 1.5104247331619263, 1.5133094787597656, 1.4889839887619019, 1.4509259462356567, 1.582170844078064, 1.4901690483093262, 1.5605390071868896, 1.44058358669281, 1.4212133884429932, 1.45429527759552, 1.562007188796997, 1.5323601961135864, 1.4950172901153564, 1.579998254776001, 1.5760116577148438, 1.4920825958251953, 1.4754605293273926, 1.492923617362976, 1.503252387046814, 1.5664513111114502, 1.4562149047851562, 1.567725658416748, 1.5698285102844238, 1.5154716968536377, 1.5800907611846924, 1.567763090133667, 1.4684017896652222]",sae,Pre-64
1,beta,37,0.085,0.4546908257221888,0.444978337644671,0.4310140593187259,0.5,0.6058579085235571,0.718782064436692,30,"[0, 1, 2, 3, 4, 5, 6, 7, 8, 9, 10, 11, 12, 13, 14, 15, 16, 17, 18, 19, 20, 21, 22, 23, 24, 25, 26, 27, 28, 29]","[1.3596711158752441, 1.4282389879226685, 1.404539704322815, 1.3792742490768433, 1.3220574855804443, 1.432753324508667, 1.3771350383758545, 1.4641872644424438, 1.5070676803588867, 1.430676817893982, 1.4004267454147339, 1.4035857915878296, 1.4381916522979736, 1.4138431549072266, 1.4702332019805908, 1.417689561843872, 1.3962292671203613, 1.4547237157821655, 1.4108127355575562, 1.4156808853149414, 1.433255672454834, 1.4404733180999756, 1.4726718664169312, 1.451470136642456, 1.4187105894088745, 1.460069179534912, 1.4139537811279297, 1.4377802610397339, 1.4536031484603882, 1.4699361324310303]",sae,Pre-64
1,beta,48,0.068,0.4556814132376,0.4510566266980289,0.4890525524358674,0.5,0.5923878577171784,0.5941870604622719,30,"[0, 1, 2, 3, 4, 5, 6, 7, 8, 9, 10, 11, 12, 13, 14, 15, 16, 17, 18, 19, 20, 21, 22, 23, 24, 25, 26, 27, 28, 29]","[1.6368874311447144, 1.5726255178451538, 1.5546118021011353, 1.5365488529205322, 1.5244359970092773, 1.4556814432144165, 1.5607554912567139, 1.5069890022277832, 1.522152304649353, 1.5095117092132568, 1.5932689905166626, 1.5274370908737183, 1.5635218620300293, 1.529304027557373, 1.4853739738464355, 1.5663083791732788, 1.6153485774993896, 1.5803784132003784, 1.6004325151443481, 1.4666931629180908, 1.5193428993225098, 1.6243990659713745, 1.628190517425537, 1.4549123048782349, 1.5257798433303833, 1.6012932062149048, 1.6075685024261475, 1.6289520263671875, 1.5192383527755737, 1.5608271360397339]",sae,Pre-64
1,beta,1,0.055,0.4560357198099471,0.4497423189216591,0.4517938694333655,0.5,0.5964054457666336,0.6824812886622279,30,"[0, 1, 2, 3, 4, 5, 6, 7, 8, 9, 10, 11, 12, 13, 14, 15, 16, 17, 18, 19, 20, 21, 22, 23, 24, 25, 26, 27, 28, 29]","[1.6350507736206055, 1.4919393062591553, 1.5790644884109497, 1.4509978294372559, 1.5807775259017944, 1.4493677616119385, 1.4914597272872925, 1.5333133935928345, 1.4243513345718384, 1.502055287361145, 1.5102031230926514, 1.5585200786590576, 1.618388295173645, 1.4745590686798096, 1.6118627786636353, 1.472193717956543, 1.4606467485427856, 1.521918535232544, 1.589938998222351, 1.6181635856628418, 1.615654468536377, 1.5381808280944824, 1.538605809211731, 1.4927310943603516, 1.4468110799789429, 1.4848860502243042, 1.5336849689483643, 1.52437424659729, 1.6167538166046143, 1.5482701063156128]",sae,Pre-64
1,beta,49,0.076,0.462130925118617,0.4524487678230295,0.4490506064818326,0.5,0.6141152509743157,0.6833943747945721,30,"[0, 1, 2, 3, 4, 5, 6, 7, 8, 9, 10, 11, 12, 13, 14, 15, 16, 17, 18, 19, 20, 21, 22, 23, 24, 25, 26, 27, 28, 29]","[1.3352108001708984, 1.386394739151001, 1.3839149475097656, 1.3687939643859863, 1.31545889377594, 1.3473730087280273, 1.4250566959381104, 1.3292807340621948, 1.4542505741119385, 1.4027693271636963, 1.3541374206542969, 1.3345390558242798, 1.4014201164245605, 1.3914859294891357, 1.4327468872070312, 1.3788211345672607, 1.4709789752960205, 1.4566518068313599, 1.3201662302017212, 1.403624176979065, 1.4464616775512695, 1.357265830039978, 1.4529532194137573, 1.3869304656982422, 1.3493714332580566, 1.393033504486084, 1.3891161680221558, 1.3496952056884766, 1.2838225364685059, 1.3501577377319336]",sae,Pre-64
1,beta,36,0.054,0.4642138821845151,0.4576483090311837,0.4620855549391143,0.5,0.6031055233182893,0.6742525891462062,30,"[0, 1, 2, 3, 4, 5, 6, 7, 8, 9, 10, 11, 12, 13, 14, 15, 16, 17, 18, 19, 20, 21, 22, 23, 24, 25, 26, 27, 28, 29]","[1.5247323513031006, 1.5160516500473022, 1.4361008405685425, 1.5172489881515503, 1.3946326971054077, 1.5456795692443848, 1.4430921077728271, 1.4875273704528809, 1.557939887046814, 1.4107294082641602, 1.4450442790985107, 1.5468330383300781, 1.4363421201705933, 1.4720388650894165, 1.482487678527832, 1.5600606203079224, 1.5123341083526611, 1.4960640668869019, 1.5548748970031738, 1.4288533926010132, 1.4707852602005005, 1.4608826637268066, 1.4663379192352295, 1.44280207157135, 1.539900541305542, 1.5206279754638672, 1.4521464109420776, 1.5024482011795044, 1.537543535232544, 1.4311728477478027]",sae,Pre-64
1,beta,19,0.05,0.4469965829377276,0.435497383761294,0.4169418518989813,0.5,0.6104665954706788,0.7140716776078149,30,"[0, 1, 2, 3, 4, 5, 6, 7, 8, 9, 10, 11, 12, 13, 14, 15, 16, 17, 18, 19, 20, 21, 22, 23, 24, 25, 26, 27, 28, 29]","[1.526741623878479, 1.5473816394805908, 1.6241388320922852, 1.5552444458007812, 1.5027973651885986, 1.514773964881897, 1.5410449504852295, 1.6221697330474854, 1.4966334104537964, 1.6407909393310547, 1.6652576923370361, 1.6716355085372925, 1.5468469858169556, 1.529434084892273, 1.4838206768035889, 1.502758264541626, 1.6315277814865112, 1.655943512916565, 1.488691806793213, 1.5016552209854126, 1.6796430349349976, 1.525042176246643, 1.5437923669815063, 1.504380464553833, 1.4934167861938477, 1.645093321800232, 1.647436499595642, 1.5473041534423828, 1.5326052904129028, 1.4903969764709473]",sae,Pre-64
1,beta,5,0.08,0.4445517550333296,0.4301735816232515,0.4290051851659477,0.5,0.6070910659257547,0.6831835257496108,30,"[0, 1, 2, 3, 4, 5, 6, 7, 8, 9, 10, 11, 12, 13, 14, 15, 16, 17, 18, 19, 20, 21, 22, 23, 24, 25, 26, 27, 28, 29]","[1.3847718238830566, 1.2803359031677246, 1.2819823026657104, 1.4002366065979004, 1.399616003036499, 1.332455039024353, 1.3291889429092407, 1.3104580640792847, 1.3706778287887573, 1.2919602394104004, 1.380784034729004, 1.4017860889434814, 1.3309916257858276, 1.335275411605835, 1.4117003679275513, 1.3591943979263306, 1.3647356033325195, 1.3915624618530273, 1.2711602449417114, 1.3380781412124634, 1.4142061471939087, 1.3418285846710205, 1.4103893041610718, 1.2925945520401, 1.3377337455749512, 1.4145278930664062, 1.2831615209579468, 1.3156769275665283, 1.3911511898040771, 1.339390516281128]",sae,Pre-64
1,beta,32,0.072,0.4555596844830426,0.4475674839123162,0.4709108298026653,0.5,0.5924839124839124,0.633148740577312,30,"[0, 1, 2, 3, 4, 5, 6, 7, 8, 9, 10, 11, 12, 13, 14, 15, 16, 17, 18, 19, 20, 21, 22, 23, 24, 25, 26, 27, 28, 29]","[1.4926170110702515, 1.4141767024993896, 1.4934800863265991, 1.4280537366867065, 1.4373135566711426, 1.5019197463989258, 1.4331597089767456, 1.4134461879730225, 1.3901304006576538, 1.399112582206726, 1.4145128726959229, 1.3892055749893188, 1.4327269792556763, 1.3523386716842651, 1.3411706686019897, 1.346151351928711, 1.373206377029419, 1.4367731809616089, 1.3832515478134155, 1.4132531881332397, 1.4978280067443848, 1.414016842842102, 1.3366515636444092, 1.4994410276412964, 1.4282665252685547, 1.3590558767318726, 1.4751473665237427, 1.2951092720031738, 1.5037320852279663, 1.4965723752975464]",sae,Pre-64
1,beta,16,0.084,0.4519396108125126,0.4401978349795346,0.4306567790481665,0.5,0.6159012314439947,0.7167588442259494,30,"[0, 1, 2, 3, 4, 5, 6, 7, 8, 9, 10, 11, 12, 13, 14, 15, 16, 17, 18, 19, 20, 21, 22, 23, 24, 25, 26, 27, 28, 29]","[1.2742282152175903, 1.2373610734939575, 1.242431879043579, 1.3212847709655762, 1.3137370347976685, 1.2563366889953613, 1.3195549249649048, 1.295881986618042, 1.2668579816818237, 1.3216007947921753, 1.3220317363739014, 1.3055046796798706, 1.2615159749984741, 1.2825312614440918, 1.2008827924728394, 1.2509074211120605, 1.3305509090423584, 1.1570707559585571, 1.2682009935379028, 1.303032636642456, 1.3513882160186768, 1.3190438747406006, 1.3247178792953491, 1.31528902053833, 1.2050180435180664, 1.2938413619995117, 1.215664267539978, 1.270214319229126, 1.2265559434890747, 1.2502899169921875]",sae,Pre-64
1,beta,41,0.058,0.4543678569363413,0.4427951465832617,0.4546996740959582,0.5,0.6190905384235713,0.6763979198409122,30,"[0, 1, 2, 3, 4, 5, 6, 7, 8, 9, 10, 11, 12, 13, 14, 15, 16, 17, 18, 19, 20, 21, 22, 23, 24, 25, 26, 27, 28, 29]","[1.4716378450393677, 1.5643705129623413, 1.5052967071533203, 1.4277423620224, 1.440205454826355, 1.6083751916885376, 1.4639817476272583, 1.5274909734725952, 1.4956661462783813, 1.591772437095642, 1.5838093757629395, 1.5209766626358032, 1.5240615606307983, 1.5921703577041626, 1.5921143293380737, 1.5071749687194824, 1.5038374662399292, 1.5408519506454468, 1.578153371810913, 1.5409494638442993, 1.452645182609558, 1.5050017833709717, 1.5092849731445312, 1.529136300086975, 1.5042216777801514, 1.4856511354446411, 1.5642378330230713, 1.577083706855774, 1.535118579864502, 1.4564076662063599]",sae,Pre-64
1,beta,29,0.055,0.4558655961502112,0.4409050416793991,0.4581660015810934,0.5,0.6296548282533407,0.6730152212453038,30,"[0, 1, 2, 3, 4, 5, 6, 7, 8, 9, 10, 11, 12, 13, 14, 15, 16, 17, 18, 19, 20, 21, 22, 23, 24, 25, 26, 27, 28, 29]","[1.56090247631073, 1.5738928318023682, 1.2958259582519531, 1.6750575304031372, 1.6055068969726562, 1.546889305114746, 1.7015833854675293, 1.519844651222229, 1.629356026649475, 1.6695945262908936, 1.577613353729248, 1.6404728889465332, 1.6612966060638428, 1.5821021795272827, 1.6299198865890503, 1.5818641185760498, 1.6047343015670776, 1.606729507446289, 1.5612547397613525, 1.5849575996398926, 1.6829462051391602, 1.714832067489624, 1.57738196849823, 1.5807068347930908, 1.626038670539856, 1.4872833490371704, 1.5666507482528687, 1.6919293403625488, 1.7231767177581787, 1.5431982278823853]",sae,Pre-64
1,beta,27,0.078,0.4609757262074365,0.4537266978541116,0.4611782156643932,0.5,0.5914172664146189,0.6603558466313947,30,"[0, 1, 2, 3, 4, 5, 6, 7, 8, 9, 10, 11, 12, 13, 14, 15, 16, 17, 18, 19, 20, 21, 22, 23, 24, 25, 26, 27, 28, 29]","[1.5302091836929321, 1.6032620668411255, 1.531596064567566, 1.5157783031463623, 1.584241271018982, 1.4923983812332153, 1.5942927598953247, 1.4593212604522705, 1.5643987655639648, 1.5734161138534546, 1.4791195392608643, 1.606168508529663, 1.5188558101654053, 1.478751540184021, 1.517968773841858, 1.4312604665756226, 1.5226761102676392, 1.5674197673797607, 1.5109033584594727, 1.5317379236221313, 1.5979539155960083, 1.5333653688430786, 1.486269474029541, 1.4415701627731323, 1.5042260885238647, 1.611525297164917, 1.4952996969223022, 1.5462703704833984, 1.4364274740219116, 1.5438827276229858]",sae,Pre-64
1,beta,3,0.045,0.4557259332451328,0.444824285747971,0.4736575719909682,0.5,0.6042731979176,0.652491566627258,30,"[0, 1, 2, 3, 4, 5, 6, 7, 8, 9, 10, 11, 12, 13, 14, 15, 16, 17, 18, 19, 20, 21, 22, 23, 24, 25, 26, 27, 28, 29]","[1.6589328050613403, 1.6637564897537231, 1.6559529304504395, 1.699785828590393, 1.6661076545715332, 1.7499544620513916, 1.6485463380813599, 1.7461798191070557, 1.4899605512619019, 1.7393757104873657, 1.6276401281356812, 1.7567998170852661, 1.6672464609146118, 1.7069158554077148, 1.748072862625122, 1.6649731397628784, 1.633431077003479, 1.7094900608062744, 1.6807727813720703, 1.630142092704773, 1.562211275100708, 1.619796633720398, 1.6367934942245483, 1.7530823945999146, 1.738588571548462, 1.6612330675125122, 1.6446268558502197, 1.6626343727111816, 1.7408835887908936, 1.6646342277526855]",sae,Pre-64
1,beta,11,0.052,0.4566976193509867,0.4496008864727478,0.4389399944735887,0.5,0.5995106990682213,0.7108442196937772,30,"[0, 1, 2, 3, 4, 5, 6, 7, 8, 9, 10, 11, 12, 13, 14, 15, 16, 17, 18, 19, 20, 21, 22, 23, 24, 25, 26, 27, 28, 29]","[1.5830702781677246, 1.4050962924957275, 1.5268152952194214, 1.4645767211914062, 1.6127551794052124, 1.4694023132324219, 1.4867815971374512, 1.3411986827850342, 1.5968984365463257, 1.6025508642196655, 1.603545904159546, 1.6284369230270386, 1.6417971849441528, 1.5009512901306152, 1.4857828617095947, 1.5019737482070923, 1.5571256875991821, 1.4687904119491577, 1.4936811923980713, 1.5720347166061401, 1.5242750644683838, 1.5587486028671265, 1.6160733699798584, 1.5391114950180054, 1.5171425342559814, 1.5839319229125977, 1.6159322261810303, 1.461795687675476, 1.511795997619629, 1.4812496900558472]",sae,Pre-64
1,beta,42,0.048,0.4546678683050885,0.4407690563496341,0.4566337617565592,0.5,0.6336081445133979,0.6612651537018329,30,"[0, 1, 2, 3, 4, 5, 6, 7, 8, 9, 10, 11, 12, 13, 14, 15, 16, 17, 18, 19, 20, 21, 22, 23, 24, 25, 26, 27, 28, 29]","[1.6522314548492432, 1.5170493125915527, 1.6619322299957275, 1.6571458578109741, 1.5992152690887451, 1.641437292098999, 1.5913505554199219, 1.5488300323486328, 1.5113500356674194, 1.659684419631958, 1.6275172233581543, 1.669497013092041, 1.5437251329421997, 1.3072640895843506, 1.671585202217102, 1.553968906402588, 1.4982136487960815, 1.4744430780410767, 1.6243441104888916, 1.6542657613754272, 1.5630483627319336, 1.5366523265838623, 1.564754843711853, 1.4920881986618042, 1.5437051057815552, 1.5053013563156128, 1.678385615348816, 1.4942055940628052, 1.5805144309997559, 1.4980710744857788]",sae,Pre-64
1,beta,19,0.042,0.4469965829377276,0.435497383761294,0.4197443209690527,0.5,0.6104665954706788,0.7148663504727204,30,"[0, 1, 2, 3, 4, 5, 6, 7, 8, 9, 10, 11, 12, 13, 14, 15, 16, 17, 18, 19, 20, 21, 22, 23, 24, 25, 26, 27, 28, 29]","[1.6868419647216797, 1.7250514030456543, 1.7860835790634155, 1.6910369396209717, 1.6858373880386353, 1.716980218887329, 1.7080938816070557, 1.7771490812301636, 1.653719425201416, 1.8162094354629517, 1.8597586154937744, 1.8458404541015625, 1.7258871793746948, 1.6689348220825195, 1.6542068719863892, 1.6798802614212036, 1.8135342597961426, 1.8293732404708862, 1.6363282203674316, 1.6358956098556519, 1.8438419103622437, 1.6948261260986328, 1.7163972854614258, 1.6379804611206055, 1.6240450143814087, 1.82774817943573, 1.835336446762085, 1.7256771326065063, 1.7222909927368164, 1.6652659177780151]",sae,Pre-64
1,beta,48,0.056,0.4556814132376,0.4510566266980289,0.4931393154469317,0.5,0.5923878577171784,0.5935712829688685,30,"[0, 1, 2, 3, 4, 5, 6, 7, 8, 9, 10, 11, 12, 13, 14, 15, 16, 17, 18, 19, 20, 21, 22, 23, 24, 25, 26, 27, 28, 29]","[1.7227439880371094, 1.6550401449203491, 1.6216422319412231, 1.6010102033615112, 1.6070735454559326, 1.5298559665679932, 1.6299476623535156, 1.600495457649231, 1.6035524606704712, 1.580115556716919, 1.674996256828308, 1.6054108142852783, 1.6559133529663086, 1.6019529104232788, 1.570603370666504, 1.6298223733901978, 1.709631323814392, 1.668899416923523, 1.6835492849349976, 1.5714665651321411, 1.5949835777282715, 1.71674644947052, 1.7257767915725708, 1.5611940622329712, 1.6039001941680908, 1.6926379203796387, 1.691422939300537, 1.7281482219696045, 1.5814080238342285, 1.6423383951187134]",sae,Pre-64
1,beta,8,0.054,0.4517491928182039,0.4406431065890545,0.4395476345584416,0.5,0.6098144493254953,0.6783910924357858,30,"[0, 1, 2, 3, 4, 5, 6, 7, 8, 9, 10, 11, 12, 13, 14, 15, 16, 17, 18, 19, 20, 21, 22, 23, 24, 25, 26, 27, 28, 29]","[1.3950103521347046, 1.50682532787323, 1.4235889911651611, 1.4546936750411987, 1.515742301940918, 1.4511561393737793, 1.4995992183685303, 1.4118248224258423, 1.4581302404403687, 1.5072904825210571, 1.515526294708252, 1.439409613609314, 1.422919511795044, 1.4559777975082397, 1.4848252534866333, 1.4003932476043701, 1.4220328330993652, 1.458034634590149, 1.3685576915740967, 1.438092827796936, 1.4110370874404907, 1.3867658376693726, 1.4902912378311157, 1.4227362871170044, 1.489810585975647, 1.4939013719558716, 1.39156174659729, 1.489544153213501, 1.4604445695877075, 1.4605120420455933]",sae,Pre-64
1,beta,26,0.07,0.4502231978181314,0.4442488029476733,0.4597445260313739,0.5,0.5832450787939482,0.646727787551014,30,"[0, 1, 2, 3, 4, 5, 6, 7, 8, 9, 10, 11, 12, 13, 14, 15, 16, 17, 18, 19, 20, 21, 22, 23, 24, 25, 26, 27, 28, 29]","[1.426223874092102, 1.4374903440475464, 1.6000126600265503, 1.3921689987182617, 1.4630701541900635, 1.5051779747009277, 1.491444706916809, 1.3900837898254395, 1.4940240383148193, 1.4607599973678589, 1.3765841722488403, 1.6021801233291626, 1.5377496480941772, 1.47610604763031, 1.5514466762542725, 1.4376254081726074, 1.4831583499908447, 1.3688517808914185, 1.5130945444107056, 1.4633591175079346, 1.4229586124420166, 1.5769585371017456, 1.4647396802902222, 1.5055384635925293, 1.5830296277999878, 1.5741221904754639, 1.4321680068969727, 1.4878947734832764, 1.3005099296569824, 1.4234583377838135]",sae,Pre-64
1,beta,36,0.065,0.4642138821845151,0.4576483090311837,0.4620406479407027,0.5,0.6031055233182893,0.6742598497917647,30,"[0, 1, 2, 3, 4, 5, 6, 7, 8, 9, 10, 11, 12, 13, 14, 15, 16, 17, 18, 19, 20, 21, 22, 23, 24, 25, 26, 27, 28, 29]","[1.5216164588928223, 1.5129709243774414, 1.4329801797866821, 1.5141324996948242, 1.3915233612060547, 1.5425728559494019, 1.439962387084961, 1.4844162464141846, 1.5548298358917236, 1.4076042175292969, 1.44191312789917, 1.5437103509902954, 1.4331985712051392, 1.4689135551452637, 1.479378581047058, 1.5569502115249634, 1.509207844734192, 1.4929507970809937, 1.5517722368240356, 1.425714373588562, 1.4676584005355835, 1.4577504396438599, 1.4632073640823364, 1.4396966695785522, 1.5367828607559204, 1.5175285339355469, 1.4489848613739014, 1.4993391036987305, 1.5344347953796387, 1.4280520677566528]",sae,Pre-64
1,beta,38,0.074,0.4455661720406026,0.4298851252298221,0.4399948003039033,0.5,0.6303640517897944,0.660950495049505,30,"[0, 1, 2, 3, 4, 5, 6, 7, 8, 9, 10, 11, 12, 13, 14, 15, 16, 17, 18, 19, 20, 21, 22, 23, 24, 25, 26, 27, 28, 29]","[1.4281179904937744, 1.4145234823226929, 1.433875322341919, 1.4897021055221558, 1.4410088062286377, 1.3190842866897583, 1.4993878602981567, 1.4468625783920288, 1.3233450651168823, 1.4493452310562134, 1.4320379495620728, 1.470797061920166, 1.4714754819869995, 1.4386365413665771, 1.4892940521240234, 1.4194146394729614, 1.4105416536331177, 1.5051569938659668, 1.3999794721603394, 1.4536471366882324, 1.430435299873352, 1.433624505996704, 1.4978286027908325, 1.3845512866973877, 1.4288017749786377, 1.4952093362808228, 1.3809840679168701, 1.496083378791809, 1.420474648475647, 1.5069036483764648]",sae,Pre-64
1,beta,3,0.0535,0.4557259332451328,0.444824285747971,0.4644616744631741,0.5,0.6042731979176,0.6522632079480383,30,"[0, 1, 2, 3, 4, 5, 6, 7, 8, 9, 10, 11, 12, 13, 14, 15, 16, 17, 18, 19, 20, 21, 22, 23, 24, 25, 26, 27, 28, 29]","[1.4023211002349854, 1.429222822189331, 1.4138884544372559, 1.3718279600143433, 1.4072847366333008, 1.44390070438385, 1.3998557329177856, 1.4474575519561768, 1.202805757522583, 1.472395658493042, 1.3641910552978516, 1.470458745956421, 1.4060083627700806, 1.3819470405578613, 1.4813013076782227, 1.4008989334106445, 1.4066163301467896, 1.4320577383041382, 1.3660123348236084, 1.368902325630188, 1.3143247365951538, 1.3803459405899048, 1.377070665359497, 1.491936445236206, 1.4626922607421875, 1.3917731046676636, 1.3948677778244019, 1.388400673866272, 1.4572865962982178, 1.3944613933563232]",sae,Pre-64
1,beta,20,0.068,0.4408022875601419,0.4262939306313442,0.435940004840614,0.5,0.6176087118064704,0.6504772713454795,30,"[0, 1, 2, 3, 4, 5, 6, 7, 8, 9, 10, 11, 12, 13, 14, 15, 16, 17, 18, 19, 20, 21, 22, 23, 24, 25, 26, 27, 28, 29]","[1.4374719858169556, 1.5082241296768188, 1.4455654621124268, 1.5522189140319824, 1.500002145767212, 1.5181535482406616, 1.5148108005523682, 1.435626745223999, 1.4817750453948975, 1.440395712852478, 1.453635811805725, 1.4463354349136353, 1.5643161535263062, 1.396409511566162, 1.4521410465240479, 1.5512052774429321, 1.4424631595611572, 1.4140890836715698, 1.4827547073364258, 1.4820661544799805, 1.4761818647384644, 1.3833935260772705, 1.5017881393432617, 1.556352972984314, 1.5210117101669312, 1.4081569910049438, 1.4519591331481934, 1.4941266775131226, 1.4066781997680664, 1.5551015138626099]",sae,Pre-64
1,beta,0,0.066,0.4600628296558519,0.4487196928272481,0.4324737207609574,0.5,0.6146148452673732,0.7223360390820226,30,"[0, 1, 2, 3, 4, 5, 6, 7, 8, 9, 10, 11, 12, 13, 14, 15, 16, 17, 18, 19, 20, 21, 22, 23, 24, 25, 26, 27, 28, 29]","[1.3916993141174316, 1.4352840185165405, 1.412460446357727, 1.4659748077392578, 1.385746717453003, 1.4095290899276733, 1.4569753408432007, 1.4876208305358887, 1.4707452058792114, 1.415515661239624, 1.4068721532821655, 1.4220203161239624, 1.483214259147644, 1.4665991067886353, 1.4833906888961792, 1.4321658611297607, 1.4434391260147095, 1.3666850328445435, 1.316618800163269, 1.4667237997055054, 1.387540340423584, 1.3746490478515625, 1.466492772102356, 1.4096550941467285, 1.3846747875213623, 1.3479923009872437, 1.4721285104751587, 1.3571604490280151, 1.4651638269424438, 1.3493624925613403]",sae,Pre-64
1,beta,7,0.056,0.4564836922581216,0.4420418003909208,0.4407264234270689,0.5,0.6095136152062148,0.7015402897755839,30,"[0, 1, 2, 3, 4, 5, 6, 7, 8, 9, 10, 11, 12, 13, 14, 15, 16, 17, 18, 19, 20, 21, 22, 23, 24, 25, 26, 27, 28, 29]","[1.4919514656066895, 1.5586140155792236, 1.5833756923675537, 1.555271863937378, 1.5889067649841309, 1.5400866270065308, 1.536525011062622, 1.541886806488037, 1.6523423194885254, 1.5519368648529053, 1.4676573276519775, 1.5221936702728271, 1.471050500869751, 1.5027265548706055, 1.659811019897461, 1.5732710361480713, 1.4999322891235352, 1.507277488708496, 1.5959711074829102, 1.5835696458816528, 1.561254858970642, 1.6106011867523193, 1.6078623533248901, 1.5209572315216064, 1.641994833946228, 1.636670470237732, 1.511319637298584, 1.4704762697219849, 1.6282720565795898, 1.5035836696624756]",sae,Pre-64
1,beta,44,0.084,0.4469012312759677,0.43811650775401,0.46012567700308,0.5,0.5982762074796864,0.6212024123078373,30,"[0, 1, 2, 3, 4, 5, 6, 7, 8, 9, 10, 11, 12, 13, 14, 15, 16, 17, 18, 19, 20, 21, 22, 23, 24, 25, 26, 27, 28, 29]","[1.4682962894439697, 1.4640769958496094, 1.4256162643432617, 1.4313174486160278, 1.4584722518920898, 1.5256770849227905, 1.513533353805542, 1.411289930343628, 1.4798378944396973, 1.5527952909469604, 1.4654898643493652, 1.4540427923202515, 1.4691797494888306, 1.43158757686615, 1.5439282655715942, 1.5466457605361938, 1.4040919542312622, 1.3192425966262817, 1.481433391571045, 1.4711346626281738, 1.4271210432052612, 1.406243920326233, 1.4680440425872803, 1.4669432640075684, 1.522572636604309, 1.4272077083587646, 1.4417616128921509, 1.4617805480957031, 1.4715235233306885, 1.4744536876678467]",sae,Pre-64
1,beta,39,0.082,0.4461088087810431,0.4292341094433316,0.4375507461544977,0.5,0.6205127278095635,0.6695484632928705,30,"[0, 1, 2, 3, 4, 5, 6, 7, 8, 9, 10, 11, 12, 13, 14, 15, 16, 17, 18, 19, 20, 21, 22, 23, 24, 25, 26, 27, 28, 29]","[1.422940731048584, 1.5178886651992798, 1.45806884765625, 1.451645016670227, 1.3780522346496582, 1.4376331567764282, 1.4206739664077759, 1.4560788869857788, 1.3832619190216064, 1.4990774393081665, 1.4262524843215942, 1.3708404302597046, 1.4591302871704102, 1.3754668235778809, 1.4606139659881592, 1.5201822519302368, 1.4861915111541748, 1.4800585508346558, 1.3987492322921753, 1.357460618019104, 1.3755996227264404, 1.46551513671875, 1.4031498432159424, 1.4060677289962769, 1.4779616594314575, 1.4304877519607544, 1.3218165636062622, 1.4012165069580078, 1.531751275062561, 1.4017404317855835]",sae,Pre-64
1,beta,4,0.042,0.4589558369307028,0.4477177462853796,0.4718801258137176,0.5,0.61034827708266,0.6540637456330701,30,"[0, 1, 2, 3, 4, 5, 6, 7, 8, 9, 10, 11, 12, 13, 14, 15, 16, 17, 18, 19, 20, 21, 22, 23, 24, 25, 26, 27, 28, 29]","[1.814209222793579, 1.821702003479004, 1.6570194959640503, 1.8266675472259521, 1.667575478553772, 1.706242322921753, 1.823202133178711, 1.6803865432739258, 1.6783251762390137, 1.816577434539795, 1.7762413024902344, 1.6960890293121338, 1.8228085041046143, 1.6453876495361328, 1.6576297283172607, 1.7114722728729248, 1.7482318878173828, 1.7611879110336304, 1.7091642618179321, 1.7598975896835327, 1.7273117303848267, 1.7692341804504395, 1.700015664100647, 1.6810539960861206, 1.750278115272522, 1.7362329959869385, 1.6709007024765015, 1.7067327499389648, 1.7855960130691528, 1.67612886428833]",sae,Pre-64
1,beta,36,0.046,0.4642138821845151,0.4576483090311837,0.4621181883821991,0.5,0.6031055233182893,0.6742496848879828,30,"[0, 1, 2, 3, 4, 5, 6, 7, 8, 9, 10, 11, 12, 13, 14, 15, 16, 17, 18, 19, 20, 21, 22, 23, 24, 25, 26, 27, 28, 29]","[1.5269989967346191, 1.5182931423187256, 1.4383702278137207, 1.5195146799087524, 1.3968944549560547, 1.5479390621185303, 1.445368766784668, 1.4897899627685547, 1.560202956199646, 1.4130038022994995, 1.4473223686218262, 1.5491044521331787, 1.4386284351348877, 1.4743120670318604, 1.4847489595413208, 1.5623239278793335, 1.5146065950393677, 1.4983285665512085, 1.5571314096450806, 1.431136131286621, 1.4730596542358398, 1.4631617069244385, 1.4686148166656494, 1.4450609683990479, 1.5421676635742188, 1.522882103919983, 1.4544453620910645, 1.5047087669372559, 1.5398050546646118, 1.4334427118301392]",sae,Pre-64
1,beta,26,0.058,0.4502231978181314,0.4442488029476733,0.465480640614208,0.5,0.5832450787939482,0.6463880629642593,30,"[0, 1, 2, 3, 4, 5, 6, 7, 8, 9, 10, 11, 12, 13, 14, 15, 16, 17, 18, 19, 20, 21, 22, 23, 24, 25, 26, 27, 28, 29]","[1.568627953529358, 1.5721017122268677, 1.7478978633880615, 1.5208786725997925, 1.5985724925994873, 1.6428234577178955, 1.6448959112167358, 1.5430629253387451, 1.6589503288269043, 1.6001986265182495, 1.5171939134597778, 1.7558103799819946, 1.6864445209503174, 1.6377931833267212, 1.7188667058944702, 1.6009857654571533, 1.647262454032898, 1.5039108991622925, 1.6621352434158325, 1.5986857414245605, 1.563096284866333, 1.7264201641082764, 1.6136767864227295, 1.6483019590377808, 1.7359994649887085, 1.7133749723434448, 1.5857189893722534, 1.646254301071167, 1.4734755754470825, 1.5503225326538086]",sae,Pre-64
1,beta,38,0.062,0.4455661720406026,0.4298851252298221,0.4442715440977731,0.5,0.6303640517897944,0.6595156130997716,30,"[0, 1, 2, 3, 4, 5, 6, 7, 8, 9, 10, 11, 12, 13, 14, 15, 16, 17, 18, 19, 20, 21, 22, 23, 24, 25, 26, 27, 28, 29]","[1.5458451509475708, 1.5396387577056885, 1.5398057699203491, 1.63158118724823, 1.5704288482666016, 1.4390548467636108, 1.6343358755111694, 1.5772175788879395, 1.4749195575714111, 1.56663179397583, 1.5367006063461304, 1.614336609840393, 1.6018575429916382, 1.558483362197876, 1.6213504076004028, 1.546933889389038, 1.5249311923980713, 1.631003975868225, 1.5089071989059448, 1.586707353591919, 1.5579006671905518, 1.547668695449829, 1.6295585632324219, 1.4977747201919556, 1.5513651371002197, 1.6294143199920654, 1.5171270370483398, 1.6219402551651, 1.5436714887619019, 1.6285659074783325]",sae,Pre-64
1,beta,4,0.072,0.4589558369307028,0.4477177462853796,0.4651745172360028,0.5,0.61034827708266,0.6563707157917417,30,"[0, 1, 2, 3, 4, 5, 6, 7, 8, 9, 10, 11, 12, 13, 14, 15, 16, 17, 18, 19, 20, 21, 22, 23, 24, 25, 26, 27, 28, 29]","[1.6077508926391602, 1.6078763008117676, 1.4761850833892822, 1.6448019742965698, 1.46018648147583, 1.5133665800094604, 1.6049078702926636, 1.496131181716919, 1.5443414449691772, 1.626953363418579, 1.5847861766815186, 1.5282330513000488, 1.6395671367645264, 1.493906021118164, 1.479912519454956, 1.5497759580612183, 1.57985520362854, 1.5574605464935303, 1.5146859884262085, 1.6028902530670166, 1.5531315803527832, 1.615829348564148, 1.5443878173828125, 1.4876739978790283, 1.556666374206543, 1.5290380716323853, 1.4877946376800537, 1.523240566253662, 1.603171467781067, 1.4811314344406128]",sae,Pre-64
1,beta,4,0.06,0.4589558369307028,0.4477177462853796,0.4652630173380488,0.5,0.61034827708266,0.6563630207611925,30,"[0, 1, 2, 3, 4, 5, 6, 7, 8, 9, 10, 11, 12, 13, 14, 15, 16, 17, 18, 19, 20, 21, 22, 23, 24, 25, 26, 27, 28, 29]","[1.6133382320404053, 1.6134344339370728, 1.4818706512451172, 1.6504138708114624, 1.4658600091934204, 1.5189845561981201, 1.6104329824447632, 1.5017554759979248, 1.5499992370605469, 1.6325786113739014, 1.5904412269592285, 1.5338107347488403, 1.6451936960220337, 1.4996057748794556, 1.4854670763015747, 1.5554308891296387, 1.5855076313018799, 1.563083529472351, 1.5203142166137695, 1.6085121631622314, 1.5588243007659912, 1.621450424194336, 1.5500438213348389, 1.4932979345321655, 1.5623456239700317, 1.5346118211746216, 1.4935262203216553, 1.5289071798324585, 1.6088367700576782, 1.4868052005767822]",sae,Pre-64
1,beta,16,0.075,0.4519396108125126,0.4401978349795346,0.4306616750638012,0.5,0.6159012314439947,0.7167618565644882,30,"[0, 1, 2, 3, 4, 5, 6, 7, 8, 9, 10, 11, 12, 13, 14, 15, 16, 17, 18, 19, 20, 21, 22, 23, 24, 25, 26, 27, 28, 29]","[1.2745795249938965, 1.2377139329910278, 1.2427833080291748, 1.321635127067566, 1.3140872716903687, 1.2566888332366943, 1.3199057579040527, 1.2962342500686646, 1.2672070264816284, 1.3219512701034546, 1.3223813772201538, 1.3058552742004395, 1.2618677616119385, 1.2828806638717651, 1.20123291015625, 1.2512580156326294, 1.3308995962142944, 1.157422661781311, 1.268551230430603, 1.3033826351165771, 1.3517374992370605, 1.3193953037261963, 1.3250676393508911, 1.3156405687332153, 1.2053678035736084, 1.2941926717758179, 1.2160139083862305, 1.270562767982483, 1.2269045114517212, 1.2506412267684937]",sae,Pre-64
1,beta,43,0.055,0.4515364523902173,0.4432102910589974,0.4421030974966232,0.5,0.6060785767234989,0.6994381022979985,30,"[0, 1, 2, 3, 4, 5, 6, 7, 8, 9, 10, 11, 12, 13, 14, 15, 16, 17, 18, 19, 20, 21, 22, 23, 24, 25, 26, 27, 28, 29]","[1.5242377519607544, 1.5974456071853638, 1.5733604431152344, 1.4706990718841553, 1.505695104598999, 1.4449268579483032, 1.4757394790649414, 1.4626023769378662, 1.562524676322937, 1.4522467851638794, 1.4178352355957031, 1.6079078912734985, 1.5367094278335571, 1.4791884422302246, 1.4789613485336304, 1.3666952848434448, 1.5646394491195679, 1.4627854824066162, 1.5594178438186646, 1.5552351474761963, 1.4579498767852783, 1.4710756540298462, 1.5962597131729126, 1.5288134813308716, 1.45170259475708, 1.5326284170150757, 1.5989772081375122, 1.4623914957046509, 1.5581644773483276, 1.6085554361343384]",sae,Pre-64
1,beta,3,0.064,0.4557259332451328,0.444824285747971,0.4644524345681566,0.5,0.6042731979176,0.6522646532561347,30,"[0, 1, 2, 3, 4, 5, 6, 7, 8, 9, 10, 11, 12, 13, 14, 15, 16, 17, 18, 19, 20, 21, 22, 23, 24, 25, 26, 27, 28, 29]","[1.4014484882354736, 1.4283539056777954, 1.4130147695541382, 1.3709646463394165, 1.4064137935638428, 1.4430371522903442, 1.3989856243133545, 1.4465898275375366, 1.2019330263137817, 1.4715266227722168, 1.3633219003677368, 1.4695888757705688, 1.4051406383514404, 1.381087303161621, 1.4804327487945557, 1.4000236988067627, 1.405747652053833, 1.4311884641647339, 1.365142583847046, 1.3680293560028076, 1.3134578466415405, 1.3794745206832886, 1.3762013912200928, 1.4910697937011719, 1.461826205253601, 1.390899658203125, 1.3939937353134155, 1.3875268697738647, 1.4564162492752075, 1.3935937881469727]",sae,Pre-64
1,beta,47,0.042,0.4460371044958436,0.4257646434940195,0.4111786950393988,0.5,0.6434257056516428,0.735314730277117,30,"[0, 1, 2, 3, 4, 5, 6, 7, 8, 9, 10, 11, 12, 13, 14, 15, 16, 17, 18, 19, 20, 21, 22, 23, 24, 25, 26, 27, 28, 29]","[1.8447448015213013, 1.6600213050842285, 1.6567937135696411, 1.6537272930145264, 1.7765328884124756, 1.8123129606246948, 1.7325888872146606, 1.8389177322387695, 1.7754374742507935, 1.6738578081130981, 1.709722638130188, 1.653878927230835, 1.6800479888916016, 1.8408105373382568, 1.661558747291565, 1.8219314813613892, 1.6924467086791992, 1.7830498218536377, 1.627722144126892, 1.6516622304916382, 1.6873656511306763, 1.7642775774002075, 1.8418567180633545, 1.669267177581787, 1.7465057373046875, 1.633448839187622, 1.5802603960037231, 1.8273931741714478, 1.6277806758880615, 1.703091025352478]",sae,Pre-64
1,beta,25,0.052,0.4465066892532915,0.4352791138475453,0.4431576038628014,0.5,0.6270054355300688,0.6611778177751999,30,"[0, 1, 2, 3, 4, 5, 6, 7, 8, 9, 10, 11, 12, 13, 14, 15, 16, 17, 18, 19, 20, 21, 22, 23, 24, 25, 26, 27, 28, 29]","[1.5402923822402954, 1.5652185678482056, 1.4317976236343384, 1.613548755645752, 1.592127799987793, 1.582459568977356, 1.462337613105774, 1.4709972143173218, 1.5172492265701294, 1.4332858324050903, 1.5927358865737915, 1.5271331071853638, 1.5668522119522095, 1.4724875688552856, 1.4637930393218994, 1.507542610168457, 1.3775184154510498, 1.392935037612915, 1.437369704246521, 1.4630787372589111, 1.6058249473571777, 1.3844817876815796, 1.5540133714675903, 1.4769062995910645, 1.5300778150558472, 1.4772461652755737, 1.6297919750213623, 1.5610249042510986, 1.5928857326507568, 1.4384353160858154]",sae,Pre-64
1,beta,22,0.085,0.4519005213187685,0.4442985770479847,0.4443918716940563,0.5,0.5939599289403404,0.6801447664090167,30,"[0, 1, 2, 3, 4, 5, 6, 7, 8, 9, 10, 11, 12, 13, 14, 15, 16, 17, 18, 19, 20, 21, 22, 23, 24, 25, 26, 27, 28, 29]","[1.4140598773956299, 1.4598528146743774, 1.4729371070861816, 1.4944736957550049, 1.5346747636795044, 1.4344366788864136, 1.4435466527938843, 1.4244141578674316, 1.4200564622879028, 1.4703314304351807, 1.4183036088943481, 1.5279901027679443, 1.4608737230300903, 1.5142312049865723, 1.3788893222808838, 1.5004864931106567, 1.5120599269866943, 1.4649475812911987, 1.3970630168914795, 1.406221866607666, 1.4853250980377197, 1.4837665557861328, 1.4850962162017822, 1.4355497360229492, 1.4874436855316162, 1.520331859588623, 1.420302152633667, 1.4085845947265625, 1.5492446422576904, 1.3893539905548096]",sae,Pre-64
1,beta,33,0.08,0.4492211383258522,0.4377959816952598,0.4270842152873291,0.5,0.6165210074526608,0.6947887941396915,30,"[0, 1, 2, 3, 4, 5, 6, 7, 8, 9, 10, 11, 12, 13, 14, 15, 16, 17, 18, 19, 20, 21, 22, 23, 24, 25, 26, 27, 28, 29]","[1.3344308137893677, 1.4103573560714722, 1.3671568632125854, 1.3426175117492676, 1.2995009422302246, 1.4323619604110718, 1.2914502620697021, 1.4037832021713257, 1.4096027612686157, 1.4079699516296387, 1.3532460927963257, 1.4106650352478027, 1.3528209924697876, 1.3110870122909546, 1.307754397392273, 1.4008057117462158, 1.3240039348602295, 1.3313963413238525, 1.4121099710464478, 1.4086041450500488, 1.338565468788147, 1.2913117408752441, 1.4279736280441284, 1.3825322389602661, 1.4264968633651733, 1.3119488954544067, 1.3308767080307007, 1.3137598037719727, 1.2791386842727661, 1.3358542919158936]",sae,Pre-64
1,beta,15,0.055,0.4529015220185267,0.4424399871594601,0.4354989406056006,0.5,0.6161071485640408,0.711134676564157,30,"[0, 1, 2, 3, 4, 5, 6, 7, 8, 9, 10, 11, 12, 13, 14, 15, 16, 17, 18, 19, 20, 21, 22, 23, 24, 25, 26, 27, 28, 29]","[1.4041215181350708, 1.3745520114898682, 1.4156619310379028, 1.415679931640625, 1.490156888961792, 1.386447548866272, 1.381022334098816, 1.4052777290344238, 1.4637387990951538, 1.4615106582641602, 1.4495574235916138, 1.3643110990524292, 1.5229356288909912, 1.4665671586990356, 1.3573225736618042, 1.4326756000518799, 1.3705294132232666, 1.5159990787506104, 1.355156421661377, 1.422302007675171, 1.5090540647506714, 1.476299524307251, 1.3974360227584839, 1.435585856437683, 1.4049304723739624, 1.2872681617736816, 1.4786239862442017, 1.5232574939727783, 1.4206125736236572, 1.4168004989624023]",sae,Pre-64
1,beta,32,0.06,0.4555596844830426,0.4475674839123162,0.4742994199008116,0.5,0.5924839124839124,0.6357198014340871,30,"[0, 1, 2, 3, 4, 5, 6, 7, 8, 9, 10, 11, 12, 13, 14, 15, 16, 17, 18, 19, 20, 21, 22, 23, 24, 25, 26, 27, 28, 29]","[1.6641346216201782, 1.5678554773330688, 1.6637495756149292, 1.5949063301086426, 1.588721513748169, 1.639484167098999, 1.5906870365142822, 1.5808511972427368, 1.5399718284606934, 1.5548452138900757, 1.602359414100647, 1.5512211322784424, 1.6047765016555786, 1.5044125318527222, 1.5032485723495483, 1.5036286115646362, 1.5235319137573242, 1.6080697774887085, 1.5427377223968506, 1.5770546197891235, 1.6578532457351685, 1.5877169370651245, 1.479988932609558, 1.6676969528198242, 1.596700668334961, 1.5117740631103516, 1.6365668773651123, 1.4848806858062744, 1.6767876148223877, 1.656389832496643]",sae,Pre-64
1,beta,11,0.082,0.4566976193509867,0.4496008864727478,0.4367941885060289,0.5,0.5995106990682213,0.710718382731657,30,"[0, 1, 2, 3, 4, 5, 6, 7, 8, 9, 10, 11, 12, 13, 14, 15, 16, 17, 18, 19, 20, 21, 22, 23, 24, 25, 26, 27, 28, 29]","[1.4597644805908203, 1.2661144733428955, 1.4164934158325195, 1.3385061025619507, 1.4938290119171143, 1.3600608110427856, 1.3675537109375, 1.2472655773162842, 1.4787414073944092, 1.4803287982940674, 1.4958924055099487, 1.5095300674438477, 1.511497974395752, 1.4057352542877197, 1.3763948678970337, 1.3808141946792603, 1.432905673980713, 1.3606579303741455, 1.3898683786392212, 1.450820803642273, 1.419683575630188, 1.4355114698410034, 1.493355631828308, 1.410995364189148, 1.400810718536377, 1.4667357206344604, 1.4956927299499512, 1.352197289466858, 1.3936302661895752, 1.3741906881332397]",sae,Pre-64
1,beta,20,0.056,0.4408022875601419,0.4262939306313442,0.4397632437116484,0.5,0.6176087118064704,0.650467138195894,30,"[0, 1, 2, 3, 4, 5, 6, 7, 8, 9, 10, 11, 12, 13, 14, 15, 16, 17, 18, 19, 20, 21, 22, 23, 24, 25, 26, 27, 28, 29]","[1.579971432685852, 1.6387168169021606, 1.5760231018066406, 1.7009912729263306, 1.629101276397705, 1.6557708978652954, 1.6569081544876099, 1.5618293285369873, 1.6001710891723633, 1.5440565347671509, 1.574617862701416, 1.5723187923431396, 1.7104299068450928, 1.544082522392273, 1.5987423658370972, 1.6818212270736694, 1.5828874111175537, 1.519154667854309, 1.6163268089294434, 1.6180397272109985, 1.591126561164856, 1.5090339183807373, 1.6342158317565918, 1.6912918090820312, 1.6649589538574219, 1.5229970216751099, 1.5764262676239014, 1.63664710521698, 1.5188724994659424, 1.6892486810684204]",sae,Pre-64
1,beta,16,0.064,0.4519396108125126,0.4401978349795346,0.4330948201518672,0.5,0.6159012314439947,0.7190527400231348,30,"[0, 1, 2, 3, 4, 5, 6, 7, 8, 9, 10, 11, 12, 13, 14, 15, 16, 17, 18, 19, 20, 21, 22, 23, 24, 25, 26, 27, 28, 29]","[1.4399362802505493, 1.3764433860778809, 1.4009969234466553, 1.4897161722183228, 1.4858922958374023, 1.3979785442352295, 1.4922425746917725, 1.448215365409851, 1.4175480604171753, 1.4873625040054321, 1.4969078302383423, 1.4538898468017578, 1.416767954826355, 1.4195659160614014, 1.3877735137939453, 1.420585036277771, 1.4764126539230347, 1.3194564580917358, 1.4133883714675903, 1.4764506816864014, 1.5164618492126465, 1.4761972427368164, 1.4894917011260986, 1.478631854057312, 1.375675916671753, 1.4696239233016968, 1.399507999420166, 1.4209401607513428, 1.3779950141906738, 1.4072539806365967]",sae,Pre-64
1,beta,31,0.045,0.4497611378811508,0.4308970333737342,0.4337808188282445,0.5,0.642735734520437,0.709974272995317,30,"[0, 1, 2, 3, 4, 5, 6, 7, 8, 9, 10, 11, 12, 13, 14, 15, 16, 17, 18, 19, 20, 21, 22, 23, 24, 25, 26, 27, 28, 29]","[1.5715034008026123, 1.5324230194091797, 1.4488574266433716, 1.472880244255066, 1.523321509361267, 1.6099579334259033, 1.4861783981323242, 1.543285846710205, 1.4932384490966797, 1.5618870258331299, 1.5136743783950806, 1.5417741537094116, 1.576426386833191, 1.4119800329208374, 1.5761691331863403, 1.5124566555023193, 1.5361837148666382, 1.5357862710952759, 1.5496940612792969, 1.504737377166748, 1.593733549118042, 1.5355966091156006, 1.5887938737869263, 1.5405689477920532, 1.5299620628356934, 1.556571364402771, 1.4491780996322632, 1.6022275686264038, 1.4458140134811401, 1.5426477193832397]",sae,Pre-64
1,beta,10,0.062,0.4493907433353129,0.4390813823454372,0.443478589267916,0.5,0.6232207829487961,0.6770002511751407,30,"[0, 1, 2, 3, 4, 5, 6, 7, 8, 9, 10, 11, 12, 13, 14, 15, 16, 17, 18, 19, 20, 21, 22, 23, 24, 25, 26, 27, 28, 29]","[1.4315472841262817, 1.342722773551941, 1.5100383758544922, 1.4286153316497803, 1.4244633913040161, 1.433336615562439, 1.5214592218399048, 1.4481101036071777, 1.3353508710861206, 1.4851783514022827, 1.4368126392364502, 1.4606757164001465, 1.4601284265518188, 1.435399055480957, 1.4976277351379395, 1.4559370279312134, 1.4651920795440674, 1.3748862743377686, 1.430920124053955, 1.390445351600647, 1.4105981588363647, 1.4413113594055176, 1.5020774602890015, 1.5039610862731934, 1.4415411949157715, 1.3764845132827759, 1.4377554655075073, 1.4384411573410034, 1.4366798400878906, 1.4916694164276123]",sae,Pre-64
1,beta,48,0.05,0.4556814132376,0.4510566266980289,0.493207555684806,0.5,0.5923878577171784,0.5935882699342039,30,"[0, 1, 2, 3, 4, 5, 6, 7, 8, 9, 10, 11, 12, 13, 14, 15, 16, 17, 18, 19, 20, 21, 22, 23, 24, 25, 26, 27, 28, 29]","[1.726180076599121, 1.6585102081298828, 1.6251100301742554, 1.6044777631759644, 1.6105283498764038, 1.53336763381958, 1.6334034204483032, 1.6039068698883057, 1.6070164442062378, 1.5835926532745361, 1.6784225702285767, 1.6088694334030151, 1.659332275390625, 1.6054126024246216, 1.5740306377410889, 1.6332868337631226, 1.7130117416381836, 1.6723207235336304, 1.6869993209838867, 1.5748525857925415, 1.5984268188476562, 1.7201592922210693, 1.7291960716247559, 1.564575433731079, 1.6073659658432007, 1.6960434913635254, 1.6948671340942383, 1.7315211296081543, 1.5848604440689087, 1.6457957029342651]",sae,Pre-64
1,beta,21,0.076,0.4504746503440228,0.4381370334360364,0.4403189543175877,0.5,0.6200058082774133,0.6872397088446471,30,"[0, 1, 2, 3, 4, 5, 6, 7, 8, 9, 10, 11, 12, 13, 14, 15, 16, 17, 18, 19, 20, 21, 22, 23, 24, 25, 26, 27, 28, 29]","[1.4432313442230225, 1.4939148426055908, 1.618603229522705, 1.6133087873458862, 1.5941287279129028, 1.5748913288116455, 1.488427996635437, 1.497191071510315, 1.6030622720718384, 1.5151296854019165, 1.5930733680725098, 1.601564645767212, 1.4805305004119873, 1.5075750350952148, 1.503571629524231, 1.4972741603851318, 1.498228669166565, 1.5096867084503174, 1.4403828382492065, 1.6101667881011963, 1.4352588653564453, 1.6181325912475586, 1.4301695823669434, 1.4482208490371704, 1.5037420988082886, 1.4618116617202759, 1.4293023347854614, 1.4840004444122314, 1.5714476108551025, 1.5563853979110718]",sae,Pre-64
1,beta,0,0.078,0.4600628296558519,0.4487196928272481,0.4324587150670301,0.5,0.6146148452673732,0.7223390809580085,30,"[0, 1, 2, 3, 4, 5, 6, 7, 8, 9, 10, 11, 12, 13, 14, 15, 16, 17, 18, 19, 20, 21, 22, 23, 24, 25, 26, 27, 28, 29]","[1.3898459672927856, 1.4334348440170288, 1.4106042385101318, 1.4641295671463013, 1.3839027881622314, 1.4076685905456543, 1.4551328420639038, 1.4857746362686157, 1.468894362449646, 1.4136630296707153, 1.405013918876648, 1.420177936553955, 1.481377363204956, 1.4647514820098877, 1.4815458059310913, 1.4303373098373413, 1.441587209701538, 1.364827275276184, 1.314779281616211, 1.464877963066101, 1.3857018947601318, 1.3727939128875732, 1.4646435976028442, 1.407811164855957, 1.3828142881393433, 1.3461412191390991, 1.4702798128128052, 1.355302333831787, 1.463322401046753, 1.3475042581558228]",sae,Pre-64
1,beta,10,0.074,0.4493907433353129,0.4390813823454372,0.4434536736988549,0.5,0.6232207829487961,0.677004557034698,30,"[0, 1, 2, 3, 4, 5, 6, 7, 8, 9, 10, 11, 12, 13, 14, 15, 16, 17, 18, 19, 20, 21, 22, 23, 24, 25, 26, 27, 28, 29]","[1.4291841983795166, 1.3403655290603638, 1.5076849460601807, 1.4262433052062988, 1.422088384628296, 1.430963397026062, 1.5191004276275635, 1.4457308053970337, 1.3329797983169556, 1.482813835144043, 1.434433937072754, 1.4582983255386353, 1.457767367362976, 1.433053731918335, 1.4952572584152222, 1.4535597562789917, 1.4628159999847412, 1.372496485710144, 1.4285533428192139, 1.3880748748779297, 1.4082309007644653, 1.4389500617980957, 1.4997029304504395, 1.5015950202941895, 1.4392062425613403, 1.3740909099578857, 1.4353828430175781, 1.4360648393630981, 1.4343087673187256, 1.489319920539856]",sae,Pre-64
1,beta,14,0.048,0.4467366851483266,0.4421697276018216,0.4398357675210845,0.5,0.5934222168898753,0.6938241425336312,30,"[0, 1, 2, 3, 4, 5, 6, 7, 8, 9, 10, 11, 12, 13, 14, 15, 16, 17, 18, 19, 20, 21, 22, 23, 24, 25, 26, 27, 28, 29]","[1.5711612701416016, 1.4741079807281494, 1.5931148529052734, 1.6293072700500488, 1.5972408056259155, 1.599018931388855, 1.5387237071990967, 1.703616738319397, 1.597296953201294, 1.6761070489883423, 1.5371605157852173, 1.5621150732040405, 1.5841175317764282, 1.6745795011520386, 1.6277450323104858, 1.6006152629852295, 1.6960196495056152, 1.6932834386825562, 1.6109387874603271, 1.5681462287902832, 1.5843737125396729, 1.6120972633361816, 1.6742041110992432, 1.5622996091842651, 1.6842511892318726, 1.690456748008728, 1.6392381191253662, 1.69280207157135, 1.6834731101989746, 1.5942693948745728]",sae,Pre-64
1,beta,13,0.058,0.4619123366083722,0.4531466051409948,0.4417123998800166,0.5,0.6127276801885291,0.7102029195495938,30,"[0, 1, 2, 3, 4, 5, 6, 7, 8, 9, 10, 11, 12, 13, 14, 15, 16, 17, 18, 19, 20, 21, 22, 23, 24, 25, 26, 27, 28, 29]","[1.6047881841659546, 1.4345747232437134, 1.5893956422805786, 1.510912299156189, 1.4919636249542236, 1.5982427597045898, 1.531447172164917, 1.5203856229782104, 1.5541611909866333, 1.5231860876083374, 1.5982884168624878, 1.5029798746109009, 1.565643072128296, 1.557019591331482, 1.5795114040374756, 1.4673840999603271, 1.4891072511672974, 1.5575226545333862, 1.5410441160202026, 1.5367933511734009, 1.5123440027236938, 1.452526569366455, 1.5069886445999146, 1.4766987562179565, 1.5081102848052979, 1.4499801397323608, 1.5203948020935059, 1.4596848487854004, 1.5505110025405884, 1.5144405364990234]",sae,Pre-64
1,beta,31,0.064,0.4497611378811508,0.4308970333737342,0.4336712054929683,0.5,0.642735734520437,0.7099771636700006,30,"[0, 1, 2, 3, 4, 5, 6, 7, 8, 9, 10, 11, 12, 13, 14, 15, 16, 17, 18, 19, 20, 21, 22, 23, 24, 25, 26, 27, 28, 29]","[1.5644084215164185, 1.5253125429153442, 1.441636085510254, 1.4657648801803589, 1.5161142349243164, 1.602927803993225, 1.4791396856307983, 1.5361319780349731, 1.4860076904296875, 1.554810643196106, 1.5064939260482788, 1.5347216129302979, 1.569312572479248, 1.4049127101898193, 1.5689921379089355, 1.5053024291992188, 1.5291163921356201, 1.5286732912063599, 1.5426011085510254, 1.4976083040237427, 1.5866429805755615, 1.5284786224365234, 1.5817110538482666, 1.5334340333938599, 1.5227861404418945, 1.5494422912597656, 1.442086935043335, 1.5950994491577148, 1.438581943511963, 1.5354442596435547]",sae,Pre-64
1,beta,44,0.064,0.4469012312759677,0.43811650775401,0.4601747052518616,0.5,0.5982762074796864,0.6211928373194746,30,"[0, 1, 2, 3, 4, 5, 6, 7, 8, 9, 10, 11, 12, 13, 14, 15, 16, 17, 18, 19, 20, 21, 22, 23, 24, 25, 26, 27, 28, 29]","[1.4721208810806274, 1.467930793762207, 1.4294172525405884, 1.43512761592865, 1.4623119831085205, 1.5294959545135498, 1.5173239707946777, 1.4151324033737183, 1.4836746454238892, 1.5565859079360962, 1.4693199396133423, 1.4578347206115723, 1.473009467124939, 1.4353976249694824, 1.5477386713027954, 1.550454020500183, 1.4079010486602783, 1.3230074644088745, 1.485268473625183, 1.4749478101730347, 1.4309258460998535, 1.4100545644760132, 1.4718624353408813, 1.4707790613174438, 1.5263962745666504, 1.4310243129730225, 1.4455446004867554, 1.4656200408935547, 1.4753369092941284, 1.4782871007919312]",sae,Pre-64
1,beta,44,0.075,0.4469012312759677,0.43811650775401,0.4601477468381758,0.5,0.5982762074796864,0.6212046219205365,30,"[0, 1, 2, 3, 4, 5, 6, 7, 8, 9, 10, 11, 12, 13, 14, 15, 16, 17, 18, 19, 20, 21, 22, 23, 24, 25, 26, 27, 28, 29]","[1.4700169563293457, 1.4658102989196777, 1.4273267984390259, 1.4330319166183472, 1.460200309753418, 1.5273962020874023, 1.5152382850646973, 1.4130189418792725, 1.4815651178359985, 1.5545010566711426, 1.4672136306762695, 1.455749273300171, 1.470902919769287, 1.433302640914917, 1.5456427335739136, 1.5483593940734863, 1.405806303024292, 1.3209367990493774, 1.4831584692001343, 1.4728507995605469, 1.4288326501846313, 1.4079591035842896, 1.4697620868682861, 1.4686694145202637, 1.524293303489685, 1.4289252758026123, 1.4434642791748047, 1.4635076522827148, 1.4732391834259033, 1.4761790037155151]",sae,Pre-64
1,beta,25,0.044,0.4465066892532915,0.4352791138475453,0.4472578456152145,0.5,0.6270054355300688,0.6598383692213858,30,"[0, 1, 2, 3, 4, 5, 6, 7, 8, 9, 10, 11, 12, 13, 14, 15, 16, 17, 18, 19, 20, 21, 22, 23, 24, 25, 26, 27, 28, 29]","[1.647765040397644, 1.6784088611602783, 1.5243940353393555, 1.735653281211853, 1.7124344110488892, 1.6987762451171875, 1.5924391746520996, 1.5668615102767944, 1.6191129684448242, 1.52517831325531, 1.7095606327056885, 1.651047706604004, 1.68087637424469, 1.5669021606445312, 1.5709775686264038, 1.640895128250122, 1.4997854232788086, 1.4888172149658203, 1.5585700273513794, 1.5715088844299316, 1.718194842338562, 1.4951140880584717, 1.6773571968078613, 1.5851554870605469, 1.6479209661483765, 1.5733367204666138, 1.7466330528259277, 1.6767464876174927, 1.7092450857162476, 1.5647082328796387]",sae,Pre-64
1,beta,6,0.068,0.4540822999211705,0.4457917896713532,0.448480796053039,0.5,0.5933447799067053,0.6642122377037971,30,"[0, 1, 2, 3, 4, 5, 6, 7, 8, 9, 10, 11, 12, 13, 14, 15, 16, 17, 18, 19, 20, 21, 22, 23, 24, 25, 26, 27, 28, 29]","[1.4794647693634033, 1.514829158782959, 1.4292067289352417, 1.5256311893463135, 1.4105944633483887, 1.4217157363891602, 1.416499376296997, 1.4989495277404785, 1.408549427986145, 1.5074121952056885, 1.4341434240341187, 1.373813271522522, 1.4253313541412354, 1.393918514251709, 1.2267518043518066, 1.503605604171753, 1.3899714946746826, 1.466887354850769, 1.4518153667449951, 1.4653542041778564, 1.4432421922683716, 1.405329942703247, 1.5157265663146973, 1.4488391876220703, 1.3891841173171997, 1.4562819004058838, 1.4066524505615234, 1.391055703163147, 1.4531251192092896, 1.4785544872283936]",sae,Pre-64
1,beta,32,0.0535,0.4555596844830426,0.4475674839123162,0.4753029704094816,0.5,0.5924839124839124,0.6372406692406691,30,"[0, 1, 2, 3, 4, 5, 6, 7, 8, 9, 10, 11, 12, 13, 14, 15, 16, 17, 18, 19, 20, 21, 22, 23, 24, 25, 26, 27, 28, 29]","[1.739638090133667, 1.6427364349365234, 1.744446039199829, 1.6783082485198975, 1.6590826511383057, 1.6984784603118896, 1.6538325548171997, 1.6550172567367554, 1.617563247680664, 1.6221214532852173, 1.6832456588745117, 1.6306241750717163, 1.6882500648498535, 1.5799976587295532, 1.5766783952713013, 1.5818580389022827, 1.5956625938415527, 1.6918565034866333, 1.622983694076538, 1.6565313339233398, 1.7338846921920776, 1.6723357439041138, 1.5494794845581055, 1.742743730545044, 1.6754541397094727, 1.5886869430541992, 1.7188557386398315, 1.5678738355636597, 1.7520935535430908, 1.734112024307251]",sae,Pre-64
1,beta,6,0.08,0.4540822999211705,0.4457917896713532,0.4484340614426265,0.5,0.5933447799067053,0.6642122377037971,30,"[0, 1, 2, 3, 4, 5, 6, 7, 8, 9, 10, 11, 12, 13, 14, 15, 16, 17, 18, 19, 20, 21, 22, 23, 24, 25, 26, 27, 28, 29]","[1.4767714738845825, 1.5121384859085083, 1.4265269041061401, 1.5229520797729492, 1.4078798294067383, 1.419036865234375, 1.413793683052063, 1.4962807893753052, 1.4058420658111572, 1.5047179460525513, 1.4314508438110352, 1.3711199760437012, 1.4226222038269043, 1.3912590742111206, 1.2240103483200073, 1.5009163618087769, 1.3872724771499634, 1.4641872644424438, 1.4491368532180786, 1.4626750946044922, 1.4405477046966553, 1.4026283025741577, 1.5130548477172852, 1.4461452960968018, 1.3864704370498657, 1.4535940885543823, 1.4039686918258667, 1.3883612155914307, 1.4504424333572388, 1.4758481979370117]",sae,Pre-64
1,beta,23,0.054,0.4478205607315014,0.4344954522622479,0.4346394344606587,0.5,0.6150139710231751,0.6750099468843938,30,"[0, 1, 2, 3, 4, 5, 6, 7, 8, 9, 10, 11, 12, 13, 14, 15, 16, 17, 18, 19, 20, 21, 22, 23, 24, 25, 26, 27, 28, 29]","[1.3985092639923096, 1.4578197002410889, 1.4368281364440918, 1.549100637435913, 1.3282780647277832, 1.3944032192230225, 1.5304181575775146, 1.421730875968933, 1.3969827890396118, 1.5315666198730469, 1.5366400480270386, 1.4913784265518188, 1.4805890321731567, 1.3755652904510498, 1.4690977334976196, 1.5284483432769775, 1.2210735082626343, 1.4342297315597534, 1.3794249296188354, 1.4113788604736328, 1.5263521671295166, 1.548594355583191, 1.399424433708191, 1.5415350198745728, 1.5343539714813232, 1.441961407661438, 1.397695541381836, 1.4390655755996704, 1.4414619207382202, 1.5499922037124634]",sae,Pre-64
1,beta,19,0.06,0.4469965829377276,0.435497383761294,0.4159858585507883,0.5,0.6104665954706788,0.7125545748657223,30,"[0, 1, 2, 3, 4, 5, 6, 7, 8, 9, 10, 11, 12, 13, 14, 15, 16, 17, 18, 19, 20, 21, 22, 23, 24, 25, 26, 27, 28, 29]","[1.4705110788345337, 1.4833680391311646, 1.5678993463516235, 1.5010143518447876, 1.4443750381469727, 1.4497482776641846, 1.4837144613265991, 1.5649120807647705, 1.445304274559021, 1.581239938735962, 1.5956573486328125, 1.6081249713897705, 1.483206868171692, 1.4796103239059448, 1.4223753213882446, 1.4423103332519531, 1.5687962770462036, 1.5949593782424927, 1.431830883026123, 1.4526371955871582, 1.6186890602111816, 1.4683743715286255, 1.4846683740615845, 1.4588786363601685, 1.4500409364700317, 1.58236563205719, 1.5835851430892944, 1.490368366241455, 1.4723979234695435, 1.4384838342666626]",sae,Pre-64
1,beta,35,0.056,0.4566193215888805,0.4379483378046387,0.4344115063537468,0.5,0.637290178651746,0.7144465633976815,30,"[0, 1, 2, 3, 4, 5, 6, 7, 8, 9, 10, 11, 12, 13, 14, 15, 16, 17, 18, 19, 20, 21, 22, 23, 24, 25, 26, 27, 28, 29]","[1.4584904909133911, 1.5250085592269897, 1.58903968334198, 1.5185658931732178, 1.531836986541748, 1.496190071105957, 1.4446865320205688, 1.6054457426071167, 1.6210445165634155, 1.5132325887680054, 1.5836342573165894, 1.4349279403686523, 1.5074033737182617, 1.4148200750350952, 1.5043766498565674, 1.461846113204956, 1.5919784307479858, 1.4368515014648438, 1.5418214797973633, 1.4425361156463623, 1.4633586406707764, 1.4546812772750854, 1.472213625907898, 1.4417418241500854, 1.488869309425354, 1.5347529649734497, 1.465450644493103, 1.5457512140274048, 1.600129246711731, 1.5385993719100952]",sae,Pre-64
1,beta,25,0.062,0.4465066892532915,0.4352791138475453,0.4431194378782199,0.5,0.6270054355300688,0.6611867872967656,30,"[0, 1, 2, 3, 4, 5, 6, 7, 8, 9, 10, 11, 12, 13, 14, 15, 16, 17, 18, 19, 20, 21, 22, 23, 24, 25, 26, 27, 28, 29]","[1.5372779369354248, 1.56222403049469, 1.4287885427474976, 1.6105878353118896, 1.5891450643539429, 1.5794700384140015, 1.4593576192855835, 1.4680180549621582, 1.514233946800232, 1.430320382118225, 1.5897438526153564, 1.5241620540618896, 1.5638556480407715, 1.469487190246582, 1.4607758522033691, 1.5045621395111084, 1.374554991722107, 1.3899219036102295, 1.4343445301055908, 1.4600467681884766, 1.6028348207473755, 1.3815112113952637, 1.5510247945785522, 1.473870873451233, 1.5270837545394897, 1.4742602109909058, 1.6268163919448853, 1.5580276250839233, 1.5898915529251099, 1.4354369640350342]",sae,Pre-64
1,beta,37,0.054,0.4546908257221888,0.444978337644671,0.4340710289915703,0.5,0.6058579085235571,0.7172671141101629,30,"[0, 1, 2, 3, 4, 5, 6, 7, 8, 9, 10, 11, 12, 13, 14, 15, 16, 17, 18, 19, 20, 21, 22, 23, 24, 25, 26, 27, 28, 29]","[1.4777871370315552, 1.5396711826324463, 1.5144093036651611, 1.490264892578125, 1.4421488046646118, 1.5498948097229004, 1.5157972574234009, 1.5644234418869019, 1.610473871231079, 1.550323486328125, 1.5143322944641113, 1.5223411321640015, 1.5488182306289673, 1.5531970262527466, 1.5863882303237915, 1.5308109521865845, 1.5203704833984375, 1.5643986463546753, 1.5366894006729126, 1.5340347290039062, 1.560613751411438, 1.5695793628692627, 1.5937105417251587, 1.5778319835662842, 1.5362226963043213, 1.574301838874817, 1.5426174402236938, 1.572453498840332, 1.5745117664337158, 1.5888868570327759]",sae,Pre-64
1,beta,17,0.084,0.4599327030141671,0.4513468217402507,0.4455433799128976,0.5,0.6120635717004715,0.696804934288727,30,"[0, 1, 2, 3, 4, 5, 6, 7, 8, 9, 10, 11, 12, 13, 14, 15, 16, 17, 18, 19, 20, 21, 22, 23, 24, 25, 26, 27, 28, 29]","[1.5265307426452637, 1.4028695821762085, 1.4371875524520874, 1.4608334302902222, 1.5419408082962036, 1.4244624376296997, 1.4875015020370483, 1.3317147493362427, 1.4453487396240234, 1.455640435218811, 1.509666919708252, 1.5184961557388306, 1.4532055854797363, 1.5320141315460205, 1.454941749572754, 1.4563934803009033, 1.526139736175537, 1.45558500289917, 1.5089226961135864, 1.476424217224121, 1.3979603052139282, 1.4744685888290405, 1.3148841857910156, 1.443019986152649, 1.4525812864303589, 1.4469358921051025, 1.4194447994232178, 1.4538601636886597, 1.4196885824203491, 1.5097883939743042]",sae,Pre-64
1,beta,28,0.078,0.4589844236982603,0.4495627040154577,0.4417349005419385,0.5,0.5987249917034086,0.6982381595790073,30,"[0, 1, 2, 3, 4, 5, 6, 7, 8, 9, 10, 11, 12, 13, 14, 15, 16, 17, 18, 19, 20, 21, 22, 23, 24, 25, 26, 27, 28, 29]","[1.449757695198059, 1.3331912755966187, 1.3225349187850952, 1.5419920682907104, 1.4960540533065796, 1.479867696762085, 1.4406219720840454, 1.3735488653182983, 1.4742693901062012, 1.5059107542037964, 1.435857892036438, 1.4664057493209839, 1.513657569885254, 1.5237420797348022, 1.4567242860794067, 1.4037697315216064, 1.4385203123092651, 1.4950095415115356, 1.469652771949768, 1.4697860479354858, 1.4043571949005127, 1.4245160818099976, 1.426379680633545, 1.3745794296264648, 1.4061342477798462, 1.4947370290756226, 1.533537745475769, 1.416711449623108, 1.3954468965530396, 1.407616138458252]",sae,Pre-64
1,beta,40,0.07,0.44666181227492,0.4340193094910912,0.4368179317851113,0.5,0.6093636266731638,0.6688665884968555,30,"[0, 1, 2, 3, 4, 5, 6, 7, 8, 9, 10, 11, 12, 13, 14, 15, 16, 17, 18, 19, 20, 21, 22, 23, 24, 25, 26, 27, 28, 29]","[1.587800145149231, 1.5583385229110718, 1.5144131183624268, 1.4579010009765625, 1.4982892274856567, 1.5202420949935913, 1.5189484357833862, 1.5605454444885254, 1.5372717380523682, 1.5789637565612793, 1.4829895496368408, 1.4969000816345215, 1.5663682222366333, 1.4884144067764282, 1.484851360321045, 1.5929895639419556, 1.5195822715759277, 1.5082502365112305, 1.475370168685913, 1.5077457427978516, 1.461357593536377, 1.4740010499954224, 1.5800597667694092, 1.5046242475509644, 1.5752334594726562, 1.4884018898010254, 1.5560683012008667, 1.4909470081329346, 1.6031286716461182, 1.4625015258789062]",sae,Pre-64
1,beta,9,0.054,0.448644851968101,0.4348910401892977,0.4531579005694912,0.5,0.6286670530281078,0.6728049840625905,30,"[0, 1, 2, 3, 4, 5, 6, 7, 8, 9, 10, 11, 12, 13, 14, 15, 16, 17, 18, 19, 20, 21, 22, 23, 24, 25, 26, 27, 28, 29]","[1.7154531478881836, 1.5887867212295532, 1.7124100923538208, 1.6833932399749756, 1.59477698802948, 1.4294742345809937, 1.700872778892517, 1.6156501770019531, 1.7161320447921753, 1.5369001626968384, 1.6528762578964233, 1.616762638092041, 1.5885717868804932, 1.6377860307693481, 1.7497612237930298, 1.6109250783920288, 1.602817416191101, 1.6791942119598389, 1.7202162742614746, 1.572719693183899, 1.7146040201187134, 1.7194994688034058, 1.5938886404037476, 1.7030107975006104, 1.7009128332138062, 1.6999320983886719, 1.5592974424362183, 1.534616470336914, 1.58806574344635, 1.7310218811035156]",sae,Pre-64
1,beta,4,0.0535,0.4589558369307028,0.4477177462853796,0.4653108958260865,0.5,0.61034827708266,0.6563691767856319,30,"[0, 1, 2, 3, 4, 5, 6, 7, 8, 9, 10, 11, 12, 13, 14, 15, 16, 17, 18, 19, 20, 21, 22, 23, 24, 25, 26, 27, 28, 29]","[1.6163642406463623, 1.6164458990097046, 1.484951138496399, 1.6534552574157715, 1.4689351320266724, 1.5220283269882202, 1.6134284734725952, 1.504804253578186, 1.5530654191970825, 1.635627031326294, 1.593505620956421, 1.5368326902389526, 1.648242712020874, 1.5026942491531372, 1.4884763956069946, 1.558495283126831, 1.5885703563690186, 1.5661299228668213, 1.523363709449768, 1.6115585565567017, 1.5619090795516968, 1.6244959831237793, 1.5531092882156372, 1.496345043182373, 1.565422534942627, 1.5376331806182861, 1.4966320991516113, 1.5319775342941284, 1.6119060516357422, 1.4898797273635864]",sae,Pre-64
1,beta,28,0.066,0.4589844236982603,0.4495627040154577,0.4417655967480594,0.5,0.5987249917034086,0.6982574195230646,30,"[0, 1, 2, 3, 4, 5, 6, 7, 8, 9, 10, 11, 12, 13, 14, 15, 16, 17, 18, 19, 20, 21, 22, 23, 24, 25, 26, 27, 28, 29]","[1.453047513961792, 1.3365356922149658, 1.3258085250854492, 1.5452901124954224, 1.4993516206741333, 1.483202338218689, 1.4439125061035156, 1.376832127571106, 1.4776179790496826, 1.509230613708496, 1.439216136932373, 1.4697576761245728, 1.5169645547866821, 1.527057409286499, 1.4600204229354858, 1.407067894935608, 1.441808819770813, 1.4983420372009277, 1.472969889640808, 1.4731112718582153, 1.4076508283615112, 1.4278513193130493, 1.429669976234436, 1.377856969833374, 1.409424901008606, 1.498049020767212, 1.536863923072815, 1.4200670719146729, 1.398794174194336, 1.4108872413635254]",sae,Pre-64
1,beta,9,0.065,0.448644851968101,0.4348910401892977,0.4530479760312014,0.5,0.6286670530281078,0.672807881773399,30,"[0, 1, 2, 3, 4, 5, 6, 7, 8, 9, 10, 11, 12, 13, 14, 15, 16, 17, 18, 19, 20, 21, 22, 23, 24, 25, 26, 27, 28, 29]","[1.7072309255599976, 1.580500841140747, 1.7041654586791992, 1.6750986576080322, 1.586524248123169, 1.421215534210205, 1.6926363706588745, 1.6074128150939941, 1.707909345626831, 1.5286811590194702, 1.6445313692092896, 1.608437418937683, 1.5803020000457764, 1.6294136047363281, 1.7415462732315063, 1.6025997400283813, 1.594600796699524, 1.6708827018737793, 1.7119766473770142, 1.5644553899765015, 1.7064098119735718, 1.7112449407577515, 1.5856969356536865, 1.6947473287582397, 1.692619800567627, 1.6916632652282715, 1.551112413406372, 1.5265108346939087, 1.579702615737915, 1.7227975130081177]",sae,Pre-64
1,beta,49,0.056,0.462130925118617,0.4524487678230295,0.4515510386032107,0.5,0.6141152509743157,0.6850319293797249,30,"[0, 1, 2, 3, 4, 5, 6, 7, 8, 9, 10, 11, 12, 13, 14, 15, 16, 17, 18, 19, 20, 21, 22, 23, 24, 25, 26, 27, 28, 29]","[1.5114765167236328, 1.5751162767410278, 1.5662212371826172, 1.5463312864303589, 1.477815866470337, 1.520908236503601, 1.6265612840652466, 1.5248883962631226, 1.6620652675628662, 1.5795767307281494, 1.536612629890442, 1.5029890537261963, 1.588904619216919, 1.5788204669952393, 1.6394892930984497, 1.5901309251785278, 1.6558202505111694, 1.6499433517456055, 1.497549057006836, 1.5990595817565918, 1.6388566493988037, 1.5334193706512451, 1.6553571224212646, 1.5671955347061157, 1.5007470846176147, 1.5736550092697144, 1.5718258619308472, 1.509781002998352, 1.4828200340270996, 1.5175169706344604]",sae,Pre-64
1,beta,9,0.046,0.448644851968101,0.4348910401892977,0.4532376675461357,0.5,0.6286670530281078,0.6728180237612287,30,"[0, 1, 2, 3, 4, 5, 6, 7, 8, 9, 10, 11, 12, 13, 14, 15, 16, 17, 18, 19, 20, 21, 22, 23, 24, 25, 26, 27, 28, 29]","[1.7214375734329224, 1.594815731048584, 1.7184092998504639, 1.6894296407699585, 1.6007823944091797, 1.435484528541565, 1.706866979598999, 1.621645212173462, 1.7221157550811768, 1.5428802967071533, 1.6589487791061401, 1.6228210926055908, 1.5945897102355957, 1.6438757181167603, 1.7557404041290283, 1.6169841289520264, 1.6087967157363892, 1.6852422952651978, 1.7262117862701416, 1.578734040260315, 1.7205677032470703, 1.72550630569458, 1.5998518466949463, 1.7090234756469727, 1.70694899559021, 1.7059500217437744, 1.565254807472229, 1.5405164957046509, 1.5941520929336548, 1.7370094060897827]",sae,Pre-64
1,beta,40,0.082,0.44666181227492,0.4340193094910912,0.4333703264469127,0.5,0.6093636266731638,0.6691787601455785,30,"[0, 1, 2, 3, 4, 5, 6, 7, 8, 9, 10, 11, 12, 13, 14, 15, 16, 17, 18, 19, 20, 21, 22, 23, 24, 25, 26, 27, 28, 29]","[1.462204098701477, 1.4180635213851929, 1.402774453163147, 1.3440934419631958, 1.3791502714157104, 1.4016414880752563, 1.3984488248825073, 1.4273772239685059, 1.4246916770935059, 1.4511679410934448, 1.377084493637085, 1.3885749578475952, 1.4584988355636597, 1.3486171960830688, 1.3634157180786133, 1.4683960676193237, 1.3852972984313965, 1.402240514755249, 1.3546240329742432, 1.3698606491088867, 1.3536348342895508, 1.3645750284194946, 1.4425243139266968, 1.3952085971832275, 1.4505109786987305, 1.368744969367981, 1.4396593570709229, 1.3467122316360474, 1.4818074703216553, 1.3522779941558838]",sae,Pre-64
1,beta,20,0.05,0.4408022875601419,0.4262939306313442,0.4398013790720056,0.5,0.6176087118064704,0.6504874044950651,30,"[0, 1, 2, 3, 4, 5, 6, 7, 8, 9, 10, 11, 12, 13, 14, 15, 16, 17, 18, 19, 20, 21, 22, 23, 24, 25, 26, 27, 28, 29]","[1.583152174949646, 1.641917109489441, 1.5792183876037598, 1.7041442394256592, 1.632310390472412, 1.6589423418045044, 1.660070538520813, 1.5650044679641724, 1.6033936738967896, 1.547253131866455, 1.5777981281280518, 1.5754954814910889, 1.7135839462280273, 1.5472630262374878, 1.6019022464752197, 1.68500554561615, 1.5860350131988525, 1.522396445274353, 1.6195178031921387, 1.6212294101715088, 1.5943207740783691, 1.5122195482254028, 1.63741135597229, 1.6944719552993774, 1.6681203842163086, 1.526220440864563, 1.5796091556549072, 1.6397970914840698, 1.5221152305603027, 1.6924201250076294]",sae,Pre-64
1,beta,45,0.084,0.4515599815008028,0.4347157609968581,0.447220595979136,0.5,0.6289673345145609,0.6764678266927143,30,"[0, 1, 2, 3, 4, 5, 6, 7, 8, 9, 10, 11, 12, 13, 14, 15, 16, 17, 18, 19, 20, 21, 22, 23, 24, 25, 26, 27, 28, 29]","[1.545889139175415, 1.5377250909805298, 1.4310123920440674, 1.610901117324829, 1.606897234916687, 1.4630255699157715, 1.6184619665145874, 1.5944772958755493, 1.4736039638519287, 1.4338161945343018, 1.5432904958724976, 1.6223984956741333, 1.5768362283706665, 1.4913866519927979, 1.5012428760528564, 1.5194902420043945, 1.5330501794815063, 1.407278060913086, 1.5327168703079224, 1.525098443031311, 1.5760220289230347, 1.4740943908691406, 1.5859758853912354, 1.4535868167877197, 1.4329895973205566, 1.6120755672454834, 1.4654788970947266, 1.4808268547058105, 1.4081289768218994, 1.6128638982772827]",sae,Pre-64
1,beta,47,0.06,0.4460371044958436,0.4257646434940195,0.4058299093408814,0.5,0.6434257056516428,0.7328650421140617,30,"[0, 1, 2, 3, 4, 5, 6, 7, 8, 9, 10, 11, 12, 13, 14, 15, 16, 17, 18, 19, 20, 21, 22, 23, 24, 25, 26, 27, 28, 29]","[1.556926965713501, 1.3993524312973022, 1.3987537622451782, 1.4117623567581177, 1.504323959350586, 1.5360301733016968, 1.4886993169784546, 1.5160096883773804, 1.5004522800445557, 1.4251054525375366, 1.4354480504989624, 1.3745344877243042, 1.415735125541687, 1.5570800304412842, 1.3816288709640503, 1.5245779752731323, 1.429530382156372, 1.500465750694275, 1.3432050943374634, 1.3809863328933716, 1.4280991554260254, 1.4792180061340332, 1.5186636447906494, 1.395559549331665, 1.4898958206176758, 1.3776047229766846, 1.3302028179168701, 1.4916168451309204, 1.377821683883667, 1.4615445137023926]",sae,Pre-64
1,beta,22,0.065,0.4519005213187685,0.4442985770479847,0.4444308001523282,0.5,0.5939599289403404,0.680162413675455,30,"[0, 1, 2, 3, 4, 5, 6, 7, 8, 9, 10, 11, 12, 13, 14, 15, 16, 17, 18, 19, 20, 21, 22, 23, 24, 25, 26, 27, 28, 29]","[1.4179843664169312, 1.463786244392395, 1.4768640995025635, 1.4983956813812256, 1.5386137962341309, 1.4384150505065918, 1.447479009628296, 1.4283849000930786, 1.4240022897720337, 1.4742432832717896, 1.422247290611267, 1.531927227973938, 1.4648168087005615, 1.518167495727539, 1.3828853368759155, 1.5044201612472534, 1.515987753868103, 1.4689282178878784, 1.4010214805603027, 1.4101680517196655, 1.4892773628234863, 1.487721562385559, 1.48905611038208, 1.4395290613174438, 1.4913569688796997, 1.524275541305542, 1.4242162704467773, 1.4125458002090454, 1.5531985759735107, 1.3933391571044922]",sae,Pre-64
1,beta,46,0.072,0.4545712902572906,0.4417269056853911,0.4524036782843712,0.5,0.6270377926330811,0.6894200871644189,30,"[0, 1, 2, 3, 4, 5, 6, 7, 8, 9, 10, 11, 12, 13, 14, 15, 16, 17, 18, 19, 20, 21, 22, 23, 24, 25, 26, 27, 28, 29]","[1.46779465675354, 1.573520302772522, 1.5647815465927124, 1.552547812461853, 1.4691129922866821, 1.599269151687622, 1.4923748970031738, 1.6180967092514038, 1.549103021621704, 1.6478651762008667, 1.3773382902145386, 1.4751293659210205, 1.6140800714492798, 1.4606832265853882, 1.5247434377670288, 1.6139106750488281, 1.5417518615722656, 1.5544703006744385, 1.6263148784637451, 1.6045821905136108, 1.5194141864776611, 1.517656683921814, 1.5506937503814697, 1.5457791090011597, 1.5548266172409058, 1.567346215248108, 1.5434141159057617, 1.5914329290390015, 1.522283911705017, 1.5396488904953003]",sae,Pre-64
1,beta,1,0.066,0.4560357198099471,0.4497423189216591,0.4517046767278778,0.5,0.5964054457666336,0.6825329366765831,30,"[0, 1, 2, 3, 4, 5, 6, 7, 8, 9, 10, 11, 12, 13, 14, 15, 16, 17, 18, 19, 20, 21, 22, 23, 24, 25, 26, 27, 28, 29]","[1.6310468912124634, 1.4878623485565186, 1.5750761032104492, 1.4469504356384277, 1.5767903327941895, 1.4452745914459229, 1.4874526262283325, 1.5292824506759644, 1.4202536344528198, 1.4980357885360718, 1.5061603784561157, 1.5544838905334473, 1.614370584487915, 1.4705244302749634, 1.607852816581726, 1.4682354927062988, 1.456649899482727, 1.517897605895996, 1.5859180688858032, 1.6141356229782104, 1.6116325855255127, 1.5341256856918335, 1.5345594882965088, 1.4886677265167236, 1.4427388906478882, 1.4808459281921387, 1.5296827554702759, 1.5203877687454224, 1.6127294301986694, 1.5442631244659424]",sae,Pre-64
1,beta,43,0.066,0.4515364523902173,0.4432102910589974,0.4420614022319921,0.5,0.6060785767234989,0.6994336545589325,30,"[0, 1, 2, 3, 4, 5, 6, 7, 8, 9, 10, 11, 12, 13, 14, 15, 16, 17, 18, 19, 20, 21, 22, 23, 24, 25, 26, 27, 28, 29]","[1.5207608938217163, 1.5939873456954956, 1.569932222366333, 1.4672174453735352, 1.5022220611572266, 1.441428780555725, 1.472240686416626, 1.4591063261032104, 1.5590554475784302, 1.4487395286560059, 1.4143439531326294, 1.6044747829437256, 1.5332295894622803, 1.4757112264633179, 1.4755055904388428, 1.3632142543792725, 1.5611767768859863, 1.4592759609222412, 1.5559524297714233, 1.551825761795044, 1.4544517993927002, 1.467604398727417, 1.5928151607513428, 1.5253422260284424, 1.4482358694076538, 1.5291365385055542, 1.5955206155776978, 1.4588931798934937, 1.5546786785125732, 1.605088233947754]",sae,Pre-64
1,beta,39,0.062,0.4461088087810431,0.4292341094433316,0.4412583128548637,0.5,0.6205127278095635,0.6703122222523508,30,"[0, 1, 2, 3, 4, 5, 6, 7, 8, 9, 10, 11, 12, 13, 14, 15, 16, 17, 18, 19, 20, 21, 22, 23, 24, 25, 26, 27, 28, 29]","[1.5309282541275024, 1.6695619821548462, 1.595083236694336, 1.623666763305664, 1.5244675874710083, 1.536903977394104, 1.5682522058486938, 1.5870121717453003, 1.5173461437225342, 1.6664198637008667, 1.5798579454421997, 1.5214779376983643, 1.5980198383331299, 1.503057837486267, 1.6020805835723877, 1.6591740846633911, 1.6620053052902222, 1.6363168954849243, 1.5307347774505615, 1.5385174751281738, 1.499673843383789, 1.5677672624588013, 1.5835100412368774, 1.5864932537078857, 1.6221085786819458, 1.5436593294143677, 1.4868251085281372, 1.5399105548858643, 1.6718533039093018, 1.5333831310272217]",sae,Pre-64
1,beta,27,0.058,0.4609757262074365,0.4537266978541116,0.4612696630788891,0.5,0.5914172664146189,0.6603228392913875,30,"[0, 1, 2, 3, 4, 5, 6, 7, 8, 9, 10, 11, 12, 13, 14, 15, 16, 17, 18, 19, 20, 21, 22, 23, 24, 25, 26, 27, 28, 29]","[1.537062168121338, 1.6100411415100098, 1.5384109020233154, 1.522630214691162, 1.5910142660140991, 1.4992241859436035, 1.6011102199554443, 1.4661341905593872, 1.5711519718170166, 1.5801304578781128, 1.4859172105789185, 1.6129443645477295, 1.5256630182266235, 1.4855668544769287, 1.5247663259506226, 1.4381349086761475, 1.5294705629348755, 1.574194073677063, 1.51775062084198, 1.5385372638702393, 1.6047343015670776, 1.540199875831604, 1.4931023120880127, 1.4483636617660522, 1.5110714435577393, 1.6182746887207031, 1.5021448135375977, 1.5531020164489746, 1.4433127641677856, 1.5506887435913086]",sae,Pre-64
1,beta,5,0.042,0.4445517550333296,0.4301735816232515,0.4378072817571093,0.5,0.6070910659257547,0.6821912328184869,30,"[0, 1, 2, 3, 4, 5, 6, 7, 8, 9, 10, 11, 12, 13, 14, 15, 16, 17, 18, 19, 20, 21, 22, 23, 24, 25, 26, 27, 28, 29]","[1.7741881608963013, 1.5920062065124512, 1.5846041440963745, 1.7447789907455444, 1.74174964427948, 1.7272570133209229, 1.696150302886963, 1.6222583055496216, 1.707076072692871, 1.5938562154769897, 1.718706488609314, 1.7586696147918701, 1.7165933847427368, 1.6755379438400269, 1.7391152381896973, 1.7188897132873535, 1.699116826057434, 1.7478435039520264, 1.6065901517868042, 1.6830193996429443, 1.7641862630844116, 1.6656417846679688, 1.7899473905563354, 1.595316767692566, 1.7019768953323364, 1.7596592903137207, 1.6038638353347778, 1.7039659023284912, 1.7334707975387573, 1.716821551322937]",sae,Pre-64
1,beta,44,0.055,0.4469012312759677,0.43811650775401,0.4634753690592515,0.5,0.5982762074796864,0.621905805683713,30,"[0, 1, 2, 3, 4, 5, 6, 7, 8, 9, 10, 11, 12, 13, 14, 15, 16, 17, 18, 19, 20, 21, 22, 23, 24, 25, 26, 27, 28, 29]","[1.5560230016708374, 1.5432615280151367, 1.5074142217636108, 1.5101739168167114, 1.5399143695831299, 1.6125227212905884, 1.6086121797561646, 1.487160563468933, 1.5573811531066895, 1.6489042043685913, 1.5489256381988525, 1.5287508964538574, 1.5498337745666504, 1.5129860639572144, 1.631829857826233, 1.6298869848251343, 1.4827063083648682, 1.3976346254348755, 1.5670205354690552, 1.5507473945617676, 1.497477650642395, 1.481839895248413, 1.5557384490966797, 1.5521153211593628, 1.603533387184143, 1.5109003782272339, 1.515418529510498, 1.539923071861267, 1.5594353675842285, 1.5494072437286377]",sae,Pre-64
1,beta,5,0.06,0.4445517550333296,0.4301735816232515,0.4347348019760597,0.5,0.6070910659257547,0.6821646674959214,30,"[0, 1, 2, 3, 4, 5, 6, 7, 8, 9, 10, 11, 12, 13, 14, 15, 16, 17, 18, 19, 20, 21, 22, 23, 24, 25, 26, 27, 28, 29]","[1.5620993375778198, 1.431355357170105, 1.4279371500015259, 1.572553277015686, 1.5665563344955444, 1.5187987089157104, 1.4965825080871582, 1.4647029638290405, 1.5283955335617065, 1.4306596517562866, 1.5415602922439575, 1.570255160331726, 1.5099917650222778, 1.488136887550354, 1.572192668914795, 1.5393251180648804, 1.5364545583724976, 1.5646110773086548, 1.4270626306533813, 1.4978457689285278, 1.5789740085601807, 1.501138687133789, 1.5916202068328857, 1.4406729936599731, 1.513676643371582, 1.5822272300720215, 1.4334348440170288, 1.5029044151306152, 1.5475010871887207, 1.5164600610733032]",sae,Pre-64
1,beta,26,0.052,0.4502231978181314,0.4442488029476733,0.4655452531971011,0.5,0.5832450787939482,0.6463910170911008,30,"[0, 1, 2, 3, 4, 5, 6, 7, 8, 9, 10, 11, 12, 13, 14, 15, 16, 17, 18, 19, 20, 21, 22, 23, 24, 25, 26, 27, 28, 29]","[1.5724191665649414, 1.5759598016738892, 1.751683235168457, 1.5246646404266357, 1.602385401725769, 1.646654486656189, 1.6486852169036865, 1.5468196868896484, 1.6627130508422852, 1.604003667831421, 1.5209697484970093, 1.759587287902832, 1.6902422904968262, 1.6415680646896362, 1.722623348236084, 1.6047359704971313, 1.6509956121444702, 1.5076795816421509, 1.6659272909164429, 1.6025112867355347, 1.5668710470199585, 1.730207085609436, 1.6174720525741577, 1.6521143913269043, 1.739780306816101, 1.71718168258667, 1.5894864797592163, 1.650026559829712, 1.4772368669509888, 1.5541163682937622]",sae,Pre-64
1,beta,30,0.075,0.4638407167611665,0.4544841508273655,0.4398340396927229,0.5,0.6043368975359404,0.6949287716633955,30,"[0, 1, 2, 3, 4, 5, 6, 7, 8, 9, 10, 11, 12, 13, 14, 15, 16, 17, 18, 19, 20, 21, 22, 23, 24, 25, 26, 27, 28, 29]","[1.5310653448104858, 1.499851942062378, 1.5111587047576904, 1.4516817331314087, 1.4645415544509888, 1.4429446458816528, 1.4537514448165894, 1.4300613403320312, 1.4227705001831055, 1.4411745071411133, 1.505611777305603, 1.4357800483703613, 1.4114216566085815, 1.4335590600967407, 1.5005220174789429, 1.504540205001831, 1.4227302074432373, 1.444377064704895, 1.5262640714645386, 1.4508209228515625, 1.4275740385055542, 1.3928124904632568, 1.4917372465133667, 1.4466897249221802, 1.5624631643295288, 1.4393274784088135, 1.464699625968933, 1.4346458911895752, 1.5018248558044434, 1.4571692943572998]",sae,Pre-64
1,beta,49,0.068,0.462130925118617,0.4524487678230295,0.4490543064492844,0.5,0.6141152509743157,0.6833841033948445,30,"[0, 1, 2, 3, 4, 5, 6, 7, 8, 9, 10, 11, 12, 13, 14, 15, 16, 17, 18, 19, 20, 21, 22, 23, 24, 25, 26, 27, 28, 29]","[1.3358104228973389, 1.3869937658309937, 1.3845118284225464, 1.3693883419036865, 1.3160537481307983, 1.3479697704315186, 1.4256527423858643, 1.3298749923706055, 1.4548419713974, 1.4033666849136353, 1.354730486869812, 1.3351365327835083, 1.4020147323608398, 1.3920831680297852, 1.4333404302597046, 1.3794161081314087, 1.4715733528137207, 1.4572458267211914, 1.3207590579986572, 1.4042210578918457, 1.4470571279525757, 1.3578591346740723, 1.453548789024353, 1.3875285387039185, 1.3499704599380493, 1.3936288356781006, 1.3897150754928589, 1.350294828414917, 1.2844164371490479, 1.350752592086792]",sae,Pre-64
1,beta,16,0.055,0.4519396108125126,0.4401978349795346,0.4331253202032581,0.5,0.6159012314439947,0.7187771110468478,30,"[0, 1, 2, 3, 4, 5, 6, 7, 8, 9, 10, 11, 12, 13, 14, 15, 16, 17, 18, 19, 20, 21, 22, 23, 24, 25, 26, 27, 28, 29]","[1.4661794900894165, 1.4000803232192993, 1.430026888847351, 1.5120296478271484, 1.5143238306045532, 1.4235248565673828, 1.521178960800171, 1.475434422492981, 1.4396082162857056, 1.5166046619415283, 1.5255873203277588, 1.4804949760437012, 1.4395363330841064, 1.4459670782089233, 1.4179190397262573, 1.4492064714431763, 1.5003182888031006, 1.3460334539413452, 1.4358370304107666, 1.5049433708190918, 1.5442531108856201, 1.5033538341522217, 1.5142565965652466, 1.5029879808425903, 1.4034042358398438, 1.4928101301193237, 1.4292538166046143, 1.442665934562683, 1.4053908586502075, 1.435619592666626]",sae,Pre-64
1,beta,23,0.085,0.4478205607315014,0.4344954522622479,0.4345881083412969,0.5,0.6150139710231751,0.6749539720216455,30,"[0, 1, 2, 3, 4, 5, 6, 7, 8, 9, 10, 11, 12, 13, 14, 15, 16, 17, 18, 19, 20, 21, 22, 23, 24, 25, 26, 27, 28, 29]","[1.3923603296279907, 1.451720118522644, 1.4307883977890015, 1.543027639389038, 1.322191596031189, 1.3882887363433838, 1.5243322849273682, 1.4155795574188232, 1.390883445739746, 1.5254204273223877, 1.5305255651474, 1.485249400138855, 1.4744747877120972, 1.3694792985916138, 1.46298086643219, 1.5223276615142822, 1.214867353439331, 1.428117036819458, 1.3732444047927856, 1.4052342176437378, 1.5202245712280273, 1.5425076484680176, 1.3932716846466064, 1.5354491472244263, 1.5282760858535767, 1.4357883930206299, 1.3915705680847168, 1.432999610900879, 1.435361623764038, 1.5438839197158813]",sae,Pre-64
1,beta,15,0.066,0.4529015220185267,0.4424399871594601,0.4354788722848906,0.5,0.6161071485640408,0.7111375818939845,30,"[0, 1, 2, 3, 4, 5, 6, 7, 8, 9, 10, 11, 12, 13, 14, 15, 16, 17, 18, 19, 20, 21, 22, 23, 24, 25, 26, 27, 28, 29]","[1.4022184610366821, 1.3726626634597778, 1.413772702217102, 1.413776159286499, 1.4882856607437134, 1.384545922279358, 1.379135012626648, 1.4033899307250977, 1.46184241771698, 1.4596089124679565, 1.4476711750030518, 1.3624138832092285, 1.5210564136505127, 1.4646697044372559, 1.355424404144287, 1.4307876825332642, 1.3686184883117676, 1.5141295194625854, 1.3532675504684448, 1.4203975200653076, 1.5071730613708496, 1.474406361579895, 1.395545244216919, 1.4336895942687988, 1.4030544757843018, 1.2853858470916748, 1.4767446517944336, 1.5213767290115356, 1.4187209606170654, 1.4149127006530762]",sae,Pre-64
1,beta,34,0.08,0.4568527557813058,0.4470225010708758,0.4484429668133164,0.5,0.6011606799053854,0.6782522343594837,30,"[0, 1, 2, 3, 4, 5, 6, 7, 8, 9, 10, 11, 12, 13, 14, 15, 16, 17, 18, 19, 20, 21, 22, 23, 24, 25, 26, 27, 28, 29]","[1.3863240480422974, 1.471228837966919, 1.4766743183135986, 1.421886682510376, 1.3714734315872192, 1.386897325515747, 1.428037405014038, 1.3456614017486572, 1.3496127128601074, 1.3907502889633179, 1.44587242603302, 1.2498068809509277, 1.4568212032318115, 1.347641944885254, 1.3562835454940796, 1.3803049325942993, 1.4730709791183472, 1.4887844324111938, 1.3976202011108398, 1.3867931365966797, 1.4047129154205322, 1.4910314083099365, 1.4247609376907349, 1.4488736391067505, 1.3761368989944458, 1.322997808456421, 1.5025264024734497, 1.4874428510665894, 1.474886417388916, 1.4592117071151733]",sae,Pre-64
1,beta,12,0.082,0.4455148672091349,0.4361346773072694,0.411995948983387,0.5,0.5892778403611032,0.7320270297642141,30,"[0, 1, 2, 3, 4, 5, 6, 7, 8, 9, 10, 11, 12, 13, 14, 15, 16, 17, 18, 19, 20, 21, 22, 23, 24, 25, 26, 27, 28, 29]","[1.3724315166473389, 1.4800864458084106, 1.3892227411270142, 1.2889834642410278, 1.4772957563400269, 1.4131132364273071, 1.4067676067352295, 1.4589202404022217, 1.4942457675933838, 1.3652122020721436, 1.3670308589935303, 1.5353753566741943, 1.3935182094573975, 1.465961217880249, 1.3511883020401, 1.539071798324585, 1.323661208152771, 1.5174869298934937, 1.4390188455581665, 1.5316165685653687, 1.495408296585083, 1.4419059753417969, 1.3934736251831055, 1.5377559661865234, 1.5152719020843506, 1.384024739265442, 1.5157824754714966, 1.460882306098938, 1.4143818616867065, 1.5462747812271118]",sae,Pre-64
1,beta,18,0.072,0.4575117633693479,0.4471831599677374,0.4242357675641139,0.5,0.6052065040104606,0.7328500742282325,30,"[0, 1, 2, 3, 4, 5, 6, 7, 8, 9, 10, 11, 12, 13, 14, 15, 16, 17, 18, 19, 20, 21, 22, 23, 24, 25, 26, 27, 28, 29]","[1.3701345920562744, 1.5407840013504028, 1.5604820251464844, 1.4570642709732056, 1.4749079942703247, 1.489708662033081, 1.6693172454833984, 1.445852518081665, 1.5548239946365356, 1.4308507442474365, 1.6401768922805786, 1.527879238128662, 1.557511568069458, 1.5609304904937744, 1.4890108108520508, 1.4474791288375854, 1.544818639755249, 1.479323387145996, 1.4619779586791992, 1.4042478799819946, 1.6564003229141235, 1.4685800075531006, 1.590923547744751, 1.5497606992721558, 1.5266921520233154, 1.4938987493515015, 1.538048267364502, 1.5893069505691528, 1.5438228845596313, 1.4842758178710938]",sae,Pre-64
1,beta,22,0.076,0.4519005213187685,0.4442985770479847,0.4444093915987759,0.5,0.5939599289403404,0.6801521194366993,30,"[0, 1, 2, 3, 4, 5, 6, 7, 8, 9, 10, 11, 12, 13, 14, 15, 16, 17, 18, 19, 20, 21, 22, 23, 24, 25, 26, 27, 28, 29]","[1.4158262014389038, 1.4616223573684692, 1.4747047424316406, 1.4962385892868042, 1.536447525024414, 1.4362263679504395, 1.4453152418136597, 1.4262009859085083, 1.4218318462371826, 1.4720920324325562, 1.420078158378601, 1.529761552810669, 1.4626479148864746, 1.5160024166107178, 1.3806872367858887, 1.5022565126419067, 1.5138275623321533, 1.4667387008666992, 1.3988442420959473, 1.4079972505569458, 1.4871031045913696, 1.4855462312698364, 1.4868777990341187, 1.4373400211334229, 1.48920476436615, 1.5221070051193237, 1.4220631122589111, 1.4103671312332153, 1.5510237216949463, 1.3911473751068115]",sae,Pre-64
1,beta,33,0.06,0.4492211383258522,0.4377959816952598,0.4332090681818973,0.5,0.6165210074526608,0.6934764470465119,30,"[0, 1, 2, 3, 4, 5, 6, 7, 8, 9, 10, 11, 12, 13, 14, 15, 16, 17, 18, 19, 20, 21, 22, 23, 24, 25, 26, 27, 28, 29]","[1.5431302785873413, 1.6053546667099, 1.5505969524383545, 1.5184228420257568, 1.4629058837890625, 1.6256442070007324, 1.4642144441604614, 1.5960566997528076, 1.587486743927002, 1.5958198308944702, 1.5336178541183472, 1.6127451658248901, 1.569291591644287, 1.461755633354187, 1.5176100730895996, 1.5792487859725952, 1.4994562864303589, 1.496925950050354, 1.6109318733215332, 1.6156145334243774, 1.520108938217163, 1.4464330673217773, 1.622982144355774, 1.5569013357162476, 1.6181586980819702, 1.524556040763855, 1.4959179162979126, 1.4645179510116577, 1.4384835958480835, 1.5013502836227417]",sae,Pre-64
1,beta,12,0.07,0.4455148672091349,0.4361346773072694,0.4120206692219136,0.5,0.5892778403611032,0.7320254716731249,30,"[0, 1, 2, 3, 4, 5, 6, 7, 8, 9, 10, 11, 12, 13, 14, 15, 16, 17, 18, 19, 20, 21, 22, 23, 24, 25, 26, 27, 28, 29]","[1.374138593673706, 1.481794834136963, 1.3909305334091187, 1.2906901836395264, 1.478999137878418, 1.4148166179656982, 1.4084831476211548, 1.4606415033340454, 1.4959665536880493, 1.3669251203536987, 1.3687368631362915, 1.537083387374878, 1.3952349424362183, 1.4676721096038818, 1.352899193763733, 1.5407774448394775, 1.3253751993179321, 1.51918363571167, 1.440732479095459, 1.5333161354064941, 1.4971305131912231, 1.443616271018982, 1.3951919078826904, 1.539466142654419, 1.5169787406921387, 1.3857343196868896, 1.5174931287765503, 1.4626036882400513, 1.4161028861999512, 1.5479865074157715]",sae,Pre-64
1,beta,32,0.042,0.4555596844830426,0.4475674839123162,0.4754232954899894,0.5,0.5924839124839124,0.6372524361095788,30,"[0, 1, 2, 3, 4, 5, 6, 7, 8, 9, 10, 11, 12, 13, 14, 15, 16, 17, 18, 19, 20, 21, 22, 23, 24, 25, 26, 27, 28, 29]","[1.748530387878418, 1.6516120433807373, 1.7533330917358398, 1.6872212886810303, 1.668001651763916, 1.707520842552185, 1.6628259420394897, 1.6638398170471191, 1.626564860343933, 1.631102204322815, 1.6920711994171143, 1.6395732164382935, 1.6970951557159424, 1.5888725519180298, 1.5854766368865967, 1.5907310247421265, 1.6047091484069824, 1.7007358074188232, 1.6318360567092896, 1.6654587984085083, 1.7427921295166016, 1.6812013387680054, 1.5585328340530396, 1.7516354322433472, 1.6843693256378174, 1.5976066589355469, 1.7277767658233643, 1.5766711235046387, 1.7609663009643555, 1.7430322170257568]",sae,Pre-64
1,beta,33,0.072,0.4492211383258522,0.4377959816952598,0.4300421898127216,0.5,0.6165210074526608,0.6941382772616067,30,"[0, 1, 2, 3, 4, 5, 6, 7, 8, 9, 10, 11, 12, 13, 14, 15, 16, 17, 18, 19, 20, 21, 22, 23, 24, 25, 26, 27, 28, 29]","[1.4234343767166138, 1.4968080520629883, 1.450469732284546, 1.4223798513412476, 1.3684642314910889, 1.511354684829712, 1.3652299642562866, 1.4843926429748535, 1.4884614944458008, 1.4879074096679688, 1.437354326248169, 1.498278021812439, 1.4478094577789307, 1.3768197298049927, 1.4045116901397705, 1.484715461730957, 1.4013780355453491, 1.402187466621399, 1.499427080154419, 1.495373249053955, 1.4130241870880127, 1.3593547344207764, 1.5107399225234985, 1.4564650058746338, 1.5073187351226807, 1.401600956916809, 1.4022119045257568, 1.3778388500213623, 1.3492835760116577, 1.4139840602874756]",sae,Pre-64
1,beta,17,0.064,0.4599327030141671,0.4513468217402507,0.4456168188973258,0.5,0.6120635717004715,0.696804934288727,30,"[0, 1, 2, 3, 4, 5, 6, 7, 8, 9, 10, 11, 12, 13, 14, 15, 16, 17, 18, 19, 20, 21, 22, 23, 24, 25, 26, 27, 28, 29]","[1.5310190916061401, 1.4073915481567383, 1.441680669784546, 1.4653395414352417, 1.5464110374450684, 1.428946614265442, 1.4920079708099365, 1.3362780809402466, 1.449839472770691, 1.4601168632507324, 1.5141276121139526, 1.5229803323745728, 1.4577265977859497, 1.536462664604187, 1.459411382675171, 1.460880160331726, 1.5306075811386108, 1.4600684642791748, 1.513389229774475, 1.4809201955795288, 1.4024544954299927, 1.4789561033248901, 1.319409728050232, 1.4475253820419312, 1.4570322036743164, 1.4513972997665405, 1.4239637851715088, 1.4583501815795898, 1.4241840839385986, 1.5142450332641602]",sae,Pre-64
1,beta,11,0.062,0.4566976193509867,0.4496008864727478,0.4388923457853907,0.5,0.5995106990682213,0.7108281242683898,30,"[0, 1, 2, 3, 4, 5, 6, 7, 8, 9, 10, 11, 12, 13, 14, 15, 16, 17, 18, 19, 20, 21, 22, 23, 24, 25, 26, 27, 28, 29]","[1.5782842636108398, 1.4003528356552124, 1.5220030546188354, 1.4597761631011963, 1.6079562902450562, 1.4646183252334595, 1.481965184211731, 1.3363327980041504, 1.5921002626419067, 1.5977436304092407, 1.5987268686294556, 1.6236509084701538, 1.6370174884796143, 1.4961172342300415, 1.4809423685073853, 1.4972453117370605, 1.5523452758789062, 1.4640141725540161, 1.4888584613800049, 1.5672204494476318, 1.5194649696350098, 1.5539486408233643, 1.6112923622131348, 1.53432297706604, 1.5123611688613892, 1.579113483428955, 1.6111605167388916, 1.4569873809814453, 1.5069706439971924, 1.4764460325241089]",sae,Pre-64
1,beta,10,0.044,0.4493907433353129,0.4390813823454372,0.4482794353492256,0.5,0.6232207829487961,0.676789981700097,30,"[0, 1, 2, 3, 4, 5, 6, 7, 8, 9, 10, 11, 12, 13, 14, 15, 16, 17, 18, 19, 20, 21, 22, 23, 24, 25, 26, 27, 28, 29]","[1.5951306819915771, 1.500842809677124, 1.675643801689148, 1.5901414155960083, 1.5911736488342285, 1.5923821926116943, 1.662630319595337, 1.6220415830612183, 1.5334410667419434, 1.682227611541748, 1.581238865852356, 1.6333585977554321, 1.6373202800750732, 1.5937942266464233, 1.6292104721069336, 1.620505452156067, 1.6373196840286255, 1.5297588109970093, 1.621003270149231, 1.5609455108642578, 1.5674296617507935, 1.6190412044525146, 1.6791882514953613, 1.6864994764328003, 1.6393346786499023, 1.533036470413208, 1.6003278493881226, 1.5847212076187134, 1.6104228496551514, 1.688114881515503]",sae,Pre-64
1,beta,45,0.064,0.4515599815008028,0.4347157609968581,0.4473156130646273,0.5,0.6289673345145609,0.6764996289733921,30,"[0, 1, 2, 3, 4, 5, 6, 7, 8, 9, 10, 11, 12, 13, 14, 15, 16, 17, 18, 19, 20, 21, 22, 23, 24, 25, 26, 27, 28, 29]","[1.553110957145691, 1.5449284315109253, 1.4382121562957764, 1.618059515953064, 1.6140614748001099, 1.4700857400894165, 1.6256462335586548, 1.6015821695327759, 1.4808405637741089, 1.4409409761428833, 1.5504447221755981, 1.6295441389083862, 1.583977460861206, 1.4984703063964844, 1.5083986520767212, 1.526719093322754, 1.5402072668075562, 1.4143885374069214, 1.5398998260498047, 1.5323193073272705, 1.5831366777420044, 1.4811732769012451, 1.5931291580200195, 1.4606518745422363, 1.4400495290756226, 1.619227647781372, 1.4726215600967407, 1.4880502223968506, 1.4151890277862549, 1.620025873184204]",sae,Pre-64
1,beta,38,0.054,0.4455661720406026,0.4298851252298221,0.4443361890184298,0.5,0.6303640517897944,0.6594881949733435,30,"[0, 1, 2, 3, 4, 5, 6, 7, 8, 9, 10, 11, 12, 13, 14, 15, 16, 17, 18, 19, 20, 21, 22, 23, 24, 25, 26, 27, 28, 29]","[1.5493688583374023, 1.5431746244430542, 1.5433286428451538, 1.6350702047348022, 1.573962688446045, 1.442586898803711, 1.6378382444381714, 1.5807081460952759, 1.4783759117126465, 1.5701854228973389, 1.5402207374572754, 1.6178224086761475, 1.6053757667541504, 1.56199312210083, 1.6248542070388794, 1.550459623336792, 1.5284923315048218, 1.6345100402832031, 1.5124142169952393, 1.5902214050292969, 1.5614343881607056, 1.551236867904663, 1.633065104484558, 1.5012847185134888, 1.5549174547195435, 1.6329201459884644, 1.520627498626709, 1.6254609823226929, 1.5471951961517334, 1.6320877075195312]",sae,Pre-64
1,beta,43,0.048,0.4515364523902173,0.4432102910589974,0.4421296058201335,0.5,0.6060785767234989,0.6994277242401779,30,"[0, 1, 2, 3, 4, 5, 6, 7, 8, 9, 10, 11, 12, 13, 14, 15, 16, 17, 18, 19, 20, 21, 22, 23, 24, 25, 26, 27, 28, 29]","[1.526450514793396, 1.5996471643447876, 1.5755412578582764, 1.472915530204773, 1.5079056024551392, 1.44715416431427, 1.4779661893844604, 1.4648280143737793, 1.5647330284118652, 1.4544787406921387, 1.4200564622879028, 1.6100926399230957, 1.5389240980148315, 1.481400728225708, 1.481160283088684, 1.368910551071167, 1.5668439865112305, 1.4650191068649292, 1.5616238117218018, 1.5574058294296265, 1.460175633430481, 1.4732850790023804, 1.5984522104263306, 1.5310238599777222, 1.4539092779159546, 1.5348516702651978, 1.6011781692504883, 1.4646185636520386, 1.56038236618042, 1.610763669013977]",sae,Pre-64
1,beta,21,0.056,0.4504746503440228,0.4381370334360364,0.4403999132466382,0.5,0.6200058082774133,0.6872659696733772,30,"[0, 1, 2, 3, 4, 5, 6, 7, 8, 9, 10, 11, 12, 13, 14, 15, 16, 17, 18, 19, 20, 21, 22, 23, 24, 25, 26, 27, 28, 29]","[1.4497584104537964, 1.5004197359085083, 1.625063419342041, 1.6197619438171387, 1.6004894971847534, 1.581311821937561, 1.4949064254760742, 1.5036635398864746, 1.6094778776168823, 1.5216150283813477, 1.5995590686798096, 1.6079614162445068, 1.4869929552078247, 1.5140539407730103, 1.5100501775741577, 1.5037076473236084, 1.5047343969345093, 1.5161181688308716, 1.4469270706176758, 1.6166203022003174, 1.4418240785598755, 1.624583125114441, 1.4367254972457886, 1.454745888710022, 1.5102736949920654, 1.4683135747909546, 1.4357308149337769, 1.4905481338500977, 1.577946424484253, 1.5628530979156494]",sae,Pre-64
1,beta,34,0.068,0.4568527557813058,0.4470225010708758,0.4484663591834845,0.5,0.6011606799053854,0.6782551295450795,30,"[0, 1, 2, 3, 4, 5, 6, 7, 8, 9, 10, 11, 12, 13, 14, 15, 16, 17, 18, 19, 20, 21, 22, 23, 24, 25, 26, 27, 28, 29]","[1.3880938291549683, 1.4730114936828613, 1.4784491062164307, 1.423673391342163, 1.3732749223709106, 1.3886747360229492, 1.4298146963119507, 1.347432255744934, 1.3514128923416138, 1.3925272226333618, 1.4476549625396729, 1.2515759468078613, 1.4585918188095093, 1.34940505027771, 1.358046531677246, 1.382093071937561, 1.4748458862304688, 1.490561604499817, 1.3994140625, 1.3885637521743774, 1.406504511833191, 1.4928027391433716, 1.4265438318252563, 1.4506412744522095, 1.377914547920227, 1.3247778415679932, 1.5043021440505981, 1.4892208576202393, 1.4766675233840942, 1.4609825611114502]",sae,Pre-64
1,beta,41,0.07,0.4543678569363413,0.4427951465832617,0.4546205078010044,0.5,0.6190905384235713,0.6764007811326423,30,"[0, 1, 2, 3, 4, 5, 6, 7, 8, 9, 10, 11, 12, 13, 14, 15, 16, 17, 18, 19, 20, 21, 22, 23, 24, 25, 26, 27, 28, 29]","[1.4664297103881836, 1.559180498123169, 1.5002011060714722, 1.4225831031799316, 1.4350309371948242, 1.6031965017318726, 1.4588176012039185, 1.5223010778427124, 1.4904651641845703, 1.5866479873657227, 1.5786547660827637, 1.5157718658447266, 1.5188640356063843, 1.5870261192321777, 1.5869523286819458, 1.5020055770874023, 1.4987244606018066, 1.5356794595718384, 1.5730656385421753, 1.5357482433319092, 1.4474602937698364, 1.4998241662979126, 1.5040624141693115, 1.523942470550537, 1.4989962577819824, 1.4804564714431763, 1.5590616464614868, 1.5719157457351685, 1.5299475193023682, 1.451251745223999]",sae,Pre-64
1,beta,39,0.074,0.4461088087810431,0.4292341094433316,0.4384368334742705,0.5,0.6205127278095635,0.6698964481442314,30,"[0, 1, 2, 3, 4, 5, 6, 7, 8, 9, 10, 11, 12, 13, 14, 15, 16, 17, 18, 19, 20, 21, 22, 23, 24, 25, 26, 27, 28, 29]","[1.447231411933899, 1.5521310567855835, 1.4860283136367798, 1.4832453727722168, 1.4058362245559692, 1.455056071281433, 1.4484652280807495, 1.4842588901519775, 1.4088040590286255, 1.5312389135360718, 1.4556127786636353, 1.399451494216919, 1.4853224754333496, 1.3989156484603882, 1.4888241291046143, 1.5471984148025513, 1.5213038921356201, 1.5102394819259644, 1.430492639541626, 1.391701579093933, 1.400408387184143, 1.4877591133117676, 1.4404078722000122, 1.4372994899749756, 1.5049588680267334, 1.4543520212173462, 1.3546756505966187, 1.427113652229309, 1.5582159757614136, 1.427929162979126]",sae,Pre-64
1,beta,0,0.058,0.4600628296558519,0.4487196928272481,0.432483730010136,0.5,0.6146148452673732,0.7223345181440298,30,"[0, 1, 2, 3, 4, 5, 6, 7, 8, 9, 10, 11, 12, 13, 14, 15, 16, 17, 18, 19, 20, 21, 22, 23, 24, 25, 26, 27, 28, 29]","[1.3929351568222046, 1.436516523361206, 1.4136983156204224, 1.467205286026001, 1.386975646018982, 1.4107699394226074, 1.4582042694091797, 1.4888520240783691, 1.4719797372817993, 1.4167505502700806, 1.4081101417541504, 1.4232486486434937, 1.4844393730163574, 1.4678308963775635, 1.4846210479736328, 1.4333850145339966, 1.4446732997894287, 1.3679238557815552, 1.3178452253341675, 1.4679547548294067, 1.3887650966644287, 1.3758865594863892, 1.467725396156311, 1.410884976387024, 1.38591468334198, 1.3492257595062256, 1.473361611366272, 1.3583996295928955, 1.46639084815979, 1.3506006002426147]",sae,Pre-64
1,beta,29,0.066,0.4558655961502112,0.4409050416793991,0.4553080129565953,0.5,0.6296548282533407,0.6719617078605885,30,"[0, 1, 2, 3, 4, 5, 6, 7, 8, 9, 10, 11, 12, 13, 14, 15, 16, 17, 18, 19, 20, 21, 22, 23, 24, 25, 26, 27, 28, 29]","[1.3938173055648804, 1.3545854091644287, 1.1742825508117676, 1.458347201347351, 1.3858762979507446, 1.3588379621505737, 1.473404049873352, 1.3546713590621948, 1.4405146837234497, 1.46418297290802, 1.3871533870697021, 1.4322712421417236, 1.4491934776306152, 1.4265044927597046, 1.4056744575500488, 1.4255212545394897, 1.3564778566360474, 1.3884453773498535, 1.3545763492584229, 1.3974932432174683, 1.4757798910140991, 1.4917272329330444, 1.3803762197494507, 1.3930187225341797, 1.4041215181350708, 1.3289124965667725, 1.3883378505706787, 1.4708195924758911, 1.511523723602295, 1.3629308938980103]",sae,Pre-64
1,beta,27,0.07,0.4609757262074365,0.4537266978541116,0.4612148226528055,0.5,0.5914172664146189,0.6603338417380565,30,"[0, 1, 2, 3, 4, 5, 6, 7, 8, 9, 10, 11, 12, 13, 14, 15, 16, 17, 18, 19, 20, 21, 22, 23, 24, 25, 26, 27, 28, 29]","[1.532950758934021, 1.6059731245040894, 1.5343215465545654, 1.5185185670852661, 1.586950421333313, 1.4951282739639282, 1.5970195531845093, 1.4620459079742432, 1.567099690437317, 1.576101541519165, 1.4818382263183594, 1.6088790893554688, 1.521578311920166, 1.4814770221710205, 1.5206876993179321, 1.4340095520019531, 1.5253932476043701, 1.570129156112671, 1.5136418342590332, 1.5344570875167847, 1.6006656885147095, 1.5360990762710571, 1.4890025854110718, 1.4442874193191528, 1.5069642066955566, 1.6142239570617676, 1.4980376958847046, 1.5490020513534546, 1.4391815662384033, 1.5466046333312988]",sae,Pre-64
1,beta,24,0.074,0.4501416387440968,0.4383559369047743,0.4507995324088399,0.5,0.6188330126613704,0.6421518123138032,30,"[0, 1, 2, 3, 4, 5, 6, 7, 8, 9, 10, 11, 12, 13, 14, 15, 16, 17, 18, 19, 20, 21, 22, 23, 24, 25, 26, 27, 28, 29]","[1.531375527381897, 1.428992748260498, 1.4572490453720093, 1.5397380590438843, 1.5424689054489136, 1.445934534072876, 1.4603097438812256, 1.4561350345611572, 1.5067074298858643, 1.3931355476379395, 1.4925649166107178, 1.438307523727417, 1.5375986099243164, 1.523774266242981, 1.4579342603683472, 1.42363703250885, 1.5453413724899292, 1.3382408618927002, 1.4304378032684326, 1.5451922416687012, 1.5218582153320312, 1.5399583578109741, 1.4331101179122925, 1.5008983612060547, 1.4146918058395386, 1.3743067979812622, 1.491532802581787, 1.410317301750183, 1.5482436418533325, 1.447533369064331]",sae,Pre-64
1,beta,7,0.068,0.4564836922581216,0.4420418003909208,0.4378740550844199,0.5,0.6095136152062148,0.7014385572260334,30,"[0, 1, 2, 3, 4, 5, 6, 7, 8, 9, 10, 11, 12, 13, 14, 15, 16, 17, 18, 19, 20, 21, 22, 23, 24, 25, 26, 27, 28, 29]","[1.4038543701171875, 1.452263355255127, 1.467942237854004, 1.4362260103225708, 1.4851981401443481, 1.4392720460891724, 1.4061155319213867, 1.4433120489120483, 1.5414401292800903, 1.4465988874435425, 1.3694430589675903, 1.41165030002594, 1.3751083612442017, 1.3948310613632202, 1.553088665008545, 1.4665741920471191, 1.3933496475219727, 1.3835066556930542, 1.486903429031372, 1.4818613529205322, 1.4513503313064575, 1.4709701538085938, 1.4750726222991943, 1.412076711654663, 1.5100302696228027, 1.498693585395813, 1.4185172319412231, 1.3325341939926147, 1.5208854675292969, 1.4107904434204102]",sae,Pre-64
1,beta,42,0.078,0.4546678683050885,0.4407690563496341,0.4548725269509325,0.5,0.6336081445133979,0.661242603550296,30,"[0, 1, 2, 3, 4, 5, 6, 7, 8, 9, 10, 11, 12, 13, 14, 15, 16, 17, 18, 19, 20, 21, 22, 23, 24, 25, 26, 27, 28, 29]","[1.5534807443618774, 1.4137952327728271, 1.5570704936981201, 1.5571925640106201, 1.491295337677002, 1.5431594848632812, 1.4856120347976685, 1.4462671279907227, 1.4230023622512817, 1.5585156679153442, 1.5296251773834229, 1.5734097957611084, 1.4430556297302246, 1.2279444932937622, 1.5741373300552368, 1.4690362215042114, 1.4086471796035767, 1.390049695968628, 1.5260010957717896, 1.5433173179626465, 1.4599570035934448, 1.4488050937652588, 1.463801622390747, 1.4109220504760742, 1.4504895210266113, 1.4203977584838867, 1.5785880088806152, 1.4152153730392456, 1.4912556409835815, 1.4053566455841064]",sae,Pre-64
1,beta,2,0.075,0.4419681213812466,0.4306250660512843,0.427236467525485,0.5,0.6028191218064636,0.68946770529049,30,"[0, 1, 2, 3, 4, 5, 6, 7, 8, 9, 10, 11, 12, 13, 14, 15, 16, 17, 18, 19, 20, 21, 22, 23, 24, 25, 26, 27, 28, 29]","[1.3722736835479736, 1.3855180740356445, 1.361079216003418, 1.429664134979248, 1.377107858657837, 1.46364426612854, 1.383346676826477, 1.3964574337005615, 1.3328660726547241, 1.3542704582214355, 1.3912476301193237, 1.3341418504714966, 1.4143316745758057, 1.4677550792694092, 1.43966805934906, 1.3852627277374268, 1.4449747800827026, 1.4992271661758423, 1.4914157390594482, 1.4689147472381592, 1.3918843269348145, 1.3688682317733765, 1.4508910179138184, 1.4544039964675903, 1.36641263961792, 1.3727251291275024, 1.4308983087539673, 1.405884027481079, 1.215242862701416, 1.491381287574768]",sae,Pre-64
1,beta,14,0.078,0.4467366851483266,0.4421697276018216,0.4344353455539625,0.5,0.5934222168898753,0.6970995365857316,30,"[0, 1, 2, 3, 4, 5, 6, 7, 8, 9, 10, 11, 12, 13, 14, 15, 16, 17, 18, 19, 20, 21, 22, 23, 24, 25, 26, 27, 28, 29]","[1.438334345817566, 1.3249434232711792, 1.4130661487579346, 1.4337574243545532, 1.4539705514907837, 1.4195454120635986, 1.3991858959197998, 1.5043379068374634, 1.4216519594192505, 1.4854068756103516, 1.3765103816986084, 1.339762568473816, 1.3641606569290161, 1.4836231470108032, 1.4678155183792114, 1.426372766494751, 1.5051935911178589, 1.499072790145874, 1.418675184249878, 1.4119279384613037, 1.432134985923767, 1.4322028160095215, 1.4949219226837158, 1.3784204721450806, 1.4908009767532349, 1.4923323392868042, 1.4326884746551514, 1.5017482042312622, 1.4866143465042114, 1.3878597021102905]",sae,Pre-64
1,beta,18,0.084,0.4575117633693479,0.4471831599677374,0.4241872926854573,0.5,0.6052065040104606,0.7328500742282323,30,"[0, 1, 2, 3, 4, 5, 6, 7, 8, 9, 10, 11, 12, 13, 14, 15, 16, 17, 18, 19, 20, 21, 22, 23, 24, 25, 26, 27, 28, 29]","[1.3652474880218506, 1.535954236984253, 1.5556429624557495, 1.452148675918579, 1.4700193405151367, 1.4848498106002808, 1.6644980907440186, 1.4410027265548706, 1.5500329732894897, 1.4260456562042236, 1.6353496313095093, 1.5230329036712646, 1.5526782274246216, 1.556053876876831, 1.4841468334197998, 1.4427052736282349, 1.539919376373291, 1.4745125770568848, 1.4571545124053955, 1.399459719657898, 1.651578664779663, 1.463735818862915, 1.58610999584198, 1.5449203252792358, 1.5218337774276733, 1.4890520572662354, 1.5331932306289673, 1.5845052003860474, 1.5389447212219238, 1.4794138669967651]",sae,Pre-64
1,beta,37,0.065,0.4546908257221888,0.444978337644671,0.4340180220037344,0.5,0.6058579085235571,0.7172761675981701,30,"[0, 1, 2, 3, 4, 5, 6, 7, 8, 9, 10, 11, 12, 13, 14, 15, 16, 17, 18, 19, 20, 21, 22, 23, 24, 25, 26, 27, 28, 29]","[1.473348617553711, 1.5352188348770142, 1.5100065469741821, 1.4858241081237793, 1.437686800956726, 1.5454554557800293, 1.511420488357544, 1.559970736503601, 1.6060253381729126, 1.5458654165267944, 1.5098586082458496, 1.5178974866867065, 1.5443843603134155, 1.5488008260726929, 1.5819486379623413, 1.5263688564300537, 1.5159263610839844, 1.55995512008667, 1.5322498083114624, 1.5296450853347778, 1.5561871528625488, 1.5651715993881226, 1.5892701148986816, 1.5733948945999146, 1.5317851305007935, 1.569868564605713, 1.538201928138733, 1.5680458545684814, 1.5700863599777222, 1.5844560861587524]",sae,Pre-64
1,beta,0,0.048,0.4600628296558519,0.4487196928272481,0.43541831954691,0.5,0.6146148452673732,0.7220531446153473,30,"[0, 1, 2, 3, 4, 5, 6, 7, 8, 9, 10, 11, 12, 13, 14, 15, 16, 17, 18, 19, 20, 21, 22, 23, 24, 25, 26, 27, 28, 29]","[1.5099656581878662, 1.5450581312179565, 1.551068902015686, 1.5995951890945435, 1.4939626455307007, 1.5348196029663086, 1.5935944318771362, 1.6197890043258667, 1.601783275604248, 1.5221806764602661, 1.5289766788482666, 1.5364910364151, 1.623548984527588, 1.601083517074585, 1.6180195808410645, 1.5383514165878296, 1.5778182744979858, 1.486841082572937, 1.4616574048995972, 1.6042004823684692, 1.5045578479766846, 1.487015724182129, 1.5982728004455566, 1.524203896522522, 1.5040510892868042, 1.4703222513198853, 1.5959426164627075, 1.474981427192688, 1.6082029342651367, 1.4813750982284546]",sae,Pre-64
1,beta,10,0.054,0.4493907433353129,0.4390813823454372,0.4434952044695429,0.5,0.6232207829487961,0.6769844630234311,30,"[0, 1, 2, 3, 4, 5, 6, 7, 8, 9, 10, 11, 12, 13, 14, 15, 16, 17, 18, 19, 20, 21, 22, 23, 24, 25, 26, 27, 28, 29]","[1.4331241846084595, 1.344294786453247, 1.5116082429885864, 1.4301968812942505, 1.4260475635528564, 1.4349185228347778, 1.523032307624817, 1.4496960639953613, 1.3369323015213013, 1.4867547750473022, 1.438397765159607, 1.4622606039047241, 1.4617024660110474, 1.436962604522705, 1.4992084503173828, 1.4575213193893433, 1.4667761325836182, 1.3764797449111938, 1.4324980974197388, 1.3920249938964844, 1.412177324295044, 1.4428857564926147, 1.5036606788635254, 1.5055384635925293, 1.443097710609436, 1.3780792951583862, 1.439337968826294, 1.440026044845581, 1.4382601976394653, 1.4932363033294678]",sae,Pre-64
1,beta,17,0.075,0.4599327030141671,0.4513468217402507,0.4455764222652807,0.5,0.6120635717004715,0.6968005588849138,30,"[0, 1, 2, 3, 4, 5, 6, 7, 8, 9, 10, 11, 12, 13, 14, 15, 16, 17, 18, 19, 20, 21, 22, 23, 24, 25, 26, 27, 28, 29]","[1.5285505056381226, 1.4049043655395508, 1.4392095804214478, 1.4628618955612183, 1.5439521074295044, 1.4264808893203735, 1.4895292520523071, 1.3337674140930176, 1.44736909866333, 1.457654595375061, 1.5116745233535767, 1.5205137729644775, 1.455240249633789, 1.5340160131454468, 1.4569528102874756, 1.4584126472473145, 1.5281505584716797, 1.4576023817062378, 1.510932207107544, 1.4784467220306396, 1.3999824523925781, 1.4764878749847412, 1.316920518875122, 1.44504714012146, 1.454584002494812, 1.4489434957504272, 1.4214783906936646, 1.4558806419372559, 1.4217114448547363, 1.511793613433838]",sae,Pre-64
1,beta,38,0.044,0.4455661720406026,0.4298851252298221,0.4444168855480716,0.5,0.6303640517897944,0.6594760091393754,30,"[0, 1, 2, 3, 4, 5, 6, 7, 8, 9, 10, 11, 12, 13, 14, 15, 16, 17, 18, 19, 20, 21, 22, 23, 24, 25, 26, 27, 28, 29]","[1.5537744760513306, 1.5475964546203613, 1.5477330684661865, 1.6394327878952026, 1.5783807039260864, 1.4470033645629883, 1.6422176361083984, 1.5850708484649658, 1.4826983213424683, 1.5746264457702637, 1.5446220636367798, 1.6221803426742554, 1.6097748279571533, 1.566381812095642, 1.6292356252670288, 1.554868459701538, 1.5329440832138062, 1.6388932466506958, 1.5168004035949707, 1.5946158170700073, 1.5658541917800903, 1.5556983947753906, 1.6374484300613403, 1.5056747198104858, 1.5593589544296265, 1.6373038291931152, 1.5250036716461182, 1.629863977432251, 1.5516016483306885, 1.636488914489746]",sae,Pre-64
1,beta,5,0.072,0.4445517550333296,0.4301735816232515,0.4290093011514692,0.5,0.6070910659257547,0.6831757124194445,30,"[0, 1, 2, 3, 4, 5, 6, 7, 8, 9, 10, 11, 12, 13, 14, 15, 16, 17, 18, 19, 20, 21, 22, 23, 24, 25, 26, 27, 28, 29]","[1.385365605354309, 1.2809299230575562, 1.2825769186019897, 1.4008338451385498, 1.4002132415771484, 1.3330475091934204, 1.3297853469848633, 1.3110512495040894, 1.3712736368179321, 1.2925570011138916, 1.3813817501068115, 1.4023821353912354, 1.331587314605713, 1.3358720541000366, 1.412297010421753, 1.3597885370254517, 1.365331768989563, 1.3921575546264648, 1.2717509269714355, 1.3386757373809814, 1.4148024320602417, 1.342427372932434, 1.4109821319580078, 1.2931883335113525, 1.3383287191390991, 1.4151225090026855, 1.2837541103363037, 1.3162721395492554, 1.3917478322982788, 1.3399856090545654]",sae,Pre-64
1,beta,37,0.046,0.4546908257221888,0.444978337644671,0.4341095614204793,0.5,0.6058579085235571,0.7172580606221557,30,"[0, 1, 2, 3, 4, 5, 6, 7, 8, 9, 10, 11, 12, 13, 14, 15, 16, 17, 18, 19, 20, 21, 22, 23, 24, 25, 26, 27, 28, 29]","[1.4810152053833008, 1.5429099798202515, 1.517612099647522, 1.4934957027435303, 1.4453943967819214, 1.5531246662139893, 1.51898193359375, 1.5676624774932861, 1.6137099266052246, 1.5535669326782227, 1.5175859928131104, 1.5255736112594604, 1.5520440340042114, 1.5563957691192627, 1.5896167755126953, 1.534042239189148, 1.5236035585403442, 1.5676311254501343, 1.5399199724197388, 1.5372288227081299, 1.563833475112915, 1.5727853775024414, 1.596939206123352, 1.5810596942901611, 1.5394517183303833, 1.5775271654129028, 1.545828938484192, 1.575659155845642, 1.5777320861816406, 1.59211003780365]",sae,Pre-64
1,beta,21,0.068,0.4504746503440228,0.4381370334360364,0.4403513565949583,0.5,0.6200058082774133,0.68725670114559,30,"[0, 1, 2, 3, 4, 5, 6, 7, 8, 9, 10, 11, 12, 13, 14, 15, 16, 17, 18, 19, 20, 21, 22, 23, 24, 25, 26, 27, 28, 29]","[1.445841908454895, 1.496516466140747, 1.6211870908737183, 1.6158899068832397, 1.5966731309890747, 1.5774590969085693, 1.4910187721252441, 1.4997795820236206, 1.605628252029419, 1.5177230834960938, 1.5956674814224243, 1.604122281074524, 1.4831149578094482, 1.5101665258407593, 1.5061626434326172, 1.4998465776443481, 1.5008301734924316, 1.5122581720352173, 1.443000316619873, 1.6127477884292603, 1.4378851652145386, 1.6207127571105957, 1.432791829109192, 1.4508302211761475, 1.5063544511795044, 1.4644122123718262, 1.431873083114624, 1.4866195917129517, 1.5740467309951782, 1.5589722394943237]",sae,Pre-64
1,beta,46,0.084,0.4545712902572906,0.4417269056853911,0.4495513845475227,0.5,0.6270377926330811,0.6878148019839385,30,"[0, 1, 2, 3, 4, 5, 6, 7, 8, 9, 10, 11, 12, 13, 14, 15, 16, 17, 18, 19, 20, 21, 22, 23, 24, 25, 26, 27, 28, 29]","[1.3978179693222046, 1.4947314262390137, 1.4945156574249268, 1.4839361906051636, 1.4030171632766724, 1.5289098024368286, 1.4192774295806885, 1.536763310432434, 1.4777401685714722, 1.5796602964401245, 1.299957275390625, 1.4122041463851929, 1.543099045753479, 1.3950644731521606, 1.4602824449539185, 1.5388398170471191, 1.47502863407135, 1.4903744459152222, 1.5486637353897095, 1.5330979824066162, 1.4527894258499146, 1.4509992599487305, 1.4837380647659302, 1.4817101955413818, 1.4921029806137085, 1.5026475191116333, 1.4712166786193848, 1.5297045707702637, 1.4542838335037231, 1.4748671054840088]",sae,Pre-64
1,beta,23,0.065,0.4478205607315014,0.4344954522622479,0.4346212292963763,0.5,0.6150139710231751,0.6749902800407255,30,"[0, 1, 2, 3, 4, 5, 6, 7, 8, 9, 10, 11, 12, 13, 14, 15, 16, 17, 18, 19, 20, 21, 22, 23, 24, 25, 26, 27, 28, 29]","[1.3963263034820557, 1.4556552171707153, 1.4346846342086792, 1.5469449758529663, 1.326117753982544, 1.3922333717346191, 1.528258204460144, 1.4195479154586792, 1.3948183059692383, 1.5293854475021362, 1.534470558166504, 1.489203929901123, 1.478419303894043, 1.3734056949615479, 1.4669266939163208, 1.526276707649231, 1.218870759010315, 1.4320608377456665, 1.377231478691101, 1.4091986417770386, 1.5241774320602417, 1.5464344024658203, 1.3972411155700684, 1.5393753051757812, 1.53219735622406, 1.4397711753845215, 1.395522117614746, 1.436913013458252, 1.4392969608306885, 1.547824501991272]",sae,Pre-64
1,beta,47,0.072,0.4460371044958436,0.4257646434940195,0.4058167090950417,0.5,0.6434257056516428,0.7328795087764417,30,"[0, 1, 2, 3, 4, 5, 6, 7, 8, 9, 10, 11, 12, 13, 14, 15, 16, 17, 18, 19, 20, 21, 22, 23, 24, 25, 26, 27, 28, 29]","[1.5545523166656494, 1.397003173828125, 1.396360993385315, 1.409401774406433, 1.5019495487213135, 1.5336525440216064, 1.4863197803497314, 1.5136597156524658, 1.4980956315994263, 1.4227207899093628, 1.4330661296844482, 1.372165322303772, 1.4133676290512085, 1.55470609664917, 1.3792784214019775, 1.522220253944397, 1.427174687385559, 1.4980952739715576, 1.3408540487289429, 1.378594994544983, 1.4257326126098633, 1.476831316947937, 1.51631498336792, 1.3931790590286255, 1.4875154495239258, 1.3752633333206177, 1.327839970588684, 1.489258885383606, 1.3754173517227173, 1.4591619968414307]",sae,Pre-64
1,beta,44,0.045,0.4469012312759677,0.43811650775401,0.4659494664825781,0.5,0.5982762074796864,0.6233670962153754,30,"[0, 1, 2, 3, 4, 5, 6, 7, 8, 9, 10, 11, 12, 13, 14, 15, 16, 17, 18, 19, 20, 21, 22, 23, 24, 25, 26, 27, 28, 29]","[1.6990845203399658, 1.69049072265625, 1.6779820919036865, 1.6303406953811646, 1.6871932744979858, 1.7777717113494873, 1.78608238697052, 1.631758451461792, 1.7098819017410278, 1.815561056137085, 1.702057957649231, 1.6846275329589844, 1.7003906965255737, 1.6376181840896606, 1.7948951721191406, 1.78728449344635, 1.615394115447998, 1.5544586181640625, 1.7128973007202148, 1.700122594833374, 1.6303237676620483, 1.624215006828308, 1.7265653610229492, 1.7181957960128784, 1.7564431428909302, 1.6646714210510254, 1.656882405281067, 1.696287989616394, 1.7192484140396118, 1.6997878551483154]",sae,Pre-64
1,beta,40,0.062,0.44666181227492,0.4340193094910912,0.4368670005502554,0.5,0.6093636266731638,0.6688498378230215,30,"[0, 1, 2, 3, 4, 5, 6, 7, 8, 9, 10, 11, 12, 13, 14, 15, 16, 17, 18, 19, 20, 21, 22, 23, 24, 25, 26, 27, 28, 29]","[1.5910955667495728, 1.5615960359573364, 1.5177273750305176, 1.4612122774124146, 1.5015778541564941, 1.5235662460327148, 1.5222766399383545, 1.5638171434402466, 1.5405941009521484, 1.5822622776031494, 1.486285924911499, 1.5001881122589111, 1.5696762800216675, 1.491697072982788, 1.488115906715393, 1.596291184425354, 1.5228512287139893, 1.5115587711334229, 1.478670358657837, 1.511023998260498, 1.464700698852539, 1.4773374795913696, 1.5833358764648438, 1.5079126358032227, 1.5785382986068726, 1.4916894435882568, 1.5593796968460083, 1.4942095279693604, 1.6064307689666748, 1.465848445892334]",sae,Pre-64
1,beta,31,0.075,0.4497611378811508,0.4308970333737342,0.4336076682666365,0.5,0.642735734520437,0.7099771636700006,30,"[0, 1, 2, 3, 4, 5, 6, 7, 8, 9, 10, 11, 12, 13, 14, 15, 16, 17, 18, 19, 20, 21, 22, 23, 24, 25, 26, 27, 28, 29]","[1.560302734375, 1.5211982727050781, 1.4374570846557617, 1.4616470336914062, 1.511942982673645, 1.5988597869873047, 1.4750665426254272, 1.5319918394088745, 1.48182213306427, 1.5507162809371948, 1.50233793258667, 1.5306391716003418, 1.565195083618164, 1.4008219242095947, 1.5648378133773804, 1.5011626482009888, 1.5250263214111328, 1.5245569944381714, 1.538496494293213, 1.4934825897216797, 1.582540512084961, 1.5243594646453857, 1.5776118040084839, 1.5293054580688477, 1.5186338424682617, 1.5453171730041504, 1.4379841089248657, 1.5909749269485474, 1.4343961477279663, 1.5312750339508057]",sae,Pre-64
1,beta,6,0.042,0.4540822999211705,0.4457917896713532,0.4520478435362391,0.5,0.5933447799067053,0.665224195827572,30,"[0, 1, 2, 3, 4, 5, 6, 7, 8, 9, 10, 11, 12, 13, 14, 15, 16, 17, 18, 19, 20, 21, 22, 23, 24, 25, 26, 27, 28, 29]","[1.6676067113876343, 1.7120459079742432, 1.5946896076202393, 1.7299805879592896, 1.5839673280715942, 1.6316124200820923, 1.60944664478302, 1.6622273921966553, 1.5657343864440918, 1.691038966178894, 1.6122568845748901, 1.572610855102539, 1.6135920286178589, 1.5677766799926758, 1.3805614709854126, 1.7084465026855469, 1.5902281999588013, 1.6560028791427612, 1.6472125053405762, 1.6444969177246094, 1.6322556734085083, 1.5768043994903564, 1.706305980682373, 1.6154834032058716, 1.5755772590637207, 1.6547883749008179, 1.6205607652664185, 1.5616272687911987, 1.620536208152771, 1.6665890216827393]",sae,Pre-64
1,beta,28,0.058,0.4589844236982603,0.4495627040154577,0.4417860203496426,0.5,0.5987249917034086,0.6982707533304888,30,"[0, 1, 2, 3, 4, 5, 6, 7, 8, 9, 10, 11, 12, 13, 14, 15, 16, 17, 18, 19, 20, 21, 22, 23, 24, 25, 26, 27, 28, 29]","[1.4552412033081055, 1.3387644290924072, 1.3279919624328613, 1.5474896430969238, 1.5015506744384766, 1.4854261875152588, 1.4461065530776978, 1.3790218830108643, 1.4798508882522583, 1.5114449262619019, 1.4414552450180054, 1.47199285030365, 1.5191694498062134, 1.5292667150497437, 1.4622180461883545, 1.4092674255371094, 1.4440009593963623, 1.5005643367767334, 1.475182056427002, 1.475327968597412, 1.409847617149353, 1.43007493019104, 1.4318647384643555, 1.3800421953201294, 1.4116194248199463, 1.500258207321167, 1.5390814542770386, 1.4223047494888306, 1.4010252952575684, 1.4130680561065674]",sae,Pre-64
1,beta,6,0.06,0.4540822999211705,0.4457917896713532,0.4501789114854554,0.5,0.5933447799067053,0.6644675064197043,30,"[0, 1, 2, 3, 4, 5, 6, 7, 8, 9, 10, 11, 12, 13, 14, 15, 16, 17, 18, 19, 20, 21, 22, 23, 24, 25, 26, 27, 28, 29]","[1.6131253242492676, 1.6514577865600586, 1.5429586172103882, 1.6691292524337769, 1.531618356704712, 1.5669662952423096, 1.5465611219406128, 1.6067237854003906, 1.5090770721435547, 1.6326526403427124, 1.5543431043624878, 1.5083760023117065, 1.554875135421753, 1.513687014579773, 1.3296555280685425, 1.6427925825119019, 1.527432918548584, 1.5918443202972412, 1.5899667739868164, 1.5926610231399536, 1.5731483697891235, 1.522444725036621, 1.646918773651123, 1.564029335975647, 1.5175427198410034, 1.5909432172775269, 1.5481151342391968, 1.5077241659164429, 1.5637019872665405, 1.6043286323547363]",sae,Pre-64
1,beta,2,0.066,0.4419681213812466,0.4306250660512843,0.4272532260844405,0.5,0.6028191218064636,0.6894677052904901,30,"[0, 1, 2, 3, 4, 5, 6, 7, 8, 9, 10, 11, 12, 13, 14, 15, 16, 17, 18, 19, 20, 21, 22, 23, 24, 25, 26, 27, 28, 29]","[1.3737144470214844, 1.3869566917419434, 1.3625141382217407, 1.4311078786849976, 1.3785444498062134, 1.4650717973709106, 1.3847901821136475, 1.397901177406311, 1.3343149423599243, 1.3557168245315552, 1.3926855325698853, 1.335601806640625, 1.4157696962356567, 1.46918523311615, 1.4411022663116455, 1.3866990804672241, 1.4464051723480225, 1.5006603002548218, 1.4928464889526367, 1.4703489542007446, 1.3933252096176147, 1.3703067302703857, 1.4523276090621948, 1.4558367729187012, 1.3678520917892456, 1.3741575479507446, 1.4323341846466064, 1.407330870628357, 1.2166948318481445, 1.4928138256072998]",sae,Pre-64
1,beta,36,0.076,0.4642138821845151,0.4576483090311837,0.4619957204502855,0.5,0.6031055233182893,0.674262754049988,30,"[0, 1, 2, 3, 4, 5, 6, 7, 8, 9, 10, 11, 12, 13, 14, 15, 16, 17, 18, 19, 20, 21, 22, 23, 24, 25, 26, 27, 28, 29]","[1.518501877784729, 1.509891390800476, 1.4298607110977173, 1.5110174417495728, 1.3884152173995972, 1.5394670963287354, 1.4368327856063843, 1.481305480003357, 1.5517194271087646, 1.404478669166565, 1.4387825727462769, 1.540588617324829, 1.4300557374954224, 1.4657886028289795, 1.4762706756591797, 1.5538400411605835, 1.5060832500457764, 1.4898384809494019, 1.548670768737793, 1.422575831413269, 1.4645328521728516, 1.4546184539794922, 1.4600774049758911, 1.4365918636322021, 1.5336662530899048, 1.5144306421279907, 1.4458237886428833, 1.4962307214736938, 1.5313259363174438, 1.4249310493469238]",sae,Pre-64
1,beta,16,0.045,0.4519396108125126,0.4401978349795346,0.4371753748479564,0.5,0.6159012314439947,0.720467032967033,30,"[0, 1, 2, 3, 4, 5, 6, 7, 8, 9, 10, 11, 12, 13, 14, 15, 16, 17, 18, 19, 20, 21, 22, 23, 24, 25, 26, 27, 28, 29]","[1.6355652809143066, 1.548768401145935, 1.6060857772827148, 1.6709811687469482, 1.6863080263137817, 1.5829442739486694, 1.6842691898345947, 1.6290804147720337, 1.5792112350463867, 1.6853420734405518, 1.6921801567077637, 1.6293039321899414, 1.6038182973861694, 1.5751725435256958, 1.6024870872497559, 1.614689826965332, 1.621771216392517, 1.5414398908615112, 1.5818514823913574, 1.6762982606887817, 1.7007114887237549, 1.662802815437317, 1.6662811040878296, 1.6656219959259033, 1.5589537620544434, 1.6563724279403687, 1.617386817932129, 1.5812227725982666, 1.5535027980804443, 1.5947948694229126]",sae,Pre-64
1,beta,49,0.05,0.462130925118617,0.4524487678230295,0.4544519528758642,0.5,0.6141152509743157,0.685039266093816,30,"[0, 1, 2, 3, 4, 5, 6, 7, 8, 9, 10, 11, 12, 13, 14, 15, 16, 17, 18, 19, 20, 21, 22, 23, 24, 25, 26, 27, 28, 29]","[1.6035640239715576, 1.6802765130996704, 1.6768736839294434, 1.6375503540039062, 1.5673989057540894, 1.610765814781189, 1.7366377115249634, 1.6376992464065552, 1.7822072505950928, 1.685241937637329, 1.648290753364563, 1.6005799770355225, 1.699863076210022, 1.6879947185516357, 1.756521463394165, 1.717042088508606, 1.7596466541290283, 1.7645373344421387, 1.6089493036270142, 1.7080035209655762, 1.7530133724212646, 1.621094822883606, 1.7606780529022217, 1.6736788749694824, 1.5890165567398071, 1.6806519031524658, 1.687403678894043, 1.6045045852661133, 1.603742003440857, 1.6035051345825195]",sae,Pre-64
1,beta,45,0.075,0.4515599815008028,0.4347157609968581,0.447263376155347,0.5,0.6289673345145609,0.6764890282131661,30,"[0, 1, 2, 3, 4, 5, 6, 7, 8, 9, 10, 11, 12, 13, 14, 15, 16, 17, 18, 19, 20, 21, 22, 23, 24, 25, 26, 27, 28, 29]","[1.5491384267807007, 1.5409655570983887, 1.4342522621154785, 1.6141213178634644, 1.6101197004318237, 1.4662021398544312, 1.6216946840286255, 1.5976741313934326, 1.4768600463867188, 1.4370222091674805, 1.5465096235275269, 1.625613808631897, 1.5800498723983765, 1.4945731163024902, 1.504462718963623, 1.5227421522140503, 1.5362706184387207, 1.4104777574539185, 1.5359488725662231, 1.528347373008728, 1.5792230367660522, 1.477279543876648, 1.5891951322555542, 1.4567655324935913, 1.4361660480499268, 1.6152935028076172, 1.468692660331726, 1.4840770959854126, 1.4113050699234009, 1.616085410118103]",sae,Pre-64
1,beta,19,0.072,0.4469965829377276,0.435497383761294,0.4159526687768023,0.5,0.6104665954706788,0.71253258786946,30,"[0, 1, 2, 3, 4, 5, 6, 7, 8, 9, 10, 11, 12, 13, 14, 15, 16, 17, 18, 19, 20, 21, 22, 23, 24, 25, 26, 27, 28, 29]","[1.4665018320083618, 1.4793546199798584, 1.5638935565948486, 1.4970120191574097, 1.440428376197815, 1.4457738399505615, 1.4797130823135376, 1.56095290184021, 1.4412658214569092, 1.5772594213485718, 1.5917109251022339, 1.604158878326416, 1.4792160987854004, 1.4756138324737549, 1.4184303283691406, 1.4383306503295898, 1.5648009777069092, 1.5909664630889893, 1.427851676940918, 1.448643445968628, 1.614717960357666, 1.4643739461898804, 1.4806865453720093, 1.4548954963684082, 1.446046233177185, 1.5783978700637817, 1.5795893669128418, 1.4863543510437012, 1.4684371948242188, 1.434441328048706]",sae,Pre-64
1,beta,1,0.078,0.4560357198099471,0.4497423189216591,0.4463188445256358,0.5,0.5964054457666336,0.6820090782452661,30,"[0, 1, 2, 3, 4, 5, 6, 7, 8, 9, 10, 11, 12, 13, 14, 15, 16, 17, 18, 19, 20, 21, 22, 23, 24, 25, 26, 27, 28, 29]","[1.4101940393447876, 1.31093168258667, 1.3638278245925903, 1.2508721351623535, 1.3465328216552734, 1.2736437320709229, 1.281553030014038, 1.348452091217041, 1.254814863204956, 1.3107526302337646, 1.3094536066055298, 1.3522981405258179, 1.4031198024749756, 1.2801042795181274, 1.4004868268966675, 1.2321112155914307, 1.2553662061691284, 1.3096790313720703, 1.3805948495864868, 1.4110451936721802, 1.3997218608856201, 1.3604164123535156, 1.3348735570907593, 1.3053134679794312, 1.272608995437622, 1.2963931560516357, 1.3248176574707031, 1.3300050497055054, 1.4123401641845703, 1.3347169160842896]",sae,Pre-64
1,beta,11,0.074,0.4566976193509867,0.4496008864727478,0.436806316161121,0.5,0.5995106990682213,0.7107330149365547,30,"[0, 1, 2, 3, 4, 5, 6, 7, 8, 9, 10, 11, 12, 13, 14, 15, 16, 17, 18, 19, 20, 21, 22, 23, 24, 25, 26, 27, 28, 29]","[1.4612401723861694, 1.2675855159759521, 1.4179680347442627, 1.3399890661239624, 1.4953018426895142, 1.3615235090255737, 1.3690372705459595, 1.248755931854248, 1.4802149534225464, 1.4818081855773926, 1.4973666667938232, 1.5109992027282715, 1.5129685401916504, 1.4072049856185913, 1.3778812885284424, 1.382265567779541, 1.434381127357483, 1.362123966217041, 1.3913456201553345, 1.4523017406463623, 1.4211554527282715, 1.4369943141937256, 1.4948256015777588, 1.4124763011932373, 1.4022842645645142, 1.4682151079177856, 1.4971565008163452, 1.3536758422851562, 1.395116925239563, 1.3756654262542725]",sae,Pre-64
1,beta,13,0.07,0.4619123366083722,0.4531466051409948,0.4416764875285778,0.5,0.6127276801885291,0.7102029195495939,30,"[0, 1, 2, 3, 4, 5, 6, 7, 8, 9, 10, 11, 12, 13, 14, 15, 16, 17, 18, 19, 20, 21, 22, 23, 24, 25, 26, 27, 28, 29]","[1.601102352142334, 1.4309184551239014, 1.5857077836990356, 1.5072017908096313, 1.4882497787475586, 1.5945664644241333, 1.5277538299560547, 1.5166749954223633, 1.5504971742630005, 1.5194785594940186, 1.594592809677124, 1.4992767572402954, 1.5619899034500122, 1.5533429384231567, 1.5758416652679443, 1.4636656045913696, 1.4854110479354858, 1.5538209676742554, 1.5373663902282715, 1.5331363677978516, 1.5086677074432373, 1.4488312005996704, 1.5033520460128784, 1.4729712009429932, 1.5044398307800293, 1.446280598640442, 1.5167236328125, 1.4559491872787476, 1.5468591451644897, 1.5107107162475586]",sae,Pre-64
1,beta,48,0.08,0.4556814132376,0.4510566266980289,0.4889920516050706,0.5,0.5923878577171784,0.5941828137209381,30,"[0, 1, 2, 3, 4, 5, 6, 7, 8, 9, 10, 11, 12, 13, 14, 15, 16, 17, 18, 19, 20, 21, 22, 23, 24, 25, 26, 27, 28, 29]","[1.6331160068511963, 1.56881582736969, 1.550827145576477, 1.5327682495117188, 1.5206459760665894, 1.4518288373947144, 1.556976318359375, 1.503234624862671, 1.51835036277771, 1.5057045221328735, 1.5895079374313354, 1.5236420631408691, 1.559751033782959, 1.525518536567688, 1.4815795421600342, 1.5625298023223877, 1.6116329431533813, 1.5766171216964722, 1.5966448783874512, 1.462947130203247, 1.5155490636825562, 1.620646357536316, 1.6244287490844727, 1.4511678218841553, 1.5219770669937134, 1.5975490808486938, 1.6037858724594116, 1.625239610671997, 1.5154670476913452, 1.5570367574691772]",sae,Pre-64
1,beta,4,0.084,0.4589558369307028,0.4477177462853796,0.4573381485773574,0.5,0.61034827708266,0.6589377779829786,30,"[0, 1, 2, 3, 4, 5, 6, 7, 8, 9, 10, 11, 12, 13, 14, 15, 16, 17, 18, 19, 20, 21, 22, 23, 24, 25, 26, 27, 28, 29]","[1.3954319953918457, 1.3802398443222046, 1.3016413450241089, 1.4447910785675049, 1.2744898796081543, 1.3218994140625, 1.3697896003723145, 1.305121660232544, 1.390811800956726, 1.426429033279419, 1.3943108320236206, 1.3364180326461792, 1.446396827697754, 1.333004355430603, 1.3011720180511475, 1.3883659839630127, 1.3922898769378662, 1.360277533531189, 1.3188046216964722, 1.414324164390564, 1.3757550716400146, 1.438391923904419, 1.3769652843475342, 1.2915853261947632, 1.3720729351043701, 1.311230182647705, 1.328855037689209, 1.342182993888855, 1.4212361574172974, 1.2958588600158691]",sae,Pre-64
1,beta,33,0.042,0.4492211383258522,0.4377959816952598,0.43505801148381,0.5,0.6165210074526608,0.6907089219803996,30,"[0, 1, 2, 3, 4, 5, 6, 7, 8, 9, 10, 11, 12, 13, 14, 15, 16, 17, 18, 19, 20, 21, 22, 23, 24, 25, 26, 27, 28, 29]","[1.6434955596923828, 1.6947693824768066, 1.6439182758331299, 1.5968917608261108, 1.536239504814148, 1.7256962060928345, 1.5484857559204102, 1.698145866394043, 1.6767641305923462, 1.6871699094772339, 1.6143758296966553, 1.7033690214157104, 1.6741104125976562, 1.5349037647247314, 1.605734944343567, 1.665118932723999, 1.5856565237045288, 1.575508713722229, 1.7062063217163086, 1.7205309867858887, 1.6141297817230225, 1.5394971370697021, 1.7147173881530762, 1.6468703746795654, 1.7116271257400513, 1.623432993888855, 1.581193208694458, 1.5325430631637573, 1.530998706817627, 1.576878547668457]",sae,Pre-64
1,beta,29,0.078,0.4558655961502112,0.4409050416793991,0.4552856430584334,0.5,0.6296548282533407,0.6719392289121238,30,"[0, 1, 2, 3, 4, 5, 6, 7, 8, 9, 10, 11, 12, 13, 14, 15, 16, 17, 18, 19, 20, 21, 22, 23, 24, 25, 26, 27, 28, 29]","[1.3923052549362183, 1.3530805110931396, 1.1727343797683716, 1.4568397998809814, 1.3843573331832886, 1.3573206663131714, 1.471896767616272, 1.3531479835510254, 1.4390006065368652, 1.4626812934875488, 1.3856350183486938, 1.4307551383972168, 1.4476797580718994, 1.4249904155731201, 1.4041696786880493, 1.4240044355392456, 1.3549832105636597, 1.3869432210922241, 1.3530608415603638, 1.3959780931472778, 1.4742668867111206, 1.4902251958847046, 1.378858208656311, 1.3914952278137207, 1.402612566947937, 1.3273911476135254, 1.3868242502212524, 1.4693164825439453, 1.5100129842758179, 1.3614165782928467]",sae,Pre-64
1,beta,41,0.082,0.4543678569363413,0.4427951465832617,0.4506688637356605,0.5,0.6190905384235713,0.6749129094329636,30,"[0, 1, 2, 3, 4, 5, 6, 7, 8, 9, 10, 11, 12, 13, 14, 15, 16, 17, 18, 19, 20, 21, 22, 23, 24, 25, 26, 27, 28, 29]","[1.3109550476074219, 1.3703150749206543, 1.280081033706665, 1.2520461082458496, 1.2501527070999146, 1.4174442291259766, 1.293965458869934, 1.3418124914169312, 1.3161897659301758, 1.3850419521331787, 1.3794848918914795, 1.3404617309570312, 1.3467730283737183, 1.3929076194763184, 1.3974080085754395, 1.3271507024765015, 1.2906690835952759, 1.3461343050003052, 1.3461122512817383, 1.3513251543045044, 1.2634257078170776, 1.3180162906646729, 1.3319326639175415, 1.3407433032989502, 1.3362871408462524, 1.316611409187317, 1.3717116117477417, 1.3799715042114258, 1.3336584568023682, 1.2855356931686401]",sae,Pre-64
1,beta,15,0.048,0.4529015220185267,0.4424399871594601,0.4402044697363459,0.5,0.6161071485640408,0.7114789581487239,30,"[0, 1, 2, 3, 4, 5, 6, 7, 8, 9, 10, 11, 12, 13, 14, 15, 16, 17, 18, 19, 20, 21, 22, 23, 24, 25, 26, 27, 28, 29]","[1.5913206338882446, 1.6068345308303833, 1.6561485528945923, 1.6110029220581055, 1.7334940433502197, 1.6049872636795044, 1.5820472240447998, 1.6063402891159058, 1.6806864738464355, 1.6754506826400757, 1.651084065437317, 1.5964618921279907, 1.7624460458755493, 1.6777644157409668, 1.5291180610656738, 1.6582887172698975, 1.5729620456695557, 1.776913046836853, 1.5430694818496704, 1.6292378902435303, 1.7279783487319946, 1.7242608070373535, 1.5867818593978882, 1.6451798677444458, 1.6466132402420044, 1.5241321325302124, 1.713141918182373, 1.7535254955291748, 1.6661720275878906, 1.6174050569534302]",sae,Pre-64
1,beta,26,0.082,0.4502231978181314,0.4442488029476733,0.4597163106679751,0.5,0.5832450787939482,0.6467130169168074,30,"[0, 1, 2, 3, 4, 5, 6, 7, 8, 9, 10, 11, 12, 13, 14, 15, 16, 17, 18, 19, 20, 21, 22, 23, 24, 25, 26, 27, 28, 29]","[1.4239336252212524, 1.4351706504821777, 1.597733736038208, 1.3898874521255493, 1.4607692956924438, 1.5028740167617798, 1.4891525506973267, 1.3877983093261719, 1.491742491722107, 1.4584648609161377, 1.3743013143539429, 1.5999013185501099, 1.5354617834091187, 1.473814606666565, 1.5491710901260376, 1.4353554248809814, 1.4808870553970337, 1.366560697555542, 1.5108048915863037, 1.4610594511032104, 1.4206788539886475, 1.5746742486953735, 1.4624366760253906, 1.503244161605835, 1.5807409286499023, 1.57182776927948, 1.4298731088638306, 1.485597848892212, 1.2982075214385986, 1.4211738109588623]",sae,Pre-64
1,beta,11,0.044,0.4566976193509867,0.4496008864727478,0.4389780825442121,0.5,0.5995106990682213,0.7108749473240623,30,"[0, 1, 2, 3, 4, 5, 6, 7, 8, 9, 10, 11, 12, 13, 14, 15, 16, 17, 18, 19, 20, 21, 22, 23, 24, 25, 26, 27, 28, 29]","[1.5869001150131226, 1.4088926315307617, 1.5306661128997803, 1.468419075012207, 1.6165956258773804, 1.4732310771942139, 1.4906355142593384, 1.345093011856079, 1.600738525390625, 1.6063976287841797, 1.6074020862579346, 1.6322669982910156, 1.6456217765808105, 1.5048216581344604, 1.4896563291549683, 1.5057575702667236, 1.5609506368637085, 1.4726130962371826, 1.4975416660308838, 1.5758869647979736, 1.5281254053115845, 1.56259024143219, 1.6198997497558594, 1.5429441928863525, 1.5209674835205078, 1.5877879858016968, 1.6197509765625, 1.4656426906585693, 1.51565682888031, 1.4850940704345703]",sae,Pre-64
1,beta,33,0.0535,0.4492211383258522,0.4377959816952598,0.433252372040724,0.5,0.6165210074526608,0.6934637195423755,30,"[0, 1, 2, 3, 4, 5, 6, 7, 8, 9, 10, 11, 12, 13, 14, 15, 16, 17, 18, 19, 20, 21, 22, 23, 24, 25, 26, 27, 28, 29]","[1.5457820892333984, 1.6080291271209717, 1.5532872676849365, 1.5210981369018555, 1.4655907154083252, 1.6283173561096191, 1.4669039249420166, 1.5987293720245361, 1.5901817083358765, 1.5984975099563599, 1.5363014936447144, 1.6154109239578247, 1.5719397068023682, 1.4644545316696167, 1.5202605724334717, 1.5819376707077026, 1.50214421749115, 1.4996304512023926, 1.6135962009429932, 1.6182713508605957, 1.5227923393249512, 1.4491509199142456, 1.6256414651870728, 1.5596003532409668, 1.6208313703536987, 1.5272101163864136, 1.4986224174499512, 1.4672095775604248, 1.4412028789520264, 1.5040361881256104]",sae,Pre-64
1,beta,24,0.085,0.4501416387440968,0.4383559369047743,0.4491798218155403,0.5,0.6188330126613704,0.6423861097318768,30,"[0, 1, 2, 3, 4, 5, 6, 7, 8, 9, 10, 11, 12, 13, 14, 15, 16, 17, 18, 19, 20, 21, 22, 23, 24, 25, 26, 27, 28, 29]","[1.4928123950958252, 1.4000005722045898, 1.4243624210357666, 1.5023140907287598, 1.5076485872268677, 1.418411374092102, 1.426335096359253, 1.4256722927093506, 1.4682912826538086, 1.354089617729187, 1.4580020904541016, 1.4064624309539795, 1.5015017986297607, 1.4865425825119019, 1.4245717525482178, 1.3950996398925781, 1.5082381963729858, 1.3005938529968262, 1.4003883600234985, 1.5100423097610474, 1.4846796989440918, 1.5033665895462036, 1.4037460088729858, 1.4643112421035767, 1.3829224109649658, 1.3468831777572632, 1.4581682682037354, 1.3809492588043213, 1.512107491493225, 1.4172744750976562]",sae,Pre-64
1,beta,7,0.08,0.4564836922581216,0.4420418003909208,0.4378507604497213,0.5,0.6095136152062148,0.7014238133782726,30,"[0, 1, 2, 3, 4, 5, 6, 7, 8, 9, 10, 11, 12, 13, 14, 15, 16, 17, 18, 19, 20, 21, 22, 23, 24, 25, 26, 27, 28, 29]","[1.401545524597168, 1.449963092803955, 1.4656496047973633, 1.4339392185211182, 1.482899785041809, 1.4369761943817139, 1.403840184211731, 1.4410250186920166, 1.5391546487808228, 1.444318413734436, 1.3671666383743286, 1.4093471765518188, 1.3728113174438477, 1.3925449848175049, 1.5507949590682983, 1.4642820358276367, 1.3910363912582397, 1.3812216520309448, 1.4846305847167969, 1.4795624017715454, 1.4490605592727661, 1.4686903953552246, 1.472791075706482, 1.4097977876663208, 1.5077377557754517, 1.4964287281036377, 1.4161972999572754, 1.330252766609192, 1.5185867547988892, 1.4085131883621216]",sae,Pre-64
1,beta,8,0.076,0.4517491928182039,0.4406431065890545,0.4394819970713007,0.5,0.6098144493254953,0.6783599668937417,30,"[0, 1, 2, 3, 4, 5, 6, 7, 8, 9, 10, 11, 12, 13, 14, 15, 16, 17, 18, 19, 20, 21, 22, 23, 24, 25, 26, 27, 28, 29]","[1.3902491331100464, 1.5020666122436523, 1.4188416004180908, 1.449947714805603, 1.5109578371047974, 1.446367859840393, 1.4948309659957886, 1.40701425075531, 1.4533452987670898, 1.5025553703308105, 1.5107536315917969, 1.4346058368682861, 1.4181349277496338, 1.4511724710464478, 1.4800448417663574, 1.395583987236023, 1.4172645807266235, 1.4532291889190674, 1.3637990951538086, 1.4333423376083374, 1.4062625169754028, 1.3820114135742188, 1.4854938983917236, 1.4179407358169556, 1.485039472579956, 1.489119529724121, 1.3867627382278442, 1.4847580194473267, 1.4556434154510498, 1.4557732343673706]",sae,Pre-64
1,beta,25,0.074,0.4465066892532915,0.4352791138475453,0.4430736175414379,0.5,0.6270054355300688,0.6611972517385922,30,"[0, 1, 2, 3, 4, 5, 6, 7, 8, 9, 10, 11, 12, 13, 14, 15, 16, 17, 18, 19, 20, 21, 22, 23, 24, 25, 26, 27, 28, 29]","[1.5336616039276123, 1.5586313009262085, 1.4251792430877686, 1.6070363521575928, 1.5855653285980225, 1.5758841037750244, 1.4557819366455078, 1.4644440412521362, 1.5106161832809448, 1.4267637729644775, 1.5861542224884033, 1.520595908164978, 1.5602617263793945, 1.4658873081207275, 1.4571560621261597, 1.5009865760803223, 1.371000051498413, 1.3863065242767334, 1.4307143688201904, 1.4564087390899658, 1.5992481708526611, 1.3779484033584595, 1.5474393367767334, 1.4702290296554565, 1.5234929323196411, 1.4706794023513794, 1.6232455968856812, 1.5544309616088867, 1.5862984657287598, 1.4318405389785767]",sae,Pre-64
1,beta,5,0.0535,0.4445517550333296,0.4301735816232515,0.4347737554045293,0.5,0.6070910659257547,0.6821740434921211,30,"[0, 1, 2, 3, 4, 5, 6, 7, 8, 9, 10, 11, 12, 13, 14, 15, 16, 17, 18, 19, 20, 21, 22, 23, 24, 25, 26, 27, 28, 29]","[1.5647060871124268, 1.4339663982391357, 1.4305580854415894, 1.5751752853393555, 1.5691885948181152, 1.5213919878005981, 1.4991929531097412, 1.4673091173171997, 1.5310324430465698, 1.4332925081253052, 1.544195532798767, 1.5728752613067627, 1.5126018524169922, 1.4907633066177368, 1.5748217105865479, 1.5419238805770874, 1.5390682220458984, 1.5672268867492676, 1.429667353630066, 1.5004831552505493, 1.5816012620925903, 1.5037784576416016, 1.5942174196243286, 1.4432933330535889, 1.516282320022583, 1.5848448276519775, 1.436047077178955, 1.5055017471313477, 1.5501341819763184, 1.5190620422363281]",sae,Pre-64
1,beta,22,0.046,0.4519005213187685,0.4442985770479847,0.4496649806340032,0.5,0.5939599289403404,0.6788653395922304,30,"[0, 1, 2, 3, 4, 5, 6, 7, 8, 9, 10, 11, 12, 13, 14, 15, 16, 17, 18, 19, 20, 21, 22, 23, 24, 25, 26, 27, 28, 29]","[1.571176290512085, 1.6002715826034546, 1.6123522520065308, 1.6841281652450562, 1.6912142038345337, 1.5892868041992188, 1.6025114059448242, 1.6000463962554932, 1.606854796409607, 1.658300757408142, 1.5928617715835571, 1.688449740409851, 1.593143343925476, 1.6882046461105347, 1.5166264772415161, 1.6806129217147827, 1.6858476400375366, 1.6197129487991333, 1.548442006111145, 1.5322316884994507, 1.6598957777023315, 1.6522964239120483, 1.6368982791900635, 1.5976730585098267, 1.6699544191360474, 1.6869559288024902, 1.5634409189224243, 1.5488063097000122, 1.700522780418396, 1.551699161529541]",sae,Pre-64
1,beta,35,0.068,0.4566193215888805,0.4379483378046387,0.434352966133969,0.5,0.637290178651746,0.7144480626570474,30,"[0, 1, 2, 3, 4, 5, 6, 7, 8, 9, 10, 11, 12, 13, 14, 15, 16, 17, 18, 19, 20, 21, 22, 23, 24, 25, 26, 27, 28, 29]","[1.4539896249771118, 1.5204854011535645, 1.5845346450805664, 1.514034390449524, 1.527335524559021, 1.4916424751281738, 1.440192699432373, 1.6009283065795898, 1.6165465116500854, 1.5086958408355713, 1.579145073890686, 1.4303715229034424, 1.50285005569458, 1.4103460311889648, 1.4998326301574707, 1.457330584526062, 1.5874626636505127, 1.4323073625564575, 1.5372694730758667, 1.4380404949188232, 1.4588468074798584, 1.4501932859420776, 1.4676487445831299, 1.4372570514678955, 1.484349012374878, 1.5302529335021973, 1.4609366655349731, 1.5411951541900635, 1.5956486463546753, 1.5340627431869507]",sae,Pre-64
1,beta,40,0.052,0.44666181227492,0.4340193094910912,0.4369282903899765,0.5,0.6093636266731638,0.6688681112853859,30,"[0, 1, 2, 3, 4, 5, 6, 7, 8, 9, 10, 11, 12, 13, 14, 15, 16, 17, 18, 19, 20, 21, 22, 23, 24, 25, 26, 27, 28, 29]","[1.5952153205871582, 1.5656682252883911, 1.5218714475631714, 1.4653533697128296, 1.5056898593902588, 1.5277224779129028, 1.5264357328414917, 1.5679086446762085, 1.5447492599487305, 1.5863871574401855, 1.4904078245162964, 1.5042988061904907, 1.5738128423690796, 1.4957997798919678, 1.4921982288360596, 1.600419282913208, 1.5269396305084229, 1.51569402217865, 1.4827975034713745, 1.515122890472412, 1.4688799381256104, 1.4815118312835693, 1.5874329805374146, 1.5120258331298828, 1.5826683044433594, 1.4958008527755737, 1.5635188817977905, 1.4982892274856567, 1.6105573177337646, 1.470031499862671]",sae,Pre-64
1,beta,45,0.055,0.4515599815008028,0.4347157609968581,0.4496483117286414,0.5,0.6289673345145609,0.677721745188012,30,"[0, 1, 2, 3, 4, 5, 6, 7, 8, 9, 10, 11, 12, 13, 14, 15, 16, 17, 18, 19, 20, 21, 22, 23, 24, 25, 26, 27, 28, 29]","[1.6168490648269653, 1.6085319519042969, 1.4943877458572388, 1.6832032203674316, 1.6854363679885864, 1.537640929222107, 1.694034457206726, 1.6727347373962402, 1.5447925329208374, 1.498548150062561, 1.6191984415054321, 1.6917939186096191, 1.652692437171936, 1.5656481981277466, 1.5799132585525513, 1.593148112297058, 1.6081373691558838, 1.4999849796295166, 1.599983811378479, 1.5968213081359863, 1.6527507305145264, 1.5402330160140991, 1.6684540510177612, 1.5433372259140015, 1.4994726181030273, 1.6882704496383667, 1.5350209474563599, 1.547249674797058, 1.4883248805999756, 1.6903774738311768]",sae,Pre-64
1,beta,46,0.064,0.4545712902572906,0.4417269056853911,0.4550867857538682,0.5,0.6270377926330811,0.6898919782787523,30,"[0, 1, 2, 3, 4, 5, 6, 7, 8, 9, 10, 11, 12, 13, 14, 15, 16, 17, 18, 19, 20, 21, 22, 23, 24, 25, 26, 27, 28, 29]","[1.5552237033843994, 1.6712002754211426, 1.6521269083023071, 1.6401598453521729, 1.5567021369934082, 1.6844367980957031, 1.5786441564559937, 1.7194052934646606, 1.6339919567108154, 1.7404217720031738, 1.4663118124008179, 1.5632760524749756, 1.7040636539459229, 1.5545119047164917, 1.6097683906555176, 1.7069019079208374, 1.6254209280014038, 1.6340328454971313, 1.729678750038147, 1.696608066558838, 1.6024264097213745, 1.6072672605514526, 1.6264715194702148, 1.6339462995529175, 1.6267180442810059, 1.6480491161346436, 1.6379132270812988, 1.6708950996398926, 1.60693359375, 1.6219342947006226]",sae,Pre-64
1,beta,34,0.06,0.4568527557813058,0.4470225010708758,0.448481942343825,0.5,0.6011606799053854,0.678244996395494,30,"[0, 1, 2, 3, 4, 5, 6, 7, 8, 9, 10, 11, 12, 13, 14, 15, 16, 17, 18, 19, 20, 21, 22, 23, 24, 25, 26, 27, 28, 29]","[1.3892736434936523, 1.4742006063461304, 1.4796315431594849, 1.4248647689819336, 1.3744755983352661, 1.3898589611053467, 1.430999994277954, 1.3486117124557495, 1.3526132106781006, 1.393710970878601, 1.4488431215286255, 1.25275456905365, 1.459773302078247, 1.3505804538726807, 1.3592219352722168, 1.383284568786621, 1.4760291576385498, 1.4917470216751099, 1.400610327720642, 1.3897448778152466, 1.4076995849609375, 1.4939837455749512, 1.4277328252792358, 1.4518194198608398, 1.3790994882583618, 1.3259644508361816, 1.5054854154586792, 1.4904066324234009, 1.4778553247451782, 1.4621635675430298]",sae,Pre-64
1,beta,18,0.064,0.4575117633693479,0.4471831599677374,0.4242680635119127,0.5,0.6052065040104606,0.7328668575901229,30,"[0, 1, 2, 3, 4, 5, 6, 7, 8, 9, 10, 11, 12, 13, 14, 15, 16, 17, 18, 19, 20, 21, 22, 23, 24, 25, 26, 27, 28, 29]","[1.3733928203582764, 1.544003963470459, 1.563707947731018, 1.4603416919708252, 1.4781676530838013, 1.4929492473602295, 1.672530174255371, 1.4490865468978882, 1.5580189228057861, 1.4340544939041138, 1.6433954238891602, 1.5311115980148315, 1.5607341527938843, 1.5641834735870361, 1.492254614830017, 1.4506627321243286, 1.5480855703353882, 1.4825325012207031, 1.4651944637298584, 1.4074422121047974, 1.659616470336914, 1.4718095064163208, 1.5941321849822998, 1.5529896020889282, 1.5299320220947266, 1.497131109237671, 1.5412852764129639, 1.5925086736679077, 1.5470752716064453, 1.487518072128296]",sae,Pre-64
1,beta,43,0.078,0.4515364523902173,0.4432102910589974,0.4420158599029783,0.5,0.6060785767234989,0.6994025203854708,30,"[0, 1, 2, 3, 4, 5, 6, 7, 8, 9, 10, 11, 12, 13, 14, 15, 16, 17, 18, 19, 20, 21, 22, 23, 24, 25, 26, 27, 28, 29]","[1.516969919204712, 1.5902153253555298, 1.5661935806274414, 1.463418960571289, 1.4984347820281982, 1.4376132488250732, 1.4684261083602905, 1.4552931785583496, 1.555271029472351, 1.44491446018219, 1.410537838935852, 1.6007299423217773, 1.5294344425201416, 1.471920132637024, 1.471737027168274, 1.3594175577163696, 1.5574002265930176, 1.4554475545883179, 1.552173137664795, 1.54810631275177, 1.450636863708496, 1.463817834854126, 1.5890592336654663, 1.521554708480835, 1.4444553852081299, 1.525327205657959, 1.591750144958496, 1.455077886581421, 1.5508774518966675, 1.601306676864624]",sae,Pre-64
1,beta,30,0.066,0.4638407167611665,0.4544841508273655,0.4398535705337359,0.5,0.6043368975359404,0.69494150664368,30,"[0, 1, 2, 3, 4, 5, 6, 7, 8, 9, 10, 11, 12, 13, 14, 15, 16, 17, 18, 19, 20, 21, 22, 23, 24, 25, 26, 27, 28, 29]","[1.533134937286377, 1.501908779144287, 1.5132288932800293, 1.453774333000183, 1.466626763343811, 1.4450337886810303, 1.4558466672897339, 1.432137370109558, 1.4248406887054443, 1.4432520866394043, 1.5076947212219238, 1.4378584623336792, 1.4134771823883057, 1.4356398582458496, 1.502599835395813, 1.5066227912902832, 1.424830675125122, 1.4464558362960815, 1.5283441543579102, 1.4528898000717163, 1.4296495914459229, 1.394879698753357, 1.4937922954559326, 1.4487650394439697, 1.5645289421081543, 1.4414167404174805, 1.4667893648147583, 1.4367344379425049, 1.503901720046997, 1.4592597484588623]",sae,Pre-64
1,beta,22,0.056,0.4519005213187685,0.4442985770479847,0.4444483017588492,0.5,0.5939599289403404,0.680162413675455,30,"[0, 1, 2, 3, 4, 5, 6, 7, 8, 9, 10, 11, 12, 13, 14, 15, 16, 17, 18, 19, 20, 21, 22, 23, 24, 25, 26, 27, 28, 29]","[1.4197503328323364, 1.4655568599700928, 1.478631615638733, 1.5001599788665771, 1.5403865575790405, 1.440205454826355, 1.4492486715316772, 1.4301713705062866, 1.4257787466049194, 1.476003885269165, 1.4240219593048096, 1.533699631690979, 1.466591238975525, 1.5199379920959473, 1.3846842050552368, 1.5061906576156616, 1.5177555084228516, 1.470719337463379, 1.4028029441833496, 1.4119439125061035, 1.4910566806793213, 1.489502191543579, 1.490838885307312, 1.4413199424743652, 1.4931191205978394, 1.5260511636734009, 1.4259780645370483, 1.414328932762146, 1.5549778938293457, 1.3951334953308105]",sae,Pre-64
1,beta,3,0.075,0.4557259332451328,0.444824285747971,0.4644427613561093,0.5,0.6042731979176,0.6522574267156529,30,"[0, 1, 2, 3, 4, 5, 6, 7, 8, 9, 10, 11, 12, 13, 14, 15, 16, 17, 18, 19, 20, 21, 22, 23, 24, 25, 26, 27, 28, 29]","[1.4005342721939087, 1.4274444580078125, 1.4120995998382568, 1.3700605630874634, 1.4055018424987793, 1.4421329498291016, 1.3980748653411865, 1.4456819295883179, 1.2010186910629272, 1.4706155061721802, 1.362411379814148, 1.4686775207519531, 1.404231071472168, 1.380186676979065, 1.4795225858688354, 1.3991069793701172, 1.4048373699188232, 1.4302787780761719, 1.3642314672470093, 1.3671141862869263, 1.3125498294830322, 1.3785613775253296, 1.3752907514572144, 1.490161657333374, 1.4609196186065674, 1.389985203742981, 1.3930778503417969, 1.386612057685852, 1.4555046558380127, 1.3926852941513062]",sae,Pre-64
1,beta,12,0.062,0.4455148672091349,0.4361346773072694,0.4120371606118584,0.5,0.5892778403611032,0.7320169021721348,30,"[0, 1, 2, 3, 4, 5, 6, 7, 8, 9, 10, 11, 12, 13, 14, 15, 16, 17, 18, 19, 20, 21, 22, 23, 24, 25, 26, 27, 28, 29]","[1.3752760887145996, 1.482934832572937, 1.3920692205429077, 1.291827917098999, 1.4801342487335205, 1.415952444076538, 1.4096274375915527, 1.4617890119552612, 1.497113823890686, 1.3680678606033325, 1.3698736429214478, 1.538222074508667, 1.396378993988037, 1.4688128232955933, 1.3540401458740234, 1.5419150590896606, 1.3265187740325928, 1.5203139781951904, 1.4418747425079346, 1.5344493389129639, 1.4982787370681763, 1.444756269454956, 1.3963383436203003, 1.540606141090393, 1.5181171894073486, 1.3868738412857056, 1.5186333656311035, 1.4637521505355835, 1.4172499179840088, 1.5491288900375366]",sae,Pre-64
1,beta,42,0.07,0.4546678683050885,0.4407690563496341,0.4564588663082705,0.5,0.6336081445133979,0.6613207774089576,30,"[0, 1, 2, 3, 4, 5, 6, 7, 8, 9, 10, 11, 12, 13, 14, 15, 16, 17, 18, 19, 20, 21, 22, 23, 24, 25, 26, 27, 28, 29]","[1.6409752368927002, 1.505854845046997, 1.6507325172424316, 1.6459205150604248, 1.5880632400512695, 1.630251169204712, 1.5802149772644043, 1.537674903869629, 1.499979853630066, 1.648463487625122, 1.6162704229354858, 1.6582714319229126, 1.5325298309326172, 1.2958543300628662, 1.6603610515594482, 1.5426764488220215, 1.4870530366897583, 1.463254451751709, 1.6130762100219727, 1.6431869268417358, 1.5518827438354492, 1.525484561920166, 1.5535615682601929, 1.4806677103042603, 1.5324318408966064, 1.4940961599349976, 1.6672049760818481, 1.4828975200653076, 1.5692155361175537, 1.4867017269134521]",sae,Pre-64
1,beta,38,0.085,0.4455661720406026,0.4298851252298221,0.4370808125863543,0.5,0.6303640517897944,0.6627159177456207,30,"[0, 1, 2, 3, 4, 5, 6, 7, 8, 9, 10, 11, 12, 13, 14, 15, 16, 17, 18, 19, 20, 21, 22, 23, 24, 25, 26, 27, 28, 29]","[1.3138234615325928, 1.2934916019439697, 1.3257601261138916, 1.3560383319854736, 1.3225083351135254, 1.2118092775344849, 1.3708620071411133, 1.3282945156097412, 1.1830732822418213, 1.341043472290039, 1.3214737176895142, 1.335727334022522, 1.3499563932418823, 1.3159732818603516, 1.3623214960098267, 1.299155354499817, 1.305629849433899, 1.3797180652618408, 1.2694838047027588, 1.3343846797943115, 1.3130393028259277, 1.3227254152297974, 1.3724836111068726, 1.2767282724380493, 1.3167709112167358, 1.3704407215118408, 1.2682018280029297, 1.37540602684021, 1.301466464996338, 1.3845171928405762]",sae,Pre-64
1,beta,1,0.048,0.4560357198099471,0.4497423189216591,0.4538591619810139,0.5,0.5964054457666336,0.6835939344571942,30,"[0, 1, 2, 3, 4, 5, 6, 7, 8, 9, 10, 11, 12, 13, 14, 15, 16, 17, 18, 19, 20, 21, 22, 23, 24, 25, 26, 27, 28, 29]","[1.7511910200119019, 1.6074916124343872, 1.701382040977478, 1.5736019611358643, 1.7155189514160156, 1.5564165115356445, 1.625430703163147, 1.6291455030441284, 1.5313892364501953, 1.6099493503570557, 1.6303297281265259, 1.6883587837219238, 1.7360787391662598, 1.5900064706802368, 1.729476809501648, 1.6219823360443115, 1.570811152458191, 1.648859977722168, 1.709963083267212, 1.731956124305725, 1.750244140625, 1.6272863149642944, 1.6525441408157349, 1.603607416152954, 1.569166898727417, 1.5768308639526367, 1.6491018533706665, 1.622151255607605, 1.7377204895019531, 1.6577337980270386]",sae,Pre-64
1,beta,15,0.078,0.4529015220185267,0.4424399871594601,0.4354569894046404,0.5,0.6161071485640408,0.7111295922369587,30,"[0, 1, 2, 3, 4, 5, 6, 7, 8, 9, 10, 11, 12, 13, 14, 15, 16, 17, 18, 19, 20, 21, 22, 23, 24, 25, 26, 27, 28, 29]","[1.4001429080963135, 1.3706014156341553, 1.411710500717163, 1.411699652671814, 1.4862444400787354, 1.382472038269043, 1.3770755529403687, 1.401330828666687, 1.4597753286361694, 1.4575337171554565, 1.4456151723861694, 1.3603442907333374, 1.5190061330795288, 1.4625991582870483, 1.3533532619476318, 1.4287292957305908, 1.3665342330932617, 1.5120903253555298, 1.3512073755264282, 1.4183192253112793, 1.505121111869812, 1.472341775894165, 1.3934822082519531, 1.4316213130950928, 1.4010083675384521, 1.2833309173583984, 1.4746955633163452, 1.5193246603012085, 1.4166581630706787, 1.4128538370132446]",sae,Pre-64
1,beta,28,0.048,0.4589844236982603,0.4495627040154577,0.4418116033309966,0.5,0.5987249917034086,0.6982707533304888,30,"[0, 1, 2, 3, 4, 5, 6, 7, 8, 9, 10, 11, 12, 13, 14, 15, 16, 17, 18, 19, 20, 21, 22, 23, 24, 25, 26, 27, 28, 29]","[1.4579836130142212, 1.3415522575378418, 1.3307212591171265, 1.550239086151123, 1.5042988061904907, 1.488206148147583, 1.4488495588302612, 1.3817589282989502, 1.4826422929763794, 1.5142121315002441, 1.4442542791366577, 1.4747861623764038, 1.5219262838363647, 1.5320301055908203, 1.4649657011032104, 1.4120169878005981, 1.4467417001724243, 1.503342628479004, 1.4779467582702637, 1.4780997037887573, 1.4125938415527344, 1.4328548908233643, 1.434606671333313, 1.3827747106552124, 1.4143632650375366, 1.50301992893219, 1.541853904724121, 1.4251025915145874, 1.4038143157958984, 1.4157952070236206]",sae,Pre-64
1,beta,21,0.05,0.4504746503440228,0.4381370334360364,0.4404241895649688,0.5,0.6200058082774133,0.6872721486919018,30,"[0, 1, 2, 3, 4, 5, 6, 7, 8, 9, 10, 11, 12, 13, 14, 15, 16, 17, 18, 19, 20, 21, 22, 23, 24, 25, 26, 27, 28, 29]","[1.4517183303833008, 1.502370834350586, 1.6270017623901367, 1.6216986179351807, 1.6023986339569092, 1.583237648010254, 1.4968516826629639, 1.505605936050415, 1.6114037036895752, 1.5235604047775269, 1.601505994796753, 1.6098804473876953, 1.4889323711395264, 1.5159986019134521, 1.5119940042495728, 1.505638837814331, 1.5066864490509033, 1.51804780960083, 1.4488900899887085, 1.6185574531555176, 1.4437941312789917, 1.626518964767456, 1.4386931657791138, 1.456703782081604, 1.512233018875122, 1.4702644348144531, 1.4376599788665771, 1.4925132989883423, 1.579897165298462, 1.5647940635681152]",sae,Pre-64
1,beta,39,0.044,0.4461088087810431,0.4292341094433316,0.4422949731115924,0.5,0.6205127278095635,0.6706587006757836,30,"[0, 1, 2, 3, 4, 5, 6, 7, 8, 9, 10, 11, 12, 13, 14, 15, 16, 17, 18, 19, 20, 21, 22, 23, 24, 25, 26, 27, 28, 29]","[1.5920517444610596, 1.753822684288025, 1.6691302061080933, 1.7207540273666382, 1.607564926147461, 1.5985444784164429, 1.6551390886306763, 1.6556395292282104, 1.5896944999694824, 1.759260892868042, 1.6658713817596436, 1.611756682395935, 1.6743806600570679, 1.5794695615768433, 1.6782907247543335, 1.7443071603775024, 1.7560572624206543, 1.7166272401809692, 1.6017450094223022, 1.6314641237258911, 1.5814436674118042, 1.6276036500930786, 1.6810935735702515, 1.6885699033737183, 1.7070274353027344, 1.6041542291641235, 1.5741304159164429, 1.6077473163604736, 1.7473993301391602, 1.6065165996551514]",sae,Pre-64
1,beta,45,0.045,0.4515599815008028,0.4347157609968581,0.4497560853329096,0.5,0.6289673345145609,0.6777035724561962,30,"[0, 1, 2, 3, 4, 5, 6, 7, 8, 9, 10, 11, 12, 13, 14, 15, 16, 17, 18, 19, 20, 21, 22, 23, 24, 25, 26, 27, 28, 29]","[1.6227641105651855, 1.6144320964813232, 1.500291109085083, 1.6890771389007568, 1.691296935081482, 1.5434374809265137, 1.6999038457870483, 1.678543210029602, 1.5507009029388428, 1.504378080368042, 1.6250637769699097, 1.6976639032363892, 1.658554196357727, 1.5714634656906128, 1.5857504606246948, 1.5990651845932007, 1.6140029430389404, 1.5057642459869385, 1.6058692932128906, 1.602738618850708, 1.6585733890533447, 1.5460505485534668, 1.6742969751358032, 1.5490992069244385, 1.5052765607833862, 1.6941332817077637, 1.5408697128295898, 1.5531679391860962, 1.4940897226333618, 1.696235179901123]",sae,Pre-64
1,beta,6,0.05,0.4540822999211705,0.4457917896713532,0.4502664704262424,0.5,0.5933447799067053,0.6644751037029158,30,"[0, 1, 2, 3, 4, 5, 6, 7, 8, 9, 10, 11, 12, 13, 14, 15, 16, 17, 18, 19, 20, 21, 22, 23, 24, 25, 26, 27, 28, 29]","[1.619396448135376, 1.6577485799789429, 1.5492640733718872, 1.6753698587417603, 1.5379709005355835, 1.5732028484344482, 1.5529029369354248, 1.6130521297454834, 1.515466332435608, 1.6389634609222412, 1.5606821775436401, 1.5146782398223877, 1.561220407485962, 1.5199413299560547, 1.33612060546875, 1.6490592956542969, 1.5337015390396118, 1.598165512084961, 1.5962086915969849, 1.5989331007003784, 1.5794507265090942, 1.528791904449463, 1.6531816720962524, 1.5703628063201904, 1.523881196975708, 1.597229242324829, 1.5543402433395386, 1.5140118598937988, 1.570011019706726, 1.6106685400009155]",sae,Pre-64
1,beta,32,0.084,0.4555596844830426,0.4475674839123162,0.4708820968317938,0.5,0.5924839124839124,0.6331472697186982,30,"[0, 1, 2, 3, 4, 5, 6, 7, 8, 9, 10, 11, 12, 13, 14, 15, 16, 17, 18, 19, 20, 21, 22, 23, 24, 25, 26, 27, 28, 29]","[1.4913502931594849, 1.4129149913787842, 1.4922146797180176, 1.4267830848693848, 1.436049222946167, 1.5006500482559204, 1.431890606880188, 1.412183403968811, 1.3888517618179321, 1.3978369235992432, 1.4132417440414429, 1.387931227684021, 1.4314600229263306, 1.3510699272155762, 1.3399012088775635, 1.344875693321228, 1.3719279766082764, 1.4355052709579468, 1.3819835186004639, 1.4119821786880493, 1.4965617656707764, 1.4127470254898071, 1.33536696434021, 1.4981745481491089, 1.4269964694976807, 1.357786774635315, 1.4738755226135254, 1.293845295906067, 1.5024675130844116, 1.4953058958053589]",sae,Pre-64
1,beta,20,0.08,0.4408022875601419,0.4262939306313442,0.4359168803216265,0.5,0.6176087118064704,0.6504722047706868,30,"[0, 1, 2, 3, 4, 5, 6, 7, 8, 9, 10, 11, 12, 13, 14, 15, 16, 17, 18, 19, 20, 21, 22, 23, 24, 25, 26, 27, 28, 29]","[1.4352610111236572, 1.506007432937622, 1.4433456659317017, 1.550020694732666, 1.497774600982666, 1.5159544944763184, 1.5126063823699951, 1.4334219694137573, 1.4795438051223755, 1.438190221786499, 1.4514304399490356, 1.444131851196289, 1.5621201992034912, 1.3941867351531982, 1.4499379396438599, 1.5490012168884277, 1.4402761459350586, 1.4118558168411255, 1.4805421829223633, 1.4798542261123657, 1.4739748239517212, 1.3811651468276978, 1.4995671510696411, 1.554145097732544, 1.5188071727752686, 1.405929446220398, 1.4497520923614502, 1.4919239282608032, 1.4044404029846191, 1.552908182144165]",sae,Pre-64
1,beta,27,0.052,0.4609757262074365,0.4537266978541116,0.4612970566200229,0.5,0.5914172664146189,0.6603276528618052,30,"[0, 1, 2, 3, 4, 5, 6, 7, 8, 9, 10, 11, 12, 13, 14, 15, 16, 17, 18, 19, 20, 21, 22, 23, 24, 25, 26, 27, 28, 29]","[1.5391182899475098, 1.6120742559432983, 1.5404562950134277, 1.5246859788894653, 1.593045949935913, 1.501272439956665, 1.603156328201294, 1.4681780338287354, 1.5731780529022217, 1.5821460485458374, 1.4879567623138428, 1.6149781942367554, 1.527706265449524, 1.4876117706298828, 1.5268058776855469, 1.4401973485946655, 1.5315098762512207, 1.5762263536453247, 1.5198050737380981, 1.5405774116516113, 1.606768250465393, 1.5422494411468506, 1.4951525926589966, 1.4504021406173706, 1.5131251811981201, 1.6202996969223022, 1.5041990280151367, 1.5551520586013794, 1.445379614830017, 1.5527318716049194]",sae,Pre-64
1,beta,10,0.085,0.4493907433353129,0.4390813823454372,0.4434308065940228,0.5,0.6232207829487961,0.6760414797804011,30,"[0, 1, 2, 3, 4, 5, 6, 7, 8, 9, 10, 11, 12, 13, 14, 15, 16, 17, 18, 19, 20, 21, 22, 23, 24, 25, 26, 27, 28, 29]","[1.4015330076217651, 1.3128159046173096, 1.4763855934143066, 1.399621605873108, 1.3924360275268555, 1.4036259651184082, 1.4916951656341553, 1.4181950092315674, 1.3015729188919067, 1.4484102725982666, 1.4086905717849731, 1.4288543462753296, 1.4251278638839722, 1.4028186798095703, 1.4713011980056763, 1.424644112586975, 1.434449553489685, 1.345389485359192, 1.3985095024108887, 1.359784483909607, 1.3799903392791748, 1.4088497161865234, 1.4674779176712036, 1.4720555543899536, 1.4043378829956055, 1.3456906080245972, 1.4043892621994019, 1.413324236869812, 1.4043247699737549, 1.4564459323883057]",sae,Pre-64
1,beta,8,0.068,0.4517491928182039,0.4406431065890545,0.4395058663826225,0.5,0.6098144493254953,0.6783698704753011,30,"[0, 1, 2, 3, 4, 5, 6, 7, 8, 9, 10, 11, 12, 13, 14, 15, 16, 17, 18, 19, 20, 21, 22, 23, 24, 25, 26, 27, 28, 29]","[1.3919802904129028, 1.5037965774536133, 1.4205676317214966, 1.4516735076904297, 1.5126975774765015, 1.4481086730957031, 1.4965647459030151, 1.4087632894515991, 1.4550853967666626, 1.5042774677276611, 1.5124894380569458, 1.4363527297973633, 1.4198745489120483, 1.4529199600219727, 1.4817832708358765, 1.3973325490951538, 1.4189980030059814, 1.4549767971038818, 1.3655294179916382, 1.4350696802139282, 1.407999038696289, 1.3837400674819946, 1.4872385263442993, 1.4196844100952148, 1.4867740869522095, 1.4908579587936401, 1.3885077238082886, 1.4864985942840576, 1.4573893547058105, 1.4574967622756958]",sae,Pre-64
1,beta,17,0.055,0.4599327030141671,0.4513468217402507,0.44564990596002,0.5,0.6120635717004715,0.6967874326734739,30,"[0, 1, 2, 3, 4, 5, 6, 7, 8, 9, 10, 11, 12, 13, 14, 15, 16, 17, 18, 19, 20, 21, 22, 23, 24, 25, 26, 27, 28, 29]","[1.5330387353897095, 1.409425973892212, 1.4437031745910645, 1.467367172241211, 1.5484236478805542, 1.4309649467468262, 1.4940365552902222, 1.3383322954177856, 1.451859951019287, 1.4621310234069824, 1.5161354541778564, 1.5249990224838257, 1.4597620964050293, 1.538464903831482, 1.4614235162734985, 1.4628995656967163, 1.5326193571090698, 1.4620870351791382, 1.5153988599777222, 1.482944369316101, 1.4044773578643799, 1.48097562789917, 1.3214467763900757, 1.4495538473129272, 1.4590356349945068, 1.4534053802490234, 1.4259977340698242, 1.4603713750839233, 1.4262076616287231, 1.5162514448165894]",sae,Pre-64
1,beta,48,0.072,0.4556814132376,0.4510566266980289,0.4890323964808235,0.5,0.5923878577171784,0.594194138364495,30,"[0, 1, 2, 3, 4, 5, 6, 7, 8, 9, 10, 11, 12, 13, 14, 15, 16, 17, 18, 19, 20, 21, 22, 23, 24, 25, 26, 27, 28, 29]","[1.6356297731399536, 1.571355938911438, 1.5533500909805298, 1.5352885723114014, 1.5231727361679077, 1.4543973207473755, 1.559496283531189, 1.5057376623153687, 1.5208849906921387, 1.5082428455352783, 1.5920146703720093, 1.526172161102295, 1.5622646808624268, 1.528042197227478, 1.484108805656433, 1.565049171447754, 1.614109754562378, 1.579124093055725, 1.5991690158843994, 1.4654449224472046, 1.5180785655975342, 1.6231485605239868, 1.626936435699463, 1.4536643028259277, 1.5245120525360107, 1.6000453233718872, 1.6063079833984375, 1.6277143955230713, 1.517980933189392, 1.5595645904541016]",sae,Pre-64
1,beta,24,0.065,0.4501416387440968,0.4383559369047743,0.450828404993113,0.5,0.6188330126613704,0.6421673286991062,30,"[0, 1, 2, 3, 4, 5, 6, 7, 8, 9, 10, 11, 12, 13, 14, 15, 16, 17, 18, 19, 20, 21, 22, 23, 24, 25, 26, 27, 28, 29]","[1.5337027311325073, 1.4313538074493408, 1.459600567817688, 1.5420705080032349, 1.5448076725006104, 1.4482795000076294, 1.4626686573028564, 1.4584784507751465, 1.5090444087982178, 1.395452618598938, 1.4949184656143188, 1.4406466484069824, 1.539923071861267, 1.5261130332946777, 1.4602792263031006, 1.426002860069275, 1.547675609588623, 1.3405506610870361, 1.432785153388977, 1.5475306510925293, 1.524199366569519, 1.5422959327697754, 1.435470700263977, 1.503239631652832, 1.4170341491699219, 1.3766459226608276, 1.4938760995864868, 1.4126650094985962, 1.5505776405334473, 1.449892520904541]",sae,Pre-64
1,beta,46,0.0535,0.4545712902572906,0.4417269056853911,0.4551968562892923,0.5,0.6270377926330811,0.6898919782787523,30,"[0, 1, 2, 3, 4, 5, 6, 7, 8, 9, 10, 11, 12, 13, 14, 15, 16, 17, 18, 19, 20, 21, 22, 23, 24, 25, 26, 27, 28, 29]","[1.5617408752441406, 1.6776126623153687, 1.6586567163467407, 1.6467015743255615, 1.5632129907608032, 1.690882921218872, 1.5851054191589355, 1.7258394956588745, 1.6404780149459839, 1.7468758821487427, 1.47272527217865, 1.5697365999221802, 1.710559606552124, 1.5610100030899048, 1.6162972450256348, 1.7133722305297852, 1.631967306137085, 1.6405830383300781, 1.7360994815826416, 1.7030973434448242, 1.6088968515396118, 1.6138170957565308, 1.6330479383468628, 1.6404839754104614, 1.6332439184188843, 1.6545965671539307, 1.6443846225738525, 1.6773972511291504, 1.6134934425354004, 1.6284520626068115]",sae,Pre-64
1,beta,30,0.055,0.4638407167611665,0.4544841508273655,0.4398773858064481,0.5,0.6043368975359404,0.6949669766042494,30,"[0, 1, 2, 3, 4, 5, 6, 7, 8, 9, 10, 11, 12, 13, 14, 15, 16, 17, 18, 19, 20, 21, 22, 23, 24, 25, 26, 27, 28, 29]","[1.535665512084961, 1.5044238567352295, 1.515758752822876, 1.4563337564468384, 1.4691753387451172, 1.4475865364074707, 1.4584071636199951, 1.4346750974655151, 1.427371621131897, 1.4457917213439941, 1.5102407932281494, 1.4403997659683228, 1.4159897565841675, 1.4381840229034424, 1.5051387548446655, 1.5091689825057983, 1.4273995161056519, 1.4489959478378296, 1.530887484550476, 1.4554184675216675, 1.4321848154067993, 1.3974065780639648, 1.4963027238845825, 1.4513016939163208, 1.5670546293258667, 1.4439717531204224, 1.469343900680542, 1.4392879009246826, 1.506439447402954, 1.4618152379989624]",sae,Pre-64
1,beta,13,0.082,0.4619123366083722,0.4531466051409948,0.4416405553866618,0.5,0.6127276801885291,0.7101930533493636,30,"[0, 1, 2, 3, 4, 5, 6, 7, 8, 9, 10, 11, 12, 13, 14, 15, 16, 17, 18, 19, 20, 21, 22, 23, 24, 25, 26, 27, 28, 29]","[1.5974169969558716, 1.427263855934143, 1.58202064037323, 1.503491759300232, 1.484538197517395, 1.5908910036087036, 1.5240625143051147, 1.512965440750122, 1.5468342304229736, 1.515771508216858, 1.590898036956787, 1.495574712753296, 1.5583375692367554, 1.5496675968170166, 1.5721724033355713, 1.4599477052688599, 1.4817155599594116, 1.5501190423965454, 1.5336886644363403, 1.529481053352356, 1.5049922466278076, 1.4451366662979126, 1.4997154474258423, 1.4692437648773193, 1.5007699728012085, 1.4425820112228394, 1.5130540132522583, 1.4522145986557007, 1.5432084798812866, 1.5069817304611206]",sae,Pre-64
1,beta,18,0.0535,0.4575117633693479,0.4471831599677374,0.4243104185816652,0.5,0.6052065040104606,0.7328882182325289,30,"[0, 1, 2, 3, 4, 5, 6, 7, 8, 9, 10, 11, 12, 13, 14, 15, 16, 17, 18, 19, 20, 21, 22, 23, 24, 25, 26, 27, 28, 29]","[1.3776696920394897, 1.5482326745986938, 1.5679430961608887, 1.464645504951477, 1.4824459552764893, 1.4972022771835327, 1.6767499446868896, 1.4533330202102661, 1.5622137784957886, 1.438260555267334, 1.6476212739944458, 1.5353549718856812, 1.564965009689331, 1.5684524774551392, 1.4965126514434814, 1.4548419713974, 1.5523751974105835, 1.4867445230484009, 1.4694178104400635, 1.4116348028182983, 1.6638375520706177, 1.4760502576828003, 1.5983458757400513, 1.5572270154953003, 1.5341858863830566, 1.5013737678527832, 1.5455361604690552, 1.5967118740081787, 1.5513441562652588, 1.4917750358581543]",sae,Pre-64
1,beta,4,0.045,0.4589558369307028,0.4477177462853796,0.4718128277070917,0.5,0.61034827708266,0.6540606676208504,30,"[0, 1, 2, 3, 4, 5, 6, 7, 8, 9, 10, 11, 12, 13, 14, 15, 16, 17, 18, 19, 20, 21, 22, 23, 24, 25, 26, 27, 28, 29]","[1.8099260330200195, 1.8174372911453247, 1.6526631116867065, 1.8223339319229126, 1.6632503271102905, 1.7019392251968384, 1.818971037864685, 1.6760658025741577, 1.6739250421524048, 1.812241792678833, 1.7718931436538696, 1.69175386428833, 1.8184744119644165, 1.6409698724746704, 1.653364658355713, 1.7071127891540527, 1.7438468933105469, 1.7569035291671753, 1.7048521041870117, 1.7555404901504517, 1.7229198217391968, 1.764857292175293, 1.6956406831741333, 1.6767197847366333, 1.7459206581115723, 1.731956124305725, 1.6665061712265015, 1.7023992538452148, 1.7812384366989136, 1.6717928647994995]",sae,Pre-64
1,beta,32,0.075,0.4555596844830426,0.4475674839123162,0.470903646724309,0.5,0.5924839124839124,0.6331457988600846,30,"[0, 1, 2, 3, 4, 5, 6, 7, 8, 9, 10, 11, 12, 13, 14, 15, 16, 17, 18, 19, 20, 21, 22, 23, 24, 25, 26, 27, 28, 29]","[1.4923003911972046, 1.4138615131378174, 1.4931637048721313, 1.4277359247207642, 1.4369975328445435, 1.5016021728515625, 1.4328423738479614, 1.413130760192871, 1.3898102045059204, 1.3987935781478882, 1.4141948223114014, 1.3888866901397705, 1.4324102401733398, 1.3520216941833496, 1.340853214263916, 1.3458329439163208, 1.3728867769241333, 1.436455488204956, 1.3829344511032104, 1.4129356145858765, 1.497511386871338, 1.4136993885040283, 1.3363304138183594, 1.4991246461868286, 1.4279483556747437, 1.358738660812378, 1.4748294353485107, 1.2947933673858643, 1.5034161806106567, 1.4962555170059204]",sae,Pre-64
1,beta,17,0.045,0.4599327030141671,0.4513468217402507,0.4478900332258152,0.5,0.6120635717004715,0.6979644162992543,30,"[0, 1, 2, 3, 4, 5, 6, 7, 8, 9, 10, 11, 12, 13, 14, 15, 16, 17, 18, 19, 20, 21, 22, 23, 24, 25, 26, 27, 28, 29]","[1.637709617614746, 1.5143941640853882, 1.5654313564300537, 1.5493534803390503, 1.6706794500350952, 1.5409773588180542, 1.602709174156189, 1.4338290691375732, 1.5512478351593018, 1.5829883813858032, 1.6263628005981445, 1.6394966840744019, 1.5641040802001953, 1.649525761604309, 1.5618035793304443, 1.5436102151870728, 1.6279292106628418, 1.5744904279708862, 1.6217985153198242, 1.5904160737991333, 1.5236656665802002, 1.5902714729309082, 1.434098720550537, 1.5586758852005005, 1.5905179977416992, 1.5740704536437988, 1.5278033018112183, 1.572365641593933, 1.549903392791748, 1.614575982093811]",sae,Pre-64
1,beta,39,0.054,0.4461088087810431,0.4292341094433316,0.4413337310364728,0.5,0.6205127278095635,0.6703378315271263,30,"[0, 1, 2, 3, 4, 5, 6, 7, 8, 9, 10, 11, 12, 13, 14, 15, 16, 17, 18, 19, 20, 21, 22, 23, 24, 25, 26, 27, 28, 29]","[1.5357433557510376, 1.6743204593658447, 1.5998456478118896, 1.6283574104309082, 1.5292465686798096, 1.5417349338531494, 1.573042869567871, 1.5918081998825073, 1.522135615348816, 1.6711359024047852, 1.5845824480056763, 1.5262012481689453, 1.6027872562408447, 1.507888674736023, 1.606844186782837, 1.6639442443847656, 1.6666843891143799, 1.641046166419983, 1.535504937171936, 1.5432007312774658, 1.504520297050476, 1.5726016759872437, 1.5881863832473755, 1.591165542602539, 1.6268717050552368, 1.5484802722930908, 1.4915313720703125, 1.5447108745574951, 1.6766245365142822, 1.5381877422332764]",sae,Pre-64
1,beta,49,0.08,0.462130925118617,0.4524487678230295,0.4490487315987951,0.5,0.6141152509743157,0.683388505423299,30,"[0, 1, 2, 3, 4, 5, 6, 7, 8, 9, 10, 11, 12, 13, 14, 15, 16, 17, 18, 19, 20, 21, 22, 23, 24, 25, 26, 27, 28, 29]","[1.3349106311798096, 1.386095643043518, 1.38361656665802, 1.368496298789978, 1.3151615858078003, 1.3470754623413086, 1.4247595071792603, 1.3289836645126343, 1.453954815864563, 1.4024713039398193, 1.353840708732605, 1.3342394828796387, 1.4011231660842896, 1.3911874294281006, 1.432449460029602, 1.378523826599121, 1.4706822633743286, 1.4563544988632202, 1.3198689222335815, 1.4033260345458984, 1.4461643695831299, 1.3569692373275757, 1.4526556730270386, 1.3866316080093384, 1.3490723371505737, 1.3927353620529175, 1.3888163566589355, 1.349395513534546, 1.2835261821746826, 1.349860668182373]",sae,Pre-64
1,beta,23,0.076,0.4478205607315014,0.4344954522622479,0.4346029890826605,0.5,0.6150139710231751,0.6749585105240306,30,"[0, 1, 2, 3, 4, 5, 6, 7, 8, 9, 10, 11, 12, 13, 14, 15, 16, 17, 18, 19, 20, 21, 22, 23, 24, 25, 26, 27, 28, 29]","[1.394145131111145, 1.4534906148910522, 1.4325412511825562, 1.5447912216186523, 1.3239582777023315, 1.3900636434555054, 1.5260990858078003, 1.4173650741577148, 1.3926539421081543, 1.5272053480148315, 1.5322999954223633, 1.4870282411575317, 1.4762496948242188, 1.371246337890625, 1.4647562503814697, 1.5241042375564575, 1.2166684865951538, 1.429891586303711, 1.375038743019104, 1.4070179462432861, 1.5220036506652832, 1.5442742109298706, 1.3950583934783936, 1.5372159481048584, 1.5300403833389282, 1.4375799894332886, 1.3933491706848145, 1.4347608089447021, 1.4371329545974731, 1.5456575155258179]",sae,Pre-64
1,beta,37,0.076,0.4546908257221888,0.444978337644671,0.4339649742040769,0.5,0.6058579085235571,0.7173040825195254,30,"[0, 1, 2, 3, 4, 5, 6, 7, 8, 9, 10, 11, 12, 13, 14, 15, 16, 17, 18, 19, 20, 21, 22, 23, 24, 25, 26, 27, 28, 29]","[1.4689115285873413, 1.530768632888794, 1.5056054592132568, 1.48138427734375, 1.433226227760315, 1.5410181283950806, 1.5070443153381348, 1.555519700050354, 1.6015790700912476, 1.5414077043533325, 1.5053865909576416, 1.513454794883728, 1.539951205253601, 1.5444048643112183, 1.5775120258331299, 1.5219284296035767, 1.5114834308624268, 1.5555123090744019, 1.5278109312057495, 1.5252571105957031, 1.551762580871582, 1.560764193534851, 1.584832787513733, 1.5689595937728882, 1.5273487567901611, 1.5654363632202148, 1.5337868928909302, 1.5636403560638428, 1.5656609535217285, 1.5800262689590454]",sae,Pre-64
1,beta,34,0.05,0.4568527557813058,0.4470225010708758,0.4499047721663115,0.5,0.6011606799053854,0.6785591240326462,30,"[0, 1, 2, 3, 4, 5, 6, 7, 8, 9, 10, 11, 12, 13, 14, 15, 16, 17, 18, 19, 20, 21, 22, 23, 24, 25, 26, 27, 28, 29]","[1.481923222541809, 1.564003825187683, 1.570164680480957, 1.5007139444351196, 1.4519767761230469, 1.4846558570861816, 1.520532488822937, 1.4438037872314453, 1.4338979721069336, 1.4710077047348022, 1.5388299226760864, 1.3284845352172852, 1.5522278547286987, 1.437528371810913, 1.4399569034576416, 1.4643917083740234, 1.5670124292373657, 1.5720452070236206, 1.4771990776062012, 1.4701247215270996, 1.4921678304672241, 1.5786160230636597, 1.5150072574615479, 1.5479745864868164, 1.4670039415359497, 1.3994755744934082, 1.5884419679641724, 1.579565167427063, 1.564244270324707, 1.5591882467269897]",sae,Pre-64
1,beta,1,0.058,0.4560357198099471,0.4497423189216591,0.4517695773811406,0.5,0.5964054457666336,0.6824827643197808,30,"[0, 1, 2, 3, 4, 5, 6, 7, 8, 9, 10, 11, 12, 13, 14, 15, 16, 17, 18, 19, 20, 21, 22, 23, 24, 25, 26, 27, 28, 29]","[1.6339588165283203, 1.4908273220062256, 1.5779762268066406, 1.4498940706253052, 1.5796900987625122, 1.4482513666152954, 1.4903672933578491, 1.5322142839431763, 1.4232338666915894, 1.5009582042694092, 1.509101152420044, 1.557418942451477, 1.6172921657562256, 1.4734582901000977, 1.6107679605484009, 1.4711142778396606, 1.4595565795898438, 1.5208226442337036, 1.588842511177063, 1.6170654296875, 1.6145579814910889, 1.5370752811431885, 1.537501335144043, 1.491623044013977, 1.4457006454467773, 1.483784556388855, 1.5325934886932373, 1.5232865810394287, 1.6156558990478516, 1.5471770763397217]",sae,Pre-64
1,beta,14,0.07,0.4467366851483266,0.4421697276018216,0.4362176425705804,0.5,0.5934222168898753,0.6961532116558437,30,"[0, 1, 2, 3, 4, 5, 6, 7, 8, 9, 10, 11, 12, 13, 14, 15, 16, 17, 18, 19, 20, 21, 22, 23, 24, 25, 26, 27, 28, 29]","[1.4921854734420776, 1.3814221620559692, 1.4848411083221436, 1.5088045597076416, 1.5116961002349854, 1.4873541593551636, 1.449304461479187, 1.5805602073669434, 1.4885393381118774, 1.5589276552200317, 1.4389756917953491, 1.4196075201034546, 1.4526993036270142, 1.5603959560394287, 1.5307351350784302, 1.493399739265442, 1.5783826112747192, 1.5743974447250366, 1.4904636144638062, 1.4738513231277466, 1.491306185722351, 1.5016322135925293, 1.5648421049118042, 1.4546005725860596, 1.5661076307296753, 1.5682183504104614, 1.513864278793335, 1.5784815549850464, 1.5661542415618896, 1.4668043851852417]",sae,Pre-64
1,beta,42,0.058,0.4546678683050885,0.4407690563496341,0.4565543270228138,0.5,0.6336081445133979,0.6612726704190118,30,"[0, 1, 2, 3, 4, 5, 6, 7, 8, 9, 10, 11, 12, 13, 14, 15, 16, 17, 18, 19, 20, 21, 22, 23, 24, 25, 26, 27, 28, 29]","[1.6471138000488281, 1.5119599103927612, 1.6568406820297241, 1.6520425081253052, 1.5941451787948608, 1.6363518238067627, 1.5862877368927002, 1.5437579154968262, 1.5061808824539185, 1.654581904411316, 1.6224043369293213, 1.6643925905227661, 1.5386345386505127, 1.3020771741867065, 1.6664820909500122, 1.548835039138794, 1.493139386177063, 1.4693561792373657, 1.6192212104797363, 1.649228572845459, 1.557971477508545, 1.5315747261047363, 1.559665560722351, 1.486896276473999, 1.5385801792144775, 1.500207543373108, 1.673302412033081, 1.4890644550323486, 1.5753774642944336, 1.492903232574463]",sae,Pre-64
1,beta,5,0.084,0.4445517550333296,0.4301735816232515,0.4290031532091686,0.5,0.6070910659257547,0.6831835257496109,30,"[0, 1, 2, 3, 4, 5, 6, 7, 8, 9, 10, 11, 12, 13, 14, 15, 16, 17, 18, 19, 20, 21, 22, 23, 24, 25, 26, 27, 28, 29]","[1.384474754333496, 1.2800390720367432, 1.2816855907440186, 1.3999382257461548, 1.399316668510437, 1.3321589231491089, 1.3288906812667847, 1.3101612329483032, 1.3703795671463013, 1.2916626930236816, 1.3804850578308105, 1.4014880657196045, 1.3306937217712402, 1.334977149963379, 1.4114025831222534, 1.3588978052139282, 1.3644373416900635, 1.3912650346755981, 1.2708648443222046, 1.3377792835235596, 1.4139081239700317, 1.3415288925170898, 1.4100923538208008, 1.2922974824905396, 1.337436318397522, 1.4142303466796875, 1.2828649282455444, 1.3153795003890991, 1.3908532857894897, 1.3390926122665405]",sae,Pre-64
1,beta,35,0.08,0.4566193215888805,0.4379483378046387,0.4310908203467896,0.5,0.637290178651746,0.7134885366628885,30,"[0, 1, 2, 3, 4, 5, 6, 7, 8, 9, 10, 11, 12, 13, 14, 15, 16, 17, 18, 19, 20, 21, 22, 23, 24, 25, 26, 27, 28, 29]","[1.3107203245162964, 1.3622345924377441, 1.4253392219543457, 1.3687903881072998, 1.3626765012741089, 1.341905117034912, 1.2834244966506958, 1.4466639757156372, 1.4573719501495361, 1.370174527168274, 1.4181973934173584, 1.2986559867858887, 1.3601762056350708, 1.2545039653778076, 1.3516573905944824, 1.307062029838562, 1.4314050674438477, 1.2898155450820923, 1.3913624286651611, 1.295629620552063, 1.3113809823989868, 1.3031946420669556, 1.3298150300979614, 1.2870501279830933, 1.3304810523986816, 1.3625608682632446, 1.3299577236175537, 1.3951221704483032, 1.4246914386749268, 1.382952094078064]",sae,Pre-64
1,beta,19,0.084,0.4469965829377276,0.435497383761294,0.4137630639506024,0.5,0.6104665954706788,0.7133571002292929,30,"[0, 1, 2, 3, 4, 5, 6, 7, 8, 9, 10, 11, 12, 13, 14, 15, 16, 17, 18, 19, 20, 21, 22, 23, 24, 25, 26, 27, 28, 29]","[1.332038164138794, 1.3453543186187744, 1.4214977025985718, 1.3651858568191528, 1.283882975578308, 1.2982101440429688, 1.3366987705230713, 1.4080226421356201, 1.3132096529006958, 1.4275866746902466, 1.4205235242843628, 1.4477509260177612, 1.3350164890289307, 1.3491612672805786, 1.2640681266784668, 1.2832777500152588, 1.4109983444213867, 1.444666862487793, 1.2966371774673462, 1.3239388465881348, 1.460410475730896, 1.3264065980911255, 1.332851529121399, 1.327957034111023, 1.3242487907409668, 1.4223130941390991, 1.434835433959961, 1.3512884378433228, 1.306111454963684, 1.3010939359664917]",sae,Pre-64
1,beta,41,0.062,0.4543678569363413,0.4427951465832617,0.4546733087114414,0.5,0.6190905384235713,0.6764022117785075,30,"[0, 1, 2, 3, 4, 5, 6, 7, 8, 9, 10, 11, 12, 13, 14, 15, 16, 17, 18, 19, 20, 21, 22, 23, 24, 25, 26, 27, 28, 29]","[1.469901204109192, 1.5626400709152222, 1.5035978555679321, 1.4260224103927612, 1.4384797811508179, 1.606648564338684, 1.4622602462768555, 1.525761365890503, 1.4939318895339966, 1.5900638103485107, 1.5820913314819336, 1.5192418098449707, 1.5223289728164673, 1.5904557704925537, 1.5903937816619873, 1.5054513216018677, 1.5021337270736694, 1.5391285419464111, 1.5764567852020264, 1.5392162799835205, 1.4509159326553345, 1.5032762289047241, 1.5075429677963257, 1.5274046659469604, 1.5024797916412354, 1.4839199781417847, 1.5625118017196655, 1.5753605365753174, 1.533394455909729, 1.4546892642974854]",sae,Pre-64
1,beta,9,0.076,0.448644851968101,0.4348910401892977,0.4492361811697464,0.5,0.6286670530281078,0.6738988698927848,30,"[0, 1, 2, 3, 4, 5, 6, 7, 8, 9, 10, 11, 12, 13, 14, 15, 16, 17, 18, 19, 20, 21, 22, 23, 24, 25, 26, 27, 28, 29]","[1.5787513256072998, 1.4781028032302856, 1.5788488388061523, 1.5505619049072266, 1.4685759544372559, 1.30963933467865, 1.5593997240066528, 1.4880342483520508, 1.5814521312713623, 1.4167420864105225, 1.529722809791565, 1.4903513193130493, 1.484317660331726, 1.5246034860610962, 1.6027743816375732, 1.504309892654419, 1.4692652225494385, 1.5586925745010376, 1.5894763469696045, 1.448117971420288, 1.5694748163223267, 1.5866198539733887, 1.4591834545135498, 1.575204849243164, 1.5732065439224243, 1.566182017326355, 1.4146286249160767, 1.3924975395202637, 1.464845895767212, 1.5970046520233154]",sae,Pre-64
1,beta,27,0.082,0.4609757262074365,0.4537266978541116,0.4611599272366606,0.5,0.5914172664146189,0.6603572219372283,30,"[0, 1, 2, 3, 4, 5, 6, 7, 8, 9, 10, 11, 12, 13, 14, 15, 16, 17, 18, 19, 20, 21, 22, 23, 24, 25, 26, 27, 28, 29]","[1.528839111328125, 1.601906657218933, 1.5302330255508423, 1.5144084692001343, 1.5828876495361328, 1.4910337924957275, 1.5929298400878906, 1.457958698272705, 1.5630487203598022, 1.5720734596252441, 1.477761149406433, 1.604813814163208, 1.5174938440322876, 1.4773880243301392, 1.516610026359558, 1.4298863410949707, 1.5213173627853394, 1.5660665035247803, 1.509534478187561, 1.5303791761398315, 1.5965993404388428, 1.5319994688034058, 1.4849026203155518, 1.4402124881744385, 1.50285804271698, 1.6101752519607544, 1.4939314126968384, 1.544904112815857, 1.4350506067276, 1.5425217151641846]",sae,Pre-64
1,beta,11,0.054,0.4566976193509867,0.4496008864727478,0.4389304379907162,0.5,0.5995106990682213,0.710845682914267,30,"[0, 1, 2, 3, 4, 5, 6, 7, 8, 9, 10, 11, 12, 13, 14, 15, 16, 17, 18, 19, 20, 21, 22, 23, 24, 25, 26, 27, 28, 29]","[1.5821130275726318, 1.404147744178772, 1.5258527994155884, 1.463616967201233, 1.6117953062057495, 1.468445897102356, 1.4858182668685913, 1.340225338935852, 1.5959391593933105, 1.6015889644622803, 1.6025819778442383, 1.6274791955947876, 1.6408412456512451, 1.4999847412109375, 1.4848148822784424, 1.5010274648666382, 1.5561696290969849, 1.4678351879119873, 1.4927175045013428, 1.571071982383728, 1.523313045501709, 1.5577892065048218, 1.6151162385940552, 1.5381536483764648, 1.5161854028701782, 1.5829671621322632, 1.6149775981903076, 1.46083402633667, 1.5108312368392944, 1.4802889823913574]",sae,Pre-64
1,beta,4,0.064,0.4589558369307028,0.4477177462853796,0.465233535189315,0.5,0.61034827708266,0.6563691767856319,30,"[0, 1, 2, 3, 4, 5, 6, 7, 8, 9, 10, 11, 12, 13, 14, 15, 16, 17, 18, 19, 20, 21, 22, 23, 24, 25, 26, 27, 28, 29]","[1.6114754676818848, 1.6115814447402954, 1.4799752235412598, 1.6485427618026733, 1.463969349861145, 1.5171116590499878, 1.608591079711914, 1.4998818635940552, 1.548112154006958, 1.630703330039978, 1.5885554552078247, 1.531950831413269, 1.6433175802230835, 1.4977061748504639, 1.4836159944534302, 1.553545594215393, 1.5836230516433716, 1.5612094402313232, 1.5184381008148193, 1.6066380739212036, 1.5569252967834473, 1.6195765733718872, 1.548158049583435, 1.4914226531982422, 1.5604519844055176, 1.5327539443969727, 1.4916152954101562, 1.5270187854766846, 1.6069477796554565, 1.4849134683609009]",sae,Pre-64
1,beta,41,0.052,0.4543678569363413,0.4427951465832617,0.4547392274986759,0.5,0.6190905384235713,0.676396489195047,30,"[0, 1, 2, 3, 4, 5, 6, 7, 8, 9, 10, 11, 12, 13, 14, 15, 16, 17, 18, 19, 20, 21, 22, 23, 24, 25, 26, 27, 28, 29]","[1.474242091178894, 1.5669660568237305, 1.50784432888031, 1.4303227663040161, 1.4427932500839233, 1.610965609550476, 1.466564416885376, 1.5300871133804321, 1.498267650604248, 1.594335913658142, 1.5863879919052124, 1.523580551147461, 1.526660442352295, 1.5947437286376953, 1.5946961641311646, 1.5097599029541016, 1.5063955783843994, 1.5434387922286987, 1.5806976556777954, 1.5435504913330078, 1.4552377462387085, 1.5075914859771729, 1.5118952989578247, 1.531734585762024, 1.506833553314209, 1.488249659538269, 1.5668262243270874, 1.579668641090393, 1.5377037525177002, 1.4589866399765015]",sae,Pre-64
1,beta,29,0.058,0.4558655961502112,0.4409050416793991,0.4581418847723443,0.5,0.6296548282533407,0.6730092268590465,30,"[0, 1, 2, 3, 4, 5, 6, 7, 8, 9, 10, 11, 12, 13, 14, 15, 16, 17, 18, 19, 20, 21, 22, 23, 24, 25, 26, 27, 28, 29]","[1.558805227279663, 1.571813941001892, 1.2936302423477173, 1.6729708909988403, 1.6034163236618042, 1.5447897911071777, 1.6994987726211548, 1.517712116241455, 1.6272372007369995, 1.6675081253051758, 1.575496792793274, 1.638371467590332, 1.659196376800537, 1.5799709558486938, 1.6278382539749146, 1.5797330141067505, 1.6026725769042969, 1.6046485900878906, 1.5591431856155396, 1.5828436613082886, 1.6808456182479858, 1.7127505540847778, 1.5752642154693604, 1.578582525253296, 1.6239529848098755, 1.4851661920547485, 1.5645586252212524, 1.6898441314697266, 1.7210782766342163, 1.541079044342041]",sae,Pre-64
1,beta,20,0.072,0.4408022875601419,0.4262939306313442,0.4359322797127725,0.5,0.6176087118064704,0.6504789602037439,30,"[0, 1, 2, 3, 4, 5, 6, 7, 8, 9, 10, 11, 12, 13, 14, 15, 16, 17, 18, 19, 20, 21, 22, 23, 24, 25, 26, 27, 28, 29]","[1.4367351531982422, 1.5074855089187622, 1.4448254108428955, 1.5514863729476929, 1.4992595911026, 1.5174206495285034, 1.5140764713287354, 1.4348918199539185, 1.4810309410095215, 1.4396605491638184, 1.452900767326355, 1.4456005096435547, 1.5635844469070435, 1.3956685066223145, 1.451406478881836, 1.5504705905914307, 1.4417335987091064, 1.4133447408676147, 1.4820175170898438, 1.4813286066055298, 1.4754455089569092, 1.3826501369476318, 1.5010473728179932, 1.555617094039917, 1.5202771425247192, 1.4074146747589111, 1.4512234926223755, 1.493392825126648, 1.4059326648712158, 1.5543701648712158]",sae,Pre-64
1,beta,34,0.042,0.4568527557813058,0.4470225010708758,0.4534555084837827,0.5,0.6011606799053854,0.6789543168664827,30,"[0, 1, 2, 3, 4, 5, 6, 7, 8, 9, 10, 11, 12, 13, 14, 15, 16, 17, 18, 19, 20, 21, 22, 23, 24, 25, 26, 27, 28, 29]","[1.6145410537719727, 1.7191811800003052, 1.7209893465042114, 1.6574928760528564, 1.602138876914978, 1.6343801021575928, 1.6655217409133911, 1.614768147468567, 1.5824344158172607, 1.6179143190383911, 1.695052981376648, 1.4848989248275757, 1.7162286043167114, 1.6072685718536377, 1.5798277854919434, 1.6212499141693115, 1.7295846939086914, 1.720105767250061, 1.6363710165023804, 1.6025867462158203, 1.6573209762573242, 1.7285524606704712, 1.6808565855026245, 1.734316110610962, 1.5950844287872314, 1.56429123878479, 1.746317982673645, 1.7475531101226807, 1.7162158489227295, 1.7302852869033813]",sae,Pre-64
1,beta,2,0.055,0.4419681213812466,0.4306250660512843,0.4292037842109553,0.5,0.6028191218064636,0.6892807877776232,30,"[0, 1, 2, 3, 4, 5, 6, 7, 8, 9, 10, 11, 12, 13, 14, 15, 16, 17, 18, 19, 20, 21, 22, 23, 24, 25, 26, 27, 28, 29]","[1.4692156314849854, 1.4706231355667114, 1.4503672122955322, 1.5371414422988892, 1.4857083559036255, 1.581054925918579, 1.47038733959198, 1.4935510158538818, 1.434950828552246, 1.4671236276626587, 1.5038074254989624, 1.4260973930358887, 1.5251752138137817, 1.585085391998291, 1.5527782440185547, 1.4995094537734985, 1.561950922012329, 1.6118438243865967, 1.6083800792694092, 1.5871037244796753, 1.501116156578064, 1.4630192518234253, 1.5603512525558472, 1.5739765167236328, 1.450761318206787, 1.4696542024612427, 1.5411919355392456, 1.5157784223556519, 1.314344048500061, 1.607496738433838]",sae,Pre-64
1,beta,12,0.044,0.4455148672091349,0.4361346773072694,0.4191366972299291,0.5,0.5892778403611032,0.7302866420176657,30,"[0, 1, 2, 3, 4, 5, 6, 7, 8, 9, 10, 11, 12, 13, 14, 15, 16, 17, 18, 19, 20, 21, 22, 23, 24, 25, 26, 27, 28, 29]","[1.5983418226242065, 1.7733961343765259, 1.6316845417022705, 1.587933897972107, 1.8004789352416992, 1.7516422271728516, 1.7296313047409058, 1.723499059677124, 1.78083074092865, 1.6244275569915771, 1.607059121131897, 1.8311772346496582, 1.6525204181671143, 1.7316086292266846, 1.590717077255249, 1.8330512046813965, 1.5637140274047852, 1.822417974472046, 1.712125301361084, 1.827405333518982, 1.7694222927093506, 1.7252331972122192, 1.6280189752578735, 1.8288750648498535, 1.8160927295684814, 1.6961517333984375, 1.8174363374710083, 1.7290719747543335, 1.675756573677063, 1.829990029335022]",sae,Pre-64
1,beta,47,0.084,0.4460371044958436,0.4257646434940195,0.4058035451399527,0.5,0.6434257056516428,0.7319681090464861,30,"[0, 1, 2, 3, 4, 5, 6, 7, 8, 9, 10, 11, 12, 13, 14, 15, 16, 17, 18, 19, 20, 21, 22, 23, 24, 25, 26, 27, 28, 29]","[1.4893630743026733, 1.3295681476593018, 1.3386214971542358, 1.355300784111023, 1.4372549057006836, 1.4739100933074951, 1.4237624406814575, 1.4415762424468994, 1.4305638074874878, 1.3668198585510254, 1.3706384897232056, 1.3044321537017822, 1.350993275642395, 1.491823434829712, 1.3201252222061157, 1.4537204504013062, 1.3657822608947754, 1.4377703666687012, 1.2770814895629883, 1.3211586475372314, 1.3691407442092896, 1.4142121076583862, 1.4438775777816772, 1.3323134183883667, 1.4251772165298462, 1.3075822591781616, 1.269995093345642, 1.4149737358093262, 1.3192858695983887, 1.4043630361557007]",sae,Pre-64
1,beta,26,0.074,0.4502231978181314,0.4442488029476733,0.4597351265047302,0.5,0.5832450787939482,0.646721140765621,30,"[0, 1, 2, 3, 4, 5, 6, 7, 8, 9, 10, 11, 12, 13, 14, 15, 16, 17, 18, 19, 20, 21, 22, 23, 24, 25, 26, 27, 28, 29]","[1.4254601001739502, 1.436716914176941, 1.5992525815963745, 1.391409158706665, 1.4623030424118042, 1.5044101476669312, 1.490680456161499, 1.3893218040466309, 1.4932637214660645, 1.4599943161010742, 1.375822901725769, 1.601420521736145, 1.5369871854782104, 1.4753422737121582, 1.5506879091262817, 1.43686842918396, 1.4824011325836182, 1.3680877685546875, 1.5123311281204224, 1.4625924825668335, 1.4221986532211304, 1.5761969089508057, 1.4639719724655151, 1.5047738552093506, 1.5822666883468628, 1.573357105255127, 1.4314035177230835, 1.4871288537979126, 1.2997429370880127, 1.4226962327957153]",sae,Pre-64
1,beta,36,0.068,0.4642138821845151,0.4576483090311837,0.4620284408674867,0.5,0.6031055233182893,0.6742627540499881,30,"[0, 1, 2, 3, 4, 5, 6, 7, 8, 9, 10, 11, 12, 13, 14, 15, 16, 17, 18, 19, 20, 21, 22, 23, 24, 25, 26, 27, 28, 29]","[1.5207675695419312, 1.5121309757232666, 1.4321296215057373, 1.513283133506775, 1.39067542552948, 1.541725754737854, 1.4391083717346191, 1.483567476272583, 1.5539813041687012, 1.4067515134811401, 1.4410597085952759, 1.5428588390350342, 1.4323413372039795, 1.4680612087249756, 1.4785311222076416, 1.5561017990112305, 1.5083552598953247, 1.492101788520813, 1.550926923751831, 1.4248580932617188, 1.4668056964874268, 1.4568966627120972, 1.4623535871505737, 1.4388500452041626, 1.5359328985214233, 1.5166842937469482, 1.4481221437454224, 1.4984915256500244, 1.5335872173309326, 1.427200436592102]",sae,Pre-64
1,beta,12,0.052,0.4455148672091349,0.4361346773072694,0.4189890058447547,0.5,0.5892778403611032,0.730303781019646,30,"[0, 1, 2, 3, 4, 5, 6, 7, 8, 9, 10, 11, 12, 13, 14, 15, 16, 17, 18, 19, 20, 21, 22, 23, 24, 25, 26, 27, 28, 29]","[1.5891309976577759, 1.7643282413482666, 1.6225614547729492, 1.5789580345153809, 1.7914787530899048, 1.742698073387146, 1.7205842733383179, 1.7142903804779053, 1.7716675996780396, 1.6153125762939453, 1.5978658199310303, 1.8220921754837036, 1.6432822942733765, 1.7224149703979492, 1.5815633535385132, 1.823949933052063, 1.5545954704284668, 1.813410758972168, 1.702955961227417, 1.818337082862854, 1.7602192163467407, 1.716171145439148, 1.6187869310379028, 1.819770097732544, 1.80697762966156, 1.6870815753936768, 1.8083722591400146, 1.7198575735092163, 1.6665583848953247, 1.8208537101745605]",sae,Pre-64
1,beta,3,0.066,0.4557259332451328,0.444824285747971,0.4644506860256724,0.5,0.6042731979176,0.6522617626399418,30,"[0, 1, 2, 3, 4, 5, 6, 7, 8, 9, 10, 11, 12, 13, 14, 15, 16, 17, 18, 19, 20, 21, 22, 23, 24, 25, 26, 27, 28, 29]","[1.4012826681137085, 1.4281888008117676, 1.4128485918045044, 1.3708003759384155, 1.4062480926513672, 1.4428725242614746, 1.3988202810287476, 1.4464253187179565, 1.2017666101455688, 1.471360683441162, 1.3631563186645508, 1.4694232940673828, 1.404975414276123, 1.3809233903884888, 1.48026704788208, 1.3998570442199707, 1.405582308769226, 1.431023359298706, 1.3649770021438599, 1.3678630590438843, 1.3132928609848022, 1.3793084621429443, 1.3760356903076172, 1.4909048080444336, 1.461661696434021, 1.3907334804534912, 1.393827199935913, 1.3873605728149414, 1.4562498331069946, 1.393428921699524]",sae,Pre-64
1,beta,23,0.046,0.4478205607315014,0.4344954522622479,0.4375523978599517,0.5,0.6150139710231751,0.6769130922178299,30,"[0, 1, 2, 3, 4, 5, 6, 7, 8, 9, 10, 11, 12, 13, 14, 15, 16, 17, 18, 19, 20, 21, 22, 23, 24, 25, 26, 27, 28, 29]","[1.5121188163757324, 1.6079728603363037, 1.5850592851638794, 1.6761143207550049, 1.4473965167999268, 1.5157848596572876, 1.661019206047058, 1.5183626413345337, 1.5100483894348145, 1.6520200967788696, 1.6607176065444946, 1.613355040550232, 1.6077719926834106, 1.519501805305481, 1.6073765754699707, 1.6590291261672974, 1.3575116395950317, 1.5437144041061401, 1.5035691261291504, 1.5345550775527954, 1.6543943881988525, 1.6688530445098877, 1.523228645324707, 1.6707007884979248, 1.6659830808639526, 1.55826997756958, 1.5029559135437012, 1.587756633758545, 1.5533612966537476, 1.6820744276046753]",sae,Pre-64
1,beta,48,0.042,0.4556814132376,0.4510566266980289,0.4932983517755935,0.5,0.5923878577171784,0.5936151659626513,30,"[0, 1, 2, 3, 4, 5, 6, 7, 8, 9, 10, 11, 12, 13, 14, 15, 16, 17, 18, 19, 20, 21, 22, 23, 24, 25, 26, 27, 28, 29]","[1.7307641506195068, 1.6631381511688232, 1.6297340393066406, 1.609102725982666, 1.6151375770568848, 1.5380504131317139, 1.6380127668380737, 1.6084563732147217, 1.611635684967041, 1.5882298946380615, 1.68299400806427, 1.613482117652893, 1.6638917922973633, 1.6100268363952637, 1.5786025524139404, 1.6379075050354004, 1.7175213098526, 1.676884412765503, 1.6915994882583618, 1.5793685913085938, 1.6030198335647583, 1.7247110605239868, 1.7337560653686523, 1.5690858364105225, 1.6119873523712158, 1.7005882263183594, 1.6994622945785522, 1.7360203266143799, 1.5894659757614136, 1.6504069566726685]",sae,Pre-64
1,beta,4,0.075,0.4589558369307028,0.4477177462853796,0.4573442414401339,0.5,0.61034827708266,0.6589408559951984,30,"[0, 1, 2, 3, 4, 5, 6, 7, 8, 9, 10, 11, 12, 13, 14, 15, 16, 17, 18, 19, 20, 21, 22, 23, 24, 25, 26, 27, 28, 29]","[1.3960630893707275, 1.380868911743164, 1.3022778034210205, 1.4454225301742554, 1.2751274108886719, 1.3225311040878296, 1.3704180717468262, 1.305755615234375, 1.3914448022842407, 1.427058219909668, 1.3949460983276367, 1.3370481729507446, 1.4470278024673462, 1.3336410522460938, 1.3018054962158203, 1.3889983892440796, 1.3929238319396973, 1.3609131574630737, 1.319441318511963, 1.4149588346481323, 1.3763893842697144, 1.439021348953247, 1.3775994777679443, 1.292218565940857, 1.3727097511291504, 1.3118644952774048, 1.3294934034347534, 1.3428207635879517, 1.4218693971633911, 1.296496033668518]",sae,Pre-64
1,beta,29,0.048,0.4558655961502112,0.4409050416793991,0.4582221499604846,0.5,0.6296548282533407,0.6730347030006399,30,"[0, 1, 2, 3, 4, 5, 6, 7, 8, 9, 10, 11, 12, 13, 14, 15, 16, 17, 18, 19, 20, 21, 22, 23, 24, 25, 26, 27, 28, 29]","[1.565796136856079, 1.5787444114685059, 1.3009488582611084, 1.6799269914627075, 1.6103874444961548, 1.5517871379852295, 1.7064478397369385, 1.5248206853866577, 1.6343011856079102, 1.6744647026062012, 1.5825519561767578, 1.6453766822814941, 1.6661982536315918, 1.5870758295059204, 1.634777545928955, 1.5868382453918457, 1.6095467805862427, 1.611586332321167, 1.5661821365356445, 1.5898921489715576, 1.6878505945205688, 1.7196921110153198, 1.5823240280151367, 1.58566415309906, 1.6309062242507935, 1.4922244548797607, 1.571534514427185, 1.6967964172363281, 1.728073000907898, 1.548144817352295]",sae,Pre-64
1,beta,7,0.042,0.4564836922581216,0.4420418003909208,0.4408149472148016,0.5,0.6095136152062148,0.7015476616994644,30,"[0, 1, 2, 3, 4, 5, 6, 7, 8, 9, 10, 11, 12, 13, 14, 15, 16, 17, 18, 19, 20, 21, 22, 23, 24, 25, 26, 27, 28, 29]","[1.4987801313400269, 1.5653825998306274, 1.590070128440857, 1.561979055404663, 1.5956724882125854, 1.5468493700027466, 1.5431594848632812, 1.5486400127410889, 1.6590683460235596, 1.5586484670639038, 1.474366307258606, 1.5289137363433838, 1.4778417348861694, 1.5094401836395264, 1.6665725708007812, 1.5800347328186035, 1.5067046880722046, 1.5139659643173218, 1.6026614904403687, 1.5903433561325073, 1.5680075883865356, 1.6172326803207397, 1.6145278215408325, 1.5276727676391602, 1.648675799369812, 1.6432820558547974, 1.5181641578674316, 1.4771324396133423, 1.63503098487854, 1.5103198289871216]",sae,Pre-64
1,beta,39,0.085,0.4461088087810431,0.4292341094433316,0.4375447352562435,0.5,0.6205127278095635,0.6695424375811587,30,"[0, 1, 2, 3, 4, 5, 6, 7, 8, 9, 10, 11, 12, 13, 14, 15, 16, 17, 18, 19, 20, 21, 22, 23, 24, 25, 26, 27, 28, 29]","[1.4223875999450684, 1.5173391103744507, 1.457519292831421, 1.451098084449768, 1.377495527267456, 1.4370791912078857, 1.4201189279556274, 1.4555238485336304, 1.3827064037322998, 1.498529076576233, 1.4257007837295532, 1.3702913522720337, 1.4585778713226318, 1.3749122619628906, 1.4600614309310913, 1.5196301937103271, 1.4856456518173218, 1.4795063734054565, 1.3981972932815552, 1.3569135665893555, 1.3750394582748413, 1.4649629592895508, 1.4026023149490356, 1.4055200815200806, 1.4774088859558105, 1.429934024810791, 1.3212685585021973, 1.4006620645523071, 1.5312002897262573, 1.4011865854263306]",sae,Pre-64
1,beta,44,0.078,0.4469012312759677,0.43811650775401,0.4601403957414171,0.5,0.5982762074796864,0.6212002026951382,30,"[0, 1, 2, 3, 4, 5, 6, 7, 8, 9, 10, 11, 12, 13, 14, 15, 16, 17, 18, 19, 20, 21, 22, 23, 24, 25, 26, 27, 28, 29]","[1.4694435596466064, 1.4652327299118042, 1.4267563819885254, 1.4324603080749512, 1.4596236944198608, 1.5268226861953735, 1.5146698951721191, 1.412442922592163, 1.4809892177581787, 1.553932547569275, 1.4666389226913452, 1.4551806449890137, 1.4703290462493896, 1.4327309131622314, 1.5450708866119385, 1.547788381576538, 1.4052351713180542, 1.3203717470169067, 1.4825838804244995, 1.4722788333892822, 1.4282623529434204, 1.4073864221572876, 1.4691894054412842, 1.4680936336517334, 1.5237194299697876, 1.4283523559570312, 1.4428961277008057, 1.4629321098327637, 1.4726674556732178, 1.475603699684143]",sae,Pre-64
1,beta,7,0.06,0.4564836922581216,0.4420418003909208,0.4407011324805849,0.5,0.6095136152062148,0.7015520848537927,30,"[0, 1, 2, 3, 4, 5, 6, 7, 8, 9, 10, 11, 12, 13, 14, 15, 16, 17, 18, 19, 20, 21, 22, 23, 24, 25, 26, 27, 28, 29]","[1.4900012016296387, 1.55668044090271, 1.5814628601074219, 1.553356647491455, 1.5869747400283813, 1.5381537675857544, 1.534629225730896, 1.5399585962295532, 1.650420904159546, 1.5500203371047974, 1.4657411575317383, 1.5202744007110596, 1.4691108465194702, 1.5008087158203125, 1.6578787565231323, 1.5713398456573486, 1.497997760772705, 1.5053670406341553, 1.5940604209899902, 1.5816359519958496, 1.559325098991394, 1.6087079048156738, 1.6059577465057373, 1.519039273262024, 1.6400866508483887, 1.6347821950912476, 1.5093648433685303, 1.4685747623443604, 1.626341462135315, 1.5016604661941528]",sae,Pre-64
1,beta,40,0.044,0.44666181227492,0.4340193094910912,0.4369773126622707,0.5,0.6093636266731638,0.6688802935936287,30,"[0, 1, 2, 3, 4, 5, 6, 7, 8, 9, 10, 11, 12, 13, 14, 15, 16, 17, 18, 19, 20, 21, 22, 23, 24, 25, 26, 27, 28, 29]","[1.5985116958618164, 1.5689283609390259, 1.525187611579895, 1.468666911125183, 1.50898015499115, 1.5310471057891846, 1.5297644138336182, 1.571182131767273, 1.54807448387146, 1.5896881818771362, 1.4937061071395874, 1.507589340209961, 1.5771220922470093, 1.4990838766098022, 1.4954640865325928, 1.6037230491638184, 1.530210256576538, 1.5190032720565796, 1.486100435256958, 1.5184036493301392, 1.472224473953247, 1.4848507642745972, 1.5907119512557983, 1.5153164863586426, 1.5859743356704712, 1.4990912675857544, 1.5668319463729858, 1.5015536546707153, 1.6138614416122437, 1.4733796119689941]",sae,Pre-64
1,beta,16,0.078,0.4519396108125126,0.4401978349795346,0.4306600315311902,0.5,0.6159012314439947,0.7167618565644882,30,"[0, 1, 2, 3, 4, 5, 6, 7, 8, 9, 10, 11, 12, 13, 14, 15, 16, 17, 18, 19, 20, 21, 22, 23, 24, 25, 26, 27, 28, 29]","[1.2744624614715576, 1.2375962734222412, 1.2426666021347046, 1.3215183019638062, 1.3139702081680298, 1.256571650505066, 1.3197890520095825, 1.296116828918457, 1.2670906782150269, 1.3218344449996948, 1.322264552116394, 1.3057383298873901, 1.26175057888031, 1.282764196395874, 1.2011168003082275, 1.2511411905288696, 1.3307833671569824, 1.157305359840393, 1.2684341669082642, 1.303266167640686, 1.351621150970459, 1.3192780017852783, 1.3249510526657104, 1.3155231475830078, 1.2052510976791382, 1.2940750122070312, 1.2158970832824707, 1.2704466581344604, 1.2267881631851196, 1.2505245208740234]",sae,Pre-64
1,beta,25,0.085,0.4465066892532915,0.4352791138475453,0.4418255156686753,0.5,0.6270054355300688,0.6623737539839626,30,"[0, 1, 2, 3, 4, 5, 6, 7, 8, 9, 10, 11, 12, 13, 14, 15, 16, 17, 18, 19, 20, 21, 22, 23, 24, 25, 26, 27, 28, 29]","[1.439389944076538, 1.4561970233917236, 1.3424887657165527, 1.4924981594085693, 1.4798704385757446, 1.470741629600525, 1.3536298274993896, 1.3754920959472656, 1.4168097972869873, 1.3264796733856201, 1.480795979499817, 1.405601978302002, 1.4586950540542603, 1.3751258850097656, 1.3621912002563477, 1.3919697999954224, 1.2739653587341309, 1.298218846321106, 1.334558129310608, 1.3626490831375122, 1.4893488883972168, 1.2860122919082642, 1.4410927295684814, 1.3804529905319214, 1.420130968093872, 1.371228814125061, 1.5132302045822144, 1.452796220779419, 1.4813826084136963, 1.3278321027755737]",sae,Pre-64
1,beta,46,0.045,0.4545712902572906,0.4417269056853911,0.4552858067046931,0.5,0.6270377926330811,0.6898919782787523,30,"[0, 1, 2, 3, 4, 5, 6, 7, 8, 9, 10, 11, 12, 13, 14, 15, 16, 17, 18, 19, 20, 21, 22, 23, 24, 25, 26, 27, 28, 29]","[1.5670185089111328, 1.6828083992004395, 1.663943886756897, 1.651998519897461, 1.5684843063354492, 1.6961044073104858, 1.590338945388794, 1.7310495376586914, 1.645730972290039, 1.7521026134490967, 1.4779194593429565, 1.5749679803848267, 1.715821385383606, 1.5662734508514404, 1.6215845346450806, 1.7186124324798584, 1.6372696161270142, 1.645887851715088, 1.7412997484207153, 1.7083526849746704, 1.6141374111175537, 1.6191209554672241, 1.6383744478225708, 1.645780086517334, 1.6385290622711182, 1.659900188446045, 1.649625539779663, 1.6826626062393188, 1.6188056468963623, 1.633730411529541]",sae,Pre-64
1,beta,2,0.048,0.4419681213812466,0.4306250660512843,0.4292446281705729,0.5,0.6028191218064636,0.6891185028052117,30,"[0, 1, 2, 3, 4, 5, 6, 7, 8, 9, 10, 11, 12, 13, 14, 15, 16, 17, 18, 19, 20, 21, 22, 23, 24, 25, 26, 27, 28, 29]","[1.4894331693649292, 1.4868704080581665, 1.4659302234649658, 1.5585004091262817, 1.5069966316223145, 1.6020392179489136, 1.4921722412109375, 1.5128626823425293, 1.455299735069275, 1.488250494003296, 1.5236679315567017, 1.4440616369247437, 1.5464539527893066, 1.6061807870864868, 1.5710378885269165, 1.5219095945358276, 1.58283531665802, 1.6338691711425781, 1.6299022436141968, 1.611291766166687, 1.5203973054885864, 1.4823462963104248, 1.5800246000289917, 1.5975136756896973, 1.4679723978042603, 1.4882988929748535, 1.5622752904891968, 1.538083791732788, 1.3355712890625, 1.6275203227996826]",sae,Pre-64
1,beta,14,0.058,0.4467366851483266,0.4421697276018216,0.4396797274110624,0.5,0.5934222168898753,0.6938661347650685,30,"[0, 1, 2, 3, 4, 5, 6, 7, 8, 9, 10, 11, 12, 13, 14, 15, 16, 17, 18, 19, 20, 21, 22, 23, 24, 25, 26, 27, 28, 29]","[1.5626325607299805, 1.4656322002410889, 1.5847084522247314, 1.6208977699279785, 1.588749885559082, 1.5905406475067139, 1.5302352905273438, 1.695216178894043, 1.5887970924377441, 1.6677261590957642, 1.5287601947784424, 1.5538251399993896, 1.575839877128601, 1.6661975383758545, 1.6192371845245361, 1.592191457748413, 1.6875900030136108, 1.684881329536438, 1.6025135517120361, 1.5597164630889893, 1.5759128332138062, 1.6036462783813477, 1.6657872200012207, 1.5538901090621948, 1.6758222579956055, 1.6820693016052246, 1.6308879852294922, 1.6843820810317993, 1.6751128435134888, 1.585943579673767]",sae,Pre-64
1,beta,33,0.084,0.4492211383258522,0.4377959816952598,0.4270823660893846,0.5,0.6165210074526608,0.6947887941396915,30,"[0, 1, 2, 3, 4, 5, 6, 7, 8, 9, 10, 11, 12, 13, 14, 15, 16, 17, 18, 19, 20, 21, 22, 23, 24, 25, 26, 27, 28, 29]","[1.3341797590255737, 1.4101067781448364, 1.366905689239502, 1.3423678874969482, 1.299250602722168, 1.4321118593215942, 1.2911978960037231, 1.403532862663269, 1.4093518257141113, 1.4077191352844238, 1.3529959917068481, 1.4104149341583252, 1.3525718450546265, 1.3108371496200562, 1.3075058460235596, 1.4005550146102905, 1.3237533569335938, 1.3311443328857422, 1.4118596315383911, 1.4083536863327026, 1.3383142948150635, 1.2910594940185547, 1.4277243614196777, 1.382280707359314, 1.426245927810669, 1.3117001056671143, 1.3306249380111694, 1.3135091066360474, 1.2788870334625244, 1.3356034755706787]",sae,Pre-64
1,beta,7,0.05,0.4564836922581216,0.4420418003909208,0.4407643740295899,0.5,0.6095136152062148,0.70154176416036,30,"[0, 1, 2, 3, 4, 5, 6, 7, 8, 9, 10, 11, 12, 13, 14, 15, 16, 17, 18, 19, 20, 21, 22, 23, 24, 25, 26, 27, 28, 29]","[1.494877576828003, 1.5615147352218628, 1.5862431526184082, 1.558146357536316, 1.5918052196502686, 1.5429842472076416, 1.5393669605255127, 1.5447801351547241, 1.655224323272705, 1.554813265800476, 1.4705320596694946, 1.5250731706619263, 1.4739611148834229, 1.5056031942367554, 1.6627092361450195, 1.5761696100234985, 1.502834439277649, 1.510143518447876, 1.598838448524475, 1.5864722728729248, 1.56414794921875, 1.6134432554244995, 1.6107182502746582, 1.5238350629806519, 1.6448578834533691, 1.6395028829574585, 1.51425302028656, 1.4733282327651978, 1.6311675310134888, 1.5064700841903687]",sae,Pre-64
1,beta,11,0.085,0.4566976193509867,0.4496008864727478,0.4367896512095528,0.5,0.5995106990682213,0.7107198459521468,30,"[0, 1, 2, 3, 4, 5, 6, 7, 8, 9, 10, 11, 12, 13, 14, 15, 16, 17, 18, 19, 20, 21, 22, 23, 24, 25, 26, 27, 28, 29]","[1.4592106342315674, 1.2655630111694336, 1.4159401655197144, 1.3379501104354858, 1.493276596069336, 1.3595125675201416, 1.3669977188110352, 1.2467067241668701, 1.4781880378723145, 1.4797738790512085, 1.49534010887146, 1.5089795589447021, 1.5109468698501587, 1.4051839113235474, 1.3758386373519897, 1.3802703619003296, 1.432353138923645, 1.3601081371307373, 1.3893139362335205, 1.4502646923065186, 1.4191313982009888, 1.4349555969238281, 1.4928041696548462, 1.4104396104812622, 1.40025794506073, 1.4661813974380493, 1.4951438903808594, 1.3516430854797363, 1.3930727243423462, 1.3736371994018555]",sae,Pre-64
1,beta,21,0.08,0.4504746503440228,0.4381370334360364,0.4403027607454573,0.5,0.6200058082774133,0.6872443431085407,30,"[0, 1, 2, 3, 4, 5, 6, 7, 8, 9, 10, 11, 12, 13, 14, 15, 16, 17, 18, 19, 20, 21, 22, 23, 24, 25, 26, 27, 28, 29]","[1.4419262409210205, 1.49261474609375, 1.6173118352890015, 1.612019419670105, 1.5928573608398438, 1.5736075639724731, 1.4871326684951782, 1.4958972930908203, 1.6017792224884033, 1.5138338804244995, 1.591776728630066, 1.6002854108810425, 1.47923743724823, 1.5062789916992188, 1.5022763013839722, 1.4959875345230103, 1.4969282150268555, 1.508400321006775, 1.4390745162963867, 1.6088765859603882, 1.433945655822754, 1.6168427467346191, 1.4288588762283325, 1.4469166994094849, 1.5024363994598389, 1.4605119228363037, 1.428016185760498, 1.4826912879943848, 1.5701481103897095, 1.5550931692123413]",sae,Pre-64
1,beta,36,0.056,0.4642138821845151,0.4576483090311837,0.4620773962182365,0.5,0.6031055233182893,0.6742569455335414,30,"[0, 1, 2, 3, 4, 5, 6, 7, 8, 9, 10, 11, 12, 13, 14, 15, 16, 17, 18, 19, 20, 21, 22, 23, 24, 25, 26, 27, 28, 29]","[1.5241661071777344, 1.5154918432235718, 1.4355334043502808, 1.5166815519332886, 1.3940675258636475, 1.5451146364212036, 1.44252347946167, 1.4869608879089355, 1.557374358177185, 1.4101614952087402, 1.4444752931594849, 1.5462656021118164, 1.4357699155807495, 1.4714702367782593, 1.4819228649139404, 1.559495449066162, 1.5117651224136353, 1.4954979419708252, 1.5543110370635986, 1.4282814264297485, 1.4702165126800537, 1.460314154624939, 1.4657683372497559, 1.4422372579574585, 1.5393339395523071, 1.520065188407898, 1.4515711069107056, 1.5018826723098755, 1.5369782447814941, 1.4306055307388306]",sae,Pre-64
1,beta,0,0.082,0.4600628296558519,0.4487196928272481,0.4324537187962204,0.5,0.6146148452673732,0.7223421228339941,30,"[0, 1, 2, 3, 4, 5, 6, 7, 8, 9, 10, 11, 12, 13, 14, 15, 16, 17, 18, 19, 20, 21, 22, 23, 24, 25, 26, 27, 28, 29]","[1.389228343963623, 1.4328190088272095, 1.4099854230880737, 1.4635144472122192, 1.3832882642745972, 1.4070483446121216, 1.4545177221298218, 1.4851593971252441, 1.4682766199111938, 1.4130464792251587, 1.4043943881988525, 1.4195631742477417, 1.4807645082473755, 1.4641356468200684, 1.4809308052062988, 1.4297279119491577, 1.4409703016281128, 1.3642083406448364, 1.3141669034957886, 1.4642623662948608, 1.3850898742675781, 1.3721749782562256, 1.4640278816223145, 1.4071965217590332, 1.3821942806243896, 1.3455241918563843, 1.469663381576538, 1.3546830415725708, 1.4627093076705933, 1.3468843698501587]",sae,Pre-64
1,beta,8,0.056,0.4517491928182039,0.4406431065890545,0.4395416679191872,0.5,0.6098144493254953,0.6783882628410547,30,"[0, 1, 2, 3, 4, 5, 6, 7, 8, 9, 10, 11, 12, 13, 14, 15, 16, 17, 18, 19, 20, 21, 22, 23, 24, 25, 26, 27, 28, 29]","[1.3945773839950562, 1.5063923597335815, 1.4231576919555664, 1.454262137413025, 1.515308141708374, 1.4507200717926025, 1.4991655349731445, 1.4113872051239014, 1.4576952457427979, 1.506859540939331, 1.5150926113128662, 1.4389729499816895, 1.4224843978881836, 1.4555411338806152, 1.484391450881958, 1.3999558687210083, 1.4215995073318481, 1.457598328590393, 1.3681249618530273, 1.4376606941223145, 1.4106031656265259, 1.3863343000411987, 1.4898542165756226, 1.4223004579544067, 1.4893770217895508, 1.4934661388397217, 1.3911254405975342, 1.4891091585159302, 1.4600082635879517, 1.4600813388824463]",sae,Pre-64
1,beta,19,0.0535,0.4469965829377276,0.435497383761294,0.4169256617346916,0.5,0.6104665954706788,0.7140653956088828,30,"[0, 1, 2, 3, 4, 5, 6, 7, 8, 9, 10, 11, 12, 13, 14, 15, 16, 17, 18, 19, 20, 21, 22, 23, 24, 25, 26, 27, 28, 29]","[1.5249472856521606, 1.5455844402313232, 1.6223375797271729, 1.553450107574463, 1.5010250806808472, 1.512993574142456, 1.5392513275146484, 1.6203911304473877, 1.4948172569274902, 1.6390045881271362, 1.663492202758789, 1.6698579788208008, 1.5450624227523804, 1.5276368856430054, 1.4820502996444702, 1.500975251197815, 1.6297358274459839, 1.6541544198989868, 1.4869070053100586, 1.4998594522476196, 1.6778626441955566, 1.5232468843460083, 1.5420048236846924, 1.5025861263275146, 1.4916189908981323, 1.643314003944397, 1.6456506252288818, 1.5455056428909302, 1.5308270454406738, 1.4885808229446411]",sae,Pre-64
1,beta,20,0.042,0.4408022875601419,0.4262939306313442,0.4417603515584414,0.5,0.6176087118064704,0.6529480709860905,30,"[0, 1, 2, 3, 4, 5, 6, 7, 8, 9, 10, 11, 12, 13, 14, 15, 16, 17, 18, 19, 20, 21, 22, 23, 24, 25, 26, 27, 28, 29]","[1.7024822235107422, 1.7544870376586914, 1.6876220703125, 1.8243281841278076, 1.7334054708480835, 1.772171139717102, 1.7754161357879639, 1.6703964471817017, 1.7010107040405273, 1.6326241493225098, 1.6632503271102905, 1.6684374809265137, 1.82542884349823, 1.6757965087890625, 1.722925066947937, 1.7876578569412231, 1.694057822227478, 1.606236457824707, 1.7293111085891724, 1.7412467002868652, 1.6806480884552002, 1.6142255067825317, 1.7386746406555176, 1.806721568107605, 1.7905064821243286, 1.617108702659607, 1.6855415105819702, 1.7359025478363037, 1.6051455736160278, 1.7922797203063965]",sae,Pre-64
1,beta,38,0.076,0.4455661720406026,0.4298851252298221,0.4399900250767227,0.5,0.6303640517897944,0.6609520182787509,30,"[0, 1, 2, 3, 4, 5, 6, 7, 8, 9, 10, 11, 12, 13, 14, 15, 16, 17, 18, 19, 20, 21, 22, 23, 24, 25, 26, 27, 28, 29]","[1.4278228282928467, 1.4142265319824219, 1.4335800409317017, 1.4894070625305176, 1.4407124519348145, 1.31878662109375, 1.4990931749343872, 1.4465681314468384, 1.323051929473877, 1.449047327041626, 1.431742787361145, 1.4705030918121338, 1.4711804389953613, 1.4383424520492554, 1.488999366760254, 1.4191186428070068, 1.4102433919906616, 1.5048620700836182, 1.399686574935913, 1.4533501863479614, 1.4301377534866333, 1.4333255290985107, 1.4975336790084839, 1.38425612449646, 1.4285039901733398, 1.4949145317077637, 1.380688190460205, 1.4957870244979858, 1.4201782941818237, 1.506608247756958]",sae,Pre-64
1,beta,31,0.055,0.4497611378811508,0.4308970333737342,0.4337231554634529,0.5,0.642735734520437,0.7099627102965832,30,"[0, 1, 2, 3, 4, 5, 6, 7, 8, 9, 10, 11, 12, 13, 14, 15, 16, 17, 18, 19, 20, 21, 22, 23, 24, 25, 26, 27, 28, 29]","[1.5677690505981445, 1.528680443763733, 1.445056676864624, 1.46913480758667, 1.5195280313491821, 1.606257438659668, 1.482473373413086, 1.5395207405090332, 1.489432454109192, 1.5581620931625366, 1.509894609451294, 1.5380617380142212, 1.5726816654205322, 1.408259391784668, 1.572391152381897, 1.5086907148361206, 1.532463550567627, 1.5320422649383545, 1.5459606647491455, 1.5009849071502686, 1.590000867843628, 1.5318496227264404, 1.5850656032562256, 1.5368136167526245, 1.5261849164962769, 1.5528192520141602, 1.4454455375671387, 1.5984750986099243, 1.442007064819336, 1.5388565063476562]",sae,Pre-64
1,beta,47,0.0535,0.4460371044958436,0.4257646434940195,0.4092274458151715,0.5,0.6434257056516428,0.7340802417540025,30,"[0, 1, 2, 3, 4, 5, 6, 7, 8, 9, 10, 11, 12, 13, 14, 15, 16, 17, 18, 19, 20, 21, 22, 23, 24, 25, 26, 27, 28, 29]","[1.7377424240112305, 1.560194730758667, 1.5586975812911987, 1.5652446746826172, 1.67451012134552, 1.7035645246505737, 1.6411681175231934, 1.7184165716171265, 1.6817550659179688, 1.574082612991333, 1.5958235263824463, 1.5469014644622803, 1.5730040073394775, 1.735492467880249, 1.5525730848312378, 1.7043993473052979, 1.6000436544418335, 1.677555799484253, 1.5162477493286133, 1.5445359945297241, 1.5878889560699463, 1.6506978273391724, 1.7188576459884644, 1.5607939958572388, 1.6489720344543457, 1.5454442501068115, 1.4815036058425903, 1.7009541988372803, 1.517174243927002, 1.615665078163147]",sae,Pre-64
1,beta,0,0.07,0.4600628296558519,0.4487196928272481,0.4324687074354851,0.5,0.6146148452673732,0.7223329972060369,30,"[0, 1, 2, 3, 4, 5, 6, 7, 8, 9, 10, 11, 12, 13, 14, 15, 16, 17, 18, 19, 20, 21, 22, 23, 24, 25, 26, 27, 28, 29]","[1.3910815715789795, 1.4346671104431152, 1.411841630935669, 1.4653596878051758, 1.3851318359375, 1.4089088439941406, 1.456360936164856, 1.4870059490203857, 1.4701284170150757, 1.4148987531661987, 1.4062525033950806, 1.4214062690734863, 1.4826018810272217, 1.4659827947616577, 1.482776165008545, 1.4315565824508667, 1.442821741104126, 1.3660658597946167, 1.3160059452056885, 1.4661085605621338, 1.3869271278381348, 1.374030590057373, 1.4658761024475098, 1.4090404510498047, 1.3840550184249878, 1.3473751544952393, 1.4715125560760498, 1.3565412759780884, 1.4645498991012573, 1.3487427234649658]",sae,Pre-64
1,beta,5,0.045,0.4445517550333296,0.4301735816232515,0.4348246826476454,0.5,0.6070910659257547,0.6821865448203872,30,"[0, 1, 2, 3, 4, 5, 6, 7, 8, 9, 10, 11, 12, 13, 14, 15, 16, 17, 18, 19, 20, 21, 22, 23, 24, 25, 26, 27, 28, 29]","[1.5681161880493164, 1.4373817443847656, 1.4339873790740967, 1.5786038637161255, 1.572630524635315, 1.5247845649719238, 1.5026074647903442, 1.4707180261611938, 1.5344816446304321, 1.4367365837097168, 1.5476409196853638, 1.5763012170791626, 1.5160151720046997, 1.4941989183425903, 1.5782601833343506, 1.5453240871429443, 1.5424869060516357, 1.5706483125686646, 1.4330737590789795, 1.5039331912994385, 1.585036039352417, 1.5072307586669922, 1.5976136922836304, 1.4467191696166992, 1.5196914672851562, 1.5882688760757446, 1.4394633769989014, 1.5088980197906494, 1.5535788536071777, 1.5224641561508179]",sae,Pre-64
1,beta,19,0.064,0.4469965829377276,0.435497383761294,0.4159747896166529,0.5,0.6104665954706788,0.7125451518673243,30,"[0, 1, 2, 3, 4, 5, 6, 7, 8, 9, 10, 11, 12, 13, 14, 15, 16, 17, 18, 19, 20, 21, 22, 23, 24, 25, 26, 27, 28, 29]","[1.4691747426986694, 1.4820307493209839, 1.566564679145813, 1.4996799230575562, 1.4430592060089111, 1.4484232664108276, 1.4823801517486572, 1.563592791557312, 1.443957805633545, 1.5799132585525513, 1.5943422317504883, 1.6068029403686523, 1.4818763732910156, 1.4782781600952148, 1.421060562133789, 1.4409830570220947, 1.5674649477005005, 1.5936279296875, 1.4305038452148438, 1.4513064622879028, 1.6173652410507202, 1.4670404195785522, 1.4833409786224365, 1.4575505256652832, 1.44870924949646, 1.5810432434082031, 1.5822532176971436, 1.4890300035476685, 1.4710780382156372, 1.437135934829712]",sae,Pre-64
1,beta,18,0.045,0.4575117633693479,0.4471831599677374,0.4266980476344116,0.5,0.6052065040104606,0.7327692089391238,30,"[0, 1, 2, 3, 4, 5, 6, 7, 8, 9, 10, 11, 12, 13, 14, 15, 16, 17, 18, 19, 20, 21, 22, 23, 24, 25, 26, 27, 28, 29]","[1.5252432823181152, 1.685697317123413, 1.715712547302246, 1.5818324089050293, 1.6085851192474365, 1.6147211790084839, 1.8122035264968872, 1.5819499492645264, 1.7071187496185303, 1.5766769647598267, 1.7865502834320068, 1.6715611219406128, 1.7127655744552612, 1.6905461549758911, 1.6146126985549927, 1.5890588760375977, 1.6744786500930786, 1.6151460409164429, 1.593079924583435, 1.544074296951294, 1.809407114982605, 1.6110423803329468, 1.750964879989624, 1.6962798833847046, 1.6898685693740845, 1.6178449392318726, 1.69928777217865, 1.7423338890075684, 1.6861765384674072, 1.6435075998306274]",sae,Pre-64
1,beta,13,0.062,0.4619123366083722,0.4531466051409948,0.4417004406659305,0.5,0.6127276801885291,0.7102099668354727,30,"[0, 1, 2, 3, 4, 5, 6, 7, 8, 9, 10, 11, 12, 13, 14, 15, 16, 17, 18, 19, 20, 21, 22, 23, 24, 25, 26, 27, 28, 29]","[1.603559970855713, 1.433355689048767, 1.5881658792495728, 1.5096756219863892, 1.4907258749008179, 1.5970170497894287, 1.5302157402038574, 1.5191489458084106, 1.5529394149780273, 1.521950125694275, 1.5970566272735596, 1.5017462968826294, 1.5644253492355347, 1.5557938814163208, 1.578288197517395, 1.4661442041397095, 1.4878746271133423, 1.556288480758667, 1.539818525314331, 1.5355749130249023, 1.51111900806427, 1.4512946605682373, 1.5057764053344727, 1.4754565954208374, 1.5068871974945068, 1.4487464427947998, 1.5191709995269775, 1.458439826965332, 1.5492933988571167, 1.5131973028182983]",sae,Pre-64
1,beta,26,0.044,0.4502231978181314,0.4442488029476733,0.4656312506851411,0.5,0.5832450787939482,0.6463969253447835,30,"[0, 1, 2, 3, 4, 5, 6, 7, 8, 9, 10, 11, 12, 13, 14, 15, 16, 17, 18, 19, 20, 21, 22, 23, 24, 25, 26, 27, 28, 29]","[1.5774770975112915, 1.5811066627502441, 1.7567342519760132, 1.5297143459320068, 1.6074696779251099, 1.65176522731781, 1.6537392139434814, 1.5518300533294678, 1.6677311658859253, 1.609078049659729, 1.526005744934082, 1.7646244764328003, 1.6953071355819702, 1.6466026306152344, 1.7276335954666138, 1.6097385883331299, 1.6559752225875854, 1.51270592212677, 1.6709855794906616, 1.6076138019561768, 1.5719056129455566, 1.735257863998413, 1.6225334405899048, 1.6571983098983765, 1.7448233366012573, 1.7222589254379272, 1.5945101976394653, 1.6550577878952026, 1.4822543859481812, 1.5591760873794556]",sae,Pre-64
1,beta,32,0.045,0.4555596844830426,0.4475674839123162,0.4753919515222929,0.5,0.5924839124839124,0.6372612612612613,30,"[0, 1, 2, 3, 4, 5, 6, 7, 8, 9, 10, 11, 12, 13, 14, 15, 16, 17, 18, 19, 20, 21, 22, 23, 24, 25, 26, 27, 28, 29]","[1.746209979057312, 1.6492958068847656, 1.7510136365890503, 1.684895396232605, 1.6656742095947266, 1.7051610946655273, 1.6604788303375244, 1.6615382432937622, 1.6242151260375977, 1.6287596225738525, 1.6897683143615723, 1.637237787246704, 1.6947859525680542, 1.5865558385849, 1.5831806659698486, 1.5884160995483398, 1.6023485660552979, 1.698419213294983, 1.6295257806777954, 1.6631290912628174, 1.7404675483703613, 1.678887963294983, 1.5561693906784058, 1.7493155002593994, 1.6820429563522339, 1.595279574394226, 1.7254492044448853, 1.5743759870529175, 1.7586506605148315, 1.7407056093215942]",sae,Pre-64
1,beta,31,0.066,0.4497611378811508,0.4308970333737342,0.4336596773906507,0.5,0.642735734520437,0.7099814996820257,30,"[0, 1, 2, 3, 4, 5, 6, 7, 8, 9, 10, 11, 12, 13, 14, 15, 16, 17, 18, 19, 20, 21, 22, 23, 24, 25, 26, 27, 28, 29]","[1.5636615753173828, 1.5245649814605713, 1.4408761262893677, 1.4650160074234009, 1.5153557062149048, 1.602188229560852, 1.4783991575241089, 1.5353789329528809, 1.485247015953064, 1.5540661811828613, 1.5057373046875, 1.5339795351028442, 1.5685639381408691, 1.4041681289672852, 1.568237066268921, 1.5045497417449951, 1.5283726453781128, 1.5279247760772705, 1.541854739189148, 1.4968584775924683, 1.5858962535858154, 1.5277295112609863, 1.5809657573699951, 1.5326836109161377, 1.5220311880111694, 1.5486921072006226, 1.4413410425186157, 1.5943502187728882, 1.4378201961517334, 1.5346860885620117]",sae,Pre-64
1,beta,6,0.084,0.4540822999211705,0.4457917896713532,0.4484184766183587,0.5,0.5933447799067053,0.664206159877228,30,"[0, 1, 2, 3, 4, 5, 6, 7, 8, 9, 10, 11, 12, 13, 14, 15, 16, 17, 18, 19, 20, 21, 22, 23, 24, 25, 26, 27, 28, 29]","[1.4758738279342651, 1.5112425088882446, 1.4256342649459839, 1.5220601558685303, 1.4069746732711792, 1.4181437492370605, 1.4128923416137695, 1.4953913688659668, 1.4049397706985474, 1.5038206577301025, 1.430552363395691, 1.3702229261398315, 1.4217193126678467, 1.3903733491897583, 1.2230966091156006, 1.500019907951355, 1.3863730430603027, 1.4632872343063354, 1.4482442140579224, 1.4617817401885986, 1.4396497011184692, 1.4017282724380493, 1.512164831161499, 1.4452475309371948, 1.3855667114257812, 1.4526981115341187, 1.4030741453170776, 1.3874634504318237, 1.449548602104187, 1.4749460220336914]",sae,Pre-64
1,beta,47,0.064,0.4460371044958436,0.4257646434940195,0.4058255215460244,0.5,0.6434257056516428,0.7328682569279239,30,"[0, 1, 2, 3, 4, 5, 6, 7, 8, 9, 10, 11, 12, 13, 14, 15, 16, 17, 18, 19, 20, 21, 22, 23, 24, 25, 26, 27, 28, 29]","[1.5561350584030151, 1.3985689878463745, 1.3979560136795044, 1.4109755754470825, 1.5035322904586792, 1.5352381467819214, 1.487905740737915, 1.515226125717163, 1.4996671676635742, 1.424310564994812, 1.4346543550491333, 1.3737446069717407, 1.414945363998413, 1.5562889575958252, 1.3808451890945435, 1.523791790008545, 1.4287456274032593, 1.499675989151001, 1.3424216508865356, 1.3801894187927246, 1.4273103475570679, 1.4784222841262817, 1.5178806781768799, 1.3947663307189941, 1.4891026020050049, 1.3768240213394165, 1.329414963722229, 1.4908310174942017, 1.3770195245742798, 1.4607503414154053]",sae,Pre-64
1,beta,26,0.062,0.4502231978181314,0.4442488029476733,0.4597633245081621,0.5,0.5832450787939482,0.6467322187412761,30,"[0, 1, 2, 3, 4, 5, 6, 7, 8, 9, 10, 11, 12, 13, 14, 15, 16, 17, 18, 19, 20, 21, 22, 23, 24, 25, 26, 27, 28, 29]","[1.4277498722076416, 1.4390366077423096, 1.6015316247940063, 1.3936907052993774, 1.4646044969558716, 1.5067143440246582, 1.492972493171692, 1.391607642173767, 1.4955447912216187, 1.4622904062271118, 1.378106713294983, 1.603699803352356, 1.539275050163269, 1.4776346683502197, 1.552964687347412, 1.4391391277313232, 1.484673023223877, 1.3703789710998535, 1.5146209001541138, 1.464891791343689, 1.4244786500930786, 1.5784813165664673, 1.4662752151489258, 1.507067322731018, 1.5845551490783691, 1.57565176486969, 1.4336978197097778, 1.4894262552261353, 1.302045464515686, 1.424980878829956]",sae,Pre-64
1,beta,43,0.07,0.4515364523902173,0.4432102910589974,0.4420462163587417,0.5,0.6060785767234989,0.6994158636026687,30,"[0, 1, 2, 3, 4, 5, 6, 7, 8, 9, 10, 11, 12, 13, 14, 15, 16, 17, 18, 19, 20, 21, 22, 23, 24, 25, 26, 27, 28, 29]","[1.5194978713989258, 1.5927296876907349, 1.5686858892440796, 1.4659513235092163, 1.5009596347808838, 1.4401566982269287, 1.4709692001342773, 1.4578351974487305, 1.5577940940856934, 1.4474645853042603, 1.4130750894546509, 1.6032267808914185, 1.5319643020629883, 1.4744470119476318, 1.4742494821548462, 1.3619483709335327, 1.5599184036254883, 1.457999348640442, 1.5546927452087402, 1.5505855083465576, 1.4531803131103516, 1.4663420915603638, 1.5915629863739014, 1.5240789651870728, 1.4469763040542603, 1.5278666019439697, 1.594264030456543, 1.4576212167739868, 1.5534111261367798, 1.6038280725479126]",sae,Pre-64
1,beta,43,0.058,0.4515364523902173,0.4432102910589974,0.4420917218545297,0.5,0.6060785767234989,0.6994381022979985,30,"[0, 1, 2, 3, 4, 5, 6, 7, 8, 9, 10, 11, 12, 13, 14, 15, 16, 17, 18, 19, 20, 21, 22, 23, 24, 25, 26, 27, 28, 29]","[1.5232890844345093, 1.5965021848678589, 1.5724256038665771, 1.4697498083114624, 1.5047481060028076, 1.4439729452133179, 1.4747858047485352, 1.4616491794586182, 1.5615781545639038, 1.4512901306152344, 1.4168832302093506, 1.6069706678390503, 1.5357602834701538, 1.4782391786575317, 1.4780186414718628, 1.3657459020614624, 1.563694715499878, 1.4618276357650757, 1.5584725141525269, 1.5543054342269897, 1.4569957256317139, 1.470129132270813, 1.5953199863433838, 1.5278668403625488, 1.450757384300232, 1.5316756963729858, 1.5980349779129028, 1.4614382982254028, 1.5572130680084229, 1.6076103448867798]",sae,Pre-64
1,beta,9,0.068,0.448644851968101,0.4348910401892977,0.4492704776338259,0.5,0.6286670530281078,0.6739177050130397,30,"[0, 1, 2, 3, 4, 5, 6, 7, 8, 9, 10, 11, 12, 13, 14, 15, 16, 17, 18, 19, 20, 21, 22, 23, 24, 25, 26, 27, 28, 29]","[1.5811333656311035, 1.4804904460906982, 1.5812429189682007, 1.5529669523239136, 1.4709854125976562, 1.3120633363723755, 1.5617939233779907, 1.4904143810272217, 1.583829402923584, 1.4191285371780396, 1.5321404933929443, 1.4927606582641602, 1.4866995811462402, 1.5270143747329712, 1.6051628589630127, 1.5067099332809448, 1.4716556072235107, 1.5610920190811157, 1.5918614864349365, 1.4505279064178467, 1.5718635320663452, 1.5890065431594849, 1.4615845680236816, 1.5775929689407349, 1.575608491897583, 1.5685741901397705, 1.417029857635498, 1.3948523998260498, 1.467272400856018, 1.5993847846984863]",sae,Pre-64
1,beta,23,0.056,0.4478205607315014,0.4344954522622479,0.4346361431879912,0.5,0.6150139710231751,0.6750099468843938,30,"[0, 1, 2, 3, 4, 5, 6, 7, 8, 9, 10, 11, 12, 13, 14, 15, 16, 17, 18, 19, 20, 21, 22, 23, 24, 25, 26, 27, 28, 29]","[1.3981118202209473, 1.4574257135391235, 1.4364380836486816, 1.548708438873291, 1.3278851509094238, 1.3940088748931885, 1.5300250053405762, 1.4213342666625977, 1.3965892791748047, 1.5311700105667114, 1.5362449884414673, 1.490983486175537, 1.4801939725875854, 1.3751726150512695, 1.468703269958496, 1.5280539989471436, 1.2206730842590332, 1.4338350296020508, 1.379026174545288, 1.4109817743301392, 1.525956392288208, 1.5482016801834106, 1.3990274667739868, 1.541142225265503, 1.5339622497558594, 1.441563367843628, 1.3973007202148438, 1.4386751651763916, 1.441068410873413, 1.5495975017547607]",sae,Pre-64
1,beta,35,0.05,0.4566193215888805,0.4379483378046387,0.4344407477808302,0.5,0.637290178651746,0.7144435648789499,30,"[0, 1, 2, 3, 4, 5, 6, 7, 8, 9, 10, 11, 12, 13, 14, 15, 16, 17, 18, 19, 20, 21, 22, 23, 24, 25, 26, 27, 28, 29]","[1.4607410430908203, 1.5272703170776367, 1.5912930965423584, 1.5208320617675781, 1.5340886116027832, 1.4984639883041382, 1.4469342231750488, 1.6077048778533936, 1.6232942342758179, 1.515501856803894, 1.5858780145645142, 1.4372059106826782, 1.5096806287765503, 1.4170581102371216, 1.5066486597061157, 1.4641051292419434, 1.5942368507385254, 1.4391231536865234, 1.5440973043441772, 1.4447846412658691, 1.4656147956848145, 1.4569259881973267, 1.4744963645935059, 1.443984031677246, 1.4911304712295532, 1.537002444267273, 1.467707872390747, 1.5480300188064575, 1.6023699045181274, 1.5408676862716675]",sae,Pre-64
1,beta,48,0.06,0.4556814132376,0.4510566266980289,0.4890928466205518,0.5,0.5923878577171784,0.594208294168941,30,"[0, 1, 2, 3, 4, 5, 6, 7, 8, 9, 10, 11, 12, 13, 14, 15, 16, 17, 18, 19, 20, 21, 22, 23, 24, 25, 26, 27, 28, 29]","[1.6394026279449463, 1.5751644372940063, 1.5571343898773193, 1.5390710830688477, 1.5269631147384644, 1.4582494497299194, 1.5632765293121338, 1.5094937086105347, 1.524688482284546, 1.512049913406372, 1.5957759618759155, 1.5299667119979858, 1.566036581993103, 1.5318280458450317, 1.4879039525985718, 1.5688278675079346, 1.6178258657455444, 1.5828871726989746, 1.60295832157135, 1.469191312789917, 1.521872639656067, 1.626901626586914, 1.6306992769241333, 1.4574099779129028, 1.5283160209655762, 1.603790044784546, 1.610090732574463, 1.6314276456832886, 1.5217524766921997, 1.5633548498153687]",sae,Pre-64
1,beta,28,0.082,0.4589844236982603,0.4495627040154577,0.4417247129779306,0.5,0.5987249917034086,0.6982248257715831,30,"[0, 1, 2, 3, 4, 5, 6, 7, 8, 9, 10, 11, 12, 13, 14, 15, 16, 17, 18, 19, 20, 21, 22, 23, 24, 25, 26, 27, 28, 29]","[1.4486616849899292, 1.3320770263671875, 1.321444034576416, 1.5408926010131836, 1.4949556589126587, 1.4787567853927612, 1.4395250082015991, 1.3724550008773804, 1.4731531143188477, 1.5048048496246338, 1.4347389936447144, 1.465288758277893, 1.5125559568405151, 1.5226374864578247, 1.4556258916854858, 1.40267014503479, 1.437424898147583, 1.4938985109329224, 1.4685477018356323, 1.4686779975891113, 1.4032589197158813, 1.4234055280685425, 1.425282597541809, 1.3734873533248901, 1.4050370454788208, 1.4936329126358032, 1.5324292182922363, 1.4155921936035156, 1.3943322896957397, 1.406525731086731]",sae,Pre-64
1,beta,25,0.065,0.4465066892532915,0.4352791138475453,0.4431079706274481,0.5,0.6270054355300688,0.6611927669778094,30,"[0, 1, 2, 3, 4, 5, 6, 7, 8, 9, 10, 11, 12, 13, 14, 15, 16, 17, 18, 19, 20, 21, 22, 23, 24, 25, 26, 27, 28, 29]","[1.5363738536834717, 1.561326503753662, 1.4278863668441772, 1.60970139503479, 1.588249921798706, 1.5785740613937378, 1.4584636688232422, 1.4671244621276855, 1.5133295059204102, 1.4294312000274658, 1.5888463258743286, 1.5232700109481812, 1.562957525253296, 1.4685875177383423, 1.4598708152770996, 1.503667950630188, 1.3736662864685059, 1.3890178203582764, 1.4334360361099243, 1.459136962890625, 1.6019378900527954, 1.3806211948394775, 1.5501282215118408, 1.4729607105255127, 1.5261861085891724, 1.473365306854248, 1.6259232759475708, 1.5571284294128418, 1.5889928340911865, 1.4345378875732422]",sae,Pre-64
1,beta,10,0.076,0.4493907433353129,0.4390813823454372,0.4434494901653098,0.5,0.6232207829487961,0.677005992321217,30,"[0, 1, 2, 3, 4, 5, 6, 7, 8, 9, 10, 11, 12, 13, 14, 15, 16, 17, 18, 19, 20, 21, 22, 23, 24, 25, 26, 27, 28, 29]","[1.4287903308868408, 1.3399723768234253, 1.5072919130325317, 1.4258477687835693, 1.421692132949829, 1.4305680990219116, 1.518707036972046, 1.4453343152999878, 1.3325841426849365, 1.4824196100234985, 1.4340380430221558, 1.4579026699066162, 1.4573737382888794, 1.4326624870300293, 1.4948623180389404, 1.4531638622283936, 1.4624197483062744, 1.3720983266830444, 1.4281587600708008, 1.3876804113388062, 1.4078363180160522, 1.4385557174682617, 1.4993071556091309, 1.5012009143829346, 1.4388171434402466, 1.373692274093628, 1.4349865913391113, 1.4356693029403687, 1.4339138269424438, 1.4889287948608398]",sae,Pre-64
1,beta,42,0.052,0.4546678683050885,0.4407690563496341,0.4566019927848559,0.5,0.6336081445133979,0.6612681603887045,30,"[0, 1, 2, 3, 4, 5, 6, 7, 8, 9, 10, 11, 12, 13, 14, 15, 16, 17, 18, 19, 20, 21, 22, 23, 24, 25, 26, 27, 28, 29]","[1.6501846313476562, 1.5150132179260254, 1.6598947048187256, 1.6551042795181274, 1.5971864461898804, 1.639402985572815, 1.589325189590454, 1.546800971031189, 1.5092819929122925, 1.6576433181762695, 1.6254711151123047, 1.6674550771713257, 1.5416887998580933, 1.3051893711090088, 1.6695438623428345, 1.5519154071807861, 1.4961833953857422, 1.4724076986312866, 1.6222941875457764, 1.6522512435913086, 1.5610183477401733, 1.534620761871338, 1.5627191066741943, 1.4900113344192505, 1.5416550636291504, 1.5032641887664795, 1.6763520240783691, 1.492150068283081, 1.57845938205719, 1.4960036277770996]",sae,Pre-64
1,beta,24,0.054,0.4501416387440968,0.4383559369047743,0.4508637205743057,0.5,0.6188330126613704,0.6421890516385302,30,"[0, 1, 2, 3, 4, 5, 6, 7, 8, 9, 10, 11, 12, 13, 14, 15, 16, 17, 18, 19, 20, 21, 22, 23, 24, 25, 26, 27, 28, 29]","[1.5365484952926636, 1.4342403411865234, 1.462475299835205, 1.5449211597442627, 1.5476676225662231, 1.451145887374878, 1.4655516147613525, 1.461342215538025, 1.5119009017944336, 1.3982840776443481, 1.4977946281433105, 1.4435055255889893, 1.5427643060684204, 1.5289716720581055, 1.4631456136703491, 1.4288958311080933, 1.5505291223526, 1.3433747291564941, 1.4356542825698853, 1.5503894090652466, 1.5270613431930542, 1.5451531410217285, 1.4383556842803955, 1.5061007738113403, 1.4198966026306152, 1.3795057535171509, 1.4967401027679443, 1.4155341386795044, 1.553432583808899, 1.4527770280838013]",sae,Pre-64
1,beta,32,0.064,0.4555596844830426,0.4475674839123162,0.4709299577743151,0.5,0.5924839124839124,0.6331590365876081,30,"[0, 1, 2, 3, 4, 5, 6, 7, 8, 9, 10, 11, 12, 13, 14, 15, 16, 17, 18, 19, 20, 21, 22, 23, 24, 25, 26, 27, 28, 29]","[1.493461012840271, 1.4150177240371704, 1.4943238496780396, 1.4289004802703857, 1.4381561279296875, 1.502766728401184, 1.4340054988861084, 1.4142892360687256, 1.3909826278686523, 1.399963140487671, 1.4153600931167603, 1.3900541067123413, 1.433571219444275, 1.3531842231750488, 1.3420177698135376, 1.3470029830932617, 1.3740594387054443, 1.4376180171966553, 1.3840969800949097, 1.4141005277633667, 1.4986724853515625, 1.4148634672164917, 1.3375078439712524, 1.5002856254577637, 1.429112434387207, 1.3599023818969727, 1.4759953022003174, 1.2959519624710083, 1.5045757293701172, 1.4974167346954346]",sae,Pre-64
1,beta,5,0.064,0.4445517550333296,0.4301735816232515,0.4347107906670034,0.5,0.6070910659257547,0.6821568541657551,30,"[0, 1, 2, 3, 4, 5, 6, 7, 8, 9, 10, 11, 12, 13, 14, 15, 16, 17, 18, 19, 20, 21, 22, 23, 24, 25, 26, 27, 28, 29]","[1.5604954957962036, 1.4297479391098022, 1.426324486732483, 1.5709408521652222, 1.5649375915527344, 1.5172028541564941, 1.494976282119751, 1.4630991220474243, 1.52677321434021, 1.4290390014648438, 1.539939284324646, 1.5686434507369995, 1.5083873271942139, 1.4865206480026245, 1.5705746412277222, 1.5377261638641357, 1.5348469018936157, 1.5630017518997192, 1.4254602193832397, 1.4962226152420044, 1.577358365058899, 1.4995142221450806, 1.5900214910507202, 1.4390615224838257, 1.512073278427124, 1.5806167125701904, 1.4318286180496216, 1.5013071298599243, 1.5458811521530151, 1.5148595571517944]",sae,Pre-64
1,beta,49,0.072,0.462130925118617,0.4524487678230295,0.449052448173478,0.5,0.6141152509743157,0.6833929074517539,30,"[0, 1, 2, 3, 4, 5, 6, 7, 8, 9, 10, 11, 12, 13, 14, 15, 16, 17, 18, 19, 20, 21, 22, 23, 24, 25, 26, 27, 28, 29]","[1.335510492324829, 1.3866947889328003, 1.3842132091522217, 1.369091272354126, 1.3157559633255005, 1.3476710319519043, 1.425355076789856, 1.3295778036117554, 1.4545460939407349, 1.4030685424804688, 1.3544341325759888, 1.334837555885315, 1.4017174243927002, 1.39178466796875, 1.433043360710144, 1.3791183233261108, 1.4712766408920288, 1.4569487571716309, 1.3204624652862549, 1.4039229154586792, 1.4467594623565674, 1.3575623035430908, 1.4532513618469238, 1.387229561805725, 1.3496711254119873, 1.3933312892913818, 1.3894155025482178, 1.3499947786331177, 1.2841193675994873, 1.3504549264907837]",sae,Pre-64
1,beta,35,0.06,0.4566193215888805,0.4379483378046387,0.4343919881064714,0.5,0.637290178651746,0.7144495619164133,30,"[0, 1, 2, 3, 4, 5, 6, 7, 8, 9, 10, 11, 12, 13, 14, 15, 16, 17, 18, 19, 20, 21, 22, 23, 24, 25, 26, 27, 28, 29]","[1.4569894075393677, 1.523500680923462, 1.5875378847122192, 1.5170551538467407, 1.530336618423462, 1.4946739673614502, 1.4431883096694946, 1.6039401292800903, 1.6195451021194458, 1.5117206573486328, 1.5821375846862793, 1.4334089756011963, 1.5058857202529907, 1.4133288860321045, 1.502861738204956, 1.460340976715088, 1.5904731750488281, 1.4353359937667847, 1.5403037071228027, 1.4410374164581299, 1.461854338645935, 1.4531853199005127, 1.4706923961639404, 1.440246820449829, 1.4873629808425903, 1.5332527160644531, 1.4639453887939453, 1.544231653213501, 1.5986353158950806, 1.5370869636535645]",sae,Pre-64
1,beta,3,0.055,0.4557259332451328,0.444824285747971,0.4644603590726743,0.5,0.6042731979176,0.652261762639942,30,"[0, 1, 2, 3, 4, 5, 6, 7, 8, 9, 10, 11, 12, 13, 14, 15, 16, 17, 18, 19, 20, 21, 22, 23, 24, 25, 26, 27, 28, 29]","[1.4021966457366943, 1.4290986061096191, 1.4137636423110962, 1.3717046976089478, 1.4071604013442993, 1.4437774419784546, 1.3997313976287842, 1.4473336935043335, 1.2026811838150024, 1.472271203994751, 1.3640673160552979, 1.4703346490859985, 1.4058843851089478, 1.3818244934082031, 1.4811770915985107, 1.4007737636566162, 1.4064925909042358, 1.4319336414337158, 1.365887999534607, 1.3687777519226074, 1.314200758934021, 1.3802213668823242, 1.3769463300704956, 1.4918125867843628, 1.4625682830810547, 1.3916484117507935, 1.3947426080703735, 1.3882765769958496, 1.4571621417999268, 1.3943380117416382]",sae,Pre-64
1,beta,10,0.065,0.4493907433353129,0.4390813823454372,0.4434723563067466,0.5,0.6232207829487961,0.6770002511751408,30,"[0, 1, 2, 3, 4, 5, 6, 7, 8, 9, 10, 11, 12, 13, 14, 15, 16, 17, 18, 19, 20, 21, 22, 23, 24, 25, 26, 27, 28, 29]","[1.4309563636779785, 1.3421334028244019, 1.5094504356384277, 1.4280222654342651, 1.4238694906234741, 1.4327431917190552, 1.5208698511123657, 1.4475151300430298, 1.3347574472427368, 1.48458731174469, 1.43621826171875, 1.4600814580917358, 1.4595378637313843, 1.4348127841949463, 1.4970357418060303, 1.4553422927856445, 1.4645979404449463, 1.3742892742156982, 1.4303275346755981, 1.3898528814315796, 1.4100068807601929, 1.440720796585083, 1.501483678817749, 1.5033693313598633, 1.4409576654434204, 1.3758851289749146, 1.4371627569198608, 1.4378477334976196, 1.4360871315002441, 1.4910825490951538]",sae,Pre-64
1,beta,13,0.052,0.4619123366083722,0.4531466051409948,0.4417303971278833,0.5,0.6127276801885291,0.7102085573782969,30,"[0, 1, 2, 3, 4, 5, 6, 7, 8, 9, 10, 11, 12, 13, 14, 15, 16, 17, 18, 19, 20, 21, 22, 23, 24, 25, 26, 27, 28, 29]","[1.6066315174102783, 1.4364031553268433, 1.5912398099899292, 1.5127681493759155, 1.4938197135925293, 1.6000810861587524, 1.5332930088043213, 1.5222407579421997, 1.5559933185577393, 1.5250396728515625, 1.6001375913619995, 1.5048326253890991, 1.5674707889556885, 1.558858871459961, 1.5813466310501099, 1.4692442417144775, 1.4909553527832031, 1.5593737363815308, 1.5428837537765503, 1.538622260093689, 1.514182686805725, 1.4543746709823608, 1.5088080167770386, 1.4785634279251099, 1.5099470615386963, 1.4518303871154785, 1.5222305059432983, 1.461553692817688, 1.5523366928100586, 1.5163053274154663]",sae,Pre-64
1,beta,30,0.048,0.4638407167611665,0.4544841508273655,0.4422822379001012,0.5,0.6043368975359404,0.6963853350334532,30,"[0, 1, 2, 3, 4, 5, 6, 7, 8, 9, 10, 11, 12, 13, 14, 15, 16, 17, 18, 19, 20, 21, 22, 23, 24, 25, 26, 27, 28, 29]","[1.7409378290176392, 1.7329444885253906, 1.698298454284668, 1.6538244485855103, 1.6568095684051514, 1.6337920427322388, 1.6482387781143188, 1.612691044807434, 1.5864394903182983, 1.6472365856170654, 1.6598548889160156, 1.6514606475830078, 1.6058658361434937, 1.653778314590454, 1.710642695426941, 1.7138903141021729, 1.6194937229156494, 1.6583361625671387, 1.7310121059417725, 1.6291496753692627, 1.679132342338562, 1.6288729906082153, 1.732042670249939, 1.6411668062210083, 1.7322310209274292, 1.6598938703536987, 1.6141648292541504, 1.643850326538086, 1.6989681720733643, 1.6403985023498535]",sae,Pre-64
1,beta,49,0.042,0.462130925118617,0.4524487678230295,0.4548419126514789,0.5,0.6141152509743157,0.6858829882143025,30,"[0, 1, 2, 3, 4, 5, 6, 7, 8, 9, 10, 11, 12, 13, 14, 15, 16, 17, 18, 19, 20, 21, 22, 23, 24, 25, 26, 27, 28, 29]","[1.6670022010803223, 1.7478712797164917, 1.7380359172821045, 1.6954479217529297, 1.6179405450820923, 1.6594657897949219, 1.8046536445617676, 1.7116731405258179, 1.8533695936203003, 1.7558664083480835, 1.7306541204452515, 1.6670876741409302, 1.7700649499893188, 1.753838300704956, 1.8282252550125122, 1.7983486652374268, 1.8208166360855103, 1.842402458190918, 1.679008960723877, 1.7689931392669678, 1.8234556913375854, 1.6782571077346802, 1.8304067850112915, 1.739651083946228, 1.6461676359176636, 1.7425460815429688, 1.7625797986984253, 1.658423662185669, 1.671400547027588, 1.6578445434570312]",sae,Pre-64
1,beta,10,0.046,0.4493907433353129,0.4390813823454372,0.4482606372900818,0.5,0.6232207829487961,0.6767863934837992,30,"[0, 1, 2, 3, 4, 5, 6, 7, 8, 9, 10, 11, 12, 13, 14, 15, 16, 17, 18, 19, 20, 21, 22, 23, 24, 25, 26, 27, 28, 29]","[1.5936994552612305, 1.4994336366653442, 1.6742160320281982, 1.5887171030044556, 1.589739203453064, 1.5909509658813477, 1.6611965894699097, 1.6206077337265015, 1.5320372581481934, 1.680815577507019, 1.5797927379608154, 1.6319266557693481, 1.6358963251113892, 1.592380404472351, 1.62776517868042, 1.6190682649612427, 1.6358824968338013, 1.5283211469650269, 1.6195861101150513, 1.559529185295105, 1.5660072565078735, 1.617619514465332, 1.6777578592300415, 1.685075283050537, 1.6379326581954956, 1.5315885543823242, 1.5988929271697998, 1.583282709121704, 1.6089946031570435, 1.6867022514343262]",sae,Pre-64
1,beta,40,0.085,0.44666181227492,0.4340193094910912,0.4333650140307761,0.5,0.6093636266731638,0.6691757145685178,30,"[0, 1, 2, 3, 4, 5, 6, 7, 8, 9, 10, 11, 12, 13, 14, 15, 16, 17, 18, 19, 20, 21, 22, 23, 24, 25, 26, 27, 28, 29]","[1.4618103504180908, 1.417672038078308, 1.4023796319961548, 1.343698263168335, 1.3787574768066406, 1.401245355606079, 1.3980507850646973, 1.4269846677780151, 1.4242942333221436, 1.4507733583450317, 1.3766916990280151, 1.3881827592849731, 1.4581050872802734, 1.3482228517532349, 1.3630239963531494, 1.468001365661621, 1.3849055767059326, 1.4018452167510986, 1.3542273044586182, 1.3694674968719482, 1.3532363176345825, 1.3641778230667114, 1.4421314001083374, 1.3948148488998413, 1.450116753578186, 1.368350863456726, 1.4392644166946411, 1.346319556236267, 1.4814127683639526, 1.35187828540802]",sae,Pre-64
1,beta,24,0.046,0.4501416387440968,0.4383559369047743,0.4508893172706522,0.5,0.6188330126613704,0.6422014647467725,30,"[0, 1, 2, 3, 4, 5, 6, 7, 8, 9, 10, 11, 12, 13, 14, 15, 16, 17, 18, 19, 20, 21, 22, 23, 24, 25, 26, 27, 28, 29]","[1.5386178493499756, 1.436339259147644, 1.4645658731460571, 1.5469951629638672, 1.5497475862503052, 1.4532310962677002, 1.4676491022109985, 1.4634264707565308, 1.5139786005020142, 1.4003441333770752, 1.499886393547058, 1.4455854892730713, 1.544830083847046, 1.531050682067871, 1.4652310609817505, 1.430998682975769, 1.552604079246521, 1.3454291820526123, 1.4377422332763672, 1.5524680614471436, 1.5291428565979004, 1.5472315549850464, 1.4404546022415161, 1.5081822872161865, 1.4219794273376465, 1.3815864324569702, 1.4988226890563965, 1.4176214933395386, 1.5555083751678467, 1.454874873161316]",sae,Pre-64
1,beta,33,0.075,0.4492211383258522,0.4377959816952598,0.4300367496555451,0.5,0.6165210074526608,0.6941326205931018,30,"[0, 1, 2, 3, 4, 5, 6, 7, 8, 9, 10, 11, 12, 13, 14, 15, 16, 17, 18, 19, 20, 21, 22, 23, 24, 25, 26, 27, 28, 29]","[1.4229384660720825, 1.4963111877441406, 1.4499702453613281, 1.4218850135803223, 1.367966890335083, 1.5108568668365479, 1.3647301197052002, 1.483894944190979, 1.4879634380340576, 1.4874097108840942, 1.4368574619293213, 1.4977827072143555, 1.4473168849945068, 1.3763210773468018, 1.404020071029663, 1.4842193126678467, 1.4008815288543701, 1.4016855955123901, 1.4989327192306519, 1.4948782920837402, 1.4125257730484009, 1.3588519096374512, 1.510245442390442, 1.4559648036956787, 1.5068211555480957, 1.4011064767837524, 1.4017117023468018, 1.377340316772461, 1.3487825393676758, 1.4134886264801025]",sae,Pre-64
1,beta,44,0.066,0.4469012312759677,0.43811650775401,0.4601697994238604,0.5,0.5982762074796864,0.6211972565448729,30,"[0, 1, 2, 3, 4, 5, 6, 7, 8, 9, 10, 11, 12, 13, 14, 15, 16, 17, 18, 19, 20, 21, 22, 23, 24, 25, 26, 27, 28, 29]","[1.471738338470459, 1.4675451517105103, 1.4290369749069214, 1.4347463846206665, 1.4619284868240356, 1.5291138887405396, 1.5169434547424316, 1.4147480726242065, 1.4832909107208252, 1.5562070608139038, 1.4689371585845947, 1.4574555158615112, 1.4726262092590332, 1.4350167512893677, 1.5473573207855225, 1.5500725507736206, 1.4075202941894531, 1.322630524635315, 1.4848843812942505, 1.4745672941207886, 1.4305450916290283, 1.409674048423767, 1.4714806079864502, 1.4703949689865112, 1.5260142087936401, 1.4306426048278809, 1.4451663494110107, 1.4652361869812012, 1.4749557971954346, 1.4779038429260254]",sae,Pre-64
1,beta,38,0.065,0.4455661720406026,0.4298851252298221,0.4442472935381072,0.5,0.6303640517897944,0.6595354150799696,30,"[0, 1, 2, 3, 4, 5, 6, 7, 8, 9, 10, 11, 12, 13, 14, 15, 16, 17, 18, 19, 20, 21, 22, 23, 24, 25, 26, 27, 28, 29]","[1.5445247888565063, 1.5383129119873047, 1.538484811782837, 1.6302732229232788, 1.569104552268982, 1.4377307891845703, 1.633022427558899, 1.5759100914001465, 1.4736236333847046, 1.5653001070022583, 1.5353803634643555, 1.6130306720733643, 1.6005384922027588, 1.5571675300598145, 1.6200364828109741, 1.5456116199493408, 1.5235964059829712, 1.629689335823059, 1.5075924396514893, 1.585389494895935, 1.5565747022628784, 1.546330451965332, 1.6282445192337036, 1.4964592456817627, 1.5500330924987793, 1.6280995607376099, 1.5158147811889648, 1.6206196546554565, 1.5423507690429688, 1.6272456645965576]",sae,Pre-64
1,beta,15,0.058,0.4529015220185267,0.4424399871594601,0.4354934659636335,0.5,0.6161071485640408,0.7111317712343295,30,"[0, 1, 2, 3, 4, 5, 6, 7, 8, 9, 10, 11, 12, 13, 14, 15, 16, 17, 18, 19, 20, 21, 22, 23, 24, 25, 26, 27, 28, 29]","[1.4036026000976562, 1.3740363121032715, 1.4151471853256226, 1.415160894393921, 1.4896469116210938, 1.3859292268753052, 1.380508303642273, 1.4047633409500122, 1.4632211923599243, 1.460992455482483, 1.449042558670044, 1.3637933731079102, 1.5224237442016602, 1.4660491943359375, 1.3568048477172852, 1.432160496711731, 1.3700083494186401, 1.5154892206192017, 1.3546409606933594, 1.4217828512191772, 1.508541226387024, 1.4757832288742065, 1.3969204425811768, 1.4350687265396118, 1.4044188261032104, 1.286754846572876, 1.4781116247177124, 1.52274489402771, 1.4200968742370605, 1.4162858724594116]",sae,Pre-64
1,beta,15,0.07,0.4529015220185267,0.4424399871594601,0.4354715838167302,0.5,0.6161071485640408,0.7111361292290708,30,"[0, 1, 2, 3, 4, 5, 6, 7, 8, 9, 10, 11, 12, 13, 14, 15, 16, 17, 18, 19, 20, 21, 22, 23, 24, 25, 26, 27, 28, 29]","[1.4015263319015503, 1.3719755411148071, 1.4130849838256836, 1.4130836725234985, 1.487605094909668, 1.383854866027832, 1.3784486055374146, 1.4027037620544434, 1.461153507232666, 1.458917498588562, 1.4469859600067139, 1.3617238998413086, 1.5203725099563599, 1.4639792442321777, 1.3547337055206299, 1.430101752281189, 1.3679238557815552, 1.513449788093567, 1.3525806665420532, 1.4197049140930176, 1.5064892768859863, 1.473718285560608, 1.39485764503479, 1.4330005645751953, 1.4023724794387817, 1.2847001552581787, 1.4760621786117554, 1.5206921100616455, 1.4180331230163574, 1.4142260551452637]",sae,Pre-64
1,beta,9,0.056,0.448644851968101,0.4348910401892977,0.4531379401891432,0.5,0.6286670530281078,0.6727991886409735,30,"[0, 1, 2, 3, 4, 5, 6, 7, 8, 9, 10, 11, 12, 13, 14, 15, 16, 17, 18, 19, 20, 21, 22, 23, 24, 25, 26, 27, 28, 29]","[1.7139580249786377, 1.5872801542282104, 1.7109107971191406, 1.6818842887878418, 1.593276023864746, 1.4279714822769165, 1.6993749141693115, 1.6141514778137207, 1.7146373987197876, 1.5354046821594238, 1.6513584852218628, 1.6152489185333252, 1.58706796169281, 1.6362627744674683, 1.7482681274414062, 1.6094114780426025, 1.6013230085372925, 1.6776825189590454, 1.7187179327011108, 1.5712165832519531, 1.71311354637146, 1.7179991006851196, 1.5923981666564941, 1.7015080451965332, 1.6994050741195679, 1.6984277963638306, 1.557809829711914, 1.533142328262329, 1.5865452289581299, 1.729527473449707]",sae,Pre-64
1,beta,38,0.046,0.4455661720406026,0.4298851252298221,0.444400740708224,0.5,0.6303640517897944,0.6594866717440975,30,"[0, 1, 2, 3, 4, 5, 6, 7, 8, 9, 10, 11, 12, 13, 14, 15, 16, 17, 18, 19, 20, 21, 22, 23, 24, 25, 26, 27, 28, 29]","[1.5528926849365234, 1.5467126369476318, 1.5468525886535645, 1.6385605335235596, 1.577497124671936, 1.446120262145996, 1.6413413286209106, 1.5841978788375854, 1.4818339347839355, 1.5737384557724, 1.5437414646148682, 1.6213085651397705, 1.6088954210281372, 1.5655038356781006, 1.628359079360962, 1.5539861917495728, 1.5320535898208618, 1.6380165815353394, 1.5159229040145874, 1.593736171722412, 1.5649698972702026, 1.5548057556152344, 1.6365718841552734, 1.5047966241836548, 1.5584709644317627, 1.6364260911941528, 1.5241284370422363, 1.6289831399917603, 1.550720453262329, 1.6356091499328613]",sae,Pre-64
1,beta,40,0.074,0.44666181227492,0.4340193094910912,0.4353971523341169,0.5,0.6093636266731638,0.6677168831564362,30,"[0, 1, 2, 3, 4, 5, 6, 7, 8, 9, 10, 11, 12, 13, 14, 15, 16, 17, 18, 19, 20, 21, 22, 23, 24, 25, 26, 27, 28, 29]","[1.5375454425811768, 1.4993561506271362, 1.467023253440857, 1.406507134437561, 1.4521238803863525, 1.4715087413787842, 1.4670437574386597, 1.5052353143692017, 1.4905169010162354, 1.5258692502975464, 1.4373195171356201, 1.4527308940887451, 1.520430564880371, 1.4318398237228394, 1.4373382329940796, 1.5401209592819214, 1.46377694606781, 1.4667611122131348, 1.426478385925293, 1.4489400386810303, 1.4162929058074951, 1.4270201921463013, 1.522194504737854, 1.4603452682495117, 1.5219639539718628, 1.4415291547775269, 1.5060254335403442, 1.4337421655654907, 1.554784893989563, 1.4153475761413574]",sae,Pre-64
1,beta,16,0.066,0.4519396108125126,0.4401978349795346,0.4330880420709718,0.5,0.6159012314439947,0.7190527400231348,30,"[0, 1, 2, 3, 4, 5, 6, 7, 8, 9, 10, 11, 12, 13, 14, 15, 16, 17, 18, 19, 20, 21, 22, 23, 24, 25, 26, 27, 28, 29]","[1.4393665790557861, 1.3758686780929565, 1.400427222251892, 1.4891490936279297, 1.4853253364562988, 1.397404670715332, 1.4916757345199585, 1.4476429224014282, 1.4169809818267822, 1.4867942333221436, 1.496340036392212, 1.4533207416534424, 1.416196346282959, 1.4189952611923218, 1.3872126340866089, 1.4200178384780884, 1.4758460521697998, 1.3188884258270264, 1.4128209352493286, 1.4758843183517456, 1.5158947706222534, 1.4756261110305786, 1.488924264907837, 1.478062629699707, 1.3751140832901, 1.4690563678741455, 1.3989450931549072, 1.420376181602478, 1.377431035041809, 1.4066845178604126]",sae,Pre-64
1,beta,20,0.06,0.4408022875601419,0.4262939306313442,0.4397377618232884,0.5,0.6176087118064704,0.6504637604793655,30,"[0, 1, 2, 3, 4, 5, 6, 7, 8, 9, 10, 11, 12, 13, 14, 15, 16, 17, 18, 19, 20, 21, 22, 23, 24, 25, 26, 27, 28, 29]","[1.57785165309906, 1.636583685874939, 1.5738940238952637, 1.6988904476165771, 1.6269623041152954, 1.6536574363708496, 1.654800295829773, 1.5597137212753296, 1.5980234146118164, 1.5419257879257202, 1.572498083114624, 1.57020103931427, 1.7083266973495483, 1.541962742805481, 1.5966352224349976, 1.6796993017196655, 1.5807892084121704, 1.516994833946228, 1.6142005920410156, 1.6159135103225708, 1.5889971256256104, 1.506909966468811, 1.6320867538452148, 1.6891714334487915, 1.662851095199585, 1.5208489894866943, 1.5743043422698975, 1.6345478296279907, 1.5167125463485718, 1.6871347427368164]",sae,Pre-64
1,beta,34,0.084,0.4568527557813058,0.4470225010708758,0.4484351580090126,0.5,0.6011606799053854,0.6782522343594837,30,"[0, 1, 2, 3, 4, 5, 6, 7, 8, 9, 10, 11, 12, 13, 14, 15, 16, 17, 18, 19, 20, 21, 22, 23, 24, 25, 26, 27, 28, 29]","[1.3857349157333374, 1.4706342220306396, 1.4760831594467163, 1.421290397644043, 1.370872974395752, 1.3863049745559692, 1.427444577217102, 1.3450720310211182, 1.3490124940872192, 1.3901582956314087, 1.445278525352478, 1.2492172718048096, 1.4562309980392456, 1.3470542430877686, 1.355696439743042, 1.3797088861465454, 1.4724799394607544, 1.4881916046142578, 1.3970221281051636, 1.3862026929855347, 1.4041152000427246, 1.4904407262802124, 1.4241665601730347, 1.4482841491699219, 1.3755440711975098, 1.322404384613037, 1.501935601234436, 1.4868507385253906, 1.4742926359176636, 1.4586210250854492]",sae,Pre-64
1,beta,0,0.052,0.4600628296558519,0.4487196928272481,0.4353998731571796,0.5,0.6146148452673732,0.7220561864913329,30,"[0, 1, 2, 3, 4, 5, 6, 7, 8, 9, 10, 11, 12, 13, 14, 15, 16, 17, 18, 19, 20, 21, 22, 23, 24, 25, 26, 27, 28, 29]","[1.5081526041030884, 1.5432493686676025, 1.5492664575576782, 1.597801685333252, 1.4921631813049316, 1.5330041646957397, 1.5918011665344238, 1.617988109588623, 1.5999799966812134, 1.5203676223754883, 1.5271666049957275, 1.534690499305725, 1.6217656135559082, 1.5992807149887085, 1.616220235824585, 1.5365519523620605, 1.5760139226913452, 1.4850261211395264, 1.4598703384399414, 1.602403163909912, 1.5027685165405273, 1.485194444656372, 1.5964691638946533, 1.5224003791809082, 1.5022324323654175, 1.4685126543045044, 1.5941323041915894, 1.4731674194335938, 1.6064119338989258, 1.4795746803283691]",sae,Pre-64
1,beta,37,0.056,0.4546908257221888,0.444978337644671,0.4340613824762688,0.5,0.6058579085235571,0.7172625873661593,30,"[0, 1, 2, 3, 4, 5, 6, 7, 8, 9, 10, 11, 12, 13, 14, 15, 16, 17, 18, 19, 20, 21, 22, 23, 24, 25, 26, 27, 28, 29]","[1.4769796133041382, 1.538861870765686, 1.5136076211929321, 1.4894572496414185, 1.441336750984192, 1.5490872859954834, 1.5150024890899658, 1.5636135339736938, 1.6096651554107666, 1.5495128631591797, 1.513518214225769, 1.5215328931808472, 1.5480118989944458, 1.552397608757019, 1.5855809450149536, 1.5300025939941406, 1.5195623636245728, 1.5635905265808105, 1.5358823537826538, 1.533236026763916, 1.5598088502883911, 1.5687779188156128, 1.5929027795791626, 1.5770255327224731, 1.535416603088379, 1.5734959840774536, 1.5418140888214111, 1.571651816368103, 1.5737074613571167, 1.5880810022354126]",sae,Pre-64
1,beta,13,0.044,0.4619123366083722,0.4531466051409948,0.4455389818846547,0.5,0.6127276801885291,0.7115912348677154,30,"[0, 1, 2, 3, 4, 5, 6, 7, 8, 9, 10, 11, 12, 13, 14, 15, 16, 17, 18, 19, 20, 21, 22, 23, 24, 25, 26, 27, 28, 29]","[1.7606133222579956, 1.6241207122802734, 1.742326259613037, 1.6549367904663086, 1.6523923873901367, 1.750427484512329, 1.6786448955535889, 1.666598916053772, 1.688133955001831, 1.6618341207504272, 1.7565653324127197, 1.6372499465942383, 1.7351491451263428, 1.666344165802002, 1.740531086921692, 1.6065459251403809, 1.6468749046325684, 1.6930174827575684, 1.7096649408340454, 1.6628893613815308, 1.659725546836853, 1.6100865602493286, 1.7002499103546143, 1.6134698390960693, 1.6356399059295654, 1.6028224229812622, 1.6577736139297485, 1.5927131175994873, 1.7085943222045898, 1.6511642932891846]",sae,Pre-64
1,beta,12,0.085,0.4455148672091349,0.4361346773072694,0.4119897641708994,0.5,0.5892778403611032,0.732025471673125,30,"[0, 1, 2, 3, 4, 5, 6, 7, 8, 9, 10, 11, 12, 13, 14, 15, 16, 17, 18, 19, 20, 21, 22, 23, 24, 25, 26, 27, 28, 29]","[1.372004508972168, 1.4796591997146606, 1.388796091079712, 1.288557529449463, 1.4768706560134888, 1.4126871824264526, 1.406337857246399, 1.4584901332855225, 1.4938156604766846, 1.3647842407226562, 1.3666051626205444, 1.5349478721618652, 1.393088936805725, 1.4655336141586304, 1.3507603406906128, 1.538644552230835, 1.323232650756836, 1.517063856124878, 1.438590407371521, 1.5311918258666992, 1.494978427886963, 1.4414783716201782, 1.3930436372756958, 1.5373280048370361, 1.5148447751998901, 1.3835976123809814, 1.5153552293777466, 1.4604514837265015, 1.4139513969421387, 1.5458464622497559]",sae,Pre-64
1,beta,22,0.08,0.4519005213187685,0.4442985770479847,0.4444015957456037,0.5,0.5939599289403404,0.6801432958034801,30,"[0, 1, 2, 3, 4, 5, 6, 7, 8, 9, 10, 11, 12, 13, 14, 15, 16, 17, 18, 19, 20, 21, 22, 23, 24, 25, 26, 27, 28, 29]","[1.4150413274765015, 1.4608356952667236, 1.4739189147949219, 1.4954540729522705, 1.5356595516204834, 1.435430884361267, 1.4445298910140991, 1.4254074096679688, 1.4210432767868042, 1.4713093042373657, 1.4192893505096436, 1.5289736986160278, 1.4618593454360962, 1.515215516090393, 1.3798881769180298, 1.5014698505401611, 1.513041377067566, 1.4659429788589478, 1.3980528116226196, 1.4072080850601196, 1.4863133430480957, 1.4847551584243774, 1.4860862493515015, 1.4365450143814087, 1.4884223937988281, 1.5213176012039185, 1.421280026435852, 1.4095748662948608, 1.550233006477356, 1.3903497457504272]",sae,Pre-64
1,beta,1,0.07,0.4560357198099471,0.4497423189216591,0.4516721651697429,0.5,0.5964054457666336,0.6825373636492422,30,"[0, 1, 2, 3, 4, 5, 6, 7, 8, 9, 10, 11, 12, 13, 14, 15, 16, 17, 18, 19, 20, 21, 22, 23, 24, 25, 26, 27, 28, 29]","[1.629590630531311, 1.4863784313201904, 1.5736258029937744, 1.4454792737960815, 1.5753408670425415, 1.4437867403030396, 1.485995888710022, 1.5278173685073853, 1.418763518333435, 1.4965741634368896, 1.5046896934509277, 1.5530164241790771, 1.6129096746444702, 1.4690570831298828, 1.6063957214355469, 1.4667972326278687, 1.4551961421966553, 1.5164345502853394, 1.5844563245773315, 1.612672209739685, 1.6101710796356201, 1.5326509475708008, 1.5330883264541626, 1.4871913194656372, 1.441258192062378, 1.4793769121170044, 1.5282268524169922, 1.518938422203064, 1.6112658977508545, 1.5428071022033691]",sae,Pre-64
1,beta,8,0.05,0.4517491928182039,0.4406431065890545,0.4395595506438696,0.5,0.6098144493254953,0.6783953368278828,30,"[0, 1, 2, 3, 4, 5, 6, 7, 8, 9, 10, 11, 12, 13, 14, 15, 16, 17, 18, 19, 20, 21, 22, 23, 24, 25, 26, 27, 28, 29]","[1.395876407623291, 1.5076910257339478, 1.4244515895843506, 1.4555569887161255, 1.5166130065917969, 1.4520263671875, 1.5004663467407227, 1.4126993417739868, 1.4590001106262207, 1.5081512928009033, 1.516394853591919, 1.4402824640274048, 1.423789381980896, 1.4568519592285156, 1.4856947660446167, 1.4012678861618042, 1.4229000806808472, 1.458909511566162, 1.3694227933883667, 1.438956379890442, 1.4119056463241577, 1.3876310586929321, 1.4911624193191528, 1.4236088991165161, 1.4906781911849976, 1.4947706460952759, 1.392434000968933, 1.4904143810272217, 1.461318016052246, 1.4613741636276245]",sae,Pre-64
1,beta,45,0.078,0.4515599815008028,0.4347157609968581,0.4472491332099579,0.5,0.6289673345145609,0.6764784274529403,30,"[0, 1, 2, 3, 4, 5, 6, 7, 8, 9, 10, 11, 12, 13, 14, 15, 16, 17, 18, 19, 20, 21, 22, 23, 24, 25, 26, 27, 28, 29]","[1.548054814338684, 1.5398850440979004, 1.4331719875335693, 1.6130478382110596, 1.609046220779419, 1.465143084526062, 1.6206179857254028, 1.5966079235076904, 1.4757744073867798, 1.4359534978866577, 1.545436143875122, 1.6245425939559937, 1.5789779424667358, 1.4935109615325928, 1.5033890008926392, 1.5216583013534546, 1.535197138786316, 1.4094105958938599, 1.534871220588684, 1.5272642374038696, 1.5781567096710205, 1.4762177467346191, 1.5881215333938599, 1.4557064771652222, 1.435106635093689, 1.6142202615737915, 1.4676212072372437, 1.482993721961975, 1.4102466106414795, 1.6150121688842773]",sae,Pre-64
1,beta,28,0.07,0.4589844236982603,0.4495627040154577,0.4417553592943999,0.5,0.5987249917034086,0.6982485303181151,30,"[0, 1, 2, 3, 4, 5, 6, 7, 8, 9, 10, 11, 12, 13, 14, 15, 16, 17, 18, 19, 20, 21, 22, 23, 24, 25, 26, 27, 28, 29]","[1.4519505500793457, 1.3354207277297974, 1.3247177600860596, 1.5441900491714478, 1.4982517957687378, 1.4820905923843384, 1.4428160190582275, 1.3757374286651611, 1.4765022993087769, 1.5081243515014648, 1.4380972385406494, 1.4686404466629028, 1.515861988067627, 1.5259522199630737, 1.4589213132858276, 1.405968427658081, 1.440712571144104, 1.4972316026687622, 1.471863865852356, 1.4720022678375244, 1.4065526723861694, 1.426740288734436, 1.4285727739334106, 1.3767645359039307, 1.4083272218704224, 1.4969459772109985, 1.5357545614242554, 1.4189478158950806, 1.3976781368255615, 1.409796953201294]",sae,Pre-64
1,beta,41,0.044,0.4543678569363413,0.4427951465832617,0.454791883566725,0.5,0.6190905384235713,0.6764022117785075,30,"[0, 1, 2, 3, 4, 5, 6, 7, 8, 9, 10, 11, 12, 13, 14, 15, 16, 17, 18, 19, 20, 21, 22, 23, 24, 25, 26, 27, 28, 29]","[1.4777159690856934, 1.5704277753829956, 1.5112426280975342, 1.433764100074768, 1.4462445974349976, 1.61441969871521, 1.4700084924697876, 1.533549189567566, 1.5017362833023071, 1.5977541208267212, 1.589827060699463, 1.5270522832870483, 1.530126929283142, 1.598174810409546, 1.5981398820877075, 1.5132074356079102, 1.509806513786316, 1.5468887090682983, 1.5840907096862793, 1.5470198392868042, 1.458695888519287, 1.5110455751419067, 1.5153777599334717, 1.53519868850708, 1.5103188753128052, 1.4917150735855103, 1.5702786445617676, 1.5831156969070435, 1.5411524772644043, 1.4624265432357788]",sae,Pre-64
1,beta,6,0.072,0.4540822999211705,0.4457917896713532,0.4484652294663757,0.5,0.5933447799067053,0.6642198349870085,30,"[0, 1, 2, 3, 4, 5, 6, 7, 8, 9, 10, 11, 12, 13, 14, 15, 16, 17, 18, 19, 20, 21, 22, 23, 24, 25, 26, 27, 28, 29]","[1.4785666465759277, 1.5139323472976685, 1.4283132553100586, 1.5247379541397095, 1.4096895456314087, 1.4208221435546875, 1.4155980348587036, 1.4980601072311401, 1.4076471328735352, 1.5065139532089233, 1.4332466125488281, 1.3729158639907837, 1.4244283437728882, 1.3930318355560303, 1.2258379459381104, 1.502709984779358, 1.3890718221664429, 1.465986967086792, 1.4509224891662598, 1.4644607305526733, 1.442344307899475, 1.40442955493927, 1.5148353576660156, 1.4479410648345947, 1.3882797956466675, 1.4553859233856201, 1.4057575464248657, 1.3901582956314087, 1.4522311687469482, 1.4776517152786255]",sae,Pre-64
1,beta,21,0.042,0.4504746503440228,0.4381370334360364,0.4404565502695169,0.5,0.6200058082774133,0.6872767829557953,30,"[0, 1, 2, 3, 4, 5, 6, 7, 8, 9, 10, 11, 12, 13, 14, 15, 16, 17, 18, 19, 20, 21, 22, 23, 24, 25, 26, 27, 28, 29]","[1.454330563545227, 1.5049736499786377, 1.6295870542526245, 1.6242808103561401, 1.6049436330795288, 1.585806965827942, 1.4994436502456665, 1.5081957578659058, 1.6139707565307617, 1.526155948638916, 1.6041014194488525, 1.6124402284622192, 1.491518497467041, 1.5185914039611816, 1.5145870447158813, 1.5082125663757324, 1.5092897415161133, 1.5206223726272583, 1.4515093564987183, 1.6211402416229248, 1.446420669555664, 1.6291011571884155, 1.4413167238235474, 1.4593148231506348, 1.514846920967102, 1.4728655815124512, 1.4402329921722412, 1.4951329231262207, 1.5824978351593018, 1.5673816204071045]",sae,Pre-64
1,beta,6,0.045,0.4540822999211705,0.4457917896713532,0.4520121094929824,0.5,0.5933447799067053,0.6652211569142874,30,"[0, 1, 2, 3, 4, 5, 6, 7, 8, 9, 10, 11, 12, 13, 14, 15, 16, 17, 18, 19, 20, 21, 22, 23, 24, 25, 26, 27, 28, 29]","[1.6650197505950928, 1.7094546556472778, 1.5920850038528442, 1.7274062633514404, 1.5813384056091309, 1.6290440559387207, 1.6068309545516968, 1.6596177816390991, 1.5631030797958374, 1.6884338855743408, 1.6096409559249878, 1.5700141191482544, 1.6109745502471924, 1.5651915073394775, 1.377890944480896, 1.7058664560317993, 1.587652325630188, 1.653403401374817, 1.6446378231048584, 1.6419042348861694, 1.6296559572219849, 1.5741856098175049, 1.7037208080291748, 1.6128668785095215, 1.5729659795761108, 1.652201771736145, 1.6180124282836914, 1.5590412616729736, 1.6179311275482178, 1.663979411125183]",sae,Pre-64
1,beta,27,0.074,0.4609757262074365,0.4537266978541116,0.4611965195218044,0.5,0.5914172664146189,0.6603393429613911,30,"[0, 1, 2, 3, 4, 5, 6, 7, 8, 9, 10, 11, 12, 13, 14, 15, 16, 17, 18, 19, 20, 21, 22, 23, 24, 25, 26, 27, 28, 29]","[1.531579613685608, 1.6046172380447388, 1.5329583883285522, 1.5171482563018799, 1.585595965385437, 1.4937634468078613, 1.5956562757492065, 1.4606831073760986, 1.565748691558838, 1.574758768081665, 1.48047935962677, 1.607522964477539, 1.520216703414917, 1.4801145792007446, 1.5193278789520264, 1.4326348304748535, 1.5240343809127808, 1.5687750577926636, 1.512272834777832, 1.533097743988037, 1.5993098020553589, 1.534732699394226, 1.4876352548599243, 1.442928671836853, 1.5055960416793823, 1.6128742694854736, 1.4966686964035034, 1.54763662815094, 1.437804102897644, 1.5452439785003662]",sae,Pre-64
1,beta,48,0.0535,0.4556814132376,0.4510566266980289,0.4931677789831343,0.5,0.5923878577171784,0.5935826076124254,30,"[0, 1, 2, 3, 4, 5, 6, 7, 8, 9, 10, 11, 12, 13, 14, 15, 16, 17, 18, 19, 20, 21, 22, 23, 24, 25, 26, 27, 28, 29]","[1.7241754531860352, 1.6564851999282837, 1.623087763786316, 1.6024543046951294, 1.608513593673706, 1.5313187837600708, 1.63138747215271, 1.6019169092178345, 1.604995846748352, 1.5815646648406982, 1.6764236688613892, 1.6068508625030518, 1.6573377847671509, 1.603393793106079, 1.5720323324203491, 1.631265640258789, 1.7110389471054077, 1.6703253984451294, 1.6849863529205322, 1.5728771686553955, 1.5964175462722778, 1.7181675434112549, 1.7272008657455444, 1.56260347366333, 1.6053440570831299, 1.6940566301345825, 1.6928575038909912, 1.729554295539856, 1.5828465223312378, 1.6437793970108032]",sae,Pre-64
1,beta,32,0.055,0.4555596844830426,0.4475674839123162,0.4752872320126409,0.5,0.5924839124839124,0.6372244897959184,30,"[0, 1, 2, 3, 4, 5, 6, 7, 8, 9, 10, 11, 12, 13, 14, 15, 16, 17, 18, 19, 20, 21, 22, 23, 24, 25, 26, 27, 28, 29]","[1.7384780645370483, 1.641579270362854, 1.7432876825332642, 1.6771457195281982, 1.6579196453094482, 1.6972997188568115, 1.6526596546173096, 1.6538673639297485, 1.6163898706436157, 1.6209509372711182, 1.6820954084396362, 1.6294561624526978, 1.6870975494384766, 1.5788406133651733, 1.5755314826965332, 1.5807011127471924, 1.594483733177185, 1.6906987428665161, 1.6218299865722656, 1.6553678512573242, 1.7327232360839844, 1.6711803674697876, 1.5482993125915527, 1.7415838241577148, 1.6742913722991943, 1.5875242948532104, 1.717692255973816, 1.5667272806167603, 1.7509371042251587, 1.7329494953155518]",sae,Pre-64
1,beta,27,0.044,0.4609757262074365,0.4537266978541116,0.4645106620858358,0.5,0.5914172664146189,0.6601770568730221,30,"[0, 1, 2, 3, 4, 5, 6, 7, 8, 9, 10, 11, 12, 13, 14, 15, 16, 17, 18, 19, 20, 21, 22, 23, 24, 25, 26, 27, 28, 29]","[1.6397110223770142, 1.7354469299316406, 1.63370943069458, 1.6363003253936768, 1.7033222913742065, 1.6255651712417603, 1.7229894399642944, 1.5817800760269165, 1.716482162475586, 1.7218509912490845, 1.603439211845398, 1.744055986404419, 1.6307368278503418, 1.6048847436904907, 1.6190595626831055, 1.54954993724823, 1.6538141965866089, 1.6935495138168335, 1.6478488445281982, 1.671528935432434, 1.7301292419433594, 1.6365889310836792, 1.6049392223358154, 1.5981276035308838, 1.6141319274902344, 1.7515078783035278, 1.6192774772644043, 1.666434645652771, 1.5534725189208984, 1.676520824432373]",sae,Pre-64
1,beta,33,0.045,0.4492211383258522,0.4377959816952598,0.435028400507993,0.5,0.6165210074526608,0.6907103361475259,30,"[0, 1, 2, 3, 4, 5, 6, 7, 8, 9, 10, 11, 12, 13, 14, 15, 16, 17, 18, 19, 20, 21, 22, 23, 24, 25, 26, 27, 28, 29]","[1.6413122415542603, 1.6925525665283203, 1.6417018175125122, 1.5946723222732544, 1.5340148210525513, 1.723494291305542, 1.5462676286697388, 1.695945382118225, 1.674536108970642, 1.684954285621643, 1.6121505498886108, 1.7011549472808838, 1.6719310283660889, 1.5326722860336304, 1.6035298109054565, 1.6628936529159546, 1.5834321975708008, 1.5732600688934326, 1.7040072679519653, 1.7183375358581543, 1.6119202375411987, 1.5372620820999146, 1.7125139236450195, 1.6446409225463867, 1.7094171047210693, 1.6212403774261475, 1.5789533853530884, 1.5303021669387817, 1.528756022453308, 1.5746456384658813]",sae,Pre-64
1,beta,21,0.072,0.4504746503440228,0.4381370334360364,0.4403351642144397,0.5,0.6200058082774133,0.687247432617803,30,"[0, 1, 2, 3, 4, 5, 6, 7, 8, 9, 10, 11, 12, 13, 14, 15, 16, 17, 18, 19, 20, 21, 22, 23, 24, 25, 26, 27, 28, 29]","[1.444536566734314, 1.4952154159545898, 1.6198949813842773, 1.6145994663238525, 1.595400333404541, 1.5761748552322388, 1.4897234439849854, 1.4984849691390991, 1.6043453216552734, 1.5164260864257812, 1.5943704843521118, 1.6028426885604858, 1.4818226099014282, 1.5088706016540527, 1.5048667192459106, 1.4985607862472534, 1.4995290040969849, 1.5109729766845703, 1.4416919946670532, 1.6114580631256104, 1.4365719556808472, 1.6194223165512085, 1.4314807653427124, 1.4495255947113037, 1.5050476789474487, 1.4631118774414062, 1.430587649345398, 1.4853100776672363, 1.572746992111206, 1.5576789379119873]",sae,Pre-64
1,beta,44,0.048,0.4469012312759677,0.43811650775401,0.4635305206873281,0.5,0.5982762074796864,0.6219043326085804,30,"[0, 1, 2, 3, 4, 5, 6, 7, 8, 9, 10, 11, 12, 13, 14, 15, 16, 17, 18, 19, 20, 21, 22, 23, 24, 25, 26, 27, 28, 29]","[1.5585863590240479, 1.5458521842956543, 1.5099728107452393, 1.5127360820770264, 1.5424997806549072, 1.6150909662246704, 1.611151933670044, 1.4897533655166626, 1.55996572971344, 1.6514508724212646, 1.5515011548995972, 1.5313149690628052, 1.552409052848816, 1.5155434608459473, 1.6343903541564941, 1.6324490308761597, 1.485269546508789, 1.4001755714416504, 1.5695972442626953, 1.553322434425354, 1.500045895576477, 1.4844101667404175, 1.5583051443099976, 1.5546880960464478, 1.6061123609542847, 1.513469934463501, 1.5179791450500488, 1.5425082445144653, 1.5619958639144897, 1.551995038986206]",sae,Pre-64
1,beta,5,0.075,0.4445517550333296,0.4301735816232515,0.4290077381236434,0.5,0.6070910659257547,0.6831788377515111,30,"[0, 1, 2, 3, 4, 5, 6, 7, 8, 9, 10, 11, 12, 13, 14, 15, 16, 17, 18, 19, 20, 21, 22, 23, 24, 25, 26, 27, 28, 29]","[1.3851431608200073, 1.2807074785232544, 1.2823539972305298, 1.4006096124649048, 1.3999887704849243, 1.332824945449829, 1.329561471939087, 1.310828685760498, 1.3710501194000244, 1.2923332452774048, 1.3811572790145874, 1.4021586179733276, 1.3313639163970947, 1.335647702217102, 1.4120732545852661, 1.35956609249115, 1.3651080131530762, 1.3919342756271362, 1.2715294361114502, 1.3384512662887573, 1.4145787954330444, 1.3422027826309204, 1.4107601642608643, 1.2929657697677612, 1.3381057977676392, 1.4148995876312256, 1.2835323810577393, 1.3160487413406372, 1.391524076461792, 1.3397624492645264]",sae,Pre-64
1,beta,37,0.068,0.4546908257221888,0.444978337644671,0.4340035503831134,0.5,0.6058579085235571,0.7172837121715092,30,"[0, 1, 2, 3, 4, 5, 6, 7, 8, 9, 10, 11, 12, 13, 14, 15, 16, 17, 18, 19, 20, 21, 22, 23, 24, 25, 26, 27, 28, 29]","[1.472138524055481, 1.5340052843093872, 1.5088059902191162, 1.484613060951233, 1.43647038936615, 1.5442453622817993, 1.5102266073226929, 1.558756709098816, 1.6048126220703125, 1.544649600982666, 1.5086382627487183, 1.5166854858398438, 1.5431747436523438, 1.5476012229919434, 1.5807387828826904, 1.5251576900482178, 1.5147148370742798, 1.5587420463562012, 1.5310381650924683, 1.528448462486267, 1.5549805164337158, 1.563969373703003, 1.5880601406097412, 1.5721850395202637, 1.5305752754211426, 1.568659782409668, 1.5369974374771118, 1.56684410572052, 1.5688788890838623, 1.583248257637024]",sae,Pre-64
1,beta,22,0.068,0.4519005213187685,0.4442985770479847,0.4444249828948688,0.5,0.5939599289403404,0.680162413675455,30,"[0, 1, 2, 3, 4, 5, 6, 7, 8, 9, 10, 11, 12, 13, 14, 15, 16, 17, 18, 19, 20, 21, 22, 23, 24, 25, 26, 27, 28, 29]","[1.417396068572998, 1.4631962776184082, 1.4762749671936035, 1.4978073835372925, 1.538022756576538, 1.4378178119659424, 1.44688880443573, 1.4277898073196411, 1.4234102964401245, 1.473657250404358, 1.4216547012329102, 1.5313366651535034, 1.464225172996521, 1.5175765752792358, 1.3822864294052124, 1.5038295984268188, 1.515398383140564, 1.4683308601379395, 1.4004281759262085, 1.4095754623413086, 1.4886844158172607, 1.4871286153793335, 1.4884623289108276, 1.4389324188232422, 1.4907704591751099, 1.5236842632293701, 1.423628568649292, 1.4119516611099243, 1.5526050329208374, 1.3927416801452637]",sae,Pre-64
1,beta,27,0.062,0.4609757262074365,0.4537266978541116,0.461251378277009,0.5,0.5914172664146189,0.6603228392913874,30,"[0, 1, 2, 3, 4, 5, 6, 7, 8, 9, 10, 11, 12, 13, 14, 15, 16, 17, 18, 19, 20, 21, 22, 23, 24, 25, 26, 27, 28, 29]","[1.5356910228729248, 1.6086840629577637, 1.5370479822158813, 1.5212595462799072, 1.5896594524383545, 1.4978588819503784, 1.5997469425201416, 1.4647706747055054, 1.5698002576828003, 1.5787880420684814, 1.4845571517944336, 1.6115899085998535, 1.5243014097213745, 1.4842034578323364, 1.5234062671661377, 1.4367589950561523, 1.528111219406128, 1.5728391408920288, 1.516380786895752, 1.5371776819229126, 1.6033774614334106, 1.538832426071167, 1.4917351007461548, 1.4470043182373047, 1.5097020864486694, 1.6169241666793823, 1.5007752180099487, 1.5517354011535645, 1.441935420036316, 1.5493271350860596]",sae,Pre-64
1,beta,35,0.042,0.4566193215888805,0.4379483378046387,0.434479693276266,0.5,0.637290178651746,0.714452560435145,30,"[0, 1, 2, 3, 4, 5, 6, 7, 8, 9, 10, 11, 12, 13, 14, 15, 16, 17, 18, 19, 20, 21, 22, 23, 24, 25, 26, 27, 28, 29]","[1.4637430906295776, 1.5302869081497192, 1.594297170639038, 1.5238547325134277, 1.5370910167694092, 1.50149667263031, 1.4499319791793823, 1.6107182502746582, 1.6262946128845215, 1.518527626991272, 1.588871955871582, 1.4402439594268799, 1.5127172470092773, 1.4200421571731567, 1.5096780061721802, 1.4671162366867065, 1.5972474813461304, 1.4421528577804565, 1.5471330881118774, 1.447784423828125, 1.4686235189437866, 1.4599190950393677, 1.4775415658950806, 1.4469754695892334, 1.4941447973251343, 1.5400035381317139, 1.4707190990447998, 1.5510674715042114, 1.6053580045700073, 1.543892741203308]",sae,Pre-64
1,beta,49,0.06,0.462130925118617,0.4524487678230295,0.4515289775984727,0.5,0.6141152509743157,0.6850319293797249,30,"[0, 1, 2, 3, 4, 5, 6, 7, 8, 9, 10, 11, 12, 13, 14, 15, 16, 17, 18, 19, 20, 21, 22, 23, 24, 25, 26, 27, 28, 29]","[1.5097018480300903, 1.573346495628357, 1.5644499063491821, 1.544568657875061, 1.4760444164276123, 1.519148349761963, 1.6248116493225098, 1.523135781288147, 1.6603186130523682, 1.577812671661377, 1.534849762916565, 1.5012052059173584, 1.5871431827545166, 1.5770515203475952, 1.6377367973327637, 1.5883843898773193, 1.6540597677230835, 1.6481831073760986, 1.4957863092422485, 1.5972974300384521, 1.6370961666107178, 1.5316650867462158, 1.6536070108413696, 1.5654164552688599, 1.4989542961120605, 1.5718894004821777, 1.5700490474700928, 1.5079959630966187, 1.481062889099121, 1.5157524347305298]",sae,Pre-64
1,beta,20,0.0535,0.4408022875601419,0.4262939306313442,0.4397791183171721,0.5,0.6176087118064704,0.650467138195894,30,"[0, 1, 2, 3, 4, 5, 6, 7, 8, 9, 10, 11, 12, 13, 14, 15, 16, 17, 18, 19, 20, 21, 22, 23, 24, 25, 26, 27, 28, 29]","[1.581296682357788, 1.6400500535964966, 1.577354907989502, 1.7023049592971802, 1.6304377317428589, 1.6570922136306763, 1.6582255363464355, 1.5631523132324219, 1.6015136241912842, 1.5453882217407227, 1.5759422779083252, 1.5736422538757324, 1.7117434740066528, 1.545407772064209, 1.6000587940216064, 1.6831471920013428, 1.58419930934906, 1.5205051898956299, 1.6176557540893555, 1.6193689107894897, 1.5924574136734009, 1.510360836982727, 1.6355476379394531, 1.6926168203353882, 1.6662757396697998, 1.5243394374847412, 1.5777519941329956, 1.6379590034484863, 1.5202242136001587, 1.6905698776245117]",sae,Pre-64
1,beta,25,0.054,0.4465066892532915,0.4352791138475453,0.443149987741621,0.5,0.6270054355300688,0.6611793126954608,30,"[0, 1, 2, 3, 4, 5, 6, 7, 8, 9, 10, 11, 12, 13, 14, 15, 16, 17, 18, 19, 20, 21, 22, 23, 24, 25, 26, 27, 28, 29]","[1.5396902561187744, 1.5646204948425293, 1.4311957359313965, 1.6129573583602905, 1.5915316343307495, 1.581862211227417, 1.4617416858673096, 1.470401406288147, 1.5166455507278442, 1.432692527770996, 1.5921374559402466, 1.5265390872955322, 1.5662528276443481, 1.4718878269195557, 1.4631896018981934, 1.5069465637207031, 1.3769261837005615, 1.3923327922821045, 1.4367647171020508, 1.462471842765808, 1.6052268743515015, 1.383887767791748, 1.553416132926941, 1.4762991666793823, 1.5294790267944336, 1.4766489267349243, 1.629196286201477, 1.5604255199432373, 1.5922868251800537, 1.4378355741500854]",sae,Pre-64
1,beta,36,0.05,0.4642138821845151,0.4576483090311837,0.4621018880719691,0.5,0.6031055233182893,0.674238067855089,30,"[0, 1, 2, 3, 4, 5, 6, 7, 8, 9, 10, 11, 12, 13, 14, 15, 16, 17, 18, 19, 20, 21, 22, 23, 24, 25, 26, 27, 28, 29]","[1.5258655548095703, 1.51717209815979, 1.4372354745864868, 1.5183817148208618, 1.3957629203796387, 1.5468088388442993, 1.444231390953064, 1.488657832145691, 1.5590715408325195, 1.4118670225143433, 1.4461833238601685, 1.5479689836502075, 1.4374850988388062, 1.4731754064559937, 1.4836184978485107, 1.561192512512207, 1.5134695768356323, 1.497196078300476, 1.5560028553009033, 1.4299944639205933, 1.471922516822815, 1.462022066116333, 1.46747624874115, 1.4439314603805542, 1.5410338640213013, 1.521755337715149, 1.4532958269119263, 1.5035780668258667, 1.5386738777160645, 1.4323073625564575]",sae,Pre-64
1,beta,17,0.078,0.4599327030141671,0.4513468217402507,0.4455654195678365,0.5,0.6120635717004715,0.6968049342887271,30,"[0, 1, 2, 3, 4, 5, 6, 7, 8, 9, 10, 11, 12, 13, 14, 15, 16, 17, 18, 19, 20, 21, 22, 23, 24, 25, 26, 27, 28, 29]","[1.5278773307800293, 1.4042258262634277, 1.438535213470459, 1.4621855020523071, 1.5432820320129395, 1.425808072090149, 1.4888536930084229, 1.3330835103988647, 1.4466958045959473, 1.456983208656311, 1.5110045671463013, 1.5198413133621216, 1.4545621871948242, 1.5333490371704102, 1.4562832117080688, 1.457738995552063, 1.5274806022644043, 1.4569299221038818, 1.5102629661560059, 1.4777729511260986, 1.3993083238601685, 1.4758141040802002, 1.3162416219711304, 1.4443717002868652, 1.4539165496826172, 1.4482736587524414, 1.420800805091858, 1.4552074670791626, 1.421036720275879, 1.5111255645751953]",sae,Pre-64
1,beta,3,0.048,0.4557259332451328,0.444824285747971,0.4736056290523975,0.5,0.6042731979176,0.6524973478596432,30,"[0, 1, 2, 3, 4, 5, 6, 7, 8, 9, 10, 11, 12, 13, 14, 15, 16, 17, 18, 19, 20, 21, 22, 23, 24, 25, 26, 27, 28, 29]","[1.6565078496932983, 1.661333680152893, 1.6535203456878662, 1.6974241733551025, 1.6636966466903687, 1.7475756406784058, 1.6461329460144043, 1.7437959909439087, 1.4875980615615845, 1.7369661331176758, 1.6252247095108032, 1.7544041872024536, 1.6648424863815308, 1.7045588493347168, 1.745667576789856, 1.6625680923461914, 1.6310162544250488, 1.7070972919464111, 1.6783978939056396, 1.6277530193328857, 1.5598223209381104, 1.6173862218856812, 1.634387493133545, 1.7506705522537231, 1.7361910343170166, 1.6588186025619507, 1.6422052383422852, 1.6602141857147217, 1.7384827136993408, 1.6622376441955566]",sae,Pre-64
1,beta,44,0.058,0.4469012312759677,0.43811650775401,0.4634517214516451,0.5,0.5982762074796864,0.6218984403080494,30,"[0, 1, 2, 3, 4, 5, 6, 7, 8, 9, 10, 11, 12, 13, 14, 15, 16, 17, 18, 19, 20, 21, 22, 23, 24, 25, 26, 27, 28, 29]","[1.5549232959747314, 1.5421515703201294, 1.5063172578811646, 1.5090761184692383, 1.5388060808181763, 1.6114232540130615, 1.6075245141983032, 1.4860488176345825, 1.556273341178894, 1.6478129625320435, 1.5478222370147705, 1.5276517868041992, 1.5487301349639893, 1.5118896961212158, 1.6307331323623657, 1.6287896633148193, 1.4816075563430786, 1.3965458869934082, 1.5659161806106567, 1.549644112586975, 1.496376872062683, 1.4807384014129639, 1.5546380281448364, 1.5510122776031494, 1.6024280786514282, 1.5097991228103638, 1.5143214464187622, 1.5388151407241821, 1.5583381652832031, 1.5482990741729736]",sae,Pre-64
1,beta,6,0.064,0.4540822999211705,0.4457917896713532,0.4484963620994113,0.5,0.5933447799067053,0.6642213544436509,30,"[0, 1, 2, 3, 4, 5, 6, 7, 8, 9, 10, 11, 12, 13, 14, 15, 16, 17, 18, 19, 20, 21, 22, 23, 24, 25, 26, 27, 28, 29]","[1.4803615808486938, 1.5157254934310913, 1.430100440979004, 1.5265244245529175, 1.4114995002746582, 1.4226082563400269, 1.4174017906188965, 1.4998387098312378, 1.4094523191452026, 1.5083099603652954, 1.4350416660308838, 1.3747113943099976, 1.426234483718872, 1.3948047161102295, 1.2276661396026611, 1.5045017004013062, 1.3908714056015015, 1.4677871465682983, 1.4527082443237305, 1.46624755859375, 1.4441406726837158, 1.406230092048645, 1.5166171789169312, 1.4497369527816772, 1.3900887966156006, 1.457177996635437, 1.4075466394424438, 1.3919546604156494, 1.454019546508789, 1.4794561862945557]",sae,Pre-64
1,beta,0,0.044,0.4600628296558519,0.4487196928272481,0.4354367822657879,0.5,0.6146148452673732,0.7220516236773542,30,"[0, 1, 2, 3, 4, 5, 6, 7, 8, 9, 10, 11, 12, 13, 14, 15, 16, 17, 18, 19, 20, 21, 22, 23, 24, 25, 26, 27, 28, 29]","[1.5117793083190918, 1.5468684434890747, 1.5528720617294312, 1.6013890504837036, 1.495761752128601, 1.5366358757019043, 1.595387578010559, 1.6215907335281372, 1.603588342666626, 1.5239946842193604, 1.5307871103286743, 1.5382912158966064, 1.6253342628479004, 1.60288667678833, 1.6198190450668335, 1.54015052318573, 1.5796228647232056, 1.4886553287506104, 1.4634443521499634, 1.6059975624084473, 1.506347417831421, 1.4888365268707275, 1.6000746488571167, 1.5260088443756104, 1.505869746208191, 1.4721322059631348, 1.5977522134780884, 1.4767946004867554, 1.6099939346313477, 1.483174443244934]",sae,Pre-64
1,beta,4,0.055,0.4589558369307028,0.4477177462853796,0.4652998473815045,0.5,0.61034827708266,0.6563707157917418,30,"[0, 1, 2, 3, 4, 5, 6, 7, 8, 9, 10, 11, 12, 13, 14, 15, 16, 17, 18, 19, 20, 21, 22, 23, 24, 25, 26, 27, 28, 29]","[1.6156660318374634, 1.6157513856887817, 1.484239935874939, 1.6527528762817383, 1.4682252407073975, 1.5213258266448975, 1.6127371788024902, 1.5041005611419678, 1.5523569583892822, 1.6349239349365234, 1.5927977561950684, 1.5361360311508179, 1.6475398540496826, 1.5019818544387817, 1.4877820014953613, 1.5577878952026367, 1.5878629684448242, 1.5654267072677612, 1.522660493850708, 1.610855221748352, 1.561195969581604, 1.623793125152588, 1.5524015426635742, 1.495641827583313, 1.564712643623352, 1.5369356870651245, 1.495915412902832, 1.5312690734863281, 1.6111980676651, 1.4891694784164429]",sae,Pre-64
1,beta,34,0.072,0.4568527557813058,0.4470225010708758,0.4484585507865014,0.5,0.6011606799053854,0.6782551295450795,30,"[0, 1, 2, 3, 4, 5, 6, 7, 8, 9, 10, 11, 12, 13, 14, 15, 16, 17, 18, 19, 20, 21, 22, 23, 24, 25, 26, 27, 28, 29]","[1.3875041007995605, 1.4724173545837402, 1.4778574705123901, 1.4230778217315674, 1.3726738691329956, 1.38808274269104, 1.4292223453521729, 1.34684157371521, 1.3508129119873047, 1.3919352293014526, 1.447060465812683, 1.250985860824585, 1.4580022096633911, 1.3488171100616455, 1.3574594259262085, 1.3814964294433594, 1.4742544889450073, 1.4899697303771973, 1.3988162279129028, 1.387973427772522, 1.4059069156646729, 1.4922115802764893, 1.425949215888977, 1.4500521421432495, 1.3773216009140015, 1.324184775352478, 1.503710150718689, 1.4886285066604614, 1.476073980331421, 1.4603922367095947]",sae,Pre-64
1,beta,33,0.064,0.4492211383258522,0.4377959816952598,0.4331824611623385,0.5,0.6165210074526608,0.6934750328793856,30,"[0, 1, 2, 3, 4, 5, 6, 7, 8, 9, 10, 11, 12, 13, 14, 15, 16, 17, 18, 19, 20, 21, 22, 23, 24, 25, 26, 27, 28, 29]","[1.5414979457855225, 1.6037098169326782, 1.5489412546157837, 1.5167769193649292, 1.4612524509429932, 1.6239999532699585, 1.4625591039657593, 1.5944114923477173, 1.5858275890350342, 1.594172716140747, 1.5319664478302002, 1.6111050844192505, 1.5676627159118652, 1.460096001625061, 1.5159801244735718, 1.5775953531265259, 1.4978034496307373, 1.4952620267868042, 1.60929274559021, 1.6139805316925049, 1.5184582471847534, 1.4447612762451172, 1.6213456392288208, 1.5552414655685425, 1.6165142059326172, 1.522923231124878, 1.494253158569336, 1.4628620147705078, 1.4368106126785278, 1.499698281288147]",sae,Pre-64
1,beta,18,0.075,0.4575117633693479,0.4471831599677374,0.4242236493637397,0.5,0.6052065040104606,0.7328546515087478,30,"[0, 1, 2, 3, 4, 5, 6, 7, 8, 9, 10, 11, 12, 13, 14, 15, 16, 17, 18, 19, 20, 21, 22, 23, 24, 25, 26, 27, 28, 29]","[1.3689125776290894, 1.5395761728286743, 1.559272050857544, 1.4558353424072266, 1.4736855030059814, 1.4884936809539795, 1.6681123971939087, 1.4446396827697754, 1.5536258220672607, 1.4296495914459229, 1.638969898223877, 1.5266671180725098, 1.556302785873413, 1.559711217880249, 1.4877945184707642, 1.446285367012024, 1.5435932874679565, 1.4781217575073242, 1.4607725143432617, 1.4030511379241943, 1.6551951169967651, 1.4673690795898438, 1.5897188186645508, 1.5485507249832153, 1.5254771709442139, 1.4926871061325073, 1.5368343591690063, 1.5881062746047974, 1.5426033735275269, 1.4830604791641235]",sae,Pre-64
1,beta,14,0.052,0.4467366851483266,0.4421697276018216,0.4397733920047298,0.5,0.5934222168898753,0.6938586361523118,30,"[0, 1, 2, 3, 4, 5, 6, 7, 8, 9, 10, 11, 12, 13, 14, 15, 16, 17, 18, 19, 20, 21, 22, 23, 24, 25, 26, 27, 28, 29]","[1.5677497386932373, 1.4707165956497192, 1.5897512435913086, 1.6259433031082153, 1.5938445329666138, 1.595626711845398, 1.5353273153305054, 1.7002559900283813, 1.5938969850540161, 1.6727542877197266, 1.5337998867034912, 1.5587977170944214, 1.5808061361312866, 1.6712254285812378, 1.6243411302566528, 1.5972449779510498, 1.692646861076355, 1.6899223327636719, 1.6075679063796997, 1.5647732019424438, 1.5809879302978516, 1.6087169647216797, 1.670835256576538, 1.5589358806610107, 1.6808792352676392, 1.6871012449264526, 1.6358973979949951, 1.6894334554672241, 1.6801276206970215, 1.5909384489059448]",sae,Pre-64
1,beta,47,0.045,0.4460371044958436,0.4257646434940195,0.4111360744609685,0.5,0.6434257056516428,0.7352825821384941,30,"[0, 1, 2, 3, 4, 5, 6, 7, 8, 9, 10, 11, 12, 13, 14, 15, 16, 17, 18, 19, 20, 21, 22, 23, 24, 25, 26, 27, 28, 29]","[1.8404510021209717, 1.6557620763778687, 1.6524641513824463, 1.6494266986846924, 1.7721991539001465, 1.8080111742019653, 1.7282192707061768, 1.8346902132034302, 1.7711515426635742, 1.6695785522460938, 1.705392599105835, 1.6495863199234009, 1.6757667064666748, 1.836518406867981, 1.6573222875595093, 1.8176640272140503, 1.688180923461914, 1.778761863708496, 1.6235110759735107, 1.6473461389541626, 1.6830613613128662, 1.7599751949310303, 1.837634563446045, 1.6649450063705444, 1.7421531677246094, 1.6291788816452026, 1.5759810209274292, 1.8231911659240723, 1.623426079750061, 1.6987135410308838]",sae,Pre-64
1,beta,30,0.078,0.4638407167611665,0.4544841508273655,0.4398275687458026,0.5,0.6043368975359404,0.6949239960457886,30,"[0, 1, 2, 3, 4, 5, 6, 7, 8, 9, 10, 11, 12, 13, 14, 15, 16, 17, 18, 19, 20, 21, 22, 23, 24, 25, 26, 27, 28, 29]","[1.530375361442566, 1.499166488647461, 1.510467767715454, 1.4509841203689575, 1.4638464450836182, 1.4422481060028076, 1.453053593635559, 1.4293696880340576, 1.4220809936523438, 1.4404817819595337, 1.5049179792404175, 1.4350866079330444, 1.410737156867981, 1.4328653812408447, 1.4998289346694946, 1.5038461685180664, 1.4220294952392578, 1.4436845779418945, 1.5255701541900635, 1.4501314163208008, 1.4268826246261597, 1.3921241760253906, 1.491052269935608, 1.4459985494613647, 1.5617750883102417, 1.4386314153671265, 1.4640036821365356, 1.4339492321014404, 1.5011323690414429, 1.4564722776412964]",sae,Pre-64
1,beta,11,0.065,0.4566976193509867,0.4496008864727478,0.4368199785590919,0.5,0.5995106990682213,0.7107330149365547,30,"[0, 1, 2, 3, 4, 5, 6, 7, 8, 9, 10, 11, 12, 13, 14, 15, 16, 17, 18, 19, 20, 21, 22, 23, 24, 25, 26, 27, 28, 29]","[1.4629018306732178, 1.2692418098449707, 1.4196281433105469, 1.341658115386963, 1.4969587326049805, 1.363168716430664, 1.3707053661346436, 1.250434398651123, 1.4818742275238037, 1.483472228050232, 1.4990246295928955, 1.5126526355743408, 1.514622688293457, 1.4088590145111084, 1.3795528411865234, 1.3838987350463867, 1.4360406398773193, 1.363774061203003, 1.3930082321166992, 1.4539681673049927, 1.4228112697601318, 1.4386625289916992, 1.4964797496795654, 1.4141426086425781, 1.4039418697357178, 1.4698795080184937, 1.4988043308258057, 1.3553396463394165, 1.3967900276184082, 1.3773243427276611]",sae,Pre-64
1,beta,11,0.046,0.4566976193509867,0.4496008864727478,0.4389685608363808,0.5,0.5995106990682213,0.7108764105445521,30,"[0, 1, 2, 3, 4, 5, 6, 7, 8, 9, 10, 11, 12, 13, 14, 15, 16, 17, 18, 19, 20, 21, 22, 23, 24, 25, 26, 27, 28, 29]","[1.5859425067901611, 1.407943844795227, 1.5297034978866577, 1.4674588441848755, 1.615635633468628, 1.472273588180542, 1.4896728992462158, 1.3441191911697388, 1.5997780561447144, 1.6054356098175049, 1.6064378023147583, 1.6313096284866333, 1.6446665525436401, 1.5038543939590454, 1.4886881113052368, 1.5048120021820068, 1.559993863105774, 1.4716569185256958, 1.496576189994812, 1.5749231576919556, 1.5271625518798828, 1.5616304874420166, 1.6189424991607666, 1.5419849157333374, 1.5200109481811523, 1.5868233442306519, 1.618796706199646, 1.4646811485290527, 1.5146918296813965, 1.4841326475143433]",sae,Pre-64
1,beta,46,0.075,0.4545712902572906,0.4417269056853911,0.4523903547665699,0.5,0.6270377926330811,0.6894115332469386,30,"[0, 1, 2, 3, 4, 5, 6, 7, 8, 9, 10, 11, 12, 13, 14, 15, 16, 17, 18, 19, 20, 21, 22, 23, 24, 25, 26, 27, 28, 29]","[1.4668219089508057, 1.5725585222244263, 1.563807487487793, 1.5515705347061157, 1.4681363105773926, 1.5983071327209473, 1.4914047718048096, 1.6171364784240723, 1.5481358766555786, 1.6469000577926636, 1.3763803243637085, 1.4741630554199219, 1.6131082773208618, 1.4597059488296509, 1.5237661600112915, 1.612943410873413, 1.5407754182815552, 1.5534940958023071, 1.6253540515899658, 1.6036127805709839, 1.518451452255249, 1.5166774988174438, 1.5497158765792847, 1.5448025465011597, 1.5538578033447266, 1.5663695335388184, 1.5424435138702393, 1.5904642343521118, 1.5213059186935425, 1.538676142692566]",sae,Pre-64
1,beta,1,0.082,0.4560357198099471,0.4497423189216591,0.4463166910713789,0.5,0.5964054457666336,0.6820090782452661,30,"[0, 1, 2, 3, 4, 5, 6, 7, 8, 9, 10, 11, 12, 13, 14, 15, 16, 17, 18, 19, 20, 21, 22, 23, 24, 25, 26, 27, 28, 29]","[1.4100391864776611, 1.3107752799987793, 1.3636724948883057, 1.2507151365280151, 1.3463774919509888, 1.2734874486923218, 1.2813977003097534, 1.3482967615127563, 1.2546581029891968, 1.31059730052948, 1.309297800064087, 1.3521429300308228, 1.4029637575149536, 1.279948353767395, 1.400331974029541, 1.2319560050964355, 1.2552108764648438, 1.3095234632492065, 1.380439281463623, 1.4108892679214478, 1.3995660543441772, 1.3602607250213623, 1.3347172737121582, 1.3051568269729614, 1.2724529504776, 1.2962372303009033, 1.3246625661849976, 1.3298499584197998, 1.412184715270996, 1.3345614671707153]",sae,Pre-64
1,beta,39,0.076,0.4461088087810431,0.4292341094433316,0.438428914427218,0.5,0.6205127278095635,0.6699024738559433,30,"[0, 1, 2, 3, 4, 5, 6, 7, 8, 9, 10, 11, 12, 13, 14, 15, 16, 17, 18, 19, 20, 21, 22, 23, 24, 25, 26, 27, 28, 29]","[1.4467546939849854, 1.551658034324646, 1.4855530261993408, 1.4827735424041748, 1.4053562879562378, 1.4545772075653076, 1.4479867219924927, 1.4837814569473267, 1.4083245992660522, 1.5307656526565552, 1.4551371335983276, 1.3989787101745605, 1.4848459959030151, 1.3984358310699463, 1.4883475303649902, 1.5467225313186646, 1.5208327770233154, 1.509764313697815, 1.430018663406372, 1.3912301063537598, 1.3999251127243042, 1.4872820377349854, 1.4399381875991821, 1.4368277788162231, 1.5044828653335571, 1.453874111175537, 1.3542042970657349, 1.4266345500946045, 1.5577404499053955, 1.427450180053711]",sae,Pre-64
1,beta,45,0.066,0.4515599815008028,0.4347157609968581,0.4473061189269635,0.5,0.6289673345145609,0.6764905426074841,30,"[0, 1, 2, 3, 4, 5, 6, 7, 8, 9, 10, 11, 12, 13, 14, 15, 16, 17, 18, 19, 20, 21, 22, 23, 24, 25, 26, 27, 28, 29]","[1.5523887872695923, 1.5442075729370117, 1.4374918937683105, 1.6173433065414429, 1.6133447885513306, 1.4693797826766968, 1.6249277591705322, 1.6008714437484741, 1.4801170825958252, 1.4402285814285278, 1.549729585647583, 1.628828763961792, 1.5832631587982178, 1.4977608919143677, 1.507683277130127, 1.5259957313537598, 1.5394916534423828, 1.4136780500411987, 1.5391813516616821, 1.5315972566604614, 1.5824247598648071, 1.4804655313491821, 1.5924134254455566, 1.4599450826644897, 1.4393434524536133, 1.6185126304626465, 1.4719066619873047, 1.4873274564743042, 1.4144829511642456, 1.6193093061447144]",sae,Pre-64
1,beta,19,0.045,0.4469965829377276,0.435497383761294,0.4196980079250036,0.5,0.6104665954706788,0.7148396519772592,30,"[0, 1, 2, 3, 4, 5, 6, 7, 8, 9, 10, 11, 12, 13, 14, 15, 16, 17, 18, 19, 20, 21, 22, 23, 24, 25, 26, 27, 28, 29]","[1.6822625398635864, 1.720453143119812, 1.7814275026321411, 1.6863924264907837, 1.6812808513641357, 1.712445616722107, 1.703476071357727, 1.7725402116775513, 1.6490453481674194, 1.8116226196289062, 1.8552407026290894, 1.8412601947784424, 1.7213091850280762, 1.66428542137146, 1.6496341228485107, 1.6752970218658447, 1.8089501857757568, 1.8247721195220947, 1.6316994428634644, 1.6312495470046997, 1.8392348289489746, 1.6902343034744263, 1.711782693862915, 1.633332371711731, 1.6193825006484985, 1.823183536529541, 1.8307700157165527, 1.7210842370986938, 1.7177315950393677, 1.6606146097183228]",sae,Pre-64
1,beta,29,0.082,0.4558655961502112,0.4409050416793991,0.4552781807264948,0.5,0.6296548282533407,0.6719302373327379,30,"[0, 1, 2, 3, 4, 5, 6, 7, 8, 9, 10, 11, 12, 13, 14, 15, 16, 17, 18, 19, 20, 21, 22, 23, 24, 25, 26, 27, 28, 29]","[1.391801357269287, 1.3525789976119995, 1.1722187995910645, 1.4563376903533936, 1.3838512897491455, 1.356815218925476, 1.4713937044143677, 1.3526400327682495, 1.438495397567749, 1.4621810913085938, 1.3851295709609985, 1.4302500486373901, 1.447173833847046, 1.4244860410690308, 1.4036688804626465, 1.4234991073608398, 1.3544847965240479, 1.3864423036575317, 1.352555274963379, 1.3954731225967407, 1.4737621545791626, 1.4897249937057495, 1.3783522844314575, 1.3909870386123657, 1.402109980583191, 1.3268839120864868, 1.3863197565078735, 1.468815565109253, 1.5095096826553345, 1.3609118461608887]",sae,Pre-64
1,beta,6,0.0535,0.4540822999211705,0.4457917896713532,0.4502358407998372,0.5,0.5933447799067053,0.6644827009861274,30,"[0, 1, 2, 3, 4, 5, 6, 7, 8, 9, 10, 11, 12, 13, 14, 15, 16, 17, 18, 19, 20, 21, 22, 23, 24, 25, 26, 27, 28, 29]","[1.6172014474868774, 1.6555466651916504, 1.5470565557479858, 1.6731853485107422, 1.5357470512390137, 1.5710200071334839, 1.5506830215454102, 1.610837697982788, 1.5132302045822144, 1.6367545127868652, 1.5584628582000732, 1.5124726295471191, 1.5589991807937622, 1.517751932144165, 1.3338574171066284, 1.646865725517273, 1.5315066576004028, 1.5959521532058716, 1.5940239429473877, 1.5967376232147217, 1.5772442817687988, 1.5265700817108154, 1.6509889364242554, 1.5681449174880981, 1.5216628313064575, 1.5950288772583008, 1.5521607398986816, 1.5118108987808228, 1.5678027868270874, 1.6084486246109009]",sae,Pre-64
1,beta,42,0.082,0.4546678683050885,0.4407690563496341,0.4548536737657427,0.5,0.6336081445133979,0.661233583489681,30,"[0, 1, 2, 3, 4, 5, 6, 7, 8, 9, 10, 11, 12, 13, 14, 15, 16, 17, 18, 19, 20, 21, 22, 23, 24, 25, 26, 27, 28, 29]","[1.5524662733078003, 1.4127806425094604, 1.556058645248413, 1.5561833381652832, 1.4902904033660889, 1.542150616645813, 1.4846088886260986, 1.4452601671218872, 1.421980619430542, 1.5575041770935059, 1.5286122560501099, 1.5723998546600342, 1.4420440196990967, 1.2269169092178345, 1.573126196861267, 1.4680207967758179, 1.407637596130371, 1.3890386819839478, 1.524985432624817, 1.542317509651184, 1.458946943283081, 1.447803258895874, 1.4627918004989624, 1.409900188446045, 1.4494712352752686, 1.4193872213363647, 1.577580451965332, 1.4141989946365356, 1.4902398586273193, 1.404332160949707]",sae,Pre-64
1,beta,41,0.074,0.4543678569363413,0.4427951465832617,0.4545941050459847,0.5,0.6190905384235713,0.6764036424243725,30,"[0, 1, 2, 3, 4, 5, 6, 7, 8, 9, 10, 11, 12, 13, 14, 15, 16, 17, 18, 19, 20, 21, 22, 23, 24, 25, 26, 27, 28, 29]","[1.4646942615509033, 1.557451844215393, 1.4985040426254272, 1.4208643436431885, 1.4333058595657349, 1.6014701128005981, 1.4570972919464111, 1.520571231842041, 1.4887324571609497, 1.5849401950836182, 1.5769376754760742, 1.514035940170288, 1.5171326398849487, 1.5853118896484375, 1.5852328538894653, 1.500283122062683, 1.4970213174819946, 1.5339568853378296, 1.5713701248168945, 1.534015417098999, 1.4457321166992188, 1.4980978965759277, 1.5023225545883179, 1.522210955619812, 1.4972548484802246, 1.478725552558899, 1.557336449623108, 1.5701931715011597, 1.528224229812622, 1.449533462524414]",sae,Pre-64
1,beta,16,0.058,0.4519396108125126,0.4401978349795346,0.4331151537581078,0.5,0.6159012314439947,0.7187710863697705,30,"[0, 1, 2, 3, 4, 5, 6, 7, 8, 9, 10, 11, 12, 13, 14, 15, 16, 17, 18, 19, 20, 21, 22, 23, 24, 25, 26, 27, 28, 29]","[1.4651274681091309, 1.3990188837051392, 1.4289753437042236, 1.5109792947769165, 1.5132769346237183, 1.422465205192566, 1.5201315879821777, 1.474378228187561, 1.4385582208633423, 1.5155543088912964, 1.524539828300476, 1.4794455766677856, 1.4384785890579224, 1.444913625717163, 1.416884422302246, 1.4481595754623413, 1.499269962310791, 1.3449838161468506, 1.4347867965698242, 1.5038961172103882, 1.543205976486206, 1.5022976398468018, 1.5132092237472534, 1.5019344091415405, 1.4023685455322266, 1.4917583465576172, 1.4282160997390747, 1.4416226148605347, 1.4043469429016113, 1.4345669746398926]",sae,Pre-64
1,beta,7,0.084,0.4564836922581216,0.4420418003909208,0.4378430179848207,0.5,0.6095136152062148,0.7014223389934964,30,"[0, 1, 2, 3, 4, 5, 6, 7, 8, 9, 10, 11, 12, 13, 14, 15, 16, 17, 18, 19, 20, 21, 22, 23, 24, 25, 26, 27, 28, 29]","[1.4007761478424072, 1.4491965770721436, 1.4648858308792114, 1.4331773519515991, 1.4821337461471558, 1.4362106323242188, 1.4030812978744507, 1.440263032913208, 1.5383930206298828, 1.4435580968856812, 1.3664077520370483, 1.4085794687271118, 1.3720455169677734, 1.391783356666565, 1.550031065940857, 1.4635177850723267, 1.3902652263641357, 1.3804606199264526, 1.4838730096817017, 1.4787955284118652, 1.448298454284668, 1.4679301977157593, 1.4720300436019897, 1.4090381860733032, 1.506974220275879, 1.4956738948822021, 1.4154248237609863, 1.3294920921325684, 1.5178197622299194, 1.4077545404434204]",sae,Pre-64
1,beta,39,0.065,0.4461088087810431,0.4292341094433316,0.4412299960521709,0.5,0.6205127278095635,0.6703107158244228,30,"[0, 1, 2, 3, 4, 5, 6, 7, 8, 9, 10, 11, 12, 13, 14, 15, 16, 17, 18, 19, 20, 21, 22, 23, 24, 25, 26, 27, 28, 29]","[1.529123306274414, 1.6677790880203247, 1.5932977199554443, 1.6219074726104736, 1.5226753950119019, 1.5350936651229858, 1.5664561986923218, 1.5852138996124268, 1.5155502557754517, 1.6646517515182495, 1.5780870914459229, 1.519707202911377, 1.5962313413619995, 1.5012472867965698, 1.6002947092056274, 1.6573846340179443, 1.6602513790130615, 1.6345441341400146, 1.528946876525879, 1.53676176071167, 1.4978570938110352, 1.5659548044204712, 1.5817569494247437, 1.5847408771514893, 1.6203233003616333, 1.5418522357940674, 1.4850612878799438, 1.5381114482879639, 1.6700642108917236, 1.5315821170806885]",sae,Pre-64
1,beta,38,0.056,0.4455661720406026,0.4298851252298221,0.444320007709387,0.5,0.6303640517897944,0.6594958111195734,30,"[0, 1, 2, 3, 4, 5, 6, 7, 8, 9, 10, 11, 12, 13, 14, 15, 16, 17, 18, 19, 20, 21, 22, 23, 24, 25, 26, 27, 28, 29]","[1.5484875440597534, 1.5422908067703247, 1.5424480438232422, 1.63419771194458, 1.5730793476104736, 1.4417037963867188, 1.6369621753692627, 1.5798351764678955, 1.477512001991272, 1.5692965984344482, 1.5393404960632324, 1.6169514656066895, 1.604496955871582, 1.5611158609390259, 1.6239787340164185, 1.5495779514312744, 1.5276014804840088, 1.633632779121399, 1.5115371942520142, 1.5893428325653076, 1.5605512857437134, 1.550344467163086, 1.6321886777877808, 1.5004082918167114, 1.554028868675232, 1.6320438385009766, 1.5197516679763794, 1.6245810985565186, 1.5463145971298218, 1.6312072277069092]",sae,Pre-64
1,beta,16,0.048,0.4519396108125126,0.4401978349795346,0.4371354082552129,0.5,0.6159012314439947,0.7204790823211875,30,"[0, 1, 2, 3, 4, 5, 6, 7, 8, 9, 10, 11, 12, 13, 14, 15, 16, 17, 18, 19, 20, 21, 22, 23, 24, 25, 26, 27, 28, 29]","[1.6322343349456787, 1.545403242111206, 1.602765440940857, 1.667641282081604, 1.6829973459243774, 1.5796000957489014, 1.6809430122375488, 1.6257261037826538, 1.57586669921875, 1.6820170879364014, 1.6888493299484253, 1.6259979009628296, 1.6004681587219238, 1.5718050003051758, 1.599212884902954, 1.6113756895065308, 1.6184061765670776, 1.5381642580032349, 1.578514575958252, 1.6729775667190552, 1.6973743438720703, 1.6594555377960205, 1.6629389524459839, 1.6622868776321411, 1.5556409358978271, 1.6530276536941528, 1.6141127347946167, 1.5778876543045044, 1.5501879453659058, 1.5914515256881714]",sae,Pre-64
1,beta,10,0.056,0.4493907433353129,0.4390813823454372,0.4434910381276104,0.5,0.6232207829487961,0.6769866159532096,30,"[0, 1, 2, 3, 4, 5, 6, 7, 8, 9, 10, 11, 12, 13, 14, 15, 16, 17, 18, 19, 20, 21, 22, 23, 24, 25, 26, 27, 28, 29]","[1.4327292442321777, 1.3439016342163086, 1.5112162828445435, 1.4298014640808105, 1.4256513118743896, 1.4345234632492065, 1.5226389169692993, 1.4492998123168945, 1.3365360498428345, 1.486361026763916, 1.4380017518997192, 1.461864948272705, 1.4613088369369507, 1.4365718364715576, 1.4988137483596802, 1.4571254253387451, 1.4663801193237305, 1.3760807514190674, 1.4321035146713257, 1.3916301727294922, 1.4117825031280518, 1.442492127418518, 1.5032645463943481, 1.5051437616348267, 1.4427086114883423, 1.3776808977127075, 1.4389419555664062, 1.4396299123764038, 1.4378650188446045, 1.4928447008132935]",sae,Pre-64
1,beta,11,0.076,0.4566976193509867,0.4496008864727478,0.4368032800146499,0.5,0.5995106990682213,0.7107359413775343,30,"[0, 1, 2, 3, 4, 5, 6, 7, 8, 9, 10, 11, 12, 13, 14, 15, 16, 17, 18, 19, 20, 21, 22, 23, 24, 25, 26, 27, 28, 29]","[1.4608718156814575, 1.2672181129455566, 1.4175993204116821, 1.339618444442749, 1.4949337244033813, 1.3611581325531006, 1.368666410446167, 1.24838387966156, 1.4798470735549927, 1.4814382791519165, 1.4969979524612427, 1.5106323957443237, 1.5126012563705444, 1.4068374633789062, 1.377509593963623, 1.3819025754928589, 1.4340122938156128, 1.3617573976516724, 1.3909766674041748, 1.451931118965149, 1.4207876920700073, 1.436623454093933, 1.4944584369659424, 1.4121054410934448, 1.4019155502319336, 1.4678459167480469, 1.4967906475067139, 1.3533062934875488, 1.3947458267211914, 1.3752964735031128]",sae,Pre-64
1,beta,41,0.085,0.4543678569363413,0.4427951465832617,0.4506670451819835,0.5,0.6190905384235713,0.6749100481412333,30,"[0, 1, 2, 3, 4, 5, 6, 7, 8, 9, 10, 11, 12, 13, 14, 15, 16, 17, 18, 19, 20, 21, 22, 23, 24, 25, 26, 27, 28, 29]","[1.3107668161392212, 1.3701263666152954, 1.2798945903778076, 1.2518587112426758, 1.2499653100967407, 1.4172569513320923, 1.293778657913208, 1.3416247367858887, 1.316001057624817, 1.3848552703857422, 1.3792972564697266, 1.3402732610702515, 1.346584677696228, 1.392721176147461, 1.3972201347351074, 1.3269633054733276, 1.2904818058013916, 1.3459465503692627, 1.3459254503250122, 1.3511368036270142, 1.263237714767456, 1.3178284168243408, 1.3317439556121826, 1.3405543565750122, 1.3360986709594727, 1.3164238929748535, 1.3715240955352783, 1.3797835111618042, 1.3334699869155884, 1.285348892211914]",sae,Pre-64
1,beta,12,0.074,0.4455148672091349,0.4361346773072694,0.4120124413627948,0.5,0.5892778403611032,0.7320348202196596,30,"[0, 1, 2, 3, 4, 5, 6, 7, 8, 9, 10, 11, 12, 13, 14, 15, 16, 17, 18, 19, 20, 21, 22, 23, 24, 25, 26, 27, 28, 29]","[1.3735692501068115, 1.4812259674072266, 1.390360713005066, 1.2901211977005005, 1.4784313440322876, 1.4142485857009888, 1.4079111814498901, 1.4600682258605957, 1.495392918586731, 1.3663544654846191, 1.3681681156158447, 1.5365140438079834, 1.3946629762649536, 1.467101812362671, 1.3523285388946533, 1.5402084589004517, 1.3248040676116943, 1.518617868423462, 1.4401613473892212, 1.5327492952346802, 1.4965566396713257, 1.443045973777771, 1.3946192264556885, 1.538895606994629, 1.516410231590271, 1.385164499282837, 1.516922950744629, 1.4620298147201538, 1.4155287742614746, 1.5474159717559814]",sae,Pre-64
1,beta,39,0.046,0.4461088087810431,0.4292341094433316,0.442269485475652,0.5,0.6205127278095635,0.6706481556802877,30,"[0, 1, 2, 3, 4, 5, 6, 7, 8, 9, 10, 11, 12, 13, 14, 15, 16, 17, 18, 19, 20, 21, 22, 23, 24, 25, 26, 27, 28, 29]","[1.590126872062683, 1.7519317865371704, 1.6672309637069702, 1.718896746635437, 1.6056692600250244, 1.596619725227356, 1.6532390117645264, 1.653725266456604, 1.5877944231033325, 1.7573935985565186, 1.6639950275421143, 1.6098839044570923, 1.672487497329712, 1.5775495767593384, 1.6763978004455566, 1.7424148321151733, 1.7542014122009277, 1.7147455215454102, 1.599844217300415, 1.6296039819717407, 1.5795245170593262, 1.6256715059280396, 1.6792384386062622, 1.6867239475250244, 1.705136775970459, 1.6022295951843262, 1.5722620487213135, 1.6058276891708374, 1.7455018758773804, 1.6046037673950195]",sae,Pre-64
1,beta,46,0.055,0.4545712902572906,0.4417269056853911,0.4551811592784456,0.5,0.6270377926330811,0.6898934039316655,30,"[0, 1, 2, 3, 4, 5, 6, 7, 8, 9, 10, 11, 12, 13, 14, 15, 16, 17, 18, 19, 20, 21, 22, 23, 24, 25, 26, 27, 28, 29]","[1.5608091354370117, 1.6766971349716187, 1.657723307609558, 1.6457663774490356, 1.5622823238372803, 1.6899621486663818, 1.584181785583496, 1.7249197959899902, 1.6395509243011475, 1.7459532022476196, 1.4718085527420044, 1.5688129663467407, 1.7096322774887085, 1.5600812435150146, 1.615364909172058, 1.7124481201171875, 1.6310328245162964, 1.6396472454071045, 1.7351821660995483, 1.7021700143814087, 1.6079715490341187, 1.612881064414978, 1.6321085691452026, 1.6395500898361206, 1.6323115825653076, 1.653660774230957, 1.643460988998413, 1.6764676570892334, 1.6125551462173462, 1.6275203227996826]",sae,Pre-64
1,beta,43,0.052,0.4515364523902173,0.4432102910589974,0.4421144559938674,0.5,0.6060785767234989,0.6994381022979985,30,"[0, 1, 2, 3, 4, 5, 6, 7, 8, 9, 10, 11, 12, 13, 14, 15, 16, 17, 18, 19, 20, 21, 22, 23, 24, 25, 26, 27, 28, 29]","[1.5251857042312622, 1.598388910293579, 1.5742955207824707, 1.471649408340454, 1.506642460823059, 1.4458816051483154, 1.476694107055664, 1.4635564088821411, 1.563470482826233, 1.4532034397125244, 1.4187871217727661, 1.6088435649871826, 1.5376583337783813, 1.4801363945007324, 1.4799038171768188, 1.367644190788269, 1.5655841827392578, 1.463742971420288, 1.5603630542755127, 1.5561656951904297, 1.4589036703109741, 1.4720224142074585, 1.5971992015838623, 1.5297609567642212, 1.4526482820510864, 1.533581256866455, 1.5999209880828857, 1.4633451700210571, 1.5591143369674683, 1.6095014810562134]",sae,Pre-64
1,beta,17,0.066,0.4599327030141671,0.4513468217402507,0.4456094788875209,0.5,0.6120635717004715,0.6967976419490381,30,"[0, 1, 2, 3, 4, 5, 6, 7, 8, 9, 10, 11, 12, 13, 14, 15, 16, 17, 18, 19, 20, 21, 22, 23, 24, 25, 26, 27, 28, 29]","[1.530570387840271, 1.4069387912750244, 1.4412308931350708, 1.4648890495300293, 1.5459647178649902, 1.4284980297088623, 1.4915568828582764, 1.3358218669891357, 1.449389934539795, 1.4596686363220215, 1.5136818885803223, 1.5225322246551514, 1.4572746753692627, 1.5360177755355835, 1.4589639902114868, 1.4604312181472778, 1.5301616191864014, 1.4596203565597534, 1.5129423141479492, 1.480470895767212, 1.4020042419433594, 1.4785072803497314, 1.318956971168518, 1.4470750093460083, 1.4565870761871338, 1.450951099395752, 1.4235122203826904, 1.4579013586044312, 1.4237340688705444, 1.5137994289398193]",sae,Pre-64
1,beta,25,0.046,0.4465066892532915,0.4352791138475453,0.4472396043429694,0.5,0.6270054355300688,0.6598503285834734,30,"[0, 1, 2, 3, 4, 5, 6, 7, 8, 9, 10, 11, 12, 13, 14, 15, 16, 17, 18, 19, 20, 21, 22, 23, 24, 25, 26, 27, 28, 29]","[1.646396279335022, 1.677054762840271, 1.5230270624160767, 1.7343151569366455, 1.711083173751831, 1.6974189281463623, 1.5910935401916504, 1.5655055046081543, 1.6177465915679932, 1.5238286256790161, 1.708206057548523, 1.6497018337249756, 1.679522156715393, 1.5655356645584106, 1.569606900215149, 1.6395564079284668, 1.4984450340270996, 1.4874540567398071, 1.5572104454040527, 1.5701395273208618, 1.7168385982513428, 1.4937671422958374, 1.6760070323944092, 1.5837799310684204, 1.646569013595581, 1.5719765424728394, 1.7452837228775024, 1.6753921508789062, 1.7078907489776611, 1.5633563995361328]",sae,Pre-64
1,beta,29,0.07,0.4558655961502112,0.4409050416793991,0.45530056735539,0.5,0.6296548282533407,0.671949719088074,30,"[0, 1, 2, 3, 4, 5, 6, 7, 8, 9, 10, 11, 12, 13, 14, 15, 16, 17, 18, 19, 20, 21, 22, 23, 24, 25, 26, 27, 28, 29]","[1.393312931060791, 1.3540836572647095, 1.1737661361694336, 1.4578447341918945, 1.385369896888733, 1.3583321571350098, 1.4729011058807373, 1.3541632890701294, 1.4400100708007812, 1.4636821746826172, 1.38664710521698, 1.4317655563354492, 1.4486886262893677, 1.4259997606277466, 1.4051731824874878, 1.4250155687332153, 1.355979323387146, 1.3879446983337402, 1.3540712594985962, 1.396987795829773, 1.4752752780914307, 1.4912265539169312, 1.379870057106018, 1.3925108909606934, 1.4036188125610352, 1.3284058570861816, 1.3878331184387207, 1.4703185558319092, 1.5110201835632324, 1.3624260425567627]",sae,Pre-64
1,beta,2,0.078,0.4419681213812466,0.4306250660512843,0.4272308870061629,0.5,0.6028191218064636,0.6894662563175222,30,"[0, 1, 2, 3, 4, 5, 6, 7, 8, 9, 10, 11, 12, 13, 14, 15, 16, 17, 18, 19, 20, 21, 22, 23, 24, 25, 26, 27, 28, 29]","[1.371793508529663, 1.385038137435913, 1.3606011867523193, 1.429182529449463, 1.3766286373138428, 1.4631682634353638, 1.3828657865524292, 1.395976185798645, 1.3323832750320435, 1.353788137435913, 1.3907673358917236, 1.3336553573608398, 1.4138516187667847, 1.467278242111206, 1.4391905069351196, 1.3847829103469849, 1.4444979429244995, 1.4987496137619019, 1.4909394979476929, 1.4684362411499023, 1.3914036750793457, 1.3683885335922241, 1.4504119157791138, 1.4539265632629395, 1.3659323453903198, 1.3722470998764038, 1.4304200410842896, 1.4054011106491089, 1.214758276939392, 1.4909029006958008]",sae,Pre-64
1,beta,31,0.048,0.4497611378811508,0.4308970333737342,0.433763522341356,0.5,0.642735734520437,0.709964155633925,30,"[0, 1, 2, 3, 4, 5, 6, 7, 8, 9, 10, 11, 12, 13, 14, 15, 16, 17, 18, 19, 20, 21, 22, 23, 24, 25, 26, 27, 28, 29]","[1.5703831911087036, 1.53130042552948, 1.4477170705795288, 1.4717564582824707, 1.5221840143203735, 1.6088472604751587, 1.4850667715072632, 1.5421565771102905, 1.492095708847046, 1.5607694387435913, 1.5125399827957153, 1.5406603813171387, 1.5753031969070435, 1.4108643531799316, 1.575035810470581, 1.5113269090652466, 1.5350672006607056, 1.5346630811691284, 1.548573613166809, 1.5036119222640991, 1.5926132202148438, 1.5344725847244263, 1.5876750946044922, 1.5394421815872192, 1.5288289785385132, 1.5554465055465698, 1.4480582475662231, 1.6011016368865967, 1.4446711540222168, 1.5415103435516357]",sae,Pre-64
1,beta,22,0.042,0.4519005213187685,0.4442985770479847,0.4518169728821677,0.5,0.5939599289403404,0.6795094648172332,30,"[0, 1, 2, 3, 4, 5, 6, 7, 8, 9, 10, 11, 12, 13, 14, 15, 16, 17, 18, 19, 20, 21, 22, 23, 24, 25, 26, 27, 28, 29]","[1.6607446670532227, 1.6790741682052612, 1.685464859008789, 1.7922275066375732, 1.787918210029602, 1.6698473691940308, 1.7023231983184814, 1.7087571620941162, 1.7256145477294922, 1.7692900896072388, 1.708805799484253, 1.7810657024383545, 1.667105793952942, 1.7860864400863647, 1.5976264476776123, 1.7822010517120361, 1.7746211290359497, 1.7108359336853027, 1.6429181098937988, 1.6002402305603027, 1.764686942100525, 1.7496498823165894, 1.7384978532791138, 1.70175039768219, 1.7922407388687134, 1.7900711297988892, 1.6454418897628784, 1.6474668979644775, 1.7959165573120117, 1.6465625762939453]",sae,Pre-64
1,beta,1,0.052,0.4560357198099471,0.4497423189216591,0.4518181601795256,0.5,0.5964054457666336,0.6824930939226519,30,"[0, 1, 2, 3, 4, 5, 6, 7, 8, 9, 10, 11, 12, 13, 14, 15, 16, 17, 18, 19, 20, 21, 22, 23, 24, 25, 26, 27, 28, 29]","[1.6361435651779175, 1.4930516481399536, 1.5801526308059692, 1.4521011114120483, 1.5818649530410767, 1.4504849910736084, 1.4925531148910522, 1.5344135761260986, 1.4254692792892456, 1.5031505823135376, 1.511306643486023, 1.5596206188201904, 1.6194838285446167, 1.4756598472595215, 1.6129547357559204, 1.4732728004455566, 1.4617373943328857, 1.5230158567428589, 1.5910357236862183, 1.6192612648010254, 1.6167519092559814, 1.5392870903015137, 1.5397087335586548, 1.493839979171753, 1.4479223489761353, 1.485987901687622, 1.534777045249939, 1.525462031364441, 1.617851972579956, 1.5493624210357666]",sae,Pre-64
1,beta,0,0.062,0.4600628296558519,0.4487196928272481,0.4324787168006916,0.5,0.6146148452673732,0.7223375600200156,30,"[0, 1, 2, 3, 4, 5, 6, 7, 8, 9, 10, 11, 12, 13, 14, 15, 16, 17, 18, 19, 20, 21, 22, 23, 24, 25, 26, 27, 28, 29]","[1.3923171758651733, 1.4359004497528076, 1.4130791425704956, 1.4665898084640503, 1.3863608837127686, 1.4101492166519165, 1.4575902223587036, 1.4882365465164185, 1.4713623523712158, 1.4161332845687866, 1.4074909687042236, 1.422634482383728, 1.483826756477356, 1.4672150611877441, 1.4840062856674194, 1.4327752590179443, 1.4440562725067139, 1.3673043251037598, 1.3172320127487183, 1.4673391580581665, 1.3881522417068481, 1.3752683401107788, 1.4671088457107544, 1.4102699756622314, 1.3852944374084473, 1.3486087322235107, 1.4727447032928467, 1.357779622077942, 1.465777039527893, 1.3499819040298462]",sae,Pre-64
1,beta,2,0.07,0.4419681213812466,0.4306250660512843,0.4272457798547954,0.5,0.6028191218064636,0.6894720522093939,30,"[0, 1, 2, 3, 4, 5, 6, 7, 8, 9, 10, 11, 12, 13, 14, 15, 16, 17, 18, 19, 20, 21, 22, 23, 24, 25, 26, 27, 28, 29]","[1.3730738162994385, 1.386317491531372, 1.3618767261505127, 1.4304665327072144, 1.3779057264328003, 1.4644373655319214, 1.3841484785079956, 1.39725923538208, 1.3336708545684814, 1.3550734519958496, 1.3920458555221558, 1.3349530696868896, 1.415130376815796, 1.468549132347107, 1.4404648542404175, 1.3860605955123901, 1.445769190788269, 1.500023365020752, 1.4922103881835938, 1.4697116613388062, 1.3926845788955688, 1.3696668148040771, 1.4516891241073608, 1.4552005529403687, 1.367213249206543, 1.3735214471817017, 1.4316962957382202, 1.4066877365112305, 1.2160494327545166, 1.4921767711639404]",sae,Pre-64
1,beta,45,0.048,0.4515599815008028,0.4347157609968581,0.4497237808140186,0.5,0.6289673345145609,0.67770811563915,30,"[0, 1, 2, 3, 4, 5, 6, 7, 8, 9, 10, 11, 12, 13, 14, 15, 16, 17, 18, 19, 20, 21, 22, 23, 24, 25, 26, 27, 28, 29]","[1.6209884881973267, 1.612661361694336, 1.4985195398330688, 1.6873151063919067, 1.689538836479187, 1.54169762134552, 1.6981431245803833, 1.6768008470535278, 1.5489283800125122, 1.5026293992996216, 1.6233034133911133, 1.695902943611145, 1.6567952632904053, 1.5697189569473267, 1.583999514579773, 1.5972893238067627, 1.6122426986694336, 1.5040298700332642, 1.604103684425354, 1.6009632349014282, 1.6568260192871094, 1.5443050861358643, 1.6725438833236694, 1.5473695993423462, 1.503536343574524, 1.6923750638961792, 1.539115309715271, 1.5513916015625, 1.4923605918884277, 1.694478154182434]",sae,Pre-64
1,beta,22,0.05,0.4519005213187685,0.4442985770479847,0.446724643621698,0.5,0.5939599289403404,0.6809388933987458,30,"[0, 1, 2, 3, 4, 5, 6, 7, 8, 9, 10, 11, 12, 13, 14, 15, 16, 17, 18, 19, 20, 21, 22, 23, 24, 25, 26, 27, 28, 29]","[1.4786003828048706, 1.5165367126464844, 1.5371894836425781, 1.571855068206787, 1.5994877815246582, 1.4967681169509888, 1.5102142095565796, 1.4906259775161743, 1.4939963817596436, 1.5454256534576416, 1.488937258720398, 1.5943691730499268, 1.5223076343536377, 1.584978699684143, 1.4351035356521606, 1.5731301307678223, 1.5863415002822876, 1.5293346643447876, 1.4562127590179443, 1.4598134756088257, 1.5584206581115723, 1.5525190830230713, 1.5475736856460571, 1.4985713958740234, 1.5607160329818726, 1.5890718698501587, 1.4819837808609009, 1.466166377067566, 1.610895037651062, 1.4592037200927734]",sae,Pre-64
1,beta,28,0.044,0.4589844236982603,0.4495627040154577,0.4418217888914794,0.5,0.5987249917034086,0.6982751979329636,30,"[0, 1, 2, 3, 4, 5, 6, 7, 8, 9, 10, 11, 12, 13, 14, 15, 16, 17, 18, 19, 20, 21, 22, 23, 24, 25, 26, 27, 28, 29]","[1.4590809345245361, 1.3426679372787476, 1.3318129777908325, 1.5513392686843872, 1.5053986310958862, 1.4893172979354858, 1.449946403503418, 1.382853627204895, 1.4837592840194702, 1.5153192281723022, 1.4453744888305664, 1.4759043455123901, 1.5230292081832886, 1.5331346988677979, 1.4660645723342896, 1.413117527961731, 1.4478384256362915, 1.5044535398483276, 1.479053020477295, 1.4792085886001587, 1.4136927127838135, 1.433966875076294, 1.435703992843628, 1.3838682174682617, 1.4154610633850098, 1.5041245222091675, 1.5429632663726807, 1.4262207746505737, 1.4049302339553833, 1.416885495185852]",sae,Pre-64
1,beta,21,0.06,0.4504746503440228,0.4381370334360364,0.4403837395698723,0.5,0.6200058082774133,0.6872736934465329,30,"[0, 1, 2, 3, 4, 5, 6, 7, 8, 9, 10, 11, 12, 13, 14, 15, 16, 17, 18, 19, 20, 21, 22, 23, 24, 25, 26, 27, 28, 29]","[1.448453426361084, 1.499118685722351, 1.6237709522247314, 1.6184711456298828, 1.5992172956466675, 1.580027461051941, 1.4936106204986572, 1.5023685693740845, 1.60819411277771, 1.520317792892456, 1.5982623100280762, 1.6066815853118896, 1.4857006072998047, 1.5127586126327515, 1.5087542533874512, 1.5024203062057495, 1.5034327507019043, 1.5148316621780396, 1.4456177949905396, 1.6153298616409302, 1.440510630607605, 1.623293161392212, 1.4354145526885986, 1.4534400701522827, 1.5089669227600098, 1.4670127630233765, 1.4344446659088135, 1.4892388582229614, 1.5766466856002808, 1.5615590810775757]",sae,Pre-64
1,beta,7,0.072,0.4564836922581216,0.4420418003909208,0.437866313031421,0.5,0.6095136152062148,0.7014297109173768,30,"[0, 1, 2, 3, 4, 5, 6, 7, 8, 9, 10, 11, 12, 13, 14, 15, 16, 17, 18, 19, 20, 21, 22, 23, 24, 25, 26, 27, 28, 29]","[1.403084397315979, 1.4514962434768677, 1.4671781063079834, 1.4354640245437622, 1.4844317436218262, 1.438507080078125, 1.405357003211975, 1.4425504207611084, 1.5406783819198608, 1.445838212966919, 1.36868417263031, 1.4108823537826538, 1.374342679977417, 1.3940690755844116, 1.5523239374160767, 1.465809941291809, 1.392578363418579, 1.3827447891235352, 1.4861458539962769, 1.4810947179794312, 1.4505873918533325, 1.4702094793319702, 1.4743120670318604, 1.4113171100616455, 1.5092664957046509, 1.497937798500061, 1.4177442789077759, 1.3317736387252808, 1.5201187133789062, 1.4100311994552612]",sae,Pre-64
1,beta,14,0.082,0.4467366851483266,0.4421697276018216,0.4320319460264811,0.5,0.5934222168898753,0.6975989441953239,30,"[0, 1, 2, 3, 4, 5, 6, 7, 8, 9, 10, 11, 12, 13, 14, 15, 16, 17, 18, 19, 20, 21, 22, 23, 24, 25, 26, 27, 28, 29]","[1.4080575704574585, 1.2929067611694336, 1.3709253072738647, 1.3950629234313965, 1.4204180240631104, 1.3821790218353271, 1.3673620223999023, 1.4652565717697144, 1.3846784830093384, 1.4442499876022339, 1.3429754972457886, 1.3009899854660034, 1.32146418094635, 1.4438502788543701, 1.4373364448547363, 1.3890165090560913, 1.4648234844207764, 1.4597233533859253, 1.3798013925552368, 1.377242088317871, 1.4031901359558105, 1.394566297531128, 1.4531840085983276, 1.3406314849853516, 1.4533064365386963, 1.453296184539795, 1.3917205333709717, 1.4607224464416504, 1.4465519189834595, 1.3431414365768433]",sae,Pre-64
1,beta,28,0.062,0.4589844236982603,0.4495627040154577,0.4417758170994113,0.5,0.5987249917034086,0.6982648271938559,30,"[0, 1, 2, 3, 4, 5, 6, 7, 8, 9, 10, 11, 12, 13, 14, 15, 16, 17, 18, 19, 20, 21, 22, 23, 24, 25, 26, 27, 28, 29]","[1.454143762588501, 1.337649941444397, 1.3269002437591553, 1.5463905334472656, 1.500450849533081, 1.484313726425171, 1.445009708404541, 1.3779269456863403, 1.4787341356277466, 1.5103375911712646, 1.440335750579834, 1.4708749055862427, 1.5180668830871582, 1.5281614065170288, 1.461118459701538, 1.4081674814224243, 1.4429042339324951, 1.4994529485702515, 1.4740759134292603, 1.474219799041748, 1.408748984336853, 1.4289628267288208, 1.430767297744751, 1.3789501190185547, 1.4105224609375, 1.499153733253479, 1.537972331047058, 1.421185851097107, 1.3999098539352417, 1.4119775295257568]",sae,Pre-64
1,beta,26,0.054,0.4502231978181314,0.4442488029476733,0.4655237273357259,0.5,0.5832450787939482,0.6463792005837354,30,"[0, 1, 2, 3, 4, 5, 6, 7, 8, 9, 10, 11, 12, 13, 14, 15, 16, 17, 18, 19, 20, 21, 22, 23, 24, 25, 26, 27, 28, 29]","[1.5711556673049927, 1.5746738910675049, 1.750421404838562, 1.5234023332595825, 1.60111403465271, 1.6453776359558105, 1.647422432899475, 1.5455667972564697, 1.6614586114883423, 1.6027352809906006, 1.519710898399353, 1.7583287954330444, 1.6889768838882446, 1.6403093338012695, 1.7213711738586426, 1.6034855842590332, 1.6497509479522705, 1.5064233541488647, 1.6646629571914673, 1.6012359857559204, 1.56561279296875, 1.7289445400238037, 1.616206407546997, 1.6508432626724243, 1.738519549369812, 1.7159125804901123, 1.5882303714752197, 1.6487690210342407, 1.4759831428527832, 1.5528513193130493]",sae,Pre-64
1,beta,28,0.052,0.4589844236982603,0.4495627040154577,0.441801366943405,0.5,0.5987249917034086,0.6982692717963306,30,"[0, 1, 2, 3, 4, 5, 6, 7, 8, 9, 10, 11, 12, 13, 14, 15, 16, 17, 18, 19, 20, 21, 22, 23, 24, 25, 26, 27, 28, 29]","[1.4568865299224854, 1.3404364585876465, 1.3296291828155518, 1.549139380455017, 1.503198504447937, 1.4870936870574951, 1.4477519989013672, 1.3806642293930054, 1.4815257787704468, 1.5131052732467651, 1.4431350231170654, 1.4736683368682861, 1.5208238363265991, 1.5309245586395264, 1.4638667106628418, 1.4109171628952026, 1.4456454515457153, 1.5022308826446533, 1.4768409729003906, 1.4769914150238037, 1.411495327949524, 1.4317432641983032, 1.4335097074508667, 1.3816821575164795, 1.4132657051086426, 1.501915693283081, 1.5407447814941406, 1.4239829778671265, 1.4026991128921509, 1.4147039651870728]",sae,Pre-64
1,beta,34,0.045,0.4568527557813058,0.4470225010708758,0.45341820931495,0.5,0.6011606799053854,0.6789644500160683,30,"[0, 1, 2, 3, 4, 5, 6, 7, 8, 9, 10, 11, 12, 13, 14, 15, 16, 17, 18, 19, 20, 21, 22, 23, 24, 25, 26, 27, 28, 29]","[1.6116427183151245, 1.7162789106369019, 1.7180927991867065, 1.6545943021774292, 1.5992060899734497, 1.63149893283844, 1.6626203060150146, 1.6119041442871094, 1.5795093774795532, 1.6150336265563965, 1.6921550035476685, 1.4820270538330078, 1.7133476734161377, 1.6044045686721802, 1.5769535303115845, 1.6183446645736694, 1.7266950607299805, 1.7172034978866577, 1.6334770917892456, 1.599684238433838, 1.654427170753479, 1.7256544828414917, 1.6779606342315674, 1.731471061706543, 1.5921919345855713, 1.5614241361618042, 1.7434272766113281, 1.744678020477295, 1.7133089303970337, 1.7274158000946045]",sae,Pre-64
1,beta,34,0.0535,0.4568527557813058,0.4470225010708758,0.4484946344112068,0.5,0.6011606799053854,0.6782464439882918,30,"[0, 1, 2, 3, 4, 5, 6, 7, 8, 9, 10, 11, 12, 13, 14, 15, 16, 17, 18, 19, 20, 21, 22, 23, 24, 25, 26, 27, 28, 29]","[1.390231966972351, 1.4751664400100708, 1.4805928468704224, 1.4258328676223755, 1.3754515647888184, 1.3908222913742065, 1.4319628477096558, 1.3495705127716064, 1.3535881042480469, 1.394673228263855, 1.4498083591461182, 1.2537131309509277, 1.4607328176498413, 1.3515357971191406, 1.3601773977279663, 1.384253978729248, 1.476991057395935, 1.4927102327346802, 1.4015822410583496, 1.390703797340393, 1.4086699485778809, 1.494943618774414, 1.4286988973617554, 1.4527771472930908, 1.3800623416900635, 1.3269286155700684, 1.5064468383789062, 1.491369366645813, 1.4788196086883545, 1.4631233215332031]",sae,Pre-64
1,beta,23,0.068,0.4478205607315014,0.4344954522622479,0.4346162578854444,0.5,0.6150139710231751,0.6749857415383405,30,"[0, 1, 2, 3, 4, 5, 6, 7, 8, 9, 10, 11, 12, 13, 14, 15, 16, 17, 18, 19, 20, 21, 22, 23, 24, 25, 26, 27, 28, 29]","[1.3957315683364868, 1.4550646543502808, 1.4341000318527222, 1.5463573932647705, 1.3255294561386108, 1.39164137840271, 1.527669906616211, 1.4189528226852417, 1.3942279815673828, 1.528790831565857, 1.533877968788147, 1.488610863685608, 1.4778273105621338, 1.3728164434432983, 1.4663347005844116, 1.5256839990615845, 1.2182700634002686, 1.431469202041626, 1.3766335248947144, 1.4086034297943115, 1.5235844850540161, 1.54584538936615, 1.396645426750183, 1.5387861728668213, 1.5316089391708374, 1.4391734600067139, 1.3949291706085205, 1.4363256692886353, 1.438706636428833, 1.5472333431243896]",sae,Pre-64
1,beta,9,0.05,0.448644851968101,0.4348910401892977,0.4531978022527981,0.5,0.6286670530281078,0.6728122283396117,30,"[0, 1, 2, 3, 4, 5, 6, 7, 8, 9, 10, 11, 12, 13, 14, 15, 16, 17, 18, 19, 20, 21, 22, 23, 24, 25, 26, 27, 28, 29]","[1.7184451818466187, 1.591801404953003, 1.715409278869629, 1.6864110231399536, 1.5977797508239746, 1.432478904724121, 1.7038692235946655, 1.618647575378418, 1.7191232442855835, 1.5398900508880615, 1.655911922454834, 1.61979079246521, 1.5915806293487549, 1.6408315896987915, 1.7527507543563843, 1.6139543056488037, 1.6058069467544556, 1.6822173595428467, 1.7232141494750977, 1.5757259130477905, 1.717585802078247, 1.7225030660629272, 1.5968695878982544, 1.7060171365737915, 1.7039309740066528, 1.7029399871826172, 1.562276005744934, 1.5375653505325317, 1.5911082029342651, 1.734014868736267]",sae,Pre-64
1,beta,40,0.054,0.44666181227492,0.4340193094910912,0.436916029699311,0.5,0.6093636266731638,0.6688589745542036,30,"[0, 1, 2, 3, 4, 5, 6, 7, 8, 9, 10, 11, 12, 13, 14, 15, 16, 17, 18, 19, 20, 21, 22, 23, 24, 25, 26, 27, 28, 29]","[1.5943907499313354, 1.5648537874221802, 1.5210429430007935, 1.4645256996154785, 1.5048679113388062, 1.5268906354904175, 1.525604009628296, 1.5670897960662842, 1.5439178943634033, 1.5855623483657837, 1.4895832538604736, 1.5034772157669067, 1.5729845762252808, 1.4949795007705688, 1.4913811683654785, 1.599593162536621, 1.5261212587356567, 1.5148670673370361, 1.4819719791412354, 1.5143028497695923, 1.4680441617965698, 1.4806766510009766, 1.5866141319274902, 1.5112025737762451, 1.5818424224853516, 1.4949777126312256, 1.5626916885375977, 1.4974732398986816, 1.609732985496521, 1.4691946506500244]",sae,Pre-64
1,beta,19,0.075,0.4469965829377276,0.435497383761294,0.4159443753976143,0.5,0.6104665954706788,0.7130194427866948,30,"[0, 1, 2, 3, 4, 5, 6, 7, 8, 9, 10, 11, 12, 13, 14, 15, 16, 17, 18, 19, 20, 21, 22, 23, 24, 25, 26, 27, 28, 29]","[1.449876308441162, 1.46142578125, 1.5451185703277588, 1.480058193206787, 1.4200977087020874, 1.4266152381896973, 1.462533712387085, 1.5421308279037476, 1.4237064123153687, 1.5585078001022339, 1.5688823461532593, 1.5829362869262695, 1.4598194360733032, 1.460478663444519, 1.3988665342330933, 1.4193400144577026, 1.544397234916687, 1.5718053579330444, 1.413786768913269, 1.4318523406982422, 1.5960901975631714, 1.4450912475585938, 1.4614821672439575, 1.4396785497665405, 1.42971670627594, 1.5594210624694824, 1.5601046085357666, 1.4684475660324097, 1.446028709411621, 1.4162585735321045]",sae,Pre-64
1,beta,8,0.08,0.4517491928182039,0.4406431065890545,0.4394700449759199,0.5,0.6098144493254953,0.6783514781095479,30,"[0, 1, 2, 3, 4, 5, 6, 7, 8, 9, 10, 11, 12, 13, 14, 15, 16, 17, 18, 19, 20, 21, 22, 23, 24, 25, 26, 27, 28, 29]","[1.389384388923645, 1.5012013912200928, 1.4179785251617432, 1.4490841627120972, 1.510087251663208, 1.445496916770935, 1.493964433670044, 1.406139612197876, 1.4524760246276855, 1.501694917678833, 1.5098865032196045, 1.4337326288223267, 1.4172660112380981, 1.4502990245819092, 1.4791760444641113, 1.3947100639343262, 1.4163979291915894, 1.452355146408081, 1.3629339933395386, 1.432478904724121, 1.4053955078125, 1.381146788597107, 1.4846221208572388, 1.4170681238174438, 1.484171986579895, 1.488250970840454, 1.3858901262283325, 1.4838876724243164, 1.454770803451538, 1.4549120664596558]",sae,Pre-64
1,beta,36,0.08,0.4642138821845151,0.4576483090311837,0.4619794158189425,0.5,0.6031055233182893,0.6742569455335412,30,"[0, 1, 2, 3, 4, 5, 6, 7, 8, 9, 10, 11, 12, 13, 14, 15, 16, 17, 18, 19, 20, 21, 22, 23, 24, 25, 26, 27, 28, 29]","[1.5173691511154175, 1.5087716579437256, 1.4287265539169312, 1.5098849534988403, 1.3872848749160767, 1.5383374691009521, 1.435694932937622, 1.4801750183105469, 1.5505881309509277, 1.403342843055725, 1.437644124031067, 1.5394535064697266, 1.4289129972457886, 1.4646531343460083, 1.4751408100128174, 1.5527092218399048, 1.504947543144226, 1.4887069463729858, 1.547542691230774, 1.4214346408843994, 1.463395595550537, 1.4534803628921509, 1.458938717842102, 1.4354628324508667, 1.5325324535369873, 1.5133042335510254, 1.4446747303009033, 1.4951008558273315, 1.5301969051361084, 1.4237974882125854]",sae,Pre-64
1,beta,18,0.055,0.4575117633693479,0.4471831599677374,0.4243043605907628,0.5,0.6052065040104606,0.7328912697528727,30,"[0, 1, 2, 3, 4, 5, 6, 7, 8, 9, 10, 11, 12, 13, 14, 15, 16, 17, 18, 19, 20, 21, 22, 23, 24, 25, 26, 27, 28, 29]","[1.3770592212677002, 1.5476287603378296, 1.567338466644287, 1.4640305042266846, 1.4818350076675415, 1.4965946674346924, 1.6761471033096313, 1.4527266025543213, 1.5616142749786377, 1.4376602172851562, 1.6470178365707397, 1.5347487926483154, 1.5643610954284668, 1.5678424835205078, 1.4959043264389038, 1.4542449712753296, 1.5517618656158447, 1.486143946647644, 1.468814492225647, 1.4110349416732788, 1.6632351875305176, 1.4754436016082764, 1.5977439880371094, 1.5566214323043823, 1.5335780382156372, 1.5007679462432861, 1.5449285507202148, 1.5961118936538696, 1.5507341623306274, 1.4911667108535767]",sae,Pre-64
1,beta,31,0.078,0.4497611378811508,0.4308970333737342,0.4335903476890902,0.5,0.642735734520437,0.7099728276579753,30,"[0, 1, 2, 3, 4, 5, 6, 7, 8, 9, 10, 11, 12, 13, 14, 15, 16, 17, 18, 19, 20, 21, 22, 23, 24, 25, 26, 27, 28, 29]","[1.5591824054718018, 1.5200765132904053, 1.4363168478012085, 1.4605237245559692, 1.5108057260513306, 1.597751259803772, 1.4739558696746826, 1.5308619737625122, 1.480682134628296, 1.549599051475525, 1.501204490661621, 1.5295268297195435, 1.5640732049942017, 1.3997070789337158, 1.5637059211730957, 1.5000340938568115, 1.5239111185073853, 1.5234346389770508, 1.5373766422271729, 1.492357850074768, 1.5814212560653687, 1.5232360363006592, 1.5764951705932617, 1.5281795263290405, 1.517501950263977, 1.5441921949386597, 1.4368647336959839, 1.5898503065109253, 1.4332541227340698, 1.5301384925842285]",sae,Pre-64
1,beta,34,0.064,0.4568527557813058,0.4470225010708758,0.4484741508313384,0.5,0.6011606799053854,0.6782507867666856,30,"[0, 1, 2, 3, 4, 5, 6, 7, 8, 9, 10, 11, 12, 13, 14, 15, 16, 17, 18, 19, 20, 21, 22, 23, 24, 25, 26, 27, 28, 29]","[1.3886834383010864, 1.4736061096191406, 1.4790403842926025, 1.424269199371338, 1.3738754987716675, 1.3892672061920166, 1.4304074048995972, 1.3480215072631836, 1.352013111114502, 1.3931188583374023, 1.4482486248016357, 1.2521650791168213, 1.459182620048523, 1.3499923944473267, 1.3586348295211792, 1.3826888799667358, 1.4754379987716675, 1.4911547899246216, 1.4000117778778076, 1.3891544342041016, 1.4071025848388672, 1.4933937788009644, 1.4271382093429565, 1.4512302875518799, 1.3785064220428467, 1.3253711462020874, 1.50489342212677, 1.4898133277893066, 1.4772615432739258, 1.4615727663040161]",sae,Pre-64
1,beta,12,0.065,0.4455148672091349,0.4361346773072694,0.4120309764179801,0.5,0.5892778403611032,0.7320161231265903,30,"[0, 1, 2, 3, 4, 5, 6, 7, 8, 9, 10, 11, 12, 13, 14, 15, 16, 17, 18, 19, 20, 21, 22, 23, 24, 25, 26, 27, 28, 29]","[1.3748489618301392, 1.4825066328048706, 1.3916422128677368, 1.2914011478424072, 1.4797083139419556, 1.4155267477035522, 1.4091986417770386, 1.4613585472106934, 1.4966832399368286, 1.367639422416687, 1.3694473505020142, 1.5377947092056274, 1.3959500789642334, 1.468384861946106, 1.3536127805709839, 1.5414886474609375, 1.3260900974273682, 1.519890546798706, 1.441446304321289, 1.534024715423584, 1.4978476762771606, 1.444329023361206, 1.3959085941314697, 1.5401787757873535, 1.5176899433135986, 1.386446475982666, 1.5182056427001953, 1.4633219242095947, 1.416819453239441, 1.5487004518508911]",sae,Pre-64
1,beta,13,0.085,0.4619123366083722,0.4531466051409948,0.4416316140708298,0.5,0.6127276801885291,0.7101944628065393,30,"[0, 1, 2, 3, 4, 5, 6, 7, 8, 9, 10, 11, 12, 13, 14, 15, 16, 17, 18, 19, 20, 21, 22, 23, 24, 25, 26, 27, 28, 29]","[1.5964967012405396, 1.4263501167297363, 1.5810989141464233, 1.5025651454925537, 1.483609914779663, 1.589971899986267, 1.5231397151947021, 1.5120384693145752, 1.545918583869934, 1.5148450136184692, 1.5899746417999268, 1.4946484565734863, 1.557424545288086, 1.548748254776001, 1.5712554454803467, 1.4590178728103638, 1.480791687965393, 1.549194574356079, 1.5327686071395874, 1.5285675525665283, 1.5040735006332397, 1.4442129135131836, 1.4988068342208862, 1.4683117866516113, 1.4998522996902466, 1.441657543182373, 1.512136697769165, 1.4512805938720703, 1.5422961711883545, 1.5060502290725708]",sae,Pre-64
1,beta,12,0.046,0.4455148672091349,0.4361346773072694,0.4190998103737772,0.5,0.5892778403611032,0.7302897581998439,30,"[0, 1, 2, 3, 4, 5, 6, 7, 8, 9, 10, 11, 12, 13, 14, 15, 16, 17, 18, 19, 20, 21, 22, 23, 24, 25, 26, 27, 28, 29]","[1.5960383415222168, 1.7711286544799805, 1.6294025182724, 1.5856904983520508, 1.7982276678085327, 1.7494046688079834, 1.7273693084716797, 1.7211966514587402, 1.7785383462905884, 1.622148036956787, 1.6047608852386475, 1.828904390335083, 1.6502107381820679, 1.7293092012405396, 1.5884283781051636, 1.8307751417160034, 1.5614336729049683, 1.8201661109924316, 1.7098326683044434, 1.8251372575759888, 1.7671210765838623, 1.7229660749435425, 1.6257094144821167, 1.8265982866287231, 1.8138140439987183, 1.6938821077346802, 1.8151689767837524, 1.726767659187317, 1.6734555959701538, 1.8277055025100708]",sae,Pre-64
1,beta,49,0.0535,0.462130925118617,0.4524487678230295,0.4515648653701024,0.5,0.6141152509743157,0.6850333967225432,30,"[0, 1, 2, 3, 4, 5, 6, 7, 8, 9, 10, 11, 12, 13, 14, 15, 16, 17, 18, 19, 20, 21, 22, 23, 24, 25, 26, 27, 28, 29]","[1.5125863552093506, 1.5762227773666382, 1.5673284530639648, 1.5474340915679932, 1.4789228439331055, 1.5220078229904175, 1.62765634059906, 1.525983214378357, 1.6631574630737305, 1.5806809663772583, 1.5377148389816284, 1.504103660583496, 1.59000563621521, 1.5799264907836914, 1.6405847072601318, 1.5912221670150757, 1.6569221019744873, 1.6510440111160278, 1.4986506700515747, 1.6001607179641724, 1.6399571895599365, 1.5345159769058228, 1.6564518213272095, 1.5683066844940186, 1.501867651939392, 1.5747582912445068, 1.572936773300171, 1.5108983516693115, 1.48391854763031, 1.5186207294464111]",sae,Pre-64
1,beta,35,0.072,0.4566193215888805,0.4379483378046387,0.434333428101933,0.5,0.637290178651746,0.7144360685821205,30,"[0, 1, 2, 3, 4, 5, 6, 7, 8, 9, 10, 11, 12, 13, 14, 15, 16, 17, 18, 19, 20, 21, 22, 23, 24, 25, 26, 27, 28, 29]","[1.452488899230957, 1.5189770460128784, 1.5830333232879639, 1.5125236511230469, 1.525835394859314, 1.490127444267273, 1.4386943578720093, 1.599422812461853, 1.6150476932525635, 1.5071847438812256, 1.5776495933532715, 1.4288536310195923, 1.5013320446014404, 1.4088549613952637, 1.4983192682266235, 1.4558260440826416, 1.5859578847885132, 1.4307929277420044, 1.5357518196105957, 1.4365425109863281, 1.4573432207107544, 1.4486976861953735, 1.4661277532577515, 1.4357630014419556, 1.4828420877456665, 1.5287539958953857, 1.4594316482543945, 1.5396771430969238, 1.5941556692123413, 1.5325514078140259]",sae,Pre-64
1,beta,30,0.058,0.4638407167611665,0.4544841508273655,0.439870915497193,0.5,0.6043368975359404,0.6949653847317137,30,"[0, 1, 2, 3, 4, 5, 6, 7, 8, 9, 10, 11, 12, 13, 14, 15, 16, 17, 18, 19, 20, 21, 22, 23, 24, 25, 26, 27, 28, 29]","[1.5349745750427246, 1.5037375688552856, 1.515068769454956, 1.4556357860565186, 1.4684804677963257, 1.446890950202942, 1.4577088356018066, 1.4339832067489624, 1.4266817569732666, 1.445098638534546, 1.5095469951629639, 1.4397066831588745, 1.415304183959961, 1.4374903440475464, 1.504446029663086, 1.5084742307662964, 1.4266986846923828, 1.44830322265625, 1.5301934480667114, 1.4547284841537476, 1.4314934015274048, 1.3967173099517822, 1.4956177473068237, 1.4506101608276367, 1.5663660764694214, 1.4432748556137085, 1.4686470031738281, 1.4385913610458374, 1.505747675895691, 1.4611185789108276]",sae,Pre-64
1,beta,47,0.075,0.4460371044958436,0.4257646434940195,0.4058134410958281,0.5,0.6434257056516428,0.7328779013695106,30,"[0, 1, 2, 3, 4, 5, 6, 7, 8, 9, 10, 11, 12, 13, 14, 15, 16, 17, 18, 19, 20, 21, 22, 23, 24, 25, 26, 27, 28, 29]","[1.5539588928222656, 1.3964158296585083, 1.39576256275177, 1.408812403678894, 1.5013562440872192, 1.5330579280853271, 1.4857245683670044, 1.5130715370178223, 1.4975069761276245, 1.4221245050430298, 1.4324707984924316, 1.371572732925415, 1.4127755165100098, 1.5541127920150757, 1.378690242767334, 1.5216306447982788, 1.426586627960205, 1.4975028038024902, 1.3402667045593262, 1.3779971599578857, 1.4251415729522705, 1.476234793663025, 1.5157277584075928, 1.3925845623016357, 1.486920714378357, 1.3746782541275024, 1.327248454093933, 1.4886696338653564, 1.374815821647644, 1.458566427230835]",sae,Pre-64
1,beta,46,0.066,0.4545712902572906,0.4417269056853911,0.4550657802757481,0.5,0.6270377926330811,0.6898862756670986,30,"[0, 1, 2, 3, 4, 5, 6, 7, 8, 9, 10, 11, 12, 13, 14, 15, 16, 17, 18, 19, 20, 21, 22, 23, 24, 25, 26, 27, 28, 29]","[1.5539822578430176, 1.6699786186218262, 1.650883674621582, 1.6389155387878418, 1.5554620027542114, 1.683209776878357, 1.577413558959961, 1.7181799411773682, 1.6327564716339111, 1.7391928434371948, 1.4650909900665283, 1.5620466470718384, 1.7028257846832275, 1.5532737970352173, 1.6085247993469238, 1.7056702375411987, 1.6241734027862549, 1.632786512374878, 1.7284573316574097, 1.6953718662261963, 1.6011946201324463, 1.6060206890106201, 1.625219702720642, 1.6327011585235596, 1.6254751682281494, 1.646801471710205, 1.6366814374923706, 1.6696574687957764, 1.60568368434906, 1.6206932067871094]",sae,Pre-64
1,beta,23,0.08,0.4478205607315014,0.4344954522622479,0.4345963716730298,0.5,0.6150139710231751,0.6749509463533889,30,"[0, 1, 2, 3, 4, 5, 6, 7, 8, 9, 10, 11, 12, 13, 14, 15, 16, 17, 18, 19, 20, 21, 22, 23, 24, 25, 26, 27, 28, 29]","[1.3933517932891846, 1.4527039527893066, 1.431762456893921, 1.5440070629119873, 1.3231737613677979, 1.3892747163772583, 1.5253137350082397, 1.4165711402893066, 1.39186692237854, 1.5264118909835815, 1.5315115451812744, 1.48623788356781, 1.4754608869552612, 1.3704606294631958, 1.4639675617218018, 1.5233147144317627, 1.2158676385879517, 1.4291026592254639, 1.3742408752441406, 1.4062252044677734, 1.5212126970291138, 1.5434890985488892, 1.3942641019821167, 1.5364304780960083, 1.5292561054229736, 1.436784267425537, 1.3925584554672241, 1.4339784383773804, 1.4363454580307007, 1.5448691844940186]",sae,Pre-64
1,beta,45,0.058,0.4515599815008028,0.4347157609968581,0.4473440776134894,0.5,0.6289673345145609,0.6765268880711159,30,"[0, 1, 2, 3, 4, 5, 6, 7, 8, 9, 10, 11, 12, 13, 14, 15, 16, 17, 18, 19, 20, 21, 22, 23, 24, 25, 26, 27, 28, 29]","[1.5552787780761719, 1.5470900535583496, 1.4403730630874634, 1.6202081441879272, 1.6162110567092896, 1.4722048044204712, 1.6278014183044434, 1.6037147045135498, 1.4830116033554077, 1.4430789947509766, 1.5525922775268555, 1.631687879562378, 1.586120367050171, 1.5005948543548584, 1.5105462074279785, 1.5288878679275513, 1.542354941368103, 1.4165230989456177, 1.5420551300048828, 1.5344868898391724, 1.5852718353271484, 1.4832979440689087, 1.5952752828598022, 1.4627714157104492, 1.4421682357788086, 1.621374249458313, 1.4747649431228638, 1.490218162536621, 1.4173073768615723, 1.6221747398376465]",sae,Pre-64
1,beta,7,0.045,0.4564836922581216,0.4420418003909208,0.4407959998528684,0.5,0.6095136152062148,0.7015476616994644,30,"[0, 1, 2, 3, 4, 5, 6, 7, 8, 9, 10, 11, 12, 13, 14, 15, 16, 17, 18, 19, 20, 21, 22, 23, 24, 25, 26, 27, 28, 29]","[1.4973167181015015, 1.5639320611953735, 1.5886348485946655, 1.5605413913726807, 1.5942217111587524, 1.545399785041809, 1.5417368412017822, 1.5471925735473633, 1.6576266288757324, 1.557210087776184, 1.4729282855987549, 1.5274736881256104, 1.476386547088623, 1.508001446723938, 1.665123462677002, 1.5785847902297974, 1.5052528381347656, 1.5125324726104736, 1.6012277603149414, 1.5888909101486206, 1.5665603876113892, 1.615810751914978, 1.6130986213684082, 1.5262330770492554, 1.647244930267334, 1.641864538192749, 1.5166975259780884, 1.4757052659988403, 1.633582353591919, 1.5088762044906616]",sae,Pre-64
1,beta,33,0.055,0.4492211383258522,0.4377959816952598,0.4332423633523147,0.5,0.6165210074526608,0.6934651337095019,30,"[0, 1, 2, 3, 4, 5, 6, 7, 8, 9, 10, 11, 12, 13, 14, 15, 16, 17, 18, 19, 20, 21, 22, 23, 24, 25, 26, 27, 28, 29]","[1.5451695919036865, 1.6074120998382568, 1.5526658296585083, 1.5204803943634033, 1.4649710655212402, 1.6277008056640625, 1.4662837982177734, 1.5981130599975586, 1.5895594358444214, 1.5978795289993286, 1.535682201385498, 1.6147953271865845, 1.5713284015655518, 1.4638315439224243, 1.5196486711502075, 1.5813162326812744, 1.5015240907669067, 1.4990068674087524, 1.612980842590332, 1.6176575422286987, 1.522173285484314, 1.4485235214233398, 1.6250280141830444, 1.5589773654937744, 1.6202147006988525, 1.526597499847412, 1.4979990720748901, 1.4665888547897339, 1.440575361251831, 1.5034165382385254]",sae,Pre-64
1,beta,4,0.066,0.4589558369307028,0.4477177462853796,0.4652187854067031,0.5,0.61034827708266,0.6563737938039613,30,"[0, 1, 2, 3, 4, 5, 6, 7, 8, 9, 10, 11, 12, 13, 14, 15, 16, 17, 18, 19, 20, 21, 22, 23, 24, 25, 26, 27, 28, 29]","[1.6105440855026245, 1.6106547117233276, 1.4790276288986206, 1.6476072072982788, 1.4630225896835327, 1.516175389289856, 1.6076703071594238, 1.4989432096481323, 1.5471701622009277, 1.629765510559082, 1.5876131057739258, 1.5310214757919312, 1.6423797607421875, 1.4967553615570068, 1.4826899766921997, 1.5526034832000732, 1.5826810598373413, 1.5602718591690063, 1.5175001621246338, 1.605700969696045, 1.5559775829315186, 1.6186400651931763, 1.5472151041030884, 1.4904853105545044, 1.5595057010650635, 1.531825065612793, 1.4906607866287231, 1.5260745286941528, 1.606003999710083, 1.4839681386947632]",sae,Pre-64
1,beta,42,0.062,0.4546678683050885,0.4407690563496341,0.4565225198827409,0.5,0.6336081445133979,0.6613072473180353,30,"[0, 1, 2, 3, 4, 5, 6, 7, 8, 9, 10, 11, 12, 13, 14, 15, 16, 17, 18, 19, 20, 21, 22, 23, 24, 25, 26, 27, 28, 29]","[1.6450673341751099, 1.5099241733551025, 1.6548045873641968, 1.6500011682510376, 1.592118263244629, 1.6343177556991577, 1.5842629671096802, 1.5417299270629883, 1.504113793373108, 1.6525424718856812, 1.6203594207763672, 1.6623525619506836, 1.5365992784500122, 1.3000022172927856, 1.6644411087036133, 1.5467815399169922, 1.4911103248596191, 1.4673213958740234, 1.6171718835830688, 1.6472139358520508, 1.5559422969818115, 1.529544472694397, 1.5576305389404297, 1.484819769859314, 1.5365298986434937, 1.4981704950332642, 1.6712696552276611, 1.487009048461914, 1.5733234882354736, 1.4908355474472046]",sae,Pre-64
1,beta,35,0.084,0.4566193215888805,0.4379483378046387,0.4310888500702517,0.5,0.637290178651746,0.713484038884791,30,"[0, 1, 2, 3, 4, 5, 6, 7, 8, 9, 10, 11, 12, 13, 14, 15, 16, 17, 18, 19, 20, 21, 22, 23, 24, 25, 26, 27, 28, 29]","[1.310407042503357, 1.3619197607040405, 1.4250246286392212, 1.3684748411178589, 1.3623615503311157, 1.3415886163711548, 1.2831108570098877, 1.4463493824005127, 1.457058310508728, 1.3698604106903076, 1.4178845882415771, 1.2983397245407104, 1.3598601818084717, 1.25419020652771, 1.351341724395752, 1.3067467212677002, 1.4310911893844604, 1.2894980907440186, 1.391046166419983, 1.2953156232833862, 1.311065912246704, 1.3028812408447266, 1.329498529434204, 1.2867380380630493, 1.3301657438278198, 1.3622461557388306, 1.3296434879302979, 1.3948050737380981, 1.4243782758712769, 1.3826360702514648]",sae,Pre-64
1,beta,24,0.076,0.4501416387440968,0.4383559369047743,0.4491948826295827,0.5,0.6188330126613704,0.642392316285998,30,"[0, 1, 2, 3, 4, 5, 6, 7, 8, 9, 10, 11, 12, 13, 14, 15, 16, 17, 18, 19, 20, 21, 22, 23, 24, 25, 26, 27, 28, 29]","[1.4945183992385864, 1.4017283916473389, 1.4260849952697754, 1.5040227174758911, 1.509359359741211, 1.4201279878616333, 1.4280611276626587, 1.4273860454559326, 1.470003604888916, 1.3557876348495483, 1.4597241878509521, 1.4081767797470093, 1.5032023191452026, 1.4882575273513794, 1.4262888431549072, 1.3968286514282227, 1.50994873046875, 1.3022921085357666, 1.4021042585372925, 1.5117548704147339, 1.486393928527832, 1.505079746246338, 1.4054733514785767, 1.4660261869430542, 1.3846395015716553, 1.3485947847366333, 1.459882378578186, 1.3826675415039062, 1.5138179063796997, 1.4190007448196411]",sae,Pre-64
1,beta,40,0.065,0.44666181227492,0.4340193094910912,0.4368485982773079,0.5,0.6093636266731638,0.6688513606115518,30,"[0, 1, 2, 3, 4, 5, 6, 7, 8, 9, 10, 11, 12, 13, 14, 15, 16, 17, 18, 19, 20, 21, 22, 23, 24, 25, 26, 27, 28, 29]","[1.5898596048355103, 1.5603742599487305, 1.5164847373962402, 1.4599711894989014, 1.500344157218933, 1.5223196744918823, 1.5210281610488892, 1.562590479850769, 1.5393483638763428, 1.5810251235961914, 1.4850506782531738, 1.4989548921585083, 1.5684349536895752, 1.4904661178588867, 1.4868916273117065, 1.59505295753479, 1.5216246843338013, 1.5103180408477783, 1.477432370185852, 1.509793996810913, 1.4634469747543335, 1.4760864973068237, 1.5821068286895752, 1.5066797733306885, 1.577298879623413, 1.4904558658599854, 1.5581376552581787, 1.4929863214492798, 1.6051924228668213, 1.4645931720733643]",sae,Pre-64
1,beta,42,0.074,0.4546678683050885,0.4407690563496341,0.4548913957335554,0.5,0.6336081445133979,0.6612441068937317,30,"[0, 1, 2, 3, 4, 5, 6, 7, 8, 9, 10, 11, 12, 13, 14, 15, 16, 17, 18, 19, 20, 21, 22, 23, 24, 25, 26, 27, 28, 29]","[1.5544949769973755, 1.414810061454773, 1.5580823421478271, 1.5582019090652466, 1.4922996759414673, 1.544167399406433, 1.4866163730621338, 1.4472733736038208, 1.424024224281311, 1.559527039527893, 1.5306389331817627, 1.5744200944900513, 1.4440668821334839, 1.22897207736969, 1.5751478672027588, 1.4700515270233154, 1.4096558094024658, 1.3910603523254395, 1.5270164012908936, 1.5443183183670044, 1.460966944694519, 1.4498071670532227, 1.4648118019104004, 1.4119445085525513, 1.451507568359375, 1.4214072227478027, 1.5795964002609253, 1.4162312746047974, 1.4922711849212646, 1.4063817262649536]",sae,Pre-64
1,beta,43,0.082,0.4515364523902173,0.4432102910589974,0.4420006724650243,0.5,0.6060785767234989,0.6993936249073389,30,"[0, 1, 2, 3, 4, 5, 6, 7, 8, 9, 10, 11, 12, 13, 14, 15, 16, 17, 18, 19, 20, 21, 22, 23, 24, 25, 26, 27, 28, 29]","[1.515706181526184, 1.5889579057693481, 1.5649473667144775, 1.4621537923812866, 1.4971731901168823, 1.4363406896591187, 1.467154622077942, 1.4540225267410278, 1.5540096759796143, 1.4436399936676025, 1.4092687368392944, 1.5994831323623657, 1.5281695127487183, 1.4706565141677856, 1.4704807996749878, 1.3581514358520508, 1.55614173412323, 1.4541716575622559, 1.5509142875671387, 1.5468668937683105, 1.4493653774261475, 1.462556004524231, 1.587807059288025, 1.520293116569519, 1.4431949853897095, 1.5240578651428223, 1.59049391746521, 1.4538065195083618, 1.5496100187301636, 1.6000462770462036]",sae,Pre-64
1,beta,7,0.0535,0.4564836922581216,0.4420418003909208,0.4407422633408949,0.5,0.6095136152062148,0.7015388153908079,30,"[0, 1, 2, 3, 4, 5, 6, 7, 8, 9, 10, 11, 12, 13, 14, 15, 16, 17, 18, 19, 20, 21, 22, 23, 24, 25, 26, 27, 28, 29]","[1.4931714534759521, 1.5598224401474, 1.584570050239563, 1.5564700365066528, 1.5901144742965698, 1.5412938594818115, 1.5377087593078613, 1.5430926084518433, 1.6535429954528809, 1.5531359910964966, 1.4688555002212524, 1.5233930349349976, 1.4722630977630615, 1.503925085067749, 1.6610174179077148, 1.574479579925537, 1.501140832901001, 1.5084717273712158, 1.5971657037734985, 1.5847796201705933, 1.5624600648880005, 1.611784815788269, 1.6090515851974487, 1.52215576171875, 1.6431876420974731, 1.637850284576416, 1.512541651725769, 1.471664309501648, 1.6294779777526855, 1.5047857761383057]",sae,Pre-64
1,beta,48,0.084,0.4556814132376,0.4510566266980289,0.4877932131349488,0.5,0.5923878577171784,0.5906212133223107,30,"[0, 1, 2, 3, 4, 5, 6, 7, 8, 9, 10, 11, 12, 13, 14, 15, 16, 17, 18, 19, 20, 21, 22, 23, 24, 25, 26, 27, 28, 29]","[1.5247504711151123, 1.4708142280578613, 1.4572991132736206, 1.4461604356765747, 1.4177343845367432, 1.367104172706604, 1.4630498886108398, 1.3873285055160522, 1.4194668531417847, 1.412775993347168, 1.4863389730453491, 1.4272680282592773, 1.4459635019302368, 1.4267679452896118, 1.379752516746521, 1.467263102531433, 1.4889899492263794, 1.4679030179977417, 1.498426079750061, 1.344573736190796, 1.4214974641799927, 1.5069868564605713, 1.5090811252593994, 1.331570029258728, 1.4280177354812622, 1.482061505317688, 1.5028953552246094, 1.4984205961227417, 1.4255520105361938, 1.4553282260894775]",sae,Pre-64
1,beta,17,0.048,0.4599327030141671,0.4513468217402507,0.447871501626808,0.5,0.6120635717004715,0.6979673332351298,30,"[0, 1, 2, 3, 4, 5, 6, 7, 8, 9, 10, 11, 12, 13, 14, 15, 16, 17, 18, 19, 20, 21, 22, 23, 24, 25, 26, 27, 28, 29]","[1.6361418962478638, 1.5128185749053955, 1.563877820968628, 1.5477728843688965, 1.6691291332244873, 1.5394171476364136, 1.6011385917663574, 1.432238221168518, 1.5496783256530762, 1.581434726715088, 1.6248070001602173, 1.6379379034042358, 1.5625282526016235, 1.6479719877243042, 1.5602401494979858, 1.5420310497283936, 1.6263656616210938, 1.5729316473007202, 1.620238184928894, 1.5888500213623047, 1.522106647491455, 1.588705062866211, 1.4325281381607056, 1.5571094751358032, 1.5889819860458374, 1.5725237131118774, 1.5262264013290405, 1.5708088874816895, 1.5483492612838745, 1.613020658493042]",sae,Pre-64
1,beta,40,0.046,0.44666181227492,0.4340193094910912,0.4369650533471086,0.5,0.6093636266731638,0.6688848619592198,30,"[0, 1, 2, 3, 4, 5, 6, 7, 8, 9, 10, 11, 12, 13, 14, 15, 16, 17, 18, 19, 20, 21, 22, 23, 24, 25, 26, 27, 28, 29]","[1.5976873636245728, 1.5681135654449463, 1.524359107017517, 1.4678384065628052, 1.5081570148468018, 1.530215859413147, 1.5289329290390015, 1.5703638792037964, 1.5472427606582642, 1.588862419128418, 1.492880940437317, 1.506766676902771, 1.5762944221496582, 1.4982627630233765, 1.4946482181549072, 1.6028965711593628, 1.529391884803772, 1.5181760787963867, 1.4852747917175293, 1.5175833702087402, 1.4713881015777588, 1.4840155839920044, 1.589891791343689, 1.5144940614700317, 1.5851479768753052, 1.4982683658599854, 1.5660041570663452, 1.5007376670837402, 1.613036036491394, 1.4725419282913208]",sae,Pre-64
1,beta,1,0.044,0.4560357198099471,0.4497423189216591,0.453905945349376,0.5,0.5964054457666336,0.6835954101147471,30,"[0, 1, 2, 3, 4, 5, 6, 7, 8, 9, 10, 11, 12, 13, 14, 15, 16, 17, 18, 19, 20, 21, 22, 23, 24, 25, 26, 27, 28, 29]","[1.7545452117919922, 1.6108789443969727, 1.7047035694122314, 1.5769617557525635, 1.7188282012939453, 1.5598400831222534, 1.6287271976470947, 1.6325260400772095, 1.5347989797592163, 1.6133060455322266, 1.6336878538131714, 1.6917061805725098, 1.7394295930862427, 1.5933573246002197, 1.7328245639801025, 1.625247836112976, 1.5741549730300903, 1.6521937847137451, 1.7133101224899292, 1.7353135347366333, 1.753574013710022, 1.6306904554367065, 1.6559228897094727, 1.6070023775100708, 1.5725247859954834, 1.580220341682434, 1.6524486541748047, 1.6254944801330566, 1.74107027053833, 1.661085605621338]",sae,Pre-64
1,beta,13,0.074,0.4619123366083722,0.4531466051409948,0.4416644936034287,0.5,0.6127276801885291,0.7101972817208909,30,"[0, 1, 2, 3, 4, 5, 6, 7, 8, 9, 10, 11, 12, 13, 14, 15, 16, 17, 18, 19, 20, 21, 22, 23, 24, 25, 26, 27, 28, 29]","[1.5998737812042236, 1.4297003746032715, 1.5844786167144775, 1.5059655904769897, 1.487012505531311, 1.593340277671814, 1.5265241861343384, 1.5154386758804321, 1.549276351928711, 1.5182427167892456, 1.5933611392974854, 1.4980422258377075, 1.5607727766036987, 1.5521177053451538, 1.574617862701416, 1.462425708770752, 1.4841783046722412, 1.5525875091552734, 1.5361394882202148, 1.5319180488586426, 1.507442593574524, 1.447599172592163, 1.5021394491195679, 1.471728801727295, 1.5032161474227905, 1.4450479745864868, 1.515500545501709, 1.4547044038772583, 1.5456424951553345, 1.5094680786132812]",sae,Pre-64
1,beta,2,0.058,0.4419681213812466,0.4306250660512843,0.4291862859068553,0.5,0.6028191218064636,0.6892807877776232,30,"[0, 1, 2, 3, 4, 5, 6, 7, 8, 9, 10, 11, 12, 13, 14, 15, 16, 17, 18, 19, 20, 21, 22, 23, 24, 25, 26, 27, 28, 29]","[1.4680050611495972, 1.4694063663482666, 1.4491512775421143, 1.5359315872192383, 1.4845032691955566, 1.5798566341400146, 1.4691680669784546, 1.4923354387283325, 1.4337362051010132, 1.4659123420715332, 1.5026028156280518, 1.4248679876327515, 1.5239663124084473, 1.5838865041732788, 1.5515755414962769, 1.4983041286468506, 1.560750961303711, 1.6106394529342651, 1.6071796417236328, 1.5859019756317139, 1.4999034404754639, 1.4618085622787476, 1.5591437816619873, 1.5727765560150146, 1.4495434761047363, 1.4684537649154663, 1.5399856567382812, 1.5145671367645264, 1.313134789466858, 1.6062934398651123]",sae,Pre-64
1,beta,30,0.07,0.4638407167611665,0.4544841508273655,0.4398448977955126,0.5,0.6043368975359404,0.6949271797908597,30,"[0, 1, 2, 3, 4, 5, 6, 7, 8, 9, 10, 11, 12, 13, 14, 15, 16, 17, 18, 19, 20, 21, 22, 23, 24, 25, 26, 27, 28, 29]","[1.532214879989624, 1.5009945631027222, 1.5123082399368286, 1.4528446197509766, 1.4656996726989746, 1.4441049098968506, 1.4549155235290527, 1.431214690208435, 1.4239213466644287, 1.4423288106918335, 1.506769061088562, 1.4369348287582397, 1.4125633239746094, 1.4347151517868042, 1.5016753673553467, 1.505697250366211, 1.4238972663879395, 1.4455318450927734, 1.5274194478988647, 1.4519710540771484, 1.4287267923355103, 1.3939605951309204, 1.4928789138793945, 1.447843074798584, 1.5636112689971924, 1.4404881000518799, 1.4658610820770264, 1.4358057975769043, 1.5029786825180054, 1.4583309888839722]",sae,Pre-64
1,beta,37,0.05,0.4546908257221888,0.444978337644671,0.4340903042154033,0.5,0.6058579085235571,0.717265605195495,30,"[0, 1, 2, 3, 4, 5, 6, 7, 8, 9, 10, 11, 12, 13, 14, 15, 16, 17, 18, 19, 20, 21, 22, 23, 24, 25, 26, 27, 28, 29]","[1.4794012308120728, 1.5412911176681519, 1.5160107612609863, 1.4918807744979858, 1.443771243095398, 1.5515094995498657, 1.5173906087875366, 1.5660430192947388, 1.6120916604995728, 1.5519442558288574, 1.5159590244293213, 1.5239570140838623, 1.5504311323165894, 1.554796576499939, 1.5880024433135986, 1.5324268341064453, 1.521986484527588, 1.5660145282745361, 1.5383046865463257, 1.5356316566467285, 1.5622233152389526, 1.5711822509765625, 1.595324993133545, 1.5794458389282227, 1.5378376245498657, 1.5759148597717285, 1.5442228317260742, 1.5740562677383423, 1.5761209726333618, 1.590498447418213]",sae,Pre-64
1,beta,5,0.055,0.4445517550333296,0.4301735816232515,0.4347647585521746,0.5,0.6070910659257547,0.6821599794978216,30,"[0, 1, 2, 3, 4, 5, 6, 7, 8, 9, 10, 11, 12, 13, 14, 15, 16, 17, 18, 19, 20, 21, 22, 23, 24, 25, 26, 27, 28, 29]","[1.5641040802001953, 1.4333633184432983, 1.4299534559249878, 1.574569821357727, 1.5685808658599854, 1.520792841911316, 1.4985902309417725, 1.466707468032837, 1.5304244756698608, 1.4326852560043335, 1.5435869693756104, 1.5722702741622925, 1.5120000839233398, 1.4901572465896606, 1.574214220046997, 1.5413249731063843, 1.5384653806686401, 1.5666229724884033, 1.4290660619735718, 1.4998738765716553, 1.580994725227356, 1.5031695365905762, 1.593617558479309, 1.4426883459091187, 1.5156805515289307, 1.5842417478561401, 1.4354448318481445, 1.5049018859863281, 1.5495269298553467, 1.5184608697891235]",sae,Pre-64
1,beta,7,0.064,0.4564836922581216,0.4420418003909208,0.4406758062682835,0.5,0.6095136152062148,0.7015520848537926,30,"[0, 1, 2, 3, 4, 5, 6, 7, 8, 9, 10, 11, 12, 13, 14, 15, 16, 17, 18, 19, 20, 21, 22, 23, 24, 25, 26, 27, 28, 29]","[1.488051176071167, 1.5547465085983276, 1.5795509815216064, 1.551440715789795, 1.5850425958633423, 1.5362228155136108, 1.5327352285385132, 1.5380301475524902, 1.6485005617141724, 1.5481047630310059, 1.4638252258300781, 1.518354892730713, 1.4671707153320312, 1.4988917112350464, 1.6559479236602783, 1.5694082975387573, 1.4960646629333496, 1.503456711769104, 1.5921498537063599, 1.57970130443573, 1.557396650314331, 1.6068141460418701, 1.6040540933609009, 1.5171217918395996, 1.638179063796997, 1.6328941583633423, 1.5074098110198975, 1.4666738510131836, 1.6244102716445923, 1.499735951423645]",sae,Pre-64
1,beta,3,0.078,0.4557259332451328,0.444824285747971,0.4644401144221836,0.5,0.6042731979176,0.6522588720237493,30,"[0, 1, 2, 3, 4, 5, 6, 7, 8, 9, 10, 11, 12, 13, 14, 15, 16, 17, 18, 19, 20, 21, 22, 23, 24, 25, 26, 27, 28, 29]","[1.400285243988037, 1.4271965026855469, 1.4118502140045166, 1.3698136806488037, 1.4052526950836182, 1.4418858289718628, 1.3978261947631836, 1.4454340934753418, 1.2007691860198975, 1.4703673124313354, 1.3621623516082764, 1.4684288501739502, 1.4039828777313232, 1.3799412250518799, 1.4792745113372803, 1.39885675907135, 1.4045895338058472, 1.4300305843353271, 1.3639825582504272, 1.366864800453186, 1.3123023509979248, 1.3783122301101685, 1.375043272972107, 1.4899141788482666, 1.4606720209121704, 1.3897360563278198, 1.3928285837173462, 1.386362075805664, 1.4552556276321411, 1.392437219619751]",sae,Pre-64
1,beta,21,0.0535,0.4504746503440228,0.4381370334360364,0.4404100637864248,0.5,0.6200058082774133,0.6872628801641147,30,"[0, 1, 2, 3, 4, 5, 6, 7, 8, 9, 10, 11, 12, 13, 14, 15, 16, 17, 18, 19, 20, 21, 22, 23, 24, 25, 26, 27, 28, 29]","[1.4505754709243774, 1.5012327432632446, 1.6258716583251953, 1.6205692291259766, 1.6012852191925049, 1.5821142196655273, 1.4957172870635986, 1.504472255706787, 1.6102796792984009, 1.5224249362945557, 1.6003708839416504, 1.6087604761123657, 1.4878009557724, 1.5148640871047974, 1.510859727859497, 1.5045121908187866, 1.5055478811264038, 1.516922116279602, 1.4477447271347046, 1.6174277067184448, 1.4426445960998535, 1.6253901720046997, 1.437544822692871, 1.455561637878418, 1.5110892057418823, 1.4691263437271118, 1.4365348815917969, 1.4913666248321533, 1.578759789466858, 1.563661813735962]",sae,Pre-64
1,beta,12,0.054,0.4455148672091349,0.4361346773072694,0.4189519814980833,0.5,0.5892778403611032,0.7303100133840024,30,"[0, 1, 2, 3, 4, 5, 6, 7, 8, 9, 10, 11, 12, 13, 14, 15, 16, 17, 18, 19, 20, 21, 22, 23, 24, 25, 26, 27, 28, 29]","[1.586829662322998, 1.762061595916748, 1.6202818155288696, 1.5767158269882202, 1.789229393005371, 1.7404628992080688, 1.7183235883712769, 1.711988925933838, 1.7693780660629272, 1.6130344867706299, 1.5955694913864136, 1.8198219537734985, 1.640973448753357, 1.7201168537139893, 1.5792758464813232, 1.8216761350631714, 1.5523171424865723, 1.8111604452133179, 1.700663685798645, 1.816070556640625, 1.7579196691513062, 1.7139054536819458, 1.6164799928665161, 1.8174958229064941, 1.804700255393982, 1.6848145723342896, 1.8061072826385498, 1.7175558805465698, 1.664259910583496, 1.818570852279663]",sae,Pre-64
1,beta,47,0.055,0.4460371044958436,0.4257646434940195,0.4092188158650616,0.5,0.6434257056516428,0.7340914936025204,30,"[0, 1, 2, 3, 4, 5, 6, 7, 8, 9, 10, 11, 12, 13, 14, 15, 16, 17, 18, 19, 20, 21, 22, 23, 24, 25, 26, 27, 28, 29]","[1.7365965843200684, 1.5590585470199585, 1.5575430393218994, 1.5641006231307983, 1.6733556985855103, 1.7024133205413818, 1.6400105953216553, 1.717287540435791, 1.6806188821792603, 1.5729317665100098, 1.5946662425994873, 1.5457563400268555, 1.571856141090393, 1.7343475818634033, 1.5514411926269531, 1.7032558917999268, 1.5989100933074951, 1.676414132118225, 1.5151214599609375, 1.543379306793213, 1.5867412090301514, 1.6495429277420044, 1.7177258729934692, 1.5596394538879395, 1.6478129625320435, 1.544311761856079, 1.4803599119186401, 1.699828028678894, 1.5160025358200073, 1.614506483078003]",sae,Pre-64
1,beta,18,0.066,0.4575117633693479,0.4471831599677374,0.4242599853651051,0.5,0.6052065040104606,0.7328622803096073,30,"[0, 1, 2, 3, 4, 5, 6, 7, 8, 9, 10, 11, 12, 13, 14, 15, 16, 17, 18, 19, 20, 21, 22, 23, 24, 25, 26, 27, 28, 29]","[1.3725780248641968, 1.5431989431381226, 1.5629018545150757, 1.4595221281051636, 1.4773526191711426, 1.4921389818191528, 1.671727180480957, 1.4482781887054443, 1.557220220565796, 1.433253526687622, 1.642591118812561, 1.5303035974502563, 1.5599285364151, 1.5633691549301147, 1.4914439916610718, 1.4498666524887085, 1.5472686290740967, 1.4817301034927368, 1.4643909931182861, 1.4066433906555176, 1.6588125228881836, 1.4710017442703247, 1.593329906463623, 1.5521819591522217, 1.5291225910186768, 1.496322512626648, 1.5404763221740723, 1.5917072296142578, 1.5462613105773926, 1.4867076873779297]",sae,Pre-64
1,beta,15,0.052,0.4529015220185267,0.4424399871594601,0.4401576350159499,0.5,0.6161071485640408,0.7114687894943273,30,"[0, 1, 2, 3, 4, 5, 6, 7, 8, 9, 10, 11, 12, 13, 14, 15, 16, 17, 18, 19, 20, 21, 22, 23, 24, 25, 26, 27, 28, 29]","[1.5874817371368408, 1.603076696395874, 1.6523725986480713, 1.6071689128875732, 1.7297453880310059, 1.6012009382247925, 1.5782960653305054, 1.6025513410568237, 1.6768717765808105, 1.6716270446777344, 1.6472629308700562, 1.592671275138855, 1.7586857080459595, 1.6739366054534912, 1.525292992591858, 1.6545265913009644, 1.5691304206848145, 1.7731856107711792, 1.5392568111419678, 1.6254034042358398, 1.7241883277893066, 1.7205004692077637, 1.582973599433899, 1.641364574432373, 1.6428523063659668, 1.5203816890716553, 1.7093805074691772, 1.7497469186782837, 1.6624044179916382, 1.6135849952697754]",sae,Pre-64
1,beta,46,0.048,0.4545712902572906,0.4417269056853911,0.4552544346414811,0.5,0.6270377926330811,0.6898934039316658,30,"[0, 1, 2, 3, 4, 5, 6, 7, 8, 9, 10, 11, 12, 13, 14, 15, 16, 17, 18, 19, 20, 21, 22, 23, 24, 25, 26, 27, 28, 29]","[1.5651557445526123, 1.680973768234253, 1.6620771884918213, 1.6501283645629883, 1.5666241645812988, 1.694260597229004, 1.5884912014007568, 1.7292108535766602, 1.6438767910003662, 1.7502573728561401, 1.4760860204696655, 1.5731213092803955, 1.7139642238616943, 1.5644149780273438, 1.6197181940078735, 1.7167631387710571, 1.6353983879089355, 1.6440156698226929, 1.7394630908966064, 1.7064977884292603, 1.6122876405715942, 1.6172493696212769, 1.6364946365356445, 1.6439101696014404, 1.6366633176803589, 1.658028244972229, 1.647775650024414, 1.6808040142059326, 1.616930603981018, 1.6318669319152832]",sae,Pre-64
1,beta,22,0.06,0.4519005213187685,0.4442985770479847,0.4444405401161018,0.5,0.5939599289403404,0.6801638842809914,30,"[0, 1, 2, 3, 4, 5, 6, 7, 8, 9, 10, 11, 12, 13, 14, 15, 16, 17, 18, 19, 20, 21, 22, 23, 24, 25, 26, 27, 28, 29]","[1.4189655780792236, 1.4647704362869263, 1.4778461456298828, 1.4993757009506226, 1.5395984649658203, 1.439409852027893, 1.4484617710113525, 1.4293771982192993, 1.4249892234802246, 1.4752212762832642, 1.423232913017273, 1.5329115390777588, 1.4658024311065674, 1.5191504955291748, 1.3838849067687988, 1.505403757095337, 1.5169696807861328, 1.4699232578277588, 1.4020112752914429, 1.4111542701721191, 1.4902660846710205, 1.4887111186981201, 1.4900460243225098, 1.4405238628387451, 1.492335557937622, 1.5252622365951538, 1.4251949787139893, 1.4135364294052124, 1.554187297821045, 1.3943367004394531]",sae,Pre-64
1,beta,2,0.052,0.4419681213812466,0.4306250660512843,0.4292212991600591,0.5,0.6028191218064636,0.689285134696527,30,"[0, 1, 2, 3, 4, 5, 6, 7, 8, 9, 10, 11, 12, 13, 14, 15, 16, 17, 18, 19, 20, 21, 22, 23, 24, 25, 26, 27, 28, 29]","[1.470424771308899, 1.4718389511108398, 1.451582908630371, 1.5383516550064087, 1.4869133234024048, 1.5822542905807495, 1.4716051816940308, 1.494767427444458, 1.4361652135849, 1.4683334827423096, 1.505013346672058, 1.427327275276184, 1.526384949684143, 1.5862843990325928, 1.5539802312850952, 1.5007153749465942, 1.56315016746521, 1.6130495071411133, 1.6095811128616333, 1.5883058309555054, 1.5023289918899536, 1.4642318487167358, 1.5615586042404175, 1.5751765966415405, 1.4519797563552856, 1.4708555936813354, 1.5423959493637085, 1.5169909000396729, 1.3155558109283447, 1.6087009906768799]",sae,Pre-64
1,beta,26,0.085,0.4502231978181314,0.4442488029476733,0.4597092444011689,0.5,0.5832450787939482,0.6467056315997038,30,"[0, 1, 2, 3, 4, 5, 6, 7, 8, 9, 10, 11, 12, 13, 14, 15, 16, 17, 18, 19, 20, 21, 22, 23, 24, 25, 26, 27, 28, 29]","[1.4233616590499878, 1.43459153175354, 1.5971640348434448, 1.3893166780471802, 1.4601939916610718, 1.5022982358932495, 1.4885793924331665, 1.387227177619934, 1.4911717176437378, 1.4578914642333984, 1.3737305402755737, 1.5993322134017944, 1.5348906517028809, 1.4732412099838257, 1.5486018657684326, 1.4347882270812988, 1.4803192615509033, 1.3659874200820923, 1.5102320909500122, 1.4604843854904175, 1.4201087951660156, 1.5741031169891357, 1.461861252784729, 1.502671241760254, 1.5801688432693481, 1.5712538957595825, 1.4292995929718018, 1.485024094581604, 1.2976317405700684, 1.4206029176712036]",sae,Pre-64
1,beta,0,0.074,0.4600628296558519,0.4487196928272481,0.4324636940518958,0.5,0.6146148452673732,0.7223406018960014,30,"[0, 1, 2, 3, 4, 5, 6, 7, 8, 9, 10, 11, 12, 13, 14, 15, 16, 17, 18, 19, 20, 21, 22, 23, 24, 25, 26, 27, 28, 29]","[1.390464425086975, 1.4340510368347168, 1.4112224578857422, 1.4647443294525146, 1.384517788887024, 1.408288598060608, 1.4557467699050903, 1.4863897562026978, 1.4695109128952026, 1.4142812490463257, 1.4056333303451538, 1.4207918643951416, 1.4819897413253784, 1.465367317199707, 1.4821604490280151, 1.4309468269348145, 1.4422045946121216, 1.3654465675354004, 1.3153926134109497, 1.4654933214187622, 1.3863152265548706, 1.373412013053894, 1.4652597904205322, 1.4084259271621704, 1.3834344148635864, 1.3467581272125244, 1.4708958864212036, 1.3559215068817139, 1.46393620967865, 1.34812331199646]",sae,Pre-64
1,beta,29,0.052,0.4558655961502112,0.4409050416793991,0.4581900683377733,0.5,0.6296548282533407,0.6730347030006399,30,"[0, 1, 2, 3, 4, 5, 6, 7, 8, 9, 10, 11, 12, 13, 14, 15, 16, 17, 18, 19, 20, 21, 22, 23, 24, 25, 26, 27, 28, 29]","[1.562998652458191, 1.5759727954864502, 1.2980201244354248, 1.6771445274353027, 1.6075987815856934, 1.548987865447998, 1.7036679983139038, 1.5219765901565552, 1.6314748525619507, 1.6716818809509277, 1.5797291994094849, 1.6425739526748657, 1.663395881652832, 1.5842338800430298, 1.6320016384124756, 1.5839955806732178, 1.606796145439148, 1.608810544013977, 1.5633667707443237, 1.5870721340179443, 1.68504798412323, 1.7169147729873657, 1.5795000791549683, 1.5828312635421753, 1.6281239986419678, 1.4894007444381714, 1.568743109703064, 1.6940147876739502, 1.7252750396728516, 1.5453177690505981]",sae,Pre-64
1,beta,23,0.05,0.4478205607315014,0.4344954522622479,0.4375314701205917,0.5,0.6150139710231751,0.6769040152130599,30,"[0, 1, 2, 3, 4, 5, 6, 7, 8, 9, 10, 11, 12, 13, 14, 15, 16, 17, 18, 19, 20, 21, 22, 23, 24, 25, 26, 27, 28, 29]","[1.50992751121521, 1.6058276891708374, 1.5829260349273682, 1.6739534139633179, 1.4452393054962158, 1.5136160850524902, 1.6588480472564697, 1.5161638259887695, 1.507875680923462, 1.6498373746871948, 1.6585427522659302, 1.6111783981323242, 1.6056033372879028, 1.517347812652588, 1.605217695236206, 1.656856894493103, 1.3553407192230225, 1.5415377616882324, 1.501384973526001, 1.5323845148086548, 1.6522173881530762, 1.6666834354400635, 1.5210474729537964, 1.6685376167297363, 1.6638240814208984, 1.556075930595398, 1.5007750988006592, 1.5856136083602905, 1.5511877536773682, 1.6799063682556152]",sae,Pre-64
1,beta,17,0.058,0.4599327030141671,0.4513468217402507,0.4456388716391185,0.5,0.6120635717004715,0.6967918080772871,30,"[0, 1, 2, 3, 4, 5, 6, 7, 8, 9, 10, 11, 12, 13, 14, 15, 16, 17, 18, 19, 20, 21, 22, 23, 24, 25, 26, 27, 28, 29]","[1.532365322113037, 1.408747673034668, 1.4430286884307861, 1.466691493988037, 1.547753095626831, 1.4302916526794434, 1.493360161781311, 1.3376471996307373, 1.451185941696167, 1.4614596366882324, 1.5154660940170288, 1.5243256092071533, 1.4590833187103271, 1.5377978086471558, 1.4607528448104858, 1.462226390838623, 1.5319489240646362, 1.4614143371582031, 1.5147291421890259, 1.4822694063186646, 1.4038028717041016, 1.4803026914596558, 1.3207675218582153, 1.4488776922225952, 1.4583683013916016, 1.4527361392974854, 1.425320029258728, 1.4596980810165405, 1.4255330562591553, 1.5155826807022095]",sae,Pre-64
1,beta,15,0.082,0.4529015220185267,0.4424399871594601,0.4354496834601253,0.5,0.6161071485640408,0.7111332238992433,30,"[0, 1, 2, 3, 4, 5, 6, 7, 8, 9, 10, 11, 12, 13, 14, 15, 16, 17, 18, 19, 20, 21, 22, 23, 24, 25, 26, 27, 28, 29]","[1.3994508981704712, 1.3699146509170532, 1.411023736000061, 1.411007285118103, 1.485564112663269, 1.3817802667617798, 1.3763890266418457, 1.400644302368164, 1.4590853452682495, 1.4568425416946411, 1.4449288845062256, 1.3596547842025757, 1.5183221101760864, 1.4619091749191284, 1.3526633977890015, 1.4280428886413574, 1.3658392429351807, 1.5114102363586426, 1.3505209684371948, 1.4176266193389893, 1.5044368505477905, 1.471653699874878, 1.3927947282791138, 1.4309327602386475, 1.4003270864486694, 1.28264582157135, 1.4740121364593506, 1.518640398979187, 1.4159704446792603, 1.4121671915054321]",sae,Pre-64
1,beta,41,0.054,0.4543678569363413,0.4427951465832617,0.4547260215670204,0.5,0.6190905384235713,0.6763964891950471,30,"[0, 1, 2, 3, 4, 5, 6, 7, 8, 9, 10, 11, 12, 13, 14, 15, 16, 17, 18, 19, 20, 21, 22, 23, 24, 25, 26, 27, 28, 29]","[1.473374366760254, 1.566100835800171, 1.5069952011108398, 1.4294627904891968, 1.4419304132461548, 1.6101022958755493, 1.4657031297683716, 1.5292223691940308, 1.497399926185608, 1.5934813022613525, 1.58552885055542, 1.5227123498916626, 1.5257937908172607, 1.5938854217529297, 1.5938352346420288, 1.5088986158370972, 1.5055427551269531, 1.542576551437378, 1.579849123954773, 1.542683482170105, 1.454372763633728, 1.5067286491394043, 1.5110249519348145, 1.530868411064148, 1.50596284866333, 1.4873833656311035, 1.565962314605713, 1.5788066387176514, 1.536841630935669, 1.458127498626709]",sae,Pre-64
1,beta,39,0.056,0.4461088087810431,0.4292341094433316,0.4413149072440705,0.5,0.6205127278095635,0.6703393379550542,30,"[0, 1, 2, 3, 4, 5, 6, 7, 8, 9, 10, 11, 12, 13, 14, 15, 16, 17, 18, 19, 20, 21, 22, 23, 24, 25, 26, 27, 28, 29]","[1.5345405340194702, 1.6731308698654175, 1.5986539125442505, 1.627184510231018, 1.528051733970642, 1.5405265092849731, 1.571844458580017, 1.5906084775924683, 1.5209378004074097, 1.669955849647522, 1.5834009647369385, 1.5250201225280762, 1.6015949249267578, 1.5066806077957153, 1.6056536436080933, 1.6627522706985474, 1.665514588356018, 1.6398634910583496, 1.534312129020691, 1.5420293807983398, 1.5033084154129028, 1.5713939666748047, 1.5870171785354614, 1.5899964570999146, 1.6256804466247559, 1.5472745895385742, 1.4903541803359985, 1.5435112714767456, 1.6754323244094849, 1.5369873046875]",sae,Pre-64
1,beta,8,0.072,0.4517491928182039,0.4406431065890545,0.4394939318890071,0.5,0.6098144493254953,0.6783670408805699,30,"[0, 1, 2, 3, 4, 5, 6, 7, 8, 9, 10, 11, 12, 13, 14, 15, 16, 17, 18, 19, 20, 21, 22, 23, 24, 25, 26, 27, 28, 29]","[1.3911149501800537, 1.5029313564300537, 1.4197041988372803, 1.4508103132247925, 1.5118274688720703, 1.447238564491272, 1.4956982135772705, 1.407889485359192, 1.4542157649993896, 1.503416657447815, 1.5116219520568848, 1.4354791641235352, 1.4190046787261963, 1.4520463943481445, 1.480913758277893, 1.396458625793457, 1.4181318283081055, 1.4541029930114746, 1.3646639585494995, 1.434206485748291, 1.4071307182312012, 1.382875919342041, 1.4863662719726562, 1.418811559677124, 1.485906720161438, 1.4899886846542358, 1.387635350227356, 1.4856284856796265, 1.4565165042877197, 1.456634521484375]",sae,Pre-64
1,beta,14,0.062,0.4467366851483266,0.4421697276018216,0.4362790065565888,0.5,0.5934222168898753,0.6961337152626763,30,"[0, 1, 2, 3, 4, 5, 6, 7, 8, 9, 10, 11, 12, 13, 14, 15, 16, 17, 18, 19, 20, 21, 22, 23, 24, 25, 26, 27, 28, 29]","[1.4954196214675903, 1.3846721649169922, 1.4880605936050415, 1.5120432376861572, 1.514923095703125, 1.4906156063079834, 1.4525489807128906, 1.5837821960449219, 1.4917981624603271, 1.5621510744094849, 1.4421902894973755, 1.4228191375732422, 1.4558919668197632, 1.5636186599731445, 1.5339865684509277, 1.49663507938385, 1.5816131830215454, 1.577625036239624, 1.493701696395874, 1.4770689010620117, 1.494541049003601, 1.504872441291809, 1.5680618286132812, 1.457828402519226, 1.569344401359558, 1.5714383125305176, 1.5170786380767822, 1.5817008018493652, 1.5693719387054443, 1.46999990940094]",sae,Pre-64
1,beta,11,0.056,0.4566976193509867,0.4496008864727478,0.4389209322240777,0.5,0.5995106990682213,0.7108427564732874,30,"[0, 1, 2, 3, 4, 5, 6, 7, 8, 9, 10, 11, 12, 13, 14, 15, 16, 17, 18, 19, 20, 21, 22, 23, 24, 25, 26, 27, 28, 29]","[1.581155776977539, 1.4031990766525269, 1.5248889923095703, 1.4626561403274536, 1.6108354330062866, 1.4674887657165527, 1.4848549365997314, 1.339252233505249, 1.594979166984558, 1.600627064704895, 1.6016186475753784, 1.626522183418274, 1.6398849487304688, 1.499017357826233, 1.4838470220565796, 1.5000815391540527, 1.5552141666412354, 1.4668797254562378, 1.491752028465271, 1.5701088905334473, 1.5223515033721924, 1.5568288564682007, 1.6141600608825684, 1.5371962785720825, 1.5152294635772705, 1.5820045471191406, 1.6140235662460327, 1.4598720073699951, 1.5098652839660645, 1.47932767868042]",sae,Pre-64
1,beta,24,0.068,0.4501416387440968,0.4383559369047743,0.4508187865127401,0.5,0.6188330126613704,0.6421626737835153,30,"[0, 1, 2, 3, 4, 5, 6, 7, 8, 9, 10, 11, 12, 13, 14, 15, 16, 17, 18, 19, 20, 21, 22, 23, 24, 25, 26, 27, 28, 29]","[1.5329270362854004, 1.430566668510437, 1.4588170051574707, 1.541292428970337, 1.544028639793396, 1.4474977254867554, 1.4618823528289795, 1.4576966762542725, 1.5082651376724243, 1.394680380821228, 1.4941333532333374, 1.4398667812347412, 1.5391480922698975, 1.5253337621688843, 1.4594979286193848, 1.4252140522003174, 1.5468977689743042, 1.3397808074951172, 1.4320025444030762, 1.546751618385315, 1.52341890335083, 1.5415171384811401, 1.434683918952942, 1.5024588108062744, 1.4162529706954956, 1.3758658170700073, 1.4930952787399292, 1.4118825197219849, 1.5497997999191284, 1.4491057395935059]",sae,Pre-64
1,beta,9,0.08,0.448644851968101,0.4348910401892977,0.4492190153701662,0.5,0.6286670530281078,0.6738988698927848,30,"[0, 1, 2, 3, 4, 5, 6, 7, 8, 9, 10, 11, 12, 13, 14, 15, 16, 17, 18, 19, 20, 21, 22, 23, 24, 25, 26, 27, 28, 29]","[1.5775600671768188, 1.4769091606140137, 1.577652931213379, 1.5493590831756592, 1.4673715829849243, 1.3084275722503662, 1.5582022666931152, 1.4868440628051758, 1.580263376235962, 1.4155501127243042, 1.5285142660140991, 1.4891462326049805, 1.4831260442733765, 1.5233980417251587, 1.6015806198120117, 1.5031098127365112, 1.46807062625885, 1.5574936866760254, 1.5882834196090698, 1.4469126462936401, 1.5682809352874756, 1.585426688194275, 1.4579832553863525, 1.5740119218826294, 1.5720062255859375, 1.564985990524292, 1.4134286642074585, 1.3913214206695557, 1.4636332988739014, 1.5958151817321777]",sae,Pre-64
1,beta,20,0.084,0.4408022875601419,0.4262939306313442,0.4359091547839752,0.5,0.6176087118064704,0.6504738936289511,30,"[0, 1, 2, 3, 4, 5, 6, 7, 8, 9, 10, 11, 12, 13, 14, 15, 16, 17, 18, 19, 20, 21, 22, 23, 24, 25, 26, 27, 28, 29]","[1.434523582458496, 1.5052680969238281, 1.4426053762435913, 1.5492887496948242, 1.4970322847366333, 1.5152214765548706, 1.5118720531463623, 1.432687520980835, 1.4788001775741577, 1.4374550580978394, 1.4506953954696655, 1.4433962106704712, 1.5613881349563599, 1.3934460878372192, 1.4492040872573853, 1.5482655763626099, 1.4395467042922974, 1.41111159324646, 1.4798048734664917, 1.4791169166564941, 1.4732391834259033, 1.3804216384887695, 1.4988266229629517, 1.553409457206726, 1.5180723667144775, 1.4051870107650757, 1.4490165710449219, 1.491189956665039, 1.4036946296691895, 1.552178144454956]",sae,Pre-64
1,beta,29,0.044,0.4558655961502112,0.4409050416793991,0.4582541968199767,0.5,0.6296548282533407,0.6730541847559759,30,"[0, 1, 2, 3, 4, 5, 6, 7, 8, 9, 10, 11, 12, 13, 14, 15, 16, 17, 18, 19, 20, 21, 22, 23, 24, 25, 26, 27, 28, 29]","[1.5685932636260986, 1.5815188884735107, 1.3038759231567383, 1.6827094554901123, 1.6131776571273804, 1.55458664894104, 1.7092276811599731, 1.5276645421981812, 1.6371276378631592, 1.677248239517212, 1.585375189781189, 1.6481798887252808, 1.6689990758895874, 1.5899187326431274, 1.6375548839569092, 1.589680552482605, 1.6122980117797852, 1.614362359046936, 1.568999171257019, 1.59271240234375, 1.6906541585922241, 1.722468376159668, 1.5851491689682007, 1.5884987115859985, 1.6336883306503296, 1.4950495958328247, 1.5743248462677002, 1.6995782852172852, 1.7308720350265503, 1.5509719848632812]",sae,Pre-64
1,beta,36,0.072,0.4642138821845151,0.4576483090311837,0.462012089011738,0.5,0.6031055233182893,0.6742598497917648,30,"[0, 1, 2, 3, 4, 5, 6, 7, 8, 9, 10, 11, 12, 13, 14, 15, 16, 17, 18, 19, 20, 21, 22, 23, 24, 25, 26, 27, 28, 29]","[1.5196340084075928, 1.5110108852386475, 1.4309942722320557, 1.5121498107910156, 1.3895455598831177, 1.5405961275100708, 1.4379706382751465, 1.482437014579773, 1.5528498888015747, 1.4056155681610107, 1.4399209022521973, 1.541724443435669, 1.4311981201171875, 1.4669243097305298, 1.4774011373519897, 1.5549709796905518, 1.5072194337844849, 1.4909703731536865, 1.5497980117797852, 1.4237174987792969, 1.465668797492981, 1.4557576179504395, 1.4612153768539429, 1.4377202987670898, 1.5347990989685059, 1.515557050704956, 1.4469736814498901, 1.4973604679107666, 1.5324569940567017, 1.4260658025741577]",sae,Pre-64
1,beta,19,0.055,0.4469965829377276,0.435497383761294,0.4159996853492537,0.5,0.6104665954706788,0.7125530043659892,30,"[0, 1, 2, 3, 4, 5, 6, 7, 8, 9, 10, 11, 12, 13, 14, 15, 16, 17, 18, 19, 20, 21, 22, 23, 24, 25, 26, 27, 28, 29]","[1.4721819162368774, 1.4850412607192993, 1.5695699453353882, 1.5026832818984985, 1.4460185766220093, 1.451404094696045, 1.485381007194519, 1.5665620565414429, 1.4469873905181885, 1.5828980207443237, 1.597302794456482, 1.6097785234451294, 1.4848694801330566, 1.481276273727417, 1.42401921749115, 1.4439681768417358, 1.570461630821228, 1.5966230630874634, 1.4334882497787476, 1.4543025493621826, 1.6203445196151733, 1.470042109489441, 1.4863275289535522, 1.4605392217636108, 1.451705813407898, 1.5840190649032593, 1.5852506160736084, 1.4920406341552734, 1.4740489721298218, 1.4401687383651733]",sae,Pre-64
1,beta,32,0.078,0.4555596844830426,0.4475674839123162,0.4708964635363817,0.5,0.5924839124839124,0.6331502114359258,30,"[0, 1, 2, 3, 4, 5, 6, 7, 8, 9, 10, 11, 12, 13, 14, 15, 16, 17, 18, 19, 20, 21, 22, 23, 24, 25, 26, 27, 28, 29]","[1.4919830560684204, 1.413546085357666, 1.4928476810455322, 1.4274179935455322, 1.4366813898086548, 1.5012849569320679, 1.4325248003005981, 1.4128146171569824, 1.3894908428192139, 1.3984746932983398, 1.4138778448104858, 1.3885680437088013, 1.4320932626724243, 1.3517040014266968, 1.3405357599258423, 1.345513939857483, 1.3725666999816895, 1.4361391067504883, 1.3826172351837158, 1.4126176834106445, 1.4971946477890015, 1.4133819341659546, 1.3360096216201782, 1.4988080263137817, 1.4276312589645386, 1.3584212064743042, 1.4745112657546997, 1.2944773435592651, 1.5031001567840576, 1.495939016342163]",sae,Pre-64
1,beta,35,0.0535,0.4566193215888805,0.4379483378046387,0.4344236833748582,0.5,0.637290178651746,0.7144420656195839,30,"[0, 1, 2, 3, 4, 5, 6, 7, 8, 9, 10, 11, 12, 13, 14, 15, 16, 17, 18, 19, 20, 21, 22, 23, 24, 25, 26, 27, 28, 29]","[1.459428071975708, 1.5259510278701782, 1.589978575706482, 1.5195101499557495, 1.5327749252319336, 1.497137188911438, 1.4456231594085693, 1.6063871383666992, 1.6219828128814697, 1.5141777992248535, 1.5845692157745361, 1.4358763694763184, 1.5083531141281128, 1.4157530069351196, 1.505323052406311, 1.4627867937088013, 1.5929194688796997, 1.4377976655960083, 1.542768955230713, 1.443472981452942, 1.4642980098724365, 1.4556167125701904, 1.4731656312942505, 1.4426765441894531, 1.4898113012313843, 1.5356897115707397, 1.4663907289505005, 1.546700358390808, 1.601062536239624, 1.5395443439483643]",sae,Pre-64
1,beta,36,0.06,0.4642138821845151,0.4576483090311837,0.4620610622196333,0.5,0.6031055233182893,0.6742569455335413,30,"[0, 1, 2, 3, 4, 5, 6, 7, 8, 9, 10, 11, 12, 13, 14, 15, 16, 17, 18, 19, 20, 21, 22, 23, 24, 25, 26, 27, 28, 29]","[1.5230331420898438, 1.5143719911575317, 1.4343986511230469, 1.5155490636825562, 1.3929364681243896, 1.5439848899841309, 1.44138503074646, 1.4858299493789673, 1.5562434196472168, 1.4090250730514526, 1.4433362483978271, 1.545129418373108, 1.4346264600753784, 1.4703339338302612, 1.480791449546814, 1.5583643913269043, 1.510628581047058, 1.4943656921386719, 1.553182601928711, 1.4271403551101685, 1.4690792560577393, 1.4591742753982544, 1.464630126953125, 1.4411078691482544, 1.5381999015808105, 1.5189378261566162, 1.4504214525222778, 1.500752329826355, 1.535847544670105, 1.429470419883728]",sae,Pre-64
1,beta,48,0.064,0.4556814132376,0.4510566266980289,0.4890727075602321,0.5,0.5923878577171784,0.5942054630080518,30,"[0, 1, 2, 3, 4, 5, 6, 7, 8, 9, 10, 11, 12, 13, 14, 15, 16, 17, 18, 19, 20, 21, 22, 23, 24, 25, 26, 27, 28, 29]","[1.6381449699401855, 1.573894739151001, 1.5558722019195557, 1.5378104448318481, 1.5256998538970947, 1.4569652080535889, 1.562016487121582, 1.5082411766052246, 1.5234202146530151, 1.5107808113098145, 1.5945230722427368, 1.5287020206451416, 1.5647790431976318, 1.530565857887268, 1.486639142036438, 1.5675681829452515, 1.6165872812271118, 1.5816329717636108, 1.601694941520691, 1.4679419994354248, 1.520607829093933, 1.6256506443023682, 1.6294448375701904, 1.456160306930542, 1.5270479917526245, 1.602541446685791, 1.6088294982910156, 1.630189061164856, 1.5204952955245972, 1.5620909929275513]",sae,Pre-64
1,beta,3,0.07,0.4557259332451328,0.444824285747971,0.4644471728791298,0.5,0.6042731979176,0.6522603173318456,30,"[0, 1, 2, 3, 4, 5, 6, 7, 8, 9, 10, 11, 12, 13, 14, 15, 16, 17, 18, 19, 20, 21, 22, 23, 24, 25, 26, 27, 28, 29]","[1.4009497165679932, 1.4278581142425537, 1.4125158786773682, 1.3704713582992554, 1.4059165716171265, 1.442543625831604, 1.3984887599945068, 1.4460943937301636, 1.2014342546463013, 1.4710291624069214, 1.362825632095337, 1.469091534614563, 1.4046447277069092, 1.380596399307251, 1.479935884475708, 1.3995232582092285, 1.4052512645721436, 1.430692434310913, 1.3646457195281982, 1.3675302267074585, 1.3129624128341675, 1.3789762258529663, 1.3757045269012451, 1.4905743598937988, 1.461331844329834, 1.390400767326355, 1.3934943675994873, 1.3870278596878052, 1.4559186697006226, 1.39309823513031]",sae,Pre-64
1,beta,48,0.075,0.4556814132376,0.4510566266980289,0.4890172827783013,0.5,0.5923878577171784,0.5941927227840503,30,"[0, 1, 2, 3, 4, 5, 6, 7, 8, 9, 10, 11, 12, 13, 14, 15, 16, 17, 18, 19, 20, 21, 22, 23, 24, 25, 26, 27, 28, 29]","[1.6346869468688965, 1.57040274143219, 1.5524036884307861, 1.5343430042266846, 1.522225260734558, 1.4534342288970947, 1.55855131149292, 1.5047986507415771, 1.5199347734451294, 1.507291316986084, 1.5910747051239014, 1.5252233743667603, 1.5613224506378174, 1.527095913887024, 1.4831607341766357, 1.5641049146652222, 1.6131811141967773, 1.5781841278076172, 1.5982221364974976, 1.4645073413848877, 1.5171300172805786, 1.622210144996643, 1.6259959936141968, 1.4527275562286377, 1.5235621929168701, 1.5991096496582031, 1.6053612232208252, 1.6267859935760498, 1.5170379877090454, 1.5586163997650146]",sae,Pre-64
1,beta,29,0.062,0.4558655961502112,0.4409050416793991,0.4581097162098994,0.5,0.6296548282533407,0.6729867479105818,30,"[0, 1, 2, 3, 4, 5, 6, 7, 8, 9, 10, 11, 12, 13, 14, 15, 16, 17, 18, 19, 20, 21, 22, 23, 24, 25, 26, 27, 28, 29]","[1.5560108423233032, 1.5690431594848633, 1.2907037734985352, 1.6701902151107788, 1.6006290912628174, 1.5419931411743164, 1.6967213153839111, 1.5148695707321167, 1.624412178993225, 1.6647268533706665, 1.5726758241653442, 1.63556969165802, 1.6563971042633057, 1.5771303176879883, 1.6250642538070679, 1.5768916606903076, 1.5999237298965454, 1.6018747091293335, 1.5563291311264038, 1.5800260305404663, 1.6780434846878052, 1.7099748849868774, 1.5724414587020874, 1.5757508277893066, 1.621172547340393, 1.4823448657989502, 1.561769723892212, 1.6870648860931396, 1.7182815074920654, 1.5382537841796875]",sae,Pre-64
1,beta,20,0.075,0.4408022875601419,0.4262939306313442,0.4359264857770519,0.5,0.6176087118064704,0.6504772713454796,30,"[0, 1, 2, 3, 4, 5, 6, 7, 8, 9, 10, 11, 12, 13, 14, 15, 16, 17, 18, 19, 20, 21, 22, 23, 24, 25, 26, 27, 28, 29]","[1.4361822605133057, 1.5069310665130615, 1.444270133972168, 1.550937294960022, 1.4987026453018188, 1.5168707370758057, 1.5135248899459839, 1.4343403577804565, 1.4804733991622925, 1.4391096830368042, 1.4523491859436035, 1.4450492858886719, 1.563035011291504, 1.3951129913330078, 1.4508562088012695, 1.5499193668365479, 1.4411871433258057, 1.412786841392517, 1.4814634323120117, 1.4807758331298828, 1.4748939275741577, 1.3820935487747192, 1.5004920959472656, 1.5550644397735596, 1.5197255611419678, 1.4068578481674194, 1.4506717920303345, 1.4928419589996338, 1.4053723812103271, 1.5538222789764404]",sae,Pre-64
1,beta,1,0.062,0.4560357198099471,0.4497423189216591,0.4517371199734475,0.5,0.5964054457666336,0.6825167044435,30,"[0, 1, 2, 3, 4, 5, 6, 7, 8, 9, 10, 11, 12, 13, 14, 15, 16, 17, 18, 19, 20, 21, 22, 23, 24, 25, 26, 27, 28, 29]","[1.6325031518936157, 1.4893440008163452, 1.576526165008545, 1.448421835899353, 1.578239917755127, 1.4467628002166748, 1.4889098405838013, 1.5307482481002808, 1.421743631362915, 1.499497413635254, 1.5076299905776978, 1.5559513568878174, 1.6158312559127808, 1.4719914197921753, 1.6093103885650635, 1.4696743488311768, 1.458103060722351, 1.5193591117858887, 1.5873808860778809, 1.6156007051467896, 1.6130951642990112, 1.5356000661849976, 1.5360301733016968, 1.4901453256607056, 1.4442198276519775, 1.4823148250579834, 1.5311378240585327, 1.5218372344970703, 1.614193081855774, 1.545720100402832]",sae,Pre-64
1,beta,37,0.08,0.4546908257221888,0.444978337644671,0.4310211293026532,0.5,0.6058579085235571,0.718780555522024,30,"[0, 1, 2, 3, 4, 5, 6, 7, 8, 9, 10, 11, 12, 13, 14, 15, 16, 17, 18, 19, 20, 21, 22, 23, 24, 25, 26, 27, 28, 29]","[1.3603851795196533, 1.4289517402648926, 1.405247688293457, 1.3799865245819092, 1.322772741317749, 1.433464527130127, 1.377844214439392, 1.464900016784668, 1.5077776908874512, 1.431391954421997, 1.4011425971984863, 1.4043000936508179, 1.438902735710144, 1.4145535230636597, 1.470944881439209, 1.4184024333953857, 1.3969449996948242, 1.4554353952407837, 1.411528468132019, 1.4163904190063477, 1.4339675903320312, 1.4411828517913818, 1.4733847379684448, 1.4521828889846802, 1.4194220304489136, 1.4607796669006348, 1.4146660566329956, 1.4384918212890625, 1.4543144702911377, 1.4706486463546753]",sae,Pre-64
1,beta,8,0.042,0.4517491928182039,0.4406431065890545,0.4409802161599362,0.5,0.6098144493254953,0.6789994553030142,30,"[0, 1, 2, 3, 4, 5, 6, 7, 8, 9, 10, 11, 12, 13, 14, 15, 16, 17, 18, 19, 20, 21, 22, 23, 24, 25, 26, 27, 28, 29]","[1.4889278411865234, 1.6029222011566162, 1.5089112520217896, 1.537410020828247, 1.6067906618118286, 1.5449597835540771, 1.590282917022705, 1.495333194732666, 1.5395092964172363, 1.5977747440338135, 1.6068552732467651, 1.5262428522109985, 1.500235676765442, 1.5299139022827148, 1.5731121301651, 1.4816848039627075, 1.492200255393982, 1.5449281930923462, 1.4482609033584595, 1.5333541631698608, 1.4972389936447144, 1.4639110565185547, 1.5766563415527344, 1.516359806060791, 1.5820176601409912, 1.581937313079834, 1.483782172203064, 1.5750110149383545, 1.5464873313903809, 1.5574631690979004]",sae,Pre-64
1,beta,31,0.058,0.4497611378811508,0.4308970333737342,0.4337058394980302,0.5,0.642735734520437,0.7099612649592416,30,"[0, 1, 2, 3, 4, 5, 6, 7, 8, 9, 10, 11, 12, 13, 14, 15, 16, 17, 18, 19, 20, 21, 22, 23, 24, 25, 26, 27, 28, 29]","[1.5666486024856567, 1.5275580883026123, 1.4439163208007812, 1.4680109024047852, 1.5183898210525513, 1.6051479578018188, 1.4813623428344727, 1.5383909940719604, 1.4882906675338745, 1.5570451021194458, 1.5087608098983765, 1.5369473695755005, 1.5715585947036743, 1.40714430809021, 1.5712573528289795, 1.5075619220733643, 1.5313479900360107, 1.5309185981750488, 1.5448404550552368, 1.4998599290847778, 1.5888817310333252, 1.5307261943817139, 1.5839473009109497, 1.5356864929199219, 1.5250520706176758, 1.551693320274353, 1.444325566291809, 1.597350001335144, 1.4408646821975708, 1.5377188920974731]",sae,Pre-64
1,beta,8,0.06,0.4517491928182039,0.4406431065890545,0.4395297343976863,0.5,0.6098144493254953,0.6783882628410545,30,"[0, 1, 2, 3, 4, 5, 6, 7, 8, 9, 10, 11, 12, 13, 14, 15, 16, 17, 18, 19, 20, 21, 22, 23, 24, 25, 26, 27, 28, 29]","[1.393711805343628, 1.5055269002914429, 1.422293782234192, 1.453399419784546, 1.5144375562667847, 1.449850082397461, 1.4982980489730835, 1.4105124473571777, 1.4568250179290771, 1.505999207496643, 1.5142247676849365, 1.4380991458892822, 1.421614170074463, 1.4546664953231812, 1.483521580696106, 1.3990809917449951, 1.4207326173782349, 1.4567241668701172, 1.3672596216201782, 1.4367971420288086, 1.409735083580017, 1.3854691982269287, 1.4889823198318481, 1.4214286804199219, 1.4885096549987793, 1.492596983909607, 1.390252709388733, 1.48823881149292, 1.4591354131698608, 1.4592199325561523]",sae,Pre-64
1,beta,23,0.042,0.4478205607315014,0.4344954522622479,0.4375733245984045,0.5,0.6150139710231751,0.6769206563884715,30,"[0, 1, 2, 3, 4, 5, 6, 7, 8, 9, 10, 11, 12, 13, 14, 15, 16, 17, 18, 19, 20, 21, 22, 23, 24, 25, 26, 27, 28, 29]","[1.5143098831176758, 1.610117793083191, 1.587192416191101, 1.6782751083374023, 1.4495553970336914, 1.5179532766342163, 1.6631889343261719, 1.5205620527267456, 1.5122230052947998, 1.6542035341262817, 1.6628938913345337, 1.6155318021774292, 1.6099404096603394, 1.521655797958374, 1.6095364093780518, 1.6612011194229126, 1.3596826791763306, 1.5458917617797852, 1.5057538747787476, 1.5367250442504883, 1.656571388244629, 1.6710225343704224, 1.5254106521606445, 1.6728650331497192, 1.6681441068649292, 1.5604664087295532, 1.5051366090774536, 1.5898997783660889, 1.5555357933044434, 1.684245228767395]",sae,Pre-64
1,beta,25,0.076,0.4465066892532915,0.4352791138475453,0.443065966344644,0.5,0.6270054355300688,0.6611927669778094,30,"[0, 1, 2, 3, 4, 5, 6, 7, 8, 9, 10, 11, 12, 13, 14, 15, 16, 17, 18, 19, 20, 21, 22, 23, 24, 25, 26, 27, 28, 29]","[1.5330582857131958, 1.5580326318740845, 1.4245773553848267, 1.6064447164535522, 1.5849690437316895, 1.575287103652954, 1.4551860094070435, 1.4638489484786987, 1.5100128650665283, 1.4261711835861206, 1.585556149482727, 1.5200016498565674, 1.5596619844436646, 1.465287446975708, 1.4565531015396118, 1.500390648841858, 1.3704077005386353, 1.385704755783081, 1.4301093816757202, 1.4558022022247314, 1.598649501800537, 1.3773541450500488, 1.546842336654663, 1.469622015953064, 1.5228943824768066, 1.470082402229309, 1.6226502656936646, 1.5538324117660522, 1.5856989622116089, 1.4312419891357422]",sae,Pre-64
1,beta,26,0.065,0.4502231978181314,0.4442488029476733,0.4597562751694404,0.5,0.5832450787939482,0.6467263104875933,30,"[0, 1, 2, 3, 4, 5, 6, 7, 8, 9, 10, 11, 12, 13, 14, 15, 16, 17, 18, 19, 20, 21, 22, 23, 24, 25, 26, 27, 28, 29]","[1.427178144454956, 1.4384565353393555, 1.6009624004364014, 1.393120288848877, 1.4640289545059204, 1.5061378479003906, 1.49239981174469, 1.391035795211792, 1.494974136352539, 1.4617159366607666, 1.3775355815887451, 1.6031301021575928, 1.538703441619873, 1.4770612716674805, 1.5523958206176758, 1.4385719299316406, 1.484105110168457, 1.3698058128356934, 1.5140480995178223, 1.4643172025680542, 1.4239082336425781, 1.577910304069519, 1.465699553489685, 1.506494164466858, 1.5839834213256836, 1.5750781297683716, 1.4331241846084595, 1.488851547241211, 1.3014694452285767, 1.4244096279144287]",sae,Pre-64
1,beta,32,0.066,0.4555596844830426,0.4475674839123162,0.4709251798095295,0.5,0.5924839124839124,0.6331560948703805,30,"[0, 1, 2, 3, 4, 5, 6, 7, 8, 9, 10, 11, 12, 13, 14, 15, 16, 17, 18, 19, 20, 21, 22, 23, 24, 25, 26, 27, 28, 29]","[1.4932501316070557, 1.414807677268982, 1.4941130876541138, 1.4286887645721436, 1.4379456043243408, 1.5025547742843628, 1.4337936639785767, 1.4140782356262207, 1.3907698392868042, 1.3997505903244019, 1.4151482582092285, 1.3898422718048096, 1.4333606958389282, 1.3529729843139648, 1.341806411743164, 1.3467901945114136, 1.3738460540771484, 1.4374066591262817, 1.3838855028152466, 1.413888692855835, 1.4984612464904785, 1.4146515130996704, 1.3372938632965088, 1.5000742673873901, 1.428901195526123, 1.3596909046173096, 1.475783348083496, 1.2957416772842407, 1.5043648481369019, 1.497205138206482]",sae,Pre-64
1,beta,49,0.084,0.462130925118617,0.4524487678230295,0.4490468732999185,0.5,0.6141152509743157,0.683388505423299,30,"[0, 1, 2, 3, 4, 5, 6, 7, 8, 9, 10, 11, 12, 13, 14, 15, 16, 17, 18, 19, 20, 21, 22, 23, 24, 25, 26, 27, 28, 29]","[1.334609866142273, 1.3857959508895874, 1.3833184242248535, 1.368199110031128, 1.3148645162582397, 1.3467777967453003, 1.424462080001831, 1.3286868333816528, 1.4536594152450562, 1.4021729230880737, 1.3535445928573608, 1.3339406251907349, 1.4008265733718872, 1.3908884525299072, 1.432152509689331, 1.37822687625885, 1.470385193824768, 1.4560582637786865, 1.3195723295211792, 1.4030275344848633, 1.445866584777832, 1.356672763824463, 1.4523581266403198, 1.3863322734832764, 1.3487731218338013, 1.3924375772476196, 1.3885170221328735, 1.3490960597991943, 1.2832297086715698, 1.349562644958496]",sae,Pre-64
1,beta,27,0.054,0.4609757262074365,0.4537266978541116,0.4612879310042938,0.5,0.5914172664146189,0.660324214597221,30,"[0, 1, 2, 3, 4, 5, 6, 7, 8, 9, 10, 11, 12, 13, 14, 15, 16, 17, 18, 19, 20, 21, 22, 23, 24, 25, 26, 27, 28, 29]","[1.5384329557418823, 1.6113965511322021, 1.539774775505066, 1.5240013599395752, 1.5923686027526855, 1.500589370727539, 1.602474331855774, 1.4674967527389526, 1.5725023746490479, 1.5814741849899292, 1.4872772693634033, 1.6143006086349487, 1.5270256996154785, 1.4869303703308105, 1.5261262655258179, 1.4395103454589844, 1.5308302640914917, 1.5755490064620972, 1.5191199779510498, 1.539897084236145, 1.6060898303985596, 1.541566252708435, 1.4944690465927124, 1.4497228860855103, 1.5124406814575195, 1.6196246147155762, 1.5035138130187988, 1.5544687509536743, 1.4446909427642822, 1.5520503520965576]",sae,Pre-64
1,beta,43,0.062,0.4515364523902173,0.4432102910589974,0.4420765875835891,0.5,0.6060785767234989,0.6994321719792438,30,"[0, 1, 2, 3, 4, 5, 6, 7, 8, 9, 10, 11, 12, 13, 14, 15, 16, 17, 18, 19, 20, 21, 22, 23, 24, 25, 26, 27, 28, 29]","[1.522025465965271, 1.5952444076538086, 1.5711781978607178, 1.468483567237854, 1.5034856796264648, 1.4427006244659424, 1.473512887954712, 1.46037757396698, 1.5603159666061401, 1.450014352798462, 1.4156136512756348, 1.6057236194610596, 1.5344946384429932, 1.4769757986068726, 1.4767619371414185, 1.364479422569275, 1.5624359846115112, 1.4605516195297241, 1.5572127103805542, 1.5530654191970825, 1.4557238817214966, 1.4688665866851807, 1.594068169593811, 1.5266047716140747, 1.4494961500167847, 1.5304062366485596, 1.5967786312103271, 1.460166096687317, 1.555945873260498, 1.6063494682312012]",sae,Pre-64
1,beta,5,0.066,0.4445517550333296,0.4301735816232515,0.4290123577227609,0.5,0.6070910659257547,0.6831850884156442,30,"[0, 1, 2, 3, 4, 5, 6, 7, 8, 9, 10, 11, 12, 13, 14, 15, 16, 17, 18, 19, 20, 21, 22, 23, 24, 25, 26, 27, 28, 29]","[1.3858110904693604, 1.2813751697540283, 1.2830226421356201, 1.401281476020813, 1.4006609916687012, 1.3334918022155762, 1.3302323818206787, 1.3114957809448242, 1.371720790863037, 1.2930036783218384, 1.381829857826233, 1.402829647064209, 1.3320344686508179, 1.3363196849822998, 1.4127446413040161, 1.3602343797683716, 1.365779161453247, 1.3926042318344116, 1.2721940279006958, 1.3391237258911133, 1.4152494668960571, 1.3428764343261719, 1.4114272594451904, 1.2936338186264038, 1.3387749195098877, 1.4155687093734741, 1.2841986417770386, 1.3167178630828857, 1.392194390296936, 1.340431809425354]",sae,Pre-64
1,beta,10,0.068,0.4493907433353129,0.4390813823454372,0.4434661232579723,0.5,0.6232207829487961,0.6770088628942552,30,"[0, 1, 2, 3, 4, 5, 6, 7, 8, 9, 10, 11, 12, 13, 14, 15, 16, 17, 18, 19, 20, 21, 22, 23, 24, 25, 26, 27, 28, 29]","[1.4303655624389648, 1.3415443897247314, 1.5088618993759155, 1.427428960800171, 1.4232754707336426, 1.43215012550354, 1.5202796459197998, 1.4469208717346191, 1.3341652154922485, 1.483995795249939, 1.435623288154602, 1.459486961364746, 1.4589474201202393, 1.4342262744903564, 1.4964426755905151, 1.454748272895813, 1.464003562927246, 1.373691439628601, 1.4297367334365845, 1.3892605304718018, 1.4094148874282837, 1.4401304721832275, 1.5008901357650757, 1.502778172492981, 1.4403738975524902, 1.375287413597107, 1.4365694522857666, 1.437253475189209, 1.4354945421218872, 1.4904946088790894]",sae,Pre-64
1,beta,44,0.07,0.4469012312759677,0.43811650775401,0.4601600038022358,0.5,0.5982762074796864,0.6211987296200056,30,"[0, 1, 2, 3, 4, 5, 6, 7, 8, 9, 10, 11, 12, 13, 14, 15, 16, 17, 18, 19, 20, 21, 22, 23, 24, 25, 26, 27, 28, 29]","[1.4709733724594116, 1.466774582862854, 1.428276777267456, 1.433984398841858, 1.4611605405807495, 1.528350830078125, 1.5161858797073364, 1.4139797687530518, 1.482524037361145, 1.5554485321044922, 1.4681710004806519, 1.4566972255706787, 1.4718602895736694, 1.4342548847198486, 1.5465953350067139, 1.5493113994598389, 1.406758427619934, 1.3218777179718018, 1.4841172695159912, 1.4738037586212158, 1.429783582687378, 1.4089114665985107, 1.4707170724868774, 1.4696283340454102, 1.5252490043640137, 1.4298794269561768, 1.4444096088409424, 1.4644677639007568, 1.4741923809051514, 1.4771369695663452]",sae,Pre-64
1,beta,44,0.082,0.4469012312759677,0.43811650775401,0.4601305833015063,0.5,0.5982762074796864,0.6212046219205365,30,"[0, 1, 2, 3, 4, 5, 6, 7, 8, 9, 10, 11, 12, 13, 14, 15, 16, 17, 18, 19, 20, 21, 22, 23, 24, 25, 26, 27, 28, 29]","[1.4686790704727173, 1.4644620418548584, 1.4259965419769287, 1.4316985607147217, 1.4588555097579956, 1.5260591506958008, 1.5139120817184448, 1.4116740226745605, 1.480222463607788, 1.553174376487732, 1.4658730030059814, 1.4544223546981812, 1.4695632457733154, 1.431969165802002, 1.5443089008331299, 1.5470267534255981, 1.404472827911377, 1.3196184635162354, 1.4818167686462402, 1.4715162515640259, 1.4275009632110596, 1.4066247940063477, 1.4684252738952637, 1.4673264026641846, 1.5229547023773193, 1.4275891780853271, 1.4421405792236328, 1.462164282798767, 1.4719042778015137, 1.474837064743042]",sae,Pre-64
1,beta,14,0.074,0.4467366851483266,0.4421697276018216,0.4344539357921907,0.5,0.5934222168898753,0.6970845393602183,30,"[0, 1, 2, 3, 4, 5, 6, 7, 8, 9, 10, 11, 12, 13, 14, 15, 16, 17, 18, 19, 20, 21, 22, 23, 24, 25, 26, 27, 28, 29]","[1.4392038583755493, 1.3258180618286133, 1.4139354228973389, 1.4346306324005127, 1.4548388719558716, 1.4204241037368774, 1.4000561237335205, 1.5052064657211304, 1.4225289821624756, 1.4862765073776245, 1.3773761987686157, 1.3406307697296143, 1.3650283813476562, 1.4844943284988403, 1.4686905145645142, 1.4272465705871582, 1.5060652494430542, 1.4999436140060425, 1.4195470809936523, 1.4127936363220215, 1.4330068826675415, 1.4330763816833496, 1.4957897663116455, 1.3792951107025146, 1.4916737079620361, 1.4932013750076294, 1.4335578680038452, 1.5026172399520874, 1.4874844551086426, 1.3887231349945068]",sae,Pre-64
1,beta,24,0.056,0.4501416387440968,0.4383559369047743,0.4508573087791329,0.5,0.6188330126613704,0.6421921549155908,30,"[0, 1, 2, 3, 4, 5, 6, 7, 8, 9, 10, 11, 12, 13, 14, 15, 16, 17, 18, 19, 20, 21, 22, 23, 24, 25, 26, 27, 28, 29]","[1.5360313653945923, 1.4337153434753418, 1.461952567100525, 1.5444027185440063, 1.5471476316452026, 1.4506242275238037, 1.4650278091430664, 1.460821509361267, 1.511380910873413, 1.3977694511413574, 1.4972712993621826, 1.4429855346679688, 1.5422474145889282, 1.5284521579742432, 1.4626245498657227, 1.4283692836761475, 1.5500099658966064, 1.342861533164978, 1.4351327419281006, 1.549869179725647, 1.5265408754348755, 1.5446330308914185, 1.4378312826156616, 1.5055811405181885, 1.4193758964538574, 1.3789863586425781, 1.4962189197540283, 1.4150121212005615, 1.5529136657714844, 1.4522521495819092]",sae,Pre-64
1,beta,3,0.058,0.4557259332451328,0.444824285747971,0.4644577122390375,0.5,0.6042731979176,0.6522603173318456,30,"[0, 1, 2, 3, 4, 5, 6, 7, 8, 9, 10, 11, 12, 13, 14, 15, 16, 17, 18, 19, 20, 21, 22, 23, 24, 25, 26, 27, 28, 29]","[1.4019473791122437, 1.4288504123687744, 1.4135140180587769, 1.3714576959609985, 1.4069113731384277, 1.4435306787490845, 1.3994829654693604, 1.4470852613449097, 1.2024320363998413, 1.4720232486724854, 1.363818645477295, 1.4700859785079956, 1.4056364297866821, 1.381578803062439, 1.4809287786483765, 1.4005235433578491, 1.4062442779541016, 1.431685209274292, 1.365639567375183, 1.3685282468795776, 1.3139532804489136, 1.3799725770950317, 1.3766978979110718, 1.4915651082992554, 1.4623208045959473, 1.3913990259170532, 1.3944929838180542, 1.3880258798599243, 1.4569133520126343, 1.394090175628662]",sae,Pre-64
1,beta,18,0.048,0.4575117633693479,0.4471831599677374,0.4266731300398409,0.5,0.6052065040104606,0.7327554770975769,30,"[0, 1, 2, 3, 4, 5, 6, 7, 8, 9, 10, 11, 12, 13, 14, 15, 16, 17, 18, 19, 20, 21, 22, 23, 24, 25, 26, 27, 28, 29]","[1.522139549255371, 1.6825858354568481, 1.7126102447509766, 1.5786736011505127, 1.605444073677063, 1.6115978956222534, 1.8091005086898804, 1.5788315534591675, 1.704047679901123, 1.573615312576294, 1.7834467887878418, 1.6684497594833374, 1.709679365158081, 1.687394380569458, 1.6114718914031982, 1.585975170135498, 1.671316146850586, 1.6120492219924927, 1.5899776220321655, 1.54098641872406, 1.8063077926635742, 1.607921838760376, 1.747880458831787, 1.6931681632995605, 1.6867740154266357, 1.6147090196609497, 1.6961915493011475, 1.7392452955245972, 1.6830384731292725, 1.6404165029525757]",sae,Pre-64
1,beta,4,0.078,0.4589558369307028,0.4477177462853796,0.4573422213555878,0.5,0.61034827708266,0.6589393169890885,30,"[0, 1, 2, 3, 4, 5, 6, 7, 8, 9, 10, 11, 12, 13, 14, 15, 16, 17, 18, 19, 20, 21, 22, 23, 24, 25, 26, 27, 28, 29]","[1.3958524465560913, 1.3806589841842651, 1.302065372467041, 1.4452121257781982, 1.274915337562561, 1.3223202228546143, 1.3702081441879272, 1.3055446147918701, 1.3912341594696045, 1.4268484115600586, 1.394734501838684, 1.3368381261825562, 1.4468172788619995, 1.3334286212921143, 1.301594614982605, 1.3887877464294434, 1.3927122354507446, 1.3607012033462524, 1.3192288875579834, 1.4147473573684692, 1.3761779069900513, 1.4388115406036377, 1.3773881196975708, 1.2920076847076416, 1.372497797012329, 1.3116525411605835, 1.3292802572250366, 1.3426085710525513, 1.421657919883728, 1.2962838411331177]",sae,Pre-64
1,beta,13,0.054,0.4619123366083722,0.4531466051409948,0.4417243925043901,0.5,0.6127276801885291,0.7102029195495939,30,"[0, 1, 2, 3, 4, 5, 6, 7, 8, 9, 10, 11, 12, 13, 14, 15, 16, 17, 18, 19, 20, 21, 22, 23, 24, 25, 26, 27, 28, 29]","[1.6060171127319336, 1.4357936382293701, 1.5906258821487427, 1.5121500492095947, 1.4932010173797607, 1.5994679927825928, 1.5326775312423706, 1.5216221809387207, 1.5553829669952393, 1.5244219303131104, 1.599521279335022, 1.504215955734253, 1.5668615102767944, 1.5582457780838013, 1.5807347297668457, 1.468624234199524, 1.4903390407562256, 1.5587568283081055, 1.5422701835632324, 1.5380126237869263, 1.513569951057434, 1.4537585973739624, 1.508201241493225, 1.4779423475265503, 1.5093344449996948, 1.4512135982513428, 1.521618127822876, 1.4609302282333374, 1.5517277717590332, 1.515683650970459]",sae,Pre-64
1,beta,8,0.0535,0.4517491928182039,0.4406431065890545,0.4395491262055999,0.5,0.6098144493254953,0.6783910924357858,30,"[0, 1, 2, 3, 4, 5, 6, 7, 8, 9, 10, 11, 12, 13, 14, 15, 16, 17, 18, 19, 20, 21, 22, 23, 24, 25, 26, 27, 28, 29]","[1.3951187133789062, 1.506933569908142, 1.423696756362915, 1.4548019170761108, 1.5158518552780151, 1.4512646198272705, 1.4997069835662842, 1.4119343757629395, 1.4582387208938599, 1.5073981285095215, 1.5156346559524536, 1.4395185708999634, 1.4230284690856934, 1.4560869932174683, 1.4849334955215454, 1.4005024433135986, 1.422141194343567, 1.4581444263458252, 1.3686662912368774, 1.438200831413269, 1.4111462831497192, 1.3868745565414429, 1.4903995990753174, 1.4228452444076538, 1.4899194240570068, 1.4940096139907837, 1.3916707038879395, 1.48965322971344, 1.460553765296936, 1.4606198072433472]",sae,Pre-64
1,beta,48,0.055,0.4556814132376,0.4510566266980289,0.4931506919936819,0.5,0.5923878577171784,0.5935741141297578,30,"[0, 1, 2, 3, 4, 5, 6, 7, 8, 9, 10, 11, 12, 13, 14, 15, 16, 17, 18, 19, 20, 21, 22, 23, 24, 25, 26, 27, 28, 29]","[1.7233161926269531, 1.6556180715560913, 1.622220516204834, 1.6015883684158325, 1.6076488494873047, 1.5304410457611084, 1.6305228471755981, 1.601063847541809, 1.6041302680969238, 1.5806951522827148, 1.6755667924880981, 1.605986475944519, 1.6564831733703613, 1.602529525756836, 1.5711750984191895, 1.6303989887237549, 1.7101942300796509, 1.669469952583313, 1.6841245889663696, 1.5720304250717163, 1.595557451248169, 1.7173148393630981, 1.7263470888137817, 1.5617576837539673, 1.6044776439666748, 1.6932055950164795, 1.691996693611145, 1.7287107706069946, 1.5819833278656006, 1.6429144144058228]",sae,Pre-64
1,beta,41,0.065,0.4543678569363413,0.4427951465832617,0.4546535131854669,0.5,0.6190905384235713,0.6763979198409122,30,"[0, 1, 2, 3, 4, 5, 6, 7, 8, 9, 10, 11, 12, 13, 14, 15, 16, 17, 18, 19, 20, 21, 22, 23, 24, 25, 26, 27, 28, 29]","[1.4685988426208496, 1.5613433122634888, 1.5023236274719238, 1.4247331619262695, 1.437186598777771, 1.605353832244873, 1.4609687328338623, 1.5244636535644531, 1.4926319122314453, 1.5887824296951294, 1.5808035135269165, 1.5179396867752075, 1.5210293531417847, 1.5891696214675903, 1.5891025066375732, 1.5041595697402954, 1.5008556842803955, 1.5378350019454956, 1.5751855373382568, 1.537914752960205, 1.449620246887207, 1.501981258392334, 1.5062377452850342, 1.5261062383651733, 1.5011727809906006, 1.4826210737228394, 1.5612177848815918, 1.5740689039230347, 1.5321015119552612, 1.4533995389938354]",sae,Pre-64
1,beta,13,0.065,0.4619123366083722,0.4531466051409948,0.4416914330892096,0.5,0.6127276801885291,0.710202214821006,30,"[0, 1, 2, 3, 4, 5, 6, 7, 8, 9, 10, 11, 12, 13, 14, 15, 16, 17, 18, 19, 20, 21, 22, 23, 24, 25, 26, 27, 28, 29]","[1.6026382446289062, 1.4324421882629395, 1.5872447490692139, 1.508747935295105, 1.4897968769073486, 1.5960980653762817, 1.5292929410934448, 1.5182210206985474, 1.5520238876342773, 1.5210226774215698, 1.596132755279541, 1.500820279121399, 1.5635128021240234, 1.5548748970031738, 1.5773704051971436, 1.4652149677276611, 1.4869507551193237, 1.5553632974624634, 1.5388978719711304, 1.5346603393554688, 1.5101990699768066, 1.4503707885742188, 1.5048669576644897, 1.474523901939392, 1.5059694051742554, 1.4478219747543335, 1.5182535648345947, 1.4575060606002808, 1.5483806133270264, 1.5122652053833008]",sae,Pre-64
1,beta,13,0.046,0.4619123366083722,0.4531466051409948,0.4417483430441678,0.5,0.6127276801885291,0.7102127857498243,30,"[0, 1, 2, 3, 4, 5, 6, 7, 8, 9, 10, 11, 12, 13, 14, 15, 16, 17, 18, 19, 20, 21, 22, 23, 24, 25, 26, 27, 28, 29]","[1.6084750890731812, 1.4382319450378418, 1.5930851697921753, 1.5146243572235107, 1.495676875114441, 1.6019198894500732, 1.5351405143737793, 1.5240964889526367, 1.5578265190124512, 1.526894211769104, 1.6019858121871948, 1.5066848993301392, 1.5692975521087646, 1.560697317123413, 1.5831820964813232, 1.4711040258407593, 1.4928034543991089, 1.561225175857544, 1.544723391532898, 1.5404508113861084, 1.5160213708877563, 1.4562231302261353, 1.5106275081634521, 1.4804288148880005, 1.5117825269699097, 1.4536807537078857, 1.52406644821167, 1.4634212255477905, 1.5541635751724243, 1.518170952796936]",sae,Pre-64
1,beta,35,0.045,0.4566193215888805,0.4379483378046387,0.4344650998426251,0.5,0.637290178651746,0.714452560435145,30,"[0, 1, 2, 3, 4, 5, 6, 7, 8, 9, 10, 11, 12, 13, 14, 15, 16, 17, 18, 19, 20, 21, 22, 23, 24, 25, 26, 27, 28, 29]","[1.46261727809906, 1.5291554927825928, 1.593170404434204, 1.5227211713790894, 1.535964846611023, 1.5003594160079956, 1.448807716369629, 1.609588861465454, 1.6251691579818726, 1.5173929929733276, 1.5877498388290405, 1.4391052722930908, 1.5115787982940674, 1.4189233779907227, 1.508542537689209, 1.465986728668213, 1.5961188077926636, 1.4410163164138794, 1.545994520187378, 1.4466595649719238, 1.467495083808899, 1.4587966203689575, 1.4763994216918945, 1.4458537101745605, 1.4930145740509033, 1.5388777256011963, 1.469590425491333, 1.549927830696106, 1.6042379140853882, 1.5427577495574951]",sae,Pre-64
1,beta,41,0.046,0.4543678569363413,0.4427951465832617,0.4547787119298458,0.5,0.6190905384235713,0.6764007811326422,30,"[0, 1, 2, 3, 4, 5, 6, 7, 8, 9, 10, 11, 12, 13, 14, 15, 16, 17, 18, 19, 20, 21, 22, 23, 24, 25, 26, 27, 28, 29]","[1.4768470525741577, 1.5695620775222778, 1.5103936195373535, 1.4329043626785278, 1.4453822374343872, 1.613555908203125, 1.4691470861434937, 1.5326837301254272, 1.5008692741394043, 1.5968995094299316, 1.5889663696289062, 1.5261842012405396, 1.5292600393295288, 1.597316026687622, 1.5972784757614136, 1.5123456716537476, 1.50895357131958, 1.5460253953933716, 1.583242416381836, 1.5461523532867432, 1.4578315019607544, 1.5101820230484009, 1.5145069360733032, 1.5343329906463623, 1.5094472169876099, 1.4908479452133179, 1.5694148540496826, 1.5822540521621704, 1.5402905941009521, 1.4615662097930908]",sae,Pre-64
1,beta,1,0.074,0.4560357198099471,0.4497423189216591,0.4516396512712435,0.5,0.5964054457666336,0.6825388393067952,30,"[0, 1, 2, 3, 4, 5, 6, 7, 8, 9, 10, 11, 12, 13, 14, 15, 16, 17, 18, 19, 20, 21, 22, 23, 24, 25, 26, 27, 28, 29]","[1.6281358003616333, 1.4848960638046265, 1.5721763372421265, 1.4440081119537354, 1.5738914012908936, 1.4422985315322876, 1.484539270401001, 1.5263514518737793, 1.417272686958313, 1.4951132535934448, 1.5032196044921875, 1.5515493154525757, 1.6114492416381836, 1.467589259147644, 1.6049385070800781, 1.4653589725494385, 1.4537431001663208, 1.5149726867675781, 1.5829951763153076, 1.611208200454712, 1.6087085008621216, 1.5311771631240845, 1.5316171646118164, 1.4857139587402344, 1.4397778511047363, 1.4779083728790283, 1.5267720222473145, 1.5174894332885742, 1.60980224609375, 1.5413503646850586]",sae,Pre-64
1,beta,38,0.068,0.4455661720406026,0.4298851252298221,0.4442230081102559,0.5,0.6303640517897944,0.6595491241431836,30,"[0, 1, 2, 3, 4, 5, 6, 7, 8, 9, 10, 11, 12, 13, 14, 15, 16, 17, 18, 19, 20, 21, 22, 23, 24, 25, 26, 27, 28, 29]","[1.5432031154632568, 1.5369865894317627, 1.5371650457382202, 1.6289647817611694, 1.5677794218063354, 1.4364063739776611, 1.6317095756530762, 1.5746015310287476, 1.4723281860351562, 1.5639680624008179, 1.5340611934661865, 1.6117238998413086, 1.5992192029953003, 1.5558520555496216, 1.6187233924865723, 1.5442904233932495, 1.5222606658935547, 1.6283751726150513, 1.5062764883041382, 1.5840719938278198, 1.5552502870559692, 1.5449928045272827, 1.6269296407699585, 1.495143175125122, 1.5487006902694702, 1.6267857551574707, 1.514501929283142, 1.6193000078201294, 1.541029453277588, 1.6259254217147827]",sae,Pre-64
1,beta,30,0.052,0.4638407167611665,0.4544841508273655,0.4422548626922961,0.5,0.6043368975359404,0.6963471300925992,30,"[0, 1, 2, 3, 4, 5, 6, 7, 8, 9, 10, 11, 12, 13, 14, 15, 16, 17, 18, 19, 20, 21, 22, 23, 24, 25, 26, 27, 28, 29]","[1.7368836402893066, 1.7289363145828247, 1.6942112445831299, 1.6497336626052856, 1.652713418006897, 1.629677414894104, 1.644146203994751, 1.6086176633834839, 1.5823551416397095, 1.6431725025177002, 1.6557135581970215, 1.647403359413147, 1.6018116474151611, 1.6497159004211426, 1.7065696716308594, 1.7098126411437988, 1.6153841018676758, 1.6542812585830688, 1.7269405126571655, 1.6251015663146973, 1.6751772165298462, 1.6248652935028076, 1.7280488014221191, 1.6370954513549805, 1.7281341552734375, 1.655843734741211, 1.6100187301635742, 1.6397708654403687, 1.6948847770690918, 1.636297583580017]",sae,Pre-64
1,beta,27,0.085,0.4609757262074365,0.4537266978541116,0.461146210439887,0.5,0.5914172664146189,0.66036547377223,30,"[0, 1, 2, 3, 4, 5, 6, 7, 8, 9, 10, 11, 12, 13, 14, 15, 16, 17, 18, 19, 20, 21, 22, 23, 24, 25, 26, 27, 28, 29]","[1.5278120040893555, 1.6008903980255127, 1.5292110443115234, 1.513380765914917, 1.5818723440170288, 1.4900102615356445, 1.5919071435928345, 1.4569371938705444, 1.5620362758636475, 1.571066975593567, 1.476741909980774, 1.603797197341919, 1.5164732933044434, 1.4763665199279785, 1.5155906677246094, 1.4288545846939087, 1.5202981233596802, 1.565050482749939, 1.5085070133209229, 1.5293596982955933, 1.5955827236175537, 1.5309749841690063, 1.4838777780532837, 1.4391933679580688, 1.5018322467803955, 1.6091632843017578, 1.4929046630859375, 1.5438802242279053, 1.434017300605774, 1.5415010452270508]",sae,Pre-64
1,beta,14,0.044,0.4467366851483266,0.4421697276018216,0.4398980664446395,0.5,0.5934222168898753,0.6938061458630154,30,"[0, 1, 2, 3, 4, 5, 6, 7, 8, 9, 10, 11, 12, 13, 14, 15, 16, 17, 18, 19, 20, 21, 22, 23, 24, 25, 26, 27, 28, 29]","[1.5745749473571777, 1.4774994850158691, 1.5964797735214233, 1.6326730251312256, 1.600640058517456, 1.6024121046066284, 1.5421198606491089, 1.7069779634475708, 1.6007002592086792, 1.6794605255126953, 1.5405232906341553, 1.565433144569397, 1.5874302387237549, 1.6779334545135498, 1.6311488151550293, 1.6039873361587524, 1.699392557144165, 1.6966456174850464, 1.6143118143081665, 1.571519374847412, 1.5877588987350464, 1.6154794692993164, 1.6775716543197632, 1.5656646490097046, 1.6876252889633179, 1.6938139200210571, 1.6425795555114746, 1.696170449256897, 1.686819076538086, 1.5976016521453857]",sae,Pre-64
1,beta,16,0.07,0.4519396108125126,0.4401978349795346,0.4330744683870037,0.5,0.6159012314439947,0.7190361721611721,30,"[0, 1, 2, 3, 4, 5, 6, 7, 8, 9, 10, 11, 12, 13, 14, 15, 16, 17, 18, 19, 20, 21, 22, 23, 24, 25, 26, 27, 28, 29]","[1.4382297992706299, 1.3747191429138184, 1.3992863893508911, 1.488014578819275, 1.4841923713684082, 1.3962570428848267, 1.490541696548462, 1.4464991092681885, 1.4158480167388916, 1.4856562614440918, 1.4952055215835571, 1.4521830081939697, 1.4150530099868774, 1.4178558588027954, 1.3860911130905151, 1.418884038925171, 1.4747123718261719, 1.3177520036697388, 1.4116852283477783, 1.4747512340545654, 1.5147603750228882, 1.474482536315918, 1.4877904653549194, 1.476922631263733, 1.3739912509918213, 1.4679207801818848, 1.3978211879730225, 1.4192476272583008, 1.376301646232605, 1.4055451154708862]",sae,Pre-64
1,beta,47,0.066,0.4460371044958436,0.4257646434940195,0.4058233000920453,0.5,0.6434257056516428,0.7328714717417861,30,"[0, 1, 2, 3, 4, 5, 6, 7, 8, 9, 10, 11, 12, 13, 14, 15, 16, 17, 18, 19, 20, 21, 22, 23, 24, 25, 26, 27, 28, 29]","[1.5557396411895752, 1.398177981376648, 1.3975569009780884, 1.4105820655822754, 1.5031366348266602, 1.5348418951034546, 1.4875096082687378, 1.5148344039916992, 1.4992741346359253, 1.423913598060608, 1.434256672859192, 1.3733502626419067, 1.414551019668579, 1.5558936595916748, 1.38045334815979, 1.5233992338180542, 1.4283530712127686, 1.4992808103561401, 1.3420295715332031, 1.3797911405563354, 1.4269158840179443, 1.4780247211456299, 1.5174894332885742, 1.394369125366211, 1.488706350326538, 1.376434087753296, 1.3290214538574219, 1.4904375076293945, 1.3766189813613892, 1.4603534936904907]",sae,Pre-64
1,beta,20,0.064,0.4408022875601419,0.4262939306313442,0.435947712741027,0.5,0.6176087118064704,0.6504789602037439,30,"[0, 1, 2, 3, 4, 5, 6, 7, 8, 9, 10, 11, 12, 13, 14, 15, 16, 17, 18, 19, 20, 21, 22, 23, 24, 25, 26, 27, 28, 29]","[1.4382086992263794, 1.5089625120162964, 1.4463056325912476, 1.5529509782791138, 1.5007448196411133, 1.5188871622085571, 1.5155463218688965, 1.4363609552383423, 1.482519268989563, 1.4411314725875854, 1.4543715715408325, 1.4470691680908203, 1.565048336982727, 1.3971503973007202, 1.4528752565383911, 1.5519399642944336, 1.4431923627853394, 1.4148341417312622, 1.4834917783737183, 1.4828037023544312, 1.476916790008545, 1.38413667678833, 1.502528429031372, 1.5570887327194214, 1.5217468738555908, 1.4088996648788452, 1.452695369720459, 1.4948612451553345, 1.4074244499206543, 1.5558322668075562]",sae,Pre-64
1,beta,35,0.064,0.4566193215888805,0.4379483378046387,0.4343724689821562,0.5,0.637290178651746,0.7144480626570474,30,"[0, 1, 2, 3, 4, 5, 6, 7, 8, 9, 10, 11, 12, 13, 14, 15, 16, 17, 18, 19, 20, 21, 22, 23, 24, 25, 26, 27, 28, 29]","[1.4554890394210815, 1.5219932794570923, 1.5860366821289062, 1.5155445337295532, 1.5288361310958862, 1.4931583404541016, 1.4416900873184204, 1.6024339199066162, 1.6180459260940552, 1.5102078914642334, 1.5806413888931274, 1.4318897724151611, 1.504367470741272, 1.4118374586105347, 1.5013470649719238, 1.4588353633880615, 1.5889670848846436, 1.4338221549987793, 1.5387864112854004, 1.4395390748977661, 1.4603506326675415, 1.451689600944519, 1.4691699743270874, 1.4387513399124146, 1.4858555793762207, 1.5317530632019043, 1.4624409675598145, 1.5427141189575195, 1.5971418619155884, 1.5355743169784546]",sae,Pre-64
1,beta,43,0.074,0.4515364523902173,0.4432102910589974,0.4420310468191177,0.5,0.6060785767234989,0.6994054855448479,30,"[0, 1, 2, 3, 4, 5, 6, 7, 8, 9, 10, 11, 12, 13, 14, 15, 16, 17, 18, 19, 20, 21, 22, 23, 24, 25, 26, 27, 28, 29]","[1.5182335376739502, 1.5914721488952637, 1.5674389600753784, 1.464685320854187, 1.4996974468231201, 1.4388840198516846, 1.4696972370147705, 1.4565637111663818, 1.5565319061279297, 1.4461899995803833, 1.4118061065673828, 1.6019783020019531, 1.5306987762451172, 1.473183274269104, 1.4729926586151123, 1.3606828451156616, 1.558659315109253, 1.4567230939865112, 1.5534334182739258, 1.54934561252594, 1.4519085884094238, 1.4650804996490479, 1.5903115272521973, 1.5228171348571777, 1.4457151889801025, 1.5265971422195435, 1.5930068492889404, 1.4563496112823486, 1.5521442890167236, 1.6025669574737549]",sae,Pre-64
1,beta,15,0.062,0.4529015220185267,0.4424399871594601,0.4354861606310683,0.5,0.6161071485640408,0.7111361292290708,30,"[0, 1, 2, 3, 4, 5, 6, 7, 8, 9, 10, 11, 12, 13, 14, 15, 16, 17, 18, 19, 20, 21, 22, 23, 24, 25, 26, 27, 28, 29]","[1.4029109477996826, 1.3733494281768799, 1.4144598245620728, 1.41446852684021, 1.4889663457870483, 1.3852378129959106, 1.3798210620880127, 1.4040759801864624, 1.4625322818756104, 1.4603004455566406, 1.4483566284179688, 1.3631036281585693, 1.5217397212982178, 1.465359091758728, 1.3561146259307861, 1.431474208831787, 1.3693130016326904, 1.5148097276687622, 1.3539540767669678, 1.4210896492004395, 1.5078574419021606, 1.4750951528549194, 1.396233081817627, 1.434378981590271, 1.4037363529205322, 1.2860698699951172, 1.4774281978607178, 1.5220606327056885, 1.4194093942642212, 1.4155991077423096]",sae,Pre-64
1,beta,24,0.05,0.4501416387440968,0.4383559369047743,0.4508764943171338,0.5,0.6188330126613704,0.6422030163853029,30,"[0, 1, 2, 3, 4, 5, 6, 7, 8, 9, 10, 11, 12, 13, 14, 15, 16, 17, 18, 19, 20, 21, 22, 23, 24, 25, 26, 27, 28, 29]","[1.5375834703445435, 1.435289978981018, 1.4635202884674072, 1.545958161354065, 1.5487077236175537, 1.4521877765655518, 1.4666008949279785, 1.4623841047286987, 1.5129395723342896, 1.399314522743225, 1.4988402128219604, 1.4445455074310303, 1.5437971353530884, 1.5300114154815674, 1.464188814163208, 1.4299468994140625, 1.55156672000885, 1.3444017171859741, 1.4366984367370605, 1.551429033279419, 1.5281022787094116, 1.5461924076080322, 1.4394053220748901, 1.5071414709091187, 1.420938491821289, 1.3805464506149292, 1.49778151512146, 1.4165778160095215, 1.5544700622558594, 1.4538253545761108]",sae,Pre-64
1,beta,46,0.078,0.4545712902572906,0.4417269056853911,0.4523770308563613,0.5,0.6270377926330811,0.6894086819411118,30,"[0, 1, 2, 3, 4, 5, 6, 7, 8, 9, 10, 11, 12, 13, 14, 15, 16, 17, 18, 19, 20, 21, 22, 23, 24, 25, 26, 27, 28, 29]","[1.465847373008728, 1.5715965032577515, 1.562833309173584, 1.550593614578247, 1.4671597480773926, 1.597346305847168, 1.4904345273971558, 1.616175889968872, 1.547168493270874, 1.6459358930587769, 1.3754218816757202, 1.4731969833374023, 1.612136721611023, 1.4587290287017822, 1.5227893590927124, 1.6119767427444458, 1.5397981405258179, 1.5525182485580444, 1.6243923902511597, 1.6026427745819092, 1.5174893140792847, 1.5156981945037842, 1.5487381219863892, 1.5438271760940552, 1.55288827419281, 1.5653927326202393, 1.5414729118347168, 1.5894949436187744, 1.5203274488449097, 1.5377039909362793]",sae,Pre-64
1,beta,42,0.054,0.4546678683050885,0.4407690563496341,0.4565860993110706,0.5,0.6336081445133979,0.6612666570452687,30,"[0, 1, 2, 3, 4, 5, 6, 7, 8, 9, 10, 11, 12, 13, 14, 15, 16, 17, 18, 19, 20, 21, 22, 23, 24, 25, 26, 27, 28, 29]","[1.6491605043411255, 1.5139957666397095, 1.6588771343231201, 1.6540839672088623, 1.5961729288101196, 1.638385534286499, 1.5883129835128784, 1.5457868576049805, 1.508247971534729, 1.6566228866577148, 1.6244490146636963, 1.6664350032806396, 1.540671467781067, 1.3041518926620483, 1.6685224771499634, 1.5508882999420166, 1.4951690435409546, 1.4713891744613647, 1.6212700605392456, 1.6512433290481567, 1.5600024461746216, 1.5336054563522339, 1.5617003440856934, 1.4889729022979736, 1.5406291484832764, 1.502245306968689, 1.6753356456756592, 1.4911209344863892, 1.5774312019348145, 1.4949698448181152]",sae,Pre-64
1,beta,16,0.082,0.4519396108125126,0.4401978349795346,0.4306578689787248,0.5,0.6159012314439947,0.7167588442259494,30,"[0, 1, 2, 3, 4, 5, 6, 7, 8, 9, 10, 11, 12, 13, 14, 15, 16, 17, 18, 19, 20, 21, 22, 23, 24, 25, 26, 27, 28, 29]","[1.274306297302246, 1.2374393939971924, 1.2425100803375244, 1.3213623762130737, 1.3138151168823242, 1.256414771080017, 1.3196327686309814, 1.2959604263305664, 1.2669355869293213, 1.3216787576675415, 1.322109580039978, 1.3055825233459473, 1.2615939378738403, 1.2826083898544312, 1.2009613513946533, 1.2509853839874268, 1.3306282758712769, 1.1571487188339233, 1.2682785987854004, 1.3031104803085327, 1.3514660596847534, 1.3191219568252563, 1.324795126914978, 1.3153669834136963, 1.205095887184143, 1.293919324874878, 1.2157418727874756, 1.2702916860580444, 1.2266333103179932, 1.250367522239685]",sae,Pre-64
1,beta,31,0.07,0.4497611378811508,0.4308970333737342,0.4336365515401075,0.5,0.642735734520437,0.7099858356940509,30,"[0, 1, 2, 3, 4, 5, 6, 7, 8, 9, 10, 11, 12, 13, 14, 15, 16, 17, 18, 19, 20, 21, 22, 23, 24, 25, 26, 27, 28, 29]","[1.5621681213378906, 1.5230681896209717, 1.4393560886383057, 1.463518738746643, 1.5138390064239502, 1.6007089614868164, 1.476918339729309, 1.5338735580444336, 1.4837241172790527, 1.5525766611099243, 1.5042266845703125, 1.5324944257736206, 1.5670669078826904, 1.4026811122894287, 1.5667262077331543, 1.5030443668365479, 1.5268853902816772, 1.5264277458190918, 1.5403616428375244, 1.495357871055603, 1.5844049453735352, 1.526231288909912, 1.5794754028320312, 1.531182050704956, 1.5205211639404297, 1.5471919775009155, 1.43984854221344, 1.592849850654602, 1.4362983703613281, 1.5331703424453735]",sae,Pre-64
1,beta,6,0.075,0.4540822999211705,0.4457917896713532,0.448453550018293,0.5,0.5933447799067053,0.6642122377037971,30,"[0, 1, 2, 3, 4, 5, 6, 7, 8, 9, 10, 11, 12, 13, 14, 15, 16, 17, 18, 19, 20, 21, 22, 23, 24, 25, 26, 27, 28, 29]","[1.4778934717178345, 1.5132595300674438, 1.4276435375213623, 1.5240684747695923, 1.4090112447738647, 1.4201531410217285, 1.4149214029312134, 1.4973926544189453, 1.4069700241088867, 1.505840539932251, 1.4325727224349976, 1.3722419738769531, 1.4237512350082397, 1.3923670053482056, 1.2251530885696411, 1.5020374059677124, 1.3883975744247437, 1.4653115272521973, 1.450252890586853, 1.463792085647583, 1.4416704177856445, 1.4037538766860962, 1.5141677856445312, 1.4472674131393433, 1.3876008987426758, 1.4547133445739746, 1.405086874961853, 1.3894844055175781, 1.451560139656067, 1.476975679397583]",sae,Pre-64
1,beta,36,0.042,0.4642138821845151,0.4576483090311837,0.4621345203616962,0.5,0.6031055233182893,0.6742671104373232,30,"[0, 1, 2, 3, 4, 5, 6, 7, 8, 9, 10, 11, 12, 13, 14, 15, 16, 17, 18, 19, 20, 21, 22, 23, 24, 25, 26, 27, 28, 29]","[1.5281323194503784, 1.5194134712219238, 1.4395052194595337, 1.5206482410430908, 1.398025393486023, 1.5490692853927612, 1.4465080499649048, 1.4909210205078125, 1.5613347291946411, 1.4141404628753662, 1.4484608173370361, 1.55023992061615, 1.4397716522216797, 1.475448489189148, 1.48587965965271, 1.5634552240371704, 1.5157434940338135, 1.49946129322052, 1.5582597255706787, 1.432277798652649, 1.4741969108581543, 1.4643008708953857, 1.4697542190551758, 1.446190357208252, 1.5433015823364258, 1.5240095853805542, 1.4555954933166504, 1.5058397054672241, 1.5409356355667114, 1.4345779418945312]",sae,Pre-64
1,beta,19,0.066,0.4469965829377276,0.435497383761294,0.4159692371277575,0.5,0.6104665954706788,0.7125372993686591,30,"[0, 1, 2, 3, 4, 5, 6, 7, 8, 9, 10, 11, 12, 13, 14, 15, 16, 17, 18, 19, 20, 21, 22, 23, 24, 25, 26, 27, 28, 29]","[1.4685062170028687, 1.4813613891601562, 1.5658965110778809, 1.4990129470825195, 1.44240140914917, 1.4477617740631104, 1.4817136526107788, 1.5629329681396484, 1.4432843923568726, 1.579249620437622, 1.5936836004257202, 1.6061416864395142, 1.4812113046646118, 1.4776113033294678, 1.4204027652740479, 1.4403201341629028, 1.566799283027649, 1.5929627418518066, 1.4298409223556519, 1.4506402015686035, 1.6167033910751343, 1.4663742780685425, 1.4826775789260864, 1.4568860530853271, 1.4480429887771606, 1.5803813934326172, 1.581587314605713, 1.48836088180542, 1.470417857170105, 1.4364616870880127]",sae,Pre-64
1,beta,4,0.048,0.4589558369307028,0.4477177462853796,0.4675464915806342,0.5,0.61034827708266,0.6553026455515027,30,"[0, 1, 2, 3, 4, 5, 6, 7, 8, 9, 10, 11, 12, 13, 14, 15, 16, 17, 18, 19, 20, 21, 22, 23, 24, 25, 26, 27, 28, 29]","[1.6920509338378906, 1.6919641494750977, 1.5519192218780518, 1.7222723960876465, 1.5406278371810913, 1.5894403457641602, 1.6930696964263916, 1.571007490158081, 1.6004245281219482, 1.7058145999908447, 1.6642675399780273, 1.603037714958191, 1.711778163909912, 1.5558480024337769, 1.5526772737503052, 1.612226128578186, 1.6477484703063965, 1.6375261545181274, 1.5962355136871338, 1.6665836572647095, 1.620662808418274, 1.6798059940338135, 1.6169151067733765, 1.563704490661621, 1.635985016822815, 1.6157021522521973, 1.5577024221420288, 1.5957400798797607, 1.6790108680725098, 1.5602223873138428]",sae,Pre-64
1,beta,34,0.075,0.4568527557813058,0.4470225010708758,0.4484526860925549,0.5,0.6011606799053854,0.6782536819522815,30,"[0, 1, 2, 3, 4, 5, 6, 7, 8, 9, 10, 11, 12, 13, 14, 15, 16, 17, 18, 19, 20, 21, 22, 23, 24, 25, 26, 27, 28, 29]","[1.3870614767074585, 1.4719719886779785, 1.4774140119552612, 1.4226311445236206, 1.3722240924835205, 1.3876378536224365, 1.4287781715393066, 1.346398949623108, 1.3503628969192505, 1.3914904594421387, 1.446615219116211, 1.2505437135696411, 1.4575591087341309, 1.3483766317367554, 1.3570185899734497, 1.381049633026123, 1.4738104343414307, 1.4895247220993042, 1.3983677625656128, 1.3875303268432617, 1.4054591655731201, 1.4917691946029663, 1.4255034923553467, 1.4496098756790161, 1.3768779039382935, 1.3237392902374268, 1.5032663345336914, 1.4881840944290161, 1.4756278991699219, 1.459949016571045]",sae,Pre-64
1,beta,42,0.044,0.4546678683050885,0.4407690563496341,0.4591561827815658,0.5,0.6336081445133979,0.6606457762062827,30,"[0, 1, 2, 3, 4, 5, 6, 7, 8, 9, 10, 11, 12, 13, 14, 15, 16, 17, 18, 19, 20, 21, 22, 23, 24, 25, 26, 27, 28, 29]","[1.7382382154464722, 1.6142014265060425, 1.7376285791397095, 1.7476565837860107, 1.6990045309066772, 1.7209769487380981, 1.6905180215835571, 1.6357940435409546, 1.5889701843261719, 1.7471369504928589, 1.7148045301437378, 1.749772071838379, 1.6195991039276123, 1.3906617164611816, 1.7577229738235474, 1.629254698753357, 1.5637600421905518, 1.5567976236343384, 1.7194396257400513, 1.7520920038223267, 1.6503503322601318, 1.608422875404358, 1.659247636795044, 1.5672951936721802, 1.6166696548461914, 1.574942708015442, 1.7729921340942383, 1.5634536743164062, 1.6675565242767334, 1.587587594985962]",sae,Pre-64
1,beta,28,0.074,0.4589844236982603,0.4495627040154577,0.44174513846973,0.5,0.5987249917034086,0.6982544564547479,30,"[0, 1, 2, 3, 4, 5, 6, 7, 8, 9, 10, 11, 12, 13, 14, 15, 16, 17, 18, 19, 20, 21, 22, 23, 24, 25, 26, 27, 28, 29]","[1.4508533477783203, 1.3343061208724976, 1.3236263990402222, 1.543090581893921, 1.4971531629562378, 1.4809792041778564, 1.4417190551757812, 1.374643087387085, 1.4753854274749756, 1.5070171356201172, 1.436977505683899, 1.467523455619812, 1.5147602558135986, 1.5248466730117798, 1.4578231573104858, 1.404868721961975, 1.4396165609359741, 1.4961204528808594, 1.4707584381103516, 1.47089421749115, 1.4054549932479858, 1.4256280660629272, 1.4274762868881226, 1.3756719827651978, 1.4072307348251343, 1.4958412647247314, 1.5346463918685913, 1.4178290367126465, 1.3965628147125244, 1.4087064266204834]",sae,Pre-64
1,beta,49,0.064,0.462130925118617,0.4524487678230295,0.4515068825126407,0.5,0.6141152509743157,0.6850319293797248,30,"[0, 1, 2, 3, 4, 5, 6, 7, 8, 9, 10, 11, 12, 13, 14, 15, 16, 17, 18, 19, 20, 21, 22, 23, 24, 25, 26, 27, 28, 29]","[1.5079267024993896, 1.5715768337249756, 1.5626788139343262, 1.5428053140640259, 1.4742735624313354, 1.5173885822296143, 1.6230615377426147, 1.5213834047317505, 1.6585731506347656, 1.5760477781295776, 1.533087134361267, 1.4994227886199951, 1.5853831768035889, 1.5752828121185303, 1.635985016822815, 1.58663809299469, 1.652298927307129, 1.646423101425171, 1.4940245151519775, 1.5955350399017334, 1.6353360414505005, 1.5299108028411865, 1.6518560647964478, 1.56363844871521, 1.497161865234375, 1.5701249837875366, 1.5682721138000488, 1.506211757659912, 1.4793059825897217, 1.5139882564544678]",sae,Pre-64
1,beta,9,0.042,0.448644851968101,0.4348910401892977,0.4532774964591052,0.5,0.6286670530281078,0.6728165749058245,30,"[0, 1, 2, 3, 4, 5, 6, 7, 8, 9, 10, 11, 12, 13, 14, 15, 16, 17, 18, 19, 20, 21, 22, 23, 24, 25, 26, 27, 28, 29]","[1.7244303226470947, 1.5978314876556396, 1.721410870552063, 1.6924480199813843, 1.6037863492965698, 1.4384899139404297, 1.7098647356033325, 1.6246436834335327, 1.7251081466674805, 1.5458725690841675, 1.6619864702224731, 1.6258504390716553, 1.597599983215332, 1.6469227075576782, 1.7587312459945679, 1.6200134754180908, 1.6117873191833496, 1.6882675886154175, 1.7292119264602661, 1.5817421674728394, 1.7235504388809204, 1.7285107374191284, 1.6028332710266113, 1.7120305299758911, 1.7099666595458984, 1.708958625793457, 1.5682350397109985, 1.5434675216674805, 1.597195029258728, 1.7400031089782715]",sae,Pre-64
1,beta,21,0.084,0.4504746503440228,0.4381370334360364,0.440286532733499,0.5,0.6200058082774133,0.6872427983539094,30,"[0, 1, 2, 3, 4, 5, 6, 7, 8, 9, 10, 11, 12, 13, 14, 15, 16, 17, 18, 19, 20, 21, 22, 23, 24, 25, 26, 27, 28, 29]","[1.4406208992004395, 1.49131441116333, 1.6160205602645874, 1.6107286214828491, 1.5915857553482056, 1.5723235607147217, 1.4858366250991821, 1.4946025609970093, 1.6004971265792847, 1.512536644935608, 1.5904797315597534, 1.599006175994873, 1.4779452085494995, 1.5049840211868286, 1.5009804964065552, 1.4947006702423096, 1.4956272840499878, 1.5071147680282593, 1.4377670288085938, 1.6075865030288696, 1.432633876800537, 1.615552544593811, 1.4275486469268799, 1.4456114768981934, 1.501130223274231, 1.4592115879058838, 1.4267312288284302, 1.4813824892044067, 1.5688480138778687, 1.5537997484207153]",sae,Pre-64
1,beta,22,0.072,0.4519005213187685,0.4442985770479847,0.4444171705503604,0.5,0.5939599289403404,0.6801638842809916,30,"[0, 1, 2, 3, 4, 5, 6, 7, 8, 9, 10, 11, 12, 13, 14, 15, 16, 17, 18, 19, 20, 21, 22, 23, 24, 25, 26, 27, 28, 29]","[1.4166107177734375, 1.462409496307373, 1.4754900932312012, 1.497023105621338, 1.5372350215911865, 1.43702232837677, 1.4461023807525635, 1.4269956350326538, 1.422621488571167, 1.4728739261627197, 1.4208661317825317, 1.5305492877960205, 1.4634361267089844, 1.516789436340332, 1.3814865350723267, 1.5030431747436523, 1.5146127939224243, 1.4675350189208984, 1.399635910987854, 1.4087860584259033, 1.4878942966461182, 1.4863373041152954, 1.4876701831817627, 1.438136339187622, 1.4899872541427612, 1.5228954553604126, 1.4228458404541016, 1.411159634590149, 1.5518146753311157, 1.3919442892074585]",sae,Pre-64
1,beta,3,0.052,0.4557259332451328,0.444824285747971,0.4693325079111179,0.5,0.6042731979176,0.6515304367432005,30,"[0, 1, 2, 3, 4, 5, 6, 7, 8, 9, 10, 11, 12, 13, 14, 15, 16, 17, 18, 19, 20, 21, 22, 23, 24, 25, 26, 27, 28, 29]","[1.5072425603866577, 1.5271620750427246, 1.5109933614730835, 1.501659870147705, 1.5155733823776245, 1.5720019340515137, 1.5001143217086792, 1.5705156326293945, 1.3080739974975586, 1.581354022026062, 1.4672924280166626, 1.58232843875885, 1.5112621784210205, 1.5175257921218872, 1.5890008211135864, 1.499837040901184, 1.5014536380767822, 1.5472403764724731, 1.4900681972503662, 1.47447669506073, 1.4149261713027954, 1.4779986143112183, 1.4828230142593384, 1.6062484979629517, 1.5811711549758911, 1.4986478090286255, 1.4966070652008057, 1.4986112117767334, 1.575667142868042, 1.4971426725387573]",sae,Pre-64
1,beta,10,0.08,0.4493907433353129,0.4390813823454372,0.4434412069884853,0.5,0.6232207829487961,0.6770031217481789,30,"[0, 1, 2, 3, 4, 5, 6, 7, 8, 9, 10, 11, 12, 13, 14, 15, 16, 17, 18, 19, 20, 21, 22, 23, 24, 25, 26, 27, 28, 29]","[1.428001880645752, 1.3391870260238647, 1.5065070390701294, 1.4250576496124268, 1.4209001064300537, 1.4297770261764526, 1.5179213285446167, 1.444541573524475, 1.331794023513794, 1.4816316366195679, 1.4332455396652222, 1.4571093320846558, 1.4565863609313965, 1.4318809509277344, 1.4940718412399292, 1.4523714780807495, 1.4616276025772095, 1.3713021278381348, 1.4273695945739746, 1.3868911266326904, 1.4070477485656738, 1.4377690553665161, 1.4985160827636719, 1.5004128217697144, 1.4380391836166382, 1.3728938102722168, 1.4341963529586792, 1.4348770380020142, 1.4331234693527222, 1.488145351409912]",sae,Pre-64
1,beta,36,0.0535,0.4642138821845151,0.4576483090311837,0.462087602658696,0.5,0.6031055233182893,0.6742511370170945,30,"[0, 1, 2, 3, 4, 5, 6, 7, 8, 9, 10, 11, 12, 13, 14, 15, 16, 17, 18, 19, 20, 21, 22, 23, 24, 25, 26, 27, 28, 29]","[1.5248744487762451, 1.5161923170089722, 1.436242699623108, 1.5173901319503784, 1.394774317741394, 1.5458204746246338, 1.4432346820831299, 1.4876677989959717, 1.5580819845199585, 1.4108716249465942, 1.4451868534088135, 1.546975016593933, 1.436484456062317, 1.472180724143982, 1.4826282262802124, 1.5602025985717773, 1.5124757289886475, 1.4962048530578613, 1.5550161600112915, 1.4289956092834473, 1.470927119255066, 1.461025357246399, 1.466480016708374, 1.4429435729980469, 1.5400420427322388, 1.520769476890564, 1.4522898197174072, 1.5025889873504639, 1.537684440612793, 1.4313147068023682]",sae,Pre-64
1,beta,9,0.06,0.448644851968101,0.4348910401892977,0.4530979674595741,0.5,0.6286670530281078,0.6728006374963779,30,"[0, 1, 2, 3, 4, 5, 6, 7, 8, 9, 10, 11, 12, 13, 14, 15, 16, 17, 18, 19, 20, 21, 22, 23, 24, 25, 26, 27, 28, 29]","[1.7109675407409668, 1.5842663049697876, 1.7079119682312012, 1.678868055343628, 1.5902751684188843, 1.4249686002731323, 1.6963796615600586, 1.611156702041626, 1.7116459608078003, 1.5324158668518066, 1.6483237743377686, 1.612221121788025, 1.5840600728988647, 1.6332184076309204, 1.745279312133789, 1.6063835620880127, 1.5983351469039917, 1.6746602058410645, 1.7157206535339355, 1.5682110786437988, 1.71013343334198, 1.714996337890625, 1.5894196033477783, 1.6985024213790894, 1.6963884830474854, 1.6954206228256226, 1.5548317432403564, 1.5301947593688965, 1.5835036039352417, 1.7265360355377197]",sae,Pre-64
1,beta,38,0.08,0.4455661720406026,0.4298851252298221,0.4399804236652105,0.5,0.6303640517897944,0.660958111195735,30,"[0, 1, 2, 3, 4, 5, 6, 7, 8, 9, 10, 11, 12, 13, 14, 15, 16, 17, 18, 19, 20, 21, 22, 23, 24, 25, 26, 27, 28, 29]","[1.4272310733795166, 1.4136321544647217, 1.4329899549484253, 1.4888180494308472, 1.4401179552078247, 1.3181908130645752, 1.4985042810440063, 1.4459787607192993, 1.3224674463272095, 1.4484505653381348, 1.431153655052185, 1.469915509223938, 1.470589518547058, 1.4377529621124268, 1.4884101152420044, 1.4185259342193604, 1.4096463918685913, 1.5042721033096313, 1.3991001844406128, 1.4527571201324463, 1.4295432567596436, 1.4327290058135986, 1.4969449043273926, 1.3836663961410522, 1.4279080629348755, 1.49432373046875, 1.3800954818725586, 1.4951951503753662, 1.4195852279663086, 1.5060162544250488]",sae,Pre-64
1,beta,47,0.048,0.4460371044958436,0.4257646434940195,0.4110934132161749,0.5,0.6434257056516428,0.735280974731563,30,"[0, 1, 2, 3, 4, 5, 6, 7, 8, 9, 10, 11, 12, 13, 14, 15, 16, 17, 18, 19, 20, 21, 22, 23, 24, 25, 26, 27, 28, 29]","[1.8361583948135376, 1.6515051126480103, 1.6481361389160156, 1.6451270580291748, 1.7678654193878174, 1.8037097454071045, 1.7238515615463257, 1.8304659128189087, 1.7668683528900146, 1.6653004884719849, 1.7010654211044312, 1.6452950239181519, 1.6714833974838257, 1.8322298526763916, 1.6530886888504028, 1.813398003578186, 1.6839170455932617, 1.7744735479354858, 1.6193039417266846, 1.6430336236953735, 1.6787590980529785, 1.7556756734848022, 1.83341383934021, 1.6606265306472778, 1.7378031015396118, 1.6249117851257324, 1.5717010498046875, 1.818992257118225, 1.6190736293792725, 1.6943358182907104]",sae,Pre-64
1,beta,9,0.072,0.448644851968101,0.4348910401892977,0.449253346313428,0.5,0.6286670530281078,0.67390756302521,30,"[0, 1, 2, 3, 4, 5, 6, 7, 8, 9, 10, 11, 12, 13, 14, 15, 16, 17, 18, 19, 20, 21, 22, 23, 24, 25, 26, 27, 28, 29]","[1.5799423456192017, 1.4792965650558472, 1.5800461769104004, 1.5517641305923462, 1.4697805643081665, 1.3108512163162231, 1.5605961084365845, 1.4892234802246094, 1.582640528678894, 1.4179353713989258, 1.530932068824768, 1.4915558099746704, 1.4855082035064697, 1.5258090496063232, 1.6039681434631348, 1.5055100917816162, 1.4704607725143433, 1.5598920583724976, 1.59066903591156, 1.4493228197097778, 1.5706690549850464, 1.5878125429153442, 1.460384488105774, 1.5763992071151733, 1.5744071006774902, 1.5673784017562866, 1.4158291816711426, 1.3936752080917358, 1.4660590887069702, 1.5981948375701904]",sae,Pre-64
1,beta,37,0.06,0.4546908257221888,0.444978337644671,0.4340421059680605,0.5,0.6058579085235571,0.717274658683502,30,"[0, 1, 2, 3, 4, 5, 6, 7, 8, 9, 10, 11, 12, 13, 14, 15, 16, 17, 18, 19, 20, 21, 22, 23, 24, 25, 26, 27, 28, 29]","[1.4753658771514893, 1.5372426509857178, 1.512007713317871, 1.4878424406051636, 1.4397144317626953, 1.5474731922149658, 1.513410210609436, 1.5619940757751465, 1.6080470085144043, 1.5478918552398682, 1.5118919610977173, 1.5199164152145386, 1.546399474143982, 1.5507992506027222, 1.5839672088623047, 1.5283876657485962, 1.5179463624954224, 1.5619739294052124, 1.534267783164978, 1.5316405296325684, 1.55819833278656, 1.5671746730804443, 1.5912882089614868, 1.5754117965698242, 1.5338023900985718, 1.571884274482727, 1.540207862854004, 1.570048213005066, 1.5720970630645752, 1.5864702463150024]",sae,Pre-64
1,beta,25,0.068,0.4465066892532915,0.4352791138475453,0.4430965198947092,0.5,0.6270054355300688,0.6611897771372874,30,"[0, 1, 2, 3, 4, 5, 6, 7, 8, 9, 10, 11, 12, 13, 14, 15, 16, 17, 18, 19, 20, 21, 22, 23, 24, 25, 26, 27, 28, 29]","[1.5354689359664917, 1.5604279041290283, 1.426984429359436, 1.6088120937347412, 1.5873547792434692, 1.5776773691177368, 1.4575693607330322, 1.4662307500839233, 1.5124245882034302, 1.4285414218902588, 1.5879485607147217, 1.52237868309021, 1.5620590448379517, 1.4676871299743652, 1.45896577835083, 1.5027738809585571, 1.3727778196334839, 1.3881148099899292, 1.4325286149978638, 1.4582270383834839, 1.6010410785675049, 1.3797292709350586, 1.5492318868637085, 1.4720501899719238, 1.525288701057434, 1.4724702835083008, 1.625030755996704, 1.5562294721603394, 1.5880942344665527, 1.4336392879486084]",sae,Pre-64
1,beta,23,0.06,0.4478205607315014,0.4344954522622479,0.4346295091407738,0.5,0.6150139710231751,0.6749948185431105,30,"[0, 1, 2, 3, 4, 5, 6, 7, 8, 9, 10, 11, 12, 13, 14, 15, 16, 17, 18, 19, 20, 21, 22, 23, 24, 25, 26, 27, 28, 29]","[1.397318720817566, 1.456639051437378, 1.4356590509414673, 1.5479240417480469, 1.3270998001098633, 1.3932197093963623, 1.5292396545410156, 1.4205399751663208, 1.3958020210266113, 1.5303770303726196, 1.5354562997817993, 1.4901922941207886, 1.479405164718628, 1.3743871450424194, 1.4679136276245117, 1.5272635221481323, 1.219871997833252, 1.433046579360962, 1.378228783607483, 1.4101893901824951, 1.5251647233963013, 1.5474157333374023, 1.3982337713241577, 1.5403568744659424, 1.5331774950027466, 1.4407669305801392, 1.396510124206543, 1.4378917217254639, 1.4402813911437988, 1.5488094091415405]",sae,Pre-64
1,beta,45,0.07,0.4515599815008028,0.4347157609968581,0.447287113389801,0.5,0.6289673345145609,0.6764890282131661,30,"[0, 1, 2, 3, 4, 5, 6, 7, 8, 9, 10, 11, 12, 13, 14, 15, 16, 17, 18, 19, 20, 21, 22, 23, 24, 25, 26, 27, 28, 29]","[1.5509443283081055, 1.5427664518356323, 1.4360520839691162, 1.6159113645553589, 1.6119112968444824, 1.4679676294326782, 1.6234910488128662, 1.5994504690170288, 1.478668212890625, 1.4388031959533691, 1.5482975244522095, 1.6273993253707886, 1.581835150718689, 1.4963446855545044, 1.5062522888183594, 1.5245500802993774, 1.538060188293457, 1.4122551679611206, 1.5377445220947266, 1.5301529169082642, 1.581002116203308, 1.479049801826477, 1.5909818410873413, 1.4585318565368652, 1.4379308223724365, 1.617081642150879, 1.4704777002334595, 1.4858824014663696, 1.4130703210830688, 1.6178771257400513]",sae,Pre-64
1,beta,0,0.085,0.4600628296558519,0.4487196928272481,0.4324499629408473,0.5,0.6146148452673732,0.7223451647099799,30,"[0, 1, 2, 3, 4, 5, 6, 7, 8, 9, 10, 11, 12, 13, 14, 15, 16, 17, 18, 19, 20, 21, 22, 23, 24, 25, 26, 27, 28, 29]","[1.3887654542922974, 1.432356357574463, 1.4095215797424316, 1.463052749633789, 1.382827877998352, 1.4065831899642944, 1.454057216644287, 1.484697699546814, 1.4678144454956055, 1.4125827550888062, 1.4039306640625, 1.4191027879714966, 1.4803051948547363, 1.4636735916137695, 1.4804692268371582, 1.4292705059051514, 1.4405072927474976, 1.3637436628341675, 1.3137065172195435, 1.4638012647628784, 1.384630799293518, 1.3717108964920044, 1.4635651111602783, 1.4067349433898926, 1.3817284107208252, 1.3450616598129272, 1.4692009687423706, 1.3542182445526123, 1.4622490406036377, 1.346420168876648]",sae,Pre-64
1,beta,48,0.045,0.4556814132376,0.4510566266980289,0.4932643372974664,0.5,0.5923878577171784,0.5935995945777607,30,"[0, 1, 2, 3, 4, 5, 6, 7, 8, 9, 10, 11, 12, 13, 14, 15, 16, 17, 18, 19, 20, 21, 22, 23, 24, 25, 26, 27, 28, 29]","[1.7290453910827637, 1.661402702331543, 1.628000259399414, 1.607367753982544, 1.6134089231491089, 1.5362939834594727, 1.6362836360931396, 1.6067501306533813, 1.6099028587341309, 1.5864911079406738, 1.681279182434082, 1.6117521524429321, 1.6621818542480469, 1.608296513557434, 1.5768885612487793, 1.6361747980117798, 1.7158302068710327, 1.675173044204712, 1.689874529838562, 1.577675223350525, 1.6012979745864868, 1.723003625869751, 1.73204505443573, 1.5673940181732178, 1.6102544069290161, 1.698884129524231, 1.6977391242980957, 1.7343323230743408, 1.5877387523651123, 1.648676872253418]",sae,Pre-64
1,beta,40,0.076,0.44666181227492,0.4340193094910912,0.4353896571486917,0.5,0.6093636266731638,0.6677138375793754,30,"[0, 1, 2, 3, 4, 5, 6, 7, 8, 9, 10, 11, 12, 13, 14, 15, 16, 17, 18, 19, 20, 21, 22, 23, 24, 25, 26, 27, 28, 29]","[1.5370094776153564, 1.498825192451477, 1.46648371219635, 1.4059678316116333, 1.451589584350586, 1.4709689617156982, 1.466502070426941, 1.5047029256820679, 1.4899766445159912, 1.5253323316574097, 1.4367836713790894, 1.452196478843689, 1.519894003868103, 1.4313057661056519, 1.4368057250976562, 1.5395838022232056, 1.463244080543518, 1.466223955154419, 1.4259411096572876, 1.4484056234359741, 1.4157507419586182, 1.4264777898788452, 1.5216604471206665, 1.459810495376587, 1.5214276313781738, 1.4409945011138916, 1.505487084388733, 1.4332107305526733, 1.5542479753494263, 1.4148036241531372]",sae,Pre-64
1,beta,27,0.065,0.4609757262074365,0.4537266978541116,0.4612376641999078,0.5,0.5914172664146189,0.6603214639855538,30,"[0, 1, 2, 3, 4, 5, 6, 7, 8, 9, 10, 11, 12, 13, 14, 15, 16, 17, 18, 19, 20, 21, 22, 23, 24, 25, 26, 27, 28, 29]","[1.5346633195877075, 1.6076678037643433, 1.5360256433486938, 1.52023184299469, 1.588642954826355, 1.4968345165252686, 1.598724126815796, 1.4637492895126343, 1.5687878131866455, 1.5777803659439087, 1.4835379123687744, 1.6105729341506958, 1.5232810974121094, 1.4831812381744385, 1.5223863124847412, 1.4357284307479858, 1.5270923376083374, 1.5718227624893188, 1.5153529644012451, 1.536157250404358, 1.6023609638214111, 1.5378072261810303, 1.4907102584838867, 1.4459853172302246, 1.5086750984191895, 1.6159117221832275, 1.4997494220733643, 1.550710678100586, 1.4409030675888062, 1.548305869102478]",sae,Pre-64
1,beta,30,0.082,0.4638407167611665,0.4544841508273655,0.439818895494853,0.5,0.6043368975359404,0.6949383228986088,30,"[0, 1, 2, 3, 4, 5, 6, 7, 8, 9, 10, 11, 12, 13, 14, 15, 16, 17, 18, 19, 20, 21, 22, 23, 24, 25, 26, 27, 28, 29]","[1.5294557809829712, 1.4982521533966064, 1.5095492601394653, 1.4500534534454346, 1.4629199504852295, 1.4413199424743652, 1.4521231651306152, 1.4284470081329346, 1.4211599826812744, 1.439558506011963, 1.5039921998977661, 1.4341623783111572, 1.4098235368728638, 1.4319404363632202, 1.4989056587219238, 1.5029205083847046, 1.4210959672927856, 1.4427605867385864, 1.5246458053588867, 1.4492130279541016, 1.4259610176086426, 1.391204833984375, 1.490140676498413, 1.4450759887695312, 1.5608572959899902, 1.4377024173736572, 1.463075041770935, 1.4330211877822876, 1.5002105236053467, 1.4555435180664062]",sae,Pre-64
1,beta,20,0.055,0.4408022875601419,0.4262939306313442,0.4397695970110238,0.5,0.6176087118064704,0.6504586939045728,30,"[0, 1, 2, 3, 4, 5, 6, 7, 8, 9, 10, 11, 12, 13, 14, 15, 16, 17, 18, 19, 20, 21, 22, 23, 24, 25, 26, 27, 28, 29]","[1.5805015563964844, 1.6392498016357422, 1.5765559673309326, 1.7015169858932495, 1.629636287689209, 1.6562989950180054, 1.657435417175293, 1.562359094619751, 1.6007081270217896, 1.5445892810821533, 1.5751477479934692, 1.5728480815887451, 1.710955023765564, 1.5446122884750366, 1.5992690324783325, 1.682350993156433, 1.5834119319915771, 1.5196949243545532, 1.6168586015701294, 1.6185710430145264, 1.5916587114334106, 1.5095642805099487, 1.634748101234436, 1.6918222904205322, 1.6654855012893677, 1.5235347747802734, 1.5769563913345337, 1.6371726989746094, 1.5194129943847656, 1.6897770166397095]",sae,Pre-64
1,beta,25,0.056,0.4465066892532915,0.4352791138475453,0.4431423378634179,0.5,0.6270054355300688,0.6611852923765046,30,"[0, 1, 2, 3, 4, 5, 6, 7, 8, 9, 10, 11, 12, 13, 14, 15, 16, 17, 18, 19, 20, 21, 22, 23, 24, 25, 26, 27, 28, 29]","[1.5390870571136475, 1.5640202760696411, 1.430593490600586, 1.612364649772644, 1.5909346342086792, 1.581264615058899, 1.4611456394195557, 1.469805121421814, 1.516042709350586, 1.4320998191833496, 1.5915391445159912, 1.5259443521499634, 1.5656530857086182, 1.4712870121002197, 1.4625860452651978, 1.5063501596450806, 1.3763327598571777, 1.391729474067688, 1.436159372329712, 1.461865782737732, 1.6046284437179565, 1.3832932710647583, 1.5528184175491333, 1.4756923913955688, 1.5288803577423096, 1.4760514497756958, 1.6286014318466187, 1.559826374053955, 1.591687560081482, 1.4372358322143555]",sae,Pre-64
1,beta,18,0.078,0.4575117633693479,0.4471831599677374,0.4242115308171919,0.5,0.6052065040104606,0.732843971187545,30,"[0, 1, 2, 3, 4, 5, 6, 7, 8, 9, 10, 11, 12, 13, 14, 15, 16, 17, 18, 19, 20, 21, 22, 23, 24, 25, 26, 27, 28, 29]","[1.367691159248352, 1.538368582725525, 1.5580625534057617, 1.4546059370040894, 1.4724630117416382, 1.4872796535491943, 1.6669079065322876, 1.4434269666671753, 1.5524286031723022, 1.4284478425979614, 1.637762188911438, 1.525456428527832, 1.5550947189331055, 1.5584924221038818, 1.4865779876708984, 1.4450918436050415, 1.5423685312271118, 1.476918339729309, 1.459566354751587, 1.4018542766571045, 1.653989553451538, 1.4661580324172974, 1.5885158777236938, 1.5473411083221436, 1.5242632627487183, 1.491475224494934, 1.5356206893920898, 1.5869054794311523, 1.5413835048675537, 1.481845498085022]",sae,Pre-64
1,beta,32,0.058,0.4555596844830426,0.4475674839123162,0.4752557379784062,0.5,0.5924839124839124,0.6372171355028499,30,"[0, 1, 2, 3, 4, 5, 6, 7, 8, 9, 10, 11, 12, 13, 14, 15, 16, 17, 18, 19, 20, 21, 22, 23, 24, 25, 26, 27, 28, 29]","[1.7361598014831543, 1.6392654180526733, 1.7409706115722656, 1.6748223304748535, 1.6555943489074707, 1.6949416399002075, 1.650314211845398, 1.651568055152893, 1.6140426397323608, 1.6186097860336304, 1.6797950267791748, 1.6271233558654785, 1.6847915649414062, 1.5765262842178345, 1.5732368230819702, 1.5783880949020386, 1.592124342918396, 1.6883842945098877, 1.6195218563079834, 1.653039813041687, 1.730400562286377, 1.6688684225082397, 1.5459386110305786, 1.739264726638794, 1.6719666719436646, 1.5851976871490479, 1.7153667211532593, 1.5644334554672241, 1.7486228942871094, 1.7306239604949951]",sae,Pre-64
1,beta,26,0.076,0.4502231978181314,0.4442488029476733,0.4597304266693406,0.5,0.5832450787939482,0.646714493980228,30,"[0, 1, 2, 3, 4, 5, 6, 7, 8, 9, 10, 11, 12, 13, 14, 15, 16, 17, 18, 19, 20, 21, 22, 23, 24, 25, 26, 27, 28, 29]","[1.4250785112380981, 1.436330795288086, 1.598873496055603, 1.3910281658172607, 1.4619200229644775, 1.504025936126709, 1.4902989864349365, 1.3889411687850952, 1.4928829669952393, 1.4596126079559326, 1.3754429817199707, 1.6010408401489258, 1.5366055965423584, 1.4749599695205688, 1.5503088235855103, 1.4364904165267944, 1.4820224046707153, 1.3677058219909668, 1.5119495391845703, 1.462208867073059, 1.4218186140060425, 1.575816035270691, 1.4635882377624512, 1.504391074180603, 1.5818854570388794, 1.5729751586914062, 1.4310203790664673, 1.4867463111877441, 1.29935884475708, 1.4223153591156006]",sae,Pre-64
1,beta,33,0.066,0.4492211383258522,0.4377959816952598,0.4331691140392796,0.5,0.6165210074526608,0.6934750328793856,30,"[0, 1, 2, 3, 4, 5, 6, 7, 8, 9, 10, 11, 12, 13, 14, 15, 16, 17, 18, 19, 20, 21, 22, 23, 24, 25, 26, 27, 28, 29]","[1.5406830310821533, 1.6028873920440674, 1.5481144189834595, 1.515954613685608, 1.4604265689849854, 1.6231777667999268, 1.4617316722869873, 1.5935893058776855, 1.5849989652633667, 1.5933486223220825, 1.5311410427093506, 1.6102851629257202, 1.5668483972549438, 1.459266185760498, 1.515165090560913, 1.5767674446105957, 1.496976613998413, 1.4944299459457397, 1.6084728240966797, 1.6131621599197388, 1.517633080482483, 1.4439256191253662, 1.6205271482467651, 1.5544112920761108, 1.6156914234161377, 1.5221065282821655, 1.4934213161468506, 1.4620332717895508, 1.4359736442565918, 1.498870849609375]",sae,Pre-64
1,beta,11,0.068,0.4566976193509867,0.4496008864727478,0.4368154074173271,0.5,0.5995106990682213,0.7107330149365547,30,"[0, 1, 2, 3, 4, 5, 6, 7, 8, 9, 10, 11, 12, 13, 14, 15, 16, 17, 18, 19, 20, 21, 22, 23, 24, 25, 26, 27, 28, 29]","[1.4623478651046753, 1.2686890363693237, 1.4190746545791626, 1.3411020040512085, 1.496406078338623, 1.3626199960708618, 1.3701494932174683, 1.2498749494552612, 1.481320858001709, 1.482917308807373, 1.4984707832336426, 1.512101650238037, 1.5140715837478638, 1.4083079099655151, 1.3789958953857422, 1.3833544254302979, 1.4354873895645142, 1.3632240295410156, 1.3924537897109985, 1.453412413597107, 1.42225980758667, 1.4381067752838135, 1.4959279298782349, 1.4135868549346924, 1.4033894538879395, 1.4693249464035034, 1.4982542991638184, 1.3547850847244263, 1.3962327241897583, 1.3767709732055664]",sae,Pre-64
1,beta,6,0.066,0.4540822999211705,0.4457917896713532,0.4484885874500794,0.5,0.5933447799067053,0.664216796073724,30,"[0, 1, 2, 3, 4, 5, 6, 7, 8, 9, 10, 11, 12, 13, 14, 15, 16, 17, 18, 19, 20, 21, 22, 23, 24, 25, 26, 27, 28, 29]","[1.479913353919983, 1.5152772665023804, 1.4296525716781616, 1.5260779857635498, 1.4110468626022339, 1.4221622943878174, 1.4169504642486572, 1.499394416809082, 1.4090006351470947, 1.5078608989715576, 1.4345930814743042, 1.3742624521255493, 1.4257830381393433, 1.3943620920181274, 1.2272084951400757, 1.5040537118911743, 1.3904215097427368, 1.4673374891281128, 1.4522616863250732, 1.4658008813858032, 1.4436911344528198, 1.4057800769805908, 1.5161715745925903, 1.4492878913879395, 1.3896362781524658, 1.4567301273345947, 1.407099723815918, 1.3915057182312012, 1.453572154045105, 1.479005217552185]",sae,Pre-64
1,beta,49,0.075,0.462130925118617,0.4524487678230295,0.4490510544615766,0.5,0.6141152509743157,0.6833943747945721,30,"[0, 1, 2, 3, 4, 5, 6, 7, 8, 9, 10, 11, 12, 13, 14, 15, 16, 17, 18, 19, 20, 21, 22, 23, 24, 25, 26, 27, 28, 29]","[1.3352854251861572, 1.3864697217941284, 1.383989691734314, 1.3688684701919556, 1.3155330419540405, 1.3474479913711548, 1.4251316785812378, 1.329355001449585, 1.4543241262435913, 1.4028443098068237, 1.3542113304138184, 1.334613561630249, 1.4014943838119507, 1.391560435295105, 1.4328209161758423, 1.378895878791809, 1.4710533618927002, 1.4567259550094604, 1.3202401399612427, 1.4036993980407715, 1.4465360641479492, 1.3573399782180786, 1.4530277252197266, 1.3870058059692383, 1.349446177482605, 1.3931078910827637, 1.389190912246704, 1.3497703075408936, 1.2838964462280273, 1.3502322435379028]",sae,Pre-64
1,beta,4,0.058,0.4589558369307028,0.4477177462853796,0.4652777497052742,0.5,0.61034827708266,0.6563645597673022,30,"[0, 1, 2, 3, 4, 5, 6, 7, 8, 9, 10, 11, 12, 13, 14, 15, 16, 17, 18, 19, 20, 21, 22, 23, 24, 25, 26, 27, 28, 29]","[1.6142693758010864, 1.6143615245819092, 1.482818841934204, 1.6513501405715942, 1.4668066501617432, 1.519920825958252, 1.611355185508728, 1.5026942491531372, 1.5509425401687622, 1.6335169076919556, 1.5913844108581543, 1.5347400903701782, 1.6461321115493774, 1.5005559921264648, 1.4863923788070679, 1.5563733577728271, 1.5864497423171997, 1.5640207529067993, 1.5212525129318237, 1.609449863433838, 1.5597724914550781, 1.622387170791626, 1.5509873628616333, 1.4942352771759033, 1.5632920265197754, 1.5355414152145386, 1.494482398033142, 1.5298519134521484, 1.6097807884216309, 1.487750768661499]",sae,Pre-64
1,beta,33,0.078,0.4492211383258522,0.4377959816952598,0.430031257452534,0.5,0.6165210074526608,0.6941340347602281,30,"[0, 1, 2, 3, 4, 5, 6, 7, 8, 9, 10, 11, 12, 13, 14, 15, 16, 17, 18, 19, 20, 21, 22, 23, 24, 25, 26, 27, 28, 29]","[1.4224432706832886, 1.495814561843872, 1.4494717121124268, 1.4213895797729492, 1.3674683570861816, 1.5103594064712524, 1.3642287254333496, 1.4833972454071045, 1.487464427947998, 1.4869123697280884, 1.4363617897033691, 1.4972870349884033, 1.4468233585357666, 1.3758232593536377, 1.4035290479660034, 1.4837223291397095, 1.4003846645355225, 1.4011845588684082, 1.4984371662139893, 1.4943830966949463, 1.4120274782180786, 1.358349084854126, 1.5097503662109375, 1.45546555519104, 1.5063230991363525, 1.4006117582321167, 1.401211142539978, 1.3768415451049805, 1.3482803106307983, 1.4129924774169922]",sae,Pre-64
1,beta,44,0.062,0.4469012312759677,0.43811650775401,0.4601796110275633,0.5,0.5982762074796864,0.6211987296200056,30,"[0, 1, 2, 3, 4, 5, 6, 7, 8, 9, 10, 11, 12, 13, 14, 15, 16, 17, 18, 19, 20, 21, 22, 23, 24, 25, 26, 27, 28, 29]","[1.4725029468536377, 1.468315601348877, 1.429797649383545, 1.4355089664459229, 1.4626960754394531, 1.5298781394958496, 1.5177018642425537, 1.41551673412323, 1.4840586185455322, 1.5569647550582886, 1.4697026014328003, 1.4582136869430542, 1.4733928442001343, 1.4357792139053345, 1.548119306564331, 1.5508348941802979, 1.4082822799682617, 1.323384404182434, 1.4856512546539307, 1.4753293991088867, 1.4313063621520996, 1.4104366302490234, 1.4722439050674438, 1.4711629152297974, 1.5267788171768188, 1.4314061403274536, 1.4459234476089478, 1.4660032987594604, 1.4757180213928223, 1.4786704778671265]",sae,Pre-64
1,beta,14,0.054,0.4467366851483266,0.4421697276018216,0.4397422009286667,0.5,0.5934222168898753,0.693873633377825,30,"[0, 1, 2, 3, 4, 5, 6, 7, 8, 9, 10, 11, 12, 13, 14, 15, 16, 17, 18, 19, 20, 21, 22, 23, 24, 25, 26, 27, 28, 29]","[1.5660427808761597, 1.4690216779708862, 1.588070034980774, 1.6242605447769165, 1.5921458005905151, 1.5939308404922485, 1.5336297750473022, 1.6985759735107422, 1.592195749282837, 1.6710784435272217, 1.5321190357208252, 1.5571398735046387, 1.5791499614715576, 1.6695492267608643, 1.6226394176483154, 1.5955599546432495, 1.6909611225128174, 1.6882413625717163, 1.6058826446533203, 1.5630873441696167, 1.5792967081069946, 1.6070269346237183, 1.6691523790359497, 1.5572530031204224, 1.6791937351226807, 1.6854233741760254, 1.63422691822052, 1.6877492666244507, 1.6784552335739136, 1.5892729759216309]",sae,Pre-64
1,beta,37,0.072,0.4546908257221888,0.444978337644671,0.4339842713061465,0.5,0.6058579085235571,0.7172882389155129,30,"[0, 1, 2, 3, 4, 5, 6, 7, 8, 9, 10, 11, 12, 13, 14, 15, 16, 17, 18, 19, 20, 21, 22, 23, 24, 25, 26, 27, 28, 29]","[1.4705256223678589, 1.5323861837387085, 1.5072057247161865, 1.4829981327056885, 1.4348481893539429, 1.5426321029663086, 1.508635401725769, 1.5571379661560059, 1.603195309638977, 1.5430291891098022, 1.5070120096206665, 1.5150700807571411, 1.5415630340576172, 1.5460032224655151, 1.5791250467300415, 1.523542046546936, 1.5130990743637085, 1.5571277141571045, 1.529424786567688, 1.5268526077270508, 1.5533711910247803, 1.5623667240142822, 1.5864460468292236, 1.5705721378326416, 1.5289613008499146, 1.5670477151870728, 1.5353920459747314, 1.565241813659668, 1.5672701597213745, 1.5816367864608765]",sae,Pre-64
1,beta,45,0.082,0.4515599815008028,0.4347157609968581,0.4472300919323454,0.5,0.6289673345145609,0.6764708554813501,30,"[0, 1, 2, 3, 4, 5, 6, 7, 8, 9, 10, 11, 12, 13, 14, 15, 16, 17, 18, 19, 20, 21, 22, 23, 24, 25, 26, 27, 28, 29]","[1.5466113090515137, 1.5384451150894165, 1.4317322969436646, 1.6116158962249756, 1.6076130867004395, 1.463731288909912, 1.6191810369491577, 1.5951876640319824, 1.4743276834487915, 1.4345285892486572, 1.5440058708190918, 1.623112678527832, 1.577549934387207, 1.4920943975448608, 1.5019583702087402, 1.5202127695083618, 1.5337661504745483, 1.407988429069519, 1.5334349870681763, 1.5258206129074097, 1.5767335891723633, 1.474802851676941, 1.586690902709961, 1.4542930126190186, 1.4336954355239868, 1.6127898693084717, 1.466193437576294, 1.4815484285354614, 1.4088350534439087, 1.6135798692703247]",sae,Pre-64
1,beta,21,0.075,0.4504746503440228,0.4381370334360364,0.4403229983873875,0.5,0.6200058082774133,0.6872350745807536,30,"[0, 1, 2, 3, 4, 5, 6, 7, 8, 9, 10, 11, 12, 13, 14, 15, 16, 17, 18, 19, 20, 21, 22, 23, 24, 25, 26, 27, 28, 29]","[1.4435580968856812, 1.494240641593933, 1.6189265251159668, 1.6136317253112793, 1.5944466590881348, 1.5752125978469849, 1.488752007484436, 1.4975146055221558, 1.6033828258514404, 1.5154542922973633, 1.5933972597122192, 1.601883888244629, 1.4808533191680908, 1.5078980922698975, 1.5038957595825195, 1.4975950717926025, 1.4985532760620117, 1.5100082159042358, 1.440710186958313, 1.6104893684387207, 1.4355872869491577, 1.618454933166504, 1.4304977655410767, 1.4485474824905396, 1.5040688514709473, 1.462137222290039, 1.4296234846115112, 1.4843281507492065, 1.5717723369598389, 1.5567086935043335]",sae,Pre-64
1,beta,28,0.085,0.4589844236982603,0.4495627040154577,0.4417170046814698,0.5,0.5987249917034086,0.6982114919641587,30,"[0, 1, 2, 3, 4, 5, 6, 7, 8, 9, 10, 11, 12, 13, 14, 15, 16, 17, 18, 19, 20, 21, 22, 23, 24, 25, 26, 27, 28, 29]","[1.4478394985198975, 1.3312416076660156, 1.3206255435943604, 1.540067434310913, 1.4941314458847046, 1.477922797203064, 1.438703179359436, 1.3716342449188232, 1.4723167419433594, 1.5039746761322021, 1.4338994026184082, 1.464450716972351, 1.511729121208191, 1.5218093395233154, 1.454801321029663, 1.401845932006836, 1.4366036653518677, 1.493066430091858, 1.4677187204360962, 1.4678466320037842, 1.4024358987808228, 1.4225715398788452, 1.424460530281067, 1.3726680278778076, 1.4042140245437622, 1.4928051233291626, 1.5315977334976196, 1.4147534370422363, 1.3934953212738037, 1.4057087898254395]",sae,Pre-64
1,beta,39,0.068,0.4461088087810431,0.4292341094433316,0.4384605387795013,0.5,0.6205127278095635,0.6699100059955831,30,"[0, 1, 2, 3, 4, 5, 6, 7, 8, 9, 10, 11, 12, 13, 14, 15, 16, 17, 18, 19, 20, 21, 22, 23, 24, 25, 26, 27, 28, 29]","[1.4486640691757202, 1.5535513162612915, 1.4874533414840698, 1.4846606254577637, 1.4072766304016113, 1.45649254322052, 1.4499008655548096, 1.4856926202774048, 1.4102418422698975, 1.5326569080352783, 1.4570385217666626, 1.4008700847625732, 1.4867535829544067, 1.4003545045852661, 1.4902538061141968, 1.548626184463501, 1.522715449333191, 1.5116658210754395, 1.4319188594818115, 1.3931171894073486, 1.4018582105636597, 1.4891897439956665, 1.4418189525604248, 1.4387160539627075, 1.5063896179199219, 1.4557865858078003, 1.356090784072876, 1.4285523891448975, 1.5596425533294678, 1.4293638467788696]",sae,Pre-64
1,beta,2,0.082,0.4419681213812466,0.4306250660512843,0.427223440387162,0.5,0.6028191218064636,0.689470603236426,30,"[0, 1, 2, 3, 4, 5, 6, 7, 8, 9, 10, 11, 12, 13, 14, 15, 16, 17, 18, 19, 20, 21, 22, 23, 24, 25, 26, 27, 28, 29]","[1.3711527585983276, 1.3843990564346313, 1.3599635362625122, 1.428541660308838, 1.375990867614746, 1.462533712387085, 1.3822245597839355, 1.3953344821929932, 1.3317391872406006, 1.3531453609466553, 1.3901290893554688, 1.333006501197815, 1.4132120609283447, 1.4666430950164795, 1.438552975654602, 1.38414466381073, 1.443861722946167, 1.498112440109253, 1.490303635597229, 1.4677987098693848, 1.3907631635665894, 1.3677493333816528, 1.4497737884521484, 1.4532890319824219, 1.3652925491333008, 1.3716109991073608, 1.4297817945480347, 1.4047584533691406, 1.2141121625900269, 1.4902658462524414]",sae,Pre-64
1,beta,9,0.0535,0.448644851968101,0.4348910401892977,0.4531628823065616,0.5,0.6286670530281078,0.6728107794842075,30,"[0, 1, 2, 3, 4, 5, 6, 7, 8, 9, 10, 11, 12, 13, 14, 15, 16, 17, 18, 19, 20, 21, 22, 23, 24, 25, 26, 27, 28, 29]","[1.715827226638794, 1.5891629457473755, 1.712785243988037, 1.6837695837020874, 1.5951520204544067, 1.4298490285873413, 1.7012473344802856, 1.6160249710083008, 1.7165062427520752, 1.537273645401001, 1.6532554626464844, 1.6171408891677856, 1.5889477729797363, 1.638165831565857, 1.7501344680786133, 1.6113039255142212, 1.6031912565231323, 1.6795717477798462, 1.7205915451049805, 1.5730957984924316, 1.7149771451950073, 1.719874382019043, 1.594261646270752, 1.7033865451812744, 1.7012907266616821, 1.700307846069336, 1.5596705675125122, 1.5349849462509155, 1.5884463787078857, 1.731397271156311]",sae,Pre-64
1,beta,42,0.085,0.4546678683050885,0.4407690563496341,0.454839504697822,0.5,0.6336081445133979,0.6612275701159379,30,"[0, 1, 2, 3, 4, 5, 6, 7, 8, 9, 10, 11, 12, 13, 14, 15, 16, 17, 18, 19, 20, 21, 22, 23, 24, 25, 26, 27, 28, 29]","[1.5517055988311768, 1.4120196104049683, 1.5552994012832642, 1.5554264783859253, 1.4895373582839966, 1.5413939952850342, 1.483855962753296, 1.4445053339004517, 1.4212143421173096, 1.556746482849121, 1.5278522968292236, 1.5716423988342285, 1.4412858486175537, 1.2261464595794678, 1.5723685026168823, 1.467259407043457, 1.4068812131881714, 1.3882807493209839, 1.5242242813110352, 1.5415661334991455, 1.4581894874572754, 1.447050929069519, 1.4620344638824463, 1.409132480621338, 1.4487073421478271, 1.4186298847198486, 1.5768250226974487, 1.413436770439148, 1.4894773960113525, 1.4035637378692627]",sae,Pre-64
1,beta,2,0.074,0.4419681213812466,0.4306250660512843,0.4272383509343042,0.5,0.6028191218064636,0.689469154263458,30,"[0, 1, 2, 3, 4, 5, 6, 7, 8, 9, 10, 11, 12, 13, 14, 15, 16, 17, 18, 19, 20, 21, 22, 23, 24, 25, 26, 27, 28, 29]","[1.3724334239959717, 1.3856775760650635, 1.361238718032837, 1.429824709892273, 1.3772672414779663, 1.4638034105300903, 1.3835070133209229, 1.3966174125671387, 1.3330276012420654, 1.3544305562973022, 1.3914068937301636, 1.3343040943145752, 1.4144912958145142, 1.4679135084152222, 1.4398274421691895, 1.3854223489761353, 1.4451334476470947, 1.4993858337402344, 1.491575002670288, 1.4690738916397095, 1.392043948173523, 1.3690274953842163, 1.4510509967803955, 1.4545631408691406, 1.3665728569030762, 1.3728848695755005, 1.4310582876205444, 1.4060447216033936, 1.2154039144515991, 1.491539478302002]",sae,Pre-64
1,beta,19,0.048,0.4469965829377276,0.435497383761294,0.419651672015614,0.5,0.6104665954706788,0.7148066714828659,30,"[0, 1, 2, 3, 4, 5, 6, 7, 8, 9, 10, 11, 12, 13, 14, 15, 16, 17, 18, 19, 20, 21, 22, 23, 24, 25, 26, 27, 28, 29]","[1.6776853799819946, 1.7158564329147339, 1.7767730951309204, 1.6817494630813599, 1.6767265796661377, 1.7079129219055176, 1.6988599300384521, 1.7679336071014404, 1.6443736553192139, 1.8070380687713623, 1.8507267236709595, 1.8366827964782715, 1.7167330980300903, 1.6596373319625854, 1.645063042640686, 1.6707149744033813, 1.8043674230575562, 1.8201724290847778, 1.6270718574523926, 1.6266056299209595, 1.8346288204193115, 1.6856436729431152, 1.7071698904037476, 1.6286847591400146, 1.6147207021713257, 1.8186215162277222, 1.8262038230895996, 1.7164939641952515, 1.7131754159927368, 1.6559644937515259]",sae,Pre-64
1,beta,0,0.054,0.4600628296558519,0.4487196928272481,0.4353906667816454,0.5,0.6146148452673732,0.7220607493053115,30,"[0, 1, 2, 3, 4, 5, 6, 7, 8, 9, 10, 11, 12, 13, 14, 15, 16, 17, 18, 19, 20, 21, 22, 23, 24, 25, 26, 27, 28, 29]","[1.5072463750839233, 1.5423439741134644, 1.5483649969100952, 1.5969045162200928, 1.491262435913086, 1.5320963859558105, 1.5909053087234497, 1.6170878410339355, 1.599077820777893, 1.5194605588912964, 1.5262610912322998, 1.5337905883789062, 1.620873212814331, 1.598379373550415, 1.6153206825256348, 1.5356521606445312, 1.5751128196716309, 1.4841197729110718, 1.4589773416519165, 1.601505160331726, 1.5018736124038696, 1.4842849969863892, 1.5955675840377808, 1.521498441696167, 1.5013233423233032, 1.4676069021224976, 1.5932284593582153, 1.472260594367981, 1.6055166721343994, 1.4786745309829712]",sae,Pre-64
1,beta,26,0.046,0.4502231978181314,0.4442488029476733,0.4656097768048762,0.5,0.5832450787939482,0.6463939712179422,30,"[0, 1, 2, 3, 4, 5, 6, 7, 8, 9, 10, 11, 12, 13, 14, 15, 16, 17, 18, 19, 20, 21, 22, 23, 24, 25, 26, 27, 28, 29]","[1.5762122869491577, 1.5798192024230957, 1.7554705142974854, 1.5284509658813477, 1.6061980724334717, 1.650486946105957, 1.6524754762649536, 1.5505770444869995, 1.6664764881134033, 1.6078096628189087, 1.5247458219528198, 1.7633657455444336, 1.6940412521362305, 1.6453436613082886, 1.7263810634613037, 1.6084874868392944, 1.6547296047210693, 1.511449933052063, 1.6697206497192383, 1.6063381433486938, 1.570647120475769, 1.7339953184127808, 1.621267557144165, 1.6559276580810547, 1.7435625791549683, 1.7209889888763428, 1.5932542085647583, 1.6538004875183105, 1.4809995889663696, 1.5579113960266113]",sae,Pre-64
1,beta,0,0.065,0.4600628296558519,0.4487196928272481,0.4324749611624152,0.5,0.6146148452673732,0.7223345181440297,30,"[0, 1, 2, 3, 4, 5, 6, 7, 8, 9, 10, 11, 12, 13, 14, 15, 16, 17, 18, 19, 20, 21, 22, 23, 24, 25, 26, 27, 28, 29]","[1.391853928565979, 1.4354383945465088, 1.4126150608062744, 1.4661285877227783, 1.3859000205993652, 1.4096843004226685, 1.4571290016174316, 1.4877750873565674, 1.4708998203277588, 1.4156707525253296, 1.4070265293121338, 1.4221736192703247, 1.483367681503296, 1.4667531251907349, 1.4835444688796997, 1.4323183298110962, 1.4435933828353882, 1.3668396472930908, 1.316772222518921, 1.4668779373168945, 1.3876930475234985, 1.374804139137268, 1.4666465520858765, 1.4098093509674072, 1.3848299980163574, 1.3481467962265015, 1.4722826480865479, 1.357315182685852, 1.4653167724609375, 1.3495169878005981]",sae,Pre-64
1,beta,17,0.07,0.4599327030141671,0.4513468217402507,0.4455947817846598,0.5,0.6120635717004715,0.696810768160478,30,"[0, 1, 2, 3, 4, 5, 6, 7, 8, 9, 10, 11, 12, 13, 14, 15, 16, 17, 18, 19, 20, 21, 22, 23, 24, 25, 26, 27, 28, 29]","[1.5296721458435059, 1.4060347080230713, 1.4403326511383057, 1.4639874696731567, 1.5450700521469116, 1.4276014566421509, 1.4906558990478516, 1.3349093198776245, 1.4484918117523193, 1.4587743282318115, 1.5127899646759033, 1.5216352939605713, 1.45637047290802, 1.5351287126541138, 1.4580703973770142, 1.4595341682434082, 1.529267430305481, 1.4587233066558838, 1.5120488405227661, 1.4795708656311035, 1.401105523109436, 1.4776095151901245, 1.3180522918701172, 1.446174144744873, 1.455696702003479, 1.4500583410263062, 1.4226078987121582, 1.4570032358169556, 1.4228358268737793, 1.5129081010818481]",sae,Pre-64
1,beta,15,0.044,0.4529015220185267,0.4424399871594601,0.4402512656274352,0.5,0.6161071485640408,0.711471694824155,30,"[0, 1, 2, 3, 4, 5, 6, 7, 8, 9, 10, 11, 12, 13, 14, 15, 16, 17, 18, 19, 20, 21, 22, 23, 24, 25, 26, 27, 28, 29]","[1.5951603651046753, 1.6105929613113403, 1.6599276065826416, 1.6148383617401123, 1.737243890762329, 1.608776330947876, 1.5857995748519897, 1.610129714012146, 1.6845014095306396, 1.6792757511138916, 1.6549065113067627, 1.6002540588378906, 1.7662084102630615, 1.6815927028656006, 1.5329463481903076, 1.662052035331726, 1.5767935514450073, 1.7806414365768433, 1.5468827486038208, 1.6330753564834595, 1.7317696809768677, 1.7280217409133911, 1.5905925035476685, 1.6489955186843872, 1.650374412536621, 1.5278820991516113, 1.7169069051742554, 1.7573065757751465, 1.669940710067749, 1.6212257146835327]",sae,Pre-64
1,beta,49,0.055,0.462130925118617,0.4524487678230295,0.4515565825605905,0.5,0.6141152509743157,0.6850377987509978,30,"[0, 1, 2, 3, 4, 5, 6, 7, 8, 9, 10, 11, 12, 13, 14, 15, 16, 17, 18, 19, 20, 21, 22, 23, 24, 25, 26, 27, 28, 29]","[1.511920690536499, 1.5755590200424194, 1.566664457321167, 1.5467724800109863, 1.4782588481903076, 1.5213487148284912, 1.6269993782043457, 1.525325894355774, 1.6625025272369385, 1.5800189971923828, 1.5370534658432007, 1.5034339427947998, 1.5893446207046509, 1.5792635679244995, 1.6399272680282593, 1.5905672311782837, 1.656261682510376, 1.650383710861206, 1.4979896545410156, 1.5994995832443237, 1.6392967700958252, 1.5338586568832397, 1.6557949781417847, 1.5676403045654297, 1.5011956691741943, 1.5740966796875, 1.5722707509994507, 1.5102277994155884, 1.4832593202590942, 1.517958641052246]",sae,Pre-64
1,beta,15,0.074,0.4529015220185267,0.4424399871594601,0.435464295226581,0.5,0.6161071485640408,0.711134676564157,30,"[0, 1, 2, 3, 4, 5, 6, 7, 8, 9, 10, 11, 12, 13, 14, 15, 16, 17, 18, 19, 20, 21, 22, 23, 24, 25, 26, 27, 28, 29]","[1.4008346796035767, 1.3712886571884155, 1.4123982191085815, 1.4123915433883667, 1.4869251251220703, 1.3831634521484375, 1.377761721611023, 1.40201735496521, 1.4604640007019043, 1.4582254886627197, 1.4463005065917969, 1.3610341548919678, 1.5196894407272339, 1.4632896184921265, 1.3540431261062622, 1.4294155836105347, 1.3672289848327637, 1.5127700567245483, 1.3518942594528198, 1.4190117120742798, 1.5058047771453857, 1.4730299711227417, 1.394169569015503, 1.4323112964630127, 1.401690125465393, 1.284015417098999, 1.4753786325454712, 1.5200083255767822, 1.4173462390899658, 1.4135392904281616]",sae,Pre-64
1,beta,16,0.062,0.4519396108125126,0.4401978349795346,0.4331015981266851,0.5,0.6159012314439947,0.7187605431848854,30,"[0, 1, 2, 3, 4, 5, 6, 7, 8, 9, 10, 11, 12, 13, 14, 15, 16, 17, 18, 19, 20, 21, 22, 23, 24, 25, 26, 27, 28, 29]","[1.463724970817566, 1.3976037502288818, 1.427573323249817, 1.5095797777175903, 1.5118803977966309, 1.4210519790649414, 1.5187370777130127, 1.47296941280365, 1.437159538269043, 1.5141545534133911, 1.5231419801712036, 1.4780446290969849, 1.437069058418274, 1.4435102939605713, 1.4155049324035645, 1.446763277053833, 1.4978712797164917, 1.3435841798782349, 1.433387041091919, 1.502501130104065, 1.5418097972869873, 1.5008893013000488, 1.5118117332458496, 1.5005289316177368, 1.400987148284912, 1.490357518196106, 1.4268306493759155, 1.4402319192886353, 1.4029568433761597, 1.4331636428833008]",sae,Pre-64
1,beta,5,0.078,0.4445517550333296,0.4301735816232515,0.4290062271913319,0.5,0.6070910659257547,0.6831835257496108,30,"[0, 1, 2, 3, 4, 5, 6, 7, 8, 9, 10, 11, 12, 13, 14, 15, 16, 17, 18, 19, 20, 21, 22, 23, 24, 25, 26, 27, 28, 29]","[1.384920597076416, 1.2804847955703735, 1.2821310758590698, 1.400385856628418, 1.3997650146484375, 1.332603096961975, 1.329338550567627, 1.3106061220169067, 1.3708266019821167, 1.2921093702316284, 1.3809336423873901, 1.4019349813461304, 1.3311407566070557, 1.3354246616363525, 1.411849856376648, 1.3593435287475586, 1.3648841381072998, 1.3917111158370972, 1.2713078260421753, 1.3382270336151123, 1.4143552780151367, 1.3419779539108276, 1.4105374813079834, 1.2927427291870117, 1.3378825187683105, 1.414676547050476, 1.283309817314148, 1.3158254623413086, 1.391300916671753, 1.3395389318466187]",sae,Pre-64
1,beta,12,0.076,0.4455148672091349,0.4361346773072694,0.4120083364134024,0.5,0.5892778403611032,0.7320301459463924,30,"[0, 1, 2, 3, 4, 5, 6, 7, 8, 9, 10, 11, 12, 13, 14, 15, 16, 17, 18, 19, 20, 21, 22, 23, 24, 25, 26, 27, 28, 29]","[1.373285174369812, 1.480940580368042, 1.3900765180587769, 1.2898370027542114, 1.478147268295288, 1.4139647483825684, 1.4076253175735474, 1.4597806930541992, 1.4951058626174927, 1.3660688400268555, 1.3678836822509766, 1.5362292528152466, 1.3943761587142944, 1.4668165445327759, 1.352043628692627, 1.5399246215820312, 1.3245182037353516, 1.5183353424072266, 1.4398760795593262, 1.5324662923812866, 1.4962694644927979, 1.4427610635757446, 1.3943332433700562, 1.538610816001892, 1.5161255598068237, 1.3848798274993896, 1.5166376829147339, 1.4617427587509155, 1.4152421951293945, 1.5471305847167969]",sae,Pre-64
1,beta,44,0.052,0.4469012312759677,0.43811650775401,0.4634990315350041,0.5,0.5982762074796864,0.6218999133831822,30,"[0, 1, 2, 3, 4, 5, 6, 7, 8, 9, 10, 11, 12, 13, 14, 15, 16, 17, 18, 19, 20, 21, 22, 23, 24, 25, 26, 27, 28, 29]","[1.557121992111206, 1.544371485710144, 1.5085105895996094, 1.5112724304199219, 1.5410230159759521, 1.6136234998703003, 1.6097005605697632, 1.488271951675415, 1.558488368988037, 1.6499956846237183, 1.5500297546386719, 1.5298494100570679, 1.550937294960022, 1.5140819549560547, 1.6329270601272583, 1.6309850215911865, 1.4838048219680786, 1.3987234830856323, 1.5681248903274536, 1.5518505573272705, 1.4985778331756592, 1.482941746711731, 1.5568379163742065, 1.5532171726226807, 1.6046384572982788, 1.5120009183883667, 1.516515851020813, 1.5410311222076416, 1.5605320930480957, 1.550516128540039]",sae,Pre-64
1,beta,38,0.06,0.4455661720406026,0.4298851252298221,0.4442876936324584,0.5,0.6303640517897944,0.6595049504950495,30,"[0, 1, 2, 3, 4, 5, 6, 7, 8, 9, 10, 11, 12, 13, 14, 15, 16, 17, 18, 19, 20, 21, 22, 23, 24, 25, 26, 27, 28, 29]","[1.5467259883880615, 1.5405223369598389, 1.540686011314392, 1.6324539184570312, 1.5713131427764893, 1.439937949180603, 1.6352107524871826, 1.578090786933899, 1.4757835865020752, 1.567520260810852, 1.537580132484436, 1.615208625793457, 1.6027369499206543, 1.5593608617782593, 1.622226357460022, 1.5478150844573975, 1.525821566581726, 1.6318804025650024, 1.5097837448120117, 1.587585687637329, 1.5587834119796753, 1.5485601425170898, 1.6304357051849365, 1.4986525774002075, 1.5522526502609253, 1.6302905082702637, 1.5180020332336426, 1.6228199005126953, 1.544551968574524, 1.6294456720352173]",sae,Pre-64
1,beta,29,0.074,0.4558655961502112,0.4409050416793991,0.4552931216324235,0.5,0.6296548282533407,0.6719422261052524,30,"[0, 1, 2, 3, 4, 5, 6, 7, 8, 9, 10, 11, 12, 13, 14, 15, 16, 17, 18, 19, 20, 21, 22, 23, 24, 25, 26, 27, 28, 29]","[1.3928091526031494, 1.3535819053649902, 1.1732509136199951, 1.4573428630828857, 1.3848638534545898, 1.357826590538025, 1.4723987579345703, 1.3536558151245117, 1.4395052194595337, 1.463181734085083, 1.3861416578292847, 1.431260585784912, 1.4481842517852783, 1.4254952669143677, 1.4046719074249268, 1.4245102405548096, 1.355481505393982, 1.3874439001083374, 1.3535656929016113, 1.396483302116394, 1.4747710227966309, 1.490726113319397, 1.3793641328811646, 1.3920031785964966, 1.4031156301498413, 1.3278987407684326, 1.3873289823532104, 1.4698172807693481, 1.5105165243148804, 1.3619214296340942]",sae,Pre-64
1,beta,22,0.084,0.4519005213187685,0.4442985770479847,0.444393816521388,0.5,0.5939599289403404,0.6801491782256261,30,"[0, 1, 2, 3, 4, 5, 6, 7, 8, 9, 10, 11, 12, 13, 14, 15, 16, 17, 18, 19, 20, 21, 22, 23, 24, 25, 26, 27, 28, 29]","[1.414255976676941, 1.4600493907928467, 1.4731335639953613, 1.4946705102920532, 1.5348716974258423, 1.4346355199813843, 1.4437427520751953, 1.4246139526367188, 1.4202532768249512, 1.4705276489257812, 1.4185001850128174, 1.5281869173049927, 1.4610707759857178, 1.5144286155700684, 1.3790884017944336, 1.5006827116012573, 1.5122562646865845, 1.4651464223861694, 1.3972609043121338, 1.4064193964004517, 1.4855221509933472, 1.483964443206787, 1.4852938652038574, 1.43574857711792, 1.4876391887664795, 1.52052903175354, 1.4204974174499512, 1.408782720565796, 1.5494425296783447, 1.3895535469055176]",sae,Pre-64
1,beta,21,0.064,0.4504746503440228,0.4381370334360364,0.4403675652990849,0.5,0.6200058082774133,0.6872628801641147,30,"[0, 1, 2, 3, 4, 5, 6, 7, 8, 9, 10, 11, 12, 13, 14, 15, 16, 17, 18, 19, 20, 21, 22, 23, 24, 25, 26, 27, 28, 29]","[1.4471474885940552, 1.4978177547454834, 1.6224793195724487, 1.617180347442627, 1.5979444980621338, 1.5787429809570312, 1.4923150539398193, 1.5010734796524048, 1.6069114208221436, 1.519020915031433, 1.596964955329895, 1.6054017543792725, 1.4844077825546265, 1.5114625692367554, 1.5074580907821655, 1.5011337995529175, 1.5021318197250366, 1.5135453939437866, 1.4443089962005615, 1.6140389442443848, 1.43919837474823, 1.622002363204956, 1.4341031312942505, 1.4521353244781494, 1.5076605081558228, 1.4657130241394043, 1.4331586360931396, 1.4879289865493774, 1.57534658908844, 1.5602657794952393]",sae,Pre-64
1,beta,31,0.052,0.4497611378811508,0.4308970333737342,0.4337404363825623,0.5,0.642735734520437,0.709964155633925,30,"[0, 1, 2, 3, 4, 5, 6, 7, 8, 9, 10, 11, 12, 13, 14, 15, 16, 17, 18, 19, 20, 21, 22, 23, 24, 25, 26, 27, 28, 29]","[1.5688884258270264, 1.5298035144805908, 1.4461959600448608, 1.4702588319778442, 1.5206660032272339, 1.6073668003082275, 1.483585000038147, 1.540649175643921, 1.4905732870101929, 1.5592796802520752, 1.5110284090042114, 1.5391757488250732, 1.5738052129745483, 1.4093754291534424, 1.5735241174697876, 1.5098202228546143, 1.5335793495178223, 1.5331649780273438, 1.547080159187317, 1.502110481262207, 1.591120719909668, 1.5329738855361938, 1.586183786392212, 1.5379403829574585, 1.5273178815841675, 1.5539450645446777, 1.4465655088424683, 1.5996012687683105, 1.4431490898132324, 1.5399937629699707]",sae,Pre-64
1,beta,10,0.042,0.4493907433353129,0.4390813823454372,0.448298182761036,0.5,0.6232207829487961,0.6767863934837992,30,"[0, 1, 2, 3, 4, 5, 6, 7, 8, 9, 10, 11, 12, 13, 14, 15, 16, 17, 18, 19, 20, 21, 22, 23, 24, 25, 26, 27, 28, 29]","[1.5965629816055298, 1.502252459526062, 1.6770716905593872, 1.5915662050247192, 1.5926094055175781, 1.5938138961791992, 1.6640663146972656, 1.6234748363494873, 1.5348443984985352, 1.6836414337158203, 1.5826836824417114, 1.634790301322937, 1.63874351978302, 1.595207691192627, 1.6306564807891846, 1.621942400932312, 1.6387566328048706, 1.5311986207962036, 1.6224201917648315, 1.5623613595962524, 1.5688529014587402, 1.6204627752304077, 1.6806185245513916, 1.6879247426986694, 1.6407370567321777, 1.5344853401184082, 1.6017647981643677, 1.5861592292785645, 1.6118502616882324, 1.6895276308059692]",sae,Pre-64
1,beta,32,0.048,0.4555596844830426,0.4475674839123162,0.4753605584672573,0.5,0.5924839124839124,0.6372509652509653,30,"[0, 1, 2, 3, 4, 5, 6, 7, 8, 9, 10, 11, 12, 13, 14, 15, 16, 17, 18, 19, 20, 21, 22, 23, 24, 25, 26, 27, 28, 29]","[1.7438907623291016, 1.646980881690979, 1.7486951351165771, 1.6825698614120483, 1.6633480787277222, 1.7028025388717651, 1.6581324338912964, 1.6592360734939575, 1.6218675374984741, 1.6264166831970215, 1.6874654293060303, 1.6349033117294312, 1.6924792528152466, 1.5842407941818237, 1.5808849334716797, 1.5861011743545532, 1.5999889373779297, 1.6961020231246948, 1.6272168159484863, 1.6608010530471802, 1.7381445169448853, 1.676574468612671, 1.5538084506988525, 1.7469944953918457, 1.6797175407409668, 1.5929523706436157, 1.7231214046478271, 1.5720802545547485, 1.756335735321045, 1.7383772134780884]",sae,Pre-64
1,beta,47,0.078,0.4460371044958436,0.4257646434940195,0.4058101363507598,0.5,0.6434257056516428,0.7328859384041664,30,"[0, 1, 2, 3, 4, 5, 6, 7, 8, 9, 10, 11, 12, 13, 14, 15, 16, 17, 18, 19, 20, 21, 22, 23, 24, 25, 26, 27, 28, 29]","[1.5533651113510132, 1.3958290815353394, 1.3951644897460938, 1.408221960067749, 1.5007622241973877, 1.5324640274047852, 1.4851292371749878, 1.5124847888946533, 1.4969173669815063, 1.4215284585952759, 1.4318751096725464, 1.3709805011749268, 1.4121838808059692, 1.5535190105438232, 1.3781027793884277, 1.5210413932800293, 1.4259979724884033, 1.4969100952148438, 1.3396786451339722, 1.377399206161499, 1.4245496988296509, 1.4756379127502441, 1.515140414237976, 1.3919893503189087, 1.4863251447677612, 1.3740930557250977, 1.326658010482788, 1.488080620765686, 1.374215006828308, 1.4579707384109497]",sae,Pre-64
1,beta,25,0.05,0.4465066892532915,0.4352791138475453,0.4472031362267068,0.5,0.6270054355300688,0.6598458438226904,30,"[0, 1, 2, 3, 4, 5, 6, 7, 8, 9, 10, 11, 12, 13, 14, 15, 16, 17, 18, 19, 20, 21, 22, 23, 24, 25, 26, 27, 28, 29]","[1.6436588764190674, 1.6743477582931519, 1.5202933549880981, 1.7316389083862305, 1.7083817720413208, 1.694704532623291, 1.5884038209915161, 1.5627938508987427, 1.6150145530700684, 1.5211292505264282, 1.7054978609085083, 1.647010326385498, 1.676814079284668, 1.5628039836883545, 1.5668655633926392, 1.636880874633789, 1.4957646131515503, 1.4847272634506226, 1.5544915199279785, 1.567402958869934, 1.7141262292861938, 1.4910722970962524, 1.673304796218872, 1.5810284614562988, 1.6438651084899902, 1.5692546367645264, 1.7425874471664429, 1.6726844310760498, 1.705180048942566, 1.5606528520584106]",sae,Pre-64
1,beta,10,0.06,0.4493907433353129,0.4390813823454372,0.4434827557268005,0.5,0.6232207829487961,0.6769916394560265,30,"[0, 1, 2, 3, 4, 5, 6, 7, 8, 9, 10, 11, 12, 13, 14, 15, 16, 17, 18, 19, 20, 21, 22, 23, 24, 25, 26, 27, 28, 29]","[1.4319417476654053, 1.3431159257888794, 1.5104310512542725, 1.4290105104446411, 1.4248595237731934, 1.433732032775879, 1.5218526124954224, 1.448506236076355, 1.3357456922531128, 1.4855724573135376, 1.4372096061706543, 1.4610717296600342, 1.4605220556259155, 1.4357895851135254, 1.4980230331420898, 1.456333041191101, 1.465588092803955, 1.3752846717834473, 1.4313141107559204, 1.3908405303955078, 1.4109930992126465, 1.4417048692703247, 1.5024737119674683, 1.5043556690216064, 1.4419301748275757, 1.3768835067749023, 1.4381511211395264, 1.4388378858566284, 1.4370746612548828, 1.4920612573623657]",sae,Pre-64
1,beta,7,0.075,0.4564836922581216,0.4420418003909208,0.4378604596081721,0.5,0.6095136152062148,0.7014179158391681,30,"[0, 1, 2, 3, 4, 5, 6, 7, 8, 9, 10, 11, 12, 13, 14, 15, 16, 17, 18, 19, 20, 21, 22, 23, 24, 25, 26, 27, 28, 29]","[1.4025075435638428, 1.4509214162826538, 1.4666047096252441, 1.4348925352096558, 1.4838571548461914, 1.4379329681396484, 1.4047878980636597, 1.4419784545898438, 1.5401071310043335, 1.4452680349349976, 1.3681148290634155, 1.4103063344955444, 1.3737684488296509, 1.3934977054595947, 1.5517504215240479, 1.4652369022369385, 1.3920001983642578, 1.3821732997894287, 1.485577940940857, 1.4805200099945068, 1.450014591217041, 1.469639539718628, 1.4737417697906494, 1.4107474088668823, 1.5086930990219116, 1.4973722696304321, 1.4171639680862427, 1.3312034606933594, 1.519544243812561, 1.409462571144104]",sae,Pre-64
1,beta,46,0.07,0.4545712902572906,0.4417269056853911,0.4524125549220671,0.5,0.6270377926330811,0.6894186615115058,30,"[0, 1, 2, 3, 4, 5, 6, 7, 8, 9, 10, 11, 12, 13, 14, 15, 16, 17, 18, 19, 20, 21, 22, 23, 24, 25, 26, 27, 28, 29]","[1.468444585800171, 1.5741605758666992, 1.5654306411743164, 1.5531984567642212, 1.4697641134262085, 1.5999096632003784, 1.4930219650268555, 1.6187376976013184, 1.549748420715332, 1.6485083103179932, 1.3779767751693726, 1.4757734537124634, 1.6147282123565674, 1.4613341093063354, 1.5253939628601074, 1.6145557165145874, 1.5424034595489502, 1.555121898651123, 1.6269557476043701, 1.6052296161651611, 1.5200555324554443, 1.518310308456421, 1.5513452291488647, 1.546428918838501, 1.5554736852645874, 1.567996859550476, 1.5440610647201538, 1.592078447341919, 1.522936224937439, 1.540298581123352]",sae,Pre-64
1,beta,14,0.085,0.4467366851483266,0.4421697276018216,0.4320251685157695,0.5,0.5934222168898753,0.6975989441953239,30,"[0, 1, 2, 3, 4, 5, 6, 7, 8, 9, 10, 11, 12, 13, 14, 15, 16, 17, 18, 19, 20, 21, 22, 23, 24, 25, 26, 27, 28, 29]","[1.4076142311096191, 1.2924602031707764, 1.370481014251709, 1.3946163654327393, 1.419974684715271, 1.3817304372787476, 1.366917610168457, 1.4648128747940063, 1.3842310905456543, 1.4438066482543945, 1.3425333499908447, 1.3005467653274536, 1.3210196495056152, 1.4434051513671875, 1.4368903636932373, 1.3885689973831177, 1.4643778800964355, 1.45927894115448, 1.379355788230896, 1.3767991065979004, 1.4027467966079712, 1.3941199779510498, 1.4527394771575928, 1.3401845693588257, 1.452859878540039, 1.4528520107269287, 1.391276240348816, 1.4602775573730469, 1.4461076259613037, 1.3427001237869263]",sae,Pre-64
1,beta,43,0.044,0.4515364523902173,0.4432102910589974,0.4435705614629957,0.5,0.6060785767234989,0.7020941438102298,30,"[0, 1, 2, 3, 4, 5, 6, 7, 8, 9, 10, 11, 12, 13, 14, 15, 16, 17, 18, 19, 20, 21, 22, 23, 24, 25, 26, 27, 28, 29]","[1.6472783088684082, 1.707337498664856, 1.713594675064087, 1.5896822214126587, 1.6227123737335205, 1.5559535026550293, 1.5873870849609375, 1.5779787302017212, 1.6563365459442139, 1.5606251955032349, 1.53554368019104, 1.7481077909469604, 1.6697700023651123, 1.6138181686401367, 1.6002308130264282, 1.517575740814209, 1.6995928287506104, 1.581154465675354, 1.6724094152450562, 1.6777547597885132, 1.5854878425598145, 1.590731143951416, 1.7283583879470825, 1.6292026042938232, 1.5753469467163086, 1.6253105401992798, 1.735248327255249, 1.5741510391235352, 1.6871864795684814, 1.7408868074417114]",sae,Pre-64
1,beta,5,0.048,0.4445517550333296,0.4301735816232515,0.4348066908643104,0.5,0.6070910659257547,0.6821646674959214,30,"[0, 1, 2, 3, 4, 5, 6, 7, 8, 9, 10, 11, 12, 13, 14, 15, 16, 17, 18, 19, 20, 21, 22, 23, 24, 25, 26, 27, 28, 29]","[1.5669121742248535, 1.4361768960952759, 1.4327770471572876, 1.5773935317993164, 1.5714155435562134, 1.523587703704834, 1.5014023780822754, 1.4695144891738892, 1.533263921737671, 1.4355212450027466, 1.5464251041412354, 1.575092077255249, 1.5148104429244995, 1.4929864406585693, 1.5770463943481445, 1.544123888015747, 1.5412802696228027, 1.5694407224655151, 1.4318712949752808, 1.5027155876159668, 1.5838243961334229, 1.5060124397277832, 1.5964151620864868, 1.4455097913742065, 1.5184882879257202, 1.5870603322982788, 1.4382579326629639, 1.5076994895935059, 1.5523629188537598, 1.521263837814331]",sae,Pre-64
1,beta,37,0.042,0.4546908257221888,0.444978337644671,0.4341288006091962,0.5,0.6058579085235571,0.7172520249634843,30,"[0, 1, 2, 3, 4, 5, 6, 7, 8, 9, 10, 11, 12, 13, 14, 15, 16, 17, 18, 19, 20, 21, 22, 23, 24, 25, 26, 27, 28, 29]","[1.4826301336288452, 1.5445300340652466, 1.519214153289795, 1.4951118230819702, 1.4470170736312866, 1.554739236831665, 1.5205745697021484, 1.5692826509475708, 1.6153279542922974, 1.5551890134811401, 1.519213080406189, 1.52718985080719, 1.5536571741104126, 1.5579949617385864, 1.591232180595398, 1.5356581211090088, 1.5252196788787842, 1.5692483186721802, 1.5415345430374146, 1.5388251543045044, 1.5654442310333252, 1.5743893384933472, 1.5985538959503174, 1.5826737880706787, 1.5410664081573486, 1.5791404247283936, 1.5474364757537842, 1.5772628784179688, 1.5793417692184448, 1.5937230587005615]",sae,Pre-64
1,beta,28,0.065,0.4589844236982603,0.4495627040154577,0.4417681602907463,0.5,0.5987249917034086,0.6982618641255394,30,"[0, 1, 2, 3, 4, 5, 6, 7, 8, 9, 10, 11, 12, 13, 14, 15, 16, 17, 18, 19, 20, 21, 22, 23, 24, 25, 26, 27, 28, 29]","[1.4533218145370483, 1.336814522743225, 1.326081395149231, 1.545565128326416, 1.499626874923706, 1.4834805727005005, 1.4441866874694824, 1.3771060705184937, 1.4778972864151, 1.5095075368881226, 1.4394962787628174, 1.4700371026992798, 1.5172398090362549, 1.5273329019546509, 1.4602949619293213, 1.4073430299758911, 1.442082405090332, 1.4986199140548706, 1.473246455192566, 1.4733877182006836, 1.4079254865646362, 1.4281290769577026, 1.4299442768096924, 1.3781301975250244, 1.40969979763031, 1.4983254671096802, 1.5371408462524414, 1.4203464984893799, 1.399072527885437, 1.4111591577529907]",sae,Pre-64
1,beta,8,0.084,0.4517491928182039,0.4406431065890545,0.4394580756014551,0.5,0.6098144493254953,0.6783514781095477,30,"[0, 1, 2, 3, 4, 5, 6, 7, 8, 9, 10, 11, 12, 13, 14, 15, 16, 17, 18, 19, 20, 21, 22, 23, 24, 25, 26, 27, 28, 29]","[1.3885184526443481, 1.5003365278244019, 1.4171154499053955, 1.448222279548645, 1.5092178583145142, 1.4446265697479248, 1.4930974245071411, 1.4052664041519165, 1.451606273651123, 1.5008344650268555, 1.5090181827545166, 1.4328594207763672, 1.4163957834243774, 1.4494251012802124, 1.478306770324707, 1.3938357830047607, 1.4155313968658447, 1.4514820575714111, 1.3620691299438477, 1.4316154718399048, 1.4045270681381226, 1.3802826404571533, 1.4837502241134644, 1.4161958694458008, 1.4833048582077026, 1.487381100654602, 1.385017991065979, 1.4830176830291748, 1.4538973569869995, 1.4540501832962036]",sae,Pre-64
1,beta,20,0.045,0.4408022875601419,0.4262939306313442,0.4417159926413102,0.5,0.6176087118064704,0.6529328712617123,30,"[0, 1, 2, 3, 4, 5, 6, 7, 8, 9, 10, 11, 12, 13, 14, 15, 16, 17, 18, 19, 20, 21, 22, 23, 24, 25, 26, 27, 28, 29]","[1.6993980407714844, 1.7513830661773682, 1.684511423110962, 1.8212707042694092, 1.730276346206665, 1.7690938711166382, 1.7723472118377686, 1.6673153638839722, 1.6978669166564941, 1.6295037269592285, 1.6601403951644897, 1.6653376817703247, 1.8223533630371094, 1.6727303266525269, 1.7198654413223267, 1.784546971321106, 1.6909962892532349, 1.6030666828155518, 1.726202130317688, 1.7381584644317627, 1.677525520324707, 1.6111526489257812, 1.7355709075927734, 1.8036251068115234, 1.787441372871399, 1.6139590740203857, 1.6824556589126587, 1.7328380346298218, 1.6019699573516846, 1.7891795635223389]",sae,Pre-64
1,beta,26,0.056,0.4502231978181314,0.4442488029476733,0.4655021844734784,0.5,0.5832450787939482,0.6463836317739975,30,"[0, 1, 2, 3, 4, 5, 6, 7, 8, 9, 10, 11, 12, 13, 14, 15, 16, 17, 18, 19, 20, 21, 22, 23, 24, 25, 26, 27, 28, 29]","[1.5698920488357544, 1.5733879804611206, 1.7491590976715088, 1.522140622138977, 1.5998425483703613, 1.6441000699996948, 1.6461589336395264, 1.5443146228790283, 1.660203456878662, 1.6014662981033325, 1.5184530019760132, 1.7570701837539673, 1.6877108812332153, 1.6390514373779297, 1.720118522644043, 1.6022355556488037, 1.6485059261322021, 1.5051672458648682, 1.6633988618850708, 1.5999606847763062, 1.5643547773361206, 1.7276830673217773, 1.6149415969848633, 1.6495723724365234, 1.7372583150863647, 1.7146432399749756, 1.5869746208190918, 1.6475114822387695, 1.4747294187545776, 1.5515873432159424]",sae,Pre-64
1,beta,41,0.076,0.4543678569363413,0.4427951465832617,0.4506725504174151,0.5,0.6190905384235713,0.6749143400788286,30,"[0, 1, 2, 3, 4, 5, 6, 7, 8, 9, 10, 11, 12, 13, 14, 15, 16, 17, 18, 19, 20, 21, 22, 23, 24, 25, 26, 27, 28, 29]","[1.3113316297531128, 1.370692253112793, 1.2804540395736694, 1.2524217367172241, 1.2505264282226562, 1.4178194999694824, 1.2943406105041504, 1.3421896696090698, 1.3165678977966309, 1.3854155540466309, 1.3798608779907227, 1.34083890914917, 1.3471503257751465, 1.3932814598083496, 1.3977839946746826, 1.3275251388549805, 1.291042685508728, 1.346510410308838, 1.3464860916137695, 1.3517032861709595, 1.2638013362884521, 1.3183923959732056, 1.3323110342025757, 1.3411206007003784, 1.3366637229919434, 1.316987156867981, 1.372087836265564, 1.3803468942642212, 1.3340344429016113, 1.285909652709961]",sae,Pre-64
1,beta,23,0.072,0.4478205607315014,0.4344954522622479,0.4346096406778459,0.5,0.6150139710231751,0.6749706131970572,30,"[0, 1, 2, 3, 4, 5, 6, 7, 8, 9, 10, 11, 12, 13, 14, 15, 16, 17, 18, 19, 20, 21, 22, 23, 24, 25, 26, 27, 28, 29]","[1.3949379920959473, 1.454277753829956, 1.43332040309906, 1.5455749034881592, 1.3247437477111816, 1.3908523321151733, 1.5268840789794922, 1.418159008026123, 1.393441081047058, 1.5279985666275024, 1.533089280128479, 1.487819790840149, 1.4770392179489136, 1.3720309734344482, 1.465545654296875, 1.5248945951461792, 1.2174694538116455, 1.4306800365447998, 1.3758366107940674, 1.4078110456466675, 1.5227941274642944, 1.5450602769851685, 1.395851969718933, 1.5380008220672607, 1.5308243036270142, 1.4383764266967773, 1.394139051437378, 1.4355432987213135, 1.4379194974899292, 1.5464451313018799]",sae,Pre-64
1,beta,17,0.082,0.4599327030141671,0.4513468217402507,0.4455507210116181,0.5,0.6120635717004715,0.6968063927566648,30,"[0, 1, 2, 3, 4, 5, 6, 7, 8, 9, 10, 11, 12, 13, 14, 15, 16, 17, 18, 19, 20, 21, 22, 23, 24, 25, 26, 27, 28, 29]","[1.5269800424575806, 1.403321623802185, 1.4376367330551147, 1.4612842798233032, 1.5423880815505981, 1.4249111413955688, 1.4879522323608398, 1.3321709632873535, 1.4457978010177612, 1.4560878276824951, 1.51011323928833, 1.5189447402954102, 1.453658103942871, 1.5324589014053345, 1.455389142036438, 1.4568421840667725, 1.5265867710113525, 1.4560331106185913, 1.5093693733215332, 1.476873517036438, 1.3984097242355347, 1.4749172925949097, 1.3153367042541504, 1.4434704780578613, 1.4530268907546997, 1.4473814964294434, 1.4198968410491943, 1.4543089866638184, 1.4201380014419556, 1.5102335214614868]",sae,Pre-64
1,beta,35,0.075,0.4566193215888805,0.4379483378046387,0.4343187954444047,0.5,0.637290178651746,0.7144263233962422,30,"[0, 1, 2, 3, 4, 5, 6, 7, 8, 9, 10, 11, 12, 13, 14, 15, 16, 17, 18, 19, 20, 21, 22, 23, 24, 25, 26, 27, 28, 29]","[1.4513636827468872, 1.5178476572036743, 1.5819076299667358, 1.5113908052444458, 1.5247105360031128, 1.4889910221099854, 1.4375711679458618, 1.598293662071228, 1.6139228343963623, 1.5060503482818604, 1.5765279531478882, 1.4277143478393555, 1.5001940727233887, 1.4077366590499878, 1.4971835613250732, 1.4546973705291748, 1.5848298072814941, 1.4296575784683228, 1.5346139669418335, 1.4354188442230225, 1.4562164545059204, 1.447576880455017, 1.4649866819381714, 1.4346420764923096, 1.4817131757736206, 1.5276298522949219, 1.458302617073059, 1.5385386943817139, 1.5930356979370117, 1.5314174890518188]",sae,Pre-64
1,beta,12,0.068,0.4455148672091349,0.4361346773072694,0.4120247921312815,0.5,0.5892778403611032,0.7320207973998576,30,"[0, 1, 2, 3, 4, 5, 6, 7, 8, 9, 10, 11, 12, 13, 14, 15, 16, 17, 18, 19, 20, 21, 22, 23, 24, 25, 26, 27, 28, 29]","[1.374422550201416, 1.4820799827575684, 1.391215443611145, 1.290974497795105, 1.4792828559875488, 1.41510009765625, 1.4087696075439453, 1.4609283208847046, 1.4962531328201294, 1.3672112226486206, 1.369020700454712, 1.5373680591583252, 1.395520567893982, 1.4679574966430664, 1.3531845808029175, 1.5410618782043457, 1.325661063194275, 1.5194658041000366, 1.4410181045532227, 1.5335994958877563, 1.4974172115325928, 1.443901538848877, 1.39547860622406, 1.5397506952285767, 1.517263650894165, 1.3860187530517578, 1.5177781581878662, 1.4628907442092896, 1.4163892269134521, 1.5482728481292725]",sae,Pre-64
1,beta,43,0.054,0.4515364523902173,0.4432102910589974,0.4421068724598342,0.5,0.6060785767234989,0.6994366197183098,30,"[0, 1, 2, 3, 4, 5, 6, 7, 8, 9, 10, 11, 12, 13, 14, 15, 16, 17, 18, 19, 20, 21, 22, 23, 24, 25, 26, 27, 28, 29]","[1.5245537757873535, 1.5977600812911987, 1.5736716985702515, 1.4710161685943604, 1.5060107707977295, 1.4452455043792725, 1.4760570526123047, 1.4629199504852295, 1.5628395080566406, 1.4525654315948486, 1.418152928352356, 1.608219861984253, 1.5370250940322876, 1.479503870010376, 1.4792757034301758, 1.3670117855072021, 1.5649545192718506, 1.4631043672561646, 1.5597331523895264, 1.555545687675476, 1.458267331123352, 1.471391201019287, 1.5965737104415894, 1.5291293859481812, 1.452017903327942, 1.532946228981018, 1.599292278289795, 1.462709903717041, 1.558481216430664, 1.6088716983795166]",sae,Pre-64
1,beta,49,0.045,0.462130925118617,0.4524487678230295,0.454509281350097,0.5,0.6141152509743157,0.6850568742076348,30,"[0, 1, 2, 3, 4, 5, 6, 7, 8, 9, 10, 11, 12, 13, 14, 15, 16, 17, 18, 19, 20, 21, 22, 23, 24, 25, 26, 27, 28, 29]","[1.6081299781799316, 1.6848251819610596, 1.6814243793487549, 1.6420968770980835, 1.5719636678695679, 1.6153228282928467, 1.741143822669983, 1.642208218574524, 1.7866944074630737, 1.6897716522216797, 1.6528300046920776, 1.605173945426941, 1.7043914794921875, 1.692539930343628, 1.761033535003662, 1.7215176820755005, 1.764187216758728, 1.7690582275390625, 1.6134790182113647, 1.7125442028045654, 1.7575325965881348, 1.625630497932434, 1.765198826789856, 1.6782538890838623, 1.5936566591262817, 1.6851907968521118, 1.691959023475647, 1.6091173887252808, 1.6082473993301392, 1.6080653667449951]",sae,Pre-64
1,beta,38,0.05,0.4455661720406026,0.4298851252298221,0.4443684660354737,0.5,0.6303640517897944,0.6594805788271135,30,"[0, 1, 2, 3, 4, 5, 6, 7, 8, 9, 10, 11, 12, 13, 14, 15, 16, 17, 18, 19, 20, 21, 22, 23, 24, 25, 26, 27, 28, 29]","[1.5511313676834106, 1.5449436902999878, 1.5450901985168457, 1.6368145942687988, 1.5757297277450562, 1.4443532228469849, 1.6395894289016724, 1.5824527740478516, 1.480104923248291, 1.5719621181488037, 1.5419813394546509, 1.619565486907959, 1.6071358919143677, 1.5637484788894653, 1.6266067028045654, 1.5522221326828003, 1.5302728414535522, 1.636263370513916, 1.514168620109558, 1.5919784307479858, 1.563201665878296, 1.5530219078063965, 1.6348185539245605, 1.5030406713485718, 1.5566941499710083, 1.634672999382019, 1.5223772525787354, 1.627221941947937, 1.5489575862884521, 1.6338480710983276]",sae,Pre-64
1,beta,36,0.084,0.4642138821845151,0.4576483090311837,0.4619630944840542,0.5,0.6031055233182893,0.6742583976626529,30,"[0, 1, 2, 3, 4, 5, 6, 7, 8, 9, 10, 11, 12, 13, 14, 15, 16, 17, 18, 19, 20, 21, 22, 23, 24, 25, 26, 27, 28, 29]","[1.5162367820739746, 1.507651686668396, 1.4275920391082764, 1.5087521076202393, 1.3861552476882935, 1.5372086763381958, 1.4345570802688599, 1.4790449142456055, 1.5494581460952759, 1.402206540107727, 1.4365062713623047, 1.5383185148239136, 1.4277700185775757, 1.4635165929794312, 1.4740105867385864, 1.551578402519226, 1.5038114786148071, 1.4875755310058594, 1.546415090560913, 1.4202936887741089, 1.4622591733932495, 1.4523413181304932, 1.457801342010498, 1.4343345165252686, 1.5313999652862549, 1.51217782497406, 1.443525791168213, 1.493970513343811, 1.5290664434432983, 1.4226630926132202]",sae,Pre-64
1,beta,10,0.05,0.4493907433353129,0.4390813823454372,0.4482230554291591,0.5,0.6232207829487961,0.6767777817646847,30,"[0, 1, 2, 3, 4, 5, 6, 7, 8, 9, 10, 11, 12, 13, 14, 15, 16, 17, 18, 19, 20, 21, 22, 23, 24, 25, 26, 27, 28, 29]","[1.590835690498352, 1.4966150522232056, 1.6713616847991943, 1.5858678817749023, 1.586868405342102, 1.5880885124206543, 1.6583279371261597, 1.617740511894226, 1.529231309890747, 1.6779892444610596, 1.5769016742706299, 1.6290638446807861, 1.6330506801605225, 1.5895555019378662, 1.6248743534088135, 1.616194248199463, 1.6330071687698364, 1.525442361831665, 1.61675226688385, 1.5566967725753784, 1.5631624460220337, 1.6147770881652832, 1.6748982667922974, 1.6822261810302734, 1.6351274251937866, 1.528693675994873, 1.596019983291626, 1.580406904220581, 1.6061419248580933, 1.6838796138763428]",sae,Pre-64
1,beta,34,0.066,0.4568527557813058,0.4470225010708758,0.4484702633309935,0.5,0.6011606799053854,0.6782522343594837,30,"[0, 1, 2, 3, 4, 5, 6, 7, 8, 9, 10, 11, 12, 13, 14, 15, 16, 17, 18, 19, 20, 21, 22, 23, 24, 25, 26, 27, 28, 29]","[1.3883885145187378, 1.4733089208602905, 1.4787442684173584, 1.4239716529846191, 1.373575210571289, 1.3889710903167725, 1.4301111698150635, 1.3477264642715454, 1.3517128229141235, 1.3928227424621582, 1.4479515552520752, 1.2518703937530518, 1.4588876962661743, 1.3496989011764526, 1.358340859413147, 1.382391333580017, 1.4751416444778442, 1.4908578395843506, 1.3997130393981934, 1.3888583183288574, 1.4068032503128052, 1.4930981397628784, 1.4268410205841064, 1.4509360790252686, 1.3782110214233398, 1.325074553489685, 1.5045984983444214, 1.4895172119140625, 1.4769645929336548, 1.4612783193588257]",sae,Pre-64
1,beta,19,0.078,0.4469965829377276,0.435497383761294,0.4137655308853963,0.5,0.6104665954706788,0.713357100229293,30,"[0, 1, 2, 3, 4, 5, 6, 7, 8, 9, 10, 11, 12, 13, 14, 15, 16, 17, 18, 19, 20, 21, 22, 23, 24, 25, 26, 27, 28, 29]","[1.3324638605117798, 1.3457787036895752, 1.4219205379486084, 1.365609884262085, 1.2843018770217896, 1.2986323833465576, 1.3371225595474243, 1.408443808555603, 1.313634991645813, 1.4280074834823608, 1.4209434986114502, 1.4481723308563232, 1.3354395627975464, 1.349582552909851, 1.2644883394241333, 1.283699870109558, 1.411422848701477, 1.4450891017913818, 1.297057032585144, 1.3243616819381714, 1.4608319997787476, 1.3268308639526367, 1.3332734107971191, 1.3283777236938477, 1.3246701955795288, 1.4227347373962402, 1.4352585077285767, 1.3517115116119385, 1.3065338134765625, 1.3015192747116089]",sae,Pre-64
1,beta,31,0.082,0.4497611378811508,0.4308970333737342,0.4335672181406007,0.5,0.642735734520437,0.7099699369832919,30,"[0, 1, 2, 3, 4, 5, 6, 7, 8, 9, 10, 11, 12, 13, 14, 15, 16, 17, 18, 19, 20, 21, 22, 23, 24, 25, 26, 27, 28, 29]","[1.5576902627944946, 1.5185799598693848, 1.4347974061965942, 1.4590275287628174, 1.509289026260376, 1.5962719917297363, 1.4724757671356201, 1.5293570756912231, 1.4791606664657593, 1.5481113195419312, 1.4996939897537231, 1.528043508529663, 1.5625762939453125, 1.3982200622558594, 1.5621956586837769, 1.4985284805297852, 1.5224237442016602, 1.5219379663467407, 1.5358842611312866, 1.4908580780029297, 1.579928994178772, 1.5217386484146118, 1.5750057697296143, 1.526678204536438, 1.5159908533096313, 1.5426914691925049, 1.4353734254837036, 1.5883502960205078, 1.4317326545715332, 1.5286228656768799]",sae,Pre-64
1,beta,11,0.08,0.4566976193509867,0.4496008864727478,0.4367972247156945,0.5,0.5995106990682213,0.710718382731657,30,"[0, 1, 2, 3, 4, 5, 6, 7, 8, 9, 10, 11, 12, 13, 14, 15, 16, 17, 18, 19, 20, 21, 22, 23, 24, 25, 26, 27, 28, 29]","[1.4601331949234009, 1.266481876373291, 1.4168622493743896, 1.3388774394989014, 1.4941974878311157, 1.3604265451431274, 1.3679243326187134, 1.2476385831832886, 1.479109764099121, 1.4806981086730957, 1.4962610006332397, 1.5098975896835327, 1.5118657350540161, 1.4061026573181152, 1.3767669200897217, 1.3811769485473633, 1.4332751035690308, 1.361024260520935, 1.3902368545532227, 1.451190710067749, 1.4200515747070312, 1.4358820915222168, 1.4937227964401245, 1.4113653898239136, 1.4011788368225098, 1.4671056270599365, 1.4960588216781616, 1.352567195892334, 1.3940027952194214, 1.3745595216751099]",sae,Pre-64
1,beta,46,0.058,0.4545712902572906,0.4417269056853911,0.4551496981546347,0.5,0.6270377926330811,0.6898862756670987,30,"[0, 1, 2, 3, 4, 5, 6, 7, 8, 9, 10, 11, 12, 13, 14, 15, 16, 17, 18, 19, 20, 21, 22, 23, 24, 25, 26, 27, 28, 29]","[1.558946967124939, 1.6748639345169067, 1.6558570861816406, 1.6438977718353271, 1.5604219436645508, 1.6881203651428223, 1.5823360681533813, 1.7230817079544067, 1.6376980543136597, 1.7441089153289795, 1.4699761867523193, 1.5669670104980469, 1.7077758312225342, 1.5582244396209717, 1.6134984493255615, 1.7105995416641235, 1.6291619539260864, 1.6377757787704468, 1.7333475351333618, 1.7003154754638672, 1.6061235666275024, 1.6110098361968994, 1.6302297115325928, 1.6376819610595703, 1.630446195602417, 1.6517893075942993, 1.641611099243164, 1.6746104955673218, 1.6106816530227661, 1.6256580352783203]",sae,Pre-64
1,beta,39,0.08,0.4461088087810431,0.4292341094433316,0.4375547647259705,0.5,0.6205127278095635,0.6695529825766546,30,"[0, 1, 2, 3, 4, 5, 6, 7, 8, 9, 10, 11, 12, 13, 14, 15, 16, 17, 18, 19, 20, 21, 22, 23, 24, 25, 26, 27, 28, 29]","[1.4233102798461914, 1.518255352973938, 1.4584356546401978, 1.4520090818405151, 1.3784235715866089, 1.438002109527588, 1.4210436344146729, 1.4564483165740967, 1.3836328983306885, 1.4994431734085083, 1.4266200065612793, 1.371206521987915, 1.4594991207122803, 1.375836968421936, 1.4609824419021606, 1.5205497741699219, 1.4865561723709106, 1.48042631149292, 1.3991175889968872, 1.3578256368637085, 1.3759732246398926, 1.4658831357955933, 1.4035143852233887, 1.4064329862594604, 1.4783296585083008, 1.4308574199676514, 1.3221821784973145, 1.4015871286392212, 1.5321190357208252, 1.4021093845367432]",sae,Pre-64
1,beta,40,0.068,0.44666181227492,0.4340193094910912,0.4368302293411514,0.5,0.6093636266731638,0.6688589745542037,30,"[0, 1, 2, 3, 4, 5, 6, 7, 8, 9, 10, 11, 12, 13, 14, 15, 16, 17, 18, 19, 20, 21, 22, 23, 24, 25, 26, 27, 28, 29]","[1.588624358177185, 1.5591535568237305, 1.5152418613433838, 1.4587290287017822, 1.4991108179092407, 1.521073579788208, 1.5197808742523193, 1.5613632202148438, 1.538102149963379, 1.5797877311706543, 1.4838141202926636, 1.4977221488952637, 1.567194938659668, 1.4892350435256958, 1.4856678247451782, 1.5938152074813843, 1.520398736000061, 1.5090774297714233, 1.4761947393417358, 1.508564829826355, 1.4621927738189697, 1.4748339653015137, 1.58087956905365, 1.5054463148117065, 1.5760595798492432, 1.4892232418060303, 1.5568960905075073, 1.4917629957199097, 1.6039550304412842, 1.46333909034729]",sae,Pre-64
1,beta,6,0.055,0.4540822999211705,0.4457917896713532,0.4502227179073815,0.5,0.5933447799067053,0.664476623159558,30,"[0, 1, 2, 3, 4, 5, 6, 7, 8, 9, 10, 11, 12, 13, 14, 15, 16, 17, 18, 19, 20, 21, 22, 23, 24, 25, 26, 27, 28, 29]","[1.6162608861923218, 1.6546032428741455, 1.546110987663269, 1.6722491979599, 1.5347938537597656, 1.5700836181640625, 1.549731969833374, 1.609887719154358, 1.5122716426849365, 1.6358083486557007, 1.5575122833251953, 1.5115272998809814, 1.5580469369888306, 1.5168135166168213, 1.3328874111175537, 1.6459254026412964, 1.5305668115615845, 1.5950043201446533, 1.5930869579315186, 1.5957967042922974, 1.5762982368469238, 1.5256179571151733, 1.6500495672225952, 1.5671958923339844, 1.5207111835479736, 1.5940862894058228, 1.55122709274292, 1.5108672380447388, 1.566855549812317, 1.6074976921081543]",sae,Pre-64
1,beta,37,0.0535,0.4546908257221888,0.444978337644671,0.4340734320047333,0.5,0.6058579085235571,0.717265605195495,30,"[0, 1, 2, 3, 4, 5, 6, 7, 8, 9, 10, 11, 12, 13, 14, 15, 16, 17, 18, 19, 20, 21, 22, 23, 24, 25, 26, 27, 28, 29]","[1.4779887199401855, 1.5398743152618408, 1.514609694480896, 1.4904671907424927, 1.4423513412475586, 1.5500965118408203, 1.515997052192688, 1.5646255016326904, 1.6106759309768677, 1.5505262613296509, 1.514534831047058, 1.5225434303283691, 1.5490195751190186, 1.5533969402313232, 1.5865896940231323, 1.5310125350952148, 1.5205724239349365, 1.564600944519043, 1.5368908643722534, 1.534234881401062, 1.5608144998550415, 1.5697795152664185, 1.5939120054244995, 1.578033685684204, 1.536425232887268, 1.5745036602020264, 1.5428180694580078, 1.5726540088653564, 1.574713110923767, 1.5890886783599854]",sae,Pre-64
1,beta,24,0.08,0.4501416387440968,0.4383559369047743,0.4491881982116665,0.5,0.6188330126613704,0.6423938679245284,30,"[0, 1, 2, 3, 4, 5, 6, 7, 8, 9, 10, 11, 12, 13, 14, 15, 16, 17, 18, 19, 20, 21, 22, 23, 24, 25, 26, 27, 28, 29]","[1.4937604665756226, 1.4009603261947632, 1.4253196716308594, 1.503263235092163, 1.5085994005203247, 1.4193646907806396, 1.4272938966751099, 1.4266239404678345, 1.4692425727844238, 1.3550324440002441, 1.4589588642120361, 1.4074150323867798, 1.5024465322494507, 1.4874951839447021, 1.425525426864624, 1.3960602283477783, 1.5091891288757324, 1.3015369176864624, 1.4013421535491943, 1.5109938383102417, 1.4856321811676025, 1.5043185949325562, 1.40470552444458, 1.465263843536377, 1.3838759660720825, 1.3478339910507202, 1.4591203927993774, 1.3819040060043335, 1.5130579471588135, 1.4182333946228027]",sae,Pre-64
1,beta,1,0.085,0.4560357198099471,0.4497423189216591,0.4463150551069365,0.5,0.5964054457666336,0.6820090782452661,30,"[0, 1, 2, 3, 4, 5, 6, 7, 8, 9, 10, 11, 12, 13, 14, 15, 16, 17, 18, 19, 20, 21, 22, 23, 24, 25, 26, 27, 28, 29]","[1.40992271900177, 1.3106579780578613, 1.3635565042495728, 1.250597596168518, 1.3462611436843872, 1.2733700275421143, 1.2812806367874146, 1.3481799364089966, 1.254540205001831, 1.3104808330535889, 1.309180498123169, 1.352026104927063, 1.402847409248352, 1.279832124710083, 1.40021550655365, 1.2318397760391235, 1.2550946474075317, 1.3094062805175781, 1.3803220987319946, 1.410772681236267, 1.3994497060775757, 1.3601444959640503, 1.3346002101898193, 1.305039405822754, 1.2723361253738403, 1.296120524406433, 1.3245465755462646, 1.3297337293624878, 1.412068247795105, 1.3344451189041138]",sae,Pre-64
1,beta,16,0.044,0.4519396108125126,0.4401978349795346,0.4371886848722684,0.5,0.6159012314439947,0.7204730576441102,30,"[0, 1, 2, 3, 4, 5, 6, 7, 8, 9, 10, 11, 12, 13, 14, 15, 16, 17, 18, 19, 20, 21, 22, 23, 24, 25, 26, 27, 28, 29]","[1.6366760730743408, 1.5498898029327393, 1.607192873954773, 1.6720932722091675, 1.6874114274978638, 1.5840588808059692, 1.6853795051574707, 1.63019859790802, 1.5803264379501343, 1.6864514350891113, 1.6932905912399292, 1.6304048299789429, 1.6049349308013916, 1.5762946605682373, 1.6035786867141724, 1.615795612335205, 1.6228939294815063, 1.5425324440002441, 1.582963466644287, 1.677405834197998, 1.7018239498138428, 1.6639196872711182, 1.6673951148986816, 1.6667340993881226, 1.560059905052185, 1.6574887037277222, 1.6184784173965454, 1.582334280014038, 1.5546077489852905, 1.5959093570709229]",sae,Pre-64
1,beta,45,0.062,0.4515599815008028,0.4347157609968581,0.4473251070007851,0.5,0.6289673345145609,0.6765087153393001,30,"[0, 1, 2, 3, 4, 5, 6, 7, 8, 9, 10, 11, 12, 13, 14, 15, 16, 17, 18, 19, 20, 21, 22, 23, 24, 25, 26, 27, 28, 29]","[1.553834080696106, 1.5456486940383911, 1.4389325380325317, 1.6187753677368164, 1.61477792263031, 1.4707920551300049, 1.6263643503189087, 1.6022930145263672, 1.4815642833709717, 1.4416542053222656, 1.551161289215088, 1.6302582025527954, 1.5846917629241943, 1.4991779327392578, 1.5091146230697632, 1.5274417400360107, 1.5409235954284668, 1.4150997400283813, 1.5406180620193481, 1.5330418348312378, 1.5838485956192017, 1.4818813800811768, 1.5938441753387451, 1.4613587856292725, 1.4407559633255005, 1.6199432611465454, 1.4733350276947021, 1.4887727499008179, 1.4158945083618164, 1.6207419633865356]",sae,Pre-64
1,beta,3,0.082,0.4557259332451328,0.444824285747971,0.464436601195674,0.5,0.6042731979176,0.6522588720237493,30,"[0, 1, 2, 3, 4, 5, 6, 7, 8, 9, 10, 11, 12, 13, 14, 15, 16, 17, 18, 19, 20, 21, 22, 23, 24, 25, 26, 27, 28, 29]","[1.3999526500701904, 1.4268652200698853, 1.4115170240402222, 1.3694849014282227, 1.4049208164215088, 1.4415570497512817, 1.3974946737289429, 1.445103406906128, 1.2004369497299194, 1.4700360298156738, 1.3618313074111938, 1.4680976867675781, 1.4036521911621094, 1.3796137571334839, 1.4789432287216187, 1.3985233306884766, 1.4042580127716064, 1.4296995401382446, 1.3636515140533447, 1.3665318489074707, 1.3119722604751587, 1.377980351448059, 1.3747113943099976, 1.4895840883255005, 1.4603428840637207, 1.3894033432006836, 1.3924953937530518, 1.3860290050506592, 1.4549239873886108, 1.3921066522598267]",sae,Pre-64
1,beta,18,0.07,0.4575117633693479,0.4471831599677374,0.4242438286100351,0.5,0.6052065040104606,0.7328439711875449,30,"[0, 1, 2, 3, 4, 5, 6, 7, 8, 9, 10, 11, 12, 13, 14, 15, 16, 17, 18, 19, 20, 21, 22, 23, 24, 25, 26, 27, 28, 29]","[1.370949149131775, 1.541588544845581, 1.5612882375717163, 1.4578837156295776, 1.4757219552993774, 1.4905188083648682, 1.670120358467102, 1.4466612339019775, 1.555622935295105, 1.4316515922546387, 1.6409809589385986, 1.5286871194839478, 1.5583164691925049, 1.5617438554763794, 1.4898220300674438, 1.4482747316360474, 1.54563570022583, 1.4801263809204102, 1.4627821445465088, 1.4050465822219849, 1.6572048664093018, 1.4693872928619385, 1.5917247533798218, 1.5505679845809937, 1.527502179145813, 1.4947068691253662, 1.538856863975525, 1.5901070833206177, 1.5446360111236572, 1.4850866794586182]",sae,Pre-64
1,beta,22,0.0535,0.4519005213187685,0.4442985770479847,0.4444531799573859,0.5,0.5939599289403404,0.680162413675455,30,"[0, 1, 2, 3, 4, 5, 6, 7, 8, 9, 10, 11, 12, 13, 14, 15, 16, 17, 18, 19, 20, 21, 22, 23, 24, 25, 26, 27, 28, 29]","[1.4202409982681274, 1.4660485982894897, 1.4791227579116821, 1.5006500482559204, 1.5408790111541748, 1.4407027959823608, 1.4497405290603638, 1.4306678771972656, 1.426271915435791, 1.4764931201934814, 1.4245147705078125, 1.5341912508010864, 1.4670840501785278, 1.5204298496246338, 1.3851838111877441, 1.5066821575164795, 1.5182461738586426, 1.4712166786193848, 1.4032981395721436, 1.412436842918396, 1.4915504455566406, 1.4899966716766357, 1.4913336038589478, 1.4418175220489502, 1.4936081171035767, 1.526544451713562, 1.4264682531356812, 1.4148242473602295, 1.55547297000885, 1.395632266998291]",sae,Pre-64
1,beta,33,0.058,0.4492211383258522,0.4377959816952598,0.4332223968759613,0.5,0.6165210074526608,0.6934707903780069,30,"[0, 1, 2, 3, 4, 5, 6, 7, 8, 9, 10, 11, 12, 13, 14, 15, 16, 17, 18, 19, 20, 21, 22, 23, 24, 25, 26, 27, 28, 29]","[1.543945074081421, 1.6061781644821167, 1.551424503326416, 1.519246220588684, 1.4637315273284912, 1.6264678239822388, 1.4650417566299438, 1.5968786478042603, 1.5883153676986694, 1.596644401550293, 1.5344431400299072, 1.61356520652771, 1.5701067447662354, 1.4625872373580933, 1.518425464630127, 1.5800756216049194, 1.500282883644104, 1.4977585077285767, 1.6117513179779053, 1.6164324283599854, 1.5209351778030396, 1.4472694396972656, 1.623800277709961, 1.557732343673706, 1.618980884552002, 1.525372862815857, 1.4967502355575562, 1.4653468132019043, 1.4393202066421509, 1.5021765232086182]",sae,Pre-64
1,beta,1,0.054,0.4560357198099471,0.4497423189216591,0.4518019664938601,0.5,0.5964054457666336,0.6824827643197808,30,"[0, 1, 2, 3, 4, 5, 6, 7, 8, 9, 10, 11, 12, 13, 14, 15, 16, 17, 18, 19, 20, 21, 22, 23, 24, 25, 26, 27, 28, 29]","[1.6354156732559204, 1.4923102855682373, 1.5794273614883423, 1.45136559009552, 1.581140160560608, 1.449739933013916, 1.4918243885040283, 1.5336803197860718, 1.4247244596481323, 1.5024205446243286, 1.510570764541626, 1.5588871240615845, 1.6187540292739868, 1.4749258756637573, 1.6122263669967651, 1.4725522994995117, 1.4610103368759155, 1.5222848653793335, 1.5903041362762451, 1.6185296773910522, 1.6160200834274292, 1.538549542427063, 1.5389736890792847, 1.493100881576538, 1.447181224822998, 1.485252857208252, 1.534049391746521, 1.5247366428375244, 1.617119550704956, 1.5486340522766113]",sae,Pre-64
1,beta,43,0.085,0.4515364523902173,0.4432102910589974,0.441989277329854,0.5,0.6060785767234989,0.6993862120088956,30,"[0, 1, 2, 3, 4, 5, 6, 7, 8, 9, 10, 11, 12, 13, 14, 15, 16, 17, 18, 19, 20, 21, 22, 23, 24, 25, 26, 27, 28, 29]","[1.514758825302124, 1.5880151987075806, 1.5640130043029785, 1.4612047672271729, 1.496226191520691, 1.4353868961334229, 1.4662004709243774, 1.4530693292617798, 1.5530647039413452, 1.4426835775375366, 1.4083170890808105, 1.5985468626022339, 1.5272209644317627, 1.4697089195251465, 1.4695388078689575, 1.3572026491165161, 1.5551977157592773, 1.4532138109207153, 1.5499693155288696, 1.545937180519104, 1.448412537574768, 1.461609959602356, 1.5868690013885498, 1.5193456411361694, 1.4422502517700195, 1.523106336593628, 1.5895512104034424, 1.4528521299362183, 1.5486599206924438, 1.5991014242172241]",sae,Pre-64
1,beta,30,0.074,0.4638407167611665,0.4544841508273655,0.4398362248862794,0.5,0.6043368975359404,0.6949255879183242,30,"[0, 1, 2, 3, 4, 5, 6, 7, 8, 9, 10, 11, 12, 13, 14, 15, 16, 17, 18, 19, 20, 21, 22, 23, 24, 25, 26, 27, 28, 29]","[1.5312947034835815, 1.5000803470611572, 1.5113884210586548, 1.451914668083191, 1.4647730588912964, 1.443177342414856, 1.4539852142333984, 1.4302921295166016, 1.4230000972747803, 1.441405177116394, 1.5058437585830688, 1.4360109567642212, 1.4116506576538086, 1.4337903261184692, 1.5007526874542236, 1.5047717094421387, 1.4229639768600464, 1.4446080923080444, 1.526495337486267, 1.4510507583618164, 1.4278045892715454, 1.3930422067642212, 1.4919657707214355, 1.446920394897461, 1.5626927614212036, 1.4395592212677002, 1.4649325609207153, 1.434877872467041, 1.5020554065704346, 1.4574015140533447]",sae,Pre-64
1,beta,45,0.052,0.4515599815008028,0.4347157609968581,0.4496806879435565,0.5,0.6289673345145609,0.6777141732164221,30,"[0, 1, 2, 3, 4, 5, 6, 7, 8, 9, 10, 11, 12, 13, 14, 15, 16, 17, 18, 19, 20, 21, 22, 23, 24, 25, 26, 27, 28, 29]","[1.6186237335205078, 1.610302209854126, 1.4961583614349365, 1.6849651336669922, 1.6871947050094604, 1.5393787622451782, 1.6957955360412598, 1.6744773387908936, 1.5465645790100098, 1.500296950340271, 1.6209583282470703, 1.6935545206069946, 1.6544500589370728, 1.5673928260803223, 1.5816643238067627, 1.5949221849441528, 1.609895944595337, 1.501718282699585, 1.6017485857009888, 1.5985970497131348, 1.6544973850250244, 1.5419780015945435, 1.670206069946289, 1.5450655221939087, 1.5012134313583374, 1.690029263496399, 1.536775827407837, 1.5490248203277588, 1.4900540113449097, 1.6921343803405762]",sae,Pre-64
1,beta,27,0.076,0.4609757262074365,0.4537266978541116,0.4611873596062985,0.5,0.5914172664146189,0.6603448441847256,30,"[0, 1, 2, 3, 4, 5, 6, 7, 8, 9, 10, 11, 12, 13, 14, 15, 16, 17, 18, 19, 20, 21, 22, 23, 24, 25, 26, 27, 28, 29]","[1.5308945178985596, 1.6039397716522217, 1.5322768688201904, 1.5164629220962524, 1.5849188566207886, 1.493080735206604, 1.5949747562408447, 1.4600023031234741, 1.5650744438171387, 1.5740867853164673, 1.479799747467041, 1.6068452596664429, 1.5195358991622925, 1.4794327020645142, 1.5186488628387451, 1.4319478273391724, 1.5233553647994995, 1.5680973529815674, 1.5115878582000732, 1.5324175357818604, 1.5986320972442627, 1.5340484380722046, 1.4869520664215088, 1.4422500133514404, 1.5049113035202026, 1.6121995449066162, 1.4959839582443237, 1.546953797340393, 1.4371154308319092, 1.5445631742477417]",sae,Pre-64
1,beta,27,0.046,0.4609757262074365,0.4537266978541116,0.4613244646849359,0.5,0.5914172664146189,0.6603173380680529,30,"[0, 1, 2, 3, 4, 5, 6, 7, 8, 9, 10, 11, 12, 13, 14, 15, 16, 17, 18, 19, 20, 21, 22, 23, 24, 25, 26, 27, 28, 29]","[1.5411747694015503, 1.6141093969345093, 1.5425026416778564, 1.5267428159713745, 1.5950790643692017, 1.5033202171325684, 1.6052030324935913, 1.4702229499816895, 1.5752044916152954, 1.584161639213562, 1.4899965524673462, 1.6170127391815186, 1.5297493934631348, 1.4896578788757324, 1.528846263885498, 1.4422602653503418, 1.5335490703582764, 1.5782591104507446, 1.5218602418899536, 1.542617678642273, 1.6088030338287354, 1.5443015098571777, 1.4972035884857178, 1.452440857887268, 1.5151786804199219, 1.6223256587982178, 1.5062530040740967, 1.5572024583816528, 1.4474461078643799, 1.554774284362793]",sae,Pre-64
1,beta,7,0.066,0.4564836922581216,0.4420418003909208,0.4406631426162932,0.5,0.6095136152062148,0.7015506104690165,30,"[0, 1, 2, 3, 4, 5, 6, 7, 8, 9, 10, 11, 12, 13, 14, 15, 16, 17, 18, 19, 20, 21, 22, 23, 24, 25, 26, 27, 28, 29]","[1.4870765209197998, 1.5537810325622559, 1.5785959959030151, 1.5504826307296753, 1.5840766429901123, 1.53525710105896, 1.5317875146865845, 1.5370653867721558, 1.647539734840393, 1.5471460819244385, 1.462867259979248, 1.5173945426940918, 1.4662017822265625, 1.4979331493377686, 1.6549819707870483, 1.56844162940979, 1.4950975179672241, 1.50250244140625, 1.5911954641342163, 1.5787343978881836, 1.556433081626892, 1.6058681011199951, 1.6031018495559692, 1.5161628723144531, 1.637224793434143, 1.6319502592086792, 1.5064324140548706, 1.4657243490219116, 1.623445749282837, 1.4987750053405762]",sae,Pre-64
1,beta,16,0.052,0.4519396108125126,0.4401978349795346,0.4370820228670959,0.5,0.6159012314439947,0.7204805884904569,30,"[0, 1, 2, 3, 4, 5, 6, 7, 8, 9, 10, 11, 12, 13, 14, 15, 16, 17, 18, 19, 20, 21, 22, 23, 24, 25, 26, 27, 28, 29]","[1.627792239189148, 1.5409177541732788, 1.598340630531311, 1.6631914377212524, 1.6785838603973389, 1.5751420259475708, 1.6765092611312866, 1.6212552785873413, 1.5714082717895508, 1.6775840520858765, 1.6844098567962646, 1.621593713760376, 1.596004605293274, 1.5673164129257202, 1.5948489904403687, 1.606957197189331, 1.613919734954834, 1.533799409866333, 1.5740687847137451, 1.6685502529144287, 1.6929261684417725, 1.6549944877624512, 1.6584855318069458, 1.6578413248062134, 1.551223874092102, 1.648569107055664, 1.6097495555877686, 1.5734416246414185, 1.545769214630127, 1.5869948863983154]",sae,Pre-64
1,beta,40,0.056,0.44666181227492,0.4340193094910912,0.4369037857177161,0.5,0.6093636266731638,0.6688498378230217,30,"[0, 1, 2, 3, 4, 5, 6, 7, 8, 9, 10, 11, 12, 13, 14, 15, 16, 17, 18, 19, 20, 21, 22, 23, 24, 25, 26, 27, 28, 29]","[1.5935667753219604, 1.5640398263931274, 1.5202142000198364, 1.4636962413787842, 1.5040446519851685, 1.5260593891143799, 1.5247721672058105, 1.5662715435028076, 1.5430874824523926, 1.5847374200820923, 1.4887592792510986, 1.5026546716690063, 1.5721579790115356, 1.4941579103469849, 1.4905647039413452, 1.5987670421600342, 1.5253040790557861, 1.5140395164489746, 1.4811466932296753, 1.5134828090667725, 1.4672082662582397, 1.4798415899276733, 1.58579421043396, 1.5103801488876343, 1.581015706062317, 1.4941563606262207, 1.5618629455566406, 1.496657371520996, 1.6089065074920654, 1.4683582782745361]",sae,Pre-64
1,beta,13,0.076,0.4619123366083722,0.4531466051409948,0.4416585386925874,0.5,0.6127276801885291,0.7101930533493636,30,"[0, 1, 2, 3, 4, 5, 6, 7, 8, 9, 10, 11, 12, 13, 14, 15, 16, 17, 18, 19, 20, 21, 22, 23, 24, 25, 26, 27, 28, 29]","[1.599259853363037, 1.4290915727615356, 1.583863615989685, 1.5053473711013794, 1.4863938093185425, 1.5927284955978394, 1.52590811252594, 1.5148199796676636, 1.5486657619476318, 1.5176242589950562, 1.5927456617355347, 1.4974255561828613, 1.5601638555526733, 1.5515047311782837, 1.574007272720337, 1.461806297302246, 1.4835633039474487, 1.5519694089889526, 1.5355273485183716, 1.5313087701797485, 1.506830096244812, 1.4469832181930542, 1.5015337467193604, 1.4711074829101562, 1.5026044845581055, 1.444430947303772, 1.5148886442184448, 1.4540821313858032, 1.5450338125228882, 1.5088461637496948]",sae,Pre-64
1,beta,5,0.058,0.4445517550333296,0.4301735816232515,0.43474676428891,0.5,0.6070910659257547,0.6821662301619547,30,"[0, 1, 2, 3, 4, 5, 6, 7, 8, 9, 10, 11, 12, 13, 14, 15, 16, 17, 18, 19, 20, 21, 22, 23, 24, 25, 26, 27, 28, 29]","[1.5629007816314697, 1.4321579933166504, 1.4287439584732056, 1.5733606815338135, 1.567366600036621, 1.5195963382720947, 1.4973853826522827, 1.465504765510559, 1.5292069911956787, 1.4314693212509155, 1.5423710346221924, 1.5710606575012207, 1.5107953548431396, 1.4889442920684814, 1.5730010271072388, 1.5401248931884766, 1.5372592210769653, 1.5654155015945435, 1.4278643131256104, 1.4986572265625, 1.5797828435897827, 1.5019513368606567, 1.5924192667007446, 1.4414794445037842, 1.514478325843811, 1.5830329656600952, 1.4342395067214966, 1.5037037134170532, 1.548311471939087, 1.5172600746154785]",sae,Pre-64
1,beta,21,0.055,0.4504746503440228,0.4381370334360364,0.4404039565730215,0.5,0.6200058082774133,0.6872675144280083,30,"[0, 1, 2, 3, 4, 5, 6, 7, 8, 9, 10, 11, 12, 13, 14, 15, 16, 17, 18, 19, 20, 21, 22, 23, 24, 25, 26, 27, 28, 29]","[1.4500856399536133, 1.5007449388504028, 1.6253867149353027, 1.6200852394104004, 1.6008069515228271, 1.5816327333450317, 1.495230793952942, 1.5039873123168945, 1.6097990274429321, 1.5219388008117676, 1.5998845100402832, 1.6082810163497925, 1.487316370010376, 1.5143784284591675, 1.510373830795288, 1.504029631614685, 1.5050592422485352, 1.5164395570755005, 1.4472546577453613, 1.6169432401657104, 1.4421526193618774, 1.6249057054519653, 1.4370540380477905, 1.4550718069076538, 1.510599970817566, 1.4686394929885864, 1.4360520839691162, 1.4908759593963623, 1.5782712697982788, 1.5631760358810425]",sae,Pre-64
1,beta,22,0.064,0.4519005213187685,0.4442985770479847,0.4444327280450619,0.5,0.5939599289403404,0.6801638842809916,30,"[0, 1, 2, 3, 4, 5, 6, 7, 8, 9, 10, 11, 12, 13, 14, 15, 16, 17, 18, 19, 20, 21, 22, 23, 24, 25, 26, 27, 28, 29]","[1.4181804656982422, 1.463983416557312, 1.4770601987838745, 1.498591423034668, 1.5388104915618896, 1.4386144876480103, 1.4476757049560547, 1.4285832643508911, 1.4242000579833984, 1.474439263343811, 1.4224443435668945, 1.5321239233016968, 1.465014100074768, 1.5183638334274292, 1.3830856084823608, 1.5046169757843018, 1.5161839723587036, 1.4691271781921387, 1.401219367980957, 1.4103652238845825, 1.4894756078720093, 1.487919807434082, 1.4892547130584717, 1.4397276639938354, 1.4915528297424316, 1.524472951889038, 1.4244117736816406, 1.412744402885437, 1.553396224975586, 1.3935390710830688]",sae,Pre-64
1,beta,29,0.085,0.4558655961502112,0.4409050416793991,0.45527260026237,0.5,0.6296548282533407,0.6719257415430449,30,"[0, 1, 2, 3, 4, 5, 6, 7, 8, 9, 10, 11, 12, 13, 14, 15, 16, 17, 18, 19, 20, 21, 22, 23, 24, 25, 26, 27, 28, 29]","[1.391422986984253, 1.3522027730941772, 1.1718318462371826, 1.4559603929519653, 1.3834716081619263, 1.3564362525939941, 1.4710174798965454, 1.3522589206695557, 1.4381177425384521, 1.4618054628372192, 1.3847490549087524, 1.4298707246780396, 1.44679594039917, 1.4241079092025757, 1.4032924175262451, 1.4231197834014893, 1.3541110754013062, 1.3860666751861572, 1.3521761894226074, 1.3950939178466797, 1.4733842611312866, 1.4893499612808228, 1.3779723644256592, 1.3906062841415405, 1.4017325639724731, 1.3265043497085571, 1.385941743850708, 1.4684394598007202, 1.5091323852539062, 1.3605332374572754]",sae,Pre-64
1,beta,15,0.054,0.4529015220185267,0.4424399871594601,0.435500771173655,0.5,0.6161071485640408,0.7111317712343295,30,"[0, 1, 2, 3, 4, 5, 6, 7, 8, 9, 10, 11, 12, 13, 14, 15, 16, 17, 18, 19, 20, 21, 22, 23, 24, 25, 26, 27, 28, 29]","[1.404294490814209, 1.3747233152389526, 1.4158347845077515, 1.4158529043197632, 1.4903268814086914, 1.386620283126831, 1.3811944723129272, 1.405449390411377, 1.4639111757278442, 1.4616832733154297, 1.4497286081314087, 1.36448335647583, 1.5231066942214966, 1.4667397737503052, 1.3574950695037842, 1.4328466653823853, 1.370703101158142, 1.5161690711975098, 1.3553279638290405, 1.4224752187728882, 1.5092257261276245, 1.4764717817306519, 1.3976080417633057, 1.4357582330703735, 1.4051012992858887, 1.2874399423599243, 1.4787944555282593, 1.5234286785125732, 1.4207849502563477, 1.4169721603393555]",sae,Pre-64
1,beta,34,0.055,0.4568527557813058,0.4470225010708758,0.4484916940034796,0.5,0.6011606799053854,0.6782421012098981,30,"[0, 1, 2, 3, 4, 5, 6, 7, 8, 9, 10, 11, 12, 13, 14, 15, 16, 17, 18, 19, 20, 21, 22, 23, 24, 25, 26, 27, 28, 29]","[1.3900105953216553, 1.4749438762664795, 1.4803705215454102, 1.4256092309951782, 1.3752262592315674, 1.3906000852584839, 1.431740641593933, 1.349349021911621, 1.353363037109375, 1.3944518566131592, 1.4495854377746582, 1.2534918785095215, 1.4605114459991455, 1.3513154983520508, 1.3599568605422974, 1.3840304613113403, 1.4767687320709229, 1.4924873113632202, 1.4013577699661255, 1.3904821872711182, 1.408446192741394, 1.4947218894958496, 1.4284759759902954, 1.4525558948516846, 1.3798400163650513, 1.3267064094543457, 1.5062251091003418, 1.4911472797393799, 1.4785971641540527, 1.4629019498825073]",sae,Pre-64
1,beta,33,0.048,0.4492211383258522,0.4377959816952598,0.4349987703886959,0.5,0.6165210074526608,0.6907174069831572,30,"[0, 1, 2, 3, 4, 5, 6, 7, 8, 9, 10, 11, 12, 13, 14, 15, 16, 17, 18, 19, 20, 21, 22, 23, 24, 25, 26, 27, 28, 29]","[1.6391277313232422, 1.690337061882019, 1.6394867897033691, 1.5924537181854248, 1.531790018081665, 1.721293330192566, 1.5440492630004883, 1.693746566772461, 1.6723096370697021, 1.682739019393921, 1.60992431640625, 1.6989428997039795, 1.6697502136230469, 1.5304394960403442, 1.6013237237930298, 1.6606688499450684, 1.5812081098556519, 1.571014165878296, 1.701807975769043, 1.7161451578140259, 1.6097099781036377, 1.535028100013733, 1.710312843322754, 1.6424118280410767, 1.7072080373764038, 1.619048833847046, 1.5767141580581665, 1.5280627012252808, 1.526513934135437, 1.5724129676818848]",sae,Pre-64
1,beta,2,0.044,0.4419681213812466,0.4306250660512843,0.4292679385567676,0.5,0.6028191218064636,0.6891271966430195,30,"[0, 1, 2, 3, 4, 5, 6, 7, 8, 9, 10, 11, 12, 13, 14, 15, 16, 17, 18, 19, 20, 21, 22, 23, 24, 25, 26, 27, 28, 29]","[1.4912749528884888, 1.488725185394287, 1.4677863121032715, 1.56034255027771, 1.5088331699371338, 1.6038665771484375, 1.4940263032913208, 1.5147157907485962, 1.4571473598480225, 1.4900928735733032, 1.5255074501037598, 1.4459357261657715, 1.5482971668243408, 1.608008861541748, 1.5728710889816284, 1.5237449407577515, 1.5846641063690186, 1.6357039213180542, 1.6317311525344849, 1.6131199598312378, 1.5222455263137817, 1.4841907024383545, 1.5818657875061035, 1.5993396043777466, 1.4698290824890137, 1.4901299476623535, 1.5641095638275146, 1.5399279594421387, 1.3374115228652954, 1.6293535232543945]",sae,Pre-64
1,beta,48,0.078,0.4556814132376,0.4510566266980289,0.4890021381360683,0.5,0.5923878577171784,0.5941799825600489,30,"[0, 1, 2, 3, 4, 5, 6, 7, 8, 9, 10, 11, 12, 13, 14, 15, 16, 17, 18, 19, 20, 21, 22, 23, 24, 25, 26, 27, 28, 29]","[1.633743405342102, 1.5694509744644165, 1.5514580011367798, 1.5333975553512573, 1.521277666091919, 1.4524712562561035, 1.5576063394546509, 1.5038597583770752, 1.5189838409423828, 1.5063396692276, 1.5901354551315308, 1.5242751836776733, 1.5603797435760498, 1.5261497497558594, 1.4822123050689697, 1.563159704208374, 1.6122517585754395, 1.577243685722351, 1.597275972366333, 1.4635709524154663, 1.516181468963623, 1.6212713718414307, 1.6250560283660889, 1.4517914056777954, 1.522611141204834, 1.5981734991073608, 1.6044166088104248, 1.6258583068847656, 1.5160958766937256, 1.5576690435409546]",sae,Pre-64
1,beta,30,0.044,0.4638407167611665,0.4544841508273655,0.4423095945688952,0.5,0.6043368975359404,0.6963948862686666,30,"[0, 1, 2, 3, 4, 5, 6, 7, 8, 9, 10, 11, 12, 13, 14, 15, 16, 17, 18, 19, 20, 21, 22, 23, 24, 25, 26, 27, 28, 29]","[1.744992733001709, 1.7369531393051147, 1.7023879289627075, 1.6579173803329468, 1.6609070301055908, 1.6379077434539795, 1.652333378791809, 1.6167651414871216, 1.5905274152755737, 1.6513020992279053, 1.663996934890747, 1.655518651008606, 1.6099218130111694, 1.6578433513641357, 1.7147164344787598, 1.7179691791534424, 1.6236048936843872, 1.6623929738998413, 1.7350858449935913, 1.6331998109817505, 1.6830897331237793, 1.6328824758529663, 1.736035704612732, 1.645240068435669, 1.7363314628601074, 1.663946270942688, 1.6183116436004639, 1.647931694984436, 1.7030532360076904, 1.64449942111969]",sae,Pre-64
1,beta,9,0.084,0.448644851968101,0.4348910401892977,0.449201848914612,0.5,0.6286670530281078,0.6738930744711679,30,"[0, 1, 2, 3, 4, 5, 6, 7, 8, 9, 10, 11, 12, 13, 14, 15, 16, 17, 18, 19, 20, 21, 22, 23, 24, 25, 26, 27, 28, 29]","[1.5763698816299438, 1.4757163524627686, 1.5764561891555786, 1.5481563806533813, 1.4661675691604614, 1.307215929031372, 1.5570054054260254, 1.4856548309326172, 1.579074740409851, 1.4143567085266113, 1.5273053646087646, 1.487942099571228, 1.4819353818893433, 1.5221924781799316, 1.600386619567871, 1.5019092559814453, 1.4668766260147095, 1.5562937259674072, 1.587092399597168, 1.445708155632019, 1.5670868158340454, 1.5842334032058716, 1.4567826986312866, 1.5728182792663574, 1.5708051919937134, 1.563789963722229, 1.4122281074523926, 1.3901441097259521, 1.4624205827713013, 1.5946259498596191]",sae,Pre-64
1,beta,38,0.042,0.4455661720406026,0.4298851252298221,0.4444330130371913,0.5,0.6303640517897944,0.6594714394516374,30,"[0, 1, 2, 3, 4, 5, 6, 7, 8, 9, 10, 11, 12, 13, 14, 15, 16, 17, 18, 19, 20, 21, 22, 23, 24, 25, 26, 27, 28, 29]","[1.554654598236084, 1.548480749130249, 1.5486141443252563, 1.6403058767318726, 1.5792644023895264, 1.44788658618927, 1.643093466758728, 1.5859438180923462, 1.4835631847381592, 1.5755155086517334, 1.545502781867981, 1.6230525970458984, 1.6106553077697754, 1.567259669303894, 1.6301120519638062, 1.5557503700256348, 1.53383469581604, 1.639769196510315, 1.517677903175354, 1.5954951047897339, 1.5667375326156616, 1.5565897226333618, 1.6383252143859863, 1.5065531730651855, 1.560248613357544, 1.6381806135177612, 1.5258797407150269, 1.6307452917099, 1.5524826049804688, 1.6373704671859741]",sae,Pre-64
1,beta,8,0.045,0.4517491928182039,0.4406431065890545,0.4395744325842539,0.5,0.6098144493254953,0.6783925072331516,30,"[0, 1, 2, 3, 4, 5, 6, 7, 8, 9, 10, 11, 12, 13, 14, 15, 16, 17, 18, 19, 20, 21, 22, 23, 24, 25, 26, 27, 28, 29]","[1.396958589553833, 1.5087720155715942, 1.425531268119812, 1.45663583278656, 1.5177010297775269, 1.453114628791809, 1.5015497207641602, 1.4137927293777466, 1.460087537765503, 1.5092271566390991, 1.517479658126831, 1.4413751363754272, 1.4248766899108887, 1.4579436779022217, 1.4867815971374512, 1.4023607969284058, 1.4239839315414429, 1.4600014686584473, 1.3705047369003296, 1.4400368928909302, 1.4129911661148071, 1.38871169090271, 1.4922537803649902, 1.4246991872787476, 1.4917632341384888, 1.4958572387695312, 1.3935251235961914, 1.4915028810501099, 1.4624091386795044, 1.462451457977295]",sae,Pre-64
1,beta,6,0.048,0.4540822999211705,0.4457917896713532,0.4502839603155859,0.5,0.5933447799067053,0.6644842204427697,30,"[0, 1, 2, 3, 4, 5, 6, 7, 8, 9, 10, 11, 12, 13, 14, 15, 16, 17, 18, 19, 20, 21, 22, 23, 24, 25, 26, 27, 28, 29]","[1.6206510066986084, 1.6590073108673096, 1.550525188446045, 1.6766178607940674, 1.539241909980774, 1.5744504928588867, 1.5541715621948242, 1.6143176555633545, 1.5167444944381714, 1.6402260065078735, 1.5619503259658813, 1.515939712524414, 1.562489628791809, 1.5211924314498901, 1.337414264678955, 1.650312900543213, 1.5349555015563965, 1.5994303226470947, 1.5974574089050293, 1.6001873016357422, 1.580710768699646, 1.5300612449645996, 1.6544350385665894, 1.5716297626495361, 1.5251502990722656, 1.5984877347946167, 1.5555847883224487, 1.51526939868927, 1.5712733268737793, 1.6119365692138672]",sae,Pre-64
1,beta,4,0.07,0.4589558369307028,0.4477177462853796,0.4651892844384627,0.5,0.61034827708266,0.6563737938039614,30,"[0, 1, 2, 3, 4, 5, 6, 7, 8, 9, 10, 11, 12, 13, 14, 15, 16, 17, 18, 19, 20, 21, 22, 23, 24, 25, 26, 27, 28, 29]","[1.6086820363998413, 1.608802318572998, 1.47713303565979, 1.6457363367080688, 1.4611315727233887, 1.5143024921417236, 1.6058284044265747, 1.4970687627792358, 1.545283317565918, 1.627891182899475, 1.5857285261154175, 1.5291625261306763, 1.640504240989685, 1.4948559999465942, 1.4808380603790283, 1.5507193803787231, 1.580797791481018, 1.5583980083465576, 1.5156238079071045, 1.6038272380828857, 1.5540801286697388, 1.6167659759521484, 1.5453299283981323, 1.4886109828948975, 1.557612657546997, 1.5299673080444336, 1.4887491464614868, 1.5241847038269043, 1.6041154861450195, 1.4820771217346191]",sae,Pre-64
1,beta,3,0.074,0.4557259332451328,0.444824285747971,0.4644436276221177,0.5,0.6042731979176,0.6522574267156529,30,"[0, 1, 2, 3, 4, 5, 6, 7, 8, 9, 10, 11, 12, 13, 14, 15, 16, 17, 18, 19, 20, 21, 22, 23, 24, 25, 26, 27, 28, 29]","[1.400617241859436, 1.4275270700454712, 1.4121828079223633, 1.3701428174972534, 1.405584692955017, 1.4422147274017334, 1.3981573581695557, 1.4457648992538452, 1.2011014223098755, 1.470698356628418, 1.3624937534332275, 1.4687601327896118, 1.4043136835098267, 1.3802686929702759, 1.4796054363250732, 1.3991901874542236, 1.4049203395843506, 1.4303616285324097, 1.3643137216567993, 1.3671975135803223, 1.3126323223114014, 1.3786442279815674, 1.3753737211227417, 1.490244746208191, 1.4610018730163574, 1.3900686502456665, 1.3931611776351929, 1.3866949081420898, 1.4555870294570923, 1.3927676677703857]",sae,Pre-64
1,beta,30,0.062,0.4638407167611665,0.4544841508273655,0.4398622092240763,0.5,0.6043368975359404,0.6949542416239647,30,"[0, 1, 2, 3, 4, 5, 6, 7, 8, 9, 10, 11, 12, 13, 14, 15, 16, 17, 18, 19, 20, 21, 22, 23, 24, 25, 26, 27, 28, 29]","[1.5340545177459717, 1.5028237104415894, 1.514148473739624, 1.4547046422958374, 1.4675534963607788, 1.4459619522094727, 1.456777811050415, 1.4330604076385498, 1.4257614612579346, 1.4441754817962646, 1.5086203813552856, 1.4387823343276978, 1.4143911600112915, 1.4365648031234741, 1.5035227537155151, 1.5075488090515137, 1.4257652759552002, 1.4473795890808105, 1.5292693376541138, 1.453809142112732, 1.4305710792541504, 1.3957983255386353, 1.494705319404602, 1.4496874809265137, 1.5654475688934326, 1.4423459768295288, 1.4677178859710693, 1.4376627206802368, 1.5048238039016724, 1.4601893424987793]",sae,Pre-64
1,beta,15,0.085,0.4529015220185267,0.4424399871594601,0.4354441910885712,0.5,0.6161071485640408,0.7111375818939845,30,"[0, 1, 2, 3, 4, 5, 6, 7, 8, 9, 10, 11, 12, 13, 14, 15, 16, 17, 18, 19, 20, 21, 22, 23, 24, 25, 26, 27, 28, 29]","[1.3989319801330566, 1.3694000244140625, 1.4105077981948853, 1.4104881286621094, 1.4850541353225708, 1.3812620639801025, 1.3758747577667236, 1.4001295566558838, 1.458568811416626, 1.456324577331543, 1.4444154500961304, 1.3591372966766357, 1.5178108215332031, 1.4613914489746094, 1.3521449565887451, 1.427527904510498, 1.3653182983398438, 1.5109007358551025, 1.3500053882598877, 1.4171068668365479, 1.503924012184143, 1.4711376428604126, 1.3922792673110962, 1.4304146766662598, 1.399815320968628, 1.2821321487426758, 1.4735002517700195, 1.518127679824829, 1.4154545068740845, 1.4116517305374146]",sae,Pre-64
1,beta,0,0.046,0.4600628296558519,0.4487196928272481,0.4354275595596812,0.5,0.6146148452673732,0.7220546655533401,30,"[0, 1, 2, 3, 4, 5, 6, 7, 8, 9, 10, 11, 12, 13, 14, 15, 16, 17, 18, 19, 20, 21, 22, 23, 24, 25, 26, 27, 28, 29]","[1.5108720064163208, 1.545963168144226, 1.551970362663269, 1.6004924774169922, 1.494862675666809, 1.5357286930084229, 1.5944912433624268, 1.6206903457641602, 1.6026866436004639, 1.523087978363037, 1.5298818349838257, 1.5373917818069458, 1.624441385269165, 1.601984977722168, 1.6189188957214355, 1.5392510890960693, 1.578720211982727, 1.4877482652664185, 1.462550401687622, 1.6050992012023926, 1.5054529905319214, 1.4879264831542969, 1.5991735458374023, 1.525106430053711, 1.504960060119629, 1.4712269306182861, 1.5968472957611084, 1.475887417793274, 1.609098196029663, 1.4822747707366943]",sae,Pre-64
1,beta,44,0.044,0.4469012312759677,0.43811650775401,0.4659643690215292,0.5,0.5982762074796864,0.6233597308397117,30,"[0, 1, 2, 3, 4, 5, 6, 7, 8, 9, 10, 11, 12, 13, 14, 15, 16, 17, 18, 19, 20, 21, 22, 23, 24, 25, 26, 27, 28, 29]","[1.7001038789749146, 1.6915210485458374, 1.678989291191101, 1.6313679218292236, 1.6882206201553345, 1.7787889242172241, 1.787089228630066, 1.632791519165039, 1.7109078168869019, 1.8165738582611084, 1.7030795812606812, 1.685646891593933, 1.7014167308807373, 1.6386431455612183, 1.795912265777588, 1.7883045673370361, 1.6164188385009766, 1.555464744567871, 1.713926911354065, 1.701144814491272, 1.6313451528549194, 1.6252384185791016, 1.7275803089141846, 1.7192103862762451, 1.757468342781067, 1.6656928062438965, 1.6578993797302246, 1.6973096132278442, 1.7202670574188232, 1.7008163928985596]",sae,Pre-64
1,beta,1,0.065,0.4560357198099471,0.4497423189216591,0.4517128083753052,0.5,0.5964054457666336,0.6825329366765831,30,"[0, 1, 2, 3, 4, 5, 6, 7, 8, 9, 10, 11, 12, 13, 14, 15, 16, 17, 18, 19, 20, 21, 22, 23, 24, 25, 26, 27, 28, 29]","[1.6314107179641724, 1.4882326126098633, 1.5754388570785522, 1.4473180770874023, 1.5771530866622925, 1.4456470012664795, 1.487816572189331, 1.5296491384506226, 1.4206258058547974, 1.4984008073806763, 1.5065277814865112, 1.5548510551452637, 1.6147356033325195, 1.470890760421753, 1.6082170009613037, 1.4685957431793213, 1.45701265335083, 1.5182636976242065, 1.586283802986145, 1.614501714706421, 1.611998438835144, 1.5344938039779663, 1.5349267721176147, 1.4890375137329102, 1.4431092739105225, 1.4812124967575073, 1.5300462245941162, 1.520749807357788, 1.6130951642990112, 1.5446280241012573]",sae,Pre-64
1,beta,18,0.058,0.4575117633693479,0.4471831599677374,0.4242922619094926,0.5,0.6052065040104606,0.7328844038320993,30,"[0, 1, 2, 3, 4, 5, 6, 7, 8, 9, 10, 11, 12, 13, 14, 15, 16, 17, 18, 19, 20, 21, 22, 23, 24, 25, 26, 27, 28, 29]","[1.3758370876312256, 1.5464210510253906, 1.566128134727478, 1.4628007411956787, 1.4806114435195923, 1.4953792095184326, 1.6749411821365356, 1.4515132904052734, 1.5604161024093628, 1.4364583492279053, 1.6458098888397217, 1.5335361957550049, 1.5631519556045532, 1.5666227340698242, 1.4946868419647217, 1.4530508518218994, 1.5505361557006836, 1.4849392175674438, 1.467607855796814, 1.4098376035690308, 1.662028193473816, 1.4742326736450195, 1.596540093421936, 1.5554105043411255, 1.5323631763458252, 1.4995558261871338, 1.5437142848968506, 1.5949100255966187, 1.5495142936706543, 1.48995041847229]",sae,Pre-64
1,beta,36,0.075,0.4642138821845151,0.4576483090311837,0.4619998328035225,0.5,0.6031055233182893,0.6742642061790998,30,"[0, 1, 2, 3, 4, 5, 6, 7, 8, 9, 10, 11, 12, 13, 14, 15, 16, 17, 18, 19, 20, 21, 22, 23, 24, 25, 26, 27, 28, 29]","[1.5187848806381226, 1.510170817375183, 1.4301434755325317, 1.5113005638122559, 1.3886983394622803, 1.539749264717102, 1.4371172189712524, 1.4815884828567505, 1.5520024299621582, 1.4047627449035645, 1.4390674829483032, 1.5408720970153809, 1.4303414821624756, 1.466072916984558, 1.4765533208847046, 1.5541223287582397, 1.5063672065734863, 1.4901211261749268, 1.548952341079712, 1.4228609800338745, 1.4648165702819824, 1.4549033641815186, 1.4603620767593384, 1.4368740320205688, 1.533949613571167, 1.5147122144699097, 1.4461108446121216, 1.4965131282806396, 1.531609058380127, 1.4252156019210815]",sae,Pre-64
1,beta,42,0.076,0.4546678683050885,0.4407690563496341,0.4548819778192314,0.5,0.6336081445133979,0.6612441068937317,30,"[0, 1, 2, 3, 4, 5, 6, 7, 8, 9, 10, 11, 12, 13, 14, 15, 16, 17, 18, 19, 20, 21, 22, 23, 24, 25, 26, 27, 28, 29]","[1.553987741470337, 1.4143028259277344, 1.5575759410858154, 1.557697057723999, 1.4917978048324585, 1.5436633825302124, 1.486114263534546, 1.446770191192627, 1.4235130548477173, 1.5590208768844604, 1.5301321744918823, 1.5739152431488037, 1.4435608386993408, 1.2284586429595947, 1.5746430158615112, 1.4695440530776978, 1.4091517925262451, 1.3905547857284546, 1.5265089273452759, 1.5438182353973389, 1.460462212562561, 1.4493062496185303, 1.4643064737319946, 1.4114329814910889, 1.4509986639022827, 1.4209026098251343, 1.5790916681289673, 1.4157235622406006, 1.4917628765106201, 1.4058698415756226]",sae,Pre-64
1,beta,21,0.045,0.4504746503440228,0.4381370334360364,0.4404444047114077,0.5,0.6200058082774133,0.6872798724650577,30,"[0, 1, 2, 3, 4, 5, 6, 7, 8, 9, 10, 11, 12, 13, 14, 15, 16, 17, 18, 19, 20, 21, 22, 23, 24, 25, 26, 27, 28, 29]","[1.4533509016036987, 1.503997564315796, 1.628617525100708, 1.6233118772506714, 1.6039892435073853, 1.5848435163497925, 1.4984720945358276, 1.507224440574646, 1.6130081415176392, 1.5251827239990234, 1.6031286716461182, 1.6114799976348877, 1.4905486106872559, 1.5176188945770264, 1.5136140584945679, 1.5072474479675293, 1.5083132982254028, 1.519656777381897, 1.450527548789978, 1.6201707124710083, 1.4454360008239746, 1.6281324625015259, 1.4403330087661743, 1.4583349227905273, 1.5138667821884155, 1.4718904495239258, 1.4392671585083008, 1.4941504001617432, 1.5815223455429077, 1.566411018371582]",sae,Pre-64
1,beta,8,0.075,0.4517491928182039,0.4406431065890545,0.4394849638531308,0.5,0.6098144493254953,0.6783613816911074,30,"[0, 1, 2, 3, 4, 5, 6, 7, 8, 9, 10, 11, 12, 13, 14, 15, 16, 17, 18, 19, 20, 21, 22, 23, 24, 25, 26, 27, 28, 29]","[1.3904660940170288, 1.502282977104187, 1.4190573692321777, 1.4501633644104004, 1.5111746788024902, 1.4465852975845337, 1.4950473308563232, 1.4072325229644775, 1.4535633325576782, 1.502771258354187, 1.5109707117080688, 1.4348241090774536, 1.4183528423309326, 1.4513911008834839, 1.4802621603012085, 1.3958024978637695, 1.4174814224243164, 1.4534472227096558, 1.364015817642212, 1.4335582256317139, 1.4064797163009644, 1.3822276592254639, 1.4857114553451538, 1.4181580543518066, 1.4852561950683594, 1.489336609840393, 1.3869810104370117, 1.4849754571914673, 1.45586097240448, 1.4559886455535889]",sae,Pre-64
1,beta,39,0.05,0.4461088087810431,0.4292341094433316,0.4413713930933871,0.5,0.6205127278095635,0.6703468700946941,30,"[0, 1, 2, 3, 4, 5, 6, 7, 8, 9, 10, 11, 12, 13, 14, 15, 16, 17, 18, 19, 20, 21, 22, 23, 24, 25, 26, 27, 28, 29]","[1.5381524562835693, 1.6766992807388306, 1.6022268533706665, 1.630704402923584, 1.5316373109817505, 1.5441499948501587, 1.5754382610321045, 1.5942063331604004, 1.5245314836502075, 1.6734944581985474, 1.586945652961731, 1.5285632610321045, 1.6051709651947021, 1.5103050470352173, 1.6092277765274048, 1.6663317680358887, 1.66902494430542, 1.6434119939804077, 1.5378912687301636, 1.5455429553985596, 1.5069432258605957, 1.5750212669372559, 1.5905250310897827, 1.5935026407241821, 1.6292531490325928, 1.5508897304534912, 1.493884563446045, 1.5471116304397583, 1.6790108680725098, 1.540590763092041]",sae,Pre-64
1,beta,17,0.062,0.4599327030141671,0.4513468217402507,0.4456241587862311,0.5,0.6120635717004715,0.6968020173528515,30,"[0, 1, 2, 3, 4, 5, 6, 7, 8, 9, 10, 11, 12, 13, 14, 15, 16, 17, 18, 19, 20, 21, 22, 23, 24, 25, 26, 27, 28, 29]","[1.5314682722091675, 1.4078437089920044, 1.4421287775039673, 1.465790867805481, 1.5468584299087524, 1.4293949604034424, 1.4924585819244385, 1.3367345333099365, 1.450287938117981, 1.4605644941329956, 1.5145736932754517, 1.5234287977218628, 1.4581786394119263, 1.5369075536727905, 1.4598585367202759, 1.4613293409347534, 1.5310550928115845, 1.460517406463623, 1.5138357877731323, 1.4813700914382935, 1.4029033184051514, 1.4794048070907593, 1.3198622465133667, 1.4479764699935913, 1.4574779272079468, 1.451843500137329, 1.4244163036346436, 1.458799958229065, 1.4246340990066528, 1.5146907567977905]",sae,Pre-64
1,beta,11,0.05,0.4566976193509867,0.4496008864727478,0.4389494998274205,0.5,0.5995106990682213,0.7108515357962261,30,"[0, 1, 2, 3, 4, 5, 6, 7, 8, 9, 10, 11, 12, 13, 14, 15, 16, 17, 18, 19, 20, 21, 22, 23, 24, 25, 26, 27, 28, 29]","[1.5840277671813965, 1.40604567527771, 1.5277777910232544, 1.465537190437317, 1.6137148141860962, 1.4703590869903564, 1.4877454042434692, 1.3421729803085327, 1.5978587865829468, 1.6035124063491821, 1.604509949684143, 1.6293941736221313, 1.6427534818649292, 1.5019193887710571, 1.4867514371871948, 1.5029187202453613, 1.5580823421478271, 1.469745397567749, 1.494646430015564, 1.572996973991394, 1.525238275527954, 1.5597096681594849, 1.6170302629470825, 1.5400691032409668, 1.518097996711731, 1.584895372390747, 1.6168869733810425, 1.4627569913864136, 1.5127612352371216, 1.4822101593017578]",sae,Pre-64
1,beta,24,0.072,0.4501416387440968,0.4383559369047743,0.450805961553009,0.5,0.6188330126613704,0.6421595705064549,30,"[0, 1, 2, 3, 4, 5, 6, 7, 8, 9, 10, 11, 12, 13, 14, 15, 16, 17, 18, 19, 20, 21, 22, 23, 24, 25, 26, 27, 28, 29]","[1.5318927764892578, 1.4295172691345215, 1.4577714204788208, 1.5402566194534302, 1.542988896369934, 1.446454644203186, 1.4608345031738281, 1.4566562175750732, 1.507226586341858, 1.3936514854431152, 1.493087649345398, 1.4388272762298584, 1.5381156206130981, 1.524294376373291, 1.4584559202194214, 1.4241621494293213, 1.5458600521087646, 1.338753581047058, 1.4309594631195068, 1.545711874961853, 1.5223790407180786, 1.540478229522705, 1.4336339235305786, 1.5014185905456543, 1.4152123928070068, 1.374826192855835, 1.492053747177124, 1.410839557647705, 1.5487622022628784, 1.4480574131011963]",sae,Pre-64
1,beta,8,0.064,0.4517491928182039,0.4406431065890545,0.4395178005521735,0.5,0.6098144493254953,0.6783755296647638,30,"[0, 1, 2, 3, 4, 5, 6, 7, 8, 9, 10, 11, 12, 13, 14, 15, 16, 17, 18, 19, 20, 21, 22, 23, 24, 25, 26, 27, 28, 29]","[1.3928463459014893, 1.504662036895752, 1.4214305877685547, 1.4525361061096191, 1.513567566871643, 1.4489790201187134, 1.497431993484497, 1.4096381664276123, 1.4559552669525146, 1.5051381587982178, 1.5133570432662964, 1.4372260570526123, 1.4207442998886108, 1.4537936449050903, 1.4826524257659912, 1.3982069492340088, 1.4198652505874634, 1.4558502435684204, 1.3663949966430664, 1.435933232307434, 1.4088667631149292, 1.384604811668396, 1.4881099462509155, 1.4205557107925415, 1.48764169216156, 1.4917277097702026, 1.3893800973892212, 1.4873684644699097, 1.458261489868164, 1.4583579301834106]",sae,Pre-64
1,beta,12,0.056,0.4455148672091349,0.4361346773072694,0.4189149716645681,0.5,0.5892778403611032,0.7303084552929133,30,"[0, 1, 2, 3, 4, 5, 6, 7, 8, 9, 10, 11, 12, 13, 14, 15, 16, 17, 18, 19, 20, 21, 22, 23, 24, 25, 26, 27, 28, 29]","[1.5845298767089844, 1.7597968578338623, 1.6180022954940796, 1.5744738578796387, 1.7869809865951538, 1.7382301092147827, 1.7160637378692627, 1.7096887826919556, 1.7670899629592896, 1.6107591390609741, 1.5932726860046387, 1.817551851272583, 1.6386644840240479, 1.7178194522857666, 1.5769885778427124, 1.8194026947021484, 1.550039291381836, 1.8089100122451782, 1.6983739137649536, 1.8138052225112915, 1.755620002746582, 1.7116429805755615, 1.6141746044158936, 1.8152216672897339, 1.802423357963562, 1.6825488805770874, 1.8038427829742432, 1.7152528762817383, 1.6619614362716675, 1.8162873983383179]",sae,Pre-64
1,beta,39,0.06,0.4461088087810431,0.4292341094433316,0.4412771559455725,0.5,0.6205127278095635,0.6703287929595584,30,"[0, 1, 2, 3, 4, 5, 6, 7, 8, 9, 10, 11, 12, 13, 14, 15, 16, 17, 18, 19, 20, 21, 22, 23, 24, 25, 26, 27, 28, 29]","[1.532131314277649, 1.6707515716552734, 1.596273422241211, 1.6248385906219482, 1.525661587715149, 1.538111925125122, 1.569449782371521, 1.5882107019424438, 1.5185432434082031, 1.6675981283187866, 1.5810397863388062, 1.522658348083496, 1.5992107391357422, 1.5042654275894165, 1.6032707691192627, 1.660366177558899, 1.6631743907928467, 1.637499213218689, 1.531927466392517, 1.539688229560852, 1.5008853673934937, 1.5689756870269775, 1.5846790075302124, 1.5876611471176147, 1.6232993602752686, 1.544864535331726, 1.4880015850067139, 1.5411105155944824, 1.6730464696884155, 1.534584403038025]",sae,Pre-64
1,beta,37,0.084,0.4546908257221888,0.444978337644671,0.4310154767820108,0.5,0.6058579085235571,0.7187850822660277,30,"[0, 1, 2, 3, 4, 5, 6, 7, 8, 9, 10, 11, 12, 13, 14, 15, 16, 17, 18, 19, 20, 21, 22, 23, 24, 25, 26, 27, 28, 29]","[1.3598136901855469, 1.4283814430236816, 1.4046818017959595, 1.379417061805725, 1.3222004175186157, 1.4328956604003906, 1.3772770166397095, 1.464329481124878, 1.507209300994873, 1.4308202266693115, 1.4005699157714844, 1.4037286043167114, 1.4383341073989868, 1.4139857292175293, 1.4703750610351562, 1.4178317785263062, 1.3963719606399536, 1.4548659324645996, 1.4109560251235962, 1.4158227443695068, 1.433397889137268, 1.440615177154541, 1.4728142023086548, 1.451612114906311, 1.4188530445098877, 1.460210919380188, 1.414096474647522, 1.4379223585128784, 1.4537452459335327, 1.4700788259506226]",sae,Pre-64
1,beta,11,0.042,0.4566976193509867,0.4496008864727478,0.4389875870733268,0.5,0.5995106990682213,0.7108808002060214,30,"[0, 1, 2, 3, 4, 5, 6, 7, 8, 9, 10, 11, 12, 13, 14, 15, 16, 17, 18, 19, 20, 21, 22, 23, 24, 25, 26, 27, 28, 29]","[1.587857961654663, 1.4098416566848755, 1.5316287279129028, 1.4693797826766968, 1.6175557374954224, 1.4741891622543335, 1.4915997982025146, 1.346067190170288, 1.6016982793807983, 1.6073594093322754, 1.6083656549453735, 1.633224368095398, 1.6465791463851929, 1.505789041519165, 1.490625262260437, 1.5067042112350464, 1.561907410621643, 1.4735685586929321, 1.498506784439087, 1.5768502950668335, 1.529087781906128, 1.5635515451431274, 1.6208561658859253, 1.543901801109314, 1.5219242572784424, 1.5887515544891357, 1.6207066774368286, 1.466605305671692, 1.5166230201721191, 1.4860552549362183]",sae,Pre-64
1,beta,47,0.058,0.4460371044958436,0.4257646434940195,0.4058321123999077,0.5,0.6434257056516428,0.7328618273001993,30,"[0, 1, 2, 3, 4, 5, 6, 7, 8, 9, 10, 11, 12, 13, 14, 15, 16, 17, 18, 19, 20, 21, 22, 23, 24, 25, 26, 27, 28, 29]","[1.5573230981826782, 1.399743676185608, 1.3991529941558838, 1.4121553897857666, 1.5047202110290527, 1.5364270210266113, 1.4890964031219482, 1.5164011716842651, 1.5008453130722046, 1.4255030155181885, 1.435844898223877, 1.374929666519165, 1.416129469871521, 1.557476282119751, 1.3820208311080933, 1.5249708890914917, 1.429923176765442, 1.5008608102798462, 1.3435975313186646, 1.381385087966919, 1.4284933805465698, 1.4796160459518433, 1.5190550088882446, 1.3959559202194214, 1.4902933835983276, 1.3779947757720947, 1.330596923828125, 1.4920095205307007, 1.3782216310501099, 1.4619415998458862]",sae,Pre-64
1,beta,29,0.065,0.4558655961502112,0.4409050416793991,0.4553098784288117,0.5,0.6296548282533407,0.6719617078605885,30,"[0, 1, 2, 3, 4, 5, 6, 7, 8, 9, 10, 11, 12, 13, 14, 15, 16, 17, 18, 19, 20, 21, 22, 23, 24, 25, 26, 27, 28, 29]","[1.393943428993225, 1.3547101020812988, 1.1744111776351929, 1.458472728729248, 1.3860034942626953, 1.358964443206787, 1.4735289812088013, 1.3547985553741455, 1.440641164779663, 1.4643075466156006, 1.3872796297073364, 1.432397484779358, 1.44931960105896, 1.4266307353973389, 1.4057998657226562, 1.4256482124328613, 1.3566025495529175, 1.3885705471038818, 1.3547024726867676, 1.3976197242736816, 1.4759056568145752, 1.49185311794281, 1.3805028200149536, 1.3931459188461304, 1.404247522354126, 1.3290399312973022, 1.388464331626892, 1.4709446430206299, 1.5116498470306396, 1.363057017326355]",sae,Pre-64
1,beta,11,0.06,0.4566976193509867,0.4496008864727478,0.438901886122165,0.5,0.5995106990682213,0.7108310507093692,30,"[0, 1, 2, 3, 4, 5, 6, 7, 8, 9, 10, 11, 12, 13, 14, 15, 16, 17, 18, 19, 20, 21, 22, 23, 24, 25, 26, 27, 28, 29]","[1.5792416334152222, 1.401301383972168, 1.5229651927947998, 1.4607362747192383, 1.6089156866073608, 1.4655743837356567, 1.4829282760620117, 1.3373057842254639, 1.5930598974227905, 1.5987048149108887, 1.5996911525726318, 1.624608039855957, 1.6379728317260742, 1.4970835447311401, 1.4819103479385376, 1.4981911182403564, 1.5533018112182617, 1.4649689197540283, 1.489822268486023, 1.5681833028793335, 1.5204267501831055, 1.5549086332321167, 1.6122480630874634, 1.5352814197540283, 1.513317346572876, 1.580077052116394, 1.6121145486831665, 1.457949161529541, 1.5079351663589478, 1.4774057865142822]",sae,Pre-64
1,beta,32,0.082,0.4555596844830426,0.4475674839123162,0.4708869068786153,0.5,0.5924839124839124,0.6331502114359258,30,"[0, 1, 2, 3, 4, 5, 6, 7, 8, 9, 10, 11, 12, 13, 14, 15, 16, 17, 18, 19, 20, 21, 22, 23, 24, 25, 26, 27, 28, 29]","[1.491561770439148, 1.4131256341934204, 1.4924253225326538, 1.4269946813583374, 1.4362596273422241, 1.5008617639541626, 1.4321023225784302, 1.4123939275741577, 1.3890650272369385, 1.398049235343933, 1.413453459739685, 1.3881438970565796, 1.4316717386245728, 1.3512815237045288, 1.3401128053665161, 1.3450889587402344, 1.3721407651901245, 1.4357167482376099, 1.382194995880127, 1.4121941328048706, 1.4967724084854126, 1.4129586219787598, 1.3355817794799805, 1.4983859062194824, 1.4272085428237915, 1.3579977750778198, 1.4740872383117676, 1.2940559387207031, 1.5026782751083374, 1.4955167770385742]",sae,Pre-64
1,beta,23,0.084,0.4478205607315014,0.4344954522622479,0.4345897541626372,0.5,0.6150139710231751,0.6749509463533889,30,"[0, 1, 2, 3, 4, 5, 6, 7, 8, 9, 10, 11, 12, 13, 14, 15, 16, 17, 18, 19, 20, 21, 22, 23, 24, 25, 26, 27, 28, 29]","[1.3925580978393555, 1.4519165754318237, 1.4309827089309692, 1.5432237386703491, 1.3223878145217896, 1.388486385345459, 1.5245285034179688, 1.4157776832580566, 1.3910797834396362, 1.5256189107894897, 1.5307226181030273, 1.4854474067687988, 1.4746720790863037, 1.369675874710083, 1.4631783962249756, 1.5225245952606201, 1.2150672674179077, 1.4283145666122437, 1.373443603515625, 1.4054324626922607, 1.5204232931137085, 1.542703628540039, 1.3934705257415771, 1.5356451272964478, 1.5284719467163086, 1.4359877109527588, 1.391768217086792, 1.43319571018219, 1.4355583190917969, 1.5440809726715088]",sae,Pre-64
1,beta,25,0.08,0.4465066892532915,0.4352791138475453,0.4430506971877476,0.5,0.6270054355300688,0.6611987466588531,30,"[0, 1, 2, 3, 4, 5, 6, 7, 8, 9, 10, 11, 12, 13, 14, 15, 16, 17, 18, 19, 20, 21, 22, 23, 24, 25, 26, 27, 28, 29]","[1.5318524837493896, 1.556835651397705, 1.423374891281128, 1.6052608489990234, 1.5837759971618652, 1.5740916728973389, 1.4539942741394043, 1.4626575708389282, 1.5088080167770386, 1.4249850511550903, 1.5843604803085327, 1.5188138484954834, 1.5584650039672852, 1.464087724685669, 1.4553464651107788, 1.4991989135742188, 1.3692227602005005, 1.3844997882843018, 1.4288992881774902, 1.4545893669128418, 1.5974544286727905, 1.3761659860610962, 1.5456465482711792, 1.468408226966858, 1.5216975212097168, 1.468888759613037, 1.6214609146118164, 1.55263352394104, 1.5845017433166504, 1.4300432205200195]",sae,Pre-64
1,beta,28,0.054,0.4589844236982603,0.4495627040154577,0.4417962402285224,0.5,0.5987249917034086,0.6982677902621723,30,"[0, 1, 2, 3, 4, 5, 6, 7, 8, 9, 10, 11, 12, 13, 14, 15, 16, 17, 18, 19, 20, 21, 22, 23, 24, 25, 26, 27, 28, 29]","[1.4563384056091309, 1.3398797512054443, 1.3290833234786987, 1.5485895872116089, 1.5026493072509766, 1.4865378141403198, 1.4472037553787231, 1.3801161050796509, 1.4809670448303223, 1.5125519037246704, 1.4425748586654663, 1.4731097221374512, 1.520272135734558, 1.530371904373169, 1.463316798210144, 1.4103673696517944, 1.4450970888137817, 1.501676321029663, 1.4762873649597168, 1.4764370918273926, 1.4109461307525635, 1.431186318397522, 1.432961106300354, 1.3811352252960205, 1.4127169847488403, 1.5013631582260132, 1.5401901006698608, 1.423423409461975, 1.4021409749984741, 1.4141589403152466]",sae,Pre-64
1,beta,14,0.065,0.4467366851483266,0.4421697276018216,0.4362560195562202,0.5,0.5934222168898753,0.696132215540125,30,"[0, 1, 2, 3, 4, 5, 6, 7, 8, 9, 10, 11, 12, 13, 14, 15, 16, 17, 18, 19, 20, 21, 22, 23, 24, 25, 26, 27, 28, 29]","[1.4942072629928589, 1.383453130722046, 1.4868531227111816, 1.510828971862793, 1.5137128829956055, 1.4893921613693237, 1.4513322114944458, 1.5825738906860352, 1.490575909614563, 1.5609420537948608, 1.4409846067428589, 1.4216156005859375, 1.4546939134597778, 1.5624099969863892, 1.5327671766281128, 1.49542236328125, 1.58040189743042, 1.576414704322815, 1.4924875497817993, 1.4758622646331787, 1.4933277368545532, 1.5036571025848389, 1.5668542385101318, 1.4566179513931274, 1.5681302547454834, 1.5702307224273682, 1.5158730745315552, 1.5804935693740845, 1.568165898323059, 1.4688012599945068]",sae,Pre-64
1,beta,36,0.045,0.4642138821845151,0.4576483090311837,0.4621222674005524,0.5,0.6031055233182893,0.6742525891462061,30,"[0, 1, 2, 3, 4, 5, 6, 7, 8, 9, 10, 11, 12, 13, 14, 15, 16, 17, 18, 19, 20, 21, 22, 23, 24, 25, 26, 27, 28, 29]","[1.527282476425171, 1.5185731649398804, 1.4386539459228516, 1.5197983980178833, 1.3971763849258423, 1.5482211112976074, 1.4456534385681152, 1.49007248878479, 1.5604861974716187, 1.4132879972457886, 1.4476070404052734, 1.54938805103302, 1.4389138221740723, 1.4745960235595703, 1.4850318431854248, 1.562606930732727, 1.5148903131484985, 1.4986112117767334, 1.5574133396148682, 1.4314215183258057, 1.4733437299728394, 1.463445782661438, 1.4688998460769653, 1.4453431367874146, 1.5424511432647705, 1.5231643915176392, 1.454732894897461, 1.5049914121627808, 1.540087342262268, 1.4337266683578491]",sae,Pre-64
1,beta,14,0.046,0.4467366851483266,0.4421697276018216,0.4398669180857967,0.5,0.5934222168898753,0.6938061458630154,30,"[0, 1, 2, 3, 4, 5, 6, 7, 8, 9, 10, 11, 12, 13, 14, 15, 16, 17, 18, 19, 20, 21, 22, 23, 24, 25, 26, 27, 28, 29]","[1.5728683471679688, 1.4758034944534302, 1.5947966575622559, 1.6309901475906372, 1.5989402532577515, 1.600714921951294, 1.5404216051101685, 1.7052973508834839, 1.5989991426467896, 1.6777845621109009, 1.5388420820236206, 1.5637733936309814, 1.5857737064361572, 1.6762561798095703, 1.629446029663086, 1.6023012399673462, 1.6977061033248901, 1.6949654817581177, 1.6126247644424438, 1.5698325634002686, 1.586066722869873, 1.6137887239456177, 1.6758873462677002, 1.5639827251434326, 1.6859365701675415, 1.6921356916427612, 1.640909194946289, 1.6944860219955444, 1.6851465702056885, 1.5959352254867554]",sae,Pre-64
1,beta,7,0.055,0.4564836922581216,0.4420418003909208,0.4407327797468949,0.5,0.6095136152062148,0.7015388153908078,30,"[0, 1, 2, 3, 4, 5, 6, 7, 8, 9, 10, 11, 12, 13, 14, 15, 16, 17, 18, 19, 20, 21, 22, 23, 24, 25, 26, 27, 28, 29]","[1.4924395084381104, 1.5590966939926147, 1.583852767944336, 1.555751085281372, 1.5893898010253906, 1.5405693054199219, 1.5369983911514282, 1.5423684120178223, 1.6528223752975464, 1.5524171590805054, 1.4681373834609985, 1.5226733684539795, 1.4715358018875122, 1.503205418586731, 1.6602933406829834, 1.5737541913986206, 1.5004162788391113, 1.5077553987503052, 1.5964490175247192, 1.584053874015808, 1.5617369413375854, 1.6110752820968628, 1.6083369255065918, 1.5214359760284424, 1.6424717903137207, 1.6371421813964844, 1.5118087530136108, 1.4709515571594238, 1.6287546157836914, 1.504064679145813]",sae,Pre-64
1,beta,20,0.078,0.4408022875601419,0.4262939306313442,0.4359207259475143,0.5,0.6176087118064704,0.6504755824872154,30,"[0, 1, 2, 3, 4, 5, 6, 7, 8, 9, 10, 11, 12, 13, 14, 15, 16, 17, 18, 19, 20, 21, 22, 23, 24, 25, 26, 27, 28, 29]","[1.4356293678283691, 1.5063767433166504, 1.4437156915664673, 1.5503870248794556, 1.4981460571289062, 1.516320824623108, 1.5129743814468384, 1.4337897300720215, 1.4799154996871948, 1.4385579824447632, 1.451797366142273, 1.444498896598816, 1.5624862909317017, 1.394557237625122, 1.4503052234649658, 1.5493680238723755, 1.4406406879425049, 1.4122283458709717, 1.4809105396270752, 1.4802229404449463, 1.474342703819275, 1.3815358877182007, 1.4999374151229858, 1.5545132160186768, 1.5191739797592163, 1.406300663948059, 1.4501205682754517, 1.492291808128357, 1.4048130512237549, 1.5532742738723755]",sae,Pre-64
1,beta,24,0.042,0.4501416387440968,0.4383559369047743,0.453570015838577,0.5,0.6188330126613704,0.6451821623634559,30,"[0, 1, 2, 3, 4, 5, 6, 7, 8, 9, 10, 11, 12, 13, 14, 15, 16, 17, 18, 19, 20, 21, 22, 23, 24, 25, 26, 27, 28, 29]","[1.7308233976364136, 1.578256607055664, 1.6330465078353882, 1.732128381729126, 1.7246161699295044, 1.591202974319458, 1.6461652517318726, 1.6309890747070312, 1.6986225843429565, 1.6031291484832764, 1.6799098253250122, 1.60342276096344, 1.7330824136734009, 1.724668025970459, 1.6428719758987427, 1.5903263092041016, 1.7384121417999268, 1.5401185750961304, 1.6091878414154053, 1.735327124595642, 1.7097218036651611, 1.7168267965316772, 1.5968323945999146, 1.6861668825149536, 1.5635337829589844, 1.5486118793487549, 1.6941993236541748, 1.562522053718567, 1.7326550483703613, 1.6289538145065308]",sae,Pre-64
1,beta,47,0.07,0.4460371044958436,0.4257646434940195,0.4058189122257277,0.5,0.6434257056516428,0.7328795087764418,30,"[0, 1, 2, 3, 4, 5, 6, 7, 8, 9, 10, 11, 12, 13, 14, 15, 16, 17, 18, 19, 20, 21, 22, 23, 24, 25, 26, 27, 28, 29]","[1.5549485683441162, 1.3973944187164307, 1.3967595100402832, 1.4097955226898193, 1.5023449659347534, 1.5340489149093628, 1.4867162704467773, 1.5140509605407715, 1.4984890222549438, 1.423117995262146, 1.433463215827942, 1.3725605010986328, 1.413761854171753, 1.5551013946533203, 1.379669189453125, 1.5226131677627563, 1.4275676012039185, 1.4984902143478394, 1.3412457704544067, 1.378993272781372, 1.4261267185211182, 1.4772294759750366, 1.516706109046936, 1.3935757875442505, 1.4879118204116821, 1.3756531476974487, 1.3282333612442017, 1.489652156829834, 1.3758174180984497, 1.4595589637756348]",sae,Pre-64
1,beta,27,0.056,0.4609757262074365,0.4537266978541116,0.4612787729040057,0.5,0.5914172664146189,0.6603214639855537,30,"[0, 1, 2, 3, 4, 5, 6, 7, 8, 9, 10, 11, 12, 13, 14, 15, 16, 17, 18, 19, 20, 21, 22, 23, 24, 25, 26, 27, 28, 29]","[1.5377473831176758, 1.6107182502746582, 1.5390926599502563, 1.5233153104782104, 1.5916916131973267, 1.4999065399169922, 1.6017930507659912, 1.4668158292770386, 1.571826696395874, 1.5808030366897583, 1.4865975379943848, 1.6136229038238525, 1.5263445377349854, 1.4862489700317383, 1.5254464149475098, 1.4388219118118286, 1.5301498174667358, 1.5748714208602905, 1.518434762954712, 1.5392167568206787, 1.6054115295410156, 1.5408830642700195, 1.4937859773635864, 1.4490424394607544, 1.5117559432983398, 1.6189500093460083, 1.5028291940689087, 1.5537853240966797, 1.4440016746520996, 1.5513696670532227]",sae,Pre-64
1,beta,13,0.068,0.4619123366083722,0.4531466051409948,0.4416824590660632,0.5,0.6127276801885291,0.7102001006352423,30,"[0, 1, 2, 3, 4, 5, 6, 7, 8, 9, 10, 11, 12, 13, 14, 15, 16, 17, 18, 19, 20, 21, 22, 23, 24, 25, 26, 27, 28, 29]","[1.6017165184020996, 1.4315283298492432, 1.5863224267959595, 1.5078204870224, 1.4888685941696167, 1.5951793193817139, 1.528369426727295, 1.5172935724258423, 1.5511082410812378, 1.5200953483581543, 1.595209002494812, 1.4998942613601685, 1.5625988245010376, 1.5539557933807373, 1.5764524936676025, 1.4642852544784546, 1.4860271215438843, 1.5544378757476807, 1.5379784107208252, 1.533746361732483, 1.5092806816101074, 1.4494471549987793, 1.5039575099945068, 1.4735922813415527, 1.5050511360168457, 1.4468971490859985, 1.5173356533050537, 1.4565726518630981, 1.5474677085876465, 1.5113325119018555]",sae,Pre-64
1,beta,2,0.062,0.4419681213812466,0.4306250660512843,0.427260672184314,0.5,0.6028191218064636,0.6894771236147819,30,"[0, 1, 2, 3, 4, 5, 6, 7, 8, 9, 10, 11, 12, 13, 14, 15, 16, 17, 18, 19, 20, 21, 22, 23, 24, 25, 26, 27, 28, 29]","[1.3743550777435303, 1.3875961303710938, 1.3631521463394165, 1.431749939918518, 1.3791826963424683, 1.4657062292099, 1.385430932044983, 1.3985426425933838, 1.334958553314209, 1.3563594818115234, 1.3933247327804565, 1.3362507820129395, 1.4164093732833862, 1.4698199033737183, 1.4417401552200317, 1.3873379230499268, 1.4470406770706177, 1.5012969970703125, 1.4934817552566528, 1.4709872007369995, 1.393965721130371, 1.3709462881088257, 1.4529658555984497, 1.4564740657806396, 1.368492841720581, 1.3747944831848145, 1.4329720735549927, 1.407974362373352, 1.2173410654067993, 1.4934509992599487]",sae,Pre-64
1,beta,41,0.068,0.4543678569363413,0.4427951465832617,0.4546337331856563,0.5,0.6190905384235713,0.6763979198409122,30,"[0, 1, 2, 3, 4, 5, 6, 7, 8, 9, 10, 11, 12, 13, 14, 15, 16, 17, 18, 19, 20, 21, 22, 23, 24, 25, 26, 27, 28, 29]","[1.4672973155975342, 1.5600460767745972, 1.5010508298873901, 1.4234427213668823, 1.4358928203582764, 1.6040596961975098, 1.459679126739502, 1.5231666564941406, 1.491331934928894, 1.587501883506775, 1.5795141458511353, 1.5166382789611816, 1.5197302103042603, 1.5878832340240479, 1.587813138961792, 1.5028672218322754, 1.499577283859253, 1.5365420579910278, 1.5739129781723022, 1.5366147756576538, 1.4483243227005005, 1.5006870031356812, 1.5049331188201904, 1.524807095527649, 1.4998664855957031, 1.4813218116760254, 1.5599230527877808, 1.5727767944335938, 1.5308094024658203, 1.4521108865737915]",sae,Pre-64
1,beta,4,0.082,0.4589558369307028,0.4477177462853796,0.4573395007437518,0.5,0.61034827708266,0.6589408559951984,30,"[0, 1, 2, 3, 4, 5, 6, 7, 8, 9, 10, 11, 12, 13, 14, 15, 16, 17, 18, 19, 20, 21, 22, 23, 24, 25, 26, 27, 28, 29]","[1.395572543144226, 1.3803794384002686, 1.3017829656600952, 1.444931149482727, 1.2746316194534302, 1.3220391273498535, 1.369929313659668, 1.3052623271942139, 1.3909521102905273, 1.4265683889389038, 1.3944519758224487, 1.3365578651428223, 1.4465372562408447, 1.3331458568572998, 1.301313042640686, 1.388506531715393, 1.3924310207366943, 1.3604183197021484, 1.3189462423324585, 1.4144649505615234, 1.3758957386016846, 1.4385318756103516, 1.3771063089370728, 1.2917262315750122, 1.3722143173217773, 1.311371088027954, 1.3289971351623535, 1.3423246145248413, 1.421377182006836, 1.2960010766983032]",sae,Pre-64
1,beta,41,0.056,0.4543678569363413,0.4427951465832617,0.454712848022321,0.5,0.6190905384235713,0.6763936279033169,30,"[0, 1, 2, 3, 4, 5, 6, 7, 8, 9, 10, 11, 12, 13, 14, 15, 16, 17, 18, 19, 20, 21, 22, 23, 24, 25, 26, 27, 28, 29]","[1.4725054502487183, 1.5652358531951904, 1.5061458349227905, 1.428602695465088, 1.441068172454834, 1.6092380285263062, 1.464842438697815, 1.528356909751892, 1.496533751487732, 1.5926270484924316, 1.5846692323684692, 1.5218442678451538, 1.5249277353286743, 1.593027949333191, 1.59297513961792, 1.5080362558364868, 1.5046905279159546, 1.5417139530181885, 1.5790005922317505, 1.5418167114257812, 1.4535086154937744, 1.5058655738830566, 1.5101542472839355, 1.530002474784851, 1.5050926208496094, 1.4865180253982544, 1.5651003122329712, 1.5779445171356201, 1.5359793901443481, 1.4572677612304688]",sae,Pre-64
1,beta,36,0.064,0.4642138821845151,0.4576483090311837,0.4620447276435978,0.5,0.6031055233182893,0.6742554934044296,30,"[0, 1, 2, 3, 4, 5, 6, 7, 8, 9, 10, 11, 12, 13, 14, 15, 16, 17, 18, 19, 20, 21, 22, 23, 24, 25, 26, 27, 28, 29]","[1.5219000577926636, 1.5132509469985962, 1.4332635402679443, 1.514415979385376, 1.3918063640594482, 1.5428553819656372, 1.440246820449829, 1.4846992492675781, 1.555112600326538, 1.4078882932662964, 1.442198395729065, 1.543994426727295, 1.4334837198257446, 1.4691970348358154, 1.479661226272583, 1.5572329759597778, 1.50949227809906, 1.4932334423065186, 1.552054762840271, 1.4259989261627197, 1.4679419994354248, 1.458034873008728, 1.463491678237915, 1.4399795532226562, 1.5370665788650513, 1.5178108215332031, 1.4492720365524292, 1.4996213912963867, 1.534717321395874, 1.428335428237915]",sae,Pre-64
1,beta,42,0.065,0.4546678683050885,0.4407690563496341,0.4564986753141605,0.5,0.6336081445133979,0.6613207774089574,30,"[0, 1, 2, 3, 4, 5, 6, 7, 8, 9, 10, 11, 12, 13, 14, 15, 16, 17, 18, 19, 20, 21, 22, 23, 24, 25, 26, 27, 28, 29]","[1.6435328722000122, 1.5083990097045898, 1.653277039527893, 1.6484718322753906, 1.5905969142913818, 1.6327927112579346, 1.5827449560165405, 1.5402092933654785, 1.5025629997253418, 1.6510125398635864, 1.6188256740570068, 1.660821795463562, 1.535072922706604, 1.2984468936920166, 1.66291081905365, 1.5452425479888916, 1.489587664604187, 1.4657959938049316, 1.6156361103057861, 1.6457040309906006, 1.5544196367263794, 1.5280214548110962, 1.5561044216156006, 1.4832626581192017, 1.5349928140640259, 1.4966423511505127, 1.6697454452514648, 1.4854669570922852, 1.5717827081680298, 1.4892860651016235]",sae,Pre-64
1,beta,23,0.0535,0.4478205607315014,0.4344954522622479,0.4375131468841155,0.5,0.6150139710231751,0.6768919125400334,30,"[0, 1, 2, 3, 4, 5, 6, 7, 8, 9, 10, 11, 12, 13, 14, 15, 16, 17, 18, 19, 20, 21, 22, 23, 24, 25, 26, 27, 28, 29]","[1.5080105066299438, 1.6039507389068604, 1.5810602903366089, 1.6720640659332275, 1.4433517456054688, 1.5117193460464478, 1.656949758529663, 1.5142407417297363, 1.5059740543365479, 1.647925853729248, 1.6566383838653564, 1.609273910522461, 1.603705644607544, 1.5154634714126587, 1.6033300161361694, 1.6549570560455322, 1.3534412384033203, 1.5396329164505005, 1.4994738101959229, 1.530484676361084, 1.650313377380371, 1.6647852659225464, 1.5191386938095093, 1.6666451692581177, 1.6619338989257812, 1.5541547536849976, 1.4988675117492676, 1.5837398767471313, 1.5492867231369019, 1.6780081987380981]",sae,Pre-64
1,beta,46,0.052,0.4545712902572906,0.4417269056853911,0.4552125691261179,0.5,0.6270377926330811,0.6898877013200121,30,"[0, 1, 2, 3, 4, 5, 6, 7, 8, 9, 10, 11, 12, 13, 14, 15, 16, 17, 18, 19, 20, 21, 22, 23, 24, 25, 26, 27, 28, 29]","[1.5626717805862427, 1.6785296201705933, 1.6595889329910278, 1.6476361751556396, 1.564143180847168, 1.69180428981781, 1.586028814315796, 1.7267587184906006, 1.6414055824279785, 1.7477984428405762, 1.4736422300338745, 1.5706589221954346, 1.7114882469177246, 1.5619388818740845, 1.6172300577163696, 1.7142970561981201, 1.6329034566879272, 1.64151930809021, 1.7370167970657349, 1.7040249109268188, 1.6098219156265259, 1.614753246307373, 1.6339874267578125, 1.6414183378219604, 1.634176254272461, 1.655532717704773, 1.6453092098236084, 1.6783255338668823, 1.6144312620162964, 1.6293835639953613]",sae,Pre-64
1,beta,42,0.046,0.4546678683050885,0.4407690563496341,0.4591250914094015,0.5,0.6336081445133979,0.6606630646557944,30,"[0, 1, 2, 3, 4, 5, 6, 7, 8, 9, 10, 11, 12, 13, 14, 15, 16, 17, 18, 19, 20, 21, 22, 23, 24, 25, 26, 27, 28, 29]","[1.7364475727081299, 1.612431526184082, 1.7358394861221313, 1.7458739280700684, 1.6972382068634033, 1.7191940546035767, 1.6887534856796265, 1.63401460647583, 1.5871587991714478, 1.745348334312439, 1.7130177021026611, 1.747982144355774, 1.6178090572357178, 1.3888598680496216, 1.7559362649917603, 1.627457618713379, 1.5619699954986572, 1.5550214052200317, 1.717655897140503, 1.750331997871399, 1.6485775709152222, 1.6066348552703857, 1.6574684381484985, 1.5654743909835815, 1.6148715019226074, 1.5731480121612549, 1.7712191343307495, 1.561651587486267, 1.665764570236206, 1.5857877731323242]",sae,Pre-64
1,beta,14,0.076,0.4467366851483266,0.4421697276018216,0.434444657922179,0.5,0.5934222168898753,0.697092037972975,30,"[0, 1, 2, 3, 4, 5, 6, 7, 8, 9, 10, 11, 12, 13, 14, 15, 16, 17, 18, 19, 20, 21, 22, 23, 24, 25, 26, 27, 28, 29]","[1.4387692213058472, 1.3253803253173828, 1.413501262664795, 1.4341938495635986, 1.4544044733047485, 1.419985294342041, 1.399621844291687, 1.5047718286514282, 1.4220902919769287, 1.4858418703079224, 1.3769434690475464, 1.3401968479156494, 1.364594578742981, 1.4840586185455322, 1.4682533740997314, 1.426809310913086, 1.505629539489746, 1.4995088577270508, 1.4191114902496338, 1.4123603105545044, 1.4325709342956543, 1.4326395988464355, 1.495355486869812, 1.3788576126098633, 1.4912378787994385, 1.4927669763565063, 1.4331237077713013, 1.5021827220916748, 1.4870494604110718, 1.3882911205291748]",sae,Pre-64
1,beta,48,0.066,0.4556814132376,0.4510566266980289,0.4890626377190831,0.5,0.5923878577171784,0.5941927227840503,30,"[0, 1, 2, 3, 4, 5, 6, 7, 8, 9, 10, 11, 12, 13, 14, 15, 16, 17, 18, 19, 20, 21, 22, 23, 24, 25, 26, 27, 28, 29]","[1.6375160217285156, 1.5732592344284058, 1.5552420616149902, 1.5371798276901245, 1.5250678062438965, 1.456322431564331, 1.561385989189148, 1.507615327835083, 1.5227864980697632, 1.5101463794708252, 1.593895435333252, 1.5280698537826538, 1.5641510486602783, 1.5299352407455444, 1.4860066175460815, 1.566938042640686, 1.615968108177185, 1.581005334854126, 1.6010632514953613, 1.4673181772232056, 1.5199754238128662, 1.6250251531600952, 1.6288176774978638, 1.4555367231369019, 1.5264133214950562, 1.6019177436828613, 1.608198881149292, 1.6295709609985352, 1.5198661088943481, 1.5614591836929321]",sae,Pre-64
1,beta,17,0.052,0.4599327030141671,0.4513468217402507,0.447846813817225,0.5,0.6120635717004715,0.6979760840427564,30,"[0, 1, 2, 3, 4, 5, 6, 7, 8, 9, 10, 11, 12, 13, 14, 15, 16, 17, 18, 19, 20, 21, 22, 23, 24, 25, 26, 27, 28, 29]","[1.6340532302856445, 1.510718822479248, 1.5618059635162354, 1.5456650257110596, 1.6670631170272827, 1.5373365879058838, 1.5990456342697144, 1.430117130279541, 1.5475850105285645, 1.5793628692626953, 1.6227318048477173, 1.6358585357666016, 1.5604267120361328, 1.6459007263183594, 1.5581549406051636, 1.539925217628479, 1.6242822408676147, 1.5708543062210083, 1.618159294128418, 1.586762547492981, 1.5200281143188477, 1.5866152048110962, 1.430435299873352, 1.5550199747085571, 1.5869349241256714, 1.5704622268676758, 1.524124026298523, 1.5687330961227417, 1.5462758541107178, 1.610949158668518]",sae,Pre-64
1,beta,28,0.046,0.4589844236982603,0.4495627040154577,0.44181669614059,0.5,0.5987249917034086,0.6982692717963306,30,"[0, 1, 2, 3, 4, 5, 6, 7, 8, 9, 10, 11, 12, 13, 14, 15, 16, 17, 18, 19, 20, 21, 22, 23, 24, 25, 26, 27, 28, 29]","[1.458532452583313, 1.3421094417572021, 1.3312671184539795, 1.550789475440979, 1.5048482418060303, 1.4887619018554688, 1.4493985176086426, 1.382306456565857, 1.4832004308700562, 1.5147658586502075, 1.4448142051696777, 1.475345492362976, 1.5224772691726685, 1.53258216381073, 1.4655146598815918, 1.4125672578811646, 1.447290062904358, 1.503897786140442, 1.4784997701644897, 1.478654146194458, 1.4131428003311157, 1.4334114789962769, 1.4351553916931152, 1.3833210468292236, 1.4149125814437866, 1.50357186794281, 1.5424084663391113, 1.4256618022918701, 1.4043729305267334, 1.4163405895233154]",sae,Pre-64
1,beta,35,0.066,0.4566193215888805,0.4379483378046387,0.4343627262439724,0.5,0.637290178651746,0.714452560435145,30,"[0, 1, 2, 3, 4, 5, 6, 7, 8, 9, 10, 11, 12, 13, 14, 15, 16, 17, 18, 19, 20, 21, 22, 23, 24, 25, 26, 27, 28, 29]","[1.4547388553619385, 1.521238923072815, 1.585284948348999, 1.5147885084152222, 1.5280860662460327, 1.4924012422561646, 1.4409414529800415, 1.601680874824524, 1.6172966957092285, 1.5094516277313232, 1.579892873764038, 1.4311312437057495, 1.5036078691482544, 1.4110913276672363, 1.5005897283554077, 1.4580835103988647, 1.5882148742675781, 1.4330649375915527, 1.5380277633666992, 1.438790202140808, 1.4595987796783447, 1.450941801071167, 1.4684092998504639, 1.4380043745040894, 1.4851024150848389, 1.5310028791427612, 1.4616888761520386, 1.5419549942016602, 1.5963959693908691, 1.5348191261291504]",sae,Pre-64
1,beta,44,0.085,0.4469012312759677,0.43811650775401,0.4601232319305366,0.5,0.5982762074796864,0.6211987296200056,30,"[0, 1, 2, 3, 4, 5, 6, 7, 8, 9, 10, 11, 12, 13, 14, 15, 16, 17, 18, 19, 20, 21, 22, 23, 24, 25, 26, 27, 28, 29]","[1.4681050777435303, 1.4638839960098267, 1.4254261255264282, 1.4311270713806152, 1.458280086517334, 1.5254862308502197, 1.5133434534072876, 1.4110976457595825, 1.4796463251113892, 1.5526058673858643, 1.4652984142303467, 1.4538540840148926, 1.4689884185791016, 1.4313970804214478, 1.5437370538711548, 1.5464555025100708, 1.4039020538330078, 1.3190534114837646, 1.4812411069869995, 1.4709441661834717, 1.4269306659698486, 1.4060529470443726, 1.4678534269332886, 1.4667515754699707, 1.5223819017410278, 1.4270163774490356, 1.441572904586792, 1.4615886211395264, 1.471333384513855, 1.4742621183395386]",sae,Pre-64
1,beta,2,0.054,0.4419681213812466,0.4306250660512843,0.4292096168204592,0.5,0.6028191218064636,0.6892822367505913,30,"[0, 1, 2, 3, 4, 5, 6, 7, 8, 9, 10, 11, 12, 13, 14, 15, 16, 17, 18, 19, 20, 21, 22, 23, 24, 25, 26, 27, 28, 29]","[1.469618558883667, 1.4710283279418945, 1.4507731199264526, 1.5375444889068604, 1.4861098527908325, 1.5814546346664429, 1.4707926511764526, 1.4939558506011963, 1.4353554248809814, 1.467526912689209, 1.5042091608047485, 1.426507592201233, 1.5255783796310425, 1.5854849815368652, 1.5531787872314453, 1.4999116659164429, 1.5623507499694824, 1.6122453212738037, 1.6087806224822998, 1.587504267692566, 1.5015203952789307, 1.463423728942871, 1.5607534646987915, 1.5743759870529175, 1.4511665105819702, 1.4700543880462646, 1.5415931940078735, 1.5161831378936768, 1.3147486448287964, 1.607898473739624]",sae,Pre-64
1,beta,9,0.045,0.448644851968101,0.4348910401892977,0.4532476127738388,0.5,0.6286670530281078,0.6728252680382498,30,"[0, 1, 2, 3, 4, 5, 6, 7, 8, 9, 10, 11, 12, 13, 14, 15, 16, 17, 18, 19, 20, 21, 22, 23, 24, 25, 26, 27, 28, 29]","[1.7221848964691162, 1.595569372177124, 1.719159483909607, 1.6901841163635254, 1.6015331745147705, 1.436235785484314, 1.7076163291931152, 1.6223942041397095, 1.7228634357452393, 1.543628215789795, 1.6597083806991577, 1.6235781908035278, 1.5953423976898193, 1.6446380615234375, 1.75648832321167, 1.6177412271499634, 1.6095436811447144, 1.6859990358352661, 1.7269622087478638, 1.5794856548309326, 1.7213135957717896, 1.726257562637329, 1.6005969047546387, 1.7097748517990112, 1.7077027559280396, 1.7067015171051025, 1.5659996271133423, 1.541253685951233, 1.594912052154541, 1.737757682800293]",sae,Pre-64
1,beta,4,0.052,0.4589558369307028,0.4477177462853796,0.465321944008338,0.5,0.61034827708266,0.656378410822291,30,"[0, 1, 2, 3, 4, 5, 6, 7, 8, 9, 10, 11, 12, 13, 14, 15, 16, 17, 18, 19, 20, 21, 22, 23, 24, 25, 26, 27, 28, 29]","[1.6170636415481567, 1.617141604423523, 1.4856629371643066, 1.6541571617126465, 1.4696450233459473, 1.522729754447937, 1.6141196489334106, 1.5055068731307983, 1.5537720918655396, 1.63633131980896, 1.5942124128341675, 1.537530541419983, 1.648946762084961, 1.5034070014953613, 1.4891703128814697, 1.559202790260315, 1.5892767906188965, 1.5668326616287231, 1.5240675210952759, 1.6122612953186035, 1.5626194477081299, 1.6251990795135498, 1.553816318511963, 1.4970481395721436, 1.5661325454711914, 1.5383299589157104, 1.4973496198654175, 1.532686471939087, 1.6126151084899902, 1.4905890226364136]",sae,Pre-64
1,beta,17,0.044,0.4599327030141671,0.4513468217402507,0.4478962047102261,0.5,0.6120635717004715,0.6979614993633788,30,"[0, 1, 2, 3, 4, 5, 6, 7, 8, 9, 10, 11, 12, 13, 14, 15, 16, 17, 18, 19, 20, 21, 22, 23, 24, 25, 26, 27, 28, 29]","[1.638231635093689, 1.5149189233779907, 1.5659500360488892, 1.5498814582824707, 1.6711963415145874, 1.5414977073669434, 1.6032315492630005, 1.4343594312667847, 1.5517711639404297, 1.5835069417953491, 1.6268818378448486, 1.6400158405303955, 1.5646299123764038, 1.6500434875488281, 1.5623252391815186, 1.5441359281539917, 1.6284505128860474, 1.5750099420547485, 1.622318148612976, 1.5909379720687866, 1.524186611175537, 1.5907944440841675, 1.4346221685409546, 1.5591987371444702, 1.5910295248031616, 1.5745854377746582, 1.528328776359558, 1.572884440422058, 1.550422191619873, 1.6150933504104614]",sae,Pre-64
1,beta,3,0.044,0.4557259332451328,0.444824285747971,0.4736748588225169,0.5,0.6042731979176,0.6524893986651135,30,"[0, 1, 2, 3, 4, 5, 6, 7, 8, 9, 10, 11, 12, 13, 14, 15, 16, 17, 18, 19, 20, 21, 22, 23, 24, 25, 26, 27, 28, 29]","[1.6597412824630737, 1.664564609527588, 1.6567639112472534, 1.7005723714828491, 1.6669116020202637, 1.7507483959197998, 1.6493510007858276, 1.746975064277649, 1.4907478094100952, 1.7401796579360962, 1.628445029258728, 1.75759756565094, 1.6680476665496826, 1.7077016830444336, 1.7488740682601929, 1.6657739877700806, 1.6342346668243408, 1.7102879285812378, 1.6815645694732666, 1.6309380531311035, 1.5630080699920654, 1.6205999851226807, 1.637595295906067, 1.7538875341415405, 1.7393882274627686, 1.6620376110076904, 1.6454342603683472, 1.6634421348571777, 1.741683006286621, 1.6654340028762817]",sae,Pre-64
1,beta,19,0.07,0.4469965829377276,0.435497383761294,0.4159581856631649,0.5,0.6104665954706788,0.7125341583691931,30,"[0, 1, 2, 3, 4, 5, 6, 7, 8, 9, 10, 11, 12, 13, 14, 15, 16, 17, 18, 19, 20, 21, 22, 23, 24, 25, 26, 27, 28, 29]","[1.4671696424484253, 1.4800235033035278, 1.564561367034912, 1.4976783990859985, 1.4410864114761353, 1.4464362859725952, 1.4803801774978638, 1.5616130828857422, 1.441938877105713, 1.5779229402542114, 1.5923689603805542, 1.6048200130462646, 1.4798805713653564, 1.476279616355896, 1.419087290763855, 1.4389934539794922, 1.5654670000076294, 1.5916314125061035, 1.4285145998001099, 1.4493087530136108, 1.6153790950775146, 1.4650408029556274, 1.481350302696228, 1.4555593729019165, 1.446711540222168, 1.5790586471557617, 1.580255389213562, 1.487023115158081, 1.4690968990325928, 1.4351147413253784]",sae,Pre-64
1,beta,0,0.076,0.4600628296558519,0.4487196928272481,0.432461213180789,0.5,0.6146148452673732,0.7223421228339942,30,"[0, 1, 2, 3, 4, 5, 6, 7, 8, 9, 10, 11, 12, 13, 14, 15, 16, 17, 18, 19, 20, 21, 22, 23, 24, 25, 26, 27, 28, 29]","[1.3901550769805908, 1.4337433576583862, 1.4109135866165161, 1.4644371271133423, 1.3842103481292725, 1.407978892326355, 1.4554390907287598, 1.4860825538635254, 1.4692025184631348, 1.41397225856781, 1.40532386302948, 1.4204846620559692, 1.4816832542419434, 1.4650593996047974, 1.4818533658981323, 1.4306422472000122, 1.4418954849243164, 1.365136981010437, 1.3150862455368042, 1.4651854038238525, 1.386008858680725, 1.3731032609939575, 1.464951753616333, 1.408118486404419, 1.3831244707107544, 1.346449375152588, 1.4705876111984253, 1.35561203956604, 1.4636294841766357, 1.3478139638900757]",sae,Pre-64
1,beta,10,0.084,0.4493907433353129,0.4390813823454372,0.4434329236569338,0.5,0.6232207829487961,0.677005992321217,30,"[0, 1, 2, 3, 4, 5, 6, 7, 8, 9, 10, 11, 12, 13, 14, 15, 16, 17, 18, 19, 20, 21, 22, 23, 24, 25, 26, 27, 28, 29]","[1.4272146224975586, 1.3384016752243042, 1.505723476409912, 1.4242669343948364, 1.4201083183288574, 1.4289861917495728, 1.5171351432800293, 1.4437488317489624, 1.3310035467147827, 1.4808436632156372, 1.432452917098999, 1.4563168287277222, 1.4557993412017822, 1.4310994148254395, 1.4932821989059448, 1.4515790939331055, 1.460835576057434, 1.370505690574646, 1.4265815019607544, 1.3861005306243896, 1.4062581062316895, 1.4369819164276123, 1.4977244138717651, 1.4996238946914673, 1.437260627746582, 1.372096300125122, 1.433405876159668, 1.4340847730636597, 1.4323341846466064, 1.4873625040054321]",sae,Pre-64
1,beta,31,0.044,0.4497611378811508,0.4308970333737342,0.433786589895842,0.5,0.642735734520437,0.7099786090073422,30,"[0, 1, 2, 3, 4, 5, 6, 7, 8, 9, 10, 11, 12, 13, 14, 15, 16, 17, 18, 19, 20, 21, 22, 23, 24, 25, 26, 27, 28, 29]","[1.5718767642974854, 1.5327975749969482, 1.4492377042770386, 1.4732550382614136, 1.5237007141113281, 1.6103272438049316, 1.4865492582321167, 1.5436629056930542, 1.4936187267303467, 1.5622586011886597, 1.514052391052246, 1.5421456098556519, 1.576801061630249, 1.4123523235321045, 1.5765466690063477, 1.5128333568572998, 1.5365556478500366, 1.5361607074737549, 1.5500675439834595, 1.5051125288009644, 1.5941067934036255, 1.5359714031219482, 1.5891664028167725, 1.5409443378448486, 1.5303391218185425, 1.5569478273391724, 1.4495514631271362, 1.6026021242141724, 1.4461947679519653, 1.5430269241333008]",sae,Pre-64
1,beta,31,0.074,0.4497611378811508,0.4308970333737342,0.4336134760038173,0.5,0.642735734520437,0.709980054344684,30,"[0, 1, 2, 3, 4, 5, 6, 7, 8, 9, 10, 11, 12, 13, 14, 15, 16, 17, 18, 19, 20, 21, 22, 23, 24, 25, 26, 27, 28, 29]","[1.560675024986267, 1.5215721130371094, 1.4378365278244019, 1.4620213508605957, 1.5123225450515747, 1.5992294549942017, 1.4754369258880615, 1.5323677062988281, 1.4822033643722534, 1.551088809967041, 1.5027152299880981, 1.531010627746582, 1.5655701160430908, 1.4011937379837036, 1.5652159452438354, 1.5015395879745483, 1.5253983736038208, 1.5249311923980713, 1.5388695001602173, 1.4938578605651855, 1.582912802696228, 1.5247339010238647, 1.5779846906661987, 1.5296801328659058, 1.5190114974975586, 1.5456913709640503, 1.438356876373291, 1.5913501977920532, 1.434775948524475, 1.5316541194915771]",sae,Pre-64
1,beta,16,0.085,0.4519396108125126,0.4401978349795346,0.4306562600326454,0.5,0.6159012314439947,0.7167588442259494,30,"[0, 1, 2, 3, 4, 5, 6, 7, 8, 9, 10, 11, 12, 13, 14, 15, 16, 17, 18, 19, 20, 21, 22, 23, 24, 25, 26, 27, 28, 29]","[1.2741892337799072, 1.2373217344284058, 1.242392897605896, 1.3212454319000244, 1.3136975765228271, 1.2562973499298096, 1.319515585899353, 1.2958431243896484, 1.2668190002441406, 1.3215616941452026, 1.321993112564087, 1.3054656982421875, 1.261476993560791, 1.2824925184249878, 1.2008439302444458, 1.2508684396743774, 1.3305124044418335, 1.1570316553115845, 1.2681621313095093, 1.302993655204773, 1.3513493537902832, 1.319005012512207, 1.3246787786483765, 1.3152499198913574, 1.204979658126831, 1.2938019037246704, 1.2156256437301636, 1.270175576210022, 1.2265167236328125, 1.2502508163452148]",sae,Pre-64
1,beta,34,0.048,0.4568527557813058,0.4470225010708758,0.4533808577774124,0.5,0.6011606799053854,0.678951421680887,30,"[0, 1, 2, 3, 4, 5, 6, 7, 8, 9, 10, 11, 12, 13, 14, 15, 16, 17, 18, 19, 20, 21, 22, 23, 24, 25, 26, 27, 28, 29]","[1.6087453365325928, 1.713378667831421, 1.7152000665664673, 1.6516965627670288, 1.5962730646133423, 1.6286165714263916, 1.6597193479537964, 1.6090396642684937, 1.5765851736068726, 1.612155795097351, 1.6892576217651367, 1.4791572093963623, 1.7104675769805908, 1.6015418767929077, 1.5740807056427002, 1.615439772605896, 1.7238062620162964, 1.7143021821975708, 1.6305831670761108, 1.5967832803726196, 1.651532769203186, 1.7227599620819092, 1.6750657558441162, 1.7286263704299927, 1.5892987251281738, 1.5585594177246094, 1.7405385971069336, 1.741803526878357, 1.7104021310806274, 1.724547028541565]",sae,Pre-64
1,beta,40,0.05,0.44666181227492,0.4340193094910912,0.436940550736603,0.5,0.6093636266731638,0.6688749638337724,30,"[0, 1, 2, 3, 4, 5, 6, 7, 8, 9, 10, 11, 12, 13, 14, 15, 16, 17, 18, 19, 20, 21, 22, 23, 24, 25, 26, 27, 28, 29]","[1.5960392951965332, 1.5664838552474976, 1.522700548171997, 1.4661815166473389, 1.50651216506958, 1.5285531282424927, 1.5272680521011353, 1.5687273740768433, 1.545581340789795, 1.587212085723877, 1.4912316799163818, 1.505122184753418, 1.5746400356292725, 1.4966208934783936, 1.4930146932601929, 1.6012448072433472, 1.527756929397583, 1.5165207386016846, 1.4836230278015137, 1.515943169593811, 1.469716191291809, 1.4823461771011353, 1.588253378868103, 1.512847900390625, 1.5834945440292358, 1.4966232776641846, 1.5643478631973267, 1.4991061687469482, 1.6113839149475098, 1.4708681106567383]",sae,Pre-64
1,beta,44,0.074,0.4469012312759677,0.43811650775401,0.4601502079720831,0.5,0.5982762074796864,0.6212046219205365,30,"[0, 1, 2, 3, 4, 5, 6, 7, 8, 9, 10, 11, 12, 13, 14, 15, 16, 17, 18, 19, 20, 21, 22, 23, 24, 25, 26, 27, 28, 29]","[1.4702081680297852, 1.46600341796875, 1.4275168180465698, 1.4332222938537598, 1.4603921175003052, 1.5275869369506836, 1.5154277086257935, 1.4132111072540283, 1.4817562103271484, 1.5546908378601074, 1.467404842376709, 1.455938696861267, 1.4710946083068848, 1.4334930181503296, 1.5458340644836426, 1.5485498905181885, 1.4059967994689941, 1.3211251497268677, 1.483350157737732, 1.473041296005249, 1.429023027420044, 1.4081493616104126, 1.4699530601501465, 1.4688608646392822, 1.524484634399414, 1.429115891456604, 1.4436532258987427, 1.4636996984481812, 1.4734300374984741, 1.4763708114624023]",sae,Pre-64
1,beta,31,0.062,0.4497611378811508,0.4308970333737342,0.4336827676484365,0.5,0.642735734520437,0.7099656009712667,30,"[0, 1, 2, 3, 4, 5, 6, 7, 8, 9, 10, 11, 12, 13, 14, 15, 16, 17, 18, 19, 20, 21, 22, 23, 24, 25, 26, 27, 28, 29]","[1.565155267715454, 1.5260612964630127, 1.4423964023590088, 1.4665135145187378, 1.5168726444244385, 1.6036674976348877, 1.479880928993225, 1.5368843078613281, 1.4867684841156006, 1.555556058883667, 1.5072487592697144, 1.5354633331298828, 1.5700610876083374, 1.405656099319458, 1.5697473287582397, 1.5060557126998901, 1.5298597812652588, 1.5294220447540283, 1.5433470010757446, 1.4983587265014648, 1.5873886346817017, 1.529227614402771, 1.5824568271636963, 1.5341854095458984, 1.5235414505004883, 1.5501933097839355, 1.4428331851959229, 1.5958499908447266, 1.4393424987792969, 1.5362026691436768]",sae,Pre-64
1,beta,5,0.07,0.4445517550333296,0.4301735816232515,0.4290103257999538,0.5,0.6070910659257547,0.6831788377515112,30,"[0, 1, 2, 3, 4, 5, 6, 7, 8, 9, 10, 11, 12, 13, 14, 15, 16, 17, 18, 19, 20, 21, 22, 23, 24, 25, 26, 27, 28, 29]","[1.385514259338379, 1.2810781002044678, 1.2827256917953491, 1.4009827375411987, 1.400362253189087, 1.333195447921753, 1.3299338817596436, 1.3111991882324219, 1.371422529220581, 1.292705774307251, 1.381531000137329, 1.4025311470031738, 1.3317368030548096, 1.3360209465026855, 1.4124464988708496, 1.359937310218811, 1.365480661392212, 1.3923068046569824, 1.271898627281189, 1.33882474899292, 1.4149513244628906, 1.3425767421722412, 1.4111309051513672, 1.293336272239685, 1.3384777307510376, 1.415271282196045, 1.2839024066925049, 1.3164207935333252, 1.391896367073059, 1.3401345014572144]",sae,Pre-64
1,beta,22,0.045,0.4519005213187685,0.4442985770479847,0.4517726118976161,0.5,0.5939599289403404,0.6795006411840139,30,"[0, 1, 2, 3, 4, 5, 6, 7, 8, 9, 10, 11, 12, 13, 14, 15, 16, 17, 18, 19, 20, 21, 22, 23, 24, 25, 26, 27, 28, 29]","[1.6570559740066528, 1.675343632698059, 1.6817184686660767, 1.7885957956314087, 1.7842117547988892, 1.66610848903656, 1.6986359357833862, 1.7050938606262207, 1.7219698429107666, 1.7656561136245728, 1.7051539421081543, 1.777355670928955, 1.6633505821228027, 1.7823858261108398, 1.5938538312911987, 1.778541922569275, 1.770927906036377, 1.707100510597229, 1.639238715171814, 1.5964828729629517, 1.7610149383544922, 1.7459516525268555, 1.7347908020019531, 1.6980444192886353, 1.788622260093689, 1.7863794565200806, 1.6417510509490967, 1.6437413692474365, 1.79220449924469, 1.6428653001785278]",sae,Pre-64
1,beta,35,0.055,0.4566193215888805,0.4379483378046387,0.4344163600523688,0.5,0.637290178651746,0.7144450641383157,30,"[0, 1, 2, 3, 4, 5, 6, 7, 8, 9, 10, 11, 12, 13, 14, 15, 16, 17, 18, 19, 20, 21, 22, 23, 24, 25, 26, 27, 28, 29]","[1.4588649272918701, 1.5253852605819702, 1.5894150733947754, 1.518943190574646, 1.5322123765945435, 1.496569275856018, 1.4450609683990479, 1.6058223247528076, 1.6214197874069214, 1.5136109590530396, 1.5840080976486206, 1.4353069067001343, 1.507783055305481, 1.4151932001113892, 1.5047554969787598, 1.4622232913970947, 1.592354655265808, 1.4372289180755615, 1.5422009229660034, 1.4429112672805786, 1.4637342691421509, 1.4550557136535645, 1.4725946187973022, 1.442116141319275, 1.4892460107803345, 1.5351277589797974, 1.4658266305923462, 1.5461307764053345, 1.6005033254623413, 1.5389773845672607]",sae,Pre-64
1,beta,48,0.048,0.4556814132376,0.4510566266980289,0.4932302751565606,0.5,0.5923878577171784,0.593591101095093,30,"[0, 1, 2, 3, 4, 5, 6, 7, 8, 9, 10, 11, 12, 13, 14, 15, 16, 17, 18, 19, 20, 21, 22, 23, 24, 25, 26, 27, 28, 29]","[1.7273260354995728, 1.6596670150756836, 1.626266360282898, 1.6056337356567383, 1.6116812229156494, 1.5345382690429688, 1.6345555782318115, 1.6050442457199097, 1.608170747756958, 1.5847519636154175, 1.679565668106079, 1.610021948814392, 1.6604719161987305, 1.6065653562545776, 1.57517409324646, 1.6344423294067383, 1.7141385078430176, 1.6734617948532104, 1.6881483793258667, 1.5759813785552979, 1.5995745658874512, 1.721296787261963, 1.7303351163864136, 1.565703272819519, 1.6085213422775269, 1.6971795558929443, 1.6960153579711914, 1.7326459884643555, 1.5860116481781006, 1.646947979927063]",sae,Pre-64
1,beta,38,0.084,0.4455661720406026,0.4298851252298221,0.4370814773888666,0.5,0.6303640517897944,0.6627159177456207,30,"[0, 1, 2, 3, 4, 5, 6, 7, 8, 9, 10, 11, 12, 13, 14, 15, 16, 17, 18, 19, 20, 21, 22, 23, 24, 25, 26, 27, 28, 29]","[1.313851237297058, 1.2935194969177246, 1.3257883787155151, 1.3560659885406494, 1.3225361108779907, 1.2118370532989502, 1.3708900213241577, 1.3283222913742065, 1.1831010580062866, 1.341071605682373, 1.3215012550354004, 1.3357549905776978, 1.3499844074249268, 1.316001296043396, 1.3623491525650024, 1.2991831302642822, 1.3056576251983643, 1.3797457218170166, 1.2695116996765137, 1.3344130516052246, 1.313066840171814, 1.3227534294128418, 1.3725111484527588, 1.2767561674118042, 1.316798448562622, 1.3704684972763062, 1.268229603767395, 1.3754338026046753, 1.3014942407608032, 1.384545087814331]",sae,Pre-64
1,beta,49,0.078,0.462130925118617,0.4524487678230295,0.4490496607453496,0.5,0.6141152509743157,0.6833914401089355,30,"[0, 1, 2, 3, 4, 5, 6, 7, 8, 9, 10, 11, 12, 13, 14, 15, 16, 17, 18, 19, 20, 21, 22, 23, 24, 25, 26, 27, 28, 29]","[1.3350602388381958, 1.3862453699111938, 1.3837660551071167, 1.3686450719833374, 1.315310001373291, 1.3472247123718262, 1.4249085187911987, 1.3291321992874146, 1.4541027545928955, 1.4026206731796265, 1.3539892435073853, 1.334389090538025, 1.4012715816497803, 1.3913366794586182, 1.4325981140136719, 1.37867271900177, 1.4708305597305298, 1.4565032720565796, 1.3200170993804932, 1.403475284576416, 1.4463130235671997, 1.3571175336837769, 1.452804684638977, 1.3867809772491455, 1.349222183227539, 1.3928842544555664, 1.38896644115448, 1.3495452404022217, 1.283674955368042, 1.3500094413757324]",sae,Pre-64
1,beta,19,0.058,0.4469965829377276,0.435497383761294,0.4159913749969873,0.5,0.6104665954706788,0.7125530043659893,30,"[0, 1, 2, 3, 4, 5, 6, 7, 8, 9, 10, 11, 12, 13, 14, 15, 16, 17, 18, 19, 20, 21, 22, 23, 24, 25, 26, 27, 28, 29]","[1.471179723739624, 1.484037160873413, 1.5685676336288452, 1.5016818046569824, 1.4450315237045288, 1.4504114389419556, 1.4843809604644775, 1.56557297706604, 1.4459768533706665, 1.581903100013733, 1.5963149070739746, 1.608786702156067, 1.4838718175888062, 1.4802762269973755, 1.4230329990386963, 1.442973256111145, 1.5694630146026611, 1.595624327659607, 1.4324936866760254, 1.4533036947250366, 1.6193506717681885, 1.469041347503662, 1.4853315353393555, 1.459543228149414, 1.450707197189331, 1.583027720451355, 1.584251046180725, 1.4910372495651245, 1.4730578660964966, 1.439157485961914]",sae,Pre-64
1,beta,38,0.072,0.4455661720406026,0.4298851252298221,0.4399996093455661,0.5,0.6303640517897944,0.660945925361767,30,"[0, 1, 2, 3, 4, 5, 6, 7, 8, 9, 10, 11, 12, 13, 14, 15, 16, 17, 18, 19, 20, 21, 22, 23, 24, 25, 26, 27, 28, 29]","[1.428413987159729, 1.4148203134536743, 1.4341706037521362, 1.4899965524673462, 1.441306710243225, 1.3193823099136353, 1.4996823072433472, 1.4471579790115356, 1.3236374855041504, 1.4496439695358276, 1.4323325157165527, 1.471091389656067, 1.4717715978622437, 1.4389314651489258, 1.489588975906372, 1.4197105169296265, 1.4108399152755737, 1.5054514408111572, 1.400273084640503, 1.4539436101913452, 1.4307327270507812, 1.4339226484298706, 1.498123049736023, 1.3848463296890259, 1.4290997982025146, 1.4955049753189087, 1.381280779838562, 1.4963796138763428, 1.4207710027694702, 1.5071995258331299]",sae,Pre-64
1,beta,32,0.07,0.4555596844830426,0.4475674839123162,0.4709155920915703,0.5,0.5924839124839124,0.6331472697186983,30,"[0, 1, 2, 3, 4, 5, 6, 7, 8, 9, 10, 11, 12, 13, 14, 15, 16, 17, 18, 19, 20, 21, 22, 23, 24, 25, 26, 27, 28, 29]","[1.4928276538848877, 1.4143868684768677, 1.493691325187683, 1.4282654523849487, 1.4375237226486206, 1.5021313428878784, 1.4333713054656982, 1.4136569499969482, 1.3903433084487915, 1.3993252515792847, 1.4147242307662964, 1.3894177675247192, 1.4329378604888916, 1.3525495529174805, 1.3413827419281006, 1.3463644981384277, 1.3734196424484253, 1.4369839429855347, 1.3834630250930786, 1.413465142250061, 1.4980387687683105, 1.4142286777496338, 1.3368651866912842, 1.4996517896652222, 1.4284777641296387, 1.3592677116394043, 1.4753590822219849, 1.29531991481781, 1.5039433240890503, 1.4967833757400513]",sae,Pre-64
1,beta,9,0.064,0.448644851968101,0.4348910401892977,0.4530579583130757,0.5,0.6286670530281078,0.6728064329179948,30,"[0, 1, 2, 3, 4, 5, 6, 7, 8, 9, 10, 11, 12, 13, 14, 15, 16, 17, 18, 19, 20, 21, 22, 23, 24, 25, 26, 27, 28, 29]","[1.7079777717590332, 1.5812530517578125, 1.7049143314361572, 1.6758521795272827, 1.587274432182312, 1.4219660758972168, 1.6933852434158325, 1.608161449432373, 1.708656668663025, 1.529427409172058, 1.6452891826629639, 1.6091934442520142, 1.5810537338256836, 1.6301746368408203, 1.7422924041748047, 1.6033570766448975, 1.59534752368927, 1.6716378927230835, 1.7127246856689453, 1.5652062892913818, 1.7071548700332642, 1.7119953632354736, 1.586441159248352, 1.6954981088638306, 1.6933726072311401, 1.6924145221710205, 1.5518563985824585, 1.5272468328475952, 1.5804624557495117, 1.7235450744628906]",sae,Pre-64
1,beta,12,0.05,0.4455148672091349,0.4361346773072694,0.4190259380164616,0.5,0.5892778403611032,0.730302222928557,30,"[0, 1, 2, 3, 4, 5, 6, 7, 8, 9, 10, 11, 12, 13, 14, 15, 16, 17, 18, 19, 20, 21, 22, 23, 24, 25, 26, 27, 28, 29]","[1.591432809829712, 1.7665947675704956, 1.624841570854187, 1.5812021493911743, 1.7937272787094116, 1.7449336051940918, 1.7228453159332275, 1.7165923118591309, 1.7739578485488892, 1.617590308189392, 1.6001638174057007, 1.8243625164031982, 1.6455919742584229, 1.7247117757797241, 1.583850383758545, 1.8262250423431396, 1.556874394416809, 1.8156613111495972, 1.7052472829818726, 1.8206027746200562, 1.7625205516815186, 1.718435525894165, 1.6210943460464478, 1.8220462799072266, 1.8092557191848755, 1.689347267150879, 1.8106365203857422, 1.7221612930297852, 1.6688570976257324, 1.8231366872787476]",sae,Pre-64
1,beta,23,0.064,0.4478205607315014,0.4344954522622479,0.4346228749922949,0.5,0.6150139710231751,0.6749902800407255,30,"[0, 1, 2, 3, 4, 5, 6, 7, 8, 9, 10, 11, 12, 13, 14, 15, 16, 17, 18, 19, 20, 21, 22, 23, 24, 25, 26, 27, 28, 29]","[1.3965249061584473, 1.4558515548706055, 1.4348793029785156, 1.5471409559249878, 1.3263145685195923, 1.3924307823181152, 1.5284546613693237, 1.4197466373443604, 1.3950153589248657, 1.529584288597107, 1.5346673727035522, 1.4894016981124878, 1.4786162376403809, 1.3736021518707275, 1.467124104499817, 1.5264739990234375, 1.2190709114074707, 1.4322576522827148, 1.3774311542510986, 1.4093961715698242, 1.5243749618530273, 1.5466303825378418, 1.3974395990371704, 1.5395715236663818, 1.532392978668213, 1.4399701356887817, 1.39572012424469, 1.437108039855957, 1.4394937753677368, 1.548021912574768]",sae,Pre-64
1,beta,26,0.068,0.4502231978181314,0.4442488029476733,0.4597492095168818,0.5,0.5832450787939482,0.6467277875510141,30,"[0, 1, 2, 3, 4, 5, 6, 7, 8, 9, 10, 11, 12, 13, 14, 15, 16, 17, 18, 19, 20, 21, 22, 23, 24, 25, 26, 27, 28, 29]","[1.4266051054000854, 1.43787682056427, 1.6003919839859009, 1.3925495147705078, 1.4634538888931274, 1.5055618286132812, 1.4918267726898193, 1.3904647827148438, 1.4944038391113281, 1.4611424207687378, 1.3769649267196655, 1.602560043334961, 1.5381308794021606, 1.4764888286590576, 1.551825761795044, 1.4380043745040894, 1.483536958694458, 1.369233250617981, 1.513475775718689, 1.4637422561645508, 1.4233388900756836, 1.5773396492004395, 1.4651238918304443, 1.5059207677841187, 1.5834109783172607, 1.574505090713501, 1.4325506687164307, 1.4882770776748657, 1.3008939027786255, 1.42383873462677]",sae,Pre-64
1,beta,45,0.044,0.4515599815008028,0.4347157609968581,0.4497668364248283,0.5,0.6289673345145609,0.6777050868505141,30,"[0, 1, 2, 3, 4, 5, 6, 7, 8, 9, 10, 11, 12, 13, 14, 15, 16, 17, 18, 19, 20, 21, 22, 23, 24, 25, 26, 27, 28, 29]","[1.623354434967041, 1.6150223016738892, 1.5008814334869385, 1.689664602279663, 1.6918821334838867, 1.5440175533294678, 1.7004910707473755, 1.679124355316162, 1.5512919425964355, 1.5049623250961304, 1.625650405883789, 1.6982507705688477, 1.6591404676437378, 1.5720454454421997, 1.5863341093063354, 1.5996564626693726, 1.6145892143249512, 1.506341814994812, 1.6064585447311401, 1.603330373764038, 1.659155249595642, 1.5466328859329224, 1.6748816967010498, 1.5496745109558105, 1.505858302116394, 1.6947197914123535, 1.5414552688598633, 1.5537594556808472, 1.494666337966919, 1.696820855140686]",sae,Pre-64
1,beta,39,0.042,0.4461088087810431,0.4292341094433316,0.442320442434565,0.5,0.6205127278095635,0.6706617135316395,30,"[0, 1, 2, 3, 4, 5, 6, 7, 8, 9, 10, 11, 12, 13, 14, 15, 16, 17, 18, 19, 20, 21, 22, 23, 24, 25, 26, 27, 28, 29]","[1.5939759016036987, 1.7557123899459839, 1.6710299253463745, 1.7226117849349976, 1.609461784362793, 1.600467562675476, 1.6570407152175903, 1.657554030418396, 1.5915942192077637, 1.7611280679702759, 1.6677486896514893, 1.6136311292648315, 1.6762752532958984, 1.5813913345336914, 1.680185079574585, 1.7461997270584106, 1.757914662361145, 1.7185088396072388, 1.6036449670791626, 1.6333246231079102, 1.5833624601364136, 1.6295359134674072, 1.6829484701156616, 1.6904174089431763, 1.7089179754257202, 1.6060783863067627, 1.5759984254837036, 1.6096673011779785, 1.7492976188659668, 1.6084303855895996]",sae,Pre-64
1,beta,48,0.058,0.4556814132376,0.4510566266980289,0.4891029158397481,0.5,0.5923878577171784,0.5942111253298303,30,"[0, 1, 2, 3, 4, 5, 6, 7, 8, 9, 10, 11, 12, 13, 14, 15, 16, 17, 18, 19, 20, 21, 22, 23, 24, 25, 26, 27, 28, 29]","[1.6400314569473267, 1.5757997035980225, 1.5577646493911743, 1.5397014617919922, 1.5275949239730835, 1.4588910341262817, 1.5639071464538574, 1.5101196765899658, 1.5253223180770874, 1.5126843452453613, 1.5964043140411377, 1.5305997133255005, 1.5666652917861938, 1.5324592590332031, 1.4885364770889282, 1.569457769393921, 1.6184452772140503, 1.5835140943527222, 1.6035891771316528, 1.4698160886764526, 1.522505760192871, 1.6275275945663452, 1.63132643699646, 1.4580341577529907, 1.528949499130249, 1.6044139862060547, 1.6107217073440552, 1.632046103477478, 1.5223814249038696, 1.563986897468567]",sae,Pre-64
1,beta,9,0.075,0.448644851968101,0.4348910401892977,0.4492404600785254,0.5,0.6286670530281078,0.6739017676035932,30,"[0, 1, 2, 3, 4, 5, 6, 7, 8, 9, 10, 11, 12, 13, 14, 15, 16, 17, 18, 19, 20, 21, 22, 23, 24, 25, 26, 27, 28, 29]","[1.5790493488311768, 1.4784014225006104, 1.5791480541229248, 1.5508617162704468, 1.4688771963119507, 1.3099429607391357, 1.5596989393234253, 1.4883321523666382, 1.5817484855651855, 1.4170407056808472, 1.530024766921997, 1.4906519651412964, 1.4846149682998657, 1.524904727935791, 1.6030734777450562, 1.5046095848083496, 1.4695641994476318, 1.558992624282837, 1.5897741317749023, 1.448419213294983, 1.569773554801941, 1.5869181156158447, 1.4594841003417969, 1.575503945350647, 1.5735074281692505, 1.566481113433838, 1.414928913116455, 1.3927923440933228, 1.465149164199829, 1.5973025560379028]",sae,Pre-64
1,beta,0,0.056,0.4600628296558519,0.4487196928272481,0.4353814430986721,0.5,0.6146148452673732,0.7220577074293257,30,"[0, 1, 2, 3, 4, 5, 6, 7, 8, 9, 10, 11, 12, 13, 14, 15, 16, 17, 18, 19, 20, 21, 22, 23, 24, 25, 26, 27, 28, 29]","[1.5063399076461792, 1.541439414024353, 1.5474642515182495, 1.596008062362671, 1.4903638362884521, 1.5311884880065918, 1.5900081396102905, 1.6161874532699585, 1.598176121711731, 1.518554449081421, 1.525356650352478, 1.532890796661377, 1.619981288909912, 1.597477912902832, 1.614421010017395, 1.534753441810608, 1.574210286140442, 1.4832121133804321, 1.4580838680267334, 1.6006063222885132, 1.5009783506393433, 1.483375072479248, 1.5946667194366455, 1.5205962657928467, 1.500414252281189, 1.4667023420333862, 1.5923229455947876, 1.4713538885116577, 1.6046210527420044, 1.4777753353118896]",sae,Pre-64
1,beta,10,0.072,0.4493907433353129,0.4390813823454372,0.4434578235907281,0.5,0.6232207829487961,0.6770016864616599,30,"[0, 1, 2, 3, 4, 5, 6, 7, 8, 9, 10, 11, 12, 13, 14, 15, 16, 17, 18, 19, 20, 21, 22, 23, 24, 25, 26, 27, 28, 29]","[1.4295778274536133, 1.3407585620880127, 1.5080770254135132, 1.4266384840011597, 1.4224841594696045, 1.431358814239502, 1.5194941759109497, 1.4461274147033691, 1.3333745002746582, 1.4832078218460083, 1.4348310232162476, 1.458694577217102, 1.4581607580184937, 1.4334444999694824, 1.495652198791504, 1.453956127166748, 1.4632116556167603, 1.3728948831558228, 1.4289475679397583, 1.3884702920913696, 1.4086257219314575, 1.4393433332443237, 1.5000989437103271, 1.501989483833313, 1.439595103263855, 1.3744899034500122, 1.4357787370681763, 1.4364614486694336, 1.4347044229507446, 1.489711880683899]",sae,Pre-64
1,beta,13,0.056,0.4619123366083722,0.4531466051409948,0.4417183877992713,0.5,0.6127276801885291,0.710201510092418,30,"[0, 1, 2, 3, 4, 5, 6, 7, 8, 9, 10, 11, 12, 13, 14, 15, 16, 17, 18, 19, 20, 21, 22, 23, 24, 25, 26, 27, 28, 29]","[1.6054023504257202, 1.4351842403411865, 1.5900108814239502, 1.5115313529968262, 1.492582082748413, 1.59885573387146, 1.5320621728897095, 1.5210037231445312, 1.5547714233398438, 1.523803472518921, 1.5989054441452026, 1.5035983324050903, 1.566252589225769, 1.5576329231262207, 1.5801231861114502, 1.468004584312439, 1.4897226095199585, 1.558139681816101, 1.5416573286056519, 1.5374032258987427, 1.5129573345184326, 1.4531422853469849, 1.5075953006744385, 1.477320671081543, 1.5087229013442993, 1.450596570968628, 1.5210065841674805, 1.4603077173233032, 1.5511194467544556, 1.5150619745254517]",sae,Pre-64
1,beta,7,0.048,0.4564836922581216,0.4420418003909208,0.4407770347731725,0.5,0.6095136152062148,0.7015498732766284,30,"[0, 1, 2, 3, 4, 5, 6, 7, 8, 9, 10, 11, 12, 13, 14, 15, 16, 17, 18, 19, 20, 21, 22, 23, 24, 25, 26, 27, 28, 29]","[1.495853066444397, 1.5624816417694092, 1.5872005224227905, 1.5591033697128296, 1.5927722454071045, 1.5439491271972656, 1.5403151512145996, 1.5457448959350586, 1.6561853885650635, 1.5557730197906494, 1.471490740776062, 1.526032567024231, 1.4749313592910767, 1.506562352180481, 1.6636748313903809, 1.5771359205245972, 1.5038012266159058, 1.511099100112915, 1.5997943878173828, 1.5874401330947876, 1.5651129484176636, 1.6143900156021118, 1.6116703748703003, 1.524794578552246, 1.645811676979065, 1.640447735786438, 1.515230655670166, 1.4742788076400757, 1.6321334838867188, 1.5074328184127808]",sae,Pre-64
1,beta,25,0.072,0.4465066892532915,0.4352791138475453,0.4430812517907279,0.5,0.6270054355300688,0.6611957568183313,30,"[0, 1, 2, 3, 4, 5, 6, 7, 8, 9, 10, 11, 12, 13, 14, 15, 16, 17, 18, 19, 20, 21, 22, 23, 24, 25, 26, 27, 28, 29]","[1.5342634916305542, 1.5592305660247803, 1.4257805347442627, 1.6076289415359497, 1.5861620903015137, 1.5764820575714111, 1.456377387046814, 1.4650399684906006, 1.5112192630767822, 1.4273555278778076, 1.58675217628479, 1.5211900472640991, 1.5608611106872559, 1.4664870500564575, 1.4577587842941284, 1.5015822649002075, 1.37159264087677, 1.3869094848632812, 1.4313193559646606, 1.457014560699463, 1.5998456478118896, 1.3785417079925537, 1.5480365753173828, 1.4708359241485596, 1.5240916013717651, 1.471276879310608, 1.6238409280776978, 1.555031418800354, 1.5868968963623047, 1.4324405193328857]",sae,Pre-64
1,beta,1,0.046,0.4560357198099471,0.4497423189216591,0.4538825706831787,0.5,0.5964054457666336,0.6835939344571942,30,"[0, 1, 2, 3, 4, 5, 6, 7, 8, 9, 10, 11, 12, 13, 14, 15, 16, 17, 18, 19, 20, 21, 22, 23, 24, 25, 26, 27, 28, 29]","[1.7528676986694336, 1.6091846227645874, 1.703042984008789, 1.5752813816070557, 1.7171727418899536, 1.558127522468567, 1.6270778179168701, 1.6308351755142212, 1.5330939292907715, 1.611627221107483, 1.6320083141326904, 1.690031886100769, 1.737753987312317, 1.5916812419891357, 1.7311503887176514, 1.6236149072647095, 1.5724831819534302, 1.6505274772644043, 1.7116360664367676, 1.7336350679397583, 1.7519093751907349, 1.6289875507354736, 1.6542327404022217, 1.605304479598999, 1.5708460807800293, 1.5785247087478638, 1.65077543258667, 1.6238222122192383, 1.7393949031829834, 1.6594090461730957]",sae,Pre-64
1,beta,24,0.06,0.4501416387440968,0.4383559369047743,0.4508444518635596,0.5,0.6188330126613704,0.6421750868917577,30,"[0, 1, 2, 3, 4, 5, 6, 7, 8, 9, 10, 11, 12, 13, 14, 15, 16, 17, 18, 19, 20, 21, 22, 23, 24, 25, 26, 27, 28, 29]","[1.5349966287612915, 1.4326658248901367, 1.4609078168869019, 1.5433660745620728, 1.5461076498031616, 1.4495823383331299, 1.4639790058135986, 1.4597800970077515, 1.5103428363800049, 1.3967396020889282, 1.4962252378463745, 1.4419457912445068, 1.541214108467102, 1.5274122953414917, 1.4615830183029175, 1.4273178577423096, 1.5489720106124878, 1.3418341875076294, 1.4340893030166626, 1.5488299131393433, 1.5255001783370972, 1.5435948371887207, 1.436781644821167, 1.5045398473739624, 1.4183348417282104, 1.3779454231262207, 1.4951783418655396, 1.4139690399169922, 1.5518752336502075, 1.4512031078338623]",sae,Pre-64
1,beta,26,0.08,0.4502231978181314,0.4442488029476733,0.4597210106476758,0.5,0.5832450787939482,0.6467115398533867,30,"[0, 1, 2, 3, 4, 5, 6, 7, 8, 9, 10, 11, 12, 13, 14, 15, 16, 17, 18, 19, 20, 21, 22, 23, 24, 25, 26, 27, 28, 29]","[1.4243159294128418, 1.4355576038360596, 1.5981135368347168, 1.3902678489685059, 1.4611525535583496, 1.5032575130462646, 1.4895347356796265, 1.3881795406341553, 1.4921226501464844, 1.4588466882705688, 1.3746815919876099, 1.6002812385559082, 1.5358432531356812, 1.474196195602417, 1.54954993724823, 1.435733675956726, 1.4812654256820679, 1.366942286491394, 1.5111862421035767, 1.4614429473876953, 1.421059012413025, 1.5750547647476196, 1.4628201723098755, 1.5036267042160034, 1.5811225175857544, 1.572210431098938, 1.4302561283111572, 1.4859806299209595, 1.2985916137695312, 1.4215549230575562]",sae,Pre-64
1,beta,29,0.054,0.4558655961502112,0.4409050416793991,0.458174018553295,0.5,0.6296548282533407,0.673030207210947,30,"[0, 1, 2, 3, 4, 5, 6, 7, 8, 9, 10, 11, 12, 13, 14, 15, 16, 17, 18, 19, 20, 21, 22, 23, 24, 25, 26, 27, 28, 29]","[1.5616018772125244, 1.5745859146118164, 1.2965563535690308, 1.675752878189087, 1.6062039136886597, 1.5475879907608032, 1.7022780179977417, 1.520555853843689, 1.6300623416900635, 1.670290231704712, 1.5783178806304932, 1.6411724090576172, 1.6619967222213745, 1.5828126668930054, 1.6306136846542358, 1.5825748443603516, 1.6054214239120483, 1.607422947883606, 1.5619590282440186, 1.5856627225875854, 1.683646321296692, 1.7155264616012573, 1.578087329864502, 1.5814149379730225, 1.6267346143722534, 1.4879889488220215, 1.5673482418060303, 1.6926262378692627, 1.7238759994506836, 1.5439046621322632]",sae,Pre-64
1,beta,43,0.076,0.4515364523902173,0.4432102910589974,0.4420234449984599,0.5,0.6060785767234989,0.6994025203854708,30,"[0, 1, 2, 3, 4, 5, 6, 7, 8, 9, 10, 11, 12, 13, 14, 15, 16, 17, 18, 19, 20, 21, 22, 23, 24, 25, 26, 27, 28, 29]","[1.5176022052764893, 1.5908433198928833, 1.566816806793213, 1.4640527963638306, 1.4990663528442383, 1.4382485151290894, 1.4690622091293335, 1.455928087234497, 1.555901288986206, 1.4455523490905762, 1.411171793937683, 1.6013543605804443, 1.5300666093826294, 1.4725518226623535, 1.4723646640777588, 1.3600496053695679, 1.5580296516418457, 1.4560847282409668, 1.5528031587600708, 1.5487263202667236, 1.4512732028961182, 1.464449167251587, 1.589685320854187, 1.5221858024597168, 1.4450856447219849, 1.5259623527526855, 1.5923784971237183, 1.4557132720947266, 1.5515108108520508, 1.6019372940063477]",sae,Pre-64
1,beta,37,0.075,0.4546908257221888,0.444978337644671,0.4339698157284695,0.5,0.6058579085235571,0.7172957834888521,30,"[0, 1, 2, 3, 4, 5, 6, 7, 8, 9, 10, 11, 12, 13, 14, 15, 16, 17, 18, 19, 20, 21, 22, 23, 24, 25, 26, 27, 28, 29]","[1.4693150520324707, 1.5311726331710815, 1.506005883216858, 1.4817875623703003, 1.4336318969726562, 1.5414215326309204, 1.507442593574524, 1.5559240579605103, 1.6019824743270874, 1.5418128967285156, 1.5057929754257202, 1.513858437538147, 1.540354609489441, 1.5448048114776611, 1.5779142379760742, 1.522331714630127, 1.5118873119354248, 1.5559163093566895, 1.528214693069458, 1.5256565809249878, 1.5521644353866577, 1.5611647367477417, 1.5852360725402832, 1.5693626403808594, 1.5277514457702637, 1.565839171409607, 1.5341882705688477, 1.5640403032302856, 1.5660641193389893, 1.580428957939148]",sae,Pre-64
1,beta,42,0.056,0.4546678683050885,0.4407690563496341,0.4565702379211969,0.5,0.6336081445133979,0.6612591403280896,30,"[0, 1, 2, 3, 4, 5, 6, 7, 8, 9, 10, 11, 12, 13, 14, 15, 16, 17, 18, 19, 20, 21, 22, 23, 24, 25, 26, 27, 28, 29]","[1.6481367349624634, 1.5129776000976562, 1.6578593254089355, 1.6530625820159912, 1.5951590538024902, 1.63736891746521, 1.5872995853424072, 1.5447719097137451, 1.5072141885757446, 1.6556023359298706, 1.6234259605407715, 1.6654142141342163, 1.539652943611145, 1.3031140565872192, 1.667502522468567, 1.5498616695404053, 1.4941542148590088, 1.4703729152679443, 1.6202449798583984, 1.6502357721328735, 1.5589863061904907, 1.532590389251709, 1.5606831312179565, 1.4879344701766968, 1.539604663848877, 1.501226782798767, 1.674319863319397, 1.4900929927825928, 1.5764045715332031, 1.493936538696289]",sae,Pre-64
1,beta,25,0.042,0.4465066892532915,0.4352791138475453,0.447276069485848,0.5,0.6270054355300688,0.6598368743011248,30,"[0, 1, 2, 3, 4, 5, 6, 7, 8, 9, 10, 11, 12, 13, 14, 15, 16, 17, 18, 19, 20, 21, 22, 23, 24, 25, 26, 27, 28, 29]","[1.6491342782974243, 1.6797629594802856, 1.5257614850997925, 1.736991286277771, 1.713785171508789, 1.700132966041565, 1.593784213066101, 1.5682168006896973, 1.6204789876937866, 1.5265287160873413, 1.7109144926071167, 1.652393102645874, 1.6822304725646973, 1.5682693719863892, 1.5723482370376587, 1.6422337293624878, 1.5011252164840698, 1.4901808500289917, 1.5599300861358643, 1.5728769302368164, 1.71955144405365, 1.4964619874954224, 1.6787083148956299, 1.5865312814712524, 1.6492726802825928, 1.5746982097625732, 1.7479817867279053, 1.6780998706817627, 1.7106003761291504, 1.5660614967346191]",sae,Pre-64
1,beta,8,0.055,0.4517491928182039,0.4406431065890545,0.4395446681996181,0.5,0.6098144493254953,0.6783882628410545,30,"[0, 1, 2, 3, 4, 5, 6, 7, 8, 9, 10, 11, 12, 13, 14, 15, 16, 17, 18, 19, 20, 21, 22, 23, 24, 25, 26, 27, 28, 29]","[1.39479398727417, 1.5066086053848267, 1.4233731031417847, 1.45447838306427, 1.5155255794525146, 1.450938105583191, 1.4993821382522583, 1.4116055965423584, 1.4579126834869385, 1.5070750713348389, 1.5153095722198486, 1.4391913414001465, 1.4227018356323242, 1.4557592868804932, 1.4846084117889404, 1.400174617767334, 1.4218164682388306, 1.457816481590271, 1.3683415651321411, 1.4378774166107178, 1.4108206033706665, 1.386549949645996, 1.4900730848312378, 1.422518014907837, 1.489593744277954, 1.4936838150024414, 1.3913428783416748, 1.4893267154693604, 1.4602264165878296, 1.4602965116500854]",sae,Pre-64
1,beta,46,0.082,0.4545712902572906,0.4417269056853911,0.4495556936025892,0.5,0.6270377926330811,0.6878133763310252,30,"[0, 1, 2, 3, 4, 5, 6, 7, 8, 9, 10, 11, 12, 13, 14, 15, 16, 17, 18, 19, 20, 21, 22, 23, 24, 25, 26, 27, 28, 29]","[1.3981759548187256, 1.4950851202011108, 1.4948731660842896, 1.484294056892395, 1.4033766984939575, 1.5292634963989258, 1.4196348190307617, 1.537115454673767, 1.4780948162078857, 1.5800132751464844, 1.3003108501434326, 1.4125579595565796, 1.5434554815292358, 1.3954224586486816, 1.4606399536132812, 1.5391943454742432, 1.4753855466842651, 1.4907318353652954, 1.5490165948867798, 1.5334540605545044, 1.453142523765564, 1.4513578414916992, 1.484096884727478, 1.4820671081542969, 1.4924585819244385, 1.5030046701431274, 1.4715731143951416, 1.530058741569519, 1.4546422958374023, 1.4752228260040283]",sae,Pre-64
1,beta,20,0.066,0.4408022875601419,0.4262939306313442,0.4359438673531999,0.5,0.6176087118064704,0.6504789602037439,30,"[0, 1, 2, 3, 4, 5, 6, 7, 8, 9, 10, 11, 12, 13, 14, 15, 16, 17, 18, 19, 20, 21, 22, 23, 24, 25, 26, 27, 28, 29]","[1.4378408193588257, 1.5085936784744263, 1.4459357261657715, 1.5525850057601929, 1.5003737211227417, 1.5185199975967407, 1.5151780843734741, 1.4359939098358154, 1.4821466207504272, 1.4407633543014526, 1.4540034532546997, 1.4467017650604248, 1.5646824836730957, 1.3967804908752441, 1.4525082111358643, 1.5515729188919067, 1.4428281784057617, 1.4144612550735474, 1.4831233024597168, 1.4824353456497192, 1.4765492677688599, 1.383765697479248, 1.5021581649780273, 1.556720495223999, 1.5213797092437744, 1.4085278511047363, 1.452326774597168, 1.494494080543518, 1.4070512056350708, 1.5554672479629517]",sae,Pre-64
1,beta,33,0.082,0.4492211383258522,0.4377959816952598,0.4270832906893577,0.5,0.6165210074526608,0.6947887941396915,30,"[0, 1, 2, 3, 4, 5, 6, 7, 8, 9, 10, 11, 12, 13, 14, 15, 16, 17, 18, 19, 20, 21, 22, 23, 24, 25, 26, 27, 28, 29]","[1.3343051671981812, 1.410232424736023, 1.3670313358306885, 1.3424932956695557, 1.2993756532669067, 1.4322365522384644, 1.2913236618041992, 1.403658151626587, 1.40947687625885, 1.4078449010849, 1.3531211614608765, 1.410539984703064, 1.3526960611343384, 1.3109617233276367, 1.3076305389404297, 1.4006799459457397, 1.323878526687622, 1.3312700986862183, 1.411984920501709, 1.4084789752960205, 1.3384395837783813, 1.2911854982376099, 1.4278489351272583, 1.3824065923690796, 1.4263715744018555, 1.3118245601654053, 1.3307511806488037, 1.3136341571807861, 1.2790125608444214, 1.3357285261154175]",sae,Pre-64
1,beta,22,0.075,0.4519005213187685,0.4442985770479847,0.4444113531144921,0.5,0.5939599289403404,0.6801594724643818,30,"[0, 1, 2, 3, 4, 5, 6, 7, 8, 9, 10, 11, 12, 13, 14, 15, 16, 17, 18, 19, 20, 21, 22, 23, 24, 25, 26, 27, 28, 29]","[1.4160223007202148, 1.4618191719055176, 1.4749006032943726, 1.4964348077774048, 1.536643624305725, 1.4364253282546997, 1.4455126523971558, 1.4263999462127686, 1.42202889919281, 1.4722868204116821, 1.4202754497528076, 1.5299586057662964, 1.4628453254699707, 1.5161991119384766, 1.3808870315551758, 1.5024535655975342, 1.5140235424041748, 1.466937780380249, 1.3990422487258911, 1.4081945419311523, 1.4873014688491821, 1.485743522644043, 1.487075686454773, 1.4375393390655518, 1.4894003868103027, 1.522303819656372, 1.4222584962844849, 1.4105651378631592, 1.5512213706970215, 1.39134681224823]",sae,Pre-64
1,beta,24,0.0535,0.4501416387440968,0.4383559369047743,0.4508652739336417,0.5,0.6188330126613704,0.6421906032770606,30,"[0, 1, 2, 3, 4, 5, 6, 7, 8, 9, 10, 11, 12, 13, 14, 15, 16, 17, 18, 19, 20, 21, 22, 23, 24, 25, 26, 27, 28, 29]","[1.5366785526275635, 1.4343713521957397, 1.462605595588684, 1.545050859451294, 1.5477981567382812, 1.4512760639190674, 1.465683102607727, 1.4614722728729248, 1.5120304822921753, 1.3984129428863525, 1.497925043106079, 1.4436359405517578, 1.5428930521011353, 1.5291017293930054, 1.4632762670516968, 1.4290268421173096, 1.5506579875946045, 1.3435033559799194, 1.4357846975326538, 1.550519347190857, 1.527191162109375, 1.5452830791473389, 1.438486933708191, 1.5062307119369507, 1.4200276136398315, 1.379636287689209, 1.4968699216842651, 1.4156644344329834, 1.5535624027252197, 1.4529080390930176]",sae,Pre-64
1,beta,15,0.065,0.4529015220185267,0.4424399871594601,0.435480720046168,0.5,0.6161071485640408,0.7111361292290708,30,"[0, 1, 2, 3, 4, 5, 6, 7, 8, 9, 10, 11, 12, 13, 14, 15, 16, 17, 18, 19, 20, 21, 22, 23, 24, 25, 26, 27, 28, 29]","[1.4023914337158203, 1.3728344440460205, 1.413944125175476, 1.4139491319656372, 1.488456130027771, 1.3847190141677856, 1.3793063163757324, 1.4035613536834717, 1.4620147943496704, 1.4597820043563843, 1.4478428363800049, 1.3625861406326294, 1.5212277173995972, 1.4648419618606567, 1.3555964231491089, 1.4309598207473755, 1.3687924146652222, 1.514299750328064, 1.3534393310546875, 1.4205702543258667, 1.507344126701355, 1.474578857421875, 1.395716905593872, 1.433862566947937, 1.4032251834869385, 1.2855560779571533, 1.4769160747528076, 1.5215473175048828, 1.418892741203308, 1.4150841236114502]",sae,Pre-64
1,beta,15,0.046,0.4529015220185267,0.4424399871594601,0.4402278936902452,0.5,0.6161071485640408,0.7114775054838101,30,"[0, 1, 2, 3, 4, 5, 6, 7, 8, 9, 10, 11, 12, 13, 14, 15, 16, 17, 18, 19, 20, 21, 22, 23, 24, 25, 26, 27, 28, 29]","[1.59324049949646, 1.6087137460708618, 1.6580379009246826, 1.6129220724105835, 1.7353692054748535, 1.6068822145462036, 1.5839225053787231, 1.6082355976104736, 1.6825941801071167, 1.677362322807312, 1.6529953479766846, 1.5983574390411377, 1.7643274068832397, 1.679677128791809, 1.5310322046279907, 1.660170316696167, 1.574877142906189, 1.7787768840789795, 1.5449761152267456, 1.6311568021774292, 1.729873538017273, 1.7261407375335693, 1.5886865854263306, 1.6470874547958374, 1.6484943628311157, 1.526006817817688, 1.7150236368179321, 1.7554150819778442, 1.6680564880371094, 1.6193147897720337]",sae,Pre-64
1,beta,6,0.078,0.4540822999211705,0.4457917896713532,0.4484418536516515,0.5,0.5933447799067053,0.6642107182471548,30,"[0, 1, 2, 3, 4, 5, 6, 7, 8, 9, 10, 11, 12, 13, 14, 15, 16, 17, 18, 19, 20, 21, 22, 23, 24, 25, 26, 27, 28, 29]","[1.4772206544876099, 1.512587308883667, 1.4269734621047974, 1.5233992338180542, 1.4083317518234253, 1.4194834232330322, 1.4142451286315918, 1.4967257976531982, 1.4062930345535278, 1.505167007446289, 1.4318995475769043, 1.3715687990188599, 1.423073172569275, 1.39170241355896, 1.2244677543640137, 1.5013647079467773, 1.387722134590149, 1.4646368026733398, 1.4495834112167358, 1.463121771812439, 1.4409966468811035, 1.4030789136886597, 1.5134994983673096, 1.44659423828125, 1.3869225978851318, 1.4540424346923828, 1.4044156074523926, 1.388810634613037, 1.4508895874023438, 1.4762989282608032]",sae,Pre-64
1,beta,18,0.052,0.4575117633693479,0.4471831599677374,0.4243164589270591,0.5,0.6052065040104606,0.73289737279356,30,"[0, 1, 2, 3, 4, 5, 6, 7, 8, 9, 10, 11, 12, 13, 14, 15, 16, 17, 18, 19, 20, 21, 22, 23, 24, 25, 26, 27, 28, 29]","[1.378281831741333, 1.5488367080688477, 1.5685497522354126, 1.4652596712112427, 1.4830576181411743, 1.4978101253509521, 1.6773523092269897, 1.4539403915405273, 1.5628130435943604, 1.438862919807434, 1.6482245922088623, 1.5359615087509155, 1.5655701160430908, 1.5690628290176392, 1.4971221685409546, 1.4554393291473389, 1.5529873371124268, 1.48734712600708, 1.4700206518173218, 1.4122329950332642, 1.6644412279129028, 1.4766554832458496, 1.5989480018615723, 1.5578325986862183, 1.5347929000854492, 1.5019806623458862, 1.546143889427185, 1.5973128080368042, 1.5519541501998901, 1.4923832416534424]",sae,Pre-64
1,beta,3,0.062,0.4557259332451328,0.444824285747971,0.4644541831040581,0.5,0.6042731979176,0.6522632079480383,30,"[0, 1, 2, 3, 4, 5, 6, 7, 8, 9, 10, 11, 12, 13, 14, 15, 16, 17, 18, 19, 20, 21, 22, 23, 24, 25, 26, 27, 28, 29]","[1.4016144275665283, 1.4285197257995605, 1.4131810665130615, 1.371128797531128, 1.4065802097320557, 1.4432018995285034, 1.3991516828536987, 1.4467554092407227, 1.2020995616912842, 1.4716918468475342, 1.3634876012802124, 1.4697545766830444, 1.4053056240081787, 1.3812507390975952, 1.480597972869873, 1.4001904726028442, 1.40591299533844, 1.43135404586792, 1.3653079271316528, 1.368195652961731, 1.313623309135437, 1.3796403408050537, 1.3763668537139893, 1.4912347793579102, 1.4619914293289185, 1.391066312789917, 1.3941596746444702, 1.3876934051513672, 1.4565815925598145, 1.3937594890594482]",sae,Pre-64
1,beta,37,0.045,0.4546908257221888,0.444978337644671,0.4341143670069158,0.5,0.6058579085235571,0.7172535338781522,30,"[0, 1, 2, 3, 4, 5, 6, 7, 8, 9, 10, 11, 12, 13, 14, 15, 16, 17, 18, 19, 20, 21, 22, 23, 24, 25, 26, 27, 28, 29]","[1.4814190864562988, 1.5433146953582764, 1.5180124044418335, 1.4938998222351074, 1.4458001852035522, 1.5535279512405396, 1.5193805694580078, 1.5680677890777588, 1.614114761352539, 1.5539724826812744, 1.5179928541183472, 1.5259779691696167, 1.5524471998214722, 1.5567957162857056, 1.590021014213562, 1.5344460010528564, 1.5240073204040527, 1.5680348873138428, 1.540323257446289, 1.5376276969909668, 1.5642359256744385, 1.5731866359710693, 1.59734308719635, 1.5814629793167114, 1.539855718612671, 1.5779303312301636, 1.5462311506271362, 1.5760598182678223, 1.5781337022781372, 1.592513918876648]",sae,Pre-64
1,beta,4,0.044,0.4589558369307028,0.4477177462853796,0.4718352667393761,0.5,0.61034827708266,0.6540606676208505,30,"[0, 1, 2, 3, 4, 5, 6, 7, 8, 9, 10, 11, 12, 13, 14, 15, 16, 17, 18, 19, 20, 21, 22, 23, 24, 25, 26, 27, 28, 29]","[1.8113539218902588, 1.8188586235046387, 1.654114842414856, 1.823777198791504, 1.6646921634674072, 1.703373670578003, 1.820380687713623, 1.6775062084197998, 1.6753923892974854, 1.8136866092681885, 1.7733423709869385, 1.6931990385055542, 1.8199197053909302, 1.6424428224563599, 1.654785394668579, 1.7085667848587036, 1.7453078031539917, 1.758331298828125, 1.7062890529632568, 1.7569931745529175, 1.724384069442749, 1.7663158178329468, 1.6970980167388916, 1.6781630516052246, 1.747373104095459, 1.733381748199463, 1.6679718494415283, 1.7038427591323853, 1.7826917171478271, 1.6732378005981445]",sae,Pre-64
1,beta,10,0.045,0.4493907433353129,0.4390813823454372,0.448270028107819,0.5,0.6232207829487961,0.6767906993433563,30,"[0, 1, 2, 3, 4, 5, 6, 7, 8, 9, 10, 11, 12, 13, 14, 15, 16, 17, 18, 19, 20, 21, 22, 23, 24, 25, 26, 27, 28, 29]","[1.5944145917892456, 1.500138521194458, 1.6749294996261597, 1.5894287824630737, 1.590456247329712, 1.5916669368743896, 1.6619139909744263, 1.6213239431381226, 1.5327390432357788, 1.6815214157104492, 1.5805152654647827, 1.6326429843902588, 1.6366088390350342, 1.5930877923965454, 1.6284878253936768, 1.619786024093628, 1.6366010904312134, 1.5290403366088867, 1.6202945709228516, 1.5602376461029053, 1.5667192935943604, 1.6183301210403442, 1.6784731149673462, 1.6857876777648926, 1.6386340856552124, 1.5323132276535034, 1.5996110439300537, 1.5840017795562744, 1.6097080707550049, 1.6874090433120728]",sae,Pre-64
1,beta,43,0.065,0.4515364523902173,0.4432102910589974,0.4420651775512549,0.5,0.6060785767234989,0.6994321719792438,30,"[0, 1, 2, 3, 4, 5, 6, 7, 8, 9, 10, 11, 12, 13, 14, 15, 16, 17, 18, 19, 20, 21, 22, 23, 24, 25, 26, 27, 28, 29]","[1.5210775136947632, 1.5943018198013306, 1.5702435970306396, 1.4675335884094238, 1.5025384426116943, 1.441746473312378, 1.4725595712661743, 1.4594238996505737, 1.559370517730713, 1.4490588903427124, 1.4146617650985718, 1.6047862768173218, 1.5335451364517212, 1.4760273694992065, 1.4758195877075195, 1.3635308742523193, 1.561491847038269, 1.4595947265625, 1.5562676191329956, 1.552135705947876, 1.4547698497772217, 1.4679194688796997, 1.5931283235549927, 1.5256575345993042, 1.448551058769226, 1.5294537544250488, 1.5958353281021118, 1.4592106342315674, 1.5549952983856201, 1.6054039001464844]",sae,Pre-64
1,beta,32,0.044,0.4555596844830426,0.4475674839123162,0.4754023892930379,0.5,0.5924839124839124,0.637273028130171,30,"[0, 1, 2, 3, 4, 5, 6, 7, 8, 9, 10, 11, 12, 13, 14, 15, 16, 17, 18, 19, 20, 21, 22, 23, 24, 25, 26, 27, 28, 29]","[1.7469838857650757, 1.650067687034607, 1.7517873048782349, 1.6856707334518433, 1.6664499044418335, 1.7059478759765625, 1.661260962486267, 1.6623055934906006, 1.6249988079071045, 1.6295409202575684, 1.6905362606048584, 1.6380159854888916, 1.6955558061599731, 1.587328553199768, 1.5839455127716064, 1.5891879796981812, 1.6031349897384644, 1.6991908550262451, 1.6302963495254517, 1.6639058589935303, 1.7412432432174683, 1.6796594858169556, 1.5569571256637573, 1.750087857246399, 1.6828187704086304, 1.5960546731948853, 1.7262248992919922, 1.5751413106918335, 1.7594225406646729, 1.741479754447937]",sae,Pre-64
1,beta,10,0.0535,0.4493907433353129,0.4390813823454372,0.4434962292492626,0.5,0.6232207829487961,0.6769815924503929,30,"[0, 1, 2, 3, 4, 5, 6, 7, 8, 9, 10, 11, 12, 13, 14, 15, 16, 17, 18, 19, 20, 21, 22, 23, 24, 25, 26, 27, 28, 29]","[1.4332215785980225, 1.3443931341171265, 1.5117062330245972, 1.4302958250045776, 1.4261467456817627, 1.4350173473358154, 1.5231308937072754, 1.449795126914978, 1.337030053138733, 1.4868532419204712, 1.438497543334961, 1.46235990524292, 1.4618010520935059, 1.4370603561401367, 1.49930739402771, 1.4576201438903809, 1.466875433921814, 1.3765790462493896, 1.4325964450836182, 1.392124056816101, 1.4122754335403442, 1.4429842233657837, 1.5037598609924316, 1.5056366920471191, 1.4431953430175781, 1.3781797885894775, 1.4394367933273315, 1.4401249885559082, 1.4383586645126343, 1.4933339357376099]",sae,Pre-64
1,beta,49,0.066,0.462130925118617,0.4524487678230295,0.4514958593172323,0.5,0.6141152509743157,0.6850348640653614,30,"[0, 1, 2, 3, 4, 5, 6, 7, 8, 9, 10, 11, 12, 13, 14, 15, 16, 17, 18, 19, 20, 21, 22, 23, 24, 25, 26, 27, 28, 29]","[1.507038950920105, 1.5706918239593506, 1.561793327331543, 1.5419241189956665, 1.4733877182006836, 1.516508936882019, 1.6221864223480225, 1.5205076932907104, 1.6576998233795166, 1.5751657485961914, 1.5322058200836182, 1.4985318183898926, 1.584502935409546, 1.574398159980774, 1.6351091861724854, 1.5857651233673096, 1.6514180898666382, 1.6455433368682861, 1.4931435585021973, 1.5946542024612427, 1.6344558000564575, 1.5290344953536987, 1.650980830192566, 1.5627490282058716, 1.4962656497955322, 1.56924307346344, 1.5673840045928955, 1.5053181648254395, 1.4784271717071533, 1.513106107711792]",sae,Pre-64
1,beta,21,0.078,0.4504746503440228,0.4381370334360364,0.4403108322241923,0.5,0.6200058082774133,0.6872443431085405,30,"[0, 1, 2, 3, 4, 5, 6, 7, 8, 9, 10, 11, 12, 13, 14, 15, 16, 17, 18, 19, 20, 21, 22, 23, 24, 25, 26, 27, 28, 29]","[1.4425781965255737, 1.4932647943496704, 1.6179577112197876, 1.6126631498336792, 1.5934929847717285, 1.5742487907409668, 1.487779974937439, 1.4965442419052124, 1.6024212837219238, 1.5144813060760498, 1.5924253463745117, 1.6009248495101929, 1.4798835515975952, 1.5069270133972168, 1.5029234886169434, 1.4966306686401367, 1.4975781440734863, 1.50904381275177, 1.4397287368774414, 1.609521746635437, 1.4346026182174683, 1.6174876689910889, 1.4295142889022827, 1.4475687742233276, 1.503089427947998, 1.4611620903015137, 1.4286588430404663, 1.4833464622497559, 1.5707969665527344, 1.555738925933838]",sae,Pre-64
1,beta,16,0.074,0.4519396108125126,0.4401978349795346,0.4306621940727964,0.5,0.6159012314439947,0.7167618565644882,30,"[0, 1, 2, 3, 4, 5, 6, 7, 8, 9, 10, 11, 12, 13, 14, 15, 16, 17, 18, 19, 20, 21, 22, 23, 24, 25, 26, 27, 28, 29]","[1.2746188640594482, 1.2377533912658691, 1.2428226470947266, 1.3216742277145386, 1.3141261339187622, 1.256727933883667, 1.3199445009231567, 1.2962734699249268, 1.2672456502914429, 1.3219901323318481, 1.3224201202392578, 1.3058942556381226, 1.261906623840332, 1.2829196453094482, 1.2012720108032227, 1.2512965202331543, 1.3309389352798462, 1.1574617624282837, 1.268589735031128, 1.3034214973449707, 1.3517765998840332, 1.3194339275360107, 1.3251066207885742, 1.3156794309616089, 1.2054064273834229, 1.2942314147949219, 1.216052770614624, 1.2706013917922974, 1.2269431352615356, 1.2506808042526245]",sae,Pre-64
1,beta,6,0.07,0.4540822999211705,0.4457917896713532,0.4484730045206374,0.5,0.5933447799067053,0.664216796073724,30,"[0, 1, 2, 3, 4, 5, 6, 7, 8, 9, 10, 11, 12, 13, 14, 15, 16, 17, 18, 19, 20, 21, 22, 23, 24, 25, 26, 27, 28, 29]","[1.4790157079696655, 1.514380693435669, 1.4287598133087158, 1.525184988975525, 1.4101418256759644, 1.4212687015533447, 1.416048526763916, 1.4985045194625854, 1.4080981016159058, 1.5069634914398193, 1.433695673942566, 1.3733643293380737, 1.424879550933838, 1.3934749364852905, 1.2262952327728271, 1.5031572580337524, 1.389521837234497, 1.4664371013641357, 1.4513686895370483, 1.464907169342041, 1.4427927732467651, 1.4048796892166138, 1.515281319618225, 1.4483895301818848, 1.3887319564819336, 1.4558337926864624, 1.4062052965164185, 1.3906067609786987, 1.452677845954895, 1.4781036376953125]",sae,Pre-64
1,beta,5,0.082,0.4445517550333296,0.4301735816232515,0.4290041778723371,0.5,0.6070910659257547,0.6831850884156441,30,"[0, 1, 2, 3, 4, 5, 6, 7, 8, 9, 10, 11, 12, 13, 14, 15, 16, 17, 18, 19, 20, 21, 22, 23, 24, 25, 26, 27, 28, 29]","[1.3846235275268555, 1.2801872491836548, 1.2818338871002197, 1.4000874757766724, 1.3994663953781128, 1.3323068618774414, 1.3290398120880127, 1.3103094100952148, 1.3705285787582397, 1.2918117046356201, 1.3806346654891968, 1.4016369581222534, 1.33084237575531, 1.3351260423660278, 1.4115514755249023, 1.3590461015701294, 1.3645858764648438, 1.3914140462875366, 1.271012544631958, 1.3379285335540771, 1.4140571355819702, 1.3416787385940552, 1.4102407693862915, 1.2924461364746094, 1.3375855684280396, 1.4143794775009155, 1.2830135822296143, 1.3155286312103271, 1.391002893447876, 1.3392419815063477]",sae,Pre-64
1,beta,34,0.078,0.4568527557813058,0.4470225010708758,0.4484468545502896,0.5,0.6011606799053854,0.6782536819522815,30,"[0, 1, 2, 3, 4, 5, 6, 7, 8, 9, 10, 11, 12, 13, 14, 15, 16, 17, 18, 19, 20, 21, 22, 23, 24, 25, 26, 27, 28, 29]","[1.3866194486618042, 1.47152578830719, 1.4769701957702637, 1.4221843481063843, 1.3717740774154663, 1.3871936798095703, 1.4283332824707031, 1.345956563949585, 1.3499127626419067, 1.391046404838562, 1.446169376373291, 1.2501014471054077, 1.4571166038513184, 1.3479357957839966, 1.356577754020691, 1.3806029558181763, 1.4733667373657227, 1.489080786705017, 1.3979190587997437, 1.3870882987976074, 1.4050108194351196, 1.4913264513015747, 1.425058126449585, 1.449168086051941, 1.376433253288269, 1.3232944011688232, 1.502822995185852, 1.4877395629882812, 1.4751832485198975, 1.4595063924789429]",sae,Pre-64
1,beta,37,0.064,0.4546908257221888,0.444978337644671,0.4340228286037134,0.5,0.6058579085235571,0.71727616759817,30,"[0, 1, 2, 3, 4, 5, 6, 7, 8, 9, 10, 11, 12, 13, 14, 15, 16, 17, 18, 19, 20, 21, 22, 23, 24, 25, 26, 27, 28, 29]","[1.473751425743103, 1.5356239080429077, 1.5104076862335205, 1.486228108406067, 1.4380918741226196, 1.5458589792251587, 1.5118179321289062, 1.5603749752044678, 1.6064298152923584, 1.5462703704833984, 1.510265588760376, 1.5183007717132568, 1.5447877645492554, 1.5492000579833984, 1.5823527574539185, 1.5267722606658936, 1.516330361366272, 1.5603586435317993, 1.5326528549194336, 1.5300440788269043, 1.55659019947052, 1.5655723810195923, 1.5896735191345215, 1.573798418045044, 1.5321886539459229, 1.5702714920043945, 1.5386028289794922, 1.5684462785720825, 1.5704880952835083, 1.5848585367202759]",sae,Pre-64
1,beta,36,0.055,0.4642138821845151,0.4576483090311837,0.4620814755966822,0.5,0.6031055233182893,0.6742525891462061,30,"[0, 1, 2, 3, 4, 5, 6, 7, 8, 9, 10, 11, 12, 13, 14, 15, 16, 17, 18, 19, 20, 21, 22, 23, 24, 25, 26, 27, 28, 29]","[1.5244486331939697, 1.515771746635437, 1.4358168840408325, 1.5169651508331299, 1.3943500518798828, 1.5453972816467285, 1.4428071975708008, 1.4872442483901978, 1.5576575994491577, 1.4104459285736084, 1.444759726524353, 1.5465487241744995, 1.436056137084961, 1.4717541933059692, 1.4822052717208862, 1.5597774982452393, 1.5120488405227661, 1.4957809448242188, 1.5545927286148071, 1.4285669326782227, 1.47050142288208, 1.4605987071990967, 1.4660532474517822, 1.4425194263458252, 1.5396171808242798, 1.5203466415405273, 1.4518587589263916, 1.5021647214889526, 1.5372610092163086, 1.4308894872665405]",sae,Pre-64
1,beta,29,0.046,0.4558655961502112,0.4409050416793991,0.4582381980591614,0.5,0.6296548282533407,0.6730436945800258,30,"[0, 1, 2, 3, 4, 5, 6, 7, 8, 9, 10, 11, 12, 13, 14, 15, 16, 17, 18, 19, 20, 21, 22, 23, 24, 25, 26, 27, 28, 29]","[1.5671950578689575, 1.580132246017456, 1.302412509918213, 1.6813185214996338, 1.6117825508117676, 1.5531870126724243, 1.7078369855880737, 1.526242971420288, 1.6357142925262451, 1.6758557558059692, 1.5839629173278809, 1.646777868270874, 1.6675984859466553, 1.5884970426559448, 1.636164665222168, 1.5882594585418701, 1.6109224557876587, 1.6129742860794067, 1.5675908327102661, 1.5913015604019165, 1.6892515420913696, 1.7210803031921387, 1.5837368965148926, 1.5870815515518188, 1.6322978734970093, 1.4936367273330688, 1.572929859161377, 1.6981877088546753, 1.729472279548645, 1.5495579242706299]",sae,Pre-64
1,beta,45,0.085,0.4515599815008028,0.4347157609968581,0.4472158479269193,0.5,0.6289673345145609,0.6764738842699862,30,"[0, 1, 2, 3, 4, 5, 6, 7, 8, 9, 10, 11, 12, 13, 14, 15, 16, 17, 18, 19, 20, 21, 22, 23, 24, 25, 26, 27, 28, 29]","[1.5455281734466553, 1.5373640060424805, 1.4306520223617554, 1.610543131828308, 1.6065388917922974, 1.4626723527908325, 1.6181033849716187, 1.594122052192688, 1.4732427597045898, 1.4334603548049927, 1.5429319143295288, 1.62204110622406, 1.5764797925949097, 1.491032600402832, 1.5008856058120728, 1.5191278457641602, 1.5326926708221436, 1.4069225788116455, 1.5323575735092163, 1.5247375965118408, 1.575666904449463, 1.4737415313720703, 1.5856187343597412, 1.453234076499939, 1.4326364994049072, 1.611717939376831, 1.465121865272522, 1.4804656505584717, 1.4077759981155396, 1.6125060319900513]",sae,Pre-64
1,beta,43,0.046,0.4515364523902173,0.4432102910589974,0.4435542346409477,0.5,0.6060785767234989,0.7020830244625649,30,"[0, 1, 2, 3, 4, 5, 6, 7, 8, 9, 10, 11, 12, 13, 14, 15, 16, 17, 18, 19, 20, 21, 22, 23, 24, 25, 26, 27, 28, 29]","[1.645772099494934, 1.7058340311050415, 1.7121094465255737, 1.5881742238998413, 1.621209740638733, 1.554438829421997, 1.5858699083328247, 1.5764623880386353, 1.654820203781128, 1.5591022968292236, 1.5340421199798584, 1.7466248273849487, 1.668267846107483, 1.6123231649398804, 1.5987366437911987, 1.5160908699035645, 1.6981065273284912, 1.5796329975128174, 1.6709128618240356, 1.6762735843658447, 1.583980917930603, 1.5892293453216553, 1.726867437362671, 1.6276922225952148, 1.5738444328308105, 1.623789668083191, 1.733760118484497, 1.5726351737976074, 1.685683250427246, 1.7393882274627686]",sae,Pre-64
1,beta,32,0.062,0.4555596844830426,0.4475674839123162,0.4742848892218074,0.5,0.5924839124839124,0.6357109762824048,30,"[0, 1, 2, 3, 4, 5, 6, 7, 8, 9, 10, 11, 12, 13, 14, 15, 16, 17, 18, 19, 20, 21, 22, 23, 24, 25, 26, 27, 28, 29]","[1.663219690322876, 1.5669397115707397, 1.6628321409225464, 1.5939857959747314, 1.5878040790557861, 1.6385549306869507, 1.5897655487060547, 1.579941987991333, 1.5390442609786987, 1.5539196729660034, 1.601447582244873, 1.5502983331680298, 1.6038624048233032, 1.503492832183838, 1.5023385286331177, 1.502708077430725, 1.5226019620895386, 1.6071504354476929, 1.5418215990066528, 1.5761319398880005, 1.656933069229126, 1.5867999792099, 1.4790542125701904, 1.666780948638916, 1.5957804918289185, 1.5108528137207031, 1.635644793510437, 1.4839729070663452, 1.6758757829666138, 1.6554685831069946]",sae,Pre-64
1,beta,26,0.05,0.4502231978181314,0.4442488029476733,0.4655667780632105,0.5,0.5832450787939482,0.6463895400276802,30,"[0, 1, 2, 3, 4, 5, 6, 7, 8, 9, 10, 11, 12, 13, 14, 15, 16, 17, 18, 19, 20, 21, 22, 23, 24, 25, 26, 27, 28, 29]","[1.5736839771270752, 1.577246904373169, 1.7529454231262207, 1.5259268283843994, 1.603656530380249, 1.647932767868042, 1.6499485969543457, 1.5480717420578003, 1.6639671325683594, 1.6052721738815308, 1.5222278833389282, 1.7608472108840942, 1.691508412361145, 1.6428265571594238, 1.7238757610321045, 1.6059856414794922, 1.6522401571273804, 1.5089359283447266, 1.6671913862228394, 1.6037867069244385, 1.5681298971176147, 1.731469988822937, 1.6187366247177124, 1.6533845663070679, 1.7410407066345215, 1.7184504270553589, 1.5907422304153442, 1.6512846946716309, 1.478491187095642, 1.5553808212280273]",sae,Pre-64
1,beta,45,0.074,0.4515599815008028,0.4347157609968581,0.4472681237030196,0.5,0.6289673345145609,0.676492057001802,30,"[0, 1, 2, 3, 4, 5, 6, 7, 8, 9, 10, 11, 12, 13, 14, 15, 16, 17, 18, 19, 20, 21, 22, 23, 24, 25, 26, 27, 28, 29]","[1.549499273300171, 1.5413254499435425, 1.4346121549606323, 1.6144797801971436, 1.6104789972305298, 1.4665549993515015, 1.6220539808273315, 1.598029375076294, 1.4772220849990845, 1.4373786449432373, 1.5468671321868896, 1.6259706020355225, 1.5804060697555542, 1.4949278831481934, 1.5048203468322754, 1.5231035947799683, 1.5366283655166626, 1.4108326435089111, 1.53630793094635, 1.5287079811096191, 1.5795787572860718, 1.4776338338851929, 1.5895521640777588, 1.4571186304092407, 1.436519742012024, 1.6156508922576904, 1.4690495729446411, 1.4844378232955933, 1.4116586446762085, 1.6164436340332031]",sae,Pre-64
1,beta,10,0.064,0.4493907433353129,0.4390813823454372,0.4434744395703613,0.5,0.6232207829487961,0.6770002511751408,30,"[0, 1, 2, 3, 4, 5, 6, 7, 8, 9, 10, 11, 12, 13, 14, 15, 16, 17, 18, 19, 20, 21, 22, 23, 24, 25, 26, 27, 28, 29]","[1.431153655052185, 1.3423302173614502, 1.5096464157104492, 1.4282196760177612, 1.424067497253418, 1.4329404830932617, 1.5210661888122559, 1.447713851928711, 1.3349552154541016, 1.4847840070724487, 1.4364162683486938, 1.4602794647216797, 1.4597346782684326, 1.4350073337554932, 1.4972325563430786, 1.4555407762527466, 1.4647955894470215, 1.3744882345199585, 1.430525541305542, 1.3900505304336548, 1.4102038145065308, 1.4409176111221313, 1.5016818046569824, 1.5035667419433594, 1.4411519765853882, 1.3760854005813599, 1.4373598098754883, 1.4380459785461426, 1.4362845420837402, 1.4912779331207275]",sae,Pre-64
1,beta,1,0.076,0.4560357198099471,0.4497423189216591,0.4516233851955336,0.5,0.5964054457666336,0.6825358879916891,30,"[0, 1, 2, 3, 4, 5, 6, 7, 8, 9, 10, 11, 12, 13, 14, 15, 16, 17, 18, 19, 20, 21, 22, 23, 24, 25, 26, 27, 28, 29]","[1.6274079084396362, 1.4841554164886475, 1.571451187133789, 1.443272590637207, 1.5731672048568726, 1.4415539503097534, 1.4838112592697144, 1.5256189107894897, 1.4165282249450684, 1.4943828582763672, 1.5024847984313965, 1.5508158206939697, 1.6107189655303955, 1.4668567180633545, 1.6042094230651855, 1.4646395444869995, 1.4530162811279297, 1.514242172241211, 1.5822639465332031, 1.610475778579712, 1.607977271080017, 1.5304393768310547, 1.5308821201324463, 1.4849750995635986, 1.4390373229980469, 1.4771745204925537, 1.5260449647903442, 1.516764760017395, 1.6090714931488037, 1.5406224727630615]",sae,Pre-64
1,beta,3,0.054,0.4557259332451328,0.444824285747971,0.4644612413472014,0.5,0.6042731979176,0.652261762639942,30,"[0, 1, 2, 3, 4, 5, 6, 7, 8, 9, 10, 11, 12, 13, 14, 15, 16, 17, 18, 19, 20, 21, 22, 23, 24, 25, 26, 27, 28, 29]","[1.4022793769836426, 1.429181456565857, 1.4138469696044922, 1.3717865943908691, 1.4072434902191162, 1.443859577178955, 1.3998140096664429, 1.4474161863327026, 1.2027645111083984, 1.4723544120788574, 1.3641501665115356, 1.4704173803329468, 1.4059672355651855, 1.3819061517715454, 1.4812597036361694, 1.4008574485778809, 1.4065747261047363, 1.4320160150527954, 1.3659707307815552, 1.3688610792160034, 1.3142833709716797, 1.3803044557571411, 1.3770290613174438, 1.4918948411941528, 1.4626504182815552, 1.3917315006256104, 1.3948256969451904, 1.3883593082427979, 1.4572452306747437, 1.3944203853607178]",sae,Pre-64
1,beta,5,0.052,0.4445517550333296,0.4301735816232515,0.4347827349343842,0.5,0.6070910659257547,0.6821693554940212,30,"[0, 1, 2, 3, 4, 5, 6, 7, 8, 9, 10, 11, 12, 13, 14, 15, 16, 17, 18, 19, 20, 21, 22, 23, 24, 25, 26, 27, 28, 29]","[1.565307855606079, 1.4345691204071045, 1.4311639070510864, 1.5757801532745361, 1.5697962045669556, 1.52199125289917, 1.4997955560684204, 1.4679112434387207, 1.5316411256790161, 1.4339003562927246, 1.544803261756897, 1.5734786987304688, 1.5132044553756714, 1.4913690090179443, 1.5754278898239136, 1.542523741722107, 1.5396713018417358, 1.567830204963684, 1.43026864528656, 1.501091480255127, 1.5822077989578247, 1.504388451576233, 1.5948165655136108, 1.4438976049423218, 1.5168838500976562, 1.5854493379592896, 1.4366496801376343, 1.5061007738113403, 1.5507417917251587, 1.5196619033813477]",sae,Pre-64
1,beta,38,0.0535,0.4455661720406026,0.4298851252298221,0.4443401965262057,0.5,0.6303640517897944,0.6594866717440975,30,"[0, 1, 2, 3, 4, 5, 6, 7, 8, 9, 10, 11, 12, 13, 14, 15, 16, 17, 18, 19, 20, 21, 22, 23, 24, 25, 26, 27, 28, 29]","[1.5495887994766235, 1.5433958768844604, 1.543548822402954, 1.635287880897522, 1.5741842985153198, 1.442807674407959, 1.6380568742752075, 1.5809260606765747, 1.4785923957824707, 1.5704066753387451, 1.5404410362243652, 1.6180403232574463, 1.6055960655212402, 1.562212586402893, 1.6250731945037842, 1.5506798028945923, 1.5287147760391235, 1.6347284317016602, 1.5126335620880127, 1.590441107749939, 1.5616556406021118, 1.5514596700668335, 1.6332838535308838, 1.5015051364898682, 1.555139422416687, 1.6331390142440796, 1.5208460092544556, 1.6256812810897827, 1.5474152565002441, 1.6323070526123047]",sae,Pre-64
1,beta,47,0.052,0.4460371044958436,0.4257646434940195,0.40923602096508,0.5,0.6434257056516428,0.7340802417540023,30,"[0, 1, 2, 3, 4, 5, 6, 7, 8, 9, 10, 11, 12, 13, 14, 15, 16, 17, 18, 19, 20, 21, 22, 23, 24, 25, 26, 27, 28, 29]","[1.7388886213302612, 1.5613317489624023, 1.5598526000976562, 1.5663913488388062, 1.675662875175476, 1.7047173976898193, 1.6423259973526, 1.719545841217041, 1.6828914880752563, 1.5752328634262085, 1.5969816446304321, 1.5480486154556274, 1.5741533041000366, 1.7366383075714111, 1.553706407546997, 1.7055435180664062, 1.601176381111145, 1.6786978244781494, 1.5173743963241577, 1.545692801475525, 1.5890376567840576, 1.6518546342849731, 1.7199904918670654, 1.5619475841522217, 1.6501318216323853, 1.5465762615203857, 1.482646107673645, 1.7020787000656128, 1.5183467864990234, 1.6168229579925537]",sae,Pre-64
1,beta,15,0.076,0.4529015220185267,0.4424399871594601,0.4354606337761054,0.5,0.6161071485640408,0.7111303185694156,30,"[0, 1, 2, 3, 4, 5, 6, 7, 8, 9, 10, 11, 12, 13, 14, 15, 16, 17, 18, 19, 20, 21, 22, 23, 24, 25, 26, 27, 28, 29]","[1.4004887342453003, 1.370944857597351, 1.4120547771453857, 1.412045955657959, 1.4865847826004028, 1.382817268371582, 1.3774192333221436, 1.4016740322113037, 1.4601194858551025, 1.4578802585601807, 1.4459580183029175, 1.3606886863708496, 1.5193480253219604, 1.4629442691802979, 1.3536983728408813, 1.429072380065918, 1.3668814897537231, 1.512430191040039, 1.351550579071045, 1.4186660051345825, 1.5054627656936646, 1.472685694694519, 1.3938257694244385, 1.431965947151184, 1.4013500213623047, 1.2836729288101196, 1.475036859512329, 1.519666314125061, 1.4170018434524536, 1.413196086883545]",sae,Pre-64
1,beta,14,0.056,0.4467366851483266,0.4421697276018216,0.439710956807249,0.5,0.5934222168898753,0.6938751331003764,30,"[0, 1, 2, 3, 4, 5, 6, 7, 8, 9, 10, 11, 12, 13, 14, 15, 16, 17, 18, 19, 20, 21, 22, 23, 24, 25, 26, 27, 28, 29]","[1.5643377304077148, 1.4673266410827637, 1.5863889455795288, 1.6225790977478027, 1.5904473066329956, 1.592236042022705, 1.531930923461914, 1.696895718574524, 1.5904966592788696, 1.6694025993347168, 1.5304397344589233, 1.5554828643798828, 1.577494740486145, 1.6678733825683594, 1.6209381818771362, 1.593875527381897, 1.6892762184143066, 1.6865609884262085, 1.6041980981826782, 1.5614010095596313, 1.5776047706604004, 1.6053366661071777, 1.6674689054489136, 1.555572271347046, 1.677506923675537, 1.683746337890625, 1.632557988166809, 1.686065912246704, 1.676783561706543, 1.5876082181930542]",sae,Pre-64
1,beta,41,0.05,0.4543678569363413,0.4427951465832617,0.4547523838953801,0.5,0.6190905384235713,0.6764007811326422,30,"[0, 1, 2, 3, 4, 5, 6, 7, 8, 9, 10, 11, 12, 13, 14, 15, 16, 17, 18, 19, 20, 21, 22, 23, 24, 25, 26, 27, 28, 29]","[1.475110650062561, 1.5678315162658691, 1.508694052696228, 1.4311836957931519, 1.4436562061309814, 1.6118288040161133, 1.4674253463745117, 1.5309524536132812, 1.4991343021392822, 1.5951906442642212, 1.5872474908828735, 1.5244477987289429, 1.5275273323059082, 1.5956006050109863, 1.5955572128295898, 1.5106220245361328, 1.5072485208511353, 1.54430091381073, 1.5815454721450806, 1.544417381286621, 1.456101655960083, 1.5084553956985474, 1.5127664804458618, 1.5326006412506104, 1.5077053308486938, 1.489115595817566, 1.5676885843276978, 1.5805304050445557, 1.5385653972625732, 1.4598467350006104]",sae,Pre-64
1,beta,20,0.058,0.4408022875601419,0.4262939306313442,0.4397505029520408,0.5,0.6176087118064704,0.6504722047706868,30,"[0, 1, 2, 3, 4, 5, 6, 7, 8, 9, 10, 11, 12, 13, 14, 15, 16, 17, 18, 19, 20, 21, 22, 23, 24, 25, 26, 27, 28, 29]","[1.5789116621017456, 1.637650728225708, 1.5749577283859253, 1.6999409198760986, 1.628031849861145, 1.6547136306762695, 1.6558537483215332, 1.5607709884643555, 1.5990971326828003, 1.542990803718567, 1.5735580921173096, 1.5712597370147705, 1.709377646446228, 1.5430233478546143, 1.5976883172988892, 1.680760145187378, 1.5818383693695068, 1.518074631690979, 1.6152645349502563, 1.6169767379760742, 1.5900616645812988, 1.5079716444015503, 1.6331504583358765, 1.6902320384979248, 1.6639052629470825, 1.5219236612319946, 1.5753647089004517, 1.6355972290039062, 1.5177922248840332, 1.688191294670105]",sae,Pre-64
1,beta,32,0.052,0.4555596844830426,0.4475674839123162,0.4753186769353723,0.5,0.5924839124839124,0.6372333149476007,30,"[0, 1, 2, 3, 4, 5, 6, 7, 8, 9, 10, 11, 12, 13, 14, 15, 16, 17, 18, 19, 20, 21, 22, 23, 24, 25, 26, 27, 28, 29]","[1.7407978773117065, 1.6438931226730347, 1.7456047534942627, 1.679470181465149, 1.6602457761764526, 1.6996567249298096, 1.6550049781799316, 1.6561682224273682, 1.6187372207641602, 1.6232928037643433, 1.684396743774414, 1.6317912340164185, 1.689404010772705, 1.581154465675354, 1.5778248310089111, 1.5830150842666626, 1.596842646598816, 1.693014144897461, 1.6241382360458374, 1.6576955318450928, 1.7350465059280396, 1.673492193222046, 1.5506598949432373, 1.7439020872116089, 1.6766165494918823, 1.5898489952087402, 1.7200185060501099, 1.5690215826034546, 1.7532507181167603, 1.735275149345398]",sae,Pre-64
1,beta,49,0.048,0.462130925118617,0.4524487678230295,0.4544749048059289,0.5,0.6141152509743157,0.6850466028079072,30,"[0, 1, 2, 3, 4, 5, 6, 7, 8, 9, 10, 11, 12, 13, 14, 15, 16, 17, 18, 19, 20, 21, 22, 23, 24, 25, 26, 27, 28, 29]","[1.6053892374038696, 1.682096242904663, 1.6786936521530151, 1.6393686532974243, 1.5692248344421387, 1.6125884056091309, 1.7384402751922607, 1.6395031213760376, 1.784001350402832, 1.6870536804199219, 1.6501058340072632, 1.6024168729782104, 1.7016741037368774, 1.6898120641708374, 1.758326530456543, 1.7188324928283691, 1.7614628076553345, 1.7663463354110718, 1.6107611656188965, 1.709820032119751, 1.7548214197158813, 1.622908353805542, 1.7624861001968384, 1.6755086183547974, 1.5908716917037964, 1.682468056678772, 1.6892257928848267, 1.6063499450683594, 1.6055431365966797, 1.605330228805542]",sae,Pre-64
1,beta,40,0.08,0.44666181227492,0.4340193094910912,0.4353747177298345,0.5,0.6093636266731638,0.667703178059663,30,"[0, 1, 2, 3, 4, 5, 6, 7, 8, 9, 10, 11, 12, 13, 14, 15, 16, 17, 18, 19, 20, 21, 22, 23, 24, 25, 26, 27, 28, 29]","[1.53593909740448, 1.4977625608444214, 1.4654055833816528, 1.4048902988433838, 1.4505213499069214, 1.4698894023895264, 1.4654184579849243, 1.5036383867263794, 1.4888944625854492, 1.524259328842163, 1.4357117414474487, 1.451128363609314, 1.5188204050064087, 1.4302364587783813, 1.4357423782348633, 1.5385096073150635, 1.4621810913085938, 1.46514892578125, 1.4248652458190918, 1.4473371505737305, 1.4146649837493896, 1.4253933429718018, 1.5205925703048706, 1.458739995956421, 1.5203535556793213, 1.4399261474609375, 1.5044095516204834, 1.4321482181549072, 1.553175449371338, 1.41371488571167]",sae,Pre-64
1,beta,11,0.084,0.4566976193509867,0.4496008864727478,0.4367911693327935,0.5,0.5995106990682213,0.7107213091726365,30,"[0, 1, 2, 3, 4, 5, 6, 7, 8, 9, 10, 11, 12, 13, 14, 15, 16, 17, 18, 19, 20, 21, 22, 23, 24, 25, 26, 27, 28, 29]","[1.4593957662582397, 1.2657463550567627, 1.4161245822906494, 1.3381354808807373, 1.493461012840271, 1.3596954345703125, 1.367182970046997, 1.2468929290771484, 1.4783719778060913, 1.4799587726593018, 1.4955240488052368, 1.5091631412506104, 1.511130452156067, 1.4053676128387451, 1.3760240077972412, 1.3804514408111572, 1.4325377941131592, 1.3602914810180664, 1.3894983530044556, 1.45045006275177, 1.4193155765533447, 1.435140609741211, 1.4929883480072021, 1.4106251001358032, 1.4004424810409546, 1.466365933418274, 1.4953263998031616, 1.3518280982971191, 1.3932585716247559, 1.3738216161727905]",sae,Pre-64
1,beta,30,0.054,0.4638407167611665,0.4544841508273655,0.439879587722447,0.5,0.6043368975359404,0.6949653847317137,30,"[0, 1, 2, 3, 4, 5, 6, 7, 8, 9, 10, 11, 12, 13, 14, 15, 16, 17, 18, 19, 20, 21, 22, 23, 24, 25, 26, 27, 28, 29]","[1.5358953475952148, 1.5046528577804565, 1.5159883499145508, 1.456565499305725, 1.4694067239761353, 1.4478187561035156, 1.4586399793624878, 1.434906005859375, 1.427601933479309, 1.446022868156433, 1.5104718208312988, 1.4406310319900513, 1.4162182807922363, 1.4384154081344604, 1.5053691864013672, 1.509400486946106, 1.4276329278945923, 1.449226975440979, 1.5311187505722046, 1.4556485414505005, 1.4324156045913696, 1.39763605594635, 1.4965308904647827, 1.451532244682312, 1.5672838687896729, 1.4442038536071777, 1.469575047492981, 1.439520239830017, 1.5066707134246826, 1.462047815322876]",sae,Pre-64
1,beta,39,0.072,0.4461088087810431,0.4292341094433316,0.4384447353850885,0.5,0.6205127278095635,0.6698994610000872,30,"[0, 1, 2, 3, 4, 5, 6, 7, 8, 9, 10, 11, 12, 13, 14, 15, 16, 17, 18, 19, 20, 21, 22, 23, 24, 25, 26, 27, 28, 29]","[1.4477088451385498, 1.552604079246521, 1.48650324344635, 1.4837173223495483, 1.4063166379928589, 1.4555349349975586, 1.448943853378296, 1.4847370386123657, 1.4092832803726196, 1.5317115783691406, 1.4560880661010742, 1.399924397468567, 1.4857999086380005, 1.39939546585083, 1.4893012046813965, 1.5476746559143066, 1.5217739343643188, 1.5107152462005615, 1.4309687614440918, 1.3921740055084229, 1.4008910655975342, 1.4882354736328125, 1.4408780336380005, 1.4377717971801758, 1.5054353475570679, 1.4548304080963135, 1.355147361755371, 1.4275939464569092, 1.5586910247802734, 1.428407073020935]",sae,Pre-64
1,beta,17,0.085,0.4599327030141671,0.4513468217402507,0.4455397344020715,0.5,0.6120635717004715,0.6968034758207893,30,"[0, 1, 2, 3, 4, 5, 6, 7, 8, 9, 10, 11, 12, 13, 14, 15, 16, 17, 18, 19, 20, 21, 22, 23, 24, 25, 26, 27, 28, 29]","[1.5263065099716187, 1.4026434421539307, 1.4369629621505737, 1.460608720779419, 1.541717767715454, 1.424238681793213, 1.487276554107666, 1.331486463546753, 1.4451243877410889, 1.4554164409637451, 1.509444236755371, 1.5182721614837646, 1.4529796838760376, 1.5317922830581665, 1.4547185897827148, 1.4561690092086792, 1.5259170532226562, 1.4553604125976562, 1.508699893951416, 1.4761987924575806, 1.3977354764938354, 1.4742441177368164, 1.3146576881408691, 1.4427944421768188, 1.4523584842681885, 1.4467121362686157, 1.4192190170288086, 1.453635573387146, 1.4194632768630981, 1.5095654726028442]",sae,Pre-64
1,beta,33,0.07,0.4492211383258522,0.4377959816952598,0.4300458454210816,0.5,0.6165210074526608,0.6941396914287331,30,"[0, 1, 2, 3, 4, 5, 6, 7, 8, 9, 10, 11, 12, 13, 14, 15, 16, 17, 18, 19, 20, 21, 22, 23, 24, 25, 26, 27, 28, 29]","[1.4237645864486694, 1.4971390962600708, 1.4508030414581299, 1.4227098226547241, 1.368796467781067, 1.511686086654663, 1.3655641078948975, 1.4847240447998047, 1.4887937307357788, 1.488239049911499, 1.4376846551895142, 1.4986085891723633, 1.4481384754180908, 1.3771512508392334, 1.4048391580581665, 1.485046625137329, 1.4017094373703003, 1.4025219678878784, 1.4997568130493164, 1.4957034587860107, 1.413356900215149, 1.3596899509429932, 1.5110704898834229, 1.4567981958389282, 1.507650375366211, 1.4019314050674438, 1.402545690536499, 1.3781719207763672, 1.3496192693710327, 1.4143142700195312]",sae,Pre-64
1,beta,18,0.082,0.4575117633693479,0.4471831599677374,0.4241953722165849,0.5,0.6052065040104606,0.7328531257485762,30,"[0, 1, 2, 3, 4, 5, 6, 7, 8, 9, 10, 11, 12, 13, 14, 15, 16, 17, 18, 19, 20, 21, 22, 23, 24, 25, 26, 27, 28, 29]","[1.3660625219345093, 1.5367590188980103, 1.5564502477645874, 1.4529677629470825, 1.4708342552185059, 1.4856598377227783, 1.665300726890564, 1.441809892654419, 1.5508311986923218, 1.4268468618392944, 1.6361541748046875, 1.523840308189392, 1.5534837245941162, 1.5568662881851196, 1.4849568605422974, 1.4435012340545654, 1.540735125541687, 1.475314736366272, 1.4579589366912842, 1.4002572298049927, 1.6523818969726562, 1.464543104171753, 1.5869120359420776, 1.5457266569137573, 1.5226435661315918, 1.4898594617843628, 1.5340020656585693, 1.5853049755096436, 1.5397576093673706, 1.4802249670028687]",sae,Pre-64
1,beta,27,0.068,0.4609757262074365,0.4537266978541116,0.461223933561098,0.5,0.5914172664146189,0.660328340514722,30,"[0, 1, 2, 3, 4, 5, 6, 7, 8, 9, 10, 11, 12, 13, 14, 15, 16, 17, 18, 19, 20, 21, 22, 23, 24, 25, 26, 27, 28, 29]","[1.5336356163024902, 1.606650948524475, 1.5350037813186646, 1.5192036628723145, 1.587627649307251, 1.4958103895187378, 1.5977015495300293, 1.4627269506454468, 1.5677748918533325, 1.5767728090286255, 1.4825185537338257, 1.6095561981201172, 1.5222593545913696, 1.482158899307251, 1.5213674306869507, 1.434696912765503, 1.5260728597640991, 1.570806860923767, 1.5143269300460815, 1.5351377725601196, 1.6013437509536743, 1.5367820262908936, 1.4896851778030396, 1.4449667930603027, 1.5076488256454468, 1.6148991584777832, 1.4987215995788574, 1.549686074256897, 1.4398702383041382, 1.5472853183746338]",sae,Pre-64
1,beta,20,0.048,0.4408022875601419,0.4262939306313442,0.4416715617928251,0.5,0.6176087118064704,0.6529278046869194,30,"[0, 1, 2, 3, 4, 5, 6, 7, 8, 9, 10, 11, 12, 13, 14, 15, 16, 17, 18, 19, 20, 21, 22, 23, 24, 25, 26, 27, 28, 29]","[1.6963157653808594, 1.7482789754867554, 1.681402325630188, 1.818213939666748, 1.7271479368209839, 1.7660173177719116, 1.7692791223526, 1.6642343997955322, 1.6947269439697266, 1.6263840198516846, 1.6570321321487427, 1.6622401475906372, 1.8192778825759888, 1.6696633100509644, 1.7168084383010864, 1.7814375162124634, 1.687935709953308, 1.5998975038528442, 1.7230950593948364, 1.7350711822509766, 1.6744023561477661, 1.6080800294876099, 1.7324674129486084, 1.800530195236206, 1.7843773365020752, 1.6108102798461914, 1.679370641708374, 1.7297743558883667, 1.5987962484359741, 1.7860817909240723]",sae,Pre-64
1,beta,25,0.06,0.4465066892532915,0.4352791138475453,0.4431270713381113,0.5,0.6270054355300688,0.6611942618980704,30,"[0, 1, 2, 3, 4, 5, 6, 7, 8, 9, 10, 11, 12, 13, 14, 15, 16, 17, 18, 19, 20, 21, 22, 23, 24, 25, 26, 27, 28, 29]","[1.5378813743591309, 1.5628231763839722, 1.42939031124115, 1.6111804246902466, 1.589741826057434, 1.5800679922103882, 1.459953784942627, 1.4686137437820435, 1.5148370265960693, 1.4309133291244507, 1.5903427600860596, 1.5247559547424316, 1.5644551515579224, 1.4700874090194702, 1.4613789319992065, 1.5051580667495728, 1.3751477003097534, 1.3905247449874878, 1.4349490404129028, 1.4606528282165527, 1.6034326553344727, 1.3821065425872803, 1.5516222715377808, 1.4744781255722046, 1.5276827812194824, 1.474858045578003, 1.6274114847183228, 1.5586267709732056, 1.5904902219772339, 1.4360367059707642]",sae,Pre-64
1,beta,39,0.084,0.4461088087810431,0.4292341094433316,0.4375467445741964,0.5,0.6205127278095635,0.6695439440090868,30,"[0, 1, 2, 3, 4, 5, 6, 7, 8, 9, 10, 11, 12, 13, 14, 15, 16, 17, 18, 19, 20, 21, 22, 23, 24, 25, 26, 27, 28, 29]","[1.4225722551345825, 1.5175224542617798, 1.457702398300171, 1.4512804746627808, 1.377681016921997, 1.4372638463974, 1.4203040599822998, 1.4557089805603027, 1.3828916549682617, 1.4987119436264038, 1.4258846044540405, 1.3704746961593628, 1.4587616920471191, 1.3750967979431152, 1.460245966911316, 1.5198144912719727, 1.485827922821045, 1.479690670967102, 1.3983811140060425, 1.3570961952209473, 1.375226616859436, 1.4651470184326172, 1.402785301208496, 1.4057031869888306, 1.477593183517456, 1.430118441581726, 1.32145094871521, 1.4008468389511108, 1.5313841104507446, 1.4013713598251343]",sae,Pre-64
1,beta,11,0.072,0.4566976193509867,0.4496008864727478,0.4368093522864886,0.5,0.5995106990682213,0.7107300884955752,30,"[0, 1, 2, 3, 4, 5, 6, 7, 8, 9, 10, 11, 12, 13, 14, 15, 16, 17, 18, 19, 20, 21, 22, 23, 24, 25, 26, 27, 28, 29]","[1.4616097211837769, 1.2679541110992432, 1.4183372259140015, 1.3403599262237549, 1.4956698417663574, 1.361889123916626, 1.3694076538085938, 1.2491295337677002, 1.4805841445922852, 1.4821778535842896, 1.4977343082427979, 1.511366844177246, 1.513336181640625, 1.4075727462768555, 1.378252625465393, 1.3826289176940918, 1.434749722480774, 1.3624908924102783, 1.3917152881622314, 1.4526718854904175, 1.4215238094329834, 1.4373650550842285, 1.4951926469802856, 1.4128470420837402, 1.4026521444320679, 1.4685848951339722, 1.4975223541259766, 1.3540456295013428, 1.3954890966415405, 1.3760336637496948]",sae,Pre-64
1,beta,1,0.056,0.4560357198099471,0.4497423189216591,0.4517857722277526,0.5,0.5964054457666336,0.6824812886622279,30,"[0, 1, 2, 3, 4, 5, 6, 7, 8, 9, 10, 11, 12, 13, 14, 15, 16, 17, 18, 19, 20, 21, 22, 23, 24, 25, 26, 27, 28, 29]","[1.6346871852874756, 1.491568922996521, 1.5787012577056885, 1.4506299495697021, 1.58041512966156, 1.44899582862854, 1.4910963773727417, 1.5329475402832031, 1.42397940158844, 1.5016897916793823, 1.5098356008529663, 1.5581529140472412, 1.6180229187011719, 1.4741921424865723, 1.6114976406097412, 1.47183358669281, 1.460283637046814, 1.5215537548065186, 1.589573860168457, 1.617797613143921, 1.6152888536453247, 1.5378130674362183, 1.538237452507019, 1.4923620223999023, 1.4464410543441772, 1.484519362449646, 1.5333207845687866, 1.5240122079849243, 1.6163878440856934, 1.547905683517456]",sae,Pre-64
1,beta,44,0.054,0.4469012312759677,0.43811650775401,0.463483278118981,0.5,0.5982762074796864,0.6219087518339786,30,"[0, 1, 2, 3, 4, 5, 6, 7, 8, 9, 10, 11, 12, 13, 14, 15, 16, 17, 18, 19, 20, 21, 22, 23, 24, 25, 26, 27, 28, 29]","[1.5563886165618896, 1.5436309576034546, 1.5077791213989258, 1.510540246963501, 1.5402840375900269, 1.6128895282745361, 1.6089756488800049, 1.4875304698944092, 1.557749629020691, 1.6492680311203003, 1.549293875694275, 1.5291173458099365, 1.550201654434204, 1.513351559638977, 1.632196307182312, 1.6302533149719238, 1.4830726385116577, 1.3979977369308472, 1.5673882961273193, 1.5511152744293213, 1.4978443384170532, 1.4822068214416504, 1.5561054944992065, 1.5524826049804688, 1.603901982307434, 1.511267066001892, 1.5157849788665771, 1.5402923822402954, 1.5598013401031494, 1.5497764348983765]",sae,Pre-64
1,beta,26,0.042,0.4502231978181314,0.4442488029476733,0.465652739575418,0.5,0.5832450787939482,0.6463969253447835,30,"[0, 1, 2, 3, 4, 5, 6, 7, 8, 9, 10, 11, 12, 13, 14, 15, 16, 17, 18, 19, 20, 21, 22, 23, 24, 25, 26, 27, 28, 29]","[1.5787417888641357, 1.5823928117752075, 1.757996916770935, 1.5309773683547974, 1.6087414026260376, 1.6530430316925049, 1.655003309249878, 1.5530834197998047, 1.6689870357513428, 1.6103471517562866, 1.527264952659607, 1.765884518623352, 1.6965737342834473, 1.647862434387207, 1.7288862466812134, 1.6109895706176758, 1.6572202444076538, 1.5139628648757935, 1.6722501516342163, 1.6088902950286865, 1.5731645822525024, 1.7365220785140991, 1.6237987279891968, 1.658470869064331, 1.7460845708847046, 1.7235279083251953, 1.5957674980163574, 1.6563160419464111, 1.4835089445114136, 1.560441255569458]",sae,Pre-64
1,beta,13,0.05,0.4619123366083722,0.4531466051409948,0.4417363510700233,0.5,0.6127276801885291,0.7102127857498242,30,"[0, 1, 2, 3, 4, 5, 6, 7, 8, 9, 10, 11, 12, 13, 14, 15, 16, 17, 18, 19, 20, 21, 22, 23, 24, 25, 26, 27, 28, 29]","[1.607245922088623, 1.4370132684707642, 1.5918550491333008, 1.5133867263793945, 1.494438648223877, 1.600694179534912, 1.5339089632034302, 1.5228592157363892, 1.556604027748108, 1.525658130645752, 1.6007540225982666, 1.5054504871368408, 1.568079948425293, 1.5594714879989624, 1.5819581747055054, 1.4698638916015625, 1.4915721416473389, 1.5599911212921143, 1.54349684715271, 1.539231538772583, 1.5147955417633057, 1.4549908638000488, 1.5094140768051147, 1.4791853427886963, 1.5105587244033813, 1.4524471759796143, 1.5228420495986938, 1.4621764421463013, 1.5529457330703735, 1.5169274806976318]",sae,Pre-64
1,beta,49,0.058,0.462130925118617,0.4524487678230295,0.4515400164857604,0.5,0.6141152509743157,0.6850363314081795,30,"[0, 1, 2, 3, 4, 5, 6, 7, 8, 9, 10, 11, 12, 13, 14, 15, 16, 17, 18, 19, 20, 21, 22, 23, 24, 25, 26, 27, 28, 29]","[1.5105890035629272, 1.5742311477661133, 1.565335750579834, 1.5454503297805786, 1.4769295454025269, 1.5200276374816895, 1.6256874799728394, 1.5240119695663452, 1.6611928939819336, 1.5786949396133423, 1.535731554031372, 1.5020968914031982, 1.5880241394042969, 1.5779362916946411, 1.6386128664016724, 1.589257001876831, 1.654940128326416, 1.649063229560852, 1.4966681003570557, 1.5981767177581787, 1.6379759311676025, 1.53254234790802, 1.6544824838638306, 1.5663057565689087, 1.4998506307601929, 1.5727723836898804, 1.5709384679794312, 1.5088889598846436, 1.4819416999816895, 1.5166352987289429]",sae,Pre-64
1,beta,23,0.045,0.4478205607315014,0.4344954522622479,0.4375576424091358,0.5,0.6150139710231751,0.6769176307202149,30,"[0, 1, 2, 3, 4, 5, 6, 7, 8, 9, 10, 11, 12, 13, 14, 15, 16, 17, 18, 19, 20, 21, 22, 23, 24, 25, 26, 27, 28, 29]","[1.512665867805481, 1.6085084676742554, 1.5855923891067505, 1.6766550540924072, 1.4479361772537231, 1.516327142715454, 1.6615606546401978, 1.5189123153686523, 1.5105916261672974, 1.6525661945343018, 1.661262035369873, 1.6138986349105835, 1.6083132028579712, 1.5200399160385132, 1.6079171895980835, 1.6595717668533325, 1.358054518699646, 1.5442594289779663, 1.5041154623031616, 1.535097360610962, 1.6549385786056519, 1.6693952083587646, 1.5237739086151123, 1.671241283416748, 1.6665234565734863, 1.558819055557251, 1.5035011768341064, 1.5882930755615234, 1.5539053678512573, 1.682617425918579]",sae,Pre-64
1,beta,38,0.045,0.4455661720406026,0.4298851252298221,0.4444088215840382,0.5,0.6303640517897944,0.6594790555978673,30,"[0, 1, 2, 3, 4, 5, 6, 7, 8, 9, 10, 11, 12, 13, 14, 15, 16, 17, 18, 19, 20, 21, 22, 23, 24, 25, 26, 27, 28, 29]","[1.5533336400985718, 1.5471543073654175, 1.5472933053970337, 1.6389964818954468, 1.5779387950897217, 1.4465616941452026, 1.6417803764343262, 1.5846341848373413, 1.4822659492492676, 1.574182391166687, 1.5441817045211792, 1.6217445135116577, 1.6093353033065796, 1.5659428834915161, 1.628797173500061, 1.554427146911621, 1.5324983596801758, 1.6384544372558594, 1.5163617134094238, 1.5941764116287231, 1.5654118061065674, 1.5552515983581543, 1.6370099782943726, 1.5052355527877808, 1.5589154958724976, 1.6368651390075684, 1.524566411972046, 1.6294232606887817, 1.5511606931686401, 1.636048436164856]",sae,Pre-64
1,beta,35,0.048,0.4566193215888805,0.4379483378046387,0.4344504716199119,0.5,0.637290178651746,0.714452560435145,30,"[0, 1, 2, 3, 4, 5, 6, 7, 8, 9, 10, 11, 12, 13, 14, 15, 16, 17, 18, 19, 20, 21, 22, 23, 24, 25, 26, 27, 28, 29]","[1.4614919424057007, 1.5280245542526245, 1.5920437574386597, 1.5215872526168823, 1.5348396301269531, 1.499221920967102, 1.4476839303970337, 1.6084582805633545, 1.6240448951721191, 1.516257643699646, 1.5866268873214722, 1.4379653930664062, 1.5104398727416992, 1.4178036451339722, 1.5074061155319214, 1.4648574590682983, 1.5949896574020386, 1.4398802518844604, 1.5448558330535889, 1.4455348253250122, 1.4663664102554321, 1.4576746225357056, 1.4752588272094727, 1.4447321891784668, 1.4918831586837769, 1.5377522706985474, 1.468461036682129, 1.5487890243530273, 1.6031166315078735, 1.541623830795288]",sae,Pre-64
1,beta,4,0.062,0.4589558369307028,0.4477177462853796,0.465248284504314,0.5,0.61034827708266,0.6563737938039614,30,"[0, 1, 2, 3, 4, 5, 6, 7, 8, 9, 10, 11, 12, 13, 14, 15, 16, 17, 18, 19, 20, 21, 22, 23, 24, 25, 26, 27, 28, 29]","[1.6124064922332764, 1.6125075817108154, 1.480923056602478, 1.6494786739349365, 1.4649146795272827, 1.5180472135543823, 1.6095129251480103, 1.5008183717727661, 1.5490564107894897, 1.6316417455673218, 1.589498519897461, 1.5328805446624756, 1.6442557573318481, 1.4986562728881836, 1.484540581703186, 1.5544885396957397, 1.584565281867981, 1.562145709991455, 1.5193758010864258, 1.607575535774231, 1.557875156402588, 1.6205132007598877, 1.5491015911102295, 1.49235999584198, 1.5613987445831299, 1.5336830615997314, 1.4925715923309326, 1.527962327003479, 1.6078927516937256, 1.4858595132827759]",sae,Pre-64
1,beta,12,0.08,0.4455148672091349,0.4361346773072694,0.4120000721401318,0.5,0.5892778403611032,0.7320301459463923,30,"[0, 1, 2, 3, 4, 5, 6, 7, 8, 9, 10, 11, 12, 13, 14, 15, 16, 17, 18, 19, 20, 21, 22, 23, 24, 25, 26, 27, 28, 29]","[1.3727158308029175, 1.4803712368011475, 1.3895076513290405, 1.289268136024475, 1.4775797128677368, 1.4133964776992798, 1.407052755355835, 1.4592071771621704, 1.494532585144043, 1.3654974699020386, 1.3673152923583984, 1.5356601476669312, 1.3938044309616089, 1.4662463665008545, 1.3514734506607056, 1.5393564701080322, 1.3239468336105347, 1.5177701711654663, 1.4393038749694824, 1.53190016746521, 1.4956953525543213, 1.4421908855438232, 1.393759846687317, 1.538040280342102, 1.5155564546585083, 1.3843095302581787, 1.5160678625106812, 1.4611693620681763, 1.4146684408187866, 1.546560287475586]",sae,Pre-64
1,beta,16,0.065,0.4519396108125126,0.4401978349795346,0.4330914311246795,0.5,0.6159012314439947,0.719054246192404,30,"[0, 1, 2, 3, 4, 5, 6, 7, 8, 9, 10, 11, 12, 13, 14, 15, 16, 17, 18, 19, 20, 21, 22, 23, 24, 25, 26, 27, 28, 29]","[1.4396518468856812, 1.376156210899353, 1.4007118940353394, 1.4894322156906128, 1.4856090545654297, 1.397692322731018, 1.4919593334197998, 1.4479286670684814, 1.4172649383544922, 1.4870778322219849, 1.4966241121292114, 1.453604817390442, 1.416481852531433, 1.4192804098129272, 1.3874930143356323, 1.4203017950057983, 1.4761297702789307, 1.3191726207733154, 1.4131041765213013, 1.47616708278656, 1.516177773475647, 1.4759119749069214, 1.4892081022262573, 1.4783473014831543, 1.3753952980041504, 1.4693398475646973, 1.3992266654968262, 1.4206573963165283, 1.3777130842208862, 1.4069691896438599]",sae,Pre-64
1,beta,16,0.046,0.4519396108125126,0.4401978349795346,0.4371620644184017,0.5,0.6159012314439947,0.7204760699826489,30,"[0, 1, 2, 3, 4, 5, 6, 7, 8, 9, 10, 11, 12, 13, 14, 15, 16, 17, 18, 19, 20, 21, 22, 23, 24, 25, 26, 27, 28, 29]","[1.634454607963562, 1.5476466417312622, 1.6049795150756836, 1.669866919517517, 1.685204029083252, 1.58182954788208, 1.683160424232483, 1.6279617547988892, 1.57809579372406, 1.6842344999313354, 1.6910701990127563, 1.628200650215149, 1.6027014255523682, 1.5740492343902588, 1.601395845413208, 1.6135852336883545, 1.620648741722107, 1.5403480529785156, 1.5807393789291382, 1.6751915216445923, 1.6995993852615356, 1.661686897277832, 1.6651664972305298, 1.6645102500915527, 1.5578501224517822, 1.6552581787109375, 1.6162954568862915, 1.5801106691360474, 1.5523972511291504, 1.5936801433563232]",sae,Pre-64
1,beta,46,0.062,0.4545712902572906,0.4417269056853911,0.4551077575204322,0.5,0.6270377926330811,0.6898891269729254,30,"[0, 1, 2, 3, 4, 5, 6, 7, 8, 9, 10, 11, 12, 13, 14, 15, 16, 17, 18, 19, 20, 21, 22, 23, 24, 25, 26, 27, 28, 29]","[1.556464433670044, 1.6724209785461426, 1.653370976448059, 1.6414059400558472, 1.5579421520233154, 1.6856648921966553, 1.579874873161316, 1.720630168914795, 1.6352272033691406, 1.7416503429412842, 1.4675331115722656, 1.56450617313385, 1.7053005695343018, 1.5557490587234497, 1.611011266708374, 1.708134651184082, 1.6266673803329468, 1.6352815628051758, 1.7309021949768066, 1.6978440284729004, 1.6036584377288818, 1.6085145473480225, 1.627724051475525, 1.6351914405822754, 1.6279606819152832, 1.649295687675476, 1.6391462087631226, 1.6721336841583252, 1.6081821918487549, 1.6231753826141357]",sae,Pre-64
1,beta,30,0.085,0.4638407167611665,0.4544841508273655,0.4398124073847567,0.5,0.6043368975359404,0.6949367310260733,30,"[0, 1, 2, 3, 4, 5, 6, 7, 8, 9, 10, 11, 12, 13, 14, 15, 16, 17, 18, 19, 20, 21, 22, 23, 24, 25, 26, 27, 28, 29]","[1.5287657976150513, 1.4975664615631104, 1.5088587999343872, 1.449355959892273, 1.462225079536438, 1.4406239986419678, 1.451425313949585, 1.427755355834961, 1.4204696416854858, 1.438866138458252, 1.5032986402511597, 1.4334701299667358, 1.4091384410858154, 1.4312474727630615, 1.498213768005371, 1.5022265911102295, 1.420395851135254, 1.4420679807662964, 1.5239527225494385, 1.4485228061676025, 1.4252694845199585, 1.3905161619186401, 1.489455223083496, 1.444384217262268, 1.5601682662963867, 1.4370062351226807, 1.4623790979385376, 1.4323244094848633, 1.4995182752609253, 1.4548461437225342]",sae,Pre-64
1,beta,0,0.068,0.4600628296558519,0.4487196928272481,0.4324712054915243,0.5,0.6146148452673732,0.7223284343920583,30,"[0, 1, 2, 3, 4, 5, 6, 7, 8, 9, 10, 11, 12, 13, 14, 15, 16, 17, 18, 19, 20, 21, 22, 23, 24, 25, 26, 27, 28, 29]","[1.3913904428482056, 1.4349756240844727, 1.4121509790420532, 1.4656673669815063, 1.3854392766952515, 1.4092190265655518, 1.456668496131897, 1.4873132705688477, 1.470436692237854, 1.4152069091796875, 1.4065619707107544, 1.4217132329940796, 1.4829081296920776, 1.466291069984436, 1.4830832481384277, 1.4318610429763794, 1.443130612373352, 1.366375207901001, 1.3163121938705444, 1.4664162397384644, 1.3872334957122803, 1.3743400573730469, 1.4661844968795776, 1.409348487854004, 1.3843646049499512, 1.3476836681365967, 1.47182035446167, 1.3568503856658936, 1.464856743812561, 1.3490524291992188]",sae,Pre-64
1,beta,6,0.058,0.4540822999211705,0.4457917896713532,0.4501964213260392,0.5,0.5933447799067053,0.664465986963062,30,"[0, 1, 2, 3, 4, 5, 6, 7, 8, 9, 10, 11, 12, 13, 14, 15, 16, 17, 18, 19, 20, 21, 22, 23, 24, 25, 26, 27, 28, 29]","[1.6143797636032104, 1.6527155637741089, 1.5442193746566772, 1.6703773736953735, 1.5328887701034546, 1.568213701248169, 1.5478297472000122, 1.6079895496368408, 1.5103545188903809, 1.6339150667190552, 1.5556113719940186, 1.5096359252929688, 1.5561429262161255, 1.5149377584457397, 1.330948829650879, 1.644045352935791, 1.528686285018921, 1.5931087732315063, 1.5912147760391235, 1.5939147472381592, 1.574407935142517, 1.52371346950531, 1.648170828819275, 1.5652964115142822, 1.5188095569610596, 1.5921999216079712, 1.5493600368499756, 1.5089813470840454, 1.5649638175964355, 1.6055961847305298]",sae,Pre-64
1,beta,47,0.082,0.4460371044958436,0.4257646434940195,0.4058057483421063,0.5,0.6434257056516428,0.7319745386742107,30,"[0, 1, 2, 3, 4, 5, 6, 7, 8, 9, 10, 11, 12, 13, 14, 15, 16, 17, 18, 19, 20, 21, 22, 23, 24, 25, 26, 27, 28, 29]","[1.4895654916763306, 1.3297691345214844, 1.3388254642486572, 1.3555018901824951, 1.4374572038650513, 1.4741127490997314, 1.4239650964736938, 1.4417771100997925, 1.4307650327682495, 1.36702299118042, 1.3708415031433105, 1.3046345710754395, 1.3511953353881836, 1.4920254945755005, 1.3203256130218506, 1.4539213180541992, 1.3659837245941162, 1.4379723072052002, 1.2772833108901978, 1.3213626146316528, 1.3693424463272095, 1.4144153594970703, 1.4440782070159912, 1.332516074180603, 1.4253801107406616, 1.3077828884124756, 1.2701973915100098, 1.4151755571365356, 1.3194912672042847, 1.4045658111572266]",sae,Pre-64
1,beta,27,0.08,0.4609757262074365,0.4537266978541116,0.4611690715411841,0.5,0.5914172664146189,0.6603544713255609,30,"[0, 1, 2, 3, 4, 5, 6, 7, 8, 9, 10, 11, 12, 13, 14, 15, 16, 17, 18, 19, 20, 21, 22, 23, 24, 25, 26, 27, 28, 29]","[1.529524803161621, 1.602584719657898, 1.530914068222046, 1.515093207359314, 1.5835636854171753, 1.4917163848876953, 1.593611240386963, 1.4586398601531982, 1.5637239217758179, 1.5727450847625732, 1.4784406423568726, 1.6054906845092773, 1.5181758403778076, 1.4780696630477905, 1.5172892808914185, 1.430572748184204, 1.5219963788986206, 1.56674325466156, 1.5102193355560303, 1.531058669090271, 1.5972763299942017, 1.5326827764511108, 1.4855852127075195, 1.4408912658691406, 1.5035418272018433, 1.61085045337677, 1.494615077972412, 1.545587420463562, 1.4357389211654663, 1.5432021617889404]",sae,Pre-64
1,beta,38,0.064,0.4455661720406026,0.4298851252298221,0.4442553772050808,0.5,0.6303640517897944,0.6595277989337395,30,"[0, 1, 2, 3, 4, 5, 6, 7, 8, 9, 10, 11, 12, 13, 14, 15, 16, 17, 18, 19, 20, 21, 22, 23, 24, 25, 26, 27, 28, 29]","[1.5449644327163696, 1.5387542247772217, 1.538925290107727, 1.6307095289230347, 1.5695462226867676, 1.4381717443466187, 1.633460521697998, 1.5763460397720337, 1.4740554094314575, 1.5657436847686768, 1.535820722579956, 1.6134651899337769, 1.6009783744812012, 1.5576066970825195, 1.6204746961593628, 1.5460518598556519, 1.5240408182144165, 1.630128264427185, 1.5080302953720093, 1.585828185081482, 1.5570167303085327, 1.5467768907546997, 1.6286823749542236, 1.4968976974487305, 1.5504769086837769, 1.628537654876709, 1.5162516832351685, 1.6210590600967407, 1.5427910089492798, 1.627685308456421]",sae,Pre-64
1,beta,9,0.055,0.448644851968101,0.4348910401892977,0.4531479040473905,0.5,0.6286670530281078,0.6728006374963779,30,"[0, 1, 2, 3, 4, 5, 6, 7, 8, 9, 10, 11, 12, 13, 14, 15, 16, 17, 18, 19, 20, 21, 22, 23, 24, 25, 26, 27, 28, 29]","[1.7147057056427002, 1.5880324840545654, 1.7116590738296509, 1.6826387643814087, 1.594027042388916, 1.4287227392196655, 1.7001231908798218, 1.6149013042449951, 1.7153844833374023, 1.5361518859863281, 1.6521164178848267, 1.6160061359405518, 1.587820291519165, 1.6370245218276978, 1.7490144968032837, 1.6101683378219604, 1.6020700931549072, 1.6784383058547974, 1.719467282295227, 1.5719679594039917, 1.7138596773147583, 1.7187490463256836, 1.5931437015533447, 1.7022594213485718, 1.700158953666687, 1.6991807222366333, 1.558553695678711, 1.5338796377182007, 1.5873054265975952, 1.7302745580673218]",sae,Pre-64
1,beta,28,0.076,0.4589844236982603,0.4495627040154577,0.4417400279687128,0.5,0.5987249917034086,0.6982470487839568,30,"[0, 1, 2, 3, 4, 5, 6, 7, 8, 9, 10, 11, 12, 13, 14, 15, 16, 17, 18, 19, 20, 21, 22, 23, 24, 25, 26, 27, 28, 29]","[1.4503060579299927, 1.3337489366531372, 1.3230805397033691, 1.542541265487671, 1.4966038465499878, 1.4804232120513916, 1.4411708116531372, 1.3740960359573364, 1.474827766418457, 1.5064640045166016, 1.436418056488037, 1.4669640064239502, 1.5142086744308472, 1.5242949724197388, 1.4572733640670776, 1.404319405555725, 1.4390690326690674, 1.4955655336380005, 1.4702054262161255, 1.470340371131897, 1.404905915260315, 1.4250719547271729, 1.4269278049468994, 1.375125527381897, 1.4066824913024902, 1.4952884912490845, 1.5340924263000488, 1.4172701835632324, 1.3960052728652954, 1.4081612825393677]",sae,Pre-64
1,beta,23,0.075,0.4478205607315014,0.4344954522622479,0.4346046691343526,0.5,0.6150139710231751,0.6749675875288005,30,"[0, 1, 2, 3, 4, 5, 6, 7, 8, 9, 10, 11, 12, 13, 14, 15, 16, 17, 18, 19, 20, 21, 22, 23, 24, 25, 26, 27, 28, 29]","[1.3943437337875366, 1.4536874294281006, 1.4327361583709717, 1.544986605644226, 1.3241546154022217, 1.3902610540390015, 1.5262950658798218, 1.4175639152526855, 1.3928508758544922, 1.527402639389038, 1.5324980020523071, 1.4872266054153442, 1.4764472246170044, 1.371442198753357, 1.4649540185928345, 1.5243011713027954, 1.2168686389923096, 1.4300886392593384, 1.375238060951233, 1.4072157144546509, 1.5222011804580688, 1.5444711446762085, 1.395256519317627, 1.537412166595459, 1.5302364826202393, 1.4377797842025757, 1.3935465812683105, 1.4349563121795654, 1.437329888343811, 1.545854091644287]",sae,Pre-64
1,beta,7,0.078,0.4564836922581216,0.4420418003909208,0.4378546741710927,0.5,0.6095136152062148,0.7014252877630487,30,"[0, 1, 2, 3, 4, 5, 6, 7, 8, 9, 10, 11, 12, 13, 14, 15, 16, 17, 18, 19, 20, 21, 22, 23, 24, 25, 26, 27, 28, 29]","[1.4019300937652588, 1.4503467082977295, 1.4660319089889526, 1.4343209266662598, 1.4832828044891357, 1.437359094619751, 1.404219150543213, 1.4414067268371582, 1.539535403251648, 1.4446985721588135, 1.3675459623336792, 1.409730076789856, 1.3731943368911743, 1.3929259777069092, 1.5511773824691772, 1.4646642208099365, 1.3914217948913574, 1.381602168083191, 1.4850094318389893, 1.479945182800293, 1.4494422674179077, 1.4690697193145752, 1.473171353340149, 1.41017746925354, 1.5081195831298828, 1.496806263923645, 1.4165841341018677, 1.3306336402893066, 1.5189695358276367, 1.4088932275772095]",sae,Pre-64
1,beta,21,0.066,0.4504746503440228,0.4381370334360364,0.4403594441022819,0.5,0.6200058082774133,0.6872582459002212,30,"[0, 1, 2, 3, 4, 5, 6, 7, 8, 9, 10, 11, 12, 13, 14, 15, 16, 17, 18, 19, 20, 21, 22, 23, 24, 25, 26, 27, 28, 29]","[1.4464948177337646, 1.4971674680709839, 1.6218329668045044, 1.6165350675582886, 1.597308874130249, 1.5781004428863525, 1.491666316986084, 1.5004266500473022, 1.606270432472229, 1.518371343612671, 1.5963163375854492, 1.604762077331543, 1.4837616682052612, 1.51081383228302, 1.506811261177063, 1.5004907846450806, 1.5014806985855103, 1.5129021406173706, 1.443654179573059, 1.6133939027786255, 1.4385411739349365, 1.6213575601577759, 1.4334468841552734, 1.4514832496643066, 1.5070080757141113, 1.465062141418457, 1.4325155019760132, 1.487273931503296, 1.574696660041809, 1.5596190690994263]",sae,Pre-64
1,beta,4,0.074,0.4589558369307028,0.4477177462853796,0.4573449419512397,0.5,0.61034827708266,0.6589408559951984,30,"[0, 1, 2, 3, 4, 5, 6, 7, 8, 9, 10, 11, 12, 13, 14, 15, 16, 17, 18, 19, 20, 21, 22, 23, 24, 25, 26, 27, 28, 29]","[1.396133303642273, 1.38093900680542, 1.3023483753204346, 1.4454927444458008, 1.2751985788345337, 1.3226009607315063, 1.3704875707626343, 1.3058263063430786, 1.3915156126022339, 1.427127480506897, 1.3950167894363403, 1.33711838722229, 1.4470977783203125, 1.3337116241455078, 1.3018763065338135, 1.389068365097046, 1.3929940462112427, 1.3609838485717773, 1.319511890411377, 1.4150289297103882, 1.3764598369598389, 1.439091682434082, 1.3776699304580688, 1.2922887802124023, 1.372780680656433, 1.3119348287582397, 1.329563856124878, 1.342892050743103, 1.4219391345977783, 1.2965664863586426]",sae,Pre-64
1,beta,44,0.065,0.4469012312759677,0.43811650775401,0.4601722442489727,0.5,0.5982762074796864,0.6211957834697401,30,"[0, 1, 2, 3, 4, 5, 6, 7, 8, 9, 10, 11, 12, 13, 14, 15, 16, 17, 18, 19, 20, 21, 22, 23, 24, 25, 26, 27, 28, 29]","[1.4719297885894775, 1.4677377939224243, 1.4292272329330444, 1.4349371194839478, 1.4621201753616333, 1.529305100440979, 1.517133355140686, 1.4149401187896729, 1.4834833145141602, 1.556396722793579, 1.4691287279129028, 1.4576454162597656, 1.4728178977966309, 1.435207724571228, 1.5475486516952515, 1.5502632856369019, 1.4077106714248657, 1.3228195905685425, 1.485076904296875, 1.474757432937622, 1.4307355880737305, 1.4098643064498901, 1.4716711044311523, 1.4705870151519775, 1.5262054204940796, 1.4308334589004517, 1.4453552961349487, 1.4654278755187988, 1.4751460552215576, 1.4780951738357544]",sae,Pre-64
1,beta,22,0.055,0.4519005213187685,0.4442985770479847,0.4444502631028412,0.5,0.5939599289403404,0.6801609430699186,30,"[0, 1, 2, 3, 4, 5, 6, 7, 8, 9, 10, 11, 12, 13, 14, 15, 16, 17, 18, 19, 20, 21, 22, 23, 24, 25, 26, 27, 28, 29]","[1.4199466705322266, 1.4657533168792725, 1.4788281917572021, 1.5003561973571777, 1.5405832529067993, 1.4404041767120361, 1.4494457244873047, 1.4303696155548096, 1.4259757995605469, 1.4761998653411865, 1.4242192506790161, 1.533896565437317, 1.4667879343032837, 1.5201350450515747, 1.384884238243103, 1.5063873529434204, 1.5179518461227417, 1.4709182977676392, 1.4030009508132935, 1.4121413230895996, 1.4912538528442383, 1.4897000789642334, 1.4910367727279663, 1.4415185451507568, 1.493314266204834, 1.526248812675476, 1.4261738061904907, 1.4145269393920898, 1.5551753044128418, 1.3953328132629395]",sae,Pre-64
1,beta,25,0.0535,0.4465066892532915,0.4352791138475453,0.4431518875810118,0.5,0.6270054355300688,0.6611778177751999,30,"[0, 1, 2, 3, 4, 5, 6, 7, 8, 9, 10, 11, 12, 13, 14, 15, 16, 17, 18, 19, 20, 21, 22, 23, 24, 25, 26, 27, 28, 29]","[1.539840817451477, 1.5647701025009155, 1.4313466548919678, 1.6131043434143066, 1.5916800498962402, 1.582011342048645, 1.4618908166885376, 1.4705499410629272, 1.5167967081069946, 1.4328409433364868, 1.5922874212265015, 1.526687741279602, 1.5664024353027344, 1.4720375537872314, 1.4633400440216064, 1.5070948600769043, 1.3770743608474731, 1.3924832344055176, 1.4369161128997803, 1.4626243114471436, 1.6053763628005981, 1.3840363025665283, 1.553565263748169, 1.4764511585235596, 1.529628038406372, 1.4767978191375732, 1.629345178604126, 1.5605753660202026, 1.592436671257019, 1.4379854202270508]",sae,Pre-64
1,beta,43,0.056,0.4515364523902173,0.4432102910589974,0.4420993056484483,0.5,0.6060785767234989,0.6994425500370645,30,"[0, 1, 2, 3, 4, 5, 6, 7, 8, 9, 10, 11, 12, 13, 14, 15, 16, 17, 18, 19, 20, 21, 22, 23, 24, 25, 26, 27, 28, 29]","[1.5239214897155762, 1.5971312522888184, 1.573048710823059, 1.4703826904296875, 1.5053791999816895, 1.44460928440094, 1.4754217863082886, 1.4622845649719238, 1.5622090101242065, 1.4519275426864624, 1.417517900466919, 1.6075955629348755, 1.536392331123352, 1.478872299194336, 1.478647232055664, 1.366378903388977, 1.5643255710601807, 1.4624661207199097, 1.5591027736663818, 1.5549253225326538, 1.4576313495635986, 1.4707603454589844, 1.5959467887878418, 1.5284981727600098, 1.451387643814087, 1.5323119163513184, 1.598663091659546, 1.462073564529419, 1.5578466653823853, 1.6082406044006348]",sae,Pre-64
1,beta,11,0.0535,0.4566976193509867,0.4496008864727478,0.4389328313745171,0.5,0.5995106990682213,0.7108544622372057,30,"[0, 1, 2, 3, 4, 5, 6, 7, 8, 9, 10, 11, 12, 13, 14, 15, 16, 17, 18, 19, 20, 21, 22, 23, 24, 25, 26, 27, 28, 29]","[1.582351803779602, 1.404384732246399, 1.5260931253433228, 1.4638566970825195, 1.6120355129241943, 1.4686843156814575, 1.4860585927963257, 1.3404690027236938, 1.5961787700653076, 1.6018298864364624, 1.602823257446289, 1.627718448638916, 1.641080617904663, 1.5002270936965942, 1.4850571155548096, 1.5012644529342651, 1.5564085245132446, 1.4680734872817993, 1.4929578304290771, 1.571312427520752, 1.5235539674758911, 1.5580286979675293, 1.6153560876846313, 1.538393259048462, 1.516425609588623, 1.5832092761993408, 1.6152167320251465, 1.4610739946365356, 1.5110722780227661, 1.4805294275283813]",sae,Pre-64
1,beta,17,0.074,0.4599327030141671,0.4513468217402507,0.4455801009181069,0.5,0.6120635717004715,0.696799100416976,30,"[0, 1, 2, 3, 4, 5, 6, 7, 8, 9, 10, 11, 12, 13, 14, 15, 16, 17, 18, 19, 20, 21, 22, 23, 24, 25, 26, 27, 28, 29]","[1.5287753343582153, 1.4051306247711182, 1.4394338130950928, 1.4630866050720215, 1.5441757440567017, 1.4267045259475708, 1.4897546768188477, 1.333996295928955, 1.4475935697555542, 1.4578783512115479, 1.5118974447250366, 1.520738124847412, 1.455466866493225, 1.5342382192611694, 1.4571764469146729, 1.4586366415023804, 1.5283737182617188, 1.4578263759613037, 1.5111557245254517, 1.4786715507507324, 1.4002069234848022, 1.4767122268676758, 1.3171467781066895, 1.4452722072601318, 1.4548066854476929, 1.4491660594940186, 1.4217044115066528, 1.4561055898666382, 1.421936273574829, 1.5120161771774292]",sae,Pre-64
1,beta,2,0.085,0.4419681213812466,0.4306250660512843,0.4272178771374416,0.5,0.6028191218064636,0.6894706032364261,30,"[0, 1, 2, 3, 4, 5, 6, 7, 8, 9, 10, 11, 12, 13, 14, 15, 16, 17, 18, 19, 20, 21, 22, 23, 24, 25, 26, 27, 28, 29]","[1.3706717491149902, 1.383919596672058, 1.3594846725463867, 1.428059697151184, 1.375511884689331, 1.4620577096939087, 1.3817437887191772, 1.3948537111282349, 1.3312560319900513, 1.3526633977890015, 1.3896491527557373, 1.3325200080871582, 1.412733554840088, 1.4661667346954346, 1.4380748271942139, 1.383665919303894, 1.4433852434158325, 1.497634768486023, 1.4898271560668945, 1.4673203229904175, 1.3902828693389893, 1.3672692775726318, 1.449295163154602, 1.4528112411499023, 1.3648122549057007, 1.3711336851119995, 1.4293031692504883, 1.4042760133743286, 1.2136286497116089, 1.4897879362106323]",sae,Pre-64
1,beta,44,0.046,0.4469012312759677,0.43811650775401,0.4659345474763653,0.5,0.5982762074796864,0.6233670962153754,30,"[0, 1, 2, 3, 4, 5, 6, 7, 8, 9, 10, 11, 12, 13, 14, 15, 16, 17, 18, 19, 20, 21, 22, 23, 24, 25, 26, 27, 28, 29]","[1.6980652809143066, 1.6894587278366089, 1.6769753694534302, 1.6293138265609741, 1.6861671209335327, 1.7767544984817505, 1.78507661819458, 1.6307241916656494, 1.7088552713394165, 1.814548373222351, 1.7010369300842285, 1.6836094856262207, 1.6993650197982788, 1.6365941762924194, 1.7938783168792725, 1.7862660884857178, 1.6143698692321777, 1.5534509420394897, 1.7118678092956543, 1.6991013288497925, 1.6293017864227295, 1.6231918334960938, 1.7255491018295288, 1.7171813249588013, 1.7554174661636353, 1.6636489629745483, 1.6558648347854614, 1.6952658891677856, 1.7182300090789795, 1.6987595558166504]",sae,Pre-64
1,beta,16,0.054,0.4519396108125126,0.4401978349795346,0.4331287261670499,0.5,0.6159012314439947,0.7187786172161172,30,"[0, 1, 2, 3, 4, 5, 6, 7, 8, 9, 10, 11, 12, 13, 14, 15, 16, 17, 18, 19, 20, 21, 22, 23, 24, 25, 26, 27, 28, 29]","[1.4665296077728271, 1.4004336595535278, 1.4303771257400513, 1.5123791694641113, 1.514672875404358, 1.4238789081573486, 1.5215282440185547, 1.4757869243621826, 1.439958095550537, 1.5169545412063599, 1.5259370803833008, 1.48084557056427, 1.4398891925811768, 1.4463180303573608, 1.4182645082473755, 1.4495556354522705, 1.5006682872772217, 1.3463830947875977, 1.4361870288848877, 1.5052918195724487, 1.5446025133132935, 1.5037063360214233, 1.5146064758300781, 1.5033398866653442, 1.4037503004074097, 1.4931597709655762, 1.4296009540557861, 1.4430140256881714, 1.405738353729248, 1.4359703063964844]",sae,Pre-64
1,beta,19,0.052,0.4469965829377276,0.435497383761294,0.4169325953478016,0.5,0.6104665954706788,0.7140685366083487,30,"[0, 1, 2, 3, 4, 5, 6, 7, 8, 9, 10, 11, 12, 13, 14, 15, 16, 17, 18, 19, 20, 21, 22, 23, 24, 25, 26, 27, 28, 29]","[1.5257165431976318, 1.54635488986969, 1.6231091022491455, 1.5542182922363281, 1.5017842054367065, 1.5137567520141602, 1.5400203466415405, 1.6211533546447754, 1.4955956935882568, 1.6397706270217896, 1.6642489433288574, 1.670619249343872, 1.5458277463912964, 1.5284072160720825, 1.4828088283538818, 1.501739501953125, 1.6305034160614014, 1.6549214124679565, 1.4876723289489746, 1.5006288290023804, 1.678626298904419, 1.5240167379379272, 1.542770266532898, 1.5033549070358276, 1.4923890829086304, 1.6440768241882324, 1.646416187286377, 1.5462757349014282, 1.5315889120101929, 1.4893585443496704]",sae,Pre-64
1,beta,6,0.052,0.4540822999211705,0.4457917896713532,0.4502489798575054,0.5,0.5933447799067053,0.6644811815294851,30,"[0, 1, 2, 3, 4, 5, 6, 7, 8, 9, 10, 11, 12, 13, 14, 15, 16, 17, 18, 19, 20, 21, 22, 23, 24, 25, 26, 27, 28, 29]","[1.6181416511535645, 1.6564900875091553, 1.5480022430419922, 1.6741211414337158, 1.5367003679275513, 1.5719553232192993, 1.551634430885315, 1.6117863655090332, 1.5141876935958862, 1.637701153755188, 1.5594137907028198, 1.5134177207946777, 1.5599513053894043, 1.5186898708343506, 1.3348278999328613, 1.6478060483932495, 1.5324475765228271, 1.5969003438949585, 1.5949598550796509, 1.5976778268814087, 1.5781888961791992, 1.5275222063064575, 1.6519287824630737, 1.5690966844558716, 1.5226129293441772, 1.595971941947937, 1.5530948638916016, 1.5127534866333008, 1.5687487125396729, 1.6094003915786743]",sae,Pre-64
1,beta,46,0.074,0.4545712902572906,0.4417269056853911,0.452394801472503,0.5,0.6270377926330811,0.6894158102056789,30,"[0, 1, 2, 3, 4, 5, 6, 7, 8, 9, 10, 11, 12, 13, 14, 15, 16, 17, 18, 19, 20, 21, 22, 23, 24, 25, 26, 27, 28, 29]","[1.4671460390090942, 1.5728788375854492, 1.564132571220398, 1.551896333694458, 1.4684619903564453, 1.598628282546997, 1.4917279481887817, 1.6174564361572266, 1.5484588146209717, 1.6472221612930298, 1.376699686050415, 1.4744845628738403, 1.6134315729141235, 1.460031270980835, 1.524092197418213, 1.6132665872573853, 1.541101336479187, 1.5538201332092285, 1.6256740093231201, 1.6039358377456665, 1.5187722444534302, 1.5170038938522339, 1.5500415563583374, 1.5451281070709229, 1.5541809797286987, 1.5666946172714233, 1.5427671670913696, 1.5907865762710571, 1.5216315984725952, 1.5390007495880127]",sae,Pre-64
1,beta,0,0.05,0.4600628296558519,0.4487196928272481,0.4354090964497314,0.5,0.6146148452673732,0.7220577074293258,30,"[0, 1, 2, 3, 4, 5, 6, 7, 8, 9, 10, 11, 12, 13, 14, 15, 16, 17, 18, 19, 20, 21, 22, 23, 24, 25, 26, 27, 28, 29]","[1.5090595483779907, 1.5441540479660034, 1.5501676797866821, 1.5986982583999634, 1.4930624961853027, 1.5339124202728271, 1.5926976203918457, 1.6188890933990479, 1.600881814956665, 1.521274447441101, 1.5280711650848389, 1.5355908870697021, 1.6226571798324585, 1.6001816987991333, 1.6171197891235352, 1.5374518632888794, 1.5769168138504028, 1.4859331846237183, 1.4607638120651245, 1.6033015251159668, 1.503662347793579, 1.4861053228378296, 1.5973708629608154, 1.5233020782470703, 1.5031412839889526, 1.4694170951843262, 1.5950373411178589, 1.474073886871338, 1.6073081493377686, 1.480474829673767]",sae,Pre-64
1,beta,41,0.08,0.4543678569363413,0.4427951465832617,0.450670087122187,0.5,0.6190905384235713,0.6749157707246938,30,"[0, 1, 2, 3, 4, 5, 6, 7, 8, 9, 10, 11, 12, 13, 14, 15, 16, 17, 18, 19, 20, 21, 22, 23, 24, 25, 26, 27, 28, 29]","[1.3110806941986084, 1.3704406023025513, 1.2802051305770874, 1.2521717548370361, 1.2502774000167847, 1.4175697565078735, 1.2940908670425415, 1.3419384956359863, 1.3163156509399414, 1.3851661682128906, 1.3796101808547974, 1.3405872583389282, 1.3468986749649048, 1.3930323123931885, 1.3975332975387573, 1.3272758722305298, 1.290793776512146, 1.3462594747543335, 1.3462374210357666, 1.3514511585235596, 1.2635506391525269, 1.3181416988372803, 1.3320589065551758, 1.340868592262268, 1.336412787437439, 1.3167372941970825, 1.3718372583389282, 1.380096435546875, 1.333783745765686, 1.2856601476669312]",sae,Pre-64
1,beta,27,0.05,0.4609757262074365,0.4537266978541116,0.4613062143573329,0.5,0.5914172664146189,0.6603269652088883,30,"[0, 1, 2, 3, 4, 5, 6, 7, 8, 9, 10, 11, 12, 13, 14, 15, 16, 17, 18, 19, 20, 21, 22, 23, 24, 25, 26, 27, 28, 29]","[1.5398038625717163, 1.6127521991729736, 1.5411385297775269, 1.5253723859786987, 1.593724250793457, 1.5019540786743164, 1.6038388013839722, 1.468860149383545, 1.573852777481079, 1.5828176736831665, 1.4886369705200195, 1.6156561374664307, 1.5283876657485962, 1.4882937669754028, 1.5274864435195923, 1.4408848285675049, 1.5321897268295288, 1.5769038200378418, 1.5204899311065674, 1.5412572622299194, 1.6074464321136475, 1.5429335832595825, 1.495836615562439, 1.4510812759399414, 1.513810157775879, 1.620975136756897, 1.504884123802185, 1.5558356046676636, 1.4460680484771729, 1.5534119606018066]",sae,Pre-64
1,beta,40,0.06,0.44666181227492,0.4340193094910912,0.4368792626168874,0.5,0.6093636266731638,0.6688483150344912,30,"[0, 1, 2, 3, 4, 5, 6, 7, 8, 9, 10, 11, 12, 13, 14, 15, 16, 17, 18, 19, 20, 21, 22, 23, 24, 25, 26, 27, 28, 29]","[1.591919183731079, 1.5624101161956787, 1.5185565948486328, 1.4620413780212402, 1.502400279045105, 1.5243966579437256, 1.5231081247329712, 1.5646358728408813, 1.5414258241653442, 1.5830868482589722, 1.4871106147766113, 1.5010101795196533, 1.5705029964447021, 1.492517352104187, 1.4889320135116577, 1.597116470336914, 1.5236685276031494, 1.512385606765747, 1.479495644569397, 1.511842966079712, 1.4655365943908691, 1.4781731367111206, 1.5841562747955322, 1.5087355375289917, 1.5793641805648804, 1.4925116300582886, 1.560207724571228, 1.495025396347046, 1.6072558164596558, 1.4666846990585327]",sae,Pre-64
1,beta,35,0.078,0.4566193215888805,0.4379483378046387,0.434304127983442,0.5,0.637290178651746,0.714428572285291,30,"[0, 1, 2, 3, 4, 5, 6, 7, 8, 9, 10, 11, 12, 13, 14, 15, 16, 17, 18, 19, 20, 21, 22, 23, 24, 25, 26, 27, 28, 29]","[1.450238823890686, 1.516716718673706, 1.5807819366455078, 1.510258436203003, 1.5235856771469116, 1.4878547191619873, 1.436448574066162, 1.5971646308898926, 1.612799048423767, 1.5049163103103638, 1.5754063129425049, 1.4265758991241455, 1.4990559816360474, 1.4066187143325806, 1.4960477352142334, 1.453568935394287, 1.5837008953094482, 1.4285224676132202, 1.5334770679473877, 1.4342947006225586, 1.4550881385803223, 1.4464548826217651, 1.4638445377349854, 1.4335215091705322, 1.4805833101272583, 1.526505708694458, 1.4571750164031982, 1.5374003648757935, 1.5919159650802612, 1.5302836894989014]",sae,Pre-64
1,beta,39,0.0535,0.4461088087810431,0.4292341094433316,0.4413384579613564,0.5,0.6205127278095635,0.6703453636667661,30,"[0, 1, 2, 3, 4, 5, 6, 7, 8, 9, 10, 11, 12, 13, 14, 15, 16, 17, 18, 19, 20, 21, 22, 23, 24, 25, 26, 27, 28, 29]","[1.536044955253601, 1.6746176481246948, 1.6001434326171875, 1.6286506652832031, 1.5295450687408447, 1.5420361757278442, 1.5733423233032227, 1.5921077728271484, 1.5224355459213257, 1.6714303493499756, 1.5848770141601562, 1.526496410369873, 1.603084683418274, 1.5081905126571655, 1.6071422100067139, 1.6642436981201172, 1.6669769287109375, 1.6413421630859375, 1.5358034372329712, 1.5434937477111816, 1.5048229694366455, 1.572904109954834, 1.5884783267974854, 1.5914578437805176, 1.6271694898605347, 1.5487806797027588, 1.4918254613876343, 1.5450114011764526, 1.6769229173660278, 1.5384888648986816]",sae,Pre-64
1,beta,5,0.044,0.4445517550333296,0.4301735816232515,0.4348306626088852,0.5,0.6070910659257547,0.6821896701524537,30,"[0, 1, 2, 3, 4, 5, 6, 7, 8, 9, 10, 11, 12, 13, 14, 15, 16, 17, 18, 19, 20, 21, 22, 23, 24, 25, 26, 27, 28, 29]","[1.5685174465179443, 1.4377840757369995, 1.4343905448913574, 1.5790071487426758, 1.573035478591919, 1.5251837968826294, 1.5030094385147095, 1.4711190462112427, 1.5348865985870361, 1.4371427297592163, 1.548046350479126, 1.5767043828964233, 1.5164169073104858, 1.4946030378341675, 1.5786644220352173, 1.5457230806350708, 1.5428897142410278, 1.5710515975952148, 1.4334745407104492, 1.5043383836746216, 1.5854418277740479, 1.5076369047164917, 1.5980137586593628, 1.4471220970153809, 1.5200928449630737, 1.5886720418930054, 1.4398657083511353, 1.5092970132827759, 1.553983211517334, 1.522864580154419]",sae,Pre-64
1,beta,2,0.076,0.4419681213812466,0.4306250660512843,0.4272346189865332,0.5,0.6028191218064636,0.6894662563175222,30,"[0, 1, 2, 3, 4, 5, 6, 7, 8, 9, 10, 11, 12, 13, 14, 15, 16, 17, 18, 19, 20, 21, 22, 23, 24, 25, 26, 27, 28, 29]","[1.372113585472107, 1.3853586912155151, 1.3609201908111572, 1.4295032024383545, 1.3769479990005493, 1.463485598564148, 1.3831865787506104, 1.3962970972061157, 1.3327049016952515, 1.3541094064712524, 1.391087293624878, 1.333979845046997, 1.414171576499939, 1.4675959348678589, 1.4395089149475098, 1.3851029872894287, 1.444815754890442, 1.4990675449371338, 1.491256833076477, 1.4687550067901611, 1.3917237520217896, 1.3687077760696411, 1.4507315158843994, 1.4542443752288818, 1.3662523031234741, 1.3725661039352417, 1.4307385683059692, 1.4057234525680542, 1.2150810956954956, 1.491221308708191]",sae,Pre-64
1,beta,11,0.045,0.4566976193509867,0.4496008864727478,0.4389733302024837,0.5,0.5995106990682213,0.7108764105445521,30,"[0, 1, 2, 3, 4, 5, 6, 7, 8, 9, 10, 11, 12, 13, 14, 15, 16, 17, 18, 19, 20, 21, 22, 23, 24, 25, 26, 27, 28, 29]","[1.5864211320877075, 1.4084185361862183, 1.5301845073699951, 1.4679391384124756, 1.6161155700683594, 1.4727529287338257, 1.4901552200317383, 1.3446065187454224, 1.600258469581604, 1.6059166193008423, 1.6069200038909912, 1.6317881345748901, 1.645143985748291, 1.5043374300003052, 1.4891719818115234, 1.5052847862243652, 1.5604726076126099, 1.4721349477767944, 1.4970585107803345, 1.575405478477478, 1.5276440382003784, 1.562110185623169, 1.6194212436676025, 1.542464017868042, 1.5204893350601196, 1.5873055458068848, 1.6192737817764282, 1.4651618003845215, 1.5151736736297607, 1.4846141338348389]",sae,Pre-64
1,beta,30,0.065,0.4638407167611665,0.4544841508273655,0.439855721752881,0.5,0.6043368975359404,0.6949399147711445,30,"[0, 1, 2, 3, 4, 5, 6, 7, 8, 9, 10, 11, 12, 13, 14, 15, 16, 17, 18, 19, 20, 21, 22, 23, 24, 25, 26, 27, 28, 29]","[1.5333651304244995, 1.5021378993988037, 1.5134583711624146, 1.4540069103240967, 1.4668585062026978, 1.4452656507492065, 1.4560790061950684, 1.4323679208755493, 1.425070881843567, 1.4434833526611328, 1.5079264640808105, 1.4380896091461182, 1.413705587387085, 1.4358718395233154, 1.5028303861618042, 1.506854772567749, 1.4250643253326416, 1.4466859102249146, 1.5285756587982178, 1.4531192779541016, 1.4298794269561768, 1.3951098918914795, 1.4940199851989746, 1.4489957094192505, 1.5647587776184082, 1.4416495561599731, 1.4670219421386719, 1.4369670152664185, 1.5041325092315674, 1.4594926834106445]",sae,Pre-64
1,beta,34,0.058,0.4568527557813058,0.4470225010708758,0.4484858463556799,0.5,0.6011606799053854,0.6782493391738877,30,"[0, 1, 2, 3, 4, 5, 6, 7, 8, 9, 10, 11, 12, 13, 14, 15, 16, 17, 18, 19, 20, 21, 22, 23, 24, 25, 26, 27, 28, 29]","[1.3895686864852905, 1.47449791431427, 1.479927897453308, 1.425162672996521, 1.374776005744934, 1.3901556730270386, 1.431296467781067, 1.348906397819519, 1.3529131412506104, 1.3940072059631348, 1.4491397142410278, 1.2530492544174194, 1.4600688219070435, 1.3508745431900024, 1.3595151901245117, 1.3835831880569458, 1.4763251543045044, 1.492043137550354, 1.4009089469909668, 1.3900398015975952, 1.4079978466033936, 1.494278907775879, 1.4280298948287964, 1.4521143436431885, 1.3793954849243164, 1.326261281967163, 1.5057814121246338, 1.4907021522521973, 1.4781519174575806, 1.462458848953247]",sae,Pre-64
1,beta,33,0.052,0.4492211383258522,0.4377959816952598,0.4332623461049971,0.5,0.6165210074526608,0.6934651337095017,30,"[0, 1, 2, 3, 4, 5, 6, 7, 8, 9, 10, 11, 12, 13, 14, 15, 16, 17, 18, 19, 20, 21, 22, 23, 24, 25, 26, 27, 28, 29]","[1.546393632888794, 1.6086463928222656, 1.5539075136184692, 1.5217152833938599, 1.4662106037139893, 1.6289345026016235, 1.4675253629684448, 1.5993460416793823, 1.590803861618042, 1.5991151332855225, 1.5369211435317993, 1.616025686264038, 1.572550654411316, 1.4650777578353882, 1.5208722352981567, 1.5825574398040771, 1.5027638673782349, 1.5002555847167969, 1.614210844039917, 1.6188843250274658, 1.5234116315841675, 1.4497779607772827, 1.6262558698654175, 1.5602233409881592, 1.6214487552642822, 1.527822732925415, 1.499246597290039, 1.4678316116333008, 1.4418307542800903, 1.5046565532684326]",sae,Pre-64
1,beta,33,0.044,0.4492211383258522,0.4377959816952598,0.4350382653484523,0.5,0.6165210074526608,0.6907174069831572,30,"[0, 1, 2, 3, 4, 5, 6, 7, 8, 9, 10, 11, 12, 13, 14, 15, 16, 17, 18, 19, 20, 21, 22, 23, 24, 25, 26, 27, 28, 29]","[1.6420398950576782, 1.6932904720306396, 1.6424410343170166, 1.595412254333496, 1.5347564220428467, 1.7242285013198853, 1.5470073223114014, 1.6966789960861206, 1.6752792596817017, 1.6856929063796997, 1.6128917932510376, 1.7018927335739136, 1.6726571321487427, 1.5334157943725586, 1.604264736175537, 1.6636362075805664, 1.584173321723938, 1.5740102529525757, 1.7047399282455444, 1.7190682888031006, 1.612656593322754, 1.538007140159607, 1.7132487297058105, 1.645383596420288, 1.7101534605026245, 1.6219711303710938, 1.5796997547149658, 1.5310494899749756, 1.5295041799545288, 1.5753899812698364]",sae,Pre-64
1,beta,40,0.072,0.44666181227492,0.4340193094910912,0.4354046131668092,0.5,0.6093636266731638,0.6677168831564361,30,"[0, 1, 2, 3, 4, 5, 6, 7, 8, 9, 10, 11, 12, 13, 14, 15, 16, 17, 18, 19, 20, 21, 22, 23, 24, 25, 26, 27, 28, 29]","[1.5380806922912598, 1.4998869895935059, 1.467562198638916, 1.407045602798462, 1.4526574611663818, 1.4720494747161865, 1.4675859212875366, 1.5057673454284668, 1.4910579919815063, 1.5264055728912354, 1.4378560781478882, 1.4532647132873535, 1.5209673643112183, 1.4323742389678955, 1.4378701448440552, 1.5406583547592163, 1.464308738708496, 1.4672982692718506, 1.4270159006118774, 1.4494739770889282, 1.4168360233306885, 1.4275621175765991, 1.5227282047271729, 1.4608807563781738, 1.5225013494491577, 1.4420634508132935, 1.5065640211105347, 1.434273600578308, 1.5553209781646729, 1.4158921241760254]",sae,Pre-64
1,beta,7,0.07,0.4564836922581216,0.4420418003909208,0.4378701755672809,0.5,0.6095136152062148,0.7014311853021531,30,"[0, 1, 2, 3, 4, 5, 6, 7, 8, 9, 10, 11, 12, 13, 14, 15, 16, 17, 18, 19, 20, 21, 22, 23, 24, 25, 26, 27, 28, 29]","[1.4034693241119385, 1.451879620552063, 1.4675605297088623, 1.4358447790145874, 1.4848146438598633, 1.4388893842697144, 1.4057364463806152, 1.4429315328598022, 1.5410590171813965, 1.4462186098098755, 1.3690636157989502, 1.4112659692764282, 1.3747254610061646, 1.3944499492645264, 1.552706241607666, 1.4661917686462402, 1.392963171005249, 1.3831255435943604, 1.4865247011184692, 1.4814783334732056, 1.4509692192077637, 1.4705901145935059, 1.474692463874817, 1.4116967916488647, 1.5096479654312134, 1.4983155727386475, 1.4181302785873413, 1.3321540355682373, 1.5205020904541016, 1.4104112386703491]",sae,Pre-64
1,beta,18,0.062,0.4575117633693479,0.4471831599677374,0.4242761415049137,0.5,0.6052065040104606,0.732876012151154,30,"[0, 1, 2, 3, 4, 5, 6, 7, 8, 9, 10, 11, 12, 13, 14, 15, 16, 17, 18, 19, 20, 21, 22, 23, 24, 25, 26, 27, 28, 29]","[1.374207854270935, 1.544809103012085, 1.5645145177841187, 1.461161732673645, 1.4789819717407227, 1.4937587976455688, 1.673333764076233, 1.4498956203460693, 1.5588182210922241, 1.4348549842834473, 1.6442005634307861, 1.5319194793701172, 1.5615400075912476, 1.5649962425231934, 1.493065357208252, 1.451459288597107, 1.5489026308059692, 1.483335018157959, 1.4659987688064575, 1.4082398414611816, 1.6604199409484863, 1.4726170301437378, 1.5949352979660034, 1.5537965297698975, 1.5307424068450928, 1.4979394674301147, 1.5420953035354614, 1.5933090448379517, 1.5478886365890503, 1.4883290529251099]",sae,Pre-64
1,beta,33,0.062,0.4492211383258522,0.4377959816952598,0.4331957562768404,0.5,0.6165210074526608,0.6934736187122594,30,"[0, 1, 2, 3, 4, 5, 6, 7, 8, 9, 10, 11, 12, 13, 14, 15, 16, 17, 18, 19, 20, 21, 22, 23, 24, 25, 26, 27, 28, 29]","[1.5423139333724976, 1.6045321226119995, 1.5497689247131348, 1.517600417137146, 1.4620789289474487, 1.6248221397399902, 1.4633872509002686, 1.5952345132827759, 1.5866572856903076, 1.5949963331222534, 1.5327922105789185, 1.6119248867034912, 1.5684773921966553, 1.4609264135360718, 1.51679527759552, 1.578421950340271, 1.4986298084259033, 1.4960932731628418, 1.6101123094558716, 1.6147974729537964, 1.5192841291427612, 1.4455970525741577, 1.6221624612808228, 1.5560712814331055, 1.6173361539840698, 1.5237398147583008, 1.4950852394104004, 1.4636902809143066, 1.4376473426818848, 1.5005236864089966]",sae,Pre-64
1,beta,45,0.054,0.4515599815008028,0.4347157609968581,0.4496590985361629,0.5,0.6289673345145609,0.6777187163993762,30,"[0, 1, 2, 3, 4, 5, 6, 7, 8, 9, 10, 11, 12, 13, 14, 15, 16, 17, 18, 19, 20, 21, 22, 23, 24, 25, 26, 27, 28, 29]","[1.6174407005310059, 1.6091220378875732, 1.4949779510498047, 1.683791160583496, 1.6860231161117554, 1.5382200479507446, 1.6946218013763428, 1.6733155250549316, 1.5453834533691406, 1.499131679534912, 1.6197848320007324, 1.6923813819885254, 1.6532785892486572, 1.5662291049957275, 1.580496907234192, 1.5937385559082031, 1.6087234020233154, 1.5005632638931274, 1.600571632385254, 1.5974133014678955, 1.653332233428955, 1.5408151149749756, 1.6690376996994019, 1.5439130067825317, 1.5000535249710083, 1.6888569593429565, 1.5356054306030273, 1.54784095287323, 1.4889007806777954, 1.6909635066986084]",sae,Pre-64
1,beta,8,0.066,0.4517491928182039,0.4406431065890545,0.4395118504598495,0.5,0.6098144493254953,0.6783712852726668,30,"[0, 1, 2, 3, 4, 5, 6, 7, 8, 9, 10, 11, 12, 13, 14, 15, 16, 17, 18, 19, 20, 21, 22, 23, 24, 25, 26, 27, 28, 29]","[1.3924126625061035, 1.5042295455932617, 1.4209991693496704, 1.4521050453186035, 1.5131325721740723, 1.448543906211853, 1.49699866771698, 1.4092012643814087, 1.4555199146270752, 1.50470769405365, 1.5129234790802002, 1.4367893934249878, 1.4203099012374878, 1.453356385231018, 1.4822176694869995, 1.397769808769226, 1.4194316864013672, 1.4554139375686646, 1.3659617900848389, 1.4355013370513916, 1.408433198928833, 1.3841722011566162, 1.4876742362976074, 1.420120120048523, 1.4872082471847534, 1.4912928342819214, 1.3889442682266235, 1.4869334697723389, 1.4578256607055664, 1.4579273462295532]",sae,Pre-64
1,beta,19,0.082,0.4469965829377276,0.435497383761294,0.4137639102729556,0.5,0.6104665954706788,0.713357100229293,30,"[0, 1, 2, 3, 4, 5, 6, 7, 8, 9, 10, 11, 12, 13, 14, 15, 16, 17, 18, 19, 20, 21, 22, 23, 24, 25, 26, 27, 28, 29]","[1.3321802616119385, 1.3454954624176025, 1.4216387271881104, 1.3653271198272705, 1.2840228080749512, 1.2983508110046387, 1.3368401527404785, 1.4081635475158691, 1.313352108001709, 1.4277267456054688, 1.420663595199585, 1.4478918313980103, 1.3351573944091797, 1.3493019342422485, 1.2642083168029785, 1.283418893814087, 1.4111402034759521, 1.4448078870773315, 1.2967771291732788, 1.3240798711776733, 1.4605507850646973, 1.3265478610992432, 1.3329919576644897, 1.3280967473983765, 1.3243892192840576, 1.4224531650543213, 1.4349762201309204, 1.3514288663864136, 1.3062524795532227, 1.3012356758117676]",sae,Pre-64
1,beta,11,0.064,0.4566976193509867,0.4496008864727478,0.4388828222174721,0.5,0.5995106990682213,0.710820808165941,30,"[0, 1, 2, 3, 4, 5, 6, 7, 8, 9, 10, 11, 12, 13, 14, 15, 16, 17, 18, 19, 20, 21, 22, 23, 24, 25, 26, 27, 28, 29]","[1.5773279666900635, 1.3994051218032837, 1.521040678024292, 1.4588156938552856, 1.6069966554641724, 1.4636616706848145, 1.4810019731521606, 1.3353595733642578, 1.5911403894424438, 1.5967820882797241, 1.597764015197754, 1.6226928234100342, 1.636061429977417, 1.4951491355895996, 1.4799747467041016, 1.4962999820709229, 1.5513900518417358, 1.4630584716796875, 1.48789381980896, 1.566257357597351, 1.5185030698776245, 1.552988886833191, 1.6103360652923584, 1.5333656072616577, 1.5114054679870605, 1.5781506299972534, 1.610206127166748, 1.4560267925262451, 1.5060055255889893, 1.475484848022461]",sae,Pre-64
1,beta,37,0.055,0.4546908257221888,0.444978337644671,0.4340662057607171,0.5,0.6058579085235571,0.7172640962808271,30,"[0, 1, 2, 3, 4, 5, 6, 7, 8, 9, 10, 11, 12, 13, 14, 15, 16, 17, 18, 19, 20, 21, 22, 23, 24, 25, 26, 27, 28, 29]","[1.4773833751678467, 1.5392663478851318, 1.5140089988708496, 1.489861249923706, 1.4417424201965332, 1.5494906902313232, 1.5153999328613281, 1.5640188455581665, 1.6100690364837646, 1.5499186515808105, 1.5139249563217163, 1.5219366550445557, 1.5484150648117065, 1.5527973175048828, 1.5859843492507935, 1.5304065942764282, 1.5199661254882812, 1.5639947652816772, 1.536285638809204, 1.533636450767517, 1.5602115392684937, 1.5691787004470825, 1.593306064605713, 1.5774290561676025, 1.535820484161377, 1.5738993883132935, 1.542215347290039, 1.5720528364181519, 1.5741093158721924, 1.5884835720062256]",sae,Pre-64
1,beta,14,0.068,0.4467366851483266,0.4421697276018216,0.4362329971858477,0.5,0.5934222168898753,0.6961382144303304,30,"[0, 1, 2, 3, 4, 5, 6, 7, 8, 9, 10, 11, 12, 13, 14, 15, 16, 17, 18, 19, 20, 21, 22, 23, 24, 25, 26, 27, 28, 29]","[1.4929940700531006, 1.382234811782837, 1.4856460094451904, 1.5096145868301392, 1.5125024318695068, 1.4881690740585327, 1.4501153230667114, 1.5813654661178589, 1.4893546104431152, 1.559733510017395, 1.43977952003479, 1.4204102754592896, 1.4534968137741089, 1.5612012147903442, 1.531548023223877, 1.4942086935043335, 1.5791902542114258, 1.575204849243164, 1.4912724494934082, 1.474656105041504, 1.4921149015426636, 1.5024417638778687, 1.5656460523605347, 1.455407738685608, 1.5669162273406982, 1.5690232515335083, 1.5146669149398804, 1.5792866945266724, 1.5669589042663574, 1.4676027297973633]",sae,Pre-64
1,beta,28,0.068,0.4589844236982603,0.4495627040154577,0.4417605033493697,0.5,0.5987249917034086,0.6982500118522732,30,"[0, 1, 2, 3, 4, 5, 6, 7, 8, 9, 10, 11, 12, 13, 14, 15, 16, 17, 18, 19, 20, 21, 22, 23, 24, 25, 26, 27, 28, 29]","[1.4524990320205688, 1.3359781503677368, 1.3252631425857544, 1.5447406768798828, 1.498801589012146, 1.4826469421386719, 1.4433642625808716, 1.3762848377227783, 1.477060079574585, 1.50867760181427, 1.4386563301086426, 1.4691988229751587, 1.5164128541946411, 1.5265041589736938, 1.4594707489013672, 1.4065181016921997, 1.4412604570388794, 1.4977864027023315, 1.472416877746582, 1.4725574254989624, 1.4071019887924194, 1.4272947311401367, 1.4291216135025024, 1.377310872077942, 1.4088764190673828, 1.4974976778030396, 1.5363092422485352, 1.4195075035095215, 1.3982361555099487, 1.4103418588638306]",sae,Pre-64
1,beta,26,0.06,0.4502231978181314,0.4442488029476733,0.4654590797508255,0.5,0.5832450787939482,0.6463821547105768,30,"[0, 1, 2, 3, 4, 5, 6, 7, 8, 9, 10, 11, 12, 13, 14, 15, 16, 17, 18, 19, 20, 21, 22, 23, 24, 25, 26, 27, 28, 29]","[1.567363977432251, 1.5708156824111938, 1.7466353178024292, 1.5196160078048706, 1.5973023176193237, 1.6415460109710693, 1.6436339616775513, 1.541810393333435, 1.6576956510543823, 1.598930835723877, 1.5159357786178589, 1.754551887512207, 1.6851789951324463, 1.6365352869033813, 1.7176153659820557, 1.5997354984283447, 1.6460177898406982, 1.5026549100875854, 1.6608705520629883, 1.5974112749099731, 1.561838984489441, 1.7251580953598022, 1.6124123334884644, 1.6470309495925903, 1.7347387075424194, 1.7121055126190186, 1.5844640731811523, 1.6449971199035645, 1.4722219705581665, 1.549058437347412]",sae,Pre-64
1,beta,2,0.065,0.4419681213812466,0.4306250660512843,0.427255091981137,0.5,0.6028191218064636,0.6894677052904901,30,"[0, 1, 2, 3, 4, 5, 6, 7, 8, 9, 10, 11, 12, 13, 14, 15, 16, 17, 18, 19, 20, 21, 22, 23, 24, 25, 26, 27, 28, 29]","[1.3738747835159302, 1.3871169090270996, 1.3626736402511597, 1.431268572807312, 1.3787035942077637, 1.4652304649353027, 1.3849503993988037, 1.3980612754821777, 1.334476351737976, 1.35587739944458, 1.3928450345993042, 1.335763931274414, 1.4159291982650757, 1.4693435430526733, 1.4412612915039062, 1.3868587017059326, 1.4465636014938354, 1.5008196830749512, 1.4930047988891602, 1.4705085754394531, 1.3934847116470337, 1.3704664707183838, 1.452487587928772, 1.4559966325759888, 1.368012547492981, 1.3743168115615845, 1.4324935674667358, 1.4074918031692505, 1.2168562412261963, 1.4929733276367188]",sae,Pre-64
1,beta,34,0.07,0.4568527557813058,0.4470225010708758,0.4484624550019874,0.5,0.6011606799053854,0.6782551295450794,30,"[0, 1, 2, 3, 4, 5, 6, 7, 8, 9, 10, 11, 12, 13, 14, 15, 16, 17, 18, 19, 20, 21, 22, 23, 24, 25, 26, 27, 28, 29]","[1.3877992630004883, 1.4727146625518799, 1.4781532287597656, 1.4233758449554443, 1.3729745149612427, 1.3883782625198364, 1.4295190572738647, 1.3471364974975586, 1.3511126041412354, 1.3922308683395386, 1.4473575353622437, 1.2512807846069336, 1.458296775817871, 1.349110722541809, 1.3577531576156616, 1.381795048713684, 1.4745498895645142, 1.4902656078338623, 1.399114966392517, 1.3882688283920288, 1.4062062501907349, 1.4925075769424438, 1.4262468814849854, 1.4503462314605713, 1.3776183128356934, 1.3244811296463013, 1.5040061473846436, 1.4889246225357056, 1.476371169090271, 1.460687518119812]",sae,Pre-64
1,beta,48,0.07,0.4556814132376,0.4510566266980289,0.4890424821797056,0.5,0.5923878577171784,0.5941913072036058,30,"[0, 1, 2, 3, 4, 5, 6, 7, 8, 9, 10, 11, 12, 13, 14, 15, 16, 17, 18, 19, 20, 21, 22, 23, 24, 25, 26, 27, 28, 29]","[1.6362590789794922, 1.57198965549469, 1.5539804697036743, 1.535919189453125, 1.5238046646118164, 1.455039143562317, 1.5601263046264648, 1.5063635110855103, 1.5215190649032593, 1.5088772773742676, 1.5926423072814941, 1.5268045663833618, 1.562893271446228, 1.5286728143692017, 1.4847413301467896, 1.5656789541244507, 1.6147289276123047, 1.5797518491744995, 1.599800705909729, 1.4660691022872925, 1.518710732460022, 1.623773455619812, 1.6275631189346313, 1.4542880058288574, 1.525146245956421, 1.600669026374817, 1.6069384813308716, 1.6283329725265503, 1.518609642982483, 1.5601955652236938]",sae,Pre-64
1,beta,15,0.056,0.4529015220185267,0.4424399871594601,0.4354971271380718,0.5,0.6161071485640408,0.7111390345588983,30,"[0, 1, 2, 3, 4, 5, 6, 7, 8, 9, 10, 11, 12, 13, 14, 15, 16, 17, 18, 19, 20, 21, 22, 23, 24, 25, 26, 27, 28, 29]","[1.4039486646652222, 1.374380350112915, 1.415489912033081, 1.4155070781707764, 1.4899868965148926, 1.3862746953964233, 1.3808507919311523, 1.4051060676574707, 1.4635664224624634, 1.4613382816314697, 1.4493860006332397, 1.3641386032104492, 1.5227649211883545, 1.466394305229187, 1.3571500778198242, 1.4325039386749268, 1.3703558444976807, 1.5158292055130005, 1.3549845218658447, 1.4221289157867432, 1.5088831186294556, 1.4761271476745605, 1.397264003753662, 1.4354135990142822, 1.4047600030899048, 1.2870970964431763, 1.4784526824951172, 1.523086667060852, 1.420440673828125, 1.4166290760040283]",sae,Pre-64
1,beta,12,0.072,0.4455148672091349,0.4361346773072694,0.4120165462712892,0.5,0.5892778403611032,0.7320301459463923,30,"[0, 1, 2, 3, 4, 5, 6, 7, 8, 9, 10, 11, 12, 13, 14, 15, 16, 17, 18, 19, 20, 21, 22, 23, 24, 25, 26, 27, 28, 29]","[1.3738536834716797, 1.481510043144226, 1.3906453847885132, 1.2904053926467896, 1.478715181350708, 1.4145323038101196, 1.4081977605819702, 1.4603545665740967, 1.4956798553466797, 1.3666398525238037, 1.3684521913528442, 1.5367988348007202, 1.3949484825134277, 1.4673868417739868, 1.3526140451431274, 1.5404927730560303, 1.3250900506973267, 1.5189005136489868, 1.4404464960098267, 1.5330332517623901, 1.496843695640564, 1.443331003189087, 1.3949062824249268, 1.5391807556152344, 1.51669442653656, 1.3854496479034424, 1.5172079801559448, 1.4623172283172607, 1.4158154726028442, 1.5477020740509033]",sae,Pre-64
1,beta,28,0.056,0.4589844236982603,0.4495627040154577,0.4417911640476062,0.5,0.5987249917034086,0.6982692717963306,30,"[0, 1, 2, 3, 4, 5, 6, 7, 8, 9, 10, 11, 12, 13, 14, 15, 16, 17, 18, 19, 20, 21, 22, 23, 24, 25, 26, 27, 28, 29]","[1.4557898044586182, 1.3393219709396362, 1.3285372257232666, 1.5480396747589111, 1.502099633216858, 1.485981822013855, 1.4466552734375, 1.3795685768127441, 1.480408787727356, 1.5119973421096802, 1.442015290260315, 1.4725509881973267, 1.5197210311889648, 1.5298192501068115, 1.4627671241760254, 1.4098172187805176, 1.4445486068725586, 1.50111985206604, 1.4757344722747803, 1.4758819341659546, 1.410396695137024, 1.4306310415267944, 1.4324125051498413, 1.3805888891220093, 1.4121687412261963, 1.5008106231689453, 1.539636492729187, 1.4228639602661133, 1.4015835523605347, 1.4136137962341309]",sae,Pre-64
1,beta,2,0.056,0.4419681213812466,0.4306250660512843,0.4291979688814992,0.5,0.6028191218064636,0.6892778898316874,30,"[0, 1, 2, 3, 4, 5, 6, 7, 8, 9, 10, 11, 12, 13, 14, 15, 16, 17, 18, 19, 20, 21, 22, 23, 24, 25, 26, 27, 28, 29]","[1.4688115119934082, 1.4702175855636597, 1.44996178150177, 1.5367381572723389, 1.4853062629699707, 1.5806554555892944, 1.4699801206588745, 1.4931461811065674, 1.4345459938049316, 1.4667202234268188, 1.5034065246582031, 1.4256877899169922, 1.5247722864151, 1.5846858024597168, 1.5523772239685059, 1.4991074800491333, 1.5615507364273071, 1.6114424467086792, 1.6079803705215454, 1.586702823638916, 1.500712275505066, 1.4626168012619019, 1.5599483251571655, 1.5735762119293213, 1.4503556489944458, 1.469253420829773, 1.5407893657684326, 1.5153746604919434, 1.313941240310669, 1.6070958375930786]",sae,Pre-64
1,beta,21,0.048,0.4504746503440228,0.4381370334360364,0.4404322757348856,0.5,0.6200058082774133,0.687273693446533,30,"[0, 1, 2, 3, 4, 5, 6, 7, 8, 9, 10, 11, 12, 13, 14, 15, 16, 17, 18, 19, 20, 21, 22, 23, 24, 25, 26, 27, 28, 29]","[1.45237135887146, 1.5030218362808228, 1.6276484727859497, 1.6223441362380981, 1.6030343770980835, 1.5838795900344849, 1.4974993467330933, 1.506252646446228, 1.6120445728302002, 1.5242093801498413, 1.6021547317504883, 1.6105201244354248, 1.4895793199539185, 1.5166469812393188, 1.51264226436615, 1.5062822103500366, 1.5073367357254028, 1.5186915397644043, 1.449545979499817, 1.6192034482955933, 1.4444506168365479, 1.627164602279663, 1.4393484592437744, 1.457356572151184, 1.51288640499115, 1.4709147214889526, 1.4383028745651245, 1.4931678771972656, 1.580547571182251, 1.5654406547546387]",sae,Pre-64
1,beta,12,0.042,0.4455148672091349,0.4361346773072694,0.4191735986145259,0.5,0.5892778403611032,0.7302757353800419,30,"[0, 1, 2, 3, 4, 5, 6, 7, 8, 9, 10, 11, 12, 13, 14, 15, 16, 17, 18, 19, 20, 21, 22, 23, 24, 25, 26, 27, 28, 29]","[1.600644588470459, 1.7756634950637817, 1.6339662075042725, 1.5901802778244019, 1.8027303218841553, 1.7538790702819824, 1.7318941354751587, 1.7258036136627197, 1.7831214666366577, 1.6267069578170776, 1.6093584299087524, 1.833448886871338, 1.6548311710357666, 1.733907699584961, 1.5930078029632568, 1.8353285789489746, 1.565995216369629, 1.824671745300293, 1.7144196033477783, 1.8296737670898438, 1.771724820137024, 1.727500319480896, 1.6303274631500244, 1.8311526775360107, 1.8183729648590088, 1.6984196901321411, 1.819702386856079, 1.731376051902771, 1.67805814743042, 1.8322759866714478]",sae,Pre-64
1,beta,31,0.054,0.4497611378811508,0.4308970333737342,0.4337289272983019,0.5,0.642735734520437,0.7099699369832919,30,"[0, 1, 2, 3, 4, 5, 6, 7, 8, 9, 10, 11, 12, 13, 14, 15, 16, 17, 18, 19, 20, 21, 22, 23, 24, 25, 26, 27, 28, 29]","[1.5681418180465698, 1.5290547609329224, 1.4454363584518433, 1.4695093631744385, 1.5199074745178223, 1.606627345085144, 1.4828436374664307, 1.5398966073989868, 1.4898127317428589, 1.5585349798202515, 1.5102726221084595, 1.5384328365325928, 1.573056697845459, 1.408631682395935, 1.5727685689926147, 1.5090677738189697, 1.5328354835510254, 1.5324163436889648, 1.5463335514068604, 1.5013599395751953, 1.590374231338501, 1.532224178314209, 1.5854382514953613, 1.53718900680542, 1.5265628099441528, 1.5531944036483765, 1.445818543434143, 1.5988506078720093, 1.4423871040344238, 1.5392353534698486]",sae,Pre-64
1,beta,24,0.084,0.4501416387440968,0.4383559369047743,0.4491814971072619,0.5,0.6188330126613704,0.6423907646474678,30,"[0, 1, 2, 3, 4, 5, 6, 7, 8, 9, 10, 11, 12, 13, 14, 15, 16, 17, 18, 19, 20, 21, 22, 23, 24, 25, 26, 27, 28, 29]","[1.4930025339126587, 1.4001926183700562, 1.4245537519454956, 1.5025041103363037, 1.5078383684158325, 1.4186018705368042, 1.4265267848968506, 1.4258623123168945, 1.4684820175170898, 1.3542778491973877, 1.4581936597824097, 1.4066534042358398, 1.5016907453536987, 1.4867329597473145, 1.4247629642486572, 1.3952921628952026, 1.5084279775619507, 1.3007822036743164, 1.4005787372589111, 1.51023268699646, 1.484870433807373, 1.5035572052001953, 1.4039382934570312, 1.4645020961761475, 1.3831135034561157, 1.3470733165740967, 1.458358883857727, 1.3811402320861816, 1.512298345565796, 1.4174658060073853]",sae,Pre-64
1,beta,36,0.066,0.4642138821845151,0.4576483090311837,0.4620365682017846,0.5,0.6031055233182893,0.6742642061790999,30,"[0, 1, 2, 3, 4, 5, 6, 7, 8, 9, 10, 11, 12, 13, 14, 15, 16, 17, 18, 19, 20, 21, 22, 23, 24, 25, 26, 27, 28, 29]","[1.5213332176208496, 1.512690782546997, 1.4326965808868408, 1.513849139213562, 1.3912405967712402, 1.5422905683517456, 1.4396774768829346, 1.4841333627700806, 1.5545463562011719, 1.407320261001587, 1.4416284561157227, 1.543426513671875, 1.4329124689102173, 1.468629002571106, 1.4790962934494019, 1.5566672086715698, 1.5089237689971924, 1.4926680326461792, 1.551490306854248, 1.4254283905029297, 1.4673740863800049, 1.4574657678604126, 1.4629229307174683, 1.4394140243530273, 1.5364998579025269, 1.5172474384307861, 1.4486979246139526, 1.4990565776824951, 1.534152626991272, 1.4277684688568115]",sae,Pre-64
1,beta,12,0.06,0.4455148672091349,0.4361346773072694,0.4120412652740904,0.5,0.5892778403611032,0.7320161231265901,30,"[0, 1, 2, 3, 4, 5, 6, 7, 8, 9, 10, 11, 12, 13, 14, 15, 16, 17, 18, 19, 20, 21, 22, 23, 24, 25, 26, 27, 28, 29]","[1.3755604028701782, 1.4832191467285156, 1.3923536539077759, 1.2921116352081299, 1.48041832447052, 1.416236400604248, 1.4099141359329224, 1.4620758295059204, 1.4974004030227661, 1.3683536052703857, 1.3701575994491577, 1.5385067462921143, 1.396665334701538, 1.4690977334976196, 1.354325771331787, 1.5421991348266602, 1.3268040418624878, 1.520596981048584, 1.4421606063842773, 1.5347323417663574, 1.4985655546188354, 1.445041537284851, 1.3966245651245117, 1.540891408920288, 1.5184016227722168, 1.3871588706970215, 1.518918514251709, 1.4640390872955322, 1.4175368547439575, 1.5494141578674316]",sae,Pre-64
1,beta,42,0.068,0.4546678683050885,0.4407690563496341,0.4564747968560332,0.5,0.6336081445133979,0.6613282941261366,30,"[0, 1, 2, 3, 4, 5, 6, 7, 8, 9, 10, 11, 12, 13, 14, 15, 16, 17, 18, 19, 20, 21, 22, 23, 24, 25, 26, 27, 28, 29]","[1.641998291015625, 1.5068724155426025, 1.6517505645751953, 1.6469411849975586, 1.5890765190124512, 1.6312674283981323, 1.5812263488769531, 1.5386884212493896, 1.5010135173797607, 1.649483323097229, 1.6172927618026733, 1.659291386604309, 1.5335471630096436, 1.296891450881958, 1.6613813638687134, 1.5437029600143433, 1.4880669116973877, 1.4642711877822876, 1.6140998601913452, 1.64419424533844, 1.5528980493545532, 1.5264992713928223, 1.554578423500061, 1.4817047119140625, 1.5334558486938477, 1.495115041732788, 1.6682214736938477, 1.4839246273040771, 1.570242166519165, 1.4877351522445679]",sae,Pre-64
1,beta,0,0.08,0.4600628296558519,0.4487196928272481,0.4324561997103203,0.5,0.6146148452673732,0.7223390809580085,30,"[0, 1, 2, 3, 4, 5, 6, 7, 8, 9, 10, 11, 12, 13, 14, 15, 16, 17, 18, 19, 20, 21, 22, 23, 24, 25, 26, 27, 28, 29]","[1.3895372152328491, 1.433126449584961, 1.4102946519851685, 1.4638220071792603, 1.3835960626602173, 1.4073580503463745, 1.4548249244689941, 1.485466718673706, 1.4685858488082886, 1.4133551120758057, 1.4047044515609741, 1.419870376586914, 1.481070876121521, 1.4644432067871094, 1.4812383651733398, 1.43003249168396, 1.4412788152694702, 1.364518642425537, 1.314473271369934, 1.464570164680481, 1.3853965997695923, 1.3724844455718994, 1.464335560798645, 1.407503604888916, 1.3825045824050903, 1.3458325862884521, 1.4699716567993164, 1.3549928665161133, 1.4630157947540283, 1.3471938371658325]",sae,Pre-64
1,beta,13,0.08,0.4619123366083722,0.4531466051409948,0.4416465611500038,0.5,0.6127276801885291,0.7101930533493636,30,"[0, 1, 2, 3, 4, 5, 6, 7, 8, 9, 10, 11, 12, 13, 14, 15, 16, 17, 18, 19, 20, 21, 22, 23, 24, 25, 26, 27, 28, 29]","[1.5980315208435059, 1.427873134613037, 1.582634687423706, 1.5041108131408691, 1.485156536102295, 1.5915032625198364, 1.5246771574020386, 1.513584017753601, 1.547444462776184, 1.51638925075531, 1.591513752937317, 1.4961912631988525, 1.5589464902877808, 1.550279974937439, 1.57278311252594, 1.4605666399002075, 1.4823315143585205, 1.5507359504699707, 1.5343014001846313, 1.5300904512405396, 1.5056049823760986, 1.4457519054412842, 1.5003212690353394, 1.4698652029037476, 1.5013809204101562, 1.443198561668396, 1.5136655569076538, 1.452836513519287, 1.5438169240951538, 1.5076030492782593]",sae,Pre-64
1,beta,21,0.058,0.4504746503440228,0.4381370334360364,0.4403918434005755,0.5,0.6200058082774133,0.6872706039372706,30,"[0, 1, 2, 3, 4, 5, 6, 7, 8, 9, 10, 11, 12, 13, 14, 15, 16, 17, 18, 19, 20, 21, 22, 23, 24, 25, 26, 27, 28, 29]","[1.4491063356399536, 1.4997690916061401, 1.6244169473648071, 1.6191167831420898, 1.5998531579971313, 1.5806694030761719, 1.4942594766616821, 1.5030159950256348, 1.6088365316390991, 1.5209661722183228, 1.5989106893539429, 1.60732102394104, 1.4863464832305908, 1.5134063959121704, 1.5094021558761597, 1.503063678741455, 1.5040830373764038, 1.5154746770858765, 1.446272373199463, 1.6159747838974, 1.441166877746582, 1.6239383220672607, 1.4360700845718384, 1.4540932178497314, 1.5096205472946167, 1.4676631689071655, 1.4350879192352295, 1.4898931980133057, 1.5772966146469116, 1.5622062683105469]",sae,Pre-64
1,beta,48,0.082,0.4556814132376,0.4510566266980289,0.4877986353945052,0.5,0.5923878577171784,0.5906183821614215,30,"[0, 1, 2, 3, 4, 5, 6, 7, 8, 9, 10, 11, 12, 13, 14, 15, 16, 17, 18, 19, 20, 21, 22, 23, 24, 25, 26, 27, 28, 29]","[1.5249813795089722, 1.4710460901260376, 1.4575302600860596, 1.446391224861145, 1.4179660081863403, 1.3673384189605713, 1.4632810354232788, 1.3875588178634644, 1.4196990728378296, 1.4130090475082397, 1.4865686893463135, 1.4275003671646118, 1.4461948871612549, 1.4269989728927612, 1.3799853324890137, 1.467494010925293, 1.4892185926437378, 1.4681332111358643, 1.4986578226089478, 1.3448047637939453, 1.4217294454574585, 1.5072169303894043, 1.5093121528625488, 1.3318010568618774, 1.4282491207122803, 1.4822907447814941, 1.5031265020370483, 1.4986491203308105, 1.4257830381393433, 1.4555596113204956]",sae,Pre-64
1,beta,29,0.076,0.4558655961502112,0.4409050416793991,0.4552894069075249,0.5,0.6296548282533407,0.6719377303155595,30,"[0, 1, 2, 3, 4, 5, 6, 7, 8, 9, 10, 11, 12, 13, 14, 15, 16, 17, 18, 19, 20, 21, 22, 23, 24, 25, 26, 27, 28, 29]","[1.392557144165039, 1.3533313274383545, 1.172992467880249, 1.4570907354354858, 1.3846110105514526, 1.357573390007019, 1.472147822380066, 1.353401780128479, 1.4392529726028442, 1.4629318714141846, 1.3858879804611206, 1.4310078620910645, 1.4479315280914307, 1.4252431392669678, 1.404421329498291, 1.424257516860962, 1.355232834815979, 1.3871934413909912, 1.3533128499984741, 1.3962304592132568, 1.4745186567306519, 1.4904756546020508, 1.3791112899780273, 1.3917492628097534, 1.4028639793395996, 1.3276444673538208, 1.3870763778686523, 1.4695667028427124, 1.5102648735046387, 1.3616690635681152]",sae,Pre-64
1,beta,31,0.085,0.4497611378811508,0.4308970333737342,0.4335498443918671,0.5,0.642735734520437,0.7099728276579753,30,"[0, 1, 2, 3, 4, 5, 6, 7, 8, 9, 10, 11, 12, 13, 14, 15, 16, 17, 18, 19, 20, 21, 22, 23, 24, 25, 26, 27, 28, 29]","[1.556570291519165, 1.5174583196640015, 1.4336576461791992, 1.4579037427902222, 1.5081515312194824, 1.5951635837554932, 1.471365213394165, 1.528228759765625, 1.4780189990997314, 1.5469952821731567, 1.4985605478286743, 1.5269306898117065, 1.56145441532135, 1.397105097770691, 1.561063289642334, 1.4973994493484497, 1.52130925655365, 1.5208154916763306, 1.5347663164138794, 1.4897329807281494, 1.5788100957870483, 1.5206154584884644, 1.573887825012207, 1.5255529880523682, 1.5148591995239258, 1.5415669679641724, 1.434254765510559, 1.5872254371643066, 1.4305918216705322, 1.527485728263855]",sae,Pre-64
1,beta,47,0.062,0.4460371044958436,0.4257646434940195,0.4058277062698958,0.5,0.6434257056516428,0.7328730791487174,30,"[0, 1, 2, 3, 4, 5, 6, 7, 8, 9, 10, 11, 12, 13, 14, 15, 16, 17, 18, 19, 20, 21, 22, 23, 24, 25, 26, 27, 28, 29]","[1.5565309524536133, 1.3989607095718384, 1.3983551263809204, 1.4113688468933105, 1.5039280652999878, 1.5356343984603882, 1.4883025884628296, 1.5156184434890747, 1.5000598430633545, 1.4247077703475952, 1.4350508451461792, 1.3741390705108643, 1.4153409004211426, 1.556685209274292, 1.3812366724014282, 1.5241847038269043, 1.4291378259658813, 1.5000711679458618, 1.342813491821289, 1.3805878162384033, 1.4277050495147705, 1.4788203239440918, 1.518272042274475, 1.3951621055603027, 1.4894993305206299, 1.377213954925537, 1.3298090696334839, 1.4912240505218506, 1.3774205446243286, 1.461147665977478]",sae,Pre-64
1,beta,27,0.042,0.4609757262074365,0.4537266978541116,0.464532523591329,0.5,0.5914172664146189,0.6601798074846894,30,"[0, 1, 2, 3, 4, 5, 6, 7, 8, 9, 10, 11, 12, 13, 14, 15, 16, 17, 18, 19, 20, 21, 22, 23, 24, 25, 26, 27, 28, 29]","[1.6412526369094849, 1.7369667291641235, 1.6352453231811523, 1.6378389596939087, 1.7048470973968506, 1.627089023590088, 1.7245187759399414, 1.583301067352295, 1.7179864645004272, 1.7233484983444214, 1.6049572229385376, 1.7455706596374512, 1.6322687864303589, 1.6064034700393677, 1.6205931901931763, 1.5510913133621216, 1.6553382873535156, 1.6950713396072388, 1.649376630783081, 1.6730458736419678, 1.731647253036499, 1.6381317377090454, 1.6064786911010742, 1.5996301174163818, 1.6156728267669678, 1.7530170679092407, 1.6208134889602661, 1.6679648160934448, 1.5550180673599243, 1.6780476570129395]",sae,Pre-64
1,beta,39,0.045,0.4461088087810431,0.4292341094433316,0.4422822379001012,0.5,0.6205127278095635,0.6706556878199277,30,"[0, 1, 2, 3, 4, 5, 6, 7, 8, 9, 10, 11, 12, 13, 14, 15, 16, 17, 18, 19, 20, 21, 22, 23, 24, 25, 26, 27, 28, 29]","[1.5910900831222534, 1.7528773546218872, 1.668179988861084, 1.719825029373169, 1.6066168546676636, 1.597581386566162, 1.6541893482208252, 1.6546823978424072, 1.5887447595596313, 1.7583270072937012, 1.664933204650879, 1.6108195781707764, 1.6734342575073242, 1.578510046005249, 1.6773440837860107, 1.743360996246338, 1.7551301717758179, 1.7156856060028076, 1.6007944345474243, 1.6305344104766846, 1.5804849863052368, 1.6266378164291382, 1.6801656484603882, 1.687646746635437, 1.7060812711715698, 1.6031913757324219, 1.573196291923523, 1.6067876815795898, 1.7464509010314941, 1.6055598258972168]",sae,Pre-64
1,beta,7,0.058,0.4564836922581216,0.4420418003909208,0.4407137781352463,0.5,0.6095136152062148,0.7015447129299122,30,"[0, 1, 2, 3, 4, 5, 6, 7, 8, 9, 10, 11, 12, 13, 14, 15, 16, 17, 18, 19, 20, 21, 22, 23, 24, 25, 26, 27, 28, 29]","[1.4909769296646118, 1.5576469898223877, 1.5824189186096191, 1.5543134212493896, 1.5879406929016113, 1.539120078086853, 1.5355771780014038, 1.5409224033355713, 1.6513816118240356, 1.5509793758392334, 1.4666996002197266, 1.5212336778640747, 1.470080852508545, 1.501767873764038, 1.6588444709777832, 1.5723052024841309, 1.4989650249481201, 1.506321668624878, 1.5950160026550293, 1.5826034545898438, 1.5602906942367554, 1.609654426574707, 1.6069096326828003, 1.5199987888336182, 1.6410411596298218, 1.635725975036621, 1.5103412866592407, 1.4695250988006592, 1.6273059844970703, 1.5026217699050903]",sae,Pre-64
1,beta,22,0.066,0.4519005213187685,0.4442985770479847,0.4444288554868374,0.5,0.5939599289403404,0.680162413675455,30,"[0, 1, 2, 3, 4, 5, 6, 7, 8, 9, 10, 11, 12, 13, 14, 15, 16, 17, 18, 19, 20, 21, 22, 23, 24, 25, 26, 27, 28, 29]","[1.4177886247634888, 1.4635896682739258, 1.4766676425933838, 1.498199224472046, 1.5384167432785034, 1.4382164478302002, 1.4472825527191162, 1.428186058998108, 1.4238051176071167, 1.4740476608276367, 1.422049880027771, 1.5317305326461792, 1.4646192789077759, 1.5179697275161743, 1.3826855421066284, 1.5042235851287842, 1.5157908201217651, 1.4687284231185913, 1.4008240699768066, 1.4099704027175903, 1.4890803098678589, 1.4875237941741943, 1.4888582229614258, 1.4393301010131836, 1.4911617040634155, 1.5240787267684937, 1.424020528793335, 1.4123480319976807, 1.553000807762146, 1.393140196800232]",sae,Pre-64
1,beta,24,0.075,0.4501416387440968,0.4383559369047743,0.4491965246922139,0.5,0.6188330126613704,0.6423907646474678,30,"[0, 1, 2, 3, 4, 5, 6, 7, 8, 9, 10, 11, 12, 13, 14, 15, 16, 17, 18, 19, 20, 21, 22, 23, 24, 25, 26, 27, 28, 29]","[1.4947086572647095, 1.4019203186035156, 1.426276445388794, 1.5042123794555664, 1.5095494985580444, 1.4203189611434937, 1.428253173828125, 1.4275763034820557, 1.4701939821243286, 1.3559759855270386, 1.4599159955978394, 1.4083669185638428, 1.5033910274505615, 1.4884477853775024, 1.4264793395996094, 1.3970199823379517, 1.510138988494873, 1.3024805784225464, 1.4022952318191528, 1.5119447708129883, 1.4865846633911133, 1.5052696466445923, 1.405665397644043, 1.4662160873413086, 1.3848299980163574, 1.3487850427627563, 1.4600731134414673, 1.3828582763671875, 1.5140084028244019, 1.4191921949386597]",sae,Pre-64
1,beta,17,0.065,0.4599327030141671,0.4513468217402507,0.4456131572674561,0.5,0.6120635717004715,0.6968071219906338,30,"[0, 1, 2, 3, 4, 5, 6, 7, 8, 9, 10, 11, 12, 13, 14, 15, 16, 17, 18, 19, 20, 21, 22, 23, 24, 25, 26, 27, 28, 29]","[1.530794382095337, 1.4071650505065918, 1.4414558410644531, 1.4651139974594116, 1.5461879968643188, 1.4287225008010864, 1.4917830228805542, 1.3360501527786255, 1.4496142864227295, 1.4598922729492188, 1.5139045715332031, 1.5227563381195068, 1.457500696182251, 1.536240577697754, 1.4591881036758423, 1.4606564044952393, 1.5303847789764404, 1.4598445892333984, 1.5131655931472778, 1.4806958436965942, 1.4022287130355835, 1.4787315130233765, 1.3191832304000854, 1.4473004341125488, 1.4568101167678833, 1.4511737823486328, 1.4237382411956787, 1.4581259489059448, 1.4239590167999268, 1.5140224695205688]",sae,Pre-64
1,beta,17,0.046,0.4599327030141671,0.4513468217402507,0.4478838616563662,0.5,0.6120635717004715,0.6979673332351298,30,"[0, 1, 2, 3, 4, 5, 6, 7, 8, 9, 10, 11, 12, 13, 14, 15, 16, 17, 18, 19, 20, 21, 22, 23, 24, 25, 26, 27, 28, 29]","[1.6371876001358032, 1.5138686895370483, 1.5649135112762451, 1.5488276481628418, 1.670162320137024, 1.540456771850586, 1.602185845375061, 1.4332990646362305, 1.5507248640060425, 1.5824707746505737, 1.6258442401885986, 1.6389769315719604, 1.563578724861145, 1.6490076780319214, 1.5612833499908447, 1.5430829524993896, 1.6274082660675049, 1.5739710330963135, 1.6212782859802246, 1.58989417552948, 1.5231465101242065, 1.5897492170333862, 1.433574914932251, 1.5581538677215576, 1.5900062322616577, 1.5735554695129395, 1.5272771120071411, 1.5718473196029663, 1.5493851900100708, 1.6140568256378174]",sae,Pre-64
1,beta,5,0.062,0.4445517550333296,0.4301735816232515,0.4347228221953493,0.5,0.6070910659257547,0.6821599794978216,30,"[0, 1, 2, 3, 4, 5, 6, 7, 8, 9, 10, 11, 12, 13, 14, 15, 16, 17, 18, 19, 20, 21, 22, 23, 24, 25, 26, 27, 28, 29]","[1.561297059059143, 1.4305517673492432, 1.427131175994873, 1.571746826171875, 1.565746784210205, 1.5179998874664307, 1.4957797527313232, 1.463901162147522, 1.527584433555603, 1.429849624633789, 1.5407499074935913, 1.5694489479064941, 1.5091897249221802, 1.4873286485671997, 1.5713835954666138, 1.5385257005691528, 1.5356509685516357, 1.5638060569763184, 1.426262378692627, 1.4970343112945557, 1.5781664848327637, 1.5003267526626587, 1.5908215045928955, 1.4398677349090576, 1.5128740072250366, 1.5814217329025269, 1.432631492614746, 1.502106785774231, 1.5466911792755127, 1.5156596899032593]",sae,Pre-64
1,beta,1,0.068,0.4560357198099471,0.4497423189216591,0.4516884294888022,0.5,0.5964054457666336,0.6825329366765832,30,"[0, 1, 2, 3, 4, 5, 6, 7, 8, 9, 10, 11, 12, 13, 14, 15, 16, 17, 18, 19, 20, 21, 22, 23, 24, 25, 26, 27, 28, 29]","[1.6303194761276245, 1.4871209859848022, 1.5743509531021118, 1.4462149143218994, 1.5760655403137207, 1.4445308446884155, 1.4867244958877563, 1.5285495519638062, 1.419508457183838, 1.497305154800415, 1.5054254531860352, 1.5537497997283936, 1.6136406660079956, 1.4697902202606201, 1.607123851776123, 1.4675167798995972, 1.4559226036071777, 1.517166018486023, 1.5851874351501465, 1.6134040355682373, 1.6109023094177246, 1.5333887338638306, 1.5338233709335327, 1.4879294633865356, 1.4419983625411987, 1.480111837387085, 1.5289546251296997, 1.5196630954742432, 1.6119974851608276, 1.543534755706787]",sae,Pre-64
1,beta,45,0.065,0.4515599815008028,0.4347157609968581,0.4473108660209844,0.5,0.6289673345145609,0.6764928141989611,30,"[0, 1, 2, 3, 4, 5, 6, 7, 8, 9, 10, 11, 12, 13, 14, 15, 16, 17, 18, 19, 20, 21, 22, 23, 24, 25, 26, 27, 28, 29]","[1.5527499914169312, 1.5445669889450073, 1.4378526210784912, 1.6177011728286743, 1.6137027740478516, 1.469733715057373, 1.625286340713501, 1.6012266874313354, 1.4804784059524536, 1.4405847787857056, 1.5500872135162354, 1.6291866302490234, 1.5836201906204224, 1.4981153011322021, 1.5080409049987793, 1.5263575315475464, 1.5398491621017456, 1.4140331745147705, 1.5395407676696777, 1.5319586992263794, 1.582780361175537, 1.480819821357727, 1.592771053314209, 1.4602985382080078, 1.439697027206421, 1.6188708543777466, 1.4722639322280884, 1.48768949508667, 1.4148359298706055, 1.619667410850525]",sae,Pre-64
1,beta,5,0.074,0.4445517550333296,0.4301735816232515,0.4290082591335514,0.5,0.6070910659257547,0.6831757124194446,30,"[0, 1, 2, 3, 4, 5, 6, 7, 8, 9, 10, 11, 12, 13, 14, 15, 16, 17, 18, 19, 20, 21, 22, 23, 24, 25, 26, 27, 28, 29]","[1.3852170705795288, 1.2807810306549072, 1.2824281454086304, 1.4006842374801636, 1.4000639915466309, 1.3328993320465088, 1.329635739326477, 1.310902714729309, 1.3711246252059937, 1.292407512664795, 1.3812322616577148, 1.4022332429885864, 1.331438660621643, 1.3357226848602295, 1.4121477603912354, 1.3596402406692505, 1.365182876586914, 1.3920087814331055, 1.2716032266616821, 1.3385258913040161, 1.4146537780761719, 1.3422778844833374, 1.4108340740203857, 1.2930399179458618, 1.3381799459457397, 1.4149739742279053, 1.2836060523986816, 1.3161230087280273, 1.3915985822677612, 1.339836835861206]",sae,Pre-64
1,beta,18,0.044,0.4575117633693479,0.4471831599677374,0.4267063415354706,0.5,0.6052065040104606,0.7327829407806705,30,"[0, 1, 2, 3, 4, 5, 6, 7, 8, 9, 10, 11, 12, 13, 14, 15, 16, 17, 18, 19, 20, 21, 22, 23, 24, 25, 26, 27, 28, 29]","[1.5262770652770996, 1.6867351531982422, 1.7167468070983887, 1.5828857421875, 1.6096315383911133, 1.6157631874084473, 1.8132377862930298, 1.5829898118972778, 1.7081440687179565, 1.5776973962783813, 1.7875856161117554, 1.6725972890853882, 1.7137938737869263, 1.691597580909729, 1.6156595945358276, 1.5900883674621582, 1.6755326986312866, 1.616179347038269, 1.5941146612167358, 1.545103907585144, 1.8104398250579834, 1.6120829582214355, 1.7519934177398682, 1.6973158121109009, 1.690901279449463, 1.6188914775848389, 1.7003198862075806, 1.7433645725250244, 1.6872224807739258, 1.644538164138794]",sae,Pre-64
1,beta,39,0.064,0.4461088087810431,0.4292341094433316,0.4412394183027451,0.5,0.6205127278095635,0.6703092093964949,30,"[0, 1, 2, 3, 4, 5, 6, 7, 8, 9, 10, 11, 12, 13, 14, 15, 16, 17, 18, 19, 20, 21, 22, 23, 24, 25, 26, 27, 28, 29]","[1.5297245979309082, 1.6683732271194458, 1.5938928127288818, 1.6224946975708008, 1.5232720375061035, 1.535696029663086, 1.5670552253723145, 1.585813045501709, 1.5161488056182861, 1.6652418375015259, 1.5786776542663574, 1.5202971696853638, 1.5968283414840698, 1.5018515586853027, 1.6008890867233276, 1.6579805612564087, 1.6608353853225708, 1.635135293006897, 1.5295432806015015, 1.5373473167419434, 1.498462438583374, 1.5665583610534668, 1.5823419094085693, 1.585325002670288, 1.6209189891815186, 1.5424553155899048, 1.4856486320495605, 1.5387107133865356, 1.6706604957580566, 1.5321823358535767]",sae,Pre-64
1,beta,3,0.085,0.4557259332451328,0.444824285747971,0.4644339381843572,0.5,0.6042731979176,0.6522588720237493,30,"[0, 1, 2, 3, 4, 5, 6, 7, 8, 9, 10, 11, 12, 13, 14, 15, 16, 17, 18, 19, 20, 21, 22, 23, 24, 25, 26, 27, 28, 29]","[1.399703025817871, 1.4266173839569092, 1.4112679958343506, 1.369238257408142, 1.404672384262085, 1.441309928894043, 1.397246241569519, 1.4448559284210205, 1.200186848640442, 1.4697884321212769, 1.36158287525177, 1.4678486585617065, 1.4034044742584229, 1.3793681859970093, 1.4786951541900635, 1.3982728719711304, 1.4040099382400513, 1.4294517040252686, 1.3634032011032104, 1.3662822246551514, 1.3117241859436035, 1.3777315616607666, 1.374463438987732, 1.4893364906311035, 1.4600955247879028, 1.3891533613204956, 1.3922463655471802, 1.3857795000076294, 1.4546754360198975, 1.3918583393096924]",sae,Pre-64
1,beta,23,0.055,0.4478205607315014,0.4344954522622479,0.4346377888274403,0.5,0.6150139710231751,0.6750129725526504,30,"[0, 1, 2, 3, 4, 5, 6, 7, 8, 9, 10, 11, 12, 13, 14, 15, 16, 17, 18, 19, 20, 21, 22, 23, 24, 25, 26, 27, 28, 29]","[1.3983104228973389, 1.45762300491333, 1.4366331100463867, 1.5489040613174438, 1.328081488609314, 1.394206166267395, 1.5302214622497559, 1.4215325117111206, 1.3967864513397217, 1.5313681364059448, 1.5364426374435425, 1.4911810159683228, 1.4803911447525024, 1.3753687143325806, 1.4689003229141235, 1.52825129032135, 1.220873475074768, 1.4340325593948364, 1.3792253732681274, 1.4111799001693726, 1.5261536836624146, 1.5483982563018799, 1.3992259502410889, 1.5413384437561035, 1.5341582298278809, 1.4417623281478882, 1.3974980115890503, 1.4388700723648071, 1.441265344619751, 1.549795150756836]",sae,Pre-64
1,beta,8,0.078,0.4517491928182039,0.4406431065890545,0.4394760295409051,0.5,0.6098144493254953,0.6783599668937417,30,"[0, 1, 2, 3, 4, 5, 6, 7, 8, 9, 10, 11, 12, 13, 14, 15, 16, 17, 18, 19, 20, 21, 22, 23, 24, 25, 26, 27, 28, 29]","[1.389816164970398, 1.5016337633132935, 1.418410062789917, 1.44951593875885, 1.5105222463607788, 1.445932149887085, 1.494397521018982, 1.406577229499817, 1.4529107809066772, 1.50212562084198, 1.5103201866149902, 1.434169888496399, 1.4177004098892212, 1.450735330581665, 1.4796099662780762, 1.3951472043991089, 1.4168318510055542, 1.4527924060821533, 1.3633664846420288, 1.4329109191894531, 1.405828595161438, 1.381579041481018, 1.4850586652755737, 1.417503833770752, 1.4846056699752808, 1.4886852502822876, 1.386326789855957, 1.4843231439590454, 1.455207109451294, 1.4553422927856445]",sae,Pre-64
1,beta,40,0.042,0.44666181227492,0.4340193094910912,0.4386291578220257,0.5,0.6093636266731638,0.6684798002101449,30,"[0, 1, 2, 3, 4, 5, 6, 7, 8, 9, 10, 11, 12, 13, 14, 15, 16, 17, 18, 19, 20, 21, 22, 23, 24, 25, 26, 27, 28, 29]","[1.6874206066131592, 1.6662123203277588, 1.5966569185256958, 1.5499300956726074, 1.597071647644043, 1.6117477416992188, 1.6144787073135376, 1.658808946609497, 1.631341814994812, 1.6816593408584595, 1.5588833093643188, 1.5760960578918457, 1.6549763679504395, 1.5977973937988281, 1.574942708015442, 1.6841189861297607, 1.6220169067382812, 1.584454894065857, 1.5790486335754395, 1.61861252784729, 1.5391333103179932, 1.5601822137832642, 1.6795456409454346, 1.583012580871582, 1.66936194896698, 1.5634636878967285, 1.6526689529418945, 1.6014493703842163, 1.6990710496902466, 1.5500986576080322]",sae,Pre-64
1,beta,18,0.074,0.4575117633693479,0.4471831599677374,0.4242276888023267,0.5,0.6052065040104606,0.7328622803096073,30,"[0, 1, 2, 3, 4, 5, 6, 7, 8, 9, 10, 11, 12, 13, 14, 15, 16, 17, 18, 19, 20, 21, 22, 23, 24, 25, 26, 27, 28, 29]","[1.3693196773529053, 1.5399785041809082, 1.559675693511963, 1.4562445878982544, 1.4740930795669556, 1.4888999462127686, 1.6685137748718262, 1.445043683052063, 1.5540255308151245, 1.4300497770309448, 1.6393717527389526, 1.5270717144012451, 1.5567047595977783, 1.5601177215576172, 1.4881998300552368, 1.4466835260391235, 1.5440019369125366, 1.478522539138794, 1.4611743688583374, 1.4034498929977417, 1.65559720993042, 1.467772364616394, 1.5901206731796265, 1.5489542484283447, 1.5258824825286865, 1.4930917024612427, 1.5372389554977417, 1.5885056257247925, 1.5430091619491577, 1.4834654331207275]",sae,Pre-64
1,beta,12,0.0535,0.4455148672091349,0.4361346773072694,0.4189612289997622,0.5,0.5892778403611032,0.7303115714750916,30,"[0, 1, 2, 3, 4, 5, 6, 7, 8, 9, 10, 11, 12, 13, 14, 15, 16, 17, 18, 19, 20, 21, 22, 23, 24, 25, 26, 27, 28, 29]","[1.5874049663543701, 1.7626289129257202, 1.6208515167236328, 1.5772761106491089, 1.7897921800613403, 1.7410223484039307, 1.718888521194458, 1.7125648260116577, 1.7699503898620605, 1.6136051416397095, 1.5961432456970215, 1.8203884363174438, 1.6415501832962036, 1.7206908464431763, 1.5798468589782715, 1.8222451210021973, 1.5528863668441772, 1.811722755432129, 1.701237678527832, 1.816637396812439, 1.7584940195083618, 1.7144726514816284, 1.6170568466186523, 1.8180643320083618, 1.8052693605422974, 1.6853809356689453, 1.8066728115081787, 1.7181313037872314, 1.6648348569869995, 1.819141149520874]",sae,Pre-64
1,beta,45,0.046,0.4515599815008028,0.4347157609968581,0.4497453174177664,0.5,0.6289673345145609,0.6776990292732421,30,"[0, 1, 2, 3, 4, 5, 6, 7, 8, 9, 10, 11, 12, 13, 14, 15, 16, 17, 18, 19, 20, 21, 22, 23, 24, 25, 26, 27, 28, 29]","[1.6221716403961182, 1.6138418912887573, 1.4997004270553589, 1.6884897947311401, 1.6907107830047607, 1.542857050895691, 1.6993170976638794, 1.6779615879058838, 1.5501102209091187, 1.5037959814071655, 1.6244763135910034, 1.6970765590667725, 1.6579679250717163, 1.5708812475204468, 1.5851662158966064, 1.5984723567962646, 1.6134159564971924, 1.5051863193511963, 1.6052809953689575, 1.6021465063095093, 1.6579911708831787, 1.545468807220459, 1.6737123727798462, 1.5485224723815918, 1.5046966075897217, 1.6935474872589111, 1.5402858257293701, 1.5525753498077393, 1.493512749671936, 1.6956493854522705]",sae,Pre-64
1,beta,41,0.06,0.4543678569363413,0.4427951465832617,0.4546864834017056,0.5,0.6190905384235713,0.6764036424243725,30,"[0, 1, 2, 3, 4, 5, 6, 7, 8, 9, 10, 11, 12, 13, 14, 15, 16, 17, 18, 19, 20, 21, 22, 23, 24, 25, 26, 27, 28, 29]","[1.470770239830017, 1.5635052919387817, 1.5044466257095337, 1.4268832206726074, 1.4393422603607178, 1.60751211643219, 1.463120698928833, 1.5266262292861938, 1.4947986602783203, 1.5909181833267212, 1.5829505920410156, 1.5201091766357422, 1.5231950283050537, 1.5913126468658447, 1.5912535190582275, 1.506312608718872, 1.502985954284668, 1.5399900674819946, 1.5773051977157593, 1.5400826930999756, 1.451780915260315, 1.5041393041610718, 1.508413314819336, 1.5282702445983887, 1.5033496618270874, 1.4847853183746338, 1.5633741617202759, 1.576222538948059, 1.5342565774917603, 1.455548644065857]",sae,Pre-64
1,beta,38,0.075,0.4455661720406026,0.4298851252298221,0.4399924296302205,0.5,0.6303640517897944,0.6609520182787509,30,"[0, 1, 2, 3, 4, 5, 6, 7, 8, 9, 10, 11, 12, 13, 14, 15, 16, 17, 18, 19, 20, 21, 22, 23, 24, 25, 26, 27, 28, 29]","[1.4279706478118896, 1.4143747091293335, 1.4337278604507446, 1.489554524421692, 1.4408611059188843, 1.3189351558685303, 1.4992402791976929, 1.446715235710144, 1.3231984376907349, 1.4491965770721436, 1.4318903684616089, 1.470650315284729, 1.471327781677246, 1.438489317893982, 1.4891469478607178, 1.4192665815353394, 1.4103928804397583, 1.505009651184082, 1.399832844734192, 1.453498363494873, 1.4302865266799927, 1.4334748983383179, 1.4976810216903687, 1.3844037055969238, 1.4286528825759888, 1.4950617551803589, 1.3808364868164062, 1.4959354400634766, 1.4203261137008667, 1.5067555904388428]",sae,Pre-64
1,beta,17,0.054,0.4599327030141671,0.4513468217402507,0.4478344361282549,0.5,0.6120635717004715,0.6979833763824452,30,"[0, 1, 2, 3, 4, 5, 6, 7, 8, 9, 10, 11, 12, 13, 14, 15, 16, 17, 18, 19, 20, 21, 22, 23, 24, 25, 26, 27, 28, 29]","[1.6330081224441528, 1.509668231010437, 1.5607703924179077, 1.5446114540100098, 1.666029930114746, 1.5362969636917114, 1.5979992151260376, 1.4290571212768555, 1.5465387105941772, 1.5783281326293945, 1.621694803237915, 1.6348190307617188, 1.5593751668930054, 1.6448652744293213, 1.5571125745773315, 1.538873553276062, 1.623240351676941, 1.5698161125183105, 1.6171202659606934, 1.5857188701629639, 1.5189884901046753, 1.5855716466903687, 1.4293880462646484, 1.553975224494934, 1.5859112739562988, 1.5694319009780884, 1.5230739116668701, 1.567695140838623, 1.5452395677566528, 1.6099132299423218]",sae,Pre-64
1,beta,46,0.044,0.4545712902572906,0.4417269056853911,0.455296263578723,0.5,0.6270377926330811,0.6898891269729255,30,"[0, 1, 2, 3, 4, 5, 6, 7, 8, 9, 10, 11, 12, 13, 14, 15, 16, 17, 18, 19, 20, 21, 22, 23, 24, 25, 26, 27, 28, 29]","[1.567639708518982, 1.6834192276000977, 1.6645655632019043, 1.6526215076446533, 1.5691049098968506, 1.696718454360962, 1.590954303741455, 1.7316628694534302, 1.6463489532470703, 1.7527180910110474, 1.4785302877426147, 1.575584053993225, 1.7164403200149536, 1.5668929815292358, 1.6222060918807983, 1.719228982925415, 1.637893795967102, 1.646512508392334, 1.7419108152389526, 1.7089712619781494, 1.6147541999816895, 1.6197453737258911, 1.6390008926391602, 1.6464024782180786, 1.639150857925415, 1.6605243682861328, 1.6502423286437988, 1.683281660079956, 1.619430422782898, 1.634352207183838]",sae,Pre-64
1,beta,32,0.074,0.4555596844830426,0.4475674839123162,0.4709060516438011,0.5,0.5924839124839124,0.6331457988600845,30,"[0, 1, 2, 3, 4, 5, 6, 7, 8, 9, 10, 11, 12, 13, 14, 15, 16, 17, 18, 19, 20, 21, 22, 23, 24, 25, 26, 27, 28, 29]","[1.4924057722091675, 1.4139667749404907, 1.4932692050933838, 1.4278415441513062, 1.4371024370193481, 1.5017083883285522, 1.432948112487793, 1.413236141204834, 1.3899171352386475, 1.398900032043457, 1.4143010377883911, 1.3889929056167603, 1.4325156211853027, 1.352126955986023, 1.3409595489501953, 1.3459391593933105, 1.37299382686615, 1.4365615844726562, 1.3830403089523315, 1.413041353225708, 1.4976171255111694, 1.4138050079345703, 1.3364372253417969, 1.4992300271987915, 1.4280544519424438, 1.3588446378707886, 1.4749350547790527, 1.2948988676071167, 1.50352144241333, 1.496361255645752]",sae,Pre-64
1,beta,36,0.078,0.4642138821845151,0.4576483090311837,0.4619875762701584,0.5,0.6031055233182893,0.6742583976626529,30,"[0, 1, 2, 3, 4, 5, 6, 7, 8, 9, 10, 11, 12, 13, 14, 15, 16, 17, 18, 19, 20, 21, 22, 23, 24, 25, 26, 27, 28, 29]","[1.517934799194336, 1.5093307495117188, 1.4292930364608765, 1.5104511976242065, 1.387850284576416, 1.5389022827148438, 1.4362636804580688, 1.4807407855987549, 1.5511538982391357, 1.4039103984832764, 1.4382137060165405, 1.540021300315857, 1.429484248161316, 1.4652208089828491, 1.4757059812545776, 1.5532746315002441, 1.505515694618225, 1.4892727136611938, 1.5481066703796387, 1.4220050573349, 1.463963270187378, 1.4540499448776245, 1.4595082998275757, 1.4360271692276, 1.533099889755249, 1.5138673782348633, 1.4452495574951172, 1.495665431022644, 1.5307613611221313, 1.4243645668029785]",sae,Pre-64
1,beta,40,0.0535,0.44666181227492,0.4340193094910912,0.4369191162199078,0.5,0.6093636266731638,0.6688574517656733,30,"[0, 1, 2, 3, 4, 5, 6, 7, 8, 9, 10, 11, 12, 13, 14, 15, 16, 17, 18, 19, 20, 21, 22, 23, 24, 25, 26, 27, 28, 29]","[1.5945971012115479, 1.5650578737258911, 1.5212503671646118, 1.4647325277328491, 1.505073070526123, 1.5270988941192627, 1.5258115530014038, 1.5672953128814697, 1.5441259145736694, 1.5857676267623901, 1.4897892475128174, 1.5036829710006714, 1.5731921195983887, 1.495185375213623, 1.4915851354599, 1.5997998714447021, 1.526326060295105, 1.515073537826538, 1.4821783304214478, 1.5145080089569092, 1.4682533740997314, 1.48088538646698, 1.5868189334869385, 1.5114083290100098, 1.5820492506027222, 1.495184063911438, 1.5628979206085205, 1.497676968574524, 1.6099390983581543, 1.469404697418213]",sae,Pre-64
1,beta,14,0.086,0.4467366851483266,0.4421697276018216,0.4320229265677041,0.5,0.5934222168898753,0.6975944450276699,30,"[0, 1, 2, 3, 4, 5, 6, 7, 8, 9, 10, 11, 12, 13, 14, 15, 16, 17, 18, 19, 20, 21, 22, 23, 24, 25, 26, 27, 28, 29]","[1.4074660539627075, 1.2923110723495483, 1.3703325986862183, 1.3944668769836426, 1.419826865196228, 1.381581425666809, 1.3667690753936768, 1.4646642208099365, 1.384081244468689, 1.4436585903167725, 1.3423858880996704, 1.3003984689712524, 1.32087242603302, 1.4432568550109863, 1.4367414712905884, 1.3884203433990479, 1.4642289876937866, 1.4591302871704102, 1.3792074918746948, 1.376651406288147, 1.4025993347167969, 1.3939709663391113, 1.4525914192199707, 1.3400352001190186, 1.4527111053466797, 1.4527044296264648, 1.3911280632019043, 1.460129737854004, 1.4459587335586548, 1.342552661895752]",sae,Pre-64
1,beta,42,0.08,0.4546678683050885,0.4407690563496341,0.4548630922661006,0.5,0.6336081445133979,0.6612456102371674,30,"[0, 1, 2, 3, 4, 5, 6, 7, 8, 9, 10, 11, 12, 13, 14, 15, 16, 17, 18, 19, 20, 21, 22, 23, 24, 25, 26, 27, 28, 29]","[1.5529732704162598, 1.4132875204086304, 1.5565649271011353, 1.5566880702972412, 1.4907928705215454, 1.5426545143127441, 1.4851099252700806, 1.445763349533081, 1.4224916696548462, 1.5580098628997803, 1.5291194915771484, 1.5729053020477295, 1.442549705505371, 1.227431058883667, 1.5736316442489624, 1.4685288667678833, 1.408142328262329, 1.3895442485809326, 1.5254933834075928, 1.542817234992981, 1.4594515562057495, 1.4483036994934082, 1.463296890258789, 1.410410761833191, 1.4499804973602295, 1.419892430305481, 1.5780842304229736, 1.4147071838378906, 1.490747094154358, 1.4048447608947754]",sae,Pre-64
1,beta,28,0.05,0.4589844236982603,0.4495627040154577,0.4418064767348968,0.5,0.5987249917034086,0.6982648271938557,30,"[0, 1, 2, 3, 4, 5, 6, 7, 8, 9, 10, 11, 12, 13, 14, 15, 16, 17, 18, 19, 20, 21, 22, 23, 24, 25, 26, 27, 28, 29]","[1.457434892654419, 1.3409945964813232, 1.3301748037338257, 1.5496890544891357, 1.503748893737793, 1.487649917602539, 1.448300838470459, 1.3812118768692017, 1.4820835590362549, 1.513658881187439, 1.4436943531036377, 1.4742276668548584, 1.5213741064071655, 1.5314773321151733, 1.4644166231155396, 1.4114670753479004, 1.4461933374404907, 1.5027871131896973, 1.477393388748169, 1.477545142173767, 1.4120444059371948, 1.4322996139526367, 1.434058427810669, 1.3822283744812012, 1.413814902305603, 1.5024678707122803, 1.5412999391555786, 1.4245424270629883, 1.4032567739486694, 1.4152497053146362]",sae,Pre-64
1,beta,1,0.05,0.4560357198099471,0.4497423189216591,0.4538357849052543,0.5,0.5964054457666336,0.6836086910327241,30,"[0, 1, 2, 3, 4, 5, 6, 7, 8, 9, 10, 11, 12, 13, 14, 15, 16, 17, 18, 19, 20, 21, 22, 23, 24, 25, 26, 27, 28, 29]","[1.749513864517212, 1.6057978868484497, 1.6997218132019043, 1.5719218254089355, 1.7138644456863403, 1.5547058582305908, 1.6237818002700806, 1.6274549961090088, 1.529684066772461, 1.608270287513733, 1.6286510229110718, 1.6866861581802368, 1.7344024181365967, 1.588330864906311, 1.7278027534484863, 1.6203501224517822, 1.569139003753662, 1.647193193435669, 1.7082903385162354, 1.7302788496017456, 1.7485785484313965, 1.6255842447280884, 1.6508551836013794, 1.6019108295440674, 1.5674877166748047, 1.5751361846923828, 1.6474288702011108, 1.620481014251709, 1.7360461950302124, 1.6560572385787964]",sae,Pre-64
1,beta,41,0.072,0.4543678569363413,0.4427951465832617,0.454607314809696,0.5,0.6190905384235713,0.676413656945428,30,"[0, 1, 2, 3, 4, 5, 6, 7, 8, 9, 10, 11, 12, 13, 14, 15, 16, 17, 18, 19, 20, 21, 22, 23, 24, 25, 26, 27, 28, 29]","[1.4655622243881226, 1.5583161115646362, 1.4993529319763184, 1.4217239618301392, 1.4341684579849243, 1.6023328304290771, 1.4579572677612305, 1.5214364528656006, 1.4895988702774048, 1.585793137550354, 1.5777963399887085, 1.5149035453796387, 1.5179979801177979, 1.5861693620681763, 1.586092233657837, 1.501144528388977, 1.4978723526000977, 1.5348185300827026, 1.5722182989120483, 1.5348819494247437, 1.4465962648391724, 1.498961329460144, 1.503192663192749, 1.5230765342712402, 1.4981255531311035, 1.4795907735824585, 1.5581988096237183, 1.5710548162460327, 1.5290855169296265, 1.4503923654556274]",sae,Pre-64
1,beta,31,0.065,0.4497611378811508,0.4308970333737342,0.433665450070356,0.5,0.642735734520437,0.7099757183326588,30,"[0, 1, 2, 3, 4, 5, 6, 7, 8, 9, 10, 11, 12, 13, 14, 15, 16, 17, 18, 19, 20, 21, 22, 23, 24, 25, 26, 27, 28, 29]","[1.564034104347229, 1.5249390602111816, 1.4412564039230347, 1.4653900861740112, 1.515735149383545, 1.6025582551956177, 1.478769063949585, 1.5357558727264404, 1.4856270551681519, 1.5544387102127075, 1.5061157941818237, 1.5343503952026367, 1.5689377784729004, 1.4045398235321045, 1.5686132907867432, 1.5049269199371338, 1.5287439823150635, 1.528299331665039, 1.5422279834747314, 1.4972326755523682, 1.586269736289978, 1.5281034708023071, 1.58133864402771, 1.5330593585968018, 1.5224086046218872, 1.5490673780441284, 1.4417145252227783, 1.5947242975234985, 1.4382009506225586, 1.535064935684204]",sae,Pre-64
1,beta,3,0.076,0.4557259332451328,0.444824285747971,0.4644418790464769,0.5,0.6042731979176,0.6522574267156529,30,"[0, 1, 2, 3, 4, 5, 6, 7, 8, 9, 10, 11, 12, 13, 14, 15, 16, 17, 18, 19, 20, 21, 22, 23, 24, 25, 26, 27, 28, 29]","[1.4004510641098022, 1.4273619651794434, 1.4120168685913086, 1.3699780702590942, 1.4054187536239624, 1.442050576210022, 1.39799165725708, 1.4455995559692383, 1.2009350061416626, 1.470533013343811, 1.3623281717300415, 1.4685949087142944, 1.4041482210159302, 1.3801050186157227, 1.4794394969940186, 1.399023413658142, 1.404754400253296, 1.4301961660385132, 1.364148736000061, 1.3670308589935303, 1.312467336654663, 1.3784782886505127, 1.3752084970474243, 1.4900792837142944, 1.4608371257781982, 1.389901876449585, 1.392994999885559, 1.386528730392456, 1.4554214477539062, 1.392602801322937]",sae,Pre-64
1,beta,7,0.052,0.4564836922581216,0.4420418003909208,0.4407517298265808,0.5,0.6095136152062148,0.7015417641603598,30,"[0, 1, 2, 3, 4, 5, 6, 7, 8, 9, 10, 11, 12, 13, 14, 15, 16, 17, 18, 19, 20, 21, 22, 23, 24, 25, 26, 27, 28, 29]","[1.4939026832580566, 1.5605475902557373, 1.58528733253479, 1.5571879148483276, 1.5908399820327759, 1.5420174598693848, 1.5384196043014526, 1.5438162088394165, 1.6542636156082153, 1.553855061531067, 1.4695734977722168, 1.5241128206253052, 1.4729909896850586, 1.504644513130188, 1.6617425680160522, 1.5752034187316895, 1.5018662214279175, 1.5091884136199951, 1.59788179397583, 1.5855047702789307, 1.563183069229126, 1.61249577999115, 1.6097654104232788, 1.5228756666183472, 1.6439038515090942, 1.6385589838027954, 1.513274908065796, 1.4723774194717407, 1.6302024126052856, 1.5055080652236938]",sae,Pre-64
1,beta,47,0.074,0.4460371044958436,0.4257646434940195,0.4058145426715371,0.5,0.6434257056516428,0.7328795087764419,30,"[0, 1, 2, 3, 4, 5, 6, 7, 8, 9, 10, 11, 12, 13, 14, 15, 16, 17, 18, 19, 20, 21, 22, 23, 24, 25, 26, 27, 28, 29]","[1.5541568994522095, 1.3966115713119507, 1.3959614038467407, 1.4090090990066528, 1.501554012298584, 1.5332566499710083, 1.4859224557876587, 1.5132676362991333, 1.497703194618225, 1.4223237037658691, 1.4326692819595337, 1.371769905090332, 1.4129730463027954, 1.5543102025985718, 1.378886342048645, 1.521826982498169, 1.4267823696136475, 1.4977002143859863, 1.340462327003479, 1.3781964778900146, 1.425338625907898, 1.476433277130127, 1.5159237384796143, 1.39278244972229, 1.4871184825897217, 1.3748735189437866, 1.3274458646774292, 1.488865852355957, 1.3750170469284058, 1.4587653875350952]",sae,Pre-64
1,beta,26,0.072,0.4502231978181314,0.4442488029476733,0.4597398262920741,0.5,0.5832450787939482,0.6467248334241728,30,"[0, 1, 2, 3, 4, 5, 6, 7, 8, 9, 10, 11, 12, 13, 14, 15, 16, 17, 18, 19, 20, 21, 22, 23, 24, 25, 26, 27, 28, 29]","[1.4258419275283813, 1.4371036291122437, 1.599632740020752, 1.391789197921753, 1.4626864194869995, 1.5047937631607056, 1.4910624027252197, 1.389702558517456, 1.4936435222625732, 1.4603770971298218, 1.3762038946151733, 1.6018003225326538, 1.5373682975769043, 1.475724458694458, 1.5510677099227905, 1.4372470378875732, 1.482779860496521, 1.3684691190719604, 1.512712836265564, 1.4629759788513184, 1.422579288482666, 1.5765774250030518, 1.4643558263778687, 1.5051556825637817, 1.5826480388641357, 1.573739767074585, 1.4317853450775146, 1.4875117540359497, 1.3001272678375244, 1.4230773448944092]",sae,Pre-64
1,beta,24,0.064,0.4501416387440968,0.4383559369047743,0.4508316441602434,0.5,0.6188330126613704,0.6421673286991063,30,"[0, 1, 2, 3, 4, 5, 6, 7, 8, 9, 10, 11, 12, 13, 14, 15, 16, 17, 18, 19, 20, 21, 22, 23, 24, 25, 26, 27, 28, 29]","[1.5339611768722534, 1.4316157102584839, 1.4598619937896729, 1.5423294305801392, 1.5450679063796997, 1.4485399723052979, 1.4629300832748413, 1.4587384462356567, 1.5093038082122803, 1.3957103490829468, 1.4951798915863037, 1.440906286239624, 1.540181279182434, 1.526373028755188, 1.4605402946472168, 1.4262655973434448, 1.547935128211975, 1.3408071994781494, 1.4330463409423828, 1.5477906465530396, 1.5244594812393188, 1.5425559282302856, 1.4357330799102783, 1.503499984741211, 1.4172942638397217, 1.3769055604934692, 1.4941362142562866, 1.4129258394241333, 1.550837755203247, 1.4501547813415527]",sae,Pre-64
1,beta,9,0.066,0.448644851968101,0.4348910401892977,0.4530379770835577,0.5,0.6286670530281078,0.6728093306288032,30,"[0, 1, 2, 3, 4, 5, 6, 7, 8, 9, 10, 11, 12, 13, 14, 15, 16, 17, 18, 19, 20, 21, 22, 23, 24, 25, 26, 27, 28, 29]","[1.7064833641052246, 1.579746961593628, 1.7034168243408203, 1.6743446588516235, 1.5857747793197632, 1.4204646348953247, 1.6918874979019165, 1.6066639423370361, 1.707162857055664, 1.5279346704483032, 1.6437724828720093, 1.607681155204773, 1.5795509815216064, 1.6286524534225464, 1.7407989501953125, 1.6018433570861816, 1.5938540697097778, 1.6701273918151855, 1.711227536201477, 1.5637049674987793, 1.7056649923324585, 1.7104954719543457, 1.5849515199661255, 1.6939958333969116, 1.6918659210205078, 1.690911889076233, 1.5503687858581543, 1.5257738828659058, 1.578943133354187, 1.722050428390503]",sae,Pre-64
1,beta,10,0.075,0.4493907433353129,0.4390813823454372,0.4434515903376855,0.5,0.6232207829487961,0.6770088628942552,30,"[0, 1, 2, 3, 4, 5, 6, 7, 8, 9, 10, 11, 12, 13, 14, 15, 16, 17, 18, 19, 20, 21, 22, 23, 24, 25, 26, 27, 28, 29]","[1.4289872646331787, 1.3401689529418945, 1.5074882507324219, 1.4260448217391968, 1.4218899011611938, 1.430766224861145, 1.5189036130905151, 1.4455323219299316, 1.3327820301055908, 1.4826164245605469, 1.43423593044281, 1.4581001996994019, 1.4575706720352173, 1.4328575134277344, 1.4950599670410156, 1.4533618688583374, 1.4626178741455078, 1.3722974061965942, 1.4283559322357178, 1.3878780603408813, 1.4080336093902588, 1.4387528896331787, 1.4995054006576538, 1.5013983249664307, 1.4390124082565308, 1.373890995979309, 1.4351849555969238, 1.4358670711517334, 1.4341113567352295, 1.4891241788864136]",sae,Pre-64
1,beta,46,0.054,0.4545712902572906,0.4417269056853911,0.455191618556485,0.5,0.6270377926330811,0.6898919782787523,30,"[0, 1, 2, 3, 4, 5, 6, 7, 8, 9, 10, 11, 12, 13, 14, 15, 16, 17, 18, 19, 20, 21, 22, 23, 24, 25, 26, 27, 28, 29]","[1.561429738998413, 1.6773079633712769, 1.6583446264266968, 1.6463892459869385, 1.562902569770813, 1.690576434135437, 1.5847980976104736, 1.7255327701568604, 1.64016854763031, 1.7465683221817017, 1.4724200963974, 1.5694282054901123, 1.7102506160736084, 1.5607008934020996, 1.6159859895706177, 1.713064432144165, 1.6316558122634888, 1.6402711868286133, 1.7357935905456543, 1.7027887105941772, 1.6085888147354126, 1.613505244255066, 1.6327341794967651, 1.640173077583313, 1.632933259010315, 1.654285192489624, 1.644076943397522, 1.6770869493484497, 1.613180160522461, 1.6281416416168213]",sae,Pre-64
1,beta,29,0.068,0.4558655961502112,0.4409050416793991,0.4553042983531917,0.5,0.6296548282533407,0.6719572120708956,30,"[0, 1, 2, 3, 4, 5, 6, 7, 8, 9, 10, 11, 12, 13, 14, 15, 16, 17, 18, 19, 20, 21, 22, 23, 24, 25, 26, 27, 28, 29]","[1.3935656547546387, 1.3543342351913452, 1.1740244626998901, 1.458095908164978, 1.3856234550476074, 1.358585000038147, 1.4731522798538208, 1.3544178009033203, 1.4402624368667603, 1.4639328718185425, 1.386900544166565, 1.4320192337036133, 1.4489411115646362, 1.426252007484436, 1.405423641204834, 1.425268530845642, 1.3562288284301758, 1.3881951570510864, 1.3543237447738647, 1.3972406387329102, 1.4755278825759888, 1.4914768934249878, 1.3801231384277344, 1.392764925956726, 1.4038699865341187, 1.3286594152450562, 1.3880856037139893, 1.4705685377120972, 1.5112719535827637, 1.3626785278320312]",sae,Pre-64
1,beta,19,0.062,0.4469965829377276,0.435497383761294,0.4159803241205376,0.5,0.6104665954706788,0.7125467223670572,30,"[0, 1, 2, 3, 4, 5, 6, 7, 8, 9, 10, 11, 12, 13, 14, 15, 16, 17, 18, 19, 20, 21, 22, 23, 24, 25, 26, 27, 28, 29]","[1.4698431491851807, 1.4826991558074951, 1.5672321319580078, 1.5003470182418823, 1.4437170028686523, 1.4490853548049927, 1.4830471277236938, 1.5642521381378174, 1.4446312189102173, 1.5805764198303223, 1.59499990940094, 1.60746431350708, 1.4825412034988403, 1.478943943977356, 1.4217175245285034, 1.4416464567184448, 1.5681304931640625, 1.5942935943603516, 1.4311672449111938, 1.451971411705017, 1.6180270910263062, 1.4677082300186157, 1.4840048551559448, 1.4582151174545288, 1.4493749141693115, 1.5817042589187622, 1.5829193592071533, 1.4896994829177856, 1.4717375040054321, 1.437809705734253]",sae,Pre-64
1,beta,34,0.052,0.4568527557813058,0.4470225010708758,0.4498969390524633,0.5,0.6011606799053854,0.6785735999606255,30,"[0, 1, 2, 3, 4, 5, 6, 7, 8, 9, 10, 11, 12, 13, 14, 15, 16, 17, 18, 19, 20, 21, 22, 23, 24, 25, 26, 27, 28, 29]","[1.4812805652618408, 1.5633544921875, 1.5695174932479858, 1.5000605583190918, 1.4513187408447266, 1.4840106964111328, 1.519885540008545, 1.4431601762771606, 1.4332407712936401, 1.4703599214553833, 1.5381802320480347, 1.3278374671936035, 1.5515834093093872, 1.4368841648101807, 1.4393126964569092, 1.4637389183044434, 1.5663666725158691, 1.5713955163955688, 1.4765443801879883, 1.469478726387024, 1.4915149211883545, 1.5779690742492676, 1.514357328414917, 1.5473319292068481, 1.4663583040237427, 1.398827314376831, 1.5877938270568848, 1.5789178609848022, 1.5635935068130493, 1.5585436820983887]",sae,Pre-64
1,beta,20,0.07,0.4408022875601419,0.4262939306313442,0.4359361422938052,0.5,0.6176087118064704,0.6504772713454796,30,"[0, 1, 2, 3, 4, 5, 6, 7, 8, 9, 10, 11, 12, 13, 14, 15, 16, 17, 18, 19, 20, 21, 22, 23, 24, 25, 26, 27, 28, 29]","[1.437103509902954, 1.5078542232513428, 1.4451957941055298, 1.5518524646759033, 1.4996308088302612, 1.517786979675293, 1.5144436359405518, 1.435259222984314, 1.4814033508300781, 1.4400285482406616, 1.45326828956604, 1.4459679126739502, 1.5639500617980957, 1.3960391283035278, 1.4517736434936523, 1.5508378744125366, 1.4420987367630005, 1.4137169122695923, 1.4823859930038452, 1.481697678565979, 1.475813865661621, 1.3830221891403198, 1.501417636871338, 1.5559849739074707, 1.5206443071365356, 1.4077858924865723, 1.4515910148620605, 1.4937599897384644, 1.4063054323196411, 1.554735779762268]",sae,Pre-64
1,beta,35,0.058,0.4566193215888805,0.4379483378046387,0.4344017301883717,0.5,0.637290178651746,0.7144435648789498,30,"[0, 1, 2, 3, 4, 5, 6, 7, 8, 9, 10, 11, 12, 13, 14, 15, 16, 17, 18, 19, 20, 21, 22, 23, 24, 25, 26, 27, 28, 29]","[1.4577395915985107, 1.5242540836334229, 1.5882891416549683, 1.517810344696045, 1.5310871601104736, 1.4954321384429932, 1.44393789768219, 1.6046937704086304, 1.620295763015747, 1.5124763250350952, 1.582885980606079, 1.4341678619384766, 1.506644368171692, 1.4140743017196655, 1.5036193132400513, 1.461093544960022, 1.5912253856658936, 1.4360932111740112, 1.5410619974136353, 1.4417872428894043, 1.462606430053711, 1.4539331197738647, 1.4714524745941162, 1.4409942626953125, 1.4881157875061035, 1.5340021848678589, 1.464698314666748, 1.5449916124343872, 1.5993825197219849, 1.537842869758606]",sae,Pre-64
1,beta,44,0.076,0.4469012312759677,0.43811650775401,0.4601453018829048,0.5,0.5982762074796864,0.6212046219205364,30,"[0, 1, 2, 3, 4, 5, 6, 7, 8, 9, 10, 11, 12, 13, 14, 15, 16, 17, 18, 19, 20, 21, 22, 23, 24, 25, 26, 27, 28, 29]","[1.469826102256775, 1.4656181335449219, 1.4271365404129028, 1.4328413009643555, 1.4600077867507935, 1.5272046327590942, 1.5150490999221802, 1.4128267765045166, 1.4813730716705322, 1.5543115139007568, 1.4670220613479614, 1.4555600881576538, 1.470711588859558, 1.4331122636795044, 1.54545259475708, 1.5481692552566528, 1.4056156873703003, 1.3207480907440186, 1.4829671382904053, 1.4726600646972656, 1.4286422729492188, 1.407767653465271, 1.4695714712142944, 1.4684773683547974, 1.5241024494171143, 1.4287340641021729, 1.4432754516601562, 1.4633159637451172, 1.4730489253997803, 1.4759869575500488]",sae,Pre-64
1,beta,27,0.06,0.4609757262074365,0.4537266978541116,0.4612605207685524,0.5,0.5914172664146189,0.6603255899030547,30,"[0, 1, 2, 3, 4, 5, 6, 7, 8, 9, 10, 11, 12, 13, 14, 15, 16, 17, 18, 19, 20, 21, 22, 23, 24, 25, 26, 27, 28, 29]","[1.5363768339157104, 1.6093626022338867, 1.5377297401428223, 1.521945595741272, 1.5903366804122925, 1.4985411167144775, 1.6004287004470825, 1.4654521942138672, 1.5704755783081055, 1.579459547996521, 1.4852378368377686, 1.6122674942016602, 1.524982213973999, 1.4848852157592773, 1.5240859985351562, 1.437447428703308, 1.5287911891937256, 1.5735163688659668, 1.5170655250549316, 1.537856936454773, 1.604055404663086, 1.5395162105560303, 1.4924180507659912, 1.4476838111877441, 1.5103862285614014, 1.6175990104675293, 1.501460075378418, 1.55241858959198, 1.4426244497299194, 1.5500080585479736]",sae,Pre-64
1,beta,3,0.065,0.4557259332451328,0.444824285747971,0.4644515362352255,0.5,0.6042731979176,0.6522632079480384,30,"[0, 1, 2, 3, 4, 5, 6, 7, 8, 9, 10, 11, 12, 13, 14, 15, 16, 17, 18, 19, 20, 21, 22, 23, 24, 25, 26, 27, 28, 29]","[1.4013651609420776, 1.4282715320587158, 1.4129316806793213, 1.3708823919296265, 1.4063308238983154, 1.4429551362991333, 1.3989026546478271, 1.4465076923370361, 1.2018495798110962, 1.4714435338974, 1.363239049911499, 1.4695059061050415, 1.405057668685913, 1.3810055255889893, 1.4803498983383179, 1.3999404907226562, 1.4056648015975952, 1.4311059713363647, 1.3650598526000977, 1.3679457902908325, 1.3133755922317505, 1.3793914318084717, 1.3761186599731445, 1.4909871816635132, 1.4617438316345215, 1.3908168077468872, 1.39391028881073, 1.3874434232711792, 1.4563332796096802, 1.3935115337371826]",sae,Pre-64
1,beta,29,0.056,0.4558655961502112,0.4409050416793991,0.4581579519445402,0.5,0.6296548282533407,0.6730047310693535,30,"[0, 1, 2, 3, 4, 5, 6, 7, 8, 9, 10, 11, 12, 13, 14, 15, 16, 17, 18, 19, 20, 21, 22, 23, 24, 25, 26, 27, 28, 29]","[1.5602033138275146, 1.57319974899292, 1.2950936555862427, 1.6743621826171875, 1.6048098802566528, 1.5461890697479248, 1.700888752937317, 1.5191326141357422, 1.6286497116088867, 1.6688988208770752, 1.5769076347351074, 1.6397720575332642, 1.6605967283248901, 1.5813913345336914, 1.6292258501052856, 1.5811538696289062, 1.6040472984313965, 1.606035590171814, 1.5605508089065552, 1.5842530727386475, 1.6822456121444702, 1.714138388633728, 1.5766762495040894, 1.5799987316131592, 1.625342845916748, 1.486578106880188, 1.5659531354904175, 1.6912342309951782, 1.722476601600647, 1.5424911975860596]",sae,Pre-64
1,beta,3,0.056,0.4557259332451328,0.444824285747971,0.4644594928378718,0.5,0.6042731979176,0.6522603173318456,30,"[0, 1, 2, 3, 4, 5, 6, 7, 8, 9, 10, 11, 12, 13, 14, 15, 16, 17, 18, 19, 20, 21, 22, 23, 24, 25, 26, 27, 28, 29]","[1.402113676071167, 1.42901611328125, 1.4136803150177002, 1.3716224431991577, 1.4070775508880615, 1.4436949491500854, 1.3996484279632568, 1.4472509622573853, 1.2025980949401855, 1.4721883535385132, 1.3639845848083496, 1.4702517986297607, 1.4058016538619995, 1.3817424774169922, 1.4810943603515625, 1.4006905555725098, 1.4064096212387085, 1.4318504333496094, 1.3658050298690796, 1.3686944246292114, 1.3141186237335205, 1.3801383972167969, 1.3768638372421265, 1.491729736328125, 1.462485432624817, 1.3915650844573975, 1.3946597576141357, 1.3881926536560059, 1.4570791721343994, 1.3942553997039795]",sae,Pre-64
1,beta,2,0.046,0.4419681213812466,0.4306250660512843,0.4292562574864731,0.5,0.6028191218064636,0.6891286456159874,30,"[0, 1, 2, 3, 4, 5, 6, 7, 8, 9, 10, 11, 12, 13, 14, 15, 16, 17, 18, 19, 20, 21, 22, 23, 24, 25, 26, 27, 28, 29]","[1.4903539419174194, 1.4877979755401611, 1.46685791015625, 1.5594213008880615, 1.5079151391983032, 1.6029528379440308, 1.4930989742279053, 1.5137890577316284, 1.4562242031097412, 1.4891715049743652, 1.5245881080627441, 1.4449994564056396, 1.5473759174346924, 1.6070951223373413, 1.5719540119171143, 1.5228271484375, 1.5837492942810059, 1.6347858905792236, 1.630816102027893, 1.6122061014175415, 1.5213216543197632, 1.4832682609558105, 1.5809454917907715, 1.5984266996383667, 1.4689007997512817, 1.4892147779464722, 1.5631924867630005, 1.5390058755874634, 1.3364919424057007, 1.6284375190734863]",sae,Pre-64
1,beta,13,0.072,0.4619123366083722,0.4531466051409948,0.4416704990412628,0.5,0.6127276801885291,0.7101972817208908,30,"[0, 1, 2, 3, 4, 5, 6, 7, 8, 9, 10, 11, 12, 13, 14, 15, 16, 17, 18, 19, 20, 21, 22, 23, 24, 25, 26, 27, 28, 29]","[1.6004879474639893, 1.4303096532821655, 1.5850929021835327, 1.506583571434021, 1.4876313209533691, 1.5939531326293945, 1.5271382331848145, 1.516057014465332, 1.549886703491211, 1.5188608169555664, 1.5939773321151733, 1.4986594915390015, 1.5613811016082764, 1.5527310371398926, 1.5752300024032593, 1.4630460739135742, 1.4847949743270874, 1.5532035827636719, 1.536752462387085, 1.5325275659561157, 1.5080550909042358, 1.4482152462005615, 1.5027461051940918, 1.4723501205444336, 1.5038280487060547, 1.4456639289855957, 1.516112208366394, 1.4553266763687134, 1.5462504625320435, 1.5100891590118408]",sae,Pre-64
1,beta,49,0.07,0.462130925118617,0.4524487678230295,0.4490533773123425,0.5,0.6141152509743157,0.6833899727661173,30,"[0, 1, 2, 3, 4, 5, 6, 7, 8, 9, 10, 11, 12, 13, 14, 15, 16, 17, 18, 19, 20, 21, 22, 23, 24, 25, 26, 27, 28, 29]","[1.3356600999832153, 1.3868438005447388, 1.384363055229187, 1.3692398071289062, 1.3159047365188599, 1.3478206396102905, 1.4255033731460571, 1.3297266960144043, 1.4546939134597778, 1.4032175540924072, 1.3545817136764526, 1.3349871635437012, 1.4018659591674805, 1.3919339179992676, 1.4331917762756348, 1.3792668581008911, 1.4714246988296509, 1.4570971727371216, 1.3206110000610352, 1.4040721654891968, 1.4469081163406372, 1.3577102422714233, 1.4534001350402832, 1.3873796463012695, 1.349820852279663, 1.3934799432754517, 1.389565348625183, 1.3501451015472412, 1.284267544746399, 1.350603699684143]",sae,Pre-64
1,beta,15,0.068,0.4529015220185267,0.4424399871594601,0.4354752280660586,0.5,0.6161071485640408,0.7111375818939845,30,"[0, 1, 2, 3, 4, 5, 6, 7, 8, 9, 10, 11, 12, 13, 14, 15, 16, 17, 18, 19, 20, 21, 22, 23, 24, 25, 26, 27, 28, 29]","[1.4018725156784058, 1.3723185062408447, 1.413428544998169, 1.4134303331375122, 1.4879456758499146, 1.3842006921768188, 1.3787914514541626, 1.4030466079711914, 1.4614982604980469, 1.4592629671096802, 1.447328805923462, 1.3620686531066895, 1.5207146406173706, 1.4643244743347168, 1.355079174041748, 1.4304447174072266, 1.3682712316513062, 1.5137897729873657, 1.352924108505249, 1.4200513362884521, 1.5068308115005493, 1.4740620851516724, 1.395201563835144, 1.4333446025848389, 1.4027135372161865, 1.2850422859191895, 1.4764034748077393, 1.521034598350525, 1.4183772802352905, 1.4145692586898804]",sae,Pre-64
1,beta,30,0.046,0.4638407167611665,0.4544841508273655,0.4422959164460046,0.5,0.6043368975359404,0.6963932943961311,30,"[0, 1, 2, 3, 4, 5, 6, 7, 8, 9, 10, 11, 12, 13, 14, 15, 16, 17, 18, 19, 20, 21, 22, 23, 24, 25, 26, 27, 28, 29]","[1.7429643869400024, 1.7349488735198975, 1.7003434896469116, 1.6558703184127808, 1.6588586568832397, 1.6358489990234375, 1.650286316871643, 1.6147277355194092, 1.588483452796936, 1.6492688655853271, 1.6619250774383545, 1.6534899473190308, 1.607893705368042, 1.6558104753494263, 1.7126784324645996, 1.715929627418518, 1.6215487718582153, 1.6603642702102661, 1.7330492734909058, 1.6311745643615723, 1.6811110973358154, 1.6308777332305908, 1.7340391874313354, 1.6432031393051147, 1.7342809438705444, 1.661920189857483, 1.6162371635437012, 1.645890235900879, 1.7010103464126587, 1.6424487829208374]",sae,Pre-64
1,beta,22,0.048,0.4519005213187685,0.4442985770479847,0.4496471849811319,0.5,0.5939599289403404,0.6788712220143767,30,"[0, 1, 2, 3, 4, 5, 6, 7, 8, 9, 10, 11, 12, 13, 14, 15, 16, 17, 18, 19, 20, 21, 22, 23, 24, 25, 26, 27, 28, 29]","[1.5698491334915161, 1.5989315509796143, 1.6110167503356934, 1.6828149557113647, 1.6898802518844604, 1.5879443883895874, 1.601182222366333, 1.5987197160720825, 1.6055316925048828, 1.656991720199585, 1.5915354490280151, 1.6871174573898315, 1.591800570487976, 1.6868764162063599, 1.5152701139450073, 1.679295301437378, 1.684525489807129, 1.618367075920105, 1.5471112728118896, 1.5308884382247925, 1.6585676670074463, 1.6509654521942139, 1.6355547904968262, 1.5963332653045654, 1.668640375137329, 1.6856226921081543, 1.5621140003204346, 1.5474587678909302, 1.6991827487945557, 1.5503631830215454]",sae,Pre-64
1,beta,25,0.084,0.4465066892532915,0.4352791138475453,0.4418274380663415,0.5,0.6270054355300688,0.6623722590637016,30,"[0, 1, 2, 3, 4, 5, 6, 7, 8, 9, 10, 11, 12, 13, 14, 15, 16, 17, 18, 19, 20, 21, 22, 23, 24, 25, 26, 27, 28, 29]","[1.4395008087158203, 1.4563076496124268, 1.3425997495651245, 1.492607831954956, 1.4799805879592896, 1.4708516597747803, 1.3537397384643555, 1.3756020069122314, 1.4169211387634277, 1.3265893459320068, 1.4809067249298096, 1.405712604522705, 1.458805799484253, 1.3752365112304688, 1.3623020648956299, 1.3920809030532837, 1.2740744352340698, 1.2983301877975464, 1.3346704244613647, 1.36276113986969, 1.4894598722457886, 1.286121129989624, 1.441203236579895, 1.3805643320083618, 1.4202426671981812, 1.3713397979736328, 1.5133404731750488, 1.4529073238372803, 1.4814932346343994, 1.327942967414856]",sae,Pre-64
1,beta,6,0.082,0.4540822999211705,0.4457917896713532,0.4484262690981979,0.5,0.5933447799067053,0.6642046404205856,30,"[0, 1, 2, 3, 4, 5, 6, 7, 8, 9, 10, 11, 12, 13, 14, 15, 16, 17, 18, 19, 20, 21, 22, 23, 24, 25, 26, 27, 28, 29]","[1.476323127746582, 1.511690616607666, 1.4260804653167725, 1.5225061178207397, 1.407427191734314, 1.4185901880264282, 1.413342833518982, 1.4958361387252808, 1.4053903818130493, 1.5042693614959717, 1.4310020208358765, 1.3706711530685425, 1.4221705198287964, 1.390816330909729, 1.2235535383224487, 1.5004687309265137, 1.3868228197097778, 1.4637370109558105, 1.4486902952194214, 1.4622282981872559, 1.4400984048843384, 1.40217924118042, 1.5126099586486816, 1.4456961154937744, 1.3860185146331787, 1.4531461000442505, 1.4035216569900513, 1.3879127502441406, 1.4499949216842651, 1.4753971099853516]",sae,Pre-64
1,beta,20,0.082,0.4408022875601419,0.4262939306313442,0.4359130175699155,0.5,0.6176087118064704,0.6504738936289511,30,"[0, 1, 2, 3, 4, 5, 6, 7, 8, 9, 10, 11, 12, 13, 14, 15, 16, 17, 18, 19, 20, 21, 22, 23, 24, 25, 26, 27, 28, 29]","[1.4348922967910767, 1.5056376457214355, 1.4429759979248047, 1.5496550798416138, 1.4974033832550049, 1.5155872106552124, 1.5122395753860474, 1.4330549240112305, 1.479171872138977, 1.4378228187561035, 1.4510624408721924, 1.4437637329101562, 1.561754584312439, 1.393816590309143, 1.4495712518692017, 1.548633098602295, 1.4399113655090332, 1.4114834070205688, 1.4801740646362305, 1.4794849157333374, 1.4736074209213257, 1.3807928562164307, 1.499197006225586, 1.5537774562835693, 1.5184394121170044, 1.4055581092834473, 1.4493848085403442, 1.4915571212768555, 1.4040673971176147, 1.5525434017181396]",sae,Pre-64
1,beta,49,0.082,0.462130925118617,0.4524487678230295,0.449047819042272,0.5,0.6141152509743157,0.6833841033948445,30,"[0, 1, 2, 3, 4, 5, 6, 7, 8, 9, 10, 11, 12, 13, 14, 15, 16, 17, 18, 19, 20, 21, 22, 23, 24, 25, 26, 27, 28, 29]","[1.334760069847107, 1.3859463930130005, 1.3834675550460815, 1.3683481216430664, 1.31501305103302, 1.3469264507293701, 1.4246110916137695, 1.3288352489471436, 1.4538071155548096, 1.4023218154907227, 1.353692889213562, 1.3340904712677002, 1.4009746313095093, 1.391038417816162, 1.4323009252548218, 1.3783752918243408, 1.4705336093902588, 1.4562063217163086, 1.3197208642959595, 1.4031769037246704, 1.4460160732269287, 1.356821060180664, 1.4525068998336792, 1.3864821195602417, 1.3489229679107666, 1.392586350440979, 1.3886667490005493, 1.3492450714111328, 1.2833778858184814, 1.3497117757797241]",sae,Pre-64
1,beta,14,0.08,0.4467366851483266,0.4421697276018216,0.4344260501365264,0.5,0.5934222168898753,0.6971040357533856,30,"[0, 1, 2, 3, 4, 5, 6, 7, 8, 9, 10, 11, 12, 13, 14, 15, 16, 17, 18, 19, 20, 21, 22, 23, 24, 25, 26, 27, 28, 29]","[1.4378994703292847, 1.3245056867599487, 1.4126321077346802, 1.4333200454711914, 1.4535356760025024, 1.4191066026687622, 1.3987514972686768, 1.5039037466049194, 1.4212138652801514, 1.4849718809127808, 1.3760781288146973, 1.3393285274505615, 1.3637267351150513, 1.4831876754760742, 1.4673784971237183, 1.4259352684020996, 1.5047582387924194, 1.4986377954483032, 1.4182395935058594, 1.4114954471588135, 1.431699514389038, 1.4317662715911865, 1.4944870471954346, 1.3779840469360352, 1.4903641939163208, 1.4918975830078125, 1.4322538375854492, 1.5013142824172974, 1.4861788749694824, 1.3874284029006958]",sae,Pre-64
1,beta,35,0.07,0.4566193215888805,0.4379483378046387,0.4343431886509749,0.5,0.637290178651746,0.7144420656195839,30,"[0, 1, 2, 3, 4, 5, 6, 7, 8, 9, 10, 11, 12, 13, 14, 15, 16, 17, 18, 19, 20, 21, 22, 23, 24, 25, 26, 27, 28, 29]","[1.4532390832901, 1.5197311639785767, 1.5837842226028442, 1.5132787227630615, 1.5265858173370361, 1.490884780883789, 1.439443588256836, 1.6001754999160767, 1.6157976388931274, 1.5079401731491089, 1.5783973932266235, 1.429612398147583, 1.5020917654037476, 1.4096006155014038, 1.4990757703781128, 1.4565786123275757, 1.5867104530334473, 1.43155038356781, 1.5365097522735596, 1.4372912645339966, 1.458095669746399, 1.449446201324463, 1.4668883085250854, 1.4365102052688599, 1.483595848083496, 1.5295040607452393, 1.4601837396621704, 1.5404362678527832, 1.5949021577835083, 1.5333070755004883]",sae,Pre-64
1,beta,13,0.042,0.4619123366083722,0.4531466051409948,0.4455625768814737,0.5,0.6127276801885291,0.7115870064961882,30,"[0, 1, 2, 3, 4, 5, 6, 7, 8, 9, 10, 11, 12, 13, 14, 15, 16, 17, 18, 19, 20, 21, 22, 23, 24, 25, 26, 27, 28, 29]","[1.7623447179794312, 1.6258186101913452, 1.7440623044967651, 1.6566879749298096, 1.6541177034378052, 1.752158522605896, 1.6803879737854004, 1.6683465242385864, 1.6898630857467651, 1.663584589958191, 1.7582974433898926, 1.6389986276626587, 1.7368574142456055, 1.6681004762649536, 1.7422568798065186, 1.6082994937896729, 1.6486080884933472, 1.6947665214538574, 1.7113896608352661, 1.6646231412887573, 1.6614667177200317, 1.611808180809021, 1.701940894126892, 1.6152310371398926, 1.6373778581619263, 1.6045503616333008, 1.6595070362091064, 1.5944762229919434, 1.7103126049041748, 1.6529264450073242]",sae,Pre-64
1,beta,8,0.048,0.4517491928182039,0.4406431065890545,0.4395655170403848,0.5,0.6098144493254953,0.6783953368278828,30,"[0, 1, 2, 3, 4, 5, 6, 7, 8, 9, 10, 11, 12, 13, 14, 15, 16, 17, 18, 19, 20, 21, 22, 23, 24, 25, 26, 27, 28, 29]","[1.3963091373443604, 1.5081226825714111, 1.4248836040496826, 1.4559885263442993, 1.5170480012893677, 1.452462077140808, 1.5009002685546875, 1.4131367206573486, 1.459434986114502, 1.5085817575454712, 1.5168284177780151, 1.4407198429107666, 1.4242247343063354, 1.4572886228561401, 1.4861294031143188, 1.4017045497894287, 1.423333764076233, 1.4593455791473389, 1.3698557615280151, 1.4393882751464844, 1.412339448928833, 1.3880630731582642, 1.4915990829467773, 1.4240448474884033, 1.4911121129989624, 1.495205283164978, 1.3928700685501099, 1.490849494934082, 1.4617547988891602, 1.461804747581482]",sae,Pre-64
1,beta,13,0.06,0.4619123366083722,0.4531466051409948,0.4417064118795876,0.5,0.6127276801885291,0.7102043290067697,30,"[0, 1, 2, 3, 4, 5, 6, 7, 8, 9, 10, 11, 12, 13, 14, 15, 16, 17, 18, 19, 20, 21, 22, 23, 24, 25, 26, 27, 28, 29]","[1.6041737794876099, 1.4339650869369507, 1.5887808799743652, 1.510293960571289, 1.4913445711135864, 1.597630262374878, 1.5308314561843872, 1.5197666883468628, 1.5535506010055542, 1.522567629814148, 1.5976731777191162, 1.5023633241653442, 1.5650347471237183, 1.5564066171646118, 1.5788991451263428, 1.4667646884918213, 1.4884908199310303, 1.556905746459961, 1.540431261062622, 1.536184310913086, 1.5117313861846924, 1.4519107341766357, 1.506382703781128, 1.4760780334472656, 1.5074989795684814, 1.4493640661239624, 1.5197827816009521, 1.4590624570846558, 1.549902081489563, 1.5138187408447266]",sae,Pre-64
1,beta,22,0.078,0.4519005213187685,0.4442985770479847,0.4444055020719221,0.5,0.5939599289403404,0.6801432958034801,30,"[0, 1, 2, 3, 4, 5, 6, 7, 8, 9, 10, 11, 12, 13, 14, 15, 16, 17, 18, 19, 20, 21, 22, 23, 24, 25, 26, 27, 28, 29]","[1.4154331684112549, 1.4612300395965576, 1.4743118286132812, 1.4958463907241821, 1.5360535383224487, 1.4358288049697876, 1.444922924041748, 1.4258043766021729, 1.4214375019073486, 1.4717010259628296, 1.4196832180023193, 1.5293678045272827, 1.4622538089752197, 1.5156093835830688, 1.3802871704101562, 1.5018632411956787, 1.513434886932373, 1.4663406610488892, 1.3984488248825073, 1.4076021909713745, 1.4867085218429565, 1.4851503372192383, 1.4864819049835205, 1.43694269657135, 1.4888134002685547, 1.521712303161621, 1.4216712713241577, 1.4099705219268799, 1.5506281852722168, 1.3907487392425537]",sae,Pre-64
1,beta,30,0.076,0.4638407167611665,0.4544841508273655,0.4398319053071404,0.5,0.6043368975359404,0.6949271797908598,30,"[0, 1, 2, 3, 4, 5, 6, 7, 8, 9, 10, 11, 12, 13, 14, 15, 16, 17, 18, 19, 20, 21, 22, 23, 24, 25, 26, 27, 28, 29]","[1.5308352708816528, 1.4996235370635986, 1.5109288692474365, 1.4514487981796265, 1.4643100500106812, 1.4427123069763184, 1.453519344329834, 1.429830551147461, 1.4225407838821411, 1.4409435987472534, 1.5053805112838745, 1.4355491399765015, 1.41119384765625, 1.4333280324935913, 1.5002907514572144, 1.504308819770813, 1.4224961996078491, 1.444145917892456, 1.5260324478149414, 1.4505914449691772, 1.427343726158142, 1.392582654953003, 1.491509199142456, 1.446459174156189, 1.562233805656433, 1.4390957355499268, 1.4644676446914673, 1.4344134330749512, 1.5015943050384521, 1.4569371938705444]",sae,Pre-64
1,beta,25,0.075,0.4465066892532915,0.4352791138475453,0.4430698003674651,0.5,0.6270054355300688,0.6611942618980704,30,"[0, 1, 2, 3, 4, 5, 6, 7, 8, 9, 10, 11, 12, 13, 14, 15, 16, 17, 18, 19, 20, 21, 22, 23, 24, 25, 26, 27, 28, 29]","[1.5333596467971802, 1.5583322048187256, 1.4248789548873901, 1.6067408323287964, 1.585267186164856, 1.575585126876831, 1.4554837942123413, 1.4641461372375488, 1.5103150606155396, 1.4264670610427856, 1.5858550071716309, 1.5202990770339966, 1.5599626302719116, 1.4655873775482178, 1.456854224205017, 1.5006881952285767, 1.370703935623169, 1.3860057592391968, 1.4304119348526, 1.456105351448059, 1.5989488363265991, 1.3776510953903198, 1.5471405982971191, 1.4699259996414185, 1.523193359375, 1.4703810214996338, 1.6229479312896729, 1.5541319847106934, 1.5859977006912231, 1.4315412044525146]",sae,Pre-64
1,beta,1,0.08,0.4560357198099471,0.4497423189216591,0.446317776146528,0.5,0.5964054457666336,0.6820090782452661,30,"[0, 1, 2, 3, 4, 5, 6, 7, 8, 9, 10, 11, 12, 13, 14, 15, 16, 17, 18, 19, 20, 21, 22, 23, 24, 25, 26, 27, 28, 29]","[1.41011643409729, 1.3108537197113037, 1.3637501001358032, 1.25079345703125, 1.3464549779891968, 1.273565411567688, 1.281475305557251, 1.348374605178833, 1.2547364234924316, 1.3106751441955566, 1.309375524520874, 1.3522206544876099, 1.4030413627624512, 1.2800267934799194, 1.4004095792770386, 1.2320337295532227, 1.2552884817123413, 1.3096013069152832, 1.380516529083252, 1.4109673500061035, 1.399644374847412, 1.360338807106018, 1.3347954750061035, 1.3052347898483276, 1.272531270980835, 1.2963154315948486, 1.3247400522232056, 1.3299269676208496, 1.4122620820999146, 1.3346389532089233]",sae,Pre-64
1,beta,46,0.085,0.4545712902572906,0.4417269056853911,0.4495492631513946,0.5,0.6270377926330811,0.6878176532897654,30,"[0, 1, 2, 3, 4, 5, 6, 7, 8, 9, 10, 11, 12, 13, 14, 15, 16, 17, 18, 19, 20, 21, 22, 23, 24, 25, 26, 27, 28, 29]","[1.3976391553878784, 1.494555115699768, 1.4943374395370483, 1.4837576150894165, 1.402838110923767, 1.5287327766418457, 1.4190996885299683, 1.5365865230560303, 1.4775620698928833, 1.5794841051101685, 1.2997801303863525, 1.4120270013809204, 1.5429209470748901, 1.394885778427124, 1.4601026773452759, 1.5386625528335571, 1.4748502969741821, 1.4901959896087646, 1.5484871864318848, 1.5329203605651855, 1.452612042427063, 1.450819969177246, 1.483559012413025, 1.4815316200256348, 1.4919254779815674, 1.5024681091308594, 1.4710383415222168, 1.5295274257659912, 1.4541043043136597, 1.4746887683868408]",sae,Pre-64
1,beta,43,0.068,0.4515364523902173,0.4432102910589974,0.4420538346422741,0.5,0.6060785767234989,0.6994247590808007,30,"[0, 1, 2, 3, 4, 5, 6, 7, 8, 9, 10, 11, 12, 13, 14, 15, 16, 17, 18, 19, 20, 21, 22, 23, 24, 25, 26, 27, 28, 29]","[1.520129680633545, 1.5933587551116943, 1.569309115409851, 1.4665838479995728, 1.5015913248062134, 1.4407925605773926, 1.4716054201126099, 1.4584702253341675, 1.5584248304367065, 1.4481021165847778, 1.4137099981307983, 1.6038504838943481, 1.532596468925476, 1.4750796556472778, 1.4748778343200684, 1.3625807762145996, 1.560547113418579, 1.4586374759674072, 1.5553230047225952, 1.5512058734893799, 1.4538153409957886, 1.4669733047485352, 1.5921895503997803, 1.5247111320495605, 1.4476062059402466, 1.5285013914108276, 1.594893217086792, 1.458256483078003, 1.5540452003479004, 1.6044585704803467]",sae,Pre-64
1,beta,4,0.054,0.4589558369307028,0.4477177462853796,0.4653071970281991,0.5,0.61034827708266,0.6563645597673022,30,"[0, 1, 2, 3, 4, 5, 6, 7, 8, 9, 10, 11, 12, 13, 14, 15, 16, 17, 18, 19, 20, 21, 22, 23, 24, 25, 26, 27, 28, 29]","[1.6161319017410278, 1.616214394569397, 1.484714388847351, 1.6532212495803833, 1.4686979055404663, 1.5217938423156738, 1.6131987571716309, 1.5045692920684814, 1.5528289079666138, 1.6353930234909058, 1.593269944190979, 1.5366008281707764, 1.6480084657669067, 1.5024577379226685, 1.4882445335388184, 1.5582600831985474, 1.5883339643478394, 1.5658957958221436, 1.5231298208236694, 1.6113237142562866, 1.5616707801818848, 1.6242616176605225, 1.5528733730316162, 1.4961109161376953, 1.565185785293579, 1.537400245666504, 1.4963929653167725, 1.5317410230636597, 1.6116702556610107, 1.4896423816680908]",sae,Pre-64
1,beta,37,0.066,0.4546908257221888,0.444978337644671,0.4340131981838094,0.5,0.6058579085235571,0.7172776765128379,30,"[0, 1, 2, 3, 4, 5, 6, 7, 8, 9, 10, 11, 12, 13, 14, 15, 16, 17, 18, 19, 20, 21, 22, 23, 24, 25, 26, 27, 28, 29]","[1.4729458093643188, 1.534814715385437, 1.5096067190170288, 1.4854201078414917, 1.437281608581543, 1.5450522899627686, 1.5110220909118652, 1.5595663785934448, 1.6056218147277832, 1.545459508895874, 1.509452223777771, 1.5174928903579712, 1.5439813137054443, 1.5484007596969604, 1.5815459489822388, 1.5259649753570557, 1.515521764755249, 1.559551477432251, 1.5318461656570435, 1.5292465686798096, 1.5557851791381836, 1.5647711753845215, 1.588866949081421, 1.5729917287826538, 1.5313817262649536, 1.569465160369873, 1.5378004312515259, 1.567645788192749, 1.5696828365325928, 1.58405339717865]",sae,Pre-64
1,beta,0,0.06,0.4600628296558519,0.4487196928272481,0.4324812492539628,0.5,0.6146148452673732,0.7223375600200156,30,"[0, 1, 2, 3, 4, 5, 6, 7, 8, 9, 10, 11, 12, 13, 14, 15, 16, 17, 18, 19, 20, 21, 22, 23, 24, 25, 26, 27, 28, 29]","[1.3926256895065308, 1.4362084865570068, 1.4133884906768799, 1.4668976068496704, 1.3866685628890991, 1.410459280014038, 1.4578975439071655, 1.4885444641113281, 1.4716708660125732, 1.4164425134658813, 1.4078011512756348, 1.4229419231414795, 1.484133005142212, 1.4675233364105225, 1.484313726425171, 1.4330803155899048, 1.4443649053573608, 1.3676139116287231, 1.3175389766693115, 1.4676474332809448, 1.3884583711624146, 1.3755772113800049, 1.4674166440963745, 1.4105780124664307, 1.3856046199798584, 1.3489177227020264, 1.4730534553527832, 1.3580893278121948, 1.4660841226577759, 1.3502912521362305]",sae,Pre-64
1,beta,9,0.078,0.448644851968101,0.4348910401892977,0.4492275900592914,0.5,0.6286670530281078,0.6738988698927847,30,"[0, 1, 2, 3, 4, 5, 6, 7, 8, 9, 10, 11, 12, 13, 14, 15, 16, 17, 18, 19, 20, 21, 22, 23, 24, 25, 26, 27, 28, 29]","[1.5781553983688354, 1.4775059223175049, 1.5782508850097656, 1.5499603748321533, 1.4679734706878662, 1.3090332746505737, 1.5588010549545288, 1.4874393939971924, 1.5808573961257935, 1.416145920753479, 1.529118537902832, 1.4897493124008179, 1.4837214946746826, 1.5240004062652588, 1.602177619934082, 1.5037094354629517, 1.4686683416366577, 1.558092474937439, 1.5888804197311401, 1.4475153684616089, 1.5688776969909668, 1.586022973060608, 1.4585833549499512, 1.5746080875396729, 1.5726063251495361, 1.565584421157837, 1.4140291213989258, 1.3919094800949097, 1.4642393589019775, 1.596410870552063]",sae,Pre-64
1,beta,23,0.066,0.4478205607315014,0.4344954522622479,0.4346195835942264,0.5,0.6150139710231751,0.6749872543724688,30,"[0, 1, 2, 3, 4, 5, 6, 7, 8, 9, 10, 11, 12, 13, 14, 15, 16, 17, 18, 19, 20, 21, 22, 23, 24, 25, 26, 27, 28, 29]","[1.3961284160614014, 1.4554588794708252, 1.4344898462295532, 1.5467491149902344, 1.3259217739105225, 1.392035961151123, 1.528062343597412, 1.4193495512008667, 1.39462149143219, 1.5291876792907715, 1.5342730283737183, 1.4890059232711792, 1.4782217741012573, 1.3732091188430786, 1.4667295217514038, 1.5260791778564453, 1.21867036819458, 1.4318629503250122, 1.3770320415496826, 1.4090001583099365, 1.523979902267456, 1.5462380647659302, 1.3970428705215454, 1.539178490638733, 1.532001256942749, 1.439571499824524, 1.39532470703125, 1.4367177486419678, 1.4391002655029297, 1.547627329826355]",sae,Pre-64
1,beta,48,0.052,0.4556814132376,0.4510566266980289,0.493184820059361,0.5,0.5923878577171784,0.5935826076124254,30,"[0, 1, 2, 3, 4, 5, 6, 7, 8, 9, 10, 11, 12, 13, 14, 15, 16, 17, 18, 19, 20, 21, 22, 23, 24, 25, 26, 27, 28, 29]","[1.7250345945358276, 1.6573535203933716, 1.6239540576934814, 1.6033214330673218, 1.609377145767212, 1.5321966409683228, 1.6322507858276367, 1.6027696132659912, 1.6058615446090698, 1.582433819770813, 1.677280306816101, 1.6077159643173218, 1.6581920385360718, 1.6042596101760864, 1.572888970375061, 1.6321310997009277, 1.711884617805481, 1.6711803674697876, 1.6858489513397217, 1.5737229585647583, 1.5972790718078613, 1.7190219163894653, 1.7280561923980713, 1.5634485483169556, 1.6062102317810059, 1.6949081420898438, 1.6937185525894165, 1.7303966283798218, 1.5837093591690063, 1.6446428298950195]",sae,Pre-64
1,beta,48,0.062,0.4556814132376,0.4510566266980289,0.4890827619602681,0.5,0.5923878577171784,0.594208294168941,30,"[0, 1, 2, 3, 4, 5, 6, 7, 8, 9, 10, 11, 12, 13, 14, 15, 16, 17, 18, 19, 20, 21, 22, 23, 24, 25, 26, 27, 28, 29]","[1.6387739181518555, 1.5745295286178589, 1.5565038919448853, 1.5384407043457031, 1.5263315439224243, 1.4576067924499512, 1.562646508216858, 1.5088677406311035, 1.5240544080734253, 1.5114160776138306, 1.5951495170593262, 1.5293344259262085, 1.5654078722000122, 1.531197190284729, 1.4872716665267944, 1.5681977272033691, 1.6172066926956177, 1.5822597742080688, 1.6023257970809937, 1.46856689453125, 1.521239995956421, 1.6262763738632202, 1.6300722360610962, 1.4567853212356567, 1.527681827545166, 1.6031652688980103, 1.6094602346420288, 1.6308082342147827, 1.5211236476898193, 1.56272292137146]",sae,Pre-64
1,beta,34,0.082,0.4568527557813058,0.4470225010708758,0.4484390624281616,0.5,0.6011606799053854,0.6782551295450796,30,"[0, 1, 2, 3, 4, 5, 6, 7, 8, 9, 10, 11, 12, 13, 14, 15, 16, 17, 18, 19, 20, 21, 22, 23, 24, 25, 26, 27, 28, 29]","[1.3860294818878174, 1.4709312915802002, 1.4763787984848022, 1.4215885400772095, 1.3711731433868408, 1.386601448059082, 1.4277410507202148, 1.3453668355941772, 1.34931218624115, 1.3904545307159424, 1.445575475692749, 1.249511957168579, 1.456525444984436, 1.3473477363586426, 1.3559895753860474, 1.3800063133239746, 1.4727753400802612, 1.488487958908081, 1.397321105003357, 1.3864980936050415, 1.4044142961502075, 1.4907357692718506, 1.4244632720947266, 1.448578953742981, 1.3758412599563599, 1.3227018117904663, 1.5022308826446533, 1.4871470928192139, 1.4745899438858032, 1.4589163064956665]",sae,Pre-64
1,beta,42,0.086,0.4546678683050885,0.4407690563496341,0.4548347706565265,0.5,0.6336081445133979,0.6612305768028094,30,"[0, 1, 2, 3, 4, 5, 6, 7, 8, 9, 10, 11, 12, 13, 14, 15, 16, 17, 18, 19, 20, 21, 22, 23, 24, 25, 26, 27, 28, 29]","[1.551452875137329, 1.4117659330368042, 1.5550464391708374, 1.5551742315292358, 1.489286184310913, 1.5411417484283447, 1.4836046695709229, 1.4442542791366577, 1.4209593534469604, 1.5564935207366943, 1.5275993347167969, 1.5713894367218018, 1.4410330057144165, 1.2258895635604858, 1.5721157789230347, 1.4670056104660034, 1.4066293239593506, 1.3880281448364258, 1.5239704847335815, 1.541316032409668, 1.4579367637634277, 1.4468004703521729, 1.4617823362350464, 1.4088772535324097, 1.4484529495239258, 1.4183775186538696, 1.576573133468628, 1.4131824970245361, 1.489223837852478, 1.4033074378967285]",sae,Pre-64
1,beta,41,0.042,0.4543678569363413,0.4427951465832617,0.454805038440218,0.5,0.6190905384235713,0.676395058549182,30,"[0, 1, 2, 3, 4, 5, 6, 7, 8, 9, 10, 11, 12, 13, 14, 15, 16, 17, 18, 19, 20, 21, 22, 23, 24, 25, 26, 27, 28, 29]","[1.4785845279693604, 1.571292757987976, 1.5120927095413208, 1.4346240758895874, 1.4471073150634766, 1.6152828931808472, 1.470870018005371, 1.5344146490097046, 1.5026038885116577, 1.5986093282699585, 1.5906859636306763, 1.5279204845428467, 1.5309937000274658, 1.5990324020385742, 1.5990009307861328, 1.51406991481781, 1.51065993309021, 1.5477498769760132, 1.5849394798278809, 1.5478870868682861, 1.4595606327056885, 1.5119097232818604, 1.5162487030029297, 1.5360651016235352, 1.5111905336380005, 1.4925806522369385, 1.5711414813995361, 1.583977222442627, 1.5420149564743042, 1.4632861614227295]",sae,Pre-64
1,beta,41,0.0535,0.4543678569363413,0.4427951465832617,0.4547293312782137,0.5,0.6190905384235713,0.676395058549182,30,"[0, 1, 2, 3, 4, 5, 6, 7, 8, 9, 10, 11, 12, 13, 14, 15, 16, 17, 18, 19, 20, 21, 22, 23, 24, 25, 26, 27, 28, 29]","[1.4735904932022095, 1.5663172006607056, 1.5072073936462402, 1.429678201675415, 1.4421459436416626, 1.6103174686431885, 1.4659188985824585, 1.529438853263855, 1.497615933418274, 1.5936951637268066, 1.5857434272766113, 1.522929310798645, 1.526010513305664, 1.5940998792648315, 1.594050645828247, 1.5091133117675781, 1.50575590133667, 1.5427924394607544, 1.5800613164901733, 1.5429003238677979, 1.45458984375, 1.5069440603256226, 1.5112429857254028, 1.531084656715393, 1.506181001663208, 1.4875997304916382, 1.5661786794662476, 1.5790218114852905, 1.5370575189590454, 1.458342432975769]",sae,Pre-64
1,beta,19,0.074,0.4469965829377276,0.435497383761294,0.4159471339049415,0.5,0.6104665954706788,0.7130257247856269,30,"[0, 1, 2, 3, 4, 5, 6, 7, 8, 9, 10, 11, 12, 13, 14, 15, 16, 17, 18, 19, 20, 21, 22, 23, 24, 25, 26, 27, 28, 29]","[1.4501612186431885, 1.4617115259170532, 1.5454035997390747, 1.4803426265716553, 1.4203786849975586, 1.4268980026245117, 1.4628185033798218, 1.542412519454956, 1.4239938259124756, 1.5587900876998901, 1.5691635608673096, 1.5832185745239258, 1.4601041078567505, 1.460762858390808, 1.3991475105285645, 1.4196228981018066, 1.5446810722351074, 1.5720882415771484, 1.4140690565109253, 1.4321364164352417, 1.5963727235794067, 1.4453762769699097, 1.4617652893066406, 1.4399620294570923, 1.4300000667572021, 1.5597035884857178, 1.5603885650634766, 1.4687331914901733, 1.4463109970092773, 1.4165462255477905]",sae,Pre-64
1,beta,13,0.0535,0.4619123366083722,0.4531466051409948,0.4417258768009381,0.5,0.6127276801885291,0.7102057384639454,30,"[0, 1, 2, 3, 4, 5, 6, 7, 8, 9, 10, 11, 12, 13, 14, 15, 16, 17, 18, 19, 20, 21, 22, 23, 24, 25, 26, 27, 28, 29]","[1.6061711311340332, 1.4359462261199951, 1.590779185295105, 1.5123040676116943, 1.493355393409729, 1.5996216535568237, 1.532831072807312, 1.5217771530151367, 1.5555353164672852, 1.5245765447616577, 1.5996754169464111, 1.5043702125549316, 1.5670138597488403, 1.5583984851837158, 1.5808876752853394, 1.4687788486480713, 1.490493655204773, 1.5589114427566528, 1.5424240827560425, 1.5381653308868408, 1.513723373413086, 1.4539121389389038, 1.5083529949188232, 1.4780973196029663, 1.5094869136810303, 1.4513676166534424, 1.5217710733413696, 1.461086392402649, 1.5518798828125, 1.5158392190933228]",sae,Pre-64
1,beta,42,0.05,0.4546678683050885,0.4407690563496341,0.4566178693885547,0.5,0.6336081445133979,0.6612666570452685,30,"[0, 1, 2, 3, 4, 5, 6, 7, 8, 9, 10, 11, 12, 13, 14, 15, 16, 17, 18, 19, 20, 21, 22, 23, 24, 25, 26, 27, 28, 29]","[1.6512069702148438, 1.51603102684021, 1.660914421081543, 1.656124472618103, 1.598201036453247, 1.6404203176498413, 1.590337872505188, 1.547814965248108, 1.5103156566619873, 1.6586638689041138, 1.6264938116073608, 1.6684759855270386, 1.5427061319351196, 1.3062269687652588, 1.6705642938613892, 1.552942156791687, 1.4971983432769775, 1.4734249114990234, 1.6233197450637817, 1.6532586812973022, 1.5620331764221191, 1.5356370210647583, 1.5637362003326416, 1.4910497665405273, 1.5426807403564453, 1.5042829513549805, 1.6773693561553955, 1.493178129196167, 1.5794862508773804, 1.4970375299453735]",sae,Pre-64
1,beta,32,0.085,0.4555596844830426,0.4475674839123162,0.4708797234353246,0.5,0.5924839124839124,0.6331428571428571,30,"[0, 1, 2, 3, 4, 5, 6, 7, 8, 9, 10, 11, 12, 13, 14, 15, 16, 17, 18, 19, 20, 21, 22, 23, 24, 25, 26, 27, 28, 29]","[1.4912447929382324, 1.4128100872039795, 1.492108941078186, 1.4266771078109741, 1.435943603515625, 1.5005439519882202, 1.4317851066589355, 1.4120776653289795, 1.3887451887130737, 1.3977305889129639, 1.4131358861923218, 1.3878252506256104, 1.4313545227050781, 1.3509644269943237, 1.3397955894470215, 1.3447695970535278, 1.3718211650848389, 1.4353995323181152, 1.3818780183792114, 1.4118765592575073, 1.4964557886123657, 1.4126416444778442, 1.335260272026062, 1.4980690479278564, 1.4268908500671387, 1.3576804399490356, 1.4737695455551147, 1.2937397956848145, 1.5023621320724487, 1.495200514793396]",sae,Pre-64
1,beta,29,0.05,0.4558655961502112,0.4409050416793991,0.4582061175600689,0.5,0.6296548282533407,0.6730302072109471,30,"[0, 1, 2, 3, 4, 5, 6, 7, 8, 9, 10, 11, 12, 13, 14, 15, 16, 17, 18, 19, 20, 21, 22, 23, 24, 25, 26, 27, 28, 29]","[1.5643975734710693, 1.5773587226867676, 1.2994847297668457, 1.6785354614257812, 1.6089937686920166, 1.5503872632980347, 1.7050572633743286, 1.5233983993530273, 1.6328881978988647, 1.6730724573135376, 1.581141471862793, 1.6439749002456665, 1.6647974252700806, 1.58565354347229, 1.6333895921707153, 1.5854166746139526, 1.6081715822219849, 1.6101977825164795, 1.5647743940353394, 1.5884816646575928, 1.6864489316940308, 1.7183027267456055, 1.5809122323989868, 1.5842477083206177, 1.6295148134231567, 1.49081289768219, 1.5701382160186768, 1.6954057216644287, 1.7266740798950195, 1.546730875968933]",sae,Pre-64
1,beta,16,0.076,0.4519396108125126,0.4401978349795346,0.430661121453517,0.5,0.6159012314439947,0.7167633627337575,30,"[0, 1, 2, 3, 4, 5, 6, 7, 8, 9, 10, 11, 12, 13, 14, 15, 16, 17, 18, 19, 20, 21, 22, 23, 24, 25, 26, 27, 28, 29]","[1.2745405435562134, 1.2376748323440552, 1.2427443265914917, 1.3215960264205933, 1.3140480518341064, 1.2566497325897217, 1.3198670148849487, 1.2961952686309814, 1.2671682834625244, 1.321912407875061, 1.3223425149917603, 1.3058161735534668, 1.2618287801742554, 1.2828421592712402, 1.2011942863464355, 1.2512187957763672, 1.33086097240448, 1.1573837995529175, 1.2685121297836304, 1.3033441305160522, 1.3516987562179565, 1.3193564414978027, 1.325028896331787, 1.3156013488769531, 1.2053290605545044, 1.2941538095474243, 1.215975046157837, 1.270524263381958, 1.226865530014038, 1.2506022453308105]",sae,Pre-64
1,beta,19,0.044,0.4469965829377276,0.435497383761294,0.4197134875945464,0.5,0.6104665954706788,0.7148600684737884,30,"[0, 1, 2, 3, 4, 5, 6, 7, 8, 9, 10, 11, 12, 13, 14, 15, 16, 17, 18, 19, 20, 21, 22, 23, 24, 25, 26, 27, 28, 29]","[1.6837888956069946, 1.7219853401184082, 1.78297758102417, 1.6879407167434692, 1.6827988624572754, 1.7139581441879272, 1.7050155401229858, 1.7740755081176758, 1.6506034135818481, 1.8131508827209473, 1.8567464351654053, 1.842786431312561, 1.7228351831436157, 1.6658351421356201, 1.6511577367782593, 1.6768250465393066, 1.8104782104492188, 1.8263053894042969, 1.633242130279541, 1.6327985525131226, 1.8407702445983887, 1.6917643547058105, 1.713320255279541, 1.634881854057312, 1.6209362745285034, 1.824704647064209, 1.8322913646697998, 1.722615122795105, 1.7192504405975342, 1.662164330482483]",sae,Pre-64
1,beta,40,0.084,0.44666181227492,0.4340193094910912,0.4333667848433907,0.5,0.6093636266731638,0.6691741917799876,30,"[0, 1, 2, 3, 4, 5, 6, 7, 8, 9, 10, 11, 12, 13, 14, 15, 16, 17, 18, 19, 20, 21, 22, 23, 24, 25, 26, 27, 28, 29]","[1.4619417190551758, 1.4178024530410767, 1.402511477470398, 1.3438301086425781, 1.3788889646530151, 1.4013772010803223, 1.3981837034225464, 1.4271150827407837, 1.4244266748428345, 1.4509046077728271, 1.3768223524093628, 1.3883137702941895, 1.4582359790802002, 1.348354458808899, 1.363154649734497, 1.4681332111358643, 1.3850358724594116, 1.4019770622253418, 1.354359745979309, 1.369598627090454, 1.353369116783142, 1.3643100261688232, 1.4422621726989746, 1.3949460983276367, 1.4502477645874023, 1.3684825897216797, 1.4393965005874634, 1.3464505672454834, 1.4815446138381958, 1.3520113229751587]",sae,Pre-64
1,beta,6,0.074,0.4540822999211705,0.4457917896713532,0.4484574210497222,0.5,0.5933447799067053,0.6642122377037971,30,"[0, 1, 2, 3, 4, 5, 6, 7, 8, 9, 10, 11, 12, 13, 14, 15, 16, 17, 18, 19, 20, 21, 22, 23, 24, 25, 26, 27, 28, 29]","[1.4781183004379272, 1.5134836435317993, 1.4278664588928223, 1.5242916345596313, 1.4092371463775635, 1.4203755855560303, 1.4151465892791748, 1.4976149797439575, 1.4071959257125854, 1.506064534187317, 1.4327973127365112, 1.3724666833877563, 1.4239766597747803, 1.3925890922546387, 1.2253810167312622, 1.5022611618041992, 1.3886224031448364, 1.4655370712280273, 1.4504764080047607, 1.4640148878097534, 1.4418948888778687, 1.4039793014526367, 1.5143905878067017, 1.4474918842315674, 1.3878273963928223, 1.4549378156661987, 1.4053101539611816, 1.3897086381912231, 1.4517837762832642, 1.4772011041641235]",sae,Pre-64
1,beta,4,0.085,0.4589558369307028,0.4477177462853796,0.4573374643470562,0.5,0.61034827708266,0.6589393169890885,30,"[0, 1, 2, 3, 4, 5, 6, 7, 8, 9, 10, 11, 12, 13, 14, 15, 16, 17, 18, 19, 20, 21, 22, 23, 24, 25, 26, 27, 28, 29]","[1.395362138748169, 1.3801698684692383, 1.3015704154968262, 1.4447203874588013, 1.2744189500808716, 1.3218293190002441, 1.3697201013565063, 1.3050510883331299, 1.3907411098480225, 1.4263585805892944, 1.394240379333496, 1.3363479375839233, 1.4463270902633667, 1.3329336643218994, 1.3011020421981812, 1.3882955312728882, 1.3922197818756104, 1.360206961631775, 1.3187335729599, 1.4142533540725708, 1.3756844997406006, 1.438321828842163, 1.3768949508666992, 1.2915151119232178, 1.3720016479492188, 1.3111598491668701, 1.3287841081619263, 1.3421118259429932, 1.4211657047271729, 1.2957887649536133]",sae,Pre-64
1,beta,14,0.05,0.4467366851483266,0.4421697276018216,0.4398045808687122,0.5,0.5934222168898753,0.6938421392042472,30,"[0, 1, 2, 3, 4, 5, 6, 7, 8, 9, 10, 11, 12, 13, 14, 15, 16, 17, 18, 19, 20, 21, 22, 23, 24, 25, 26, 27, 28, 29]","[1.5694552659988403, 1.472412109375, 1.5914337635040283, 1.6276241540908813, 1.595542311668396, 1.5973223447799683, 1.537024974822998, 1.7019356489181519, 1.5955971479415894, 1.6744307279586792, 1.535480260848999, 1.5604565143585205, 1.582460880279541, 1.6729018688201904, 1.626042366027832, 1.5989304780960083, 1.694332242012024, 1.6916025876998901, 1.6092543601989746, 1.5664598941802979, 1.5826810598373413, 1.6104058027267456, 1.6725192070007324, 1.5606169700622559, 1.6825649738311768, 1.6887787580490112, 1.6375672817230225, 1.6911168098449707, 1.6818007230758667, 1.5926035642623901]",sae,Pre-64
1,beta,15,0.086,0.4529015220185267,0.4424399871594601,0.4354423945034001,0.5,0.6161071485640408,0.7111346765641571,30,"[0, 1, 2, 3, 4, 5, 6, 7, 8, 9, 10, 11, 12, 13, 14, 15, 16, 17, 18, 19, 20, 21, 22, 23, 24, 25, 26, 27, 28, 29]","[1.3987587690353394, 1.3692286014556885, 1.4103357791900635, 1.410315752029419, 1.4848837852478027, 1.3810888528823853, 1.3757033348083496, 1.3999583721160889, 1.4583964347839355, 1.4561512470245361, 1.4442437887191772, 1.358964443206787, 1.5176398754119873, 1.4612194299697876, 1.3519725799560547, 1.4273569583892822, 1.3651440143585205, 1.5107308626174927, 1.3498338460922241, 1.4169338941574097, 1.5037530660629272, 1.470964789390564, 1.3921072483062744, 1.4302424192428589, 1.399645209312439, 1.2819606065750122, 1.4733290672302246, 1.5179564952850342, 1.4152827262878418, 1.4114799499511719]",sae,Pre-64
1,beta,36,0.048,0.4642138821845151,0.4576483090311837,0.4621100302374766,0.5,0.6031055233182893,0.674248232758871,30,"[0, 1, 2, 3, 4, 5, 6, 7, 8, 9, 10, 11, 12, 13, 14, 15, 16, 17, 18, 19, 20, 21, 22, 23, 24, 25, 26, 27, 28, 29]","[1.5264322757720947, 1.5177325010299683, 1.437802791595459, 1.5189484357833862, 1.3963291645050049, 1.5473743677139282, 1.444799780845642, 1.4892233610153198, 1.5596377849578857, 1.4124349355697632, 1.4467525482177734, 1.5485366582870483, 1.438056468963623, 1.473743200302124, 1.4841837882995605, 1.5617579221725464, 1.5140380859375, 1.4977624416351318, 1.5565673112869263, 1.4305651187896729, 1.4724901914596558, 1.4625920057296753, 1.4680455923080444, 1.4444962739944458, 1.5416011810302734, 1.5223191976547241, 1.4538707733154297, 1.5041437149047852, 1.539239525794983, 1.4328750371932983]",sae,Pre-64
1,beta,43,0.08,0.4515364523902173,0.4432102910589974,0.4420082915335337,0.5,0.6060785767234989,0.6993936249073388,30,"[0, 1, 2, 3, 4, 5, 6, 7, 8, 9, 10, 11, 12, 13, 14, 15, 16, 17, 18, 19, 20, 21, 22, 23, 24, 25, 26, 27, 28, 29]","[1.516338586807251, 1.5895870923995972, 1.5655708312988281, 1.462786316871643, 1.497804045677185, 1.4369771480560303, 1.4677897691726685, 1.4546571969985962, 1.554640769958496, 1.444277048110962, 1.4099024534225464, 1.600106954574585, 1.528801679611206, 1.4712886810302734, 1.4711085557937622, 1.358784556388855, 1.5567706823349, 1.4548096656799316, 1.551543951034546, 1.5474863052368164, 1.4500017166137695, 1.4631870985031128, 1.5884336233139038, 1.5209238529205322, 1.4438257217407227, 1.5246931314468384, 1.5911222696304321, 1.4544416666030884, 1.5502437353134155, 1.6006765365600586]",sae,Pre-64
1,beta,37,0.078,0.4546908257221888,0.444978337644671,0.4310239641780608,0.5,0.6058579085235571,0.7187775376926884,30,"[0, 1, 2, 3, 4, 5, 6, 7, 8, 9, 10, 11, 12, 13, 14, 15, 16, 17, 18, 19, 20, 21, 22, 23, 24, 25, 26, 27, 28, 29]","[1.3606706857681274, 1.4292376041412354, 1.4055308103561401, 1.380271315574646, 1.323059320449829, 1.4337501525878906, 1.3781273365020752, 1.4651848077774048, 1.5080623626708984, 1.4316779375076294, 1.4014297723770142, 1.4045859575271606, 1.4391876459121704, 1.4148377180099487, 1.4712300300598145, 1.4186867475509644, 1.3972313404083252, 1.45572030544281, 1.4118155241012573, 1.4166737794876099, 1.4342520236968994, 1.4414668083190918, 1.473669409751892, 1.452467679977417, 1.4197072982788086, 1.4610637426376343, 1.4149516820907593, 1.438775897026062, 1.4545981884002686, 1.4709336757659912]",sae,Pre-64
1,beta,39,0.075,0.4461088087810431,0.4292341094433316,0.4384328739686236,0.5,0.6205127278095635,0.6698979545721594,30,"[0, 1, 2, 3, 4, 5, 6, 7, 8, 9, 10, 11, 12, 13, 14, 15, 16, 17, 18, 19, 20, 21, 22, 23, 24, 25, 26, 27, 28, 29]","[1.4469928741455078, 1.5518945455551147, 1.4857913255691528, 1.4830093383789062, 1.4055969715118408, 1.4548163414001465, 1.4482263326644897, 1.4840201139450073, 1.4085644483566284, 1.531002402305603, 1.455374836921692, 1.3992152214050293, 1.4850846529006958, 1.398675560951233, 1.4885860681533813, 1.5469601154327393, 1.5210679769515991, 1.5100016593933105, 1.4302557706832886, 1.3914663791656494, 1.4001665115356445, 1.4875205755233765, 1.4401724338531494, 1.4370638132095337, 1.5047210454940796, 1.4541133642196655, 1.3544400930404663, 1.4268742799758911, 1.5579785108566284, 1.4276894330978394]",sae,Pre-64
1,beta,8,0.058,0.4517491928182039,0.4406431065890545,0.4395357011989366,0.5,0.6098144493254953,0.6783925072331516,30,"[0, 1, 2, 3, 4, 5, 6, 7, 8, 9, 10, 11, 12, 13, 14, 15, 16, 17, 18, 19, 20, 21, 22, 23, 24, 25, 26, 27, 28, 29]","[1.3941444158554077, 1.5059596300125122, 1.4227255582809448, 1.4538308382034302, 1.514872670173645, 1.4502854347229004, 1.498732328414917, 1.41094970703125, 1.4572601318359375, 1.5064293146133423, 1.5146584510803223, 1.4385359287261963, 1.4220494031906128, 1.4551044702529907, 1.483955979347229, 1.3995189666748047, 1.4211654663085938, 1.4571610689163208, 1.3676925897598267, 1.437229037284851, 1.4101697206497192, 1.3859018087387085, 1.4894185066223145, 1.4218641519546509, 1.4889427423477173, 1.4930315017700195, 1.3906891345977783, 1.4886740446090698, 1.4595714807510376, 1.459651231765747]",sae,Pre-64
1,beta,18,0.085,0.4575117633693479,0.4471831599677374,0.4241832528621837,0.5,0.6052065040104606,0.7328424454273732,30,"[0, 1, 2, 3, 4, 5, 6, 7, 8, 9, 10, 11, 12, 13, 14, 15, 16, 17, 18, 19, 20, 21, 22, 23, 24, 25, 26, 27, 28, 29]","[1.3648408651351929, 1.5355510711669922, 1.5552401542663574, 1.4517388343811035, 1.469612717628479, 1.4844452142715454, 1.664096713066101, 1.4405982494354248, 1.5496340990066528, 1.425645351409912, 1.6349469423294067, 1.5226285457611084, 1.5522751808166504, 1.5556468963623047, 1.4837415218353271, 1.4423078298568726, 1.5395104885101318, 1.4741120338439941, 1.4567530155181885, 1.399060845375061, 1.6511765718460083, 1.4633327722549438, 1.5857090950012207, 1.5445165634155273, 1.5214293003082275, 1.4886481761932373, 1.5327882766723633, 1.584105134010315, 1.538539171218872, 1.4790090322494507]",sae,Pre-64
1,beta,12,0.084,0.4455148672091349,0.4361346773072694,0.4119918438696701,0.5,0.5892778403611032,0.732025471673125,30,"[0, 1, 2, 3, 4, 5, 6, 7, 8, 9, 10, 11, 12, 13, 14, 15, 16, 17, 18, 19, 20, 21, 22, 23, 24, 25, 26, 27, 28, 29]","[1.3721469640731812, 1.479801058769226, 1.3889379501342773, 1.2886995077133179, 1.4770121574401855, 1.412829041481018, 1.4064806699752808, 1.458633303642273, 1.493959665298462, 1.364926815032959, 1.3667471408843994, 1.5350905656814575, 1.3932324647903442, 1.465675711631775, 1.350903034210205, 1.5387870073318481, 1.3233753442764282, 1.5172048807144165, 1.4387328624725342, 1.5313329696655273, 1.495121717453003, 1.4416213035583496, 1.3931869268417358, 1.5374702215194702, 1.5149874687194824, 1.383739709854126, 1.515498161315918, 1.4605951309204102, 1.4140946865081787, 1.5459887981414795]",sae,Pre-64
1,beta,42,0.06,0.4546678683050885,0.4407690563496341,0.4565384318896401,0.5,0.6336081445133979,0.6612922138836773,30,"[0, 1, 2, 3, 4, 5, 6, 7, 8, 9, 10, 11, 12, 13, 14, 15, 16, 17, 18, 19, 20, 21, 22, 23, 24, 25, 26, 27, 28, 29]","[1.6460905075073242, 1.510941982269287, 1.6558221578598022, 1.6510220766067505, 1.5931313037872314, 1.6353342533111572, 1.5852760076522827, 1.5427441596984863, 1.505146861076355, 1.6535625457763672, 1.6213810443878174, 1.6633727550506592, 1.5376173257827759, 1.3010400533676147, 1.6654618978500366, 1.547808289527893, 1.4921241998672485, 1.4683387279510498, 1.6181963682174683, 1.6482213735580444, 1.5569572448730469, 1.5305585861206055, 1.5586475133895874, 1.4858577251434326, 1.5375549793243408, 1.4991885423660278, 1.6722856760025024, 1.488037347793579, 1.5743504762649536, 1.4918689727783203]",sae,Pre-64
1,beta,47,0.054,0.4460371044958436,0.4257646434940195,0.4092245691853563,0.5,0.6434257056516428,0.7340818491609336,30,"[0, 1, 2, 3, 4, 5, 6, 7, 8, 9, 10, 11, 12, 13, 14, 15, 16, 17, 18, 19, 20, 21, 22, 23, 24, 25, 26, 27, 28, 29]","[1.7373603582382202, 1.559815764427185, 1.5583131313323975, 1.5648642778396606, 1.6741251945495605, 1.7031810283660889, 1.6407819986343384, 1.7180410623550415, 1.6813759803771973, 1.5736992359161377, 1.5954375267028809, 1.5465203523635864, 1.5726219415664673, 1.7351100444793701, 1.55219566822052, 1.7040194272994995, 1.5996659994125366, 1.6771750450134277, 1.5158731937408447, 1.5441498756408691, 1.5875062942504883, 1.6503126621246338, 1.7184804677963257, 1.5604099035263062, 1.6485862731933594, 1.545066475868225, 1.4811218976974487, 1.7005786895751953, 1.5167841911315918, 1.6152786016464233]",sae,Pre-64
1,beta,33,0.074,0.4492211383258522,0.4377959816952598,0.4300385341732866,0.5,0.6165210074526608,0.6941368630944804,30,"[0, 1, 2, 3, 4, 5, 6, 7, 8, 9, 10, 11, 12, 13, 14, 15, 16, 17, 18, 19, 20, 21, 22, 23, 24, 25, 26, 27, 28, 29]","[1.4231042861938477, 1.4964767694473267, 1.4501363039016724, 1.4220499992370605, 1.3681328296661377, 1.511022686958313, 1.3648964166641235, 1.4840612411499023, 1.4881294965744019, 1.487575888633728, 1.4370229244232178, 1.4979474544525146, 1.4474810361862183, 1.376487135887146, 1.4041839838027954, 1.4843844175338745, 1.401046872138977, 1.4018529653549194, 1.4990968704223633, 1.4950430393218994, 1.4126917123794556, 1.3590192794799805, 1.5104105472564697, 1.4561314582824707, 1.5069873332977295, 1.4012715816497803, 1.4018784761428833, 1.3775067329406738, 1.348949670791626, 1.4136536121368408]",sae,Pre-64
1,beta,24,0.055,0.4501416387440968,0.4383559369047743,0.4508604816376254,0.5,0.6188330126613704,0.6421890516385304,30,"[0, 1, 2, 3, 4, 5, 6, 7, 8, 9, 10, 11, 12, 13, 14, 15, 16, 17, 18, 19, 20, 21, 22, 23, 24, 25, 26, 27, 28, 29]","[1.536290168762207, 1.433977723121643, 1.4622135162353516, 1.5446616411209106, 1.5474077463150024, 1.4508849382400513, 1.4652899503707886, 1.4610824584960938, 1.5116416215896606, 1.398026466369629, 1.4975332021713257, 1.4432456493377686, 1.5425052642822266, 1.5287115573883057, 1.4628852605819702, 1.4286319017410278, 1.5502686500549316, 1.3431185483932495, 1.4353933334350586, 1.5501294136047363, 1.526801347732544, 1.544893503189087, 1.438093662261963, 1.5058406591415405, 1.419636845588684, 1.3792458772659302, 1.4964793920516968, 1.415273666381836, 1.5531725883483887, 1.4525146484375]",sae,Pre-64
1,beta,0,0.086,0.4600628296558519,0.4487196928272481,0.432448739696505,0.5,0.6146148452673732,0.7223466856479728,30,"[0, 1, 2, 3, 4, 5, 6, 7, 8, 9, 10, 11, 12, 13, 14, 15, 16, 17, 18, 19, 20, 21, 22, 23, 24, 25, 26, 27, 28, 29]","[1.3886111974716187, 1.4322021007537842, 1.4093668460845947, 1.462899923324585, 1.3826745748519897, 1.4064280986785889, 1.453903317451477, 1.4845439195632935, 1.4676600694656372, 1.412428617477417, 1.4037755727767944, 1.4189491271972656, 1.4801521301269531, 1.4635193347930908, 1.4803160429000854, 1.4291187524795532, 1.4403526782989502, 1.3635892868041992, 1.3135533332824707, 1.4636468887329102, 1.3844777345657349, 1.3715565204620361, 1.4634114503860474, 1.4065816402435303, 1.381574273109436, 1.3449070453643799, 1.4690475463867188, 1.3540637493133545, 1.4620951414108276, 1.3462653160095215]",sae,Pre-64
1,beta,47,0.044,0.4460371044958436,0.4257646434940195,0.4111502818113481,0.5,0.6434257056516428,0.7352970488008745,30,"[0, 1, 2, 3, 4, 5, 6, 7, 8, 9, 10, 11, 12, 13, 14, 15, 16, 17, 18, 19, 20, 21, 22, 23, 24, 25, 26, 27, 28, 29]","[1.8418821096420288, 1.6571812629699707, 1.6539078950881958, 1.6508610248565674, 1.7736443281173706, 1.8094444274902344, 1.729675531387329, 1.8360989093780518, 1.7725799083709717, 1.671004056930542, 1.7068361043930054, 1.6510167121887207, 1.6771925687789917, 1.8379486799240112, 1.6587353944778442, 1.8190853595733643, 1.6896023750305176, 1.7801915407180786, 1.624914526939392, 1.6487845182418823, 1.6844958066940308, 1.7614094018936157, 1.8390411138534546, 1.6663854122161865, 1.7436058521270752, 1.6306021213531494, 1.5774070024490356, 1.824592113494873, 1.6248774528503418, 1.7001721858978271]",sae,Pre-64
1,beta,25,0.064,0.4465066892532915,0.4352791138475453,0.4431118042868274,0.5,0.6270054355300688,0.6611823025359826,30,"[0, 1, 2, 3, 4, 5, 6, 7, 8, 9, 10, 11, 12, 13, 14, 15, 16, 17, 18, 19, 20, 21, 22, 23, 24, 25, 26, 27, 28, 29]","[1.5366755723953247, 1.561625599861145, 1.428187370300293, 1.6099963188171387, 1.5885480642318726, 1.5788726806640625, 1.4587608575820923, 1.4674222469329834, 1.5136311054229736, 1.4297280311584473, 1.5891454219818115, 1.5235670804977417, 1.5632569789886475, 1.4688866138458252, 1.4601725339889526, 1.5039665699005127, 1.373962640762329, 1.3893194198608398, 1.4337390661239624, 1.4594402313232422, 1.602236270904541, 1.3809174299240112, 1.550426959991455, 1.4732639789581299, 1.5264863967895508, 1.4736639261245728, 1.6262203454971313, 1.5574285984039307, 1.5892926454544067, 1.434838056564331]",sae,Pre-64
1,beta,18,0.054,0.4575117633693479,0.4471831599677374,0.4243083992609746,0.5,0.6052065040104606,0.7328912697528727,30,"[0, 1, 2, 3, 4, 5, 6, 7, 8, 9, 10, 11, 12, 13, 14, 15, 16, 17, 18, 19, 20, 21, 22, 23, 24, 25, 26, 27, 28, 29]","[1.3774662017822266, 1.5480318069458008, 1.5677416324615479, 1.4644396305084229, 1.482242465019226, 1.4970003366470337, 1.6765486001968384, 1.4531300067901611, 1.5620142221450806, 1.4380607604980469, 1.6474196910858154, 1.5351520776748657, 1.5647634267807007, 1.5682491064071655, 1.4963102340698242, 1.4546433687210083, 1.5521706342697144, 1.4865444898605347, 1.4692167043685913, 1.4114344120025635, 1.663636565208435, 1.4758481979370117, 1.5981451272964478, 1.5570255517959595, 1.5339832305908203, 1.5011719465255737, 1.545333743095398, 1.596511960029602, 1.5511411428451538, 1.4915727376937866]",sae,Pre-64
1,beta,20,0.088,0.4408022875601419,0.4262939306313442,0.4359014291094032,0.5,0.6176087118064704,0.6504755824872153,30,"[0, 1, 2, 3, 4, 5, 6, 7, 8, 9, 10, 11, 12, 13, 14, 15, 16, 17, 18, 19, 20, 21, 22, 23, 24, 25, 26, 27, 28, 29]","[1.4337868690490723, 1.5045292377471924, 1.4418659210205078, 1.5485565662384033, 1.4962893724441528, 1.5144879817962646, 1.5111371278762817, 1.4319528341293335, 1.4780564308166504, 1.436720371246338, 1.449959635734558, 1.4426630735397339, 1.5606564283370972, 1.3927052021026611, 1.4484694004058838, 1.547531008720398, 1.4388179779052734, 1.4103671312332153, 1.479067325592041, 1.478379249572754, 1.472503900527954, 1.3796788454055786, 1.4980864524841309, 1.5526739358901978, 1.5173370838165283, 1.4044444561004639, 1.4482810497283936, 1.4904563426971436, 1.4029484987258911, 1.551446795463562]",sae,Pre-64
1,beta,28,0.08,0.4589844236982603,0.4495627040154577,0.4417298067893038,0.5,0.5987249917034086,0.6982307519082159,30,"[0, 1, 2, 3, 4, 5, 6, 7, 8, 9, 10, 11, 12, 13, 14, 15, 16, 17, 18, 19, 20, 21, 22, 23, 24, 25, 26, 27, 28, 29]","[1.4492095708847046, 1.3326343297958374, 1.3219890594482422, 1.5414419174194336, 1.4955050945281982, 1.4793118238449097, 1.44007408618927, 1.3730021715164185, 1.4737117290496826, 1.505357265472412, 1.435299038887024, 1.465847373008728, 1.5131065845489502, 1.5231902599334717, 1.4561749696731567, 1.40321946144104, 1.4379727840423584, 1.4944546222686768, 1.4691004753112793, 1.469232201576233, 1.4038082361221313, 1.42396080493927, 1.4258310794830322, 1.374033808708191, 1.4055849313735962, 1.4941848516464233, 1.5329831838607788, 1.4161512851715088, 1.3948894739151, 1.4070708751678467]",sae,Pre-64
1,beta,35,0.052,0.4566193215888805,0.4379483378046387,0.4344310065738964,0.5,0.637290178651746,0.7144420656195839,30,"[0, 1, 2, 3, 4, 5, 6, 7, 8, 9, 10, 11, 12, 13, 14, 15, 16, 17, 18, 19, 20, 21, 22, 23, 24, 25, 26, 27, 28, 29]","[1.4599907398223877, 1.5265159606933594, 1.590541958808899, 1.5200767517089844, 1.5333380699157715, 1.4977058172225952, 1.4461854696273804, 1.6069523096084595, 1.6225450038909912, 1.514744520187378, 1.5851303339004517, 1.4364463090896606, 1.5089212656021118, 1.416312336921692, 1.5058913230895996, 1.4633523225784302, 1.5934836864471436, 1.4383658170700073, 1.5433379411697388, 1.444035530090332, 1.46486234664917, 1.4561772346496582, 1.47373628616333, 1.4432367086410522, 1.4903767108917236, 1.536252498626709, 1.4669560194015503, 1.5472698211669922, 1.6016221046447754, 1.5401110649108887]",sae,Pre-64
1,beta,24,0.045,0.4501416387440968,0.4383559369047743,0.4508925229520517,0.5,0.6188330126613704,0.6421999131082423,30,"[0, 1, 2, 3, 4, 5, 6, 7, 8, 9, 10, 11, 12, 13, 14, 15, 16, 17, 18, 19, 20, 21, 22, 23, 24, 25, 26, 27, 28, 29]","[1.5388768911361694, 1.4366018772125244, 1.464827537536621, 1.547254204750061, 1.5500075817108154, 1.4534912109375, 1.4679111242294312, 1.4636863470077515, 1.514238953590393, 1.4006011486053467, 1.5001479387283325, 1.4458452463150024, 1.5450886487960815, 1.5313104391098022, 1.4654922485351562, 1.4312622547149658, 1.5528637170791626, 1.3456858396530151, 1.4380030632019043, 1.5527281761169434, 1.5294036865234375, 1.547491431236267, 1.4407168626785278, 1.5084425210952759, 1.4222394227981567, 1.381846308708191, 1.4990837574005127, 1.4178823232650757, 1.55576753616333, 1.455136775970459]",sae,Pre-64
1,beta,48,0.088,0.4556814132376,0.4510566266980289,0.4877824295325885,0.5,0.5923878577171784,0.5906226289027553,30,"[0, 1, 2, 3, 4, 5, 6, 7, 8, 9, 10, 11, 12, 13, 14, 15, 16, 17, 18, 19, 20, 21, 22, 23, 24, 25, 26, 27, 28, 29]","[1.5242884159088135, 1.4703506231307983, 1.4568367004394531, 1.4456990957260132, 1.4172699451446533, 1.3666359186172485, 1.4625877141952515, 1.3868677616119385, 1.4190019369125366, 1.4123108386993408, 1.4858778715133667, 1.4268041849136353, 1.445500135421753, 1.4263052940368652, 1.3792861700057983, 1.4668012857437134, 1.4885337352752686, 1.4674421548843384, 1.497963786125183, 1.3441133499145508, 1.4210326671600342, 1.5065269470214844, 1.5086205005645752, 1.3311083316802979, 1.4275537729263306, 1.4816025495529175, 1.5024333000183105, 1.497963786125183, 1.4250905513763428, 1.4548646211624146]",sae,Pre-64
1,beta,23,0.048,0.4478205607315014,0.4344954522622479,0.4375419426295271,0.5,0.6150139710231751,0.676908553715445,30,"[0, 1, 2, 3, 4, 5, 6, 7, 8, 9, 10, 11, 12, 13, 14, 15, 16, 17, 18, 19, 20, 21, 22, 23, 24, 25, 26, 27, 28, 29]","[1.5110223293304443, 1.6068998575210571, 1.5839930772781372, 1.6750339269638062, 1.4463177919387817, 1.5147006511688232, 1.659933090209961, 1.5172638893127441, 1.5089622735977173, 1.6509279012680054, 1.6596300601959229, 1.612267017364502, 1.6066874265670776, 1.5184236764907837, 1.6062979698181152, 1.6579431295394897, 1.3564265966415405, 1.542625904083252, 1.5024771690368652, 1.5334689617156982, 1.6533056497573853, 1.667768120765686, 1.522138237953186, 1.6696195602416992, 1.6649041175842285, 1.5571726560592651, 1.5018655061721802, 1.5866855382919312, 1.55227530002594, 1.6809909343719482]",sae,Pre-64
1,beta,27,0.072,0.4609757262074365,0.4537266978541116,0.4612056631008144,0.5,0.5914172664146189,0.6603407182672246,30,"[0, 1, 2, 3, 4, 5, 6, 7, 8, 9, 10, 11, 12, 13, 14, 15, 16, 17, 18, 19, 20, 21, 22, 23, 24, 25, 26, 27, 28, 29]","[1.532264232635498, 1.6052947044372559, 1.5336403846740723, 1.517833948135376, 1.5862728357315063, 1.4944461584091187, 1.5963377952575684, 1.4613642692565918, 1.5664241313934326, 1.5754307508468628, 1.48115873336792, 1.6082007884979248, 1.520897388458252, 1.4807955026626587, 1.520007610321045, 1.4333223104476929, 1.524714708328247, 1.5694513320922852, 1.5129575729370117, 1.5337778329849243, 1.5999878644943237, 1.5354150533676147, 1.4883184432983398, 1.443608283996582, 1.5062793493270874, 1.6135491132736206, 1.4973530769348145, 1.5483195781707764, 1.4384921789169312, 1.545924425125122]",sae,Pre-64
1,beta,15,0.08,0.4529015220185267,0.4424399871594601,0.4354533278927349,0.5,0.6161071485640408,0.7111295922369588,30,"[0, 1, 2, 3, 4, 5, 6, 7, 8, 9, 10, 11, 12, 13, 14, 15, 16, 17, 18, 19, 20, 21, 22, 23, 24, 25, 26, 27, 28, 29]","[1.399796485900879, 1.3702584505081177, 1.4113672971725464, 1.4113534688949585, 1.485904335975647, 1.3821260929107666, 1.376732349395752, 1.4009875059127808, 1.4594305753707886, 1.4571888446807861, 1.4452723264694214, 1.359999418258667, 1.518664836883545, 1.4622539281845093, 1.3530077934265137, 1.4283862113952637, 1.366187334060669, 1.511750340461731, 1.3508639335632324, 1.4179729223251343, 1.5047787427902222, 1.4719982147216797, 1.3931386470794678, 1.4312769174575806, 1.4006675481796265, 1.2829880714416504, 1.4743541479110718, 1.5189825296401978, 1.4163140058517456, 1.412509799003601]",sae,Pre-64
1,beta,11,0.075,0.4566976193509867,0.4496008864727478,0.4368047980905234,0.5,0.5995106990682213,0.7107359413775343,30,"[0, 1, 2, 3, 4, 5, 6, 7, 8, 9, 10, 11, 12, 13, 14, 15, 16, 17, 18, 19, 20, 21, 22, 23, 24, 25, 26, 27, 28, 29]","[1.4610564708709717, 1.2674015760421753, 1.4177837371826172, 1.3398035764694214, 1.4951180219650269, 1.3613409996032715, 1.3688517808914185, 1.2485698461532593, 1.4800312519073486, 1.4816229343414307, 1.4971823692321777, 1.5108155012130737, 1.5127850770950317, 1.4070212841033936, 1.3776956796646118, 1.3820843696594238, 1.4341968297958374, 1.3619407415390015, 1.3911607265472412, 1.4521164894104004, 1.4209719896316528, 1.4368085861206055, 1.4946422576904297, 1.4122908115386963, 1.4020997285842896, 1.4680299758911133, 1.4969735145568848, 1.3534913063049316, 1.3949309587478638, 1.3754805326461792]",sae,Pre-64
1,beta,26,0.0535,0.4502231978181314,0.4442488029476733,0.4655291369023327,0.5,0.5832450787939482,0.6463836317739975,30,"[0, 1, 2, 3, 4, 5, 6, 7, 8, 9, 10, 11, 12, 13, 14, 15, 16, 17, 18, 19, 20, 21, 22, 23, 24, 25, 26, 27, 28, 29]","[1.5714714527130127, 1.574995756149292, 1.7507373094558716, 1.5237175226211548, 1.601432204246521, 1.6456966400146484, 1.6477373838424683, 1.5458804368972778, 1.6617717742919922, 1.6030515432357788, 1.520025610923767, 1.7586435079574585, 1.6892927885055542, 1.6406244039535522, 1.7216840982437134, 1.6037981510162354, 1.6500614881515503, 1.5067373514175415, 1.664979100227356, 1.6015548706054688, 1.5659276247024536, 1.7292603254318237, 1.6165235042572021, 1.6511610746383667, 1.7388345003128052, 1.7162292003631592, 1.5885440111160278, 1.6490830183029175, 1.4762967824935913, 1.5531684160232544]",sae,Pre-64
1,beta,21,0.082,0.4504746503440228,0.4381370334360364,0.4402946383533399,0.5,0.6200058082774133,0.6872443431085405,30,"[0, 1, 2, 3, 4, 5, 6, 7, 8, 9, 10, 11, 12, 13, 14, 15, 16, 17, 18, 19, 20, 21, 22, 23, 24, 25, 26, 27, 28, 29]","[1.44127357006073, 1.4919646978378296, 1.6166660785675049, 1.6113733053207397, 1.5922214984893799, 1.5729656219482422, 1.4864842891693115, 1.495249629020691, 1.6011378765106201, 1.5131843090057373, 1.5911284685134888, 1.5996456146240234, 1.4785919189453125, 1.505631685256958, 1.5016287565231323, 1.4953445196151733, 1.4962773323059082, 1.5077579021453857, 1.4384205341339111, 1.6082313060760498, 1.4332900047302246, 1.6161978244781494, 1.4282033443450928, 1.4462639093399048, 1.5017828941345215, 1.4598615169525146, 1.4273741245269775, 1.482037901878357, 1.569498062133789, 1.5544452667236328]",sae,Pre-64
1,beta,10,0.055,0.4493907433353129,0.4390813823454372,0.4434931549029996,0.5,0.6232207829487961,0.6769858983099502,30,"[0, 1, 2, 3, 4, 5, 6, 7, 8, 9, 10, 11, 12, 13, 14, 15, 16, 17, 18, 19, 20, 21, 22, 23, 24, 25, 26, 27, 28, 29]","[1.4329262971878052, 1.3440985679626465, 1.5114116668701172, 1.4299988746643066, 1.4258489608764648, 1.4347209930419922, 1.5228351354599, 1.4494980573654175, 1.3367339372634888, 1.4865577220916748, 1.4382002353668213, 1.4620625972747803, 1.4615060091018677, 1.4367667436599731, 1.4990108013153076, 1.4573229551315308, 1.4665782451629639, 1.376280665397644, 1.432300090789795, 1.391827940940857, 1.4119800329208374, 1.4426889419555664, 1.503462553024292, 1.5053411722183228, 1.4429036378860474, 1.377880334854126, 1.4391400814056396, 1.4398285150527954, 1.4380629062652588, 1.4930399656295776]",sae,Pre-64
1,beta,31,0.076,0.4497611378811508,0.4308970333737342,0.4336018948176638,0.5,0.642735734520437,0.7099814996820257,30,"[0, 1, 2, 3, 4, 5, 6, 7, 8, 9, 10, 11, 12, 13, 14, 15, 16, 17, 18, 19, 20, 21, 22, 23, 24, 25, 26, 27, 28, 29]","[1.5599287748336792, 1.5208237171173096, 1.437076449394226, 1.4612725973129272, 1.5115635395050049, 1.5984901189804077, 1.4746960401535034, 1.5316154956817627, 1.4814420938491821, 1.5503435134887695, 1.5019599199295044, 1.530268669128418, 1.5648210048675537, 1.4004497528076172, 1.5644607543945312, 1.5007866621017456, 1.5246546268463135, 1.5241824388504028, 1.5381234884262085, 1.4931081533432007, 1.5821672677993774, 1.5239845514297485, 1.577239990234375, 1.5289298295974731, 1.518255591392517, 1.5449411869049072, 1.4376112222671509, 1.590599536895752, 1.4340156316757202, 1.5308955907821655]",sae,Pre-64
1,beta,45,0.076,0.4515599815008028,0.4347157609968581,0.4472586118989527,0.5,0.6289673345145609,0.6764844850302121,30,"[0, 1, 2, 3, 4, 5, 6, 7, 8, 9, 10, 11, 12, 13, 14, 15, 16, 17, 18, 19, 20, 21, 22, 23, 24, 25, 26, 27, 28, 29]","[1.5487779378890991, 1.5406055450439453, 1.4338916540145874, 1.6137635707855225, 1.609762191772461, 1.4658489227294922, 1.621335506439209, 1.5973193645477295, 1.4764989614486694, 1.4366655349731445, 1.5461516380310059, 1.625256061553955, 1.5796924829483032, 1.494219422340393, 1.5041053295135498, 1.5223811864852905, 1.5359129905700684, 1.4101217985153198, 1.535589575767517, 1.5279866456985474, 1.5788673162460327, 1.4769257307052612, 1.588836431503296, 1.4564130306243896, 1.435813069343567, 1.6149356365203857, 1.468334674835205, 1.4837160110473633, 1.4109522104263306, 1.6157281398773193]",sae,Pre-64
1,beta,38,0.055,0.4455661720406026,0.4298851252298221,0.4443281235898619,0.5,0.6303640517897944,0.6594897182025895,30,"[0, 1, 2, 3, 4, 5, 6, 7, 8, 9, 10, 11, 12, 13, 14, 15, 16, 17, 18, 19, 20, 21, 22, 23, 24, 25, 26, 27, 28, 29]","[1.5489277839660645, 1.542732834815979, 1.5428884029388428, 1.634634256362915, 1.5735208988189697, 1.4421454668045044, 1.6373999118804932, 1.5802714824676514, 1.477944016456604, 1.569740891456604, 1.5397807359695435, 1.617386817932129, 1.6049362421035767, 1.5615545511245728, 1.624416470527649, 1.5500195026397705, 1.5280464887619019, 1.6340720653533936, 1.5119763612747192, 1.5897815227508545, 1.5609928369522095, 1.5507903099060059, 1.6326261758804321, 1.5008472204208374, 1.5544737577438354, 1.6324816942214966, 1.520188808441162, 1.62502121925354, 1.5467548370361328, 1.6316472291946411]",sae,Pre-64
1,beta,32,0.065,0.4555596844830426,0.4475674839123162,0.4709275529769062,0.5,0.5924839124839124,0.6331605074462217,30,"[0, 1, 2, 3, 4, 5, 6, 7, 8, 9, 10, 11, 12, 13, 14, 15, 16, 17, 18, 19, 20, 21, 22, 23, 24, 25, 26, 27, 28, 29]","[1.4933557510375977, 1.4149128198623657, 1.4942184686660767, 1.4287941455841064, 1.4380505084991455, 1.5026605129241943, 1.433900237083435, 1.4141840934753418, 1.390876054763794, 1.3998568058013916, 1.4152542352676392, 1.3899484872817993, 1.4334661960601807, 1.3530783653259277, 1.3419119119644165, 1.3468964099884033, 1.3739525079727173, 1.4375122785568237, 1.3839914798736572, 1.413994550704956, 1.4985665082931519, 1.4147576093673706, 1.3374007940292358, 1.5001795291900635, 1.4290069341659546, 1.3597970008850098, 1.4758894443511963, 1.2958464622497559, 1.5044702291488647, 1.497310996055603]",sae,Pre-64
1,beta,49,0.062,0.462130925118617,0.4524487678230295,0.451517938441302,0.5,0.6141152509743157,0.6850348640653614,30,"[0, 1, 2, 3, 4, 5, 6, 7, 8, 9, 10, 11, 12, 13, 14, 15, 16, 17, 18, 19, 20, 21, 22, 23, 24, 25, 26, 27, 28, 29]","[1.5088143348693848, 1.5724613666534424, 1.5635643005371094, 1.5436867475509644, 1.4751582145690918, 1.5182685852050781, 1.623936653137207, 1.522260069847107, 1.6594460010528564, 1.5769299268722534, 1.5339692831039429, 1.5003143548965454, 1.5862637758255005, 1.5761672258377075, 1.6368608474731445, 1.587511658668518, 1.6531788110733032, 1.6473028659820557, 1.4949049949645996, 1.596415638923645, 1.6362156867980957, 1.5307873487472534, 1.6527315378189087, 1.5645273923873901, 1.498058557510376, 1.5710068941116333, 1.5691611766815186, 1.507103681564331, 1.4801841974258423, 1.514870524406433]",sae,Pre-64
1,beta,44,0.056,0.4469012312759677,0.43811650775401,0.4634674920160252,0.5,0.5982762074796864,0.6219028595334477,30,"[0, 1, 2, 3, 4, 5, 6, 7, 8, 9, 10, 11, 12, 13, 14, 15, 16, 17, 18, 19, 20, 21, 22, 23, 24, 25, 26, 27, 28, 29]","[1.5556561946868896, 1.5428911447525024, 1.5070486068725586, 1.5098074674606323, 1.5395451784133911, 1.6121563911437988, 1.608249306678772, 1.486790657043457, 1.5570112466812134, 1.6485400199890137, 1.548557996749878, 1.528385043144226, 1.549465537071228, 1.512620449066162, 1.6314648389816284, 1.6295212507247925, 1.4823402166366577, 1.3972716331481934, 1.5666519403457642, 1.5503796339035034, 1.4971109628677368, 1.4814724922180176, 1.555371880531311, 1.551747441291809, 1.6031651496887207, 1.510533094406128, 1.5150530338287354, 1.5395537614822388, 1.5590697526931763, 1.5490379333496094]",sae,Pre-64
1,beta,43,0.086,0.4515364523902173,0.4432102910589974,0.4419855013622723,0.5,0.6060785767234989,0.6993847294292068,30,"[0, 1, 2, 3, 4, 5, 6, 7, 8, 9, 10, 11, 12, 13, 14, 15, 16, 17, 18, 19, 20, 21, 22, 23, 24, 25, 26, 27, 28, 29]","[1.514442801475525, 1.5877012014389038, 1.5637015104293823, 1.460888385772705, 1.4959102869033813, 1.43506920337677, 1.4658825397491455, 1.4527512788772583, 1.5527485609054565, 1.4423651695251465, 1.4079997539520264, 1.5982352495193481, 1.5269047021865845, 1.4693925380706787, 1.4692254066467285, 1.3568860292434692, 1.5548832416534424, 1.4528958797454834, 1.5496551990509033, 1.545627474784851, 1.4480944871902466, 1.4612942934036255, 1.5865552425384521, 1.5190308094024658, 1.4419355392456055, 1.522788643836975, 1.5892372131347656, 1.4525341987609863, 1.5483434200286865, 1.5987861156463623]",sae,Pre-64
1,beta,3,0.046,0.4557259332451328,0.444824285747971,0.4736402530675627,0.5,0.6042731979176,0.6524886760110653,30,"[0, 1, 2, 3, 4, 5, 6, 7, 8, 9, 10, 11, 12, 13, 14, 15, 16, 17, 18, 19, 20, 21, 22, 23, 24, 25, 26, 27, 28, 29]","[1.6581238508224487, 1.6629488468170166, 1.6551419496536255, 1.6989986896514893, 1.665304183959961, 1.7491613626480103, 1.6477421522140503, 1.7453848123550415, 1.4891725778579712, 1.7385728359222412, 1.6268351078033447, 1.756001353263855, 1.6664447784423828, 1.7061301469802856, 1.7472710609436035, 1.6641712188720703, 1.6326252222061157, 1.7086925506591797, 1.6799806356430054, 1.6293452978134155, 1.5614149570465088, 1.6189932823181152, 1.6359912157058716, 1.7522783279418945, 1.7377903461456299, 1.6604278087615967, 1.6438194513320923, 1.6618281602859497, 1.7400825023651123, 1.6638352870941162]",sae,Pre-64
1,beta,0,0.072,0.4600628296558519,0.4487196928272481,0.4324662265931379,0.5,0.6146148452673732,0.7223375600200156,30,"[0, 1, 2, 3, 4, 5, 6, 7, 8, 9, 10, 11, 12, 13, 14, 15, 16, 17, 18, 19, 20, 21, 22, 23, 24, 25, 26, 27, 28, 29]","[1.3907727003097534, 1.4343594312667847, 1.4115322828292847, 1.4650524854660034, 1.3848251104354858, 1.4085990190505981, 1.4560537338256836, 1.486697793006897, 1.4698195457458496, 1.414589762687683, 1.4059429168701172, 1.4210994243621826, 1.4822957515716553, 1.4656755924224854, 1.4824687242507935, 1.4312515258789062, 1.4425129890441895, 1.3657556772232056, 1.3156988620758057, 1.4658006429672241, 1.386621117591858, 1.3737208843231201, 1.4655681848526, 1.408733606338501, 1.383744478225708, 1.3470665216445923, 1.4712036848068237, 1.356231451034546, 1.4642432928085327, 1.3484331369400024]",sae,Pre-64
1,beta,10,0.066,0.4493907433353129,0.4390813823454372,0.443470306634607,0.5,0.6232207829487961,0.677004557034698,30,"[0, 1, 2, 3, 4, 5, 6, 7, 8, 9, 10, 11, 12, 13, 14, 15, 16, 17, 18, 19, 20, 21, 22, 23, 24, 25, 26, 27, 28, 29]","[1.4307594299316406, 1.3419373035430908, 1.5092540979385376, 1.42782461643219, 1.4236714839935303, 1.43254554271698, 1.5206727981567383, 1.447317123413086, 1.3345601558685303, 1.4843897819519043, 1.4360202550888062, 1.459883213043213, 1.4593409299850464, 1.4346169233322144, 1.4968374967575073, 1.4551441669464111, 1.4643999338150024, 1.3740894794464111, 1.4301308393478394, 1.3896548748016357, 1.4098093509674072, 1.4405241012573242, 1.501286506652832, 1.5031721591949463, 1.4407628774642944, 1.3756864070892334, 1.4369643926620483, 1.4376499652862549, 1.4358896017074585, 1.4908866882324219]",sae,Pre-64
1,beta,36,0.058,0.4642138821845151,0.4576483090311837,0.4620692212289192,0.5,0.6031055233182893,0.6742496848879826,30,"[0, 1, 2, 3, 4, 5, 6, 7, 8, 9, 10, 11, 12, 13, 14, 15, 16, 17, 18, 19, 20, 21, 22, 23, 24, 25, 26, 27, 28, 29]","[1.5235995054244995, 1.514931321144104, 1.4349660873413086, 1.5161150693893433, 1.3935019969940186, 1.544549822807312, 1.4419535398483276, 1.486395239830017, 1.5568090677261353, 1.409593105316162, 1.443906307220459, 1.545697808265686, 1.435198426246643, 1.470901608467102, 1.4813570976257324, 1.5589300394058228, 1.5111968517303467, 1.4949315786361694, 1.5537465810775757, 1.4277108907699585, 1.469648003578186, 1.4597440958023071, 1.465199589729309, 1.4416725635528564, 1.538766860961914, 1.5195008516311646, 1.4509961605072021, 1.5013171434402466, 1.5364128351211548, 1.4300376176834106]",sae,Pre-64
1,beta,33,0.085,0.4492211383258522,0.4377959816952598,0.4270818601753445,0.5,0.6165210074526608,0.6947887941396915,30,"[0, 1, 2, 3, 4, 5, 6, 7, 8, 9, 10, 11, 12, 13, 14, 15, 16, 17, 18, 19, 20, 21, 22, 23, 24, 25, 26, 27, 28, 29]","[1.3341175317764282, 1.4100443124771118, 1.3668423891067505, 1.3423054218292236, 1.2991877794265747, 1.43204927444458, 1.2911345958709717, 1.403470754623413, 1.409289002418518, 1.4076564311981201, 1.3529332876205444, 1.4103522300720215, 1.352509617805481, 1.3107742071151733, 1.307443618774414, 1.400492787361145, 1.3236905336380005, 1.3310811519622803, 1.4117974042892456, 1.4082914590835571, 1.3382518291473389, 1.2909961938858032, 1.4276621341705322, 1.3822176456451416, 1.4261832237243652, 1.311637043952942, 1.3305621147155762, 1.3134468793869019, 1.2788240909576416, 1.3355411291122437]",sae,Pre-64
1,beta,28,0.086,0.4589844236982603,0.4495627040154577,0.441714474576723,0.5,0.5987249917034086,0.6982100104300004,30,"[0, 1, 2, 3, 4, 5, 6, 7, 8, 9, 10, 11, 12, 13, 14, 15, 16, 17, 18, 19, 20, 21, 22, 23, 24, 25, 26, 27, 28, 29]","[1.4475650787353516, 1.330962061882019, 1.320352554321289, 1.539792776107788, 1.4938565492630005, 1.4776450395584106, 1.4384288787841797, 1.3713605403900146, 1.4720379114151, 1.5036981105804443, 1.4336199760437012, 1.4641715288162231, 1.5114539861679077, 1.5215328931808472, 1.4545267820358276, 1.4015707969665527, 1.4363294839859009, 1.4927886724472046, 1.4674426317214966, 1.467570185661316, 1.4021615982055664, 1.4222931861877441, 1.4241865873336792, 1.3723949193954468, 1.4039396047592163, 1.492529034614563, 1.5313206911087036, 1.414474368095398, 1.393216609954834, 1.405435562133789]",sae,Pre-64
1,beta,21,0.07,0.4504746503440228,0.4381370334360364,0.4403432689390965,0.5,0.6200058082774133,0.6872458878631719,30,"[0, 1, 2, 3, 4, 5, 6, 7, 8, 9, 10, 11, 12, 13, 14, 15, 16, 17, 18, 19, 20, 21, 22, 23, 24, 25, 26, 27, 28, 29]","[1.445189356803894, 1.495866060256958, 1.6205414533615112, 1.6152445077896118, 1.5960360765457153, 1.5768169164657593, 1.4903719425201416, 1.499132513999939, 1.6049867868423462, 1.5170748233795166, 1.5950188636779785, 1.6034830808639526, 1.4824683666229248, 1.5095181465148926, 1.5055147409439087, 1.4992032051086426, 1.5001795291900635, 1.51161527633667, 1.4423456192016602, 1.612102746963501, 1.4372280836105347, 1.6200673580169678, 1.4321361780166626, 1.4501782655715942, 1.5057014226913452, 1.4637629985809326, 1.4312303066253662, 1.4859647750854492, 1.573397159576416, 1.5583258867263794]",sae,Pre-64
1,beta,31,0.046,0.4497611378811508,0.4308970333737342,0.4337750305077276,0.5,0.642735734520437,0.7099728276579754,30,"[0, 1, 2, 3, 4, 5, 6, 7, 8, 9, 10, 11, 12, 13, 14, 15, 16, 17, 18, 19, 20, 21, 22, 23, 24, 25, 26, 27, 28, 29]","[1.5711297988891602, 1.5320488214492798, 1.4484779834747314, 1.472505807876587, 1.5229425430297852, 1.609587550163269, 1.4858076572418213, 1.5429092645645142, 1.4928566217422485, 1.561514139175415, 1.513296365737915, 1.5414032936096191, 1.576052188873291, 1.411608338356018, 1.5757907629013062, 1.512080192565918, 1.535811424255371, 1.5354118347167969, 1.5493199825286865, 1.50436270236969, 1.5933600664138794, 1.5352221727371216, 1.5884206295013428, 1.5401932001113892, 1.5295841693878174, 1.5561965703964233, 1.4488049745559692, 1.6018520593643188, 1.4454329013824463, 1.5422693490982056]",sae,Pre-64
1,beta,4,0.065,0.4589558369307028,0.4477177462853796,0.4652261523489809,0.5,0.61034827708266,0.6563737938039613,30,"[0, 1, 2, 3, 4, 5, 6, 7, 8, 9, 10, 11, 12, 13, 14, 15, 16, 17, 18, 19, 20, 21, 22, 23, 24, 25, 26, 27, 28, 29]","[1.6110098361968994, 1.611118197441101, 1.4795016050338745, 1.6480751037597656, 1.4634958505630493, 1.5166432857513428, 1.6081308126449585, 1.4994115829467773, 1.5476406812667847, 1.630234956741333, 1.5880845785140991, 1.5314860343933105, 1.6428495645523071, 1.4972302913665771, 1.4831520318984985, 1.5530747175216675, 1.583152174949646, 1.5607409477233887, 1.5179688930511475, 1.6061698198318481, 1.5564520359039307, 1.619107723236084, 1.5476869344711304, 1.4909542798995972, 1.559980034828186, 1.5322890281677246, 1.491137981414795, 1.5265462398529053, 1.6064759492874146, 1.4844413995742798]",sae,Pre-64
1,beta,30,0.056,0.4638407167611665,0.4544841508273655,0.4398752177553107,0.5,0.6043368975359404,0.6949653847317137,30,"[0, 1, 2, 3, 4, 5, 6, 7, 8, 9, 10, 11, 12, 13, 14, 15, 16, 17, 18, 19, 20, 21, 22, 23, 24, 25, 26, 27, 28, 29]","[1.5354351997375488, 1.5041944980621338, 1.5155283212661743, 1.4561008214950562, 1.4689438343048096, 1.4473546743392944, 1.458174705505371, 1.4344440698623657, 1.4271420240402222, 1.4455608129501343, 1.5100092887878418, 1.4401683807373047, 1.4157614707946777, 1.4379525184631348, 1.5049077272415161, 1.5089378356933594, 1.4271659851074219, 1.4487651586532593, 1.5306562185287476, 1.4551886320114136, 1.431954264640808, 1.397176742553711, 1.4960744380950928, 1.451070785522461, 1.5668251514434814, 1.4437391757965088, 1.4691115617752075, 1.4390556812286377, 1.506208896636963, 1.4615832567214966]",sae,Pre-64
1,beta,9,0.048,0.448644851968101,0.4348910401892977,0.4532177435574367,0.5,0.6286670530281078,0.672819472616633,30,"[0, 1, 2, 3, 4, 5, 6, 7, 8, 9, 10, 11, 12, 13, 14, 15, 16, 17, 18, 19, 20, 21, 22, 23, 24, 25, 26, 27, 28, 29]","[1.7199405431747437, 1.5933080911636353, 1.7169095277786255, 1.687919020652771, 1.599280595779419, 1.4339814186096191, 1.705368161201477, 1.6201457977294922, 1.7206202745437622, 1.5413846969604492, 1.657430648803711, 1.621306300163269, 1.5930848121643066, 1.6423535346984863, 1.754246473312378, 1.6154693365097046, 1.6073014736175537, 1.6837300062179565, 1.7247130870819092, 1.5772297382354736, 1.7190766334533691, 1.7240042686462402, 1.5983599424362183, 1.707519769668579, 1.7054400444030762, 1.7044450044631958, 1.5637658834457397, 1.5390411615371704, 1.5926296710968018, 1.735512137413025]",sae,Pre-64
1,beta,7,0.074,0.4564836922581216,0.4420418003909208,0.4378623994140805,0.5,0.6095136152062148,0.7014208646087203,30,"[0, 1, 2, 3, 4, 5, 6, 7, 8, 9, 10, 11, 12, 13, 14, 15, 16, 17, 18, 19, 20, 21, 22, 23, 24, 25, 26, 27, 28, 29]","[1.4027000665664673, 1.451113224029541, 1.4667954444885254, 1.4350831508636475, 1.484048843383789, 1.4381242990493774, 1.404977798461914, 1.4421683549880981, 1.540297269821167, 1.4454582929611206, 1.3683048486709595, 1.410498023033142, 1.3739594221115112, 1.393688440322876, 1.5519415140151978, 1.4654287099838257, 1.3921929597854614, 1.3823639154434204, 1.4857670068740845, 1.4807120561599731, 1.4502061605453491, 1.46983003616333, 1.4739311933517456, 1.4109370708465576, 1.5088838338851929, 1.4975610971450806, 1.4173574447631836, 1.3313932418823242, 1.5197358131408691, 1.4096519947052002]",sae,Pre-64
1,beta,5,0.085,0.4445517550333296,0.4301735816232515,0.4290026495602734,0.5,0.6070910659257547,0.6831835257496109,30,"[0, 1, 2, 3, 4, 5, 6, 7, 8, 9, 10, 11, 12, 13, 14, 15, 16, 17, 18, 19, 20, 21, 22, 23, 24, 25, 26, 27, 28, 29]","[1.3844008445739746, 1.2799649238586426, 1.281611442565918, 1.399863839149475, 1.399242639541626, 1.3320847749710083, 1.328816533088684, 1.310086965560913, 1.3703054189682007, 1.291588306427002, 1.3804103136062622, 1.4014136791229248, 1.330619215965271, 1.3349024057388306, 1.4113273620605469, 1.358823537826538, 1.3643627166748047, 1.3911904096603394, 1.2707911729812622, 1.3377043008804321, 1.4138333797454834, 1.3414537906646729, 1.410017967224121, 1.292223572731018, 1.3373619318008423, 1.414156198501587, 1.2827911376953125, 1.315305233001709, 1.39077889919281, 1.3390182256698608]",sae,Pre-64
1,beta,9,0.058,0.448644851968101,0.4348910401892977,0.4531179624866013,0.5,0.6286670530281078,0.6728006374963779,30,"[0, 1, 2, 3, 4, 5, 6, 7, 8, 9, 10, 11, 12, 13, 14, 15, 16, 17, 18, 19, 20, 21, 22, 23, 24, 25, 26, 27, 28, 29]","[1.7124626636505127, 1.5857722759246826, 1.7094115018844604, 1.6803762912750244, 1.591776728630066, 1.4264700412750244, 1.6978768110275269, 1.6126534938812256, 1.7131420373916626, 1.5339107513427734, 1.6498403549194336, 1.6137348413467407, 1.5855637788772583, 1.6347407102584839, 1.7467734813690186, 1.6078977584838867, 1.599828839302063, 1.676171064376831, 1.7172186374664307, 1.5697139501571655, 1.7116237878799438, 1.7164973020553589, 1.5909082889556885, 1.7000055313110352, 1.697895884513855, 1.6969249248504639, 1.5563210248947144, 1.5316681861877441, 1.5850242376327515, 1.7280317544937134]",sae,Pre-64
1,beta,7,0.082,0.4564836922581216,0.4420418003909208,0.4378468977425879,0.5,0.6095136152062148,0.7014208646087203,30,"[0, 1, 2, 3, 4, 5, 6, 7, 8, 9, 10, 11, 12, 13, 14, 15, 16, 17, 18, 19, 20, 21, 22, 23, 24, 25, 26, 27, 28, 29]","[1.401160717010498, 1.4495794773101807, 1.4652680158615112, 1.433558464050293, 1.4825164079666138, 1.4365934133529663, 1.4034606218338013, 1.440644383430481, 1.5387741327285767, 1.4439380168914795, 1.3667874336242676, 1.4089628458023071, 1.3724284172058105, 1.3921641111373901, 1.5504133701324463, 1.4638997316360474, 1.390650987625122, 1.3808411359786987, 1.4842522144317627, 1.47917902469635, 1.4486790895462036, 1.468309998512268, 1.4724105596542358, 1.4094178676605225, 1.5073559284210205, 1.496051549911499, 1.41581130027771, 1.3298730850219727, 1.5182034969329834, 1.4081348180770874]",sae,Pre-64
1,beta,26,0.09,0.4502231978181314,0.4442488029476733,0.4596974778534976,0.5,0.5832450787939482,0.6466997233460213,30,"[0, 1, 2, 3, 4, 5, 6, 7, 8, 9, 10, 11, 12, 13, 14, 15, 16, 17, 18, 19, 20, 21, 22, 23, 24, 25, 26, 27, 28, 29]","[1.4224079847335815, 1.4336247444152832, 1.5962148904800415, 1.388366460800171, 1.4592348337173462, 1.501338005065918, 1.4876246452331543, 1.386275053024292, 1.4902212619781494, 1.456935167312622, 1.372779130935669, 1.5983822345733643, 1.5339374542236328, 1.4722862243652344, 1.5476535558700562, 1.4338421821594238, 1.479372262954712, 1.3650329113006592, 1.5092788934707642, 1.4595266580581665, 1.4191594123840332, 1.573151707649231, 1.4609012603759766, 1.5017155408859253, 1.5792150497436523, 1.5702980756759644, 1.428343415260315, 1.484066128730774, 1.2966729402542114, 1.4196504354476929]",sae,Pre-64
1,beta,25,0.055,0.4465066892532915,0.4352791138475453,0.443146154412567,0.5,0.6270054355300688,0.6611793126954608,30,"[0, 1, 2, 3, 4, 5, 6, 7, 8, 9, 10, 11, 12, 13, 14, 15, 16, 17, 18, 19, 20, 21, 22, 23, 24, 25, 26, 27, 28, 29]","[1.539388656616211, 1.5643202066421509, 1.4308946132659912, 1.6126600503921509, 1.5912325382232666, 1.5815634727478027, 1.4614437818527222, 1.4701032638549805, 1.5163443088531494, 1.4323958158493042, 1.591838002204895, 1.5262424945831299, 1.5659526586532593, 1.4715876579284668, 1.4628875255584717, 1.5066484212875366, 1.3766292333602905, 1.3920314311981201, 1.436462640762329, 1.46216881275177, 1.6049280166625977, 1.383590579032898, 1.553116798400879, 1.4759960174560547, 1.529179573059082, 1.4763500690460205, 1.6288988590240479, 1.5601258277893066, 1.5919867753982544, 1.4375356435775757]",sae,Pre-64
1,beta,16,0.068,0.4519396108125126,0.4401978349795346,0.4330812466803386,0.5,0.6159012314439947,0.7190421968382495,30,"[0, 1, 2, 3, 4, 5, 6, 7, 8, 9, 10, 11, 12, 13, 14, 15, 16, 17, 18, 19, 20, 21, 22, 23, 24, 25, 26, 27, 28, 29]","[1.4387986660003662, 1.3752943277359009, 1.3998557329177856, 1.4885820150375366, 1.484758734703064, 1.3968311548233032, 1.491108775138855, 1.4470709562301636, 1.4164146184921265, 1.4862251281738281, 1.4957733154296875, 1.4527515172958374, 1.4156243801116943, 1.4184255599975586, 1.3866515159606934, 1.4194506406784058, 1.4752799272537231, 1.3183207511901855, 1.4122527837753296, 1.4753177165985107, 1.5153276920318604, 1.4750546216964722, 1.4883577823638916, 1.4774925708770752, 1.3745527267456055, 1.468488097190857, 1.3983826637268066, 1.4198123216629028, 1.3768659830093384, 1.4061145782470703]",sae,Pre-64
1,beta,26,0.084,0.4502231978181314,0.4442488029476733,0.4597115944331476,0.5,0.5832450787939482,0.6467056315997038,30,"[0, 1, 2, 3, 4, 5, 6, 7, 8, 9, 10, 11, 12, 13, 14, 15, 16, 17, 18, 19, 20, 21, 22, 23, 24, 25, 26, 27, 28, 29]","[1.4235525131225586, 1.4347844123840332, 1.5973542928695679, 1.3895066976547241, 1.4603855609893799, 1.502490520477295, 1.4887704849243164, 1.3874176740646362, 1.49136221408844, 1.4580820798873901, 1.3739205598831177, 1.5995216369628906, 1.535081148147583, 1.4734327793121338, 1.5487918853759766, 1.4349766969680786, 1.4805082082748413, 1.366178274154663, 1.510422945022583, 1.4606763124465942, 1.4202988147735596, 1.5742934942245483, 1.4620531797409058, 1.5028623342514038, 1.5803598165512085, 1.5714449882507324, 1.429490566253662, 1.4852153062820435, 1.2978241443634033, 1.420793056488037]",sae,Pre-64
1,beta,43,0.06,0.4515364523902173,0.4432102910589974,0.4420841547838226,0.5,0.6060785767234989,0.6994366197183097,30,"[0, 1, 2, 3, 4, 5, 6, 7, 8, 9, 10, 11, 12, 13, 14, 15, 16, 17, 18, 19, 20, 21, 22, 23, 24, 25, 26, 27, 28, 29]","[1.5226572751998901, 1.5958733558654785, 1.5718016624450684, 1.4691165685653687, 1.504116415977478, 1.4433364868164062, 1.474149227142334, 1.4610135555267334, 1.5609469413757324, 1.450652837753296, 1.4162482023239136, 1.6063469648361206, 1.5351275205612183, 1.4776077270507812, 1.4773900508880615, 1.365112543106079, 1.5630652904510498, 1.4611896276474, 1.5578429698944092, 1.5536854267120361, 1.4563597440719604, 1.4694979190826416, 1.5946941375732422, 1.5272356271743774, 1.4501268863677979, 1.5310412645339966, 1.597406268119812, 1.460801124572754, 1.5565794706344604, 1.6069804430007935]",sae,Pre-64
1,beta,38,0.066,0.4455661720406026,0.4298851252298221,0.4442391929524866,0.5,0.6303640517897944,0.6595323686214776,30,"[0, 1, 2, 3, 4, 5, 6, 7, 8, 9, 10, 11, 12, 13, 14, 15, 16, 17, 18, 19, 20, 21, 22, 23, 24, 25, 26, 27, 28, 29]","[1.5440846681594849, 1.5378696918487549, 1.5380449295043945, 1.6298370361328125, 1.568663239479065, 1.4372895956039429, 1.632584810256958, 1.5754739046096802, 1.473191499710083, 1.5648562908172607, 1.534940481185913, 1.6125943660736084, 1.6000988483428955, 1.5567288398742676, 1.6195991039276123, 1.5451711416244507, 1.5231508016586304, 1.629251480102539, 1.5071536302566528, 1.5849502086639404, 1.5561338663101196, 1.5458842515945435, 1.627806305885315, 1.4960201978683472, 1.5495891571044922, 1.6276620626449585, 1.5153770446777344, 1.620179533958435, 1.5419098138809204, 1.626806378364563]",sae,Pre-64
1,beta,20,0.062,0.4408022875601419,0.4262939306313442,0.4359515580949351,0.5,0.6176087118064704,0.6504738936289511,30,"[0, 1, 2, 3, 4, 5, 6, 7, 8, 9, 10, 11, 12, 13, 14, 15, 16, 17, 18, 19, 20, 21, 22, 23, 24, 25, 26, 27, 28, 29]","[1.4385772943496704, 1.5093327760696411, 1.4466755390167236, 1.5533173084259033, 1.5011159181594849, 1.5192532539367676, 1.5159131288528442, 1.436728835105896, 1.4828908443450928, 1.4414989948272705, 1.4547388553619385, 1.4474362134933472, 1.5654144287109375, 1.3975211381912231, 1.4532426595687866, 1.5523074865341187, 1.443556785583496, 1.4152061939239502, 1.4838608503341675, 1.4831733703613281, 1.4772849082946777, 1.3845086097717285, 1.5028990507125854, 1.5574567317962646, 1.5221151113510132, 1.409271478652954, 1.4530627727508545, 1.49522864818573, 1.4077972173690796, 1.5561977624893188]",sae,Pre-64
1,beta,14,0.06,0.4467366851483266,0.4421697276018216,0.4396484619032159,0.5,0.5934222168898753,0.6938751331003764,30,"[0, 1, 2, 3, 4, 5, 6, 7, 8, 9, 10, 11, 12, 13, 14, 15, 16, 17, 18, 19, 20, 21, 22, 23, 24, 25, 26, 27, 28, 29]","[1.560926079750061, 1.4639376401901245, 1.583028793334961, 1.6192165613174438, 1.5870527029037476, 1.588845133781433, 1.528537631034851, 1.6935361623764038, 1.5870970487594604, 1.6660517454147339, 1.5270812511444092, 1.5521687269210815, 1.5741846561431885, 1.6645219326019287, 1.6175355911254883, 1.5905064344406128, 1.685905933380127, 1.683200716972351, 1.6008282899856567, 1.558030605316162, 1.5742220878601074, 1.6019569635391235, 1.6641039848327637, 1.5522091388702393, 1.6741377115249634, 1.6803921461105347, 1.6292184591293335, 1.682699203491211, 1.67344069480896, 1.5842794179916382]",sae,Pre-64
1,beta,16,0.056,0.4519396108125126,0.4401978349795346,0.4331219314147226,0.5,0.6159012314439947,0.7187771110468479,30,"[0, 1, 2, 3, 4, 5, 6, 7, 8, 9, 10, 11, 12, 13, 14, 15, 16, 17, 18, 19, 20, 21, 22, 23, 24, 25, 26, 27, 28, 29]","[1.4658291339874268, 1.3997267484664917, 1.4296767711639404, 1.5116794109344482, 1.5139750242233276, 1.4231728315353394, 1.5208302736282349, 1.4750826358795166, 1.4392582178115845, 1.5162546634674072, 1.5252385139465332, 1.4801452159881592, 1.4391831159591675, 1.445615530014038, 1.4175742864608765, 1.4488577842712402, 1.4999691247940063, 1.3456830978393555, 1.4354864358901978, 1.5045936107635498, 1.5439038276672363, 1.5030016899108887, 1.5139070749282837, 1.5026366710662842, 1.4030593633651733, 1.4924595355987549, 1.4289079904556274, 1.4423187971115112, 1.405043125152588, 1.4352684020996094]",sae,Pre-64
1,beta,19,0.054,0.4469965829377276,0.435497383761294,0.4169233564614921,0.5,0.6104665954706788,0.7140638251091497,30,"[0, 1, 2, 3, 4, 5, 6, 7, 8, 9, 10, 11, 12, 13, 14, 15, 16, 17, 18, 19, 20, 21, 22, 23, 24, 25, 26, 27, 28, 29]","[1.524690866470337, 1.5453284978866577, 1.6220804452896118, 1.5531941652297974, 1.5007719993591309, 1.5127389430999756, 1.5389955043792725, 1.6201376914978027, 1.4945577383041382, 1.6387500762939453, 1.6632403135299683, 1.6696027517318726, 1.5448077917099, 1.5273808240890503, 1.4817980527877808, 1.500720739364624, 1.6294794082641602, 1.6538987159729004, 1.4866520166397095, 1.4996025562286377, 1.6776080131530762, 1.5229910612106323, 1.5417488813400269, 1.5023294687271118, 1.4913626909255981, 1.6430590152740479, 1.6453949213027954, 1.5452475547790527, 1.530572533607483, 1.488321304321289]",sae,Pre-64
1,beta,5,0.054,0.4445517550333296,0.4301735816232515,0.4347707393376276,0.5,0.6070910659257547,0.6821693554940212,30,"[0, 1, 2, 3, 4, 5, 6, 7, 8, 9, 10, 11, 12, 13, 14, 15, 16, 17, 18, 19, 20, 21, 22, 23, 24, 25, 26, 27, 28, 29]","[1.5645054578781128, 1.4337650537490845, 1.4303576946258545, 1.5749735832214355, 1.568986177444458, 1.5211927890777588, 1.4989919662475586, 1.4671084880828857, 1.5308297872543335, 1.4330898523330688, 1.5439918041229248, 1.5726730823516846, 1.5124015808105469, 1.4905610084533691, 1.5746192932128906, 1.5417242050170898, 1.538867712020874, 1.5670254230499268, 1.429466724395752, 1.5002803802490234, 1.5813994407653809, 1.5035752058029175, 1.5940169095993042, 1.4430912733078003, 1.5160820484161377, 1.584643840789795, 1.4358465671539307, 1.5053013563156128, 1.5499316453933716, 1.5188618898391724]",sae,Pre-64
1,beta,12,0.064,0.4455148672091349,0.4361346773072694,0.4120330378262527,0.5,0.5892778403611032,0.7320145650355012,30,"[0, 1, 2, 3, 4, 5, 6, 7, 8, 9, 10, 11, 12, 13, 14, 15, 16, 17, 18, 19, 20, 21, 22, 23, 24, 25, 26, 27, 28, 29]","[1.3749912977218628, 1.4826492071151733, 1.3917843103408813, 1.2915433645248413, 1.4798505306243896, 1.4156684875488281, 1.4093414545059204, 1.461501955986023, 1.4968266487121582, 1.3677822351455688, 1.3695894479751587, 1.537938117980957, 1.3960931301116943, 1.4685275554656982, 1.3537551164627075, 1.541630506515503, 1.326232671737671, 1.5200319290161133, 1.4415894746780396, 1.5341662168502808, 1.4979910850524902, 1.4444717168807983, 1.3960518836975098, 1.5403213500976562, 1.5178320407867432, 1.3865883350372314, 1.518348217010498, 1.4634652137756348, 1.4169632196426392, 1.5488437414169312]",sae,Pre-64
1,beta,47,0.085,0.4460371044958436,0.4257646434940195,0.4058024251742723,0.5,0.6434257056516428,0.7319648942326239,30,"[0, 1, 2, 3, 4, 5, 6, 7, 8, 9, 10, 11, 12, 13, 14, 15, 16, 17, 18, 19, 20, 21, 22, 23, 24, 25, 26, 27, 28, 29]","[1.489261507987976, 1.3294676542282104, 1.3385193347930908, 1.355200171470642, 1.4371534585952759, 1.473808765411377, 1.4236607551574707, 1.4414763450622559, 1.430463194847107, 1.3667181730270386, 1.3705369234085083, 1.3043309450149536, 1.350892186164856, 1.491722583770752, 1.3200253248214722, 1.4536194801330566, 1.3656818866729736, 1.4376686811447144, 1.276980996131897, 1.3210570812225342, 1.3690398931503296, 1.4141099452972412, 1.4437775611877441, 1.332212209701538, 1.4250761270523071, 1.3074818849563599, 1.2698945999145508, 1.4148722887039185, 1.319183588027954, 1.4042617082595825]",sae,Pre-64
1,beta,23,0.078,0.4478205607315014,0.4344954522622479,0.4345996975339881,0.5,0.6150139710231751,0.6749539720216455,30,"[0, 1, 2, 3, 4, 5, 6, 7, 8, 9, 10, 11, 12, 13, 14, 15, 16, 17, 18, 19, 20, 21, 22, 23, 24, 25, 26, 27, 28, 29]","[1.393748164176941, 1.4530973434448242, 1.4321516752243042, 1.5443990230560303, 1.3235656023025513, 1.3896692991256714, 1.52570641040802, 1.4169684648513794, 1.3922609090805054, 1.526808261871338, 1.5319058895111084, 1.4866334199905396, 1.4758553504943848, 1.370853304862976, 1.4643610715866089, 1.5237094163894653, 1.2162686586380005, 1.429497480392456, 1.3746397495269775, 1.4066216945648193, 1.5216081142425537, 1.543881893157959, 1.3946610689163208, 1.5368226766586304, 1.529647707939148, 1.4371823072433472, 1.3929537534713745, 1.4343693256378174, 1.4367384910583496, 1.5452628135681152]",sae,Pre-64
1,beta,1,0.06,0.4560357198099471,0.4497423189216591,0.4517533654613774,0.5,0.5964054457666336,0.6824916182650989,30,"[0, 1, 2, 3, 4, 5, 6, 7, 8, 9, 10, 11, 12, 13, 14, 15, 16, 17, 18, 19, 20, 21, 22, 23, 24, 25, 26, 27, 28, 29]","[1.6332311630249023, 1.4900858402252197, 1.5772511959075928, 1.449157953262329, 1.5789653062820435, 1.4475072622299194, 1.489637851715088, 1.5314807891845703, 1.4224884510040283, 1.5002280473709106, 1.5083651542663574, 1.556685209274292, 1.616562008857727, 1.47272527217865, 1.6100397109985352, 1.470394253730774, 1.4588301181793213, 1.5200912952423096, 1.5881116390228271, 1.6163325309753418, 1.6138266324996948, 1.5363376140594482, 1.536765694618225, 1.4908839464187622, 1.444960355758667, 1.4830490350723267, 1.5318657159805298, 1.522562026977539, 1.6149243116378784, 1.5464485883712769]",sae,Pre-64
1,beta,49,0.088,0.462130925118617,0.4524487678230295,0.4490450315854085,0.5,0.6141152509743157,0.6833899727661172,30,"[0, 1, 2, 3, 4, 5, 6, 7, 8, 9, 10, 11, 12, 13, 14, 15, 16, 17, 18, 19, 20, 21, 22, 23, 24, 25, 26, 27, 28, 29]","[1.3343099355697632, 1.3854974508285522, 1.3830198049545288, 1.3679016828536987, 1.3145673274993896, 1.3464797735214233, 1.4241647720336914, 1.3283898830413818, 1.4533636569976807, 1.4018746614456177, 1.353247880935669, 1.3336420059204102, 1.4005290269851685, 1.3905904293060303, 1.43185555934906, 1.377929449081421, 1.4700881242752075, 1.4557613134384155, 1.319275140762329, 1.4027293920516968, 1.4455692768096924, 1.3563761711120605, 1.452060580253601, 1.386033296585083, 1.348473072052002, 1.3921403884887695, 1.388217568397522, 1.3487961292266846, 1.2829333543777466, 1.349265456199646]",sae,Pre-64
1,beta,22,0.058,0.4519005213187685,0.4442985770479847,0.4444444293363224,0.5,0.5939599289403404,0.6801624136754549,30,"[0, 1, 2, 3, 4, 5, 6, 7, 8, 9, 10, 11, 12, 13, 14, 15, 16, 17, 18, 19, 20, 21, 22, 23, 24, 25, 26, 27, 28, 29]","[1.419358491897583, 1.4651634693145752, 1.4782384634017944, 1.4997682571411133, 1.5399922132492065, 1.439807653427124, 1.4488552808761597, 1.4297746419906616, 1.4253835678100586, 1.4756125211715698, 1.4236277341842651, 1.5333049297332764, 1.4661967754364014, 1.5195448398590088, 1.384284496307373, 1.5057967901229858, 1.5173625946044922, 1.4703214168548584, 1.402407169342041, 1.4115492105484009, 1.4906609058380127, 1.4891064167022705, 1.4904427528381348, 1.4409222602844238, 1.4927277565002441, 1.5256565809249878, 1.4255863428115845, 1.4139324426651, 1.5545823574066162, 1.3947343826293945]",sae,Pre-64
1,beta,49,0.052,0.462130925118617,0.4524487678230295,0.4544290325775167,0.5,0.6141152509743157,0.685039266093816,30,"[0, 1, 2, 3, 4, 5, 6, 7, 8, 9, 10, 11, 12, 13, 14, 15, 16, 17, 18, 19, 20, 21, 22, 23, 24, 25, 26, 27, 28, 29]","[1.6017377376556396, 1.6784580945968628, 1.6750539541244507, 1.6357324123382568, 1.56557297706604, 1.6089437007904053, 1.7348358631134033, 1.6358959674835205, 1.7804123163223267, 1.683430552482605, 1.6464760303497314, 1.5987422466278076, 1.6980512142181396, 1.6861765384674072, 1.7547171115875244, 1.7152514457702637, 1.757831335067749, 1.7627296447753906, 1.6071383953094482, 1.7061872482299805, 1.7512062788009644, 1.619280219078064, 1.7588691711425781, 1.6718502044677734, 1.5871611833572388, 1.678836703300476, 1.685583233833313, 1.602660059928894, 1.6019401550292969, 1.6016817092895508]",sae,Pre-64
1,beta,20,0.052,0.4408022875601419,0.4262939306313442,0.439788656358462,0.5,0.6176087118064704,0.6504688270541583,30,"[0, 1, 2, 3, 4, 5, 6, 7, 8, 9, 10, 11, 12, 13, 14, 15, 16, 17, 18, 19, 20, 21, 22, 23, 24, 25, 26, 27, 28, 29]","[1.5820919275283813, 1.6408499479293823, 1.5781528949737549, 1.7030936479568481, 1.6312408447265625, 1.6578853130340576, 1.6590163707733154, 1.5639456510543823, 1.6023201942443848, 1.5461876392364502, 1.576737403869629, 1.5744361877441406, 1.7125321626663208, 1.5462030172348022, 1.60084867477417, 1.6839442253112793, 1.584985613822937, 1.5213158130645752, 1.6184532642364502, 1.6201658248901367, 1.5932559967041016, 1.5111573934555054, 1.6363455057144165, 1.6934131383895874, 1.6670666933059692, 1.5251450538635254, 1.5785473585128784, 1.6387465000152588, 1.5210338830947876, 1.6913632154464722]",sae,Pre-64
1,beta,6,0.088,0.4540822999211705,0.4457917896713532,0.44840289125242,0.5,0.5933447799067053,0.664197043137374,30,"[0, 1, 2, 3, 4, 5, 6, 7, 8, 9, 10, 11, 12, 13, 14, 15, 16, 17, 18, 19, 20, 21, 22, 23, 24, 25, 26, 27, 28, 29]","[1.4749770164489746, 1.5103460550308228, 1.4247411489486694, 1.5211669206619263, 1.4060697555541992, 1.4172507524490356, 1.4119908809661865, 1.4945021867752075, 1.4040366411209106, 1.5029230117797852, 1.4296555519104004, 1.3693256378173828, 1.4208159446716309, 1.3894870281219482, 1.222183346748352, 1.499124526977539, 1.3854730129241943, 1.4623874425888062, 1.4473518133163452, 1.460889458656311, 1.4387516975402832, 1.4008281230926514, 1.5112738609313965, 1.4443495273590088, 1.3846616744995117, 1.4518028497695923, 1.4021804332733154, 1.3865660429000854, 1.4486541748046875, 1.474043846130371]",sae,Pre-64
1,beta,21,0.088,0.4504746503440228,0.4381370334360364,0.4402703041233892,0.5,0.6200058082774133,0.6872288955622289,30,"[0, 1, 2, 3, 4, 5, 6, 7, 8, 9, 10, 11, 12, 13, 14, 15, 16, 17, 18, 19, 20, 21, 22, 23, 24, 25, 26, 27, 28, 29]","[1.4393161535263062, 1.4900144338607788, 1.614729404449463, 1.6094377040863037, 1.5903139114379883, 1.5710402727127075, 1.484541654586792, 1.493308663368225, 1.5992138385772705, 1.5112403631210327, 1.5891832113265991, 1.5977277755737305, 1.476653814315796, 1.5036888122558594, 1.499685287475586, 1.4934149980545044, 1.4943264722824097, 1.5058292150497437, 1.4364577531814575, 1.606296181678772, 1.4313212633132935, 1.6142631769180298, 1.4262372255325317, 1.4443073272705078, 1.4998245239257812, 1.4579120874404907, 1.425445795059204, 1.4800738096237183, 1.5675491094589233, 1.5525070428848267]",sae,Pre-64
1,beta,41,0.084,0.4543678569363413,0.4427951465832617,0.4506676403458129,0.5,0.6190905384235713,0.6749114787870985,30,"[0, 1, 2, 3, 4, 5, 6, 7, 8, 9, 10, 11, 12, 13, 14, 15, 16, 17, 18, 19, 20, 21, 22, 23, 24, 25, 26, 27, 28, 29]","[1.310829520225525, 1.3701890707015991, 1.2799569368362427, 1.25192129611969, 1.2500280141830444, 1.417319655418396, 1.2938412427902222, 1.3416870832443237, 1.3160638809204102, 1.3849173784255981, 1.3793593645095825, 1.3403363227844238, 1.3466476202011108, 1.392783284187317, 1.3972828388214111, 1.3270256519317627, 1.2905442714691162, 1.3460092544555664, 1.3459880352020264, 1.3511995077133179, 1.2633004188537598, 1.3178908824920654, 1.3318065404891968, 1.340617299079895, 1.3361620903015137, 1.3164865970611572, 1.3715863227844238, 1.379846453666687, 1.3335331678390503, 1.2854108810424805]",sae,Pre-64
1,beta,44,0.068,0.4469012312759677,0.43811650775401,0.4601649259257778,0.5,0.5982762074796864,0.6211928373194746,30,"[0, 1, 2, 3, 4, 5, 6, 7, 8, 9, 10, 11, 12, 13, 14, 15, 16, 17, 18, 19, 20, 21, 22, 23, 24, 25, 26, 27, 28, 29]","[1.471355676651001, 1.467159628868103, 1.428657054901123, 1.4343656301498413, 1.4615437984466553, 1.528732180595398, 1.516565203666687, 1.4143636226654053, 1.4829078912734985, 1.5558276176452637, 1.4685535430908203, 1.4570759534835815, 1.472243309020996, 1.434635877609253, 1.5469762086868286, 1.5496920347213745, 1.4071394205093384, 1.3222535848617554, 1.4845010042190552, 1.4741854667663574, 1.4301642179489136, 1.4092925786972046, 1.4710981845855713, 1.4700114727020264, 1.5256319046020508, 1.4302610158920288, 1.444787859916687, 1.4648518562316895, 1.4745734930038452, 1.4775205850601196]",sae,Pre-64
1,beta,4,0.092,0.4589558369307028,0.4477177462853796,0.4573327072890439,0.5,0.61034827708266,0.6589423950013082,30,"[0, 1, 2, 3, 4, 5, 6, 7, 8, 9, 10, 11, 12, 13, 14, 15, 16, 17, 18, 19, 20, 21, 22, 23, 24, 25, 26, 27, 28, 29]","[1.3948713541030884, 1.3796805143356323, 1.3010754585266113, 1.4442293643951416, 1.2739232778549194, 1.3213376998901367, 1.36923086643219, 1.3045586347579956, 1.390248417854309, 1.425869345664978, 1.3937456607818604, 1.335857629776001, 1.4458366632461548, 1.3324389457702637, 1.3006091117858887, 1.3878037929534912, 1.391727089881897, 1.35971200466156, 1.318238615989685, 1.413759708404541, 1.3751904964447021, 1.437831997871399, 1.376401424407959, 1.2910231351852417, 1.3715064525604248, 1.3106670379638672, 1.3282878398895264, 1.3416156768798828, 1.4206736087799072, 1.2952934503555298]",sae,Pre-64
1,beta,2,0.08,0.4419681213812466,0.4306250660512843,0.4272271898719692,0.5,0.6028191218064636,0.6894677052904902,30,"[0, 1, 2, 3, 4, 5, 6, 7, 8, 9, 10, 11, 12, 13, 14, 15, 16, 17, 18, 19, 20, 21, 22, 23, 24, 25, 26, 27, 28, 29]","[1.3714723587036133, 1.384718418121338, 1.3602821826934814, 1.4288620948791504, 1.3763099908828735, 1.4628515243530273, 1.382544994354248, 1.3956552743911743, 1.3320608139038086, 1.3534668684005737, 1.3904482126235962, 1.3333303928375244, 1.4135321378707886, 1.4669607877731323, 1.4388716220855713, 1.3844636678695679, 1.4441801309585571, 1.498430848121643, 1.4906213283538818, 1.4681174755096436, 1.3910832405090332, 1.3680684566497803, 1.450093150138855, 1.4536076784133911, 1.3656123876571655, 1.3719297647476196, 1.4301005601882935, 1.405079960823059, 1.2144352197647095, 1.4905840158462524]",sae,Pre-64
1,beta,34,0.062,0.4568527557813058,0.4470225010708758,0.4484780549110186,0.5,0.6011606799053854,0.6782421012098981,30,"[0, 1, 2, 3, 4, 5, 6, 7, 8, 9, 10, 11, 12, 13, 14, 15, 16, 17, 18, 19, 20, 21, 22, 23, 24, 25, 26, 27, 28, 29]","[1.3889782428741455, 1.4739031791687012, 1.4793355464935303, 1.4245673418045044, 1.374176025390625, 1.3895635604858398, 1.43070387840271, 1.3483163118362427, 1.3523129224777222, 1.3934153318405151, 1.4485459327697754, 1.25246000289917, 1.4594781398773193, 1.3502870798110962, 1.3589287996292114, 1.3829869031906128, 1.475733757019043, 1.4914507865905762, 1.4003106355667114, 1.3894493579864502, 1.4074008464813232, 1.493688702583313, 1.4274355173110962, 1.4515246152877808, 1.3788032531738281, 1.3256677389144897, 1.5051896572113037, 1.4901096820831299, 1.477557897567749, 1.4618687629699707]",sae,Pre-64
1,beta,32,0.054,0.4555596844830426,0.4475674839123162,0.4752977191099034,0.5,0.5924839124839124,0.6372333149476006,30,"[0, 1, 2, 3, 4, 5, 6, 7, 8, 9, 10, 11, 12, 13, 14, 15, 16, 17, 18, 19, 20, 21, 22, 23, 24, 25, 26, 27, 28, 29]","[1.7392507791519165, 1.642350196838379, 1.7440606355667114, 1.6779208183288574, 1.6586945056915283, 1.6980857849121094, 1.6534415483474731, 1.65463387966156, 1.6171716451644897, 1.6217318773269653, 1.6828627586364746, 1.630234718322754, 1.6878660917282104, 1.5796115398406982, 1.5762957334518433, 1.5814725160598755, 1.5952688455581665, 1.6914705038070679, 1.6226000785827637, 1.6561429500579834, 1.733498215675354, 1.6719505786895752, 1.5490854978561401, 1.7423568964004517, 1.6750662326812744, 1.5882996320724487, 1.7184677124023438, 1.567491888999939, 1.7517077922821045, 1.7337254285812378]",sae,Pre-64
1,beta,8,0.07,0.4517491928182039,0.4406431065890545,0.4394998991763245,0.5,0.6098144493254953,0.6783656260832043,30,"[0, 1, 2, 3, 4, 5, 6, 7, 8, 9, 10, 11, 12, 13, 14, 15, 16, 17, 18, 19, 20, 21, 22, 23, 24, 25, 26, 27, 28, 29]","[1.3915480375289917, 1.503363847732544, 1.4201362133026123, 1.4512417316436768, 1.5122624635696411, 1.4476732015609741, 1.4961316585540771, 1.4083261489868164, 1.4546504020690918, 1.5038471221923828, 1.5120550394058228, 1.4359155893325806, 1.419439673423767, 1.452483057975769, 1.481348991394043, 1.3968950510025024, 1.4185655117034912, 1.4545400142669678, 1.365096926689148, 1.4346377849578857, 1.4075647592544556, 1.3833082914352417, 1.4868022203445435, 1.4192477464675903, 1.4863405227661133, 1.4904239177703857, 1.3880714178085327, 1.4860632419586182, 1.4569528102874756, 1.4570655822753906]",sae,Pre-64
1,beta,6,0.062,0.4540822999211705,0.4457917896713532,0.4485041532260388,0.5,0.5933447799067053,0.664221354443651,30,"[0, 1, 2, 3, 4, 5, 6, 7, 8, 9, 10, 11, 12, 13, 14, 15, 16, 17, 18, 19, 20, 21, 22, 23, 24, 25, 26, 27, 28, 29]","[1.4808108806610107, 1.5161738395690918, 1.4305466413497925, 1.5269713401794434, 1.4119521379470825, 1.4230551719665527, 1.417852520942688, 1.5002840757369995, 1.4099034070968628, 1.508758783340454, 1.4354909658432007, 1.3751598596572876, 1.4266858100891113, 1.3952476978302002, 1.2281229496002197, 1.5049504041671753, 1.3913214206695557, 1.4682376384735107, 1.4531545639038086, 1.4666942358016968, 1.4445898532867432, 1.4066801071166992, 1.5170621871948242, 1.4501861333847046, 1.3905411958694458, 1.4576257467269897, 1.4079943895339966, 1.3924037218093872, 1.4544668197631836, 1.4799070358276367]",sae,Pre-64
1,beta,17,0.076,0.4599327030141671,0.4513468217402507,0.4455727603034394,0.5,0.6120635717004715,0.696804934288727,30,"[0, 1, 2, 3, 4, 5, 6, 7, 8, 9, 10, 11, 12, 13, 14, 15, 16, 17, 18, 19, 20, 21, 22, 23, 24, 25, 26, 27, 28, 29]","[1.5283260345458984, 1.4046781063079834, 1.4389845132827759, 1.462636113166809, 1.5437290668487549, 1.4262562990188599, 1.4893040657043457, 1.3335403203964233, 1.4471451044082642, 1.4574309587478638, 1.511451244354248, 1.520289659500122, 1.4550144672393799, 1.5337941646575928, 1.4567292928695679, 1.4581880569458008, 1.527927041053772, 1.457378625869751, 1.5107090473175049, 1.4782220125198364, 1.3997578620910645, 1.4762636423110962, 1.3166942596435547, 1.4448219537734985, 1.4543616771697998, 1.4487199783325195, 1.4212526082992554, 1.4556561708450317, 1.421486735343933, 1.511570692062378]",sae,Pre-64
1,beta,40,0.064,0.44666181227492,0.4340193094910912,0.4368547551944922,0.5,0.6093636266731638,0.6688513606115519,30,"[0, 1, 2, 3, 4, 5, 6, 7, 8, 9, 10, 11, 12, 13, 14, 15, 16, 17, 18, 19, 20, 21, 22, 23, 24, 25, 26, 27, 28, 29]","[1.590271234512329, 1.560781478881836, 1.5168992280960083, 1.4603848457336426, 1.500755786895752, 1.5227352380752563, 1.5214439630508423, 1.5629992485046387, 1.5397638082504272, 1.5814374685287476, 1.4854623079299927, 1.499366044998169, 1.5688494443893433, 1.4908760786056519, 1.4872993230819702, 1.5954653024673462, 1.5220333337783813, 1.5107312202453613, 1.4778447151184082, 1.510204553604126, 1.463864803314209, 1.4765034914016724, 1.5825172662734985, 1.5070911645889282, 1.577711582183838, 1.4908676147460938, 1.5585519075393677, 1.4933948516845703, 1.605605125427246, 1.4650111198425293]",sae,Pre-64
1,beta,33,0.065,0.4492211383258522,0.4377959816952598,0.4331757704523147,0.5,0.6165210074526608,0.6934792753807645,30,"[0, 1, 2, 3, 4, 5, 6, 7, 8, 9, 10, 11, 12, 13, 14, 15, 16, 17, 18, 19, 20, 21, 22, 23, 24, 25, 26, 27, 28, 29]","[1.541090488433838, 1.6032989025115967, 1.5485280752182007, 1.5163660049438477, 1.4608393907546997, 1.6235888004302979, 1.4621455669403076, 1.5940009355545044, 1.5854132175445557, 1.5937609672546387, 1.5315536260604858, 1.610695242881775, 1.5672551393508911, 1.4596819877624512, 1.5155723094940186, 1.5771812200546265, 1.4973899126052856, 1.4948457479476929, 1.6088831424713135, 1.6135718822479248, 1.5180455446243286, 1.4443439245224, 1.6209361553192139, 1.5548264980316162, 1.6161024570465088, 1.5225154161453247, 1.4938369989395142, 1.4624472856521606, 1.4363926649093628, 1.4992841482162476]",sae,Pre-64
1,beta,43,0.05,0.4515364523902173,0.4432102910589974,0.4421220225459589,0.5,0.6060785767234989,0.6994306893995552,30,"[0, 1, 2, 3, 4, 5, 6, 7, 8, 9, 10, 11, 12, 13, 14, 15, 16, 17, 18, 19, 20, 21, 22, 23, 24, 25, 26, 27, 28, 29]","[1.52581787109375, 1.59901762008667, 1.5749191045761108, 1.4722821712493896, 1.5072739124298096, 1.4465175867080688, 1.4773298501968384, 1.4641921520233154, 1.5641016960144043, 1.453840970993042, 1.4194221496582031, 1.6094685792922974, 1.5382912158966064, 1.4807685613632202, 1.4805315732955933, 1.3682777881622314, 1.566214680671692, 1.4643808603286743, 1.5609931945800781, 1.5567853450775146, 1.459539532661438, 1.4726545810699463, 1.5978257656097412, 1.530391812324524, 1.4532784223556519, 1.5342166423797607, 1.6005496978759766, 1.4639817476272583, 1.5597479343414307, 1.6101326942443848]",sae,Pre-64
1,beta,46,0.065,0.4545712902572906,0.4417269056853911,0.4550762749499261,0.5,0.6270377926330811,0.6898862756670986,30,"[0, 1, 2, 3, 4, 5, 6, 7, 8, 9, 10, 11, 12, 13, 14, 15, 16, 17, 18, 19, 20, 21, 22, 23, 24, 25, 26, 27, 28, 29]","[1.5546022653579712, 1.6705890893936157, 1.6515049934387207, 1.639538288116455, 1.5560818910598755, 1.6838237047195435, 1.5780291557312012, 1.7187925577163696, 1.6333744525909424, 1.739807367324829, 1.4657008647918701, 1.562661051750183, 1.7034451961517334, 1.5538926124572754, 1.6091464757919312, 1.7062859535217285, 1.6247972249984741, 1.6334099769592285, 1.7290680408477783, 1.6959903240203857, 1.6018105745315552, 1.6066439151763916, 1.625845193862915, 1.6333236694335938, 1.6260963678359985, 1.6474254131317139, 1.6372976303100586, 1.6702765226364136, 1.6063086986541748, 1.6213140487670898]",sae,Pre-64
1,beta,32,0.092,0.4555596844830426,0.4475674839123162,0.4708629669158782,0.5,0.5924839124839124,0.6331340319911748,30,"[0, 1, 2, 3, 4, 5, 6, 7, 8, 9, 10, 11, 12, 13, 14, 15, 16, 17, 18, 19, 20, 21, 22, 23, 24, 25, 26, 27, 28, 29]","[1.4905060529708862, 1.4120734930038452, 1.4913712739944458, 1.4259356260299683, 1.4352058172225952, 1.499803066253662, 1.4310451745986938, 1.4113407135009766, 1.3879995346069336, 1.3969862461090088, 1.4123950004577637, 1.3870822191238403, 1.430616021156311, 1.3502241373062134, 1.3390549421310425, 1.3440247774124146, 1.3710752725601196, 1.43466055393219, 1.3811379671096802, 1.4111353158950806, 1.4957174062728882, 1.4119009971618652, 1.3345115184783936, 1.4973304271697998, 1.4261504411697388, 1.3569401502609253, 1.4730279445648193, 1.2930023670196533, 1.501624345779419, 1.494462013244629]",sae,Pre-64
1,beta,40,0.075,0.44666181227492,0.4340193094910912,0.4353934047575328,0.5,0.6093636266731638,0.667712314790845,30,"[0, 1, 2, 3, 4, 5, 6, 7, 8, 9, 10, 11, 12, 13, 14, 15, 16, 17, 18, 19, 20, 21, 22, 23, 24, 25, 26, 27, 28, 29]","[1.5372778177261353, 1.4990906715393066, 1.4667537212371826, 1.4062378406524658, 1.451856017112732, 1.471238613128662, 1.4667729139328003, 1.5049691200256348, 1.4902466535568237, 1.5256010293960571, 1.437051773071289, 1.4524632692337036, 1.5201621055603027, 1.4315727949142456, 1.4370721578598022, 1.5398526191711426, 1.4635103940963745, 1.4664928913116455, 1.4262100458145142, 1.448673129081726, 1.4160219430923462, 1.4267491102218628, 1.5219279527664185, 1.4600777626037598, 1.5216954946517944, 1.4412622451782227, 1.50575590133667, 1.4334765672683716, 1.554516077041626, 1.415075659751892]",sae,Pre-64
1,beta,35,0.082,0.4566193215888805,0.4379483378046387,0.4310898352096463,0.5,0.637290178651746,0.7134855381441567,30,"[0, 1, 2, 3, 4, 5, 6, 7, 8, 9, 10, 11, 12, 13, 14, 15, 16, 17, 18, 19, 20, 21, 22, 23, 24, 25, 26, 27, 28, 29]","[1.3105636835098267, 1.362077236175537, 1.4251819849014282, 1.3686325550079346, 1.3625187873840332, 1.3417465686798096, 1.2832677364349365, 1.4465065002441406, 1.4572148323059082, 1.370017409324646, 1.4180411100387573, 1.2984979152679443, 1.3600176572799683, 1.2543469667434692, 1.3514994382858276, 1.306904673576355, 1.4312478303909302, 1.2896567583084106, 1.3912047147750854, 1.295472502708435, 1.3112238645553589, 1.3030377626419067, 1.3296563625335693, 1.2868938446044922, 1.330323338508606, 1.3624032735824585, 1.3298006057739258, 1.3949636220932007, 1.4245352745056152, 1.3827943801879883]",sae,Pre-64
1,beta,10,0.094,0.4493907433353129,0.4390813823454372,0.4434121222354866,0.5,0.6232207829487961,0.6760299974882487,30,"[0, 1, 2, 3, 4, 5, 6, 7, 8, 9, 10, 11, 12, 13, 14, 15, 16, 17, 18, 19, 20, 21, 22, 23, 24, 25, 26, 27, 28, 29]","[1.4002050161361694, 1.3114877939224243, 1.475060224533081, 1.3982852697372437, 1.3910975456237793, 1.402289867401123, 1.4903652667999268, 1.4168570041656494, 1.300235390663147, 1.4470760822296143, 1.4073538780212402, 1.4275166988372803, 1.4237959384918213, 1.4014958143234253, 1.4699680805206299, 1.4233052730560303, 1.4331119060516357, 1.3440446853637695, 1.39717698097229, 1.3584487438201904, 1.3786557912826538, 1.407520055770874, 1.466139793395996, 1.4707257747650146, 1.4030210971832275, 1.3443427085876465, 1.4030511379241943, 1.4119876623153687, 1.402989387512207, 1.4551234245300293]",sae,Pre-64
1,beta,38,0.094,0.4455661720406026,0.4298851252298221,0.4370747099929717,0.5,0.6303640517897944,0.6627204874333587,30,"[0, 1, 2, 3, 4, 5, 6, 7, 8, 9, 10, 11, 12, 13, 14, 15, 16, 17, 18, 19, 20, 21, 22, 23, 24, 25, 26, 27, 28, 29]","[1.3135733604431152, 1.293241262435913, 1.3255112171173096, 1.3557889461517334, 1.322257161140442, 1.2115577459335327, 1.3706125020980835, 1.3280447721481323, 1.1828234195709229, 1.3407926559448242, 1.3212242126464844, 1.3354781866073608, 1.349706768989563, 1.315723180770874, 1.3620723485946655, 1.2989048957824707, 1.305378794670105, 1.379468560218811, 1.26923406124115, 1.3341342210769653, 1.312788486480713, 1.3224743604660034, 1.3722341060638428, 1.276478886604309, 1.3165194988250732, 1.370191216468811, 1.2679517269134521, 1.3751555681228638, 1.301215648651123, 1.3842673301696777]",sae,Pre-64
1,beta,11,0.066,0.4566976193509867,0.4496008864727478,0.4368184434795056,0.5,0.5995106990682213,0.710737404598024,30,"[0, 1, 2, 3, 4, 5, 6, 7, 8, 9, 10, 11, 12, 13, 14, 15, 16, 17, 18, 19, 20, 21, 22, 23, 24, 25, 26, 27, 28, 29]","[1.4627169370651245, 1.2690575122833252, 1.4194432497024536, 1.341472864151001, 1.4967739582061768, 1.3629859685897827, 1.370519995689392, 1.2502477169036865, 1.4816900491714478, 1.4832875728607178, 1.498840570449829, 1.5124690532684326, 1.5144391059875488, 1.4086750745773315, 1.3793667554855347, 1.3837172985076904, 1.4358566999435425, 1.3635907173156738, 1.3928234577178955, 1.4537832736968994, 1.4226279258728027, 1.4384771585464478, 1.496295690536499, 1.4139572381973267, 1.40375816822052, 1.4696952104568481, 1.4986205101013184, 1.355155110359192, 1.396604299545288, 1.377139925956726]",sae,Pre-64
1,beta,1,0.072,0.4560357198099471,0.4497423189216591,0.4516559002649986,0.5,0.5964054457666336,0.6825358879916892,30,"[0, 1, 2, 3, 4, 5, 6, 7, 8, 9, 10, 11, 12, 13, 14, 15, 16, 17, 18, 19, 20, 21, 22, 23, 24, 25, 26, 27, 28, 29]","[1.6288634538650513, 1.4856377840042114, 1.5729011297225952, 1.4447442293167114, 1.5746155977249146, 1.443042516708374, 1.4852676391601562, 1.5270837545394897, 1.4180189371109009, 1.4958434104919434, 1.503954529762268, 1.5522825717926025, 1.612179160118103, 1.4683234691619873, 1.6056671142578125, 1.466078281402588, 1.4544693231582642, 1.5157039165496826, 1.5837258100509644, 1.6119400262832642, 1.6094393730163574, 1.5319141149520874, 1.532353162765503, 1.4864522218704224, 1.4405176639556885, 1.478642463684082, 1.5274993181228638, 1.5182139873504639, 1.6105343103408813, 1.5420790910720825]",sae,Pre-64
1,beta,15,0.05,0.4529015220185267,0.4424399871594601,0.4401810614621288,0.5,0.6161071485640408,0.7114818634785514,30,"[0, 1, 2, 3, 4, 5, 6, 7, 8, 9, 10, 11, 12, 13, 14, 15, 16, 17, 18, 19, 20, 21, 22, 23, 24, 25, 26, 27, 28, 29]","[1.5894014835357666, 1.6049567461013794, 1.6542603969573975, 1.6090861558914185, 1.731619954109192, 1.6030938625335693, 1.5801712274551392, 1.6044459342956543, 1.6787782907485962, 1.6735377311706543, 1.6491731405258179, 1.594565510749817, 1.760565161705017, 1.6758499145507812, 1.527205467224121, 1.6564069986343384, 1.5710452795028687, 1.7750498056411743, 1.5411633253097534, 1.6273211240768433, 1.7260830402374268, 1.7223807573318481, 1.5848774909973145, 1.643272042274475, 1.6447328329086304, 1.5222564935684204, 1.7112624645233154, 1.7516359090805054, 1.6642884016036987, 1.6154948472976685]",sae,Pre-64
1,beta,18,0.065,0.4575117633693479,0.4471831599677374,0.4242640244577352,0.5,0.6052065040104606,0.732865331829951,30,"[0, 1, 2, 3, 4, 5, 6, 7, 8, 9, 10, 11, 12, 13, 14, 15, 16, 17, 18, 19, 20, 21, 22, 23, 24, 25, 26, 27, 28, 29]","[1.3729853630065918, 1.5436018705368042, 1.563305377960205, 1.4599319696426392, 1.4777604341506958, 1.4925438165664673, 1.6721289157867432, 1.4486823081970215, 1.557619571685791, 1.4336541891098022, 1.642992615699768, 1.5307073593139648, 1.5603312253952026, 1.5637766122817993, 1.4918487071990967, 1.450264573097229, 1.547677755355835, 1.482131004333496, 1.464792251586914, 1.4070425033569336, 1.6592143774032593, 1.4714056253433228, 1.5937306880950928, 1.5525853633880615, 1.5295274257659912, 1.4967265129089355, 1.5408809185028076, 1.5921080112457275, 1.5466684103012085, 1.4871129989624023]",sae,Pre-64
1,beta,19,0.085,0.4469965829377276,0.435497383761294,0.4137626497922243,0.5,0.6104665954706788,0.713357100229293,30,"[0, 1, 2, 3, 4, 5, 6, 7, 8, 9, 10, 11, 12, 13, 14, 15, 16, 17, 18, 19, 20, 21, 22, 23, 24, 25, 26, 27, 28, 29]","[1.3319674730300903, 1.3452839851379395, 1.4214274883270264, 1.3651150465011597, 1.2838129997253418, 1.2981401681900024, 1.3366280794143677, 1.4079525470733643, 1.3131389617919922, 1.427516222000122, 1.4204540252685547, 1.447680950164795, 1.3349456787109375, 1.3490914106369019, 1.2639977931976318, 1.2832074165344238, 1.4109278917312622, 1.4445966482162476, 1.2965669631958008, 1.3238677978515625, 1.4603400230407715, 1.3263359069824219, 1.332781434059143, 1.3278868198394775, 1.3241783380508423, 1.4222421646118164, 1.4347649812698364, 1.3512176275253296, 1.30604088306427, 1.301023006439209]",sae,Pre-64
1,beta,13,0.084,0.4619123366083722,0.4531466051409948,0.4416345832825781,0.5,0.6127276801885291,0.7101944628065393,30,"[0, 1, 2, 3, 4, 5, 6, 7, 8, 9, 10, 11, 12, 13, 14, 15, 16, 17, 18, 19, 20, 21, 22, 23, 24, 25, 26, 27, 28, 29]","[1.5968033075332642, 1.426654577255249, 1.5814061164855957, 1.502874732017517, 1.4839202165603638, 1.5902782678604126, 1.5234476327896118, 1.5123472213745117, 1.5462242364883423, 1.515154242515564, 1.5902823209762573, 1.494957447052002, 1.5577292442321777, 1.5490543842315674, 1.5715609788894653, 1.4593278169631958, 1.4810994863510132, 1.5495027303695679, 1.5330748558044434, 1.5288715362548828, 1.5043796300888062, 1.4445208311080933, 1.4991097450256348, 1.4686219692230225, 1.5001577138900757, 1.4419656991958618, 1.512442708015442, 1.451592206954956, 1.5426006317138672, 1.5063605308532715]",sae,Pre-64
1,beta,29,0.08,0.4558655961502112,0.4409050416793991,0.4552819282725158,0.5,0.6296548282533407,0.6719302373327379,30,"[0, 1, 2, 3, 4, 5, 6, 7, 8, 9, 10, 11, 12, 13, 14, 15, 16, 17, 18, 19, 20, 21, 22, 23, 24, 25, 26, 27, 28, 29]","[1.3920530080795288, 1.3528295755386353, 1.1724767684936523, 1.4565889835357666, 1.3841040134429932, 1.357067584991455, 1.4716449975967407, 1.3528941869735718, 1.4387483596801758, 1.4624313116073608, 1.3853821754455566, 1.43050217628479, 1.4474260807037354, 1.4247382879257202, 1.403918981552124, 1.423751950263977, 1.3547343015670776, 1.3866928815841675, 1.3528079986572266, 1.395725131034851, 1.4740148782730103, 1.4899753332138062, 1.3786050081253052, 1.3912415504455566, 1.4023610353469849, 1.3271381855010986, 1.3865717649459839, 1.4690659046173096, 1.5097615718841553, 1.361163854598999]",sae,Pre-64
1,beta,4,0.076,0.4589558369307028,0.4477177462853796,0.4573435735099407,0.5,0.61034827708266,0.6589408559951982,30,"[0, 1, 2, 3, 4, 5, 6, 7, 8, 9, 10, 11, 12, 13, 14, 15, 16, 17, 18, 19, 20, 21, 22, 23, 24, 25, 26, 27, 28, 29]","[1.3959933519363403, 1.3807989358901978, 1.3022069931030273, 1.44535231590271, 1.2750568389892578, 1.3224602937698364, 1.3703482151031494, 1.30568528175354, 1.3913747072219849, 1.4269884824752808, 1.3948755264282227, 1.3369776010513306, 1.446958065032959, 1.3335703611373901, 1.301735281944275, 1.3889281749725342, 1.3928534984588623, 1.3608425855636597, 1.3193705081939697, 1.4148882627487183, 1.3763188123703003, 1.4389514923095703, 1.3775291442871094, 1.292148232460022, 1.3726391792297363, 1.3117940425872803, 1.3294219970703125, 1.3427503108978271, 1.4217991828918457, 1.2964248657226562]",sae,Pre-64
1,beta,37,0.048,0.4546908257221888,0.444978337644671,0.4340999329247255,0.5,0.6058579085235571,0.7172580606221557,30,"[0, 1, 2, 3, 4, 5, 6, 7, 8, 9, 10, 11, 12, 13, 14, 15, 16, 17, 18, 19, 20, 21, 22, 23, 24, 25, 26, 27, 28, 29]","[1.480207920074463, 1.5421005487442017, 1.5168111324310303, 1.4926881790161133, 1.4445828199386597, 1.5523173809051514, 1.5181858539581299, 1.5668526887893677, 1.6129006147384644, 1.5527559518814087, 1.516771912574768, 1.524765133857727, 1.5512373447418213, 1.5555953979492188, 1.5888100862503052, 1.5332341194152832, 1.5227946043014526, 1.566823124885559, 1.5391114950180054, 1.536429762840271, 1.56302809715271, 1.5719839334487915, 1.596131682395935, 1.5802524089813232, 1.538644790649414, 1.57672119140625, 1.5450267791748047, 1.5748581886291504, 1.5769264698028564, 1.5913046598434448]",sae,Pre-64
1,beta,37,0.058,0.4546908257221888,0.444978337644671,0.4340517529117698,0.5,0.6058579085235571,0.71727616759817,30,"[0, 1, 2, 3, 4, 5, 6, 7, 8, 9, 10, 11, 12, 13, 14, 15, 16, 17, 18, 19, 20, 21, 22, 23, 24, 25, 26, 27, 28, 29]","[1.4761728048324585, 1.538053035736084, 1.512808084487915, 1.4886502027511597, 1.440526008605957, 1.5482804775238037, 1.5142056941986084, 1.5628042221069336, 1.6088556051254272, 1.5487024784088135, 1.5127042531967163, 1.5207239389419556, 1.5472053289413452, 1.5515984296798706, 1.5847738981246948, 1.5291954278945923, 1.5187546014785767, 1.5627825260162354, 1.5350751876831055, 1.5324387550354004, 1.559003472328186, 1.567975640296936, 1.5920952558517456, 1.5762187242507935, 1.5346088409423828, 1.572689414024353, 1.541010856628418, 1.5708502531051636, 1.5729024410247803, 1.587275743484497]",sae,Pre-64
1,beta,25,0.045,0.4465066892532915,0.4352791138475453,0.4472487334014374,0.5,0.6270054355300688,0.6598383692213857,30,"[0, 1, 2, 3, 4, 5, 6, 7, 8, 9, 10, 11, 12, 13, 14, 15, 16, 17, 18, 19, 20, 21, 22, 23, 24, 25, 26, 27, 28, 29]","[1.6470805406570435, 1.6777316331863403, 1.52371084690094, 1.7349841594696045, 1.7117595672607422, 1.6980977058410645, 1.5917659997940063, 1.566183090209961, 1.6184290647506714, 1.5245033502578735, 1.708883285522461, 1.6503747701644897, 1.6801981925964355, 1.566219687461853, 1.570292353630066, 1.6402257680892944, 1.499115228652954, 1.488135576248169, 1.5578899383544922, 1.570824146270752, 1.7175168991088867, 1.4944404363632202, 1.676681637763977, 1.584468126296997, 1.6472443342208862, 1.5726572275161743, 1.745958685874939, 1.676069736480713, 1.708567500114441, 1.5640324354171753]",sae,Pre-64
1,beta,1,0.086,0.4560357198099471,0.4497423189216591,0.4463145042196011,0.5,0.5964054457666336,0.6820090782452661,30,"[0, 1, 2, 3, 4, 5, 6, 7, 8, 9, 10, 11, 12, 13, 14, 15, 16, 17, 18, 19, 20, 21, 22, 23, 24, 25, 26, 27, 28, 29]","[1.409883975982666, 1.3106189966201782, 1.3635176420211792, 1.2505582571029663, 1.3462225198745728, 1.2733309268951416, 1.281241774559021, 1.348141074180603, 1.2545011043548584, 1.3104419708251953, 1.309141755104065, 1.3519872426986694, 1.402808427810669, 1.2797927856445312, 1.4001766443252563, 1.2318012714385986, 1.2550556659698486, 1.3093674182891846, 1.3802835941314697, 1.4107338190078735, 1.3994108438491821, 1.3601056337356567, 1.3345611095428467, 1.3050003051757812, 1.2722971439361572, 1.29608154296875, 1.3245073556900024, 1.3296945095062256, 1.412029504776001, 1.3344062566757202]",sae,Pre-64
1,beta,31,0.056,0.4497611378811508,0.4308970333737342,0.4337174007302158,0.5,0.642735734520437,0.7099612649592414,30,"[0, 1, 2, 3, 4, 5, 6, 7, 8, 9, 10, 11, 12, 13, 14, 15, 16, 17, 18, 19, 20, 21, 22, 23, 24, 25, 26, 27, 28, 29]","[1.567395567893982, 1.528306484222412, 1.4446759223937988, 1.4687609672546387, 1.519148826599121, 1.6058871746063232, 1.4821025133132935, 1.5391432046890259, 1.489051103591919, 1.5577901601791382, 1.5095170736312866, 1.537690281867981, 1.5723073482513428, 1.4078872203826904, 1.572013020515442, 1.5083144903182983, 1.5320916175842285, 1.5316674709320068, 1.545587420463562, 1.5006096363067627, 1.589627742767334, 1.5314751863479614, 1.584692358970642, 1.53643798828125, 1.525807499885559, 1.552444338798523, 1.4450722932815552, 1.5981003046035767, 1.4416266679763794, 1.5384773015975952]",sae,Pre-64
1,beta,30,0.068,0.4638407167611665,0.4544841508273655,0.4398492341859999,0.5,0.6043368975359404,0.694930363535931,30,"[0, 1, 2, 3, 4, 5, 6, 7, 8, 9, 10, 11, 12, 13, 14, 15, 16, 17, 18, 19, 20, 21, 22, 23, 24, 25, 26, 27, 28, 29]","[1.53267502784729, 1.5014523267745972, 1.512768268585205, 1.4533098936080933, 1.4661632776260376, 1.4445686340332031, 1.4553813934326172, 1.4316763877868652, 1.4243807792663574, 1.4427907466888428, 1.5072321891784668, 1.4373966455459595, 1.413020372390747, 1.4351780414581299, 1.5021376609802246, 1.5061599016189575, 1.4243643283843994, 1.4459936618804932, 1.5278816223144531, 1.4524297714233398, 1.4291880130767822, 1.3944200277328491, 1.4933353662490845, 1.4483036994934082, 1.5640705823898315, 1.4409526586532593, 1.4663245677947998, 1.4362702369689941, 1.5034399032592773, 1.4587955474853516]",sae,Pre-64
1,beta,0,0.084,0.4600628296558519,0.4487196928272481,0.4324512206391692,0.5,0.6146148452673732,0.7223482065859657,30,"[0, 1, 2, 3, 4, 5, 6, 7, 8, 9, 10, 11, 12, 13, 14, 15, 16, 17, 18, 19, 20, 21, 22, 23, 24, 25, 26, 27, 28, 29]","[1.3889200687408447, 1.4325108528137207, 1.4096753597259521, 1.4632066488265991, 1.3829816579818726, 1.406738519668579, 1.4542104005813599, 1.4848517179489136, 1.4679689407348633, 1.4127377271652222, 1.4040849208831787, 1.419256329536438, 1.4804582595825195, 1.4638276100158691, 1.4806236028671265, 1.4294235706329346, 1.4406617879867554, 1.3638988733291626, 1.3138601779937744, 1.4639548063278198, 1.3847836256027222, 1.3718656301498413, 1.4637196063995361, 1.4068890810012817, 1.3818849325180054, 1.345215916633606, 1.4693554639816284, 1.3543732166290283, 1.462402582168579, 1.3465752601623535]",sae,Pre-64
1,beta,5,0.065,0.4445517550333296,0.4301735816232515,0.4290128960938577,0.5,0.6070910659257547,0.683189776413744,30,"[0, 1, 2, 3, 4, 5, 6, 7, 8, 9, 10, 11, 12, 13, 14, 15, 16, 17, 18, 19, 20, 21, 22, 23, 24, 25, 26, 27, 28, 29]","[1.3858851194381714, 1.281449317932129, 1.2830970287322998, 1.4013559818267822, 1.4007359743118286, 1.3335659503936768, 1.3303067684173584, 1.3115698099136353, 1.3717951774597168, 1.293078064918518, 1.3819048404693604, 1.4029039144515991, 1.332108974456787, 1.336394190788269, 1.4128191471099854, 1.360308289527893, 1.3658534288406372, 1.3926782608032227, 1.2722676992416382, 1.3391984701156616, 1.4153244495391846, 1.3429510593414307, 1.411501407623291, 1.2937074899673462, 1.3388493061065674, 1.4156429767608643, 1.2842732667922974, 1.3167920112609863, 1.3922690153121948, 1.3405064344406128]",sae,Pre-64
1,beta,2,0.068,0.4419681213812466,0.4306250660512843,0.4272495117050782,0.5,0.6028191218064636,0.689470603236426,30,"[0, 1, 2, 3, 4, 5, 6, 7, 8, 9, 10, 11, 12, 13, 14, 15, 16, 17, 18, 19, 20, 21, 22, 23, 24, 25, 26, 27, 28, 29]","[1.373394250869751, 1.3866374492645264, 1.3621954917907715, 1.4307868480682373, 1.3782252073287964, 1.4647547006607056, 1.3844693899154663, 1.3975802659988403, 1.3339924812316895, 1.3553954362869263, 1.3923654556274414, 1.3352773189544678, 1.4154504537582397, 1.4688670635223389, 1.4407836198806763, 1.3863797187805176, 1.4460874795913696, 1.500341534614563, 1.4925280809402466, 1.470030426979065, 1.3930046558380127, 1.3699867725372314, 1.4520081281661987, 1.4555180072784424, 1.3675328493118286, 1.3738394975662231, 1.432015299797058, 1.407009482383728, 1.2163722515106201, 1.4924954175949097]",sae,Pre-64
1,beta,26,0.064,0.4502231978181314,0.4442488029476733,0.4597586411664413,0.5,0.5832450787939482,0.6467277875510141,30,"[0, 1, 2, 3, 4, 5, 6, 7, 8, 9, 10, 11, 12, 13, 14, 15, 16, 17, 18, 19, 20, 21, 22, 23, 24, 25, 26, 27, 28, 29]","[1.427368402481079, 1.4386495351791382, 1.6011521816253662, 1.3933101892471313, 1.4642208814620972, 1.506329894065857, 1.4925907850265503, 1.3912267684936523, 1.4951651096343994, 1.4619075059890747, 1.3777261972427368, 1.6033202409744263, 1.5388935804367065, 1.477252721786499, 1.5525848865509033, 1.4387606382369995, 1.4842942953109741, 1.3699969053268433, 1.5142385959625244, 1.4645088911056519, 1.4240988492965698, 1.5781011581420898, 1.4658914804458618, 1.506685495376587, 1.5841741561889648, 1.575269103050232, 1.4333155155181885, 1.489043116569519, 1.3016623258590698, 1.4246004819869995]",sae,Pre-64
1,beta,42,0.072,0.4546678683050885,0.4407690563496341,0.4564429352045077,0.5,0.6336081445133979,0.6613282941261366,30,"[0, 1, 2, 3, 4, 5, 6, 7, 8, 9, 10, 11, 12, 13, 14, 15, 16, 17, 18, 19, 20, 21, 22, 23, 24, 25, 26, 27, 28, 29]","[1.639952540397644, 1.504837989807129, 1.6497151851654053, 1.6449007987976074, 1.5870500802993774, 1.6292355060577393, 1.5792025327682495, 1.5366617441177368, 1.4989466667175293, 1.647443413734436, 1.6152483224868774, 1.6572520732879639, 1.5315122604370117, 1.2948176860809326, 1.6593414545059204, 1.5416512489318848, 1.486038327217102, 1.462236762046814, 1.6120516061782837, 1.6421805620193481, 1.550868034362793, 1.5244697332382202, 1.5525439977645874, 1.4796286821365356, 1.5314066410064697, 1.4930781126022339, 1.6661890745162964, 1.4818695783615112, 1.5681885480880737, 1.4856691360473633]",sae,Pre-64
1,beta,48,0.074,0.4556814132376,0.4510566266980289,0.4890223105739318,0.5,0.5923878577171784,0.5941913072036058,30,"[0, 1, 2, 3, 4, 5, 6, 7, 8, 9, 10, 11, 12, 13, 14, 15, 16, 17, 18, 19, 20, 21, 22, 23, 24, 25, 26, 27, 28, 29]","[1.6350010633468628, 1.570720911026001, 1.5527195930480957, 1.5346579551696777, 1.5225409269332886, 1.4537546634674072, 1.5588657855987549, 1.5051114559173584, 1.5202511548995972, 1.5076080560684204, 1.5913883447647095, 1.5255399942398071, 1.561635971069336, 1.5274113416671753, 1.483476996421814, 1.5644184350967407, 1.6134905815124512, 1.5784976482391357, 1.5985381603240967, 1.4648199081420898, 1.5174463987350464, 1.6225228309631348, 1.6263092756271362, 1.4530396461486816, 1.5238791704177856, 1.5994210243225098, 1.6056770086288452, 1.6270954608917236, 1.517352819442749, 1.5589326620101929]",sae,Pre-64
1,beta,27,0.09,0.4609757262074365,0.4537266978541116,0.4566155523852135,0.5,0.5914172664146189,0.6601124174988412,30,"[0, 1, 2, 3, 4, 5, 6, 7, 8, 9, 10, 11, 12, 13, 14, 15, 16, 17, 18, 19, 20, 21, 22, 23, 24, 25, 26, 27, 28, 29]","[1.4069194793701172, 1.4598296880722046, 1.4128952026367188, 1.3899610042572021, 1.4454063177108765, 1.3551427125930786, 1.456846833229065, 1.3209785223007202, 1.4027843475341797, 1.4116629362106323, 1.344190001487732, 1.455582857131958, 1.3902039527893066, 1.3472923040390015, 1.3939915895462036, 1.3096054792404175, 1.373656988143921, 1.4239137172698975, 1.3752338886260986, 1.3807100057601929, 1.4544615745544434, 1.4240245819091797, 1.3524701595306396, 1.298645257949829, 1.3844847679138184, 1.4623332023620605, 1.3665757179260254, 1.4258087873458862, 1.3125216960906982, 1.4001299142837524]",sae,Pre-64
1,beta,45,0.056,0.4515599815008028,0.4347157609968581,0.4496375246623443,0.5,0.6289673345145609,0.6777156876107401,30,"[0, 1, 2, 3, 4, 5, 6, 7, 8, 9, 10, 11, 12, 13, 14, 15, 16, 17, 18, 19, 20, 21, 22, 23, 24, 25, 26, 27, 28, 29]","[1.6162587404251099, 1.6079416275024414, 1.493798017501831, 1.682616949081421, 1.6848511695861816, 1.5370615720748901, 1.6934484243392944, 1.6721549034118652, 1.5442019701004028, 1.4979653358459473, 1.618612289428711, 1.6912070512771606, 1.6521060466766357, 1.5650670528411865, 1.5793300867080688, 1.5925556421279907, 1.6075501441955566, 1.4994065761566162, 1.5993950366973877, 1.5962297916412354, 1.65216863155365, 1.53965163230896, 1.6678696870803833, 1.5427608489990234, 1.498892068862915, 1.687684178352356, 1.534436821937561, 1.546658992767334, 1.4877487421035767, 1.689792513847351]",sae,Pre-64
1,beta,11,0.055,0.4566976193509867,0.4496008864727478,0.4389257021077131,0.5,0.5995106990682213,0.710845682914267,30,"[0, 1, 2, 3, 4, 5, 6, 7, 8, 9, 10, 11, 12, 13, 14, 15, 16, 17, 18, 19, 20, 21, 22, 23, 24, 25, 26, 27, 28, 29]","[1.581634521484375, 1.4036729335784912, 1.5253716707229614, 1.463136911392212, 1.611315369606018, 1.46796715259552, 1.4853370189666748, 1.3397390842437744, 1.5954598188400269, 1.6011077165603638, 1.602100133895874, 1.6270005702972412, 1.6403629779815674, 1.499501347541809, 1.4843307733535767, 1.500554084777832, 1.5556917190551758, 1.467356562614441, 1.492234468460083, 1.570589303970337, 1.5228317975997925, 1.5573084354400635, 1.6146384477615356, 1.537675142288208, 1.51570725440979, 1.5824856758117676, 1.6145005226135254, 1.460353136062622, 1.5103474855422974, 1.4798080921173096]",sae,Pre-64
1,beta,34,0.074,0.4568527557813058,0.4470225010708758,0.4484546465370255,0.5,0.6011606799053854,0.6782551295450794,30,"[0, 1, 2, 3, 4, 5, 6, 7, 8, 9, 10, 11, 12, 13, 14, 15, 16, 17, 18, 19, 20, 21, 22, 23, 24, 25, 26, 27, 28, 29]","[1.3872087001800537, 1.4721204042434692, 1.4775617122650146, 1.4227800369262695, 1.3723739385604858, 1.3877865076065063, 1.4289261102676392, 1.3465465307235718, 1.3505127429962158, 1.3916386365890503, 1.446763515472412, 1.2506910562515259, 1.4577065706253052, 1.3485236167907715, 1.3571650981903076, 1.381198763847351, 1.4739582538604736, 1.4896725416183472, 1.3985170125961304, 1.3876781463623047, 1.4056085348129272, 1.4919171333312988, 1.425652027130127, 1.4497572183609009, 1.3770254850387573, 1.323887825012207, 1.503414511680603, 1.4883317947387695, 1.4757773876190186, 1.4600971937179565]",sae,Pre-64
1,beta,14,0.072,0.4467366851483266,0.4421697276018216,0.4344632134640755,0.5,0.5934222168898753,0.697087538805321,30,"[0, 1, 2, 3, 4, 5, 6, 7, 8, 9, 10, 11, 12, 13, 14, 15, 16, 17, 18, 19, 20, 21, 22, 23, 24, 25, 26, 27, 28, 29]","[1.439638614654541, 1.3262556791305542, 1.4143697023391724, 1.4350676536560059, 1.4552732706069946, 1.4208638668060303, 1.4004907608032227, 1.5056406259536743, 1.4229676723480225, 1.4867112636566162, 1.3778085708618164, 1.3410650491714478, 1.3654619455337524, 1.4849300384521484, 1.4691275358200073, 1.42768394947052, 1.5065007209777832, 1.5003790855407715, 1.4199825525283813, 1.4132270812988281, 1.4334427118301392, 1.433512806892395, 1.4962238073349, 1.3797321319580078, 1.492110252380371, 1.493635892868042, 1.433992862701416, 1.5030512809753418, 1.4879200458526611, 1.3891545534133911]",sae,Pre-64
1,beta,17,0.068,0.4599327030141671,0.4513468217402507,0.4456021554770635,0.5,0.6120635717004715,0.6968020173528515,30,"[0, 1, 2, 3, 4, 5, 6, 7, 8, 9, 10, 11, 12, 13, 14, 15, 16, 17, 18, 19, 20, 21, 22, 23, 24, 25, 26, 27, 28, 29]","[1.5301216840744019, 1.4064866304397583, 1.4407817125320435, 1.4644383192062378, 1.5455173254013062, 1.4280503988265991, 1.4911068677902222, 1.335365653038025, 1.4489412307739258, 1.4592212438583374, 1.5132349729537964, 1.5220838785171509, 1.4568226337432861, 1.535573124885559, 1.4585175514221191, 1.4599825143814087, 1.529714584350586, 1.4591724872589111, 1.512495756149292, 1.4800217151641846, 1.4015556573867798, 1.478058099746704, 1.318504810333252, 1.4466243982315063, 1.456142544746399, 1.4505048990249634, 1.4230601787567139, 1.4574527740478516, 1.4232851266860962, 1.513353943824768]",sae,Pre-64
1,beta,28,0.072,0.4589844236982603,0.4495627040154577,0.441750265777672,0.5,0.5987249917034086,0.698254456454748,30,"[0, 1, 2, 3, 4, 5, 6, 7, 8, 9, 10, 11, 12, 13, 14, 15, 16, 17, 18, 19, 20, 21, 22, 23, 24, 25, 26, 27, 28, 29]","[1.4514026641845703, 1.3348634243011475, 1.3241716623306274, 1.5436407327651978, 1.497702956199646, 1.4815353155136108, 1.442267894744873, 1.3751901388168335, 1.475943922996521, 1.507570505142212, 1.437537431716919, 1.4680814743041992, 1.5153110027313232, 1.5253989696502686, 1.4583725929260254, 1.4054186344146729, 1.4401644468307495, 1.4966758489608765, 1.4713114500045776, 1.4714487791061401, 1.406003713607788, 1.4261837005615234, 1.4280248880386353, 1.376218557357788, 1.4077796936035156, 1.496393084526062, 1.5352011919021606, 1.4183886051177979, 1.3971208333969116, 1.4092509746551514]",sae,Pre-64
1,beta,27,0.084,0.4609757262074365,0.4537266978541116,0.4611507665943158,0.5,0.5914172664146189,0.6603627231605629,30,"[0, 1, 2, 3, 4, 5, 6, 7, 8, 9, 10, 11, 12, 13, 14, 15, 16, 17, 18, 19, 20, 21, 22, 23, 24, 25, 26, 27, 28, 29]","[1.5281548500061035, 1.6012293100357056, 1.5295517444610596, 1.5137230157852173, 1.5822099447250366, 1.490351676940918, 1.592247724533081, 1.4572783708572388, 1.5623743534088135, 1.5714025497436523, 1.4770814180374146, 1.604135513305664, 1.5168133974075317, 1.4767072200775146, 1.5159300565719604, 1.4291985034942627, 1.5206379890441895, 1.5653886795043945, 1.508849859237671, 1.5296993255615234, 1.5959210395812988, 1.5313166379928589, 1.4842188358306885, 1.4395331144332886, 1.5021735429763794, 1.6095012426376343, 1.4932475090026855, 1.5442215204238892, 1.4343618154525757, 1.5418413877487183]",sae,Pre-64
1,beta,34,0.088,0.4568527557813058,0.4470225010708758,0.4484273490687282,0.5,0.6011606799053854,0.6782565771378775,30,"[0, 1, 2, 3, 4, 5, 6, 7, 8, 9, 10, 11, 12, 13, 14, 15, 16, 17, 18, 19, 20, 21, 22, 23, 24, 25, 26, 27, 28, 29]","[1.3851449489593506, 1.47003972530365, 1.4754916429519653, 1.420695185661316, 1.3702727556228638, 1.3857131004333496, 1.4268522262573242, 1.3444820642471313, 1.3484125137329102, 1.38956618309021, 1.444684386253357, 1.2486276626586914, 1.4556398391723633, 1.3464665412902832, 1.3551088571548462, 1.379112720489502, 1.4718877077102661, 1.4875993728637695, 1.396424412727356, 1.3856130838394165, 1.4035181999206543, 1.4898498058319092, 1.4235724210739136, 1.4476957321166992, 1.3749521970748901, 1.3218114376068115, 1.5013436079025269, 1.4862579107284546, 1.4736987352371216, 1.4580308198928833]",sae,Pre-64
1,beta,39,0.055,0.4461088087810431,0.4292341094433316,0.4413243107994704,0.5,0.6205127278095635,0.6703348186712703,30,"[0, 1, 2, 3, 4, 5, 6, 7, 8, 9, 10, 11, 12, 13, 14, 15, 16, 17, 18, 19, 20, 21, 22, 23, 24, 25, 26, 27, 28, 29]","[1.535141944885254, 1.673724889755249, 1.599250078201294, 1.6277714967727661, 1.528649091720581, 1.5411298274993896, 1.5724434852600098, 1.5912083387374878, 1.5215367078781128, 1.6705459356307983, 1.5839922428131104, 1.5256098508834839, 1.6021908521652222, 1.5072846412658691, 1.6062488555908203, 1.6633485555648804, 1.6660995483398438, 1.6404552459716797, 1.5349090099334717, 1.5426151752471924, 1.5039142370224, 1.571997880935669, 1.5876020193099976, 1.5905814170837402, 1.6262764930725098, 1.5478771924972534, 1.4909418821334839, 1.544110894203186, 1.6760278940200806, 1.537587285041809]",sae,Pre-64
1,beta,16,0.095,0.4519396108125126,0.4401978349795346,0.4306508449334005,0.5,0.6159012314439947,0.7167603503952188,30,"[0, 1, 2, 3, 4, 5, 6, 7, 8, 9, 10, 11, 12, 13, 14, 15, 16, 17, 18, 19, 20, 21, 22, 23, 24, 25, 26, 27, 28, 29]","[1.273797869682312, 1.236929178237915, 1.2420024871826172, 1.3208558559417725, 1.3133089542388916, 1.255906105041504, 1.319126009941101, 1.2954514026641846, 1.2664313316345215, 1.3211725950241089, 1.3216047286987305, 1.305076003074646, 1.2610869407653809, 1.2821041345596313, 1.2004554271697998, 1.2504792213439941, 1.3301243782043457, 1.1566399335861206, 1.2677726745605469, 1.3026045560836792, 1.3509613275527954, 1.3186142444610596, 1.3242897987365723, 1.3148589134216309, 1.2045906782150269, 1.2934116125106812, 1.215237021446228, 1.2697885036468506, 1.2261298894882202, 1.2498600482940674]",sae,Pre-64
1,beta,12,0.09,0.4455148672091349,0.4361346773072694,0.4119794921134245,0.5,0.5892778403611032,0.7320332621285706,30,"[0, 1, 2, 3, 4, 5, 6, 7, 8, 9, 10, 11, 12, 13, 14, 15, 16, 17, 18, 19, 20, 21, 22, 23, 24, 25, 26, 27, 28, 29]","[1.371293544769287, 1.4789469242095947, 1.3880845308303833, 1.2878459692001343, 1.4761606454849243, 1.4119776487350464, 1.4056226015090942, 1.457772970199585, 1.493098497390747, 1.3640705347061157, 1.3658944368362427, 1.534236192703247, 1.392374038696289, 1.4648211002349854, 1.3500473499298096, 1.537934422492981, 1.3225183486938477, 1.516357183456421, 1.4378767013549805, 1.5304832458496094, 1.494260549545288, 1.4407662153244019, 1.392328143119812, 1.536615014076233, 1.5141339302062988, 1.382885217666626, 1.5146424770355225, 1.4597340822219849, 1.4132345914840698, 1.5451327562332153]",sae,Pre-64
1,beta,27,0.0535,0.4609757262074365,0.4537266978541116,0.4612902083872478,0.5,0.5914172664146189,0.6603269652088883,30,"[0, 1, 2, 3, 4, 5, 6, 7, 8, 9, 10, 11, 12, 13, 14, 15, 16, 17, 18, 19, 20, 21, 22, 23, 24, 25, 26, 27, 28, 29]","[1.5386037826538086, 1.611566185951233, 1.5399445295333862, 1.5241721868515015, 1.5925384759902954, 1.5007604360580444, 1.6026448011398315, 1.4676666259765625, 1.572670817375183, 1.5816420316696167, 1.4874472618103027, 1.614470362663269, 1.5271960496902466, 1.4871008396148682, 1.5262961387634277, 1.4396816492080688, 1.531000018119812, 1.5757184028625488, 1.5192911624908447, 1.5400676727294922, 1.606259822845459, 1.5417375564575195, 1.4946402311325073, 1.4498920440673828, 1.5126118659973145, 1.6197937726974487, 1.5036847591400146, 1.5546395778656006, 1.4448628425598145, 1.5522208213806152]",sae,Pre-64
1,beta,39,0.066,0.4461088087810431,0.4292341094433316,0.441220522941498,0.5,0.6205127278095635,0.6703107158244228,30,"[0, 1, 2, 3, 4, 5, 6, 7, 8, 9, 10, 11, 12, 13, 14, 15, 16, 17, 18, 19, 20, 21, 22, 23, 24, 25, 26, 27, 28, 29]","[1.5285215377807617, 1.6671844720840454, 1.5927025079727173, 1.6213220357894897, 1.5220781564712524, 1.5344889163970947, 1.5658576488494873, 1.584614872932434, 1.5149519443511963, 1.6640626192092896, 1.577496886253357, 1.5191168785095215, 1.5956368446350098, 1.5006437301635742, 1.5996989011764526, 1.65678870677948, 1.6596670150756836, 1.6339534521102905, 1.5283511877059937, 1.5361764430999756, 1.4972516298294067, 1.565350890159607, 1.581173300743103, 1.5841578245162964, 1.6197283267974854, 1.5412503480911255, 1.4844720363616943, 1.5375113487243652, 1.6694676876068115, 1.530981183052063]",sae,Pre-64
1,beta,46,0.076,0.4545712902572906,0.4417269056853911,0.4523859080169283,0.5,0.6270377926330811,0.6894086819411119,30,"[0, 1, 2, 3, 4, 5, 6, 7, 8, 9, 10, 11, 12, 13, 14, 15, 16, 17, 18, 19, 20, 21, 22, 23, 24, 25, 26, 27, 28, 29]","[1.4664967060089111, 1.5722376108169556, 1.5634827613830566, 1.5512449741363525, 1.4678106307983398, 1.5979868173599243, 1.4910814762115479, 1.616816759109497, 1.5478134155273438, 1.6465791463851929, 1.3760606050491333, 1.4738409519195557, 1.6127842664718628, 1.4593805074691772, 1.5234402418136597, 1.6126214265823364, 1.5404504537582397, 1.5531697273254395, 1.6250333786010742, 1.603289008140564, 1.5181305408477783, 1.5163516998291016, 1.549390435218811, 1.5444773435592651, 1.5535348653793335, 1.566043734550476, 1.5421195030212402, 1.5901408195495605, 1.5209797620773315, 1.538352370262146]",sae,Pre-64
1,beta,29,0.086,0.4558655961502112,0.4409050416793991,0.4552707510025708,0.5,0.6296548282533407,0.6719204964550698,30,"[0, 1, 2, 3, 4, 5, 6, 7, 8, 9, 10, 11, 12, 13, 14, 15, 16, 17, 18, 19, 20, 21, 22, 23, 24, 25, 26, 27, 28, 29]","[1.3912972211837769, 1.3520774841308594, 1.1717027425765991, 1.4558342695236206, 1.3833450078964233, 1.3563092947006226, 1.4708914756774902, 1.3521329164505005, 1.4379907846450806, 1.4616806507110596, 1.3846229314804077, 1.4297443628311157, 1.4466696977615356, 1.4239811897277832, 1.4031670093536377, 1.4229940176010132, 1.3539865016937256, 1.3859413862228394, 1.3520501852035522, 1.3949674367904663, 1.4732578992843628, 1.4892247915267944, 1.3778457641601562, 1.3904794454574585, 1.4016070365905762, 1.3263765573501587, 1.3858150243759155, 1.4683141708374023, 1.509006381034851, 1.3604073524475098]",sae,Pre-64
1,beta,28,0.06,0.4589844236982603,0.4495627040154577,0.4417809271864215,0.5,0.5987249917034086,0.6982751979329636,30,"[0, 1, 2, 3, 4, 5, 6, 7, 8, 9, 10, 11, 12, 13, 14, 15, 16, 17, 18, 19, 20, 21, 22, 23, 24, 25, 26, 27, 28, 29]","[1.4546928405761719, 1.3382076025009155, 1.3274455070495605, 1.5469398498535156, 1.501000165939331, 1.4848703145980835, 1.445557951927185, 1.3784743547439575, 1.479292869567871, 1.510891318321228, 1.440895676612854, 1.4714341163635254, 1.518618106842041, 1.5287141799926758, 1.4616684913635254, 1.4087178707122803, 1.4434529542922974, 1.5000087022781372, 1.4746291637420654, 1.4747737646102905, 1.4092984199523926, 1.429519534111023, 1.431315302848816, 1.3794958591461182, 1.4110709428787231, 1.4997061491012573, 1.5385271310806274, 1.4217453002929688, 1.4004672765731812, 1.412522554397583]",sae,Pre-64
1,beta,15,0.06,0.4529015220185267,0.4424399871594601,0.4354898047584156,0.5,0.6161071485640408,0.7111375818939846,30,"[0, 1, 2, 3, 4, 5, 6, 7, 8, 9, 10, 11, 12, 13, 14, 15, 16, 17, 18, 19, 20, 21, 22, 23, 24, 25, 26, 27, 28, 29]","[1.4032562971115112, 1.3736932277679443, 1.4148032665252686, 1.414814829826355, 1.4893062114715576, 1.3855832815170288, 1.3801647424697876, 1.4044194221496582, 1.4628769159317017, 1.4606459140777588, 1.4486998319625854, 1.3634485006332397, 1.5220813751220703, 1.4657047986984253, 1.356459617614746, 1.431816816329956, 1.3696609735488892, 1.5151495933532715, 1.3542979955673218, 1.4214357137680054, 1.5081994533538818, 1.4754396677017212, 1.3965766429901123, 1.4347240924835205, 1.4040777683258057, 1.2864121198654175, 1.4777694940567017, 1.522402286529541, 1.4197529554367065, 1.4159424304962158]",sae,Pre-64
1,beta,36,0.07,0.4642138821845151,0.4576483090311837,0.462020232759771,0.5,0.6031055233182893,0.6742591237272089,30,"[0, 1, 2, 3, 4, 5, 6, 7, 8, 9, 10, 11, 12, 13, 14, 15, 16, 17, 18, 19, 20, 21, 22, 23, 24, 25, 26, 27, 28, 29]","[1.5202006101608276, 1.5115714073181152, 1.4315617084503174, 1.5127161741256714, 1.3901106119155884, 1.5411609411239624, 1.4385395050048828, 1.4830025434494019, 1.5534157752990723, 1.4061834812164307, 1.4404900074005127, 1.5422910451889038, 1.4317697286605835, 1.4674928188323975, 1.4779657125473022, 1.5555363893508911, 1.5077875852584839, 1.4915359020233154, 1.550362467765808, 1.4242873191833496, 1.4662373065948486, 1.4563270807266235, 1.4617844820022583, 1.4382848739624023, 1.5353657007217407, 1.5161203145980835, 1.4475477933883667, 1.4979262351989746, 1.5330220460891724, 1.4266339540481567]",sae,Pre-64
1,beta,40,0.09,0.44666181227492,0.4340193094910912,0.431632391389364,0.5,0.6093636266731638,0.6690782561025752,30,"[0, 1, 2, 3, 4, 5, 6, 7, 8, 9, 10, 11, 12, 13, 14, 15, 16, 17, 18, 19, 20, 21, 22, 23, 24, 25, 26, 27, 28, 29]","[1.3762866258621216, 1.3202239274978638, 1.316145896911621, 1.258476972579956, 1.2916561365127563, 1.3211547136306763, 1.320966124534607, 1.3342185020446777, 1.3478782176971436, 1.3551417589187622, 1.2943048477172852, 1.303069829940796, 1.3700460195541382, 1.2563800811767578, 1.2754954099655151, 1.3861653804779053, 1.2895832061767578, 1.323704719543457, 1.2742358446121216, 1.2727900743484497, 1.277574062347412, 1.2906826734542847, 1.348301649093628, 1.3117698431015015, 1.3602094650268555, 1.2899142503738403, 1.3536128997802734, 1.2534188032150269, 1.3961135149002075, 1.278212070465088]",sae,Pre-64
1,beta,21,0.062,0.4504746503440228,0.4381370334360364,0.4403756355900418,0.5,0.6200058082774133,0.687265969673377,30,"[0, 1, 2, 3, 4, 5, 6, 7, 8, 9, 10, 11, 12, 13, 14, 15, 16, 17, 18, 19, 20, 21, 22, 23, 24, 25, 26, 27, 28, 29]","[1.4478014707565308, 1.4984683990478516, 1.6231250762939453, 1.6178257465362549, 1.5985808372497559, 1.5793856382369995, 1.4929629564285278, 1.5017211437225342, 1.6075528860092163, 1.5196685791015625, 1.597614049911499, 1.6060420274734497, 1.485053300857544, 1.512109637260437, 1.5081058740615845, 1.501776933670044, 1.5027823448181152, 1.5141881704330444, 1.444963812828064, 1.6146844625473022, 1.4398545026779175, 1.6226478815078735, 1.434758186340332, 1.4527878761291504, 1.5083140134811401, 1.4663628339767456, 1.4338016510009766, 1.4885834455490112, 1.57599675655365, 1.5609124898910522]",sae,Pre-64
1,beta,45,0.068,0.4515599815008028,0.4347157609968581,0.4472966245877811,0.5,0.6289673345145609,0.6764890282131661,30,"[0, 1, 2, 3, 4, 5, 6, 7, 8, 9, 10, 11, 12, 13, 14, 15, 16, 17, 18, 19, 20, 21, 22, 23, 24, 25, 26, 27, 28, 29]","[1.5516672134399414, 1.5434868335723877, 1.436772108078003, 1.6166272163391113, 1.6126288175582886, 1.4686734676361084, 1.624208927154541, 1.6001614332199097, 1.4793930053710938, 1.4395155906677246, 1.5490138530731201, 1.6281144618988037, 1.5825490951538086, 1.4970526695251465, 1.5069669485092163, 1.5252732038497925, 1.5387756824493408, 1.4129661321640015, 1.5384629964828491, 1.530875563621521, 1.5817136764526367, 1.4797577857971191, 1.591698169708252, 1.459238886833191, 1.438637375831604, 1.6177968978881836, 1.471192717552185, 1.4866052865982056, 1.4137765169143677, 1.6185935735702515]",sae,Pre-64
1,beta,12,0.075,0.4455148672091349,0.4361346773072694,0.4120103798514721,0.5,0.5892778403611032,0.7320332621285706,30,"[0, 1, 2, 3, 4, 5, 6, 7, 8, 9, 10, 11, 12, 13, 14, 15, 16, 17, 18, 19, 20, 21, 22, 23, 24, 25, 26, 27, 28, 29]","[1.3734267950057983, 1.4810833930969238, 1.3902188539505005, 1.2899789810180664, 1.478289008140564, 1.4141069650650024, 1.4077682495117188, 1.4599242210388184, 1.4952490329742432, 1.3662114143371582, 1.3680258989334106, 1.536372184753418, 1.394519567489624, 1.466958999633789, 1.3521862030029297, 1.5400665998458862, 1.3246610164642334, 1.518476963043213, 1.4400182962417603, 1.532608151435852, 1.4964128732681274, 1.4429036378860474, 1.394476056098938, 1.5387530326843262, 1.5162676572799683, 1.3850221633911133, 1.5167806148529053, 1.4618865251541138, 1.4153856039047241, 1.5472733974456787]",sae,Pre-64
1,beta,0,0.098,0.4600628296558519,0.4487196928272481,0.4324337159063045,0.5,0.6146148452673732,0.7223527693999443,30,"[0, 1, 2, 3, 4, 5, 6, 7, 8, 9, 10, 11, 12, 13, 14, 15, 16, 17, 18, 19, 20, 21, 22, 23, 24, 25, 26, 27, 28, 29]","[1.3867576122283936, 1.4303538799285889, 1.40751051902771, 1.4610549211502075, 1.380831241607666, 1.4045679569244385, 1.4520602226257324, 1.4826980829238892, 1.4658094644546509, 1.4105770587921143, 1.401917815208435, 1.4171065092086792, 1.4783155918121338, 1.4616725444793701, 1.4784711599349976, 1.4272900819778442, 1.4385017156600952, 1.3617311716079712, 1.3117142915725708, 1.4618016481399536, 1.3826401233673096, 1.3697007894515991, 1.461563229560852, 1.4047372341156006, 1.3797143697738647, 1.3430570363998413, 1.467198133468628, 1.3522056341171265, 1.4602546691894531, 1.3444076776504517]",sae,Pre-64
1,beta,3,0.08,0.4557259332451328,0.444824285747971,0.4644383497911856,0.5,0.6042731979176,0.6522588720237493,30,"[0, 1, 2, 3, 4, 5, 6, 7, 8, 9, 10, 11, 12, 13, 14, 15, 16, 17, 18, 19, 20, 21, 22, 23, 24, 25, 26, 27, 28, 29]","[1.4001189470291138, 1.4270305633544922, 1.4116835594177246, 1.3696494102478027, 1.4050867557525635, 1.4417215585708618, 1.3976603746414185, 1.4452687501907349, 1.2006028890609741, 1.4702017307281494, 1.3619967699050903, 1.4682631492614746, 1.4038176536560059, 1.3797773122787476, 1.4791086912155151, 1.3986903429031372, 1.4044233560562134, 1.4298652410507202, 1.3638172149658203, 1.3666986227035522, 1.3121371269226074, 1.3781461715698242, 1.3748770952224731, 1.4897491931915283, 1.4605076313018799, 1.3895692825317383, 1.3926621675491333, 1.3861957788467407, 1.4550894498825073, 1.3922712802886963]",sae,Pre-64
1,beta,26,0.075,0.4502231978181314,0.4442488029476733,0.459732760386712,0.5,0.5832450787939482,0.64671892517049,30,"[0, 1, 2, 3, 4, 5, 6, 7, 8, 9, 10, 11, 12, 13, 14, 15, 16, 17, 18, 19, 20, 21, 22, 23, 24, 25, 26, 27, 28, 29]","[1.4252694845199585, 1.4365239143371582, 1.5990631580352783, 1.3912183046340942, 1.4621118307113647, 1.5042178630828857, 1.4904894828796387, 1.3891313076019287, 1.4930729866027832, 1.4598033428192139, 1.3756331205368042, 1.6012308597564697, 1.5367968082427979, 1.475151538848877, 1.5504984855651855, 1.4366799592971802, 1.4822124242782593, 1.3678961992263794, 1.512140154838562, 1.4624007940292358, 1.4220079183578491, 1.5760064125061035, 1.4637800455093384, 1.5045826435089111, 1.5820759534835815, 1.573166012763977, 1.4312118291854858, 1.4869370460510254, 1.2995504140853882, 1.422506332397461]",sae,Pre-64
1,beta,5,0.092,0.4445517550333296,0.4301735816232515,0.4289990545320207,0.5,0.6070910659257547,0.6831835257496108,30,"[0, 1, 2, 3, 4, 5, 6, 7, 8, 9, 10, 11, 12, 13, 14, 15, 16, 17, 18, 19, 20, 21, 22, 23, 24, 25, 26, 27, 28, 29]","[1.3838814496994019, 1.2794454097747803, 1.281091570854187, 1.3993415832519531, 1.3987199068069458, 1.3315664529800415, 1.3282945156097412, 1.3095676898956299, 1.369783639907837, 1.2910670042037964, 1.3798872232437134, 1.4008917808532715, 1.3300975561141968, 1.3343806266784668, 1.4108058214187622, 1.3583037853240967, 1.3638404607772827, 1.3906697034835815, 1.2702738046646118, 1.337181568145752, 1.4133121967315674, 1.3409302234649658, 1.409499168395996, 1.291703701019287, 1.3368418216705322, 1.4136360883712769, 1.2822726964950562, 1.3147848844528198, 1.3902578353881836, 1.3384978771209717]",sae,Pre-64
1,beta,22,0.07,0.4519005213187685,0.4442985770479847,0.4444210767397809,0.5,0.5939599289403404,0.6801653548865281,30,"[0, 1, 2, 3, 4, 5, 6, 7, 8, 9, 10, 11, 12, 13, 14, 15, 16, 17, 18, 19, 20, 21, 22, 23, 24, 25, 26, 27, 28, 29]","[1.4170029163360596, 1.4628028869628906, 1.4758820533752441, 1.4974151849746704, 1.5376288890838623, 1.4374202489852905, 1.446495532989502, 1.4273923635482788, 1.4230157136917114, 1.4732656478881836, 1.4212610721588135, 1.5309422016143799, 1.4638304710388184, 1.5171831846237183, 1.3818860054016113, 1.5034369230270386, 1.5150054693222046, 1.4679324626922607, 1.4000316858291626, 1.409180998802185, 1.4882893562316895, 1.4867329597473145, 1.48806631565094, 1.4385340213775635, 1.490378975868225, 1.5232893228530884, 1.4232372045516968, 1.4115558862686157, 1.5522100925445557, 1.392343282699585]",sae,Pre-64
1,beta,41,0.075,0.4543678569363413,0.4427951465832617,0.4506731621060896,0.5,0.6190905384235713,0.6749129094329634,30,"[0, 1, 2, 3, 4, 5, 6, 7, 8, 9, 10, 11, 12, 13, 14, 15, 16, 17, 18, 19, 20, 21, 22, 23, 24, 25, 26, 27, 28, 29]","[1.3113940954208374, 1.3707547187805176, 1.2805157899856567, 1.2524844408035278, 1.2505885362625122, 1.4178820848464966, 1.294402837753296, 1.342252492904663, 1.3166306018829346, 1.3854780197143555, 1.3799235820770264, 1.3409016132354736, 1.3472132682800293, 1.3933439254760742, 1.3978462219238281, 1.3275877237319946, 1.291105031967163, 1.3465728759765625, 1.3465484380722046, 1.3517658710479736, 1.2638640403747559, 1.3184552192687988, 1.332373857498169, 1.3411829471588135, 1.336726427078247, 1.3170502185821533, 1.3721506595611572, 1.3804093599319458, 1.3340973854064941, 1.2859721183776855]",sae,Pre-64
1,beta,38,0.078,0.4455661720406026,0.4298851252298221,0.4399852328640101,0.5,0.6303640517897944,0.660953541507997,30,"[0, 1, 2, 3, 4, 5, 6, 7, 8, 9, 10, 11, 12, 13, 14, 15, 16, 17, 18, 19, 20, 21, 22, 23, 24, 25, 26, 27, 28, 29]","[1.4275270700454712, 1.4139295816421509, 1.4332849979400635, 1.4891122579574585, 1.4404151439666748, 1.3184887170791626, 1.4987988471984863, 1.446272850036621, 1.3227596282958984, 1.4487488269805908, 1.431448221206665, 1.4702092409133911, 1.4708853960037231, 1.4380477666854858, 1.4887049198150635, 1.418821930885315, 1.409944772720337, 1.5045671463012695, 1.3993933200836182, 1.4530534744262695, 1.4298406839370728, 1.4330272674560547, 1.497239589691162, 1.3839616775512695, 1.428205966949463, 1.4946190118789673, 1.3803917169570923, 1.4954911470413208, 1.4198817014694214, 1.5063128471374512]",sae,Pre-64
1,beta,44,0.095,0.4469012312759677,0.43811650775401,0.457241743472073,0.5,0.5982762074796864,0.6215390099756648,30,"[0, 1, 2, 3, 4, 5, 6, 7, 8, 9, 10, 11, 12, 13, 14, 15, 16, 17, 18, 19, 20, 21, 22, 23, 24, 25, 26, 27, 28, 29]","[1.3520333766937256, 1.3558140993118286, 1.299936294555664, 1.3293545246124268, 1.3454217910766602, 1.4018938541412354, 1.3782879114151, 1.2975220680236816, 1.3649626970291138, 1.415763020515442, 1.3445987701416016, 1.3208789825439453, 1.3501920700073242, 1.3169283866882324, 1.4189835786819458, 1.4179811477661133, 1.2869452238082886, 1.1949602365493774, 1.3605647087097168, 1.3473329544067383, 1.3191529512405396, 1.2938343286514282, 1.339984655380249, 1.3479243516921997, 1.4036386013031006, 1.3031885623931885, 1.3245760202407837, 1.347435474395752, 1.3426685333251953, 1.3614680767059326]",sae,Pre-64
1,beta,22,0.096,0.4519005213187685,0.4442985770479847,0.4443704612650373,0.5,0.5939599289403404,0.6801359427757974,30,"[0, 1, 2, 3, 4, 5, 6, 7, 8, 9, 10, 11, 12, 13, 14, 15, 16, 17, 18, 19, 20, 21, 22, 23, 24, 25, 26, 27, 28, 29]","[1.4119021892547607, 1.4576897621154785, 1.470777988433838, 1.4923181533813477, 1.5325088500976562, 1.4322482347488403, 1.4413843154907227, 1.4222317934036255, 1.4178858995437622, 1.4681806564331055, 1.4161351919174194, 1.525824785232544, 1.458705186843872, 1.5120669603347778, 1.3766902685165405, 1.4983230829238892, 1.5099002122879028, 1.4627587795257568, 1.3948869705200195, 1.4040515422821045, 1.4831516742706299, 1.4815913438796997, 1.4829180240631104, 1.4333616495132446, 1.4852924346923828, 1.5181630849838257, 1.4181493520736694, 1.406406044960022, 1.5470696687698364, 1.3871619701385498]",sae,Pre-64
1,beta,33,0.092,0.4492211383258522,0.4377959816952598,0.4270785629967475,0.5,0.6165210074526608,0.694791622473944,30,"[0, 1, 2, 3, 4, 5, 6, 7, 8, 9, 10, 11, 12, 13, 14, 15, 16, 17, 18, 19, 20, 21, 22, 23, 24, 25, 26, 27, 28, 29]","[1.3336786031723022, 1.4096049070358276, 1.3664026260375977, 1.341868281364441, 1.2987502813339233, 1.431611180305481, 1.2906930446624756, 1.4030321836471558, 1.4088503122329712, 1.4072176218032837, 1.3524943590164185, 1.4099138975143433, 1.3520734310150146, 1.3103370666503906, 1.3070085048675537, 1.4000548124313354, 1.3232531547546387, 1.3306406736373901, 1.4113599061965942, 1.4078543186187744, 1.3378124237060547, 1.2905542850494385, 1.427225947380066, 1.3817777633666992, 1.425744652748108, 1.311200737953186, 1.3301218748092651, 1.313008189201355, 1.2783827781677246, 1.3351030349731445]",sae,Pre-64
1,beta,11,0.094,0.4566976193509867,0.4496008864727478,0.4367760219791935,0.5,0.5995106990682213,0.7107183827316571,30,"[0, 1, 2, 3, 4, 5, 6, 7, 8, 9, 10, 11, 12, 13, 14, 15, 16, 17, 18, 19, 20, 21, 22, 23, 24, 25, 26, 27, 28, 29]","[1.4575506448745728, 1.2639069557189941, 1.414280891418457, 1.3362812995910645, 1.491620659828186, 1.3578683137893677, 1.3653295040130615, 1.2450287342071533, 1.476529598236084, 1.478110432624817, 1.4936820268630981, 1.5073270797729492, 1.509293556213379, 1.4035300016403198, 1.3741673231124878, 1.3786377906799316, 1.4306942224502563, 1.3584588766098022, 1.3876515626907349, 1.4485986232757568, 1.417475700378418, 1.4332873821258545, 1.491151213645935, 1.4087738990783691, 1.3986008167266846, 1.4645174741744995, 1.4934964179992676, 1.3499799966812134, 1.3913999795913696, 1.3719780445098877]",sae,Pre-64
1,beta,39,0.094,0.4461088087810431,0.4292341094433316,0.4375266850371423,0.5,0.6205127278095635,0.6695303861577351,30,"[0, 1, 2, 3, 4, 5, 6, 7, 8, 9, 10, 11, 12, 13, 14, 15, 16, 17, 18, 19, 20, 21, 22, 23, 24, 25, 26, 27, 28, 29]","[1.4207276105880737, 1.5156891345977783, 1.4558684825897217, 1.4494575262069702, 1.3758248090744019, 1.4354172945022583, 1.4184547662734985, 1.4538609981536865, 1.3810386657714844, 1.4968844652175903, 1.4240463972091675, 1.3686448335647583, 1.4569202661514282, 1.373246431350708, 1.4584051370620728, 1.5179752111434937, 1.484007477760315, 1.4778518676757812, 1.3965411186218262, 1.3552711009979248, 1.37336003780365, 1.4633065462112427, 1.4009613990783691, 1.4038773775100708, 1.475751519203186, 1.4282722473144531, 1.319624423980713, 1.398996114730835, 1.5295472145080566, 1.3995240926742554]",sae,Pre-64
1,beta,46,0.092,0.4545712902572906,0.4417269056853911,0.4495341976362161,0.5,0.6270377926330811,0.6878190789426787,30,"[0, 1, 2, 3, 4, 5, 6, 7, 8, 9, 10, 11, 12, 13, 14, 15, 16, 17, 18, 19, 20, 21, 22, 23, 24, 25, 26, 27, 28, 29]","[1.3963899612426758, 1.49331533908844, 1.4930869340896606, 1.4825042486190796, 1.4015803337097168, 1.5274959802627563, 1.4178497791290283, 1.5353518724441528, 1.4763206243515015, 1.5782495737075806, 1.29854154586792, 1.4107890129089355, 1.5416734218597412, 1.3936327695846558, 1.4588502645492554, 1.5374197959899902, 1.4735994338989258, 1.4889458417892456, 1.5472540855407715, 1.5316754579544067, 1.4513742923736572, 1.4495658874511719, 1.4823055267333984, 1.4802825450897217, 1.49068284034729, 1.5012168884277344, 1.4697918891906738, 1.5282871723175049, 1.4528489112854004, 1.4734432697296143]",sae,Pre-64
1,beta,10,0.078,0.4493907433353129,0.4390813823454372,0.4434453737986007,0.5,0.6232207829487961,0.6770045570346981,30,"[0, 1, 2, 3, 4, 5, 6, 7, 8, 9, 10, 11, 12, 13, 14, 15, 16, 17, 18, 19, 20, 21, 22, 23, 24, 25, 26, 27, 28, 29]","[1.4283961057662964, 1.3395800590515137, 1.5069000720977783, 1.4254522323608398, 1.4212969541549683, 1.4301731586456299, 1.5183143615722656, 1.4449381828308105, 1.3321894407272339, 1.4820252656936646, 1.4336419105529785, 1.457505702972412, 1.4569798707962036, 1.4322717189788818, 1.4944671392440796, 1.4527673721313477, 1.4620237350463867, 1.3716999292373657, 1.427764654159546, 1.3872854709625244, 1.4074417352676392, 1.4381626844406128, 1.4989111423492432, 1.5008068084716797, 1.4384284019470215, 1.3732930421829224, 1.4345920085906982, 1.4352730512619019, 1.433518648147583, 1.4885368347167969]",sae,Pre-64
1,beta,24,0.066,0.4501416387440968,0.4383559369047743,0.4508251988557901,0.5,0.6188330126613704,0.642165777060576,30,"[0, 1, 2, 3, 4, 5, 6, 7, 8, 9, 10, 11, 12, 13, 14, 15, 16, 17, 18, 19, 20, 21, 22, 23, 24, 25, 26, 27, 28, 29]","[1.5334444046020508, 1.4310916662216187, 1.4593393802642822, 1.541811227798462, 1.5445475578308105, 1.4480184316635132, 1.4624061584472656, 1.4582176208496094, 1.508784532546997, 1.3951948881149292, 1.4946566820144653, 1.4403866529464722, 1.539664626121521, 1.5258532762527466, 1.460018277168274, 1.4257394075393677, 1.5474165678024292, 1.3402940034866333, 1.43252432346344, 1.5472707748413086, 1.523939609527588, 1.542036533355713, 1.4352082014083862, 1.5029796361923218, 1.416773796081543, 1.3763856887817383, 1.4936156272888184, 1.4124046564102173, 1.5503185987472534, 1.4496303796768188]",sae,Pre-64
1,beta,17,0.056,0.4599327030141671,0.4513468217402507,0.4456462278834098,0.5,0.6120635717004715,0.6967903496093494,30,"[0, 1, 2, 3, 4, 5, 6, 7, 8, 9, 10, 11, 12, 13, 14, 15, 16, 17, 18, 19, 20, 21, 22, 23, 24, 25, 26, 27, 28, 29]","[1.5328141450881958, 1.409200668334961, 1.4434778690338135, 1.46714186668396, 1.5481998920440674, 1.4307409524917603, 1.4938106536865234, 1.3381041288375854, 1.4516348838806152, 1.4619073867797852, 1.5159119367599487, 1.5247749090194702, 1.4595352411270142, 1.538241982460022, 1.4611999988555908, 1.4626753330230713, 1.5323957204818726, 1.4618629217147827, 1.5151755809783936, 1.4827194213867188, 1.4042527675628662, 1.4807512760162354, 1.3212205171585083, 1.4493277072906494, 1.4588135480880737, 1.453182578086853, 1.425771713256836, 1.4601470232009888, 1.4259823560714722, 1.5160285234451294]",sae,Pre-64
1,beta,13,0.064,0.4619123366083722,0.4531466051409948,0.4416944187670148,0.5,0.6127276801885291,0.7102050337353575,30,"[0, 1, 2, 3, 4, 5, 6, 7, 8, 9, 10, 11, 12, 13, 14, 15, 16, 17, 18, 19, 20, 21, 22, 23, 24, 25, 26, 27, 28, 29]","[1.6029447317123413, 1.4327462911605835, 1.5875517129898071, 1.5090571641921997, 1.4901065826416016, 1.5964044332504272, 1.5296002626419067, 1.5185297727584839, 1.5523287057876587, 1.5213322639465332, 1.5964407920837402, 1.5011290311813354, 1.563817024230957, 1.5551813840866089, 1.577675700187683, 1.465524435043335, 1.487259030342102, 1.5556720495224, 1.5392050743103027, 1.53496515750885, 1.5105055570602417, 1.4506785869598389, 1.505170464515686, 1.4748352766036987, 1.5062750577926636, 1.4481306076049805, 1.5185588598251343, 1.4578163623809814, 1.54868483543396, 1.5125757455825806]",sae,Pre-64
1,beta,28,0.098,0.4589844236982603,0.4495627040154577,0.441683791686291,0.5,0.5987249917034086,0.6982203811691082,30,"[0, 1, 2, 3, 4, 5, 6, 7, 8, 9, 10, 11, 12, 13, 14, 15, 16, 17, 18, 19, 20, 21, 22, 23, 24, 25, 26, 27, 28, 29]","[1.4442760944366455, 1.3276197910308838, 1.3170803785324097, 1.536496639251709, 1.4905608892440796, 1.4743114709854126, 1.435139536857605, 1.3680788278579712, 1.4686901569366455, 1.5003795623779297, 1.4302629232406616, 1.4608203172683716, 1.5081474781036377, 1.5182199478149414, 1.4512321949005127, 1.3982734680175781, 1.433043360710144, 1.4894567728042603, 1.4641268253326416, 1.4642459154129028, 1.3988689184188843, 1.418959617614746, 1.4208974838256836, 1.3691186904907227, 1.4006503820419312, 1.4892175197601318, 1.5279960632324219, 1.411118984222412, 1.38987135887146, 1.4021662473678589]",sae,Pre-64
1,beta,18,0.092,0.4575117633693479,0.4471831599677374,0.4223096515807297,0.5,0.6052065040104606,0.7306422992595485,30,"[0, 1, 2, 3, 4, 5, 6, 7, 8, 9, 10, 11, 12, 13, 14, 15, 16, 17, 18, 19, 20, 21, 22, 23, 24, 25, 26, 27, 28, 29]","[1.2539808750152588, 1.403916835784912, 1.43265962600708, 1.356451392173767, 1.3627243041992188, 1.3726770877838135, 1.5397312641143799, 1.3361173868179321, 1.418762445449829, 1.3122142553329468, 1.505142331123352, 1.4055883884429932, 1.43215811252594, 1.4463086128234863, 1.3664844036102295, 1.3155946731567383, 1.4376440048217773, 1.3621703386306763, 1.3439279794692993, 1.2751156091690063, 1.5232874155044556, 1.3425147533416748, 1.4557363986968994, 1.418535828590393, 1.4053404331207275, 1.3855823278427124, 1.4166778326034546, 1.4522826671600342, 1.4268487691879272, 1.370737910270691]",sae,Pre-64
1,beta,6,0.1,0.4540822999211705,0.4457917896713532,0.4483560820513608,0.5,0.5933447799067053,0.6641742512877393,30,"[0, 1, 2, 3, 4, 5, 6, 7, 8, 9, 10, 11, 12, 13, 14, 15, 16, 17, 18, 19, 20, 21, 22, 23, 24, 25, 26, 27, 28, 29]","[1.4722847938537598, 1.507656216621399, 1.422062635421753, 1.5184884071350098, 1.4033557176589966, 1.4145721197128296, 1.4092854261398315, 1.4918345212936401, 1.4013298749923706, 1.5002293586730957, 1.4269628524780273, 1.3666328191757202, 1.4181076288223267, 1.3868287801742554, 1.21944260597229, 1.4964362382888794, 1.3827743530273438, 1.4596879482269287, 1.4446742534637451, 1.458211064338684, 1.4360580444335938, 1.398127555847168, 1.5086030960083008, 1.4416569471359253, 1.3819483518600464, 1.4491153955459595, 1.3994965553283691, 1.3838717937469482, 1.4459729194641113, 1.4713387489318848]",sae,Pre-64
1,beta,27,0.064,0.4609757262074365,0.4537266978541116,0.4612422194509557,0.5,0.5914172664146189,0.6603269652088882,30,"[0, 1, 2, 3, 4, 5, 6, 7, 8, 9, 10, 11, 12, 13, 14, 15, 16, 17, 18, 19, 20, 21, 22, 23, 24, 25, 26, 27, 28, 29]","[1.535005807876587, 1.6080067157745361, 1.5363656282424927, 1.5205748081207275, 1.588982343673706, 1.4971760511398315, 1.5990649461746216, 1.4640897512435913, 1.5691261291503906, 1.5781161785125732, 1.4838781356811523, 1.6109116077423096, 1.5236207246780396, 1.4835221767425537, 1.5227264165878296, 1.4360721111297607, 1.527431607246399, 1.5721607208251953, 1.5156956911087036, 1.5364972352981567, 1.602699637413025, 1.5381486415863037, 1.491052269935608, 1.4463249444961548, 1.5090174674987793, 1.6162488460540771, 1.5000914335250854, 1.5510519742965698, 1.4412468671798706, 1.5486466884613037]",sae,Pre-64
1,beta,16,0.086,0.4519396108125126,0.4401978349795346,0.4306557237159498,0.5,0.6159012314439947,0.7167573380566801,30,"[0, 1, 2, 3, 4, 5, 6, 7, 8, 9, 10, 11, 12, 13, 14, 15, 16, 17, 18, 19, 20, 21, 22, 23, 24, 25, 26, 27, 28, 29]","[1.2741498947143555, 1.2372825145721436, 1.2423536777496338, 1.3212064504623413, 1.3136589527130127, 1.256258487701416, 1.319476842880249, 1.2958039045333862, 1.2667802572250366, 1.321522831916809, 1.3219541311264038, 1.3054267168045044, 1.261438250541687, 1.2824532985687256, 1.2008051872253418, 1.2508294582366943, 1.330473780632019, 1.1569925546646118, 1.2681233882904053, 1.302954912185669, 1.3513103723526, 1.3189659118652344, 1.3246396780014038, 1.3152109384536743, 1.2049407958984375, 1.2937630414962769, 1.2155864238739014, 1.270136833190918, 1.2264779806137085, 1.2502113580703735]",sae,Pre-64
1,beta,48,0.085,0.4556814132376,0.4510566266980289,0.4877905096196381,0.5,0.5923878577171784,0.5906226289027552,30,"[0, 1, 2, 3, 4, 5, 6, 7, 8, 9, 10, 11, 12, 13, 14, 15, 16, 17, 18, 19, 20, 21, 22, 23, 24, 25, 26, 27, 28, 29]","[1.5246347188949585, 1.4706979990005493, 1.4571831226348877, 1.4460450410842896, 1.4176180362701416, 1.3669873476028442, 1.4629348516464233, 1.3872129917144775, 1.4193509817123413, 1.4126594066619873, 1.4862236976623535, 1.427152156829834, 1.445847511291504, 1.4266526699066162, 1.3796358108520508, 1.4671467542648315, 1.488876461982727, 1.4677876234054565, 1.4983104467391968, 1.3444584608078003, 1.4213813543319702, 1.5068717002868652, 1.508966326713562, 1.3314546346664429, 1.4279016256332397, 1.4819471836090088, 1.5027799606323242, 1.498306393623352, 1.4254366159439087, 1.4552124738693237]",sae,Pre-64
1,beta,29,0.072,0.4558655961502112,0.4409050416793991,0.455296836327014,0.5,0.6296548282533407,0.671945223298381,30,"[0, 1, 2, 3, 4, 5, 6, 7, 8, 9, 10, 11, 12, 13, 14, 15, 16, 17, 18, 19, 20, 21, 22, 23, 24, 25, 26, 27, 28, 29]","[1.3930611610412598, 1.3538326025009155, 1.1735081672668457, 1.4575934410095215, 1.3851172924041748, 1.3580796718597412, 1.4726502895355225, 1.3539098501205444, 1.4397574663162231, 1.463431715965271, 1.3863942623138428, 1.4315130710601807, 1.4484361410140991, 1.4257476329803467, 1.4049221277236938, 1.4247629642486572, 1.3557302951812744, 1.3876941204071045, 1.3538181781768799, 1.3967359066009521, 1.4750232696533203, 1.4909756183624268, 1.3796175718307495, 1.3922570943832397, 1.4033671617507935, 1.328151822090149, 1.3875809907913208, 1.470068097114563, 1.5107685327529907, 1.3621740341186523]",sae,Pre-64
1,beta,9,0.07,0.448644851968101,0.4348910401892977,0.449261920347307,0.5,0.6286670530281078,0.6739119095914227,30,"[0, 1, 2, 3, 4, 5, 6, 7, 8, 9, 10, 11, 12, 13, 14, 15, 16, 17, 18, 19, 20, 21, 22, 23, 24, 25, 26, 27, 28, 29]","[1.5805374383926392, 1.4798929691314697, 1.5806443691253662, 1.5523654222488403, 1.470382571220398, 1.311457633972168, 1.5611950159072876, 1.489819049835205, 1.5832347869873047, 1.4185314178466797, 1.5315361022949219, 1.4921584129333496, 1.486104130744934, 1.5264116525650024, 1.6045656204223633, 1.5061101913452148, 1.4710571765899658, 1.560491919517517, 1.591265082359314, 1.4499256610870361, 1.5712660551071167, 1.5884095430374146, 1.4609849452972412, 1.576995611190796, 1.5750081539154053, 1.5679761171340942, 1.4164296388626099, 1.3942641019821167, 1.466665267944336, 1.598789930343628]",sae,Pre-64
1,beta,41,0.064,0.4543678569363413,0.4427951465832617,0.454660100865127,0.5,0.6190905384235713,0.6764036424243725,30,"[0, 1, 2, 3, 4, 5, 6, 7, 8, 9, 10, 11, 12, 13, 14, 15, 16, 17, 18, 19, 20, 21, 22, 23, 24, 25, 26, 27, 28, 29]","[1.4690330028533936, 1.5617753267288208, 1.502748727798462, 1.425162672996521, 1.437617301940918, 1.6057859659194946, 1.4613999128341675, 1.5248959064483643, 1.4930652379989624, 1.5892096757888794, 1.5812318325042725, 1.518372893333435, 1.521462082862854, 1.5895987749099731, 1.589533805847168, 1.5045896768569946, 1.5012813806533813, 1.5382661819458008, 1.5756088495254517, 1.538348913192749, 1.450052261352539, 1.502413034439087, 1.506672739982605, 1.5265384912490845, 1.5016082525253296, 1.4830536842346191, 1.5616499185562134, 1.5745002031326294, 1.532533049583435, 1.4538301229476929]",sae,Pre-64
1,beta,8,0.082,0.4517491928182039,0.4406431065890545,0.4394640772832255,0.5,0.6098144493254953,0.6783585520963761,30,"[0, 1, 2, 3, 4, 5, 6, 7, 8, 9, 10, 11, 12, 13, 14, 15, 16, 17, 18, 19, 20, 21, 22, 23, 24, 25, 26, 27, 28, 29]","[1.388951063156128, 1.5007686614990234, 1.4175468683242798, 1.448653221130371, 1.509652853012085, 1.4450619220733643, 1.4935309886932373, 1.405702829360962, 1.452041506767273, 1.5012651681900024, 1.5094521045684814, 1.4332964420318604, 1.4168308973312378, 1.4498618841171265, 1.4787412881851196, 1.3942726850509644, 1.4159650802612305, 1.4519187211990356, 1.3625015020370483, 1.4320473670959473, 1.4049607515335083, 1.380715012550354, 1.4841854572296143, 1.4166321754455566, 1.4837384223937988, 1.487816333770752, 1.3854541778564453, 1.483453392982483, 1.454333782196045, 1.454480528831482]",sae,Pre-64
1,beta,24,0.078,0.4501416387440968,0.4383559369047743,0.4491915155530903,0.5,0.6188330126613704,0.6423985228401192,30,"[0, 1, 2, 3, 4, 5, 6, 7, 8, 9, 10, 11, 12, 13, 14, 15, 16, 17, 18, 19, 20, 21, 22, 23, 24, 25, 26, 27, 28, 29]","[1.4941400289535522, 1.4013444185256958, 1.425702452659607, 1.5036427974700928, 1.508979082107544, 1.4197465181350708, 1.4276777505874634, 1.4270045757293701, 1.4696234464645386, 1.3554099798202515, 1.459342360496521, 1.4077956676483154, 1.5028244256973267, 1.4878764152526855, 1.4259073734283447, 1.3964438438415527, 1.5095685720443726, 1.3019143342971802, 1.4017232656478882, 1.5113742351531982, 1.4860132932662964, 1.5046989917755127, 1.405089020729065, 1.4656444787979126, 1.384257435798645, 1.3482147455215454, 1.45950186252594, 1.3822851181030273, 1.5134382247924805, 1.418616771697998]",sae,Pre-64
1,beta,23,0.058,0.4478205607315014,0.4344954522622479,0.4346328176059194,0.5,0.6150139710231751,0.6750038955478803,30,"[0, 1, 2, 3, 4, 5, 6, 7, 8, 9, 10, 11, 12, 13, 14, 15, 16, 17, 18, 19, 20, 21, 22, 23, 24, 25, 26, 27, 28, 29]","[1.3977149724960327, 1.457032322883606, 1.4360483884811401, 1.5483169555664062, 1.3274924755096436, 1.3936138153076172, 1.529632568359375, 1.420936942100525, 1.3961957693099976, 1.530773639678955, 1.5358506441116333, 1.4905877113342285, 1.4797993898391724, 1.374780297279358, 1.4683083295822144, 1.5276588201522827, 1.2202725410461426, 1.4334406852722168, 1.3786275386810303, 1.4105852842330933, 1.525560975074768, 1.547809362411499, 1.3986300230026245, 1.5407495498657227, 1.533569574356079, 1.4411652088165283, 1.3969054222106934, 1.4382832050323486, 1.4406752586364746, 1.549203872680664]",sae,Pre-64
1,beta,44,0.08,0.4469012312759677,0.43811650775401,0.4601355057397629,0.5,0.5982762074796864,0.6212031488454037,30,"[0, 1, 2, 3, 4, 5, 6, 7, 8, 9, 10, 11, 12, 13, 14, 15, 16, 17, 18, 19, 20, 21, 22, 23, 24, 25, 26, 27, 28, 29]","[1.4690611362457275, 1.4648475646972656, 1.426376461982727, 1.4320794343948364, 1.4592396020889282, 1.5264408588409424, 1.5142905712127686, 1.4120583534240723, 1.4806056022644043, 1.5535531044006348, 1.4662559032440186, 1.4548015594482422, 1.4699456691741943, 1.432350516319275, 1.5446903705596924, 1.5474073886871338, 1.40485417842865, 1.3199950456619263, 1.4822001457214355, 1.4718968868255615, 1.4278819561004639, 1.4070056676864624, 1.4688076972961426, 1.4677104949951172, 1.5233371257781982, 1.4279705286026, 1.442518711090088, 1.4625483751296997, 1.472286581993103, 1.4752205610275269]",sae,Pre-64
1,beta,7,0.088,0.4564836922581216,0.4420418003909208,0.4378352753830061,0.5,0.6095136152062148,0.700984446714997,30,"[0, 1, 2, 3, 4, 5, 6, 7, 8, 9, 10, 11, 12, 13, 14, 15, 16, 17, 18, 19, 20, 21, 22, 23, 24, 25, 26, 27, 28, 29]","[1.362515926361084, 1.404854416847229, 1.420331358909607, 1.3836654424667358, 1.4356993436813354, 1.3930776119232178, 1.3510706424713135, 1.3961857557296753, 1.4917247295379639, 1.4004706144332886, 1.3210852146148682, 1.362593650817871, 1.3262436389923096, 1.3458157777786255, 1.503080129623413, 1.4161275625228882, 1.3509467840194702, 1.3318727016448975, 1.437040090560913, 1.4352662563323975, 1.3994587659835815, 1.4139326810836792, 1.4207959175109863, 1.3680541515350342, 1.4571473598480225, 1.4372260570526123, 1.3820183277130127, 1.2795169353485107, 1.4775394201278687, 1.365519642829895]",sae,Pre-64
1,beta,17,0.095,0.4599327030141671,0.4513468217402507,0.4455030100696142,0.5,0.6120635717004715,0.6968151435642914,30,"[0, 1, 2, 3, 4, 5, 6, 7, 8, 9, 10, 11, 12, 13, 14, 15, 16, 17, 18, 19, 20, 21, 22, 23, 24, 25, 26, 27, 28, 29]","[1.5240633487701416, 1.4003833532333374, 1.4347169399261475, 1.4583560228347778, 1.539482831954956, 1.4219970703125, 1.485023856163025, 1.3292049169540405, 1.4428796768188477, 1.453179121017456, 1.5072141885757446, 1.5160303115844727, 1.4507195949554443, 1.5295684337615967, 1.452484130859375, 1.4539259672164917, 1.5236824750900269, 1.453118920326233, 1.5064674615859985, 1.4739513397216797, 1.3954883813858032, 1.4720008373260498, 1.3123955726623535, 1.4405423402786255, 1.4501333236694336, 1.4444818496704102, 1.41696035861969, 1.4513914585113525, 1.417216181755066, 1.5073376893997192]",sae,Pre-64
1,beta,42,0.084,0.4546678683050885,0.4407690563496341,0.4548442059288243,0.5,0.6336081445133979,0.6612290734593737,30,"[0, 1, 2, 3, 4, 5, 6, 7, 8, 9, 10, 11, 12, 13, 14, 15, 16, 17, 18, 19, 20, 21, 22, 23, 24, 25, 26, 27, 28, 29]","[1.5519596338272095, 1.4122732877731323, 1.5555524826049805, 1.555678367614746, 1.489788293838501, 1.5416462421417236, 1.4841066598892212, 1.4447566270828247, 1.421470046043396, 1.5569990873336792, 1.5281057357788086, 1.571894884109497, 1.4415385723114014, 1.2264031171798706, 1.572621464729309, 1.4675129652023315, 1.4071333408355713, 1.3885334730148315, 1.5244779586791992, 1.5418165922164917, 1.4584420919418335, 1.4473018646240234, 1.462287187576294, 1.4093886613845825, 1.4489622116088867, 1.4188824892044067, 1.5770765542984009, 1.4136906862258911, 1.489731788635254, 1.4038197994232178]",sae,Pre-64
1,beta,47,0.076,0.4460371044958436,0.4257646434940195,0.4058123211574586,0.5,0.6434257056516428,0.7328795087764417,30,"[0, 1, 2, 3, 4, 5, 6, 7, 8, 9, 10, 11, 12, 13, 14, 15, 16, 17, 18, 19, 20, 21, 22, 23, 24, 25, 26, 27, 28, 29]","[1.5537611246109009, 1.3962199687957764, 1.3955632448196411, 1.4086154699325562, 1.5011579990386963, 1.532860279083252, 1.4855258464813232, 1.5128761529922485, 1.4973101615905762, 1.4219261407852173, 1.432271957397461, 1.371375560760498, 1.4125778675079346, 1.55391526222229, 1.3784945011138916, 1.5214340686798096, 1.4263898134231567, 1.497304916381836, 1.3400707244873047, 1.3777977228164673, 1.424943447113037, 1.4760359525680542, 1.51553213596344, 1.3923863172531128, 1.486722469329834, 1.3744828701019287, 1.3270517587661743, 1.4884734153747559, 1.3746155500411987, 1.458367943763733]",sae,Pre-64
1,beta,33,0.054,0.4492211383258522,0.4377959816952598,0.4332490358369448,0.5,0.6165210074526608,0.693466547876628,30,"[0, 1, 2, 3, 4, 5, 6, 7, 8, 9, 10, 11, 12, 13, 14, 15, 16, 17, 18, 19, 20, 21, 22, 23, 24, 25, 26, 27, 28, 29]","[1.5455772876739502, 1.6078227758407593, 1.5530800819396973, 1.5208927392959595, 1.4653842449188232, 1.6281116008758545, 1.466697096824646, 1.5985238552093506, 1.589974284172058, 1.5982917547225952, 1.5360952615737915, 1.6152058839797974, 1.571736216545105, 1.464246392250061, 1.5200566053390503, 1.581729769706726, 1.5019375085830688, 1.4994230270385742, 1.6133911609649658, 1.6180667877197266, 1.5225857496261597, 1.4489415884017944, 1.6254370212554932, 1.5593924522399902, 1.6206260919570923, 1.5270055532455444, 1.498415231704712, 1.4670032262802124, 1.4409940242767334, 1.5038295984268188]",sae,Pre-64
1,beta,35,0.074,0.4566193215888805,0.4379483378046387,0.4343236330246552,0.5,0.637290178651746,0.7144375678414863,30,"[0, 1, 2, 3, 4, 5, 6, 7, 8, 9, 10, 11, 12, 13, 14, 15, 16, 17, 18, 19, 20, 21, 22, 23, 24, 25, 26, 27, 28, 29]","[1.451738953590393, 1.5182243585586548, 1.5822824239730835, 1.5117688179016113, 1.52508544921875, 1.4893696308135986, 1.4379456043243408, 1.5986696481704712, 1.6142984628677368, 1.506428837776184, 1.5769013166427612, 1.4280943870544434, 1.500572919845581, 1.4081087112426758, 1.497562289237976, 1.455073595046997, 1.585205078125, 1.4300363063812256, 1.5349934101104736, 1.4357929229736328, 1.456592321395874, 1.4479507207870483, 1.4653674364089966, 1.4350159168243408, 1.482089638710022, 1.5280040502548218, 1.4586788415908813, 1.538918375968933, 1.593408465385437, 1.5317959785461426]",sae,Pre-64
1,beta,21,0.052,0.4504746503440228,0.4381370334360364,0.4404161201637267,0.5,0.6200058082774133,0.6872628801641147,30,"[0, 1, 2, 3, 4, 5, 6, 7, 8, 9, 10, 11, 12, 13, 14, 15, 16, 17, 18, 19, 20, 21, 22, 23, 24, 25, 26, 27, 28, 29]","[1.4510654211044312, 1.5017207860946655, 1.6263564825057983, 1.6210527420043945, 1.6017614603042603, 1.5825955867767334, 1.4962027072906494, 1.504958152770996, 1.610762119293213, 1.5229119062423706, 1.600857138633728, 1.6092404127120972, 1.4882861375808716, 1.515350341796875, 1.5113461017608643, 1.5049947500228882, 1.5060356855392456, 1.517404317855835, 1.4482367038726807, 1.617911696434021, 1.4431371688842773, 1.6258740425109863, 1.4380370378494263, 1.456050992012024, 1.511579990386963, 1.4696141481399536, 1.4370168447494507, 1.4918581247329712, 1.579247236251831, 1.5641472339630127]",sae,Pre-64
1,beta,13,0.075,0.4619123366083722,0.4531466051409948,0.4416615245927621,0.5,0.6127276801885291,0.7101930533493637,30,"[0, 1, 2, 3, 4, 5, 6, 7, 8, 9, 10, 11, 12, 13, 14, 15, 16, 17, 18, 19, 20, 21, 22, 23, 24, 25, 26, 27, 28, 29]","[1.5995666980743408, 1.4293957948684692, 1.5841714143753052, 1.5056565999984741, 1.486703634262085, 1.5930341482162476, 1.5262160301208496, 1.515129566192627, 1.5489702224731445, 1.5179333686828613, 1.5930532217025757, 1.4977340698242188, 1.5604681968688965, 1.5518113374710083, 1.574312448501587, 1.4621162414550781, 1.4838712215423584, 1.5522782802581787, 1.535833477973938, 1.5316133499145508, 1.5071357488632202, 1.447291612625122, 1.501836895942688, 1.471417784690857, 1.5029103755950928, 1.4447392225265503, 1.515194296836853, 1.4543932676315308, 1.5453379154205322, 1.5091567039489746]",sae,Pre-64
1,beta,1,0.098,0.4560357198099471,0.4497423189216591,0.4463079269061641,0.5,0.5964054457666336,0.6820120295603721,30,"[0, 1, 2, 3, 4, 5, 6, 7, 8, 9, 10, 11, 12, 13, 14, 15, 16, 17, 18, 19, 20, 21, 22, 23, 24, 25, 26, 27, 28, 29]","[1.4094191789627075, 1.3101494312286377, 1.3630520105361938, 1.2500883340835571, 1.345757007598877, 1.2728615999221802, 1.2807749509811401, 1.3476741313934326, 1.2540310621261597, 1.309975504875183, 1.3086740970611572, 1.3515212535858154, 1.402341604232788, 1.2793251276016235, 1.399711012840271, 1.2313358783721924, 1.2545901536941528, 1.3088997602462769, 1.3798165321350098, 1.4102671146392822, 1.3989439010620117, 1.3596391677856445, 1.3340927362442017, 1.304530382156372, 1.2718290090560913, 1.2956130504608154, 1.324042558670044, 1.329229712486267, 1.4115632772445679, 1.333940863609314]",sae,Pre-64
1,beta,24,0.094,0.4501416387440968,0.4383559369047743,0.4491647604964981,0.5,0.6188330126613704,0.6423721449851043,30,"[0, 1, 2, 3, 4, 5, 6, 7, 8, 9, 10, 11, 12, 13, 14, 15, 16, 17, 18, 19, 20, 21, 22, 23, 24, 25, 26, 27, 28, 29]","[1.4911065101623535, 1.39827299118042, 1.4226398468017578, 1.500605821609497, 1.5059374570846558, 1.4166948795318604, 1.4246091842651367, 1.423958420753479, 1.466579556465149, 1.352391242980957, 1.4562805891036987, 1.404747724533081, 1.4998012781143188, 1.4848271608352661, 1.4228551387786865, 1.3933717012405396, 1.506528377532959, 1.2988946437835693, 1.3986715078353882, 1.5083303451538086, 1.4829657077789307, 1.501654863357544, 1.4020191431045532, 1.462597131729126, 1.3812061548233032, 1.3451719284057617, 1.4564539194107056, 1.3792310953140259, 1.5103976726531982, 1.4155486822128296]",sae,Pre-64
1,beta,7,0.062,0.4564836922581216,0.4420418003909208,0.4406884864630537,0.5,0.6095136152062148,0.7015594567776731,30,"[0, 1, 2, 3, 4, 5, 6, 7, 8, 9, 10, 11, 12, 13, 14, 15, 16, 17, 18, 19, 20, 21, 22, 23, 24, 25, 26, 27, 28, 29]","[1.4890263080596924, 1.5557140111923218, 1.5805063247680664, 1.5523980855941772, 1.5860077142715454, 1.5371884107589722, 1.5336822271347046, 1.53899347782135, 1.649460792541504, 1.5490623712539673, 1.4647834300994873, 1.519313931465149, 1.4681403636932373, 1.4998506307601929, 1.6569130420684814, 1.5703741312026978, 1.4970310926437378, 1.5044118165969849, 1.5931047201156616, 1.580668330192566, 1.5583614110946655, 1.607761025428772, 1.6050057411193848, 1.518079400062561, 1.6391322612762451, 1.6338378190994263, 1.508386254310608, 1.4676244258880615, 1.6253762245178223, 1.5006977319717407]",sae,Pre-64
1,beta,30,0.095,0.4638407167611665,0.4544841508273655,0.4397907401303582,0.5,0.6043368975359404,0.6949351391535378,30,"[0, 1, 2, 3, 4, 5, 6, 7, 8, 9, 10, 11, 12, 13, 14, 15, 16, 17, 18, 19, 20, 21, 22, 23, 24, 25, 26, 27, 28, 29]","[1.5264664888381958, 1.4952815771102905, 1.50655996799469, 1.4470311403274536, 1.459909200668335, 1.4383034706115723, 1.4490985870361328, 1.4254491329193115, 1.4181702136993408, 1.436558723449707, 1.500984787940979, 1.4311604499816895, 1.406855821609497, 1.4289356470108032, 1.4959057569503784, 1.499912977218628, 1.4180620908737183, 1.4397591352462769, 1.5216410160064697, 1.4462255239486694, 1.4229645729064941, 1.388220191001892, 1.4871740341186523, 1.4420791864395142, 1.5578738451004028, 1.4346845149993896, 1.4600577354431152, 1.4300044775009155, 1.4972121715545654, 1.4525246620178223]",sae,Pre-64
1,beta,45,0.095,0.4515599815008028,0.4347157609968581,0.4471682480000817,0.5,0.6289673345145609,0.6764602547211244,30,"[0, 1, 2, 3, 4, 5, 6, 7, 8, 9, 10, 11, 12, 13, 14, 15, 16, 17, 18, 19, 20, 21, 22, 23, 24, 25, 26, 27, 28, 29]","[1.5419176816940308, 1.5337642431259155, 1.4270540475845337, 1.6069648265838623, 1.6029579639434814, 1.4591439962387085, 1.6145132780075073, 1.5905712842941284, 1.469625473022461, 1.4298994541168213, 1.5393564701080322, 1.6184701919555664, 1.572910189628601, 1.4874929189682007, 1.4973087310791016, 1.5155144929885864, 1.5291149616241455, 1.403368592262268, 1.528767466545105, 1.5211284160614014, 1.5721105337142944, 1.4702032804489136, 1.5820434093475342, 1.4497028589248657, 1.4291086196899414, 1.608142614364624, 1.4615521430969238, 1.4768550395965576, 1.4042481184005737, 1.6089253425598145]",sae,Pre-64
1,beta,34,0.1,0.4568527557813058,0.4470225010708758,0.4459828801846556,0.5,0.6011606799053854,0.6769913810324811,30,"[0, 1, 2, 3, 4, 5, 6, 7, 8, 9, 10, 11, 12, 13, 14, 15, 16, 17, 18, 19, 20, 21, 22, 23, 24, 25, 26, 27, 28, 29]","[1.3149957656860352, 1.3982963562011719, 1.4013599157333374, 1.3508723974227905, 1.3107622861862183, 1.3159372806549072, 1.3526935577392578, 1.2666233777999878, 1.2872655391693115, 1.3204050064086914, 1.373382806777954, 1.1791372299194336, 1.3810189962387085, 1.2681552171707153, 1.281620979309082, 1.3103276491165161, 1.3945566415786743, 1.416606068611145, 1.3313987255096436, 1.3077460527420044, 1.3333005905151367, 1.415835976600647, 1.3478912115097046, 1.3647713661193848, 1.311939001083374, 1.2559762001037598, 1.4298006296157837, 1.4113181829452515, 1.4022895097732544, 1.3817723989486694]",sae,Pre-64
1,beta,20,0.074,0.4408022875601419,0.4262939306313442,0.4359284170975152,0.5,0.6176087118064704,0.6504772713454796,30,"[0, 1, 2, 3, 4, 5, 6, 7, 8, 9, 10, 11, 12, 13, 14, 15, 16, 17, 18, 19, 20, 21, 22, 23, 24, 25, 26, 27, 28, 29]","[1.4363662004470825, 1.5071156024932861, 1.4444555044174194, 1.5511200428009033, 1.4988881349563599, 1.5170539617538452, 1.5137088298797607, 1.4345245361328125, 1.480658769607544, 1.4392930269241333, 1.4525327682495117, 1.4452329874038696, 1.563218116760254, 1.3952984809875488, 1.4510397911071777, 1.5501031875610352, 1.441369652748108, 1.4129724502563477, 1.481648325920105, 1.4809603691101074, 1.4750779867172241, 1.3822791576385498, 1.500677466392517, 1.5552490949630737, 1.5199096202850342, 1.4070435762405396, 1.4508558511734009, 1.4930251836776733, 1.4055593013763428, 1.554004430770874]",sae,Pre-64
1,beta,36,0.082,0.4642138821845151,0.4576483090311837,0.4619712390957754,0.5,0.6031055233182893,0.6742656583082114,30,"[0, 1, 2, 3, 4, 5, 6, 7, 8, 9, 10, 11, 12, 13, 14, 15, 16, 17, 18, 19, 20, 21, 22, 23, 24, 25, 26, 27, 28, 29]","[1.5168030261993408, 1.5082106590270996, 1.4281584024429321, 1.5093178749084473, 1.386720061302185, 1.5377724170684814, 1.435126543045044, 1.4796096086502075, 1.5500229597091675, 1.4027745723724365, 1.4370756149291992, 1.5388855934143066, 1.4283415079116821, 1.464084267616272, 1.4745755195617676, 1.5521433353424072, 1.504379391670227, 1.4881409406661987, 1.5469783544540405, 1.4208638668060303, 1.462827444076538, 1.4529106616973877, 1.4583704471588135, 1.4348983764648438, 1.5319666862487793, 1.5127413272857666, 1.4441001415252686, 1.4945358037948608, 1.5296316146850586, 1.4232301712036133]",sae,Pre-64
1,beta,22,0.082,0.4519005213187685,0.4442985770479847,0.444397722916087,0.5,0.5939599289403404,0.6801477076200897,30,"[0, 1, 2, 3, 4, 5, 6, 7, 8, 9, 10, 11, 12, 13, 14, 15, 16, 17, 18, 19, 20, 21, 22, 23, 24, 25, 26, 27, 28, 29]","[1.4146491289138794, 1.460442304611206, 1.4735263586044312, 1.4950625896453857, 1.535265564918518, 1.4350330829620361, 1.4441360235214233, 1.425010323524475, 1.420648217201233, 1.470918893814087, 1.4188951253890991, 1.528580665588379, 1.4614644050598145, 1.5148216485977173, 1.3794878721237183, 1.5010762214660645, 1.5126489400863647, 1.4655444622039795, 1.3976571559906006, 1.4068135023117065, 1.4859180450439453, 1.484359622001648, 1.4856905937194824, 1.436146855354309, 1.488031268119812, 1.520923137664795, 1.420888900756836, 1.4091795682907104, 1.549837350845337, 1.3899515867233276]",sae,Pre-64
1,beta,18,0.076,0.4575117633693479,0.4471831599677374,0.4242195923236612,0.5,0.6052065040104606,0.7328531257485762,30,"[0, 1, 2, 3, 4, 5, 6, 7, 8, 9, 10, 11, 12, 13, 14, 15, 16, 17, 18, 19, 20, 21, 22, 23, 24, 25, 26, 27, 28, 29]","[1.3685053586959839, 1.5391731262207031, 1.5588688850402832, 1.4554258584976196, 1.4732780456542969, 1.4880889654159546, 1.6677109003067017, 1.4442352056503296, 1.553227186203003, 1.4292490482330322, 1.638567328453064, 1.5262638330459595, 1.5559000968933105, 1.5593047142028809, 1.4873895645141602, 1.4458873271942139, 1.5431848764419556, 1.4777201414108276, 1.4603698253631592, 1.4026514291763306, 1.6547927856445312, 1.4669653177261353, 1.5893179178237915, 1.5481468439102173, 1.5250725746154785, 1.4922832250595093, 1.536429762840271, 1.5877059698104858, 1.5421963930130005, 1.4826552867889404]",sae,Pre-64
1,beta,23,0.07,0.4478205607315014,0.4344954522622479,0.4346129321512137,0.5,0.6150139710231751,0.6749827158700838,30,"[0, 1, 2, 3, 4, 5, 6, 7, 8, 9, 10, 11, 12, 13, 14, 15, 16, 17, 18, 19, 20, 21, 22, 23, 24, 25, 26, 27, 28, 29]","[1.3953351974487305, 1.454671025276184, 1.4337100982666016, 1.5459661483764648, 1.3251361846923828, 1.391247272491455, 1.5272767543792725, 1.4185559749603271, 1.3938345909118652, 1.5283946990966797, 1.5334841012954712, 1.4882148504257202, 1.4774326086044312, 1.3724238872528076, 1.4659403562545776, 1.5252890586853027, 1.2178696393966675, 1.4310742616653442, 1.3762346506118774, 1.408206820487976, 1.5231895446777344, 1.5454521179199219, 1.396248698234558, 1.5383936166763306, 1.5312166213989258, 1.4387753009796143, 1.3945343494415283, 1.4359347820281982, 1.4383132457733154, 1.5468392372131348]",sae,Pre-64
1,beta,16,0.08,0.4519396108125126,0.4401978349795346,0.430658993507362,0.5,0.6159012314439947,0.7167603503952189,30,"[0, 1, 2, 3, 4, 5, 6, 7, 8, 9, 10, 11, 12, 13, 14, 15, 16, 17, 18, 19, 20, 21, 22, 23, 24, 25, 26, 27, 28, 29]","[1.2743841409683228, 1.2375178337097168, 1.2425881624221802, 1.3214401006698608, 1.3138926029205322, 1.2564929723739624, 1.319710612297058, 1.2960387468338013, 1.2670130729675293, 1.3217564821243286, 1.3221874237060547, 1.305660367012024, 1.2616722583770752, 1.2826869487762451, 1.2010387182235718, 1.2510628700256348, 1.330706000328064, 1.1572269201278687, 1.2683563232421875, 1.3031880855560303, 1.3515434265136719, 1.3191999197006226, 1.3248730897903442, 1.315445065498352, 1.2051734924316406, 1.2939974069595337, 1.2158197164535522, 1.270369291305542, 1.226710557937622, 1.250446081161499]",sae,Pre-64
1,beta,19,0.065,0.4469965829377276,0.435497383761294,0.4159720133814697,0.5,0.6104665954706788,0.7125404403681252,30,"[0, 1, 2, 3, 4, 5, 6, 7, 8, 9, 10, 11, 12, 13, 14, 15, 16, 17, 18, 19, 20, 21, 22, 23, 24, 25, 26, 27, 28, 29]","[1.4688408374786377, 1.4816960096359253, 1.5662304162979126, 1.4993464946746826, 1.442730188369751, 1.4480924606323242, 1.4820469617843628, 1.5632624626159668, 1.4436213970184326, 1.5795809030532837, 1.5940133333206177, 1.6064724922180176, 1.4815436601638794, 1.4779449701309204, 1.4207313060760498, 1.440651535987854, 1.567131757736206, 1.5932949781417847, 1.4301726818084717, 1.4509729146957397, 1.6170343160629272, 1.466707706451416, 1.4830089807510376, 1.4572187662124634, 1.448375940322876, 1.5807119607925415, 1.5819200277328491, 1.4886956214904785, 1.4707472324371338, 1.4367995262145996]",sae,Pre-64
1,beta,47,0.065,0.4460371044958436,0.4257646434940195,0.4058244016409928,0.5,0.6434257056516428,0.7328714717417861,30,"[0, 1, 2, 3, 4, 5, 6, 7, 8, 9, 10, 11, 12, 13, 14, 15, 16, 17, 18, 19, 20, 21, 22, 23, 24, 25, 26, 27, 28, 29]","[1.5559377670288086, 1.3983732461929321, 1.397756814956665, 1.4107787609100342, 1.5033341646194458, 1.535040259361267, 1.4877079725265503, 1.515030026435852, 1.4994707107543945, 1.4241119623184204, 1.434455156326294, 1.373546838760376, 1.4147483110427856, 1.5560911893844604, 1.380649209022522, 1.5235949754714966, 1.4285491704940796, 1.4994781017303467, 1.3422259092330933, 1.3799904584884644, 1.4271128177642822, 1.4782235622406006, 1.5176846981048584, 1.3945677280426025, 1.4889048337936401, 1.376629114151001, 1.3292182683944702, 1.4906342029571533, 1.3768194913864136, 1.4605516195297241]",sae,Pre-64
1,beta,35,0.062,0.4566193215888805,0.4379483378046387,0.4343822458060812,0.5,0.637290178651746,0.7144465633976815,30,"[0, 1, 2, 3, 4, 5, 6, 7, 8, 9, 10, 11, 12, 13, 14, 15, 16, 17, 18, 19, 20, 21, 22, 23, 24, 25, 26, 27, 28, 29]","[1.4562393426895142, 1.5227470397949219, 1.5867871046066284, 1.5162996053695679, 1.529586911201477, 1.4939168691635132, 1.4424388408660889, 1.603187084197998, 1.6187959909439087, 1.5109643936157227, 1.581389307975769, 1.4326497316360474, 1.5051261186599731, 1.412583351135254, 1.5021045207977295, 1.4595887660980225, 1.5897202491760254, 1.4345793724060059, 1.539544701576233, 1.440287709236145, 1.4611023664474487, 1.4524372816085815, 1.4699318408966064, 1.4394991397857666, 1.486609935760498, 1.532503604888916, 1.463193416595459, 1.5434727668762207, 1.5978889465332031, 1.5363317728042603]",sae,Pre-64
1,beta,40,0.105,0.44666181227492,0.4340193094910912,0.4316243992858471,0.5,0.6093636266731638,0.6691041435075911,30,"[0, 1, 2, 3, 4, 5, 6, 7, 8, 9, 10, 11, 12, 13, 14, 15, 16, 17, 18, 19, 20, 21, 22, 23, 24, 25, 26, 27, 28, 29]","[1.3560954332351685, 1.2996875047683716, 1.2987983226776123, 1.2390085458755493, 1.271859049797058, 1.3024773597717285, 1.3045614957809448, 1.315041422843933, 1.3299431800842285, 1.3348368406295776, 1.2777040004730225, 1.2848604917526245, 1.3515788316726685, 1.2396403551101685, 1.2577513456344604, 1.3690475225448608, 1.2673711776733398, 1.3049806356430054, 1.2572060823440552, 1.2534443140029907, 1.2637972831726074, 1.2735183238983154, 1.3285574913024902, 1.2927167415618896, 1.3421251773834229, 1.2718476057052612, 1.33586585521698, 1.2360812425613403, 1.3773881196975708, 1.2651808261871338]",sae,Pre-64
1,beta,23,0.096,0.4478205607315014,0.4344954522622479,0.4345698667373943,0.5,0.6150139710231751,0.674955484855774,30,"[0, 1, 2, 3, 4, 5, 6, 7, 8, 9, 10, 11, 12, 13, 14, 15, 16, 17, 18, 19, 20, 21, 22, 23, 24, 25, 26, 27, 28, 29]","[1.39017915725708, 1.4495559930801392, 1.4286452531814575, 1.5408741235733032, 1.3200325965881348, 1.3861199617385864, 1.5221734046936035, 1.413397192955017, 1.3887197971343994, 1.5232409238815308, 1.528356671333313, 1.4830749034881592, 1.4723063707351685, 1.3673198223114014, 1.4608100652694702, 1.5201561450958252, 1.2126655578613281, 1.4259483814239502, 1.371051549911499, 1.4030548334121704, 1.5180517435073853, 1.540347933769226, 1.391089677810669, 1.5332896709442139, 1.526119589805603, 1.433598279953003, 1.3893979787826538, 1.4308480024337769, 1.433198094367981, 1.5417168140411377]",sae,Pre-64
1,beta,12,0.105,0.4455148672091349,0.4361346773072694,0.4119486201456163,0.5,0.5892778403611032,0.7320348202196597,30,"[0, 1, 2, 3, 4, 5, 6, 7, 8, 9, 10, 11, 12, 13, 14, 15, 16, 17, 18, 19, 20, 21, 22, 23, 24, 25, 26, 27, 28, 29]","[1.3691611289978027, 1.4768116474151611, 1.3859494924545288, 1.2857134342193604, 1.4740324020385742, 1.4098483324050903, 1.4034775495529175, 1.4556217193603516, 1.4909484386444092, 1.361928939819336, 1.363763451576233, 1.5321012735366821, 1.3902291059494019, 1.462682843208313, 1.347909688949585, 1.5358024835586548, 1.3203760385513306, 1.5142370462417603, 1.435734748840332, 1.528359055519104, 1.4921083450317383, 1.4386284351348877, 1.3901798725128174, 1.5344775915145874, 1.5119999647140503, 1.380748987197876, 1.5125046968460083, 1.457581877708435, 1.4110833406448364, 1.5429929494857788]",sae,Pre-64
1,beta,2,0.095,0.4419681213812466,0.4306250660512843,0.4254948413930641,0.5,0.6028191218064636,0.6887519126443178,30,"[0, 1, 2, 3, 4, 5, 6, 7, 8, 9, 10, 11, 12, 13, 14, 15, 16, 17, 18, 19, 20, 21, 22, 23, 24, 25, 26, 27, 28, 29]","[1.302107572555542, 1.3157039880752563, 1.2974551916122437, 1.3595794439315796, 1.3018687963485718, 1.3792994022369385, 1.3200918436050415, 1.3302385807037354, 1.2693332433700562, 1.2809863090515137, 1.3192672729492188, 1.2751069068908691, 1.3355854749679565, 1.3859390020370483, 1.357398509979248, 1.3136893510818481, 1.3648756742477417, 1.4167217016220093, 1.4097425937652588, 1.3881213665008545, 1.3170679807662964, 1.309981107711792, 1.3740203380584717, 1.377383828163147, 1.304809331893921, 1.3065930604934692, 1.3555959463119507, 1.3357980251312256, 1.1574716567993164, 1.4120513200759888]",sae,Pre-64
1,beta,14,0.084,0.4467366851483266,0.4421697276018216,0.4320274276978205,0.5,0.5934222168898753,0.6975989441953239,30,"[0, 1, 2, 3, 4, 5, 6, 7, 8, 9, 10, 11, 12, 13, 14, 15, 16, 17, 18, 19, 20, 21, 22, 23, 24, 25, 26, 27, 28, 29]","[1.4077614545822144, 1.2926092147827148, 1.370629072189331, 1.3947653770446777, 1.4201222658157349, 1.3818800449371338, 1.367065668106079, 1.4649600982666016, 1.3843803405761719, 1.4439547061920166, 1.342680811882019, 1.3006943464279175, 1.3211674690246582, 1.4435534477233887, 1.4370388984680176, 1.3887183666229248, 1.464526653289795, 1.4594274759292603, 1.379504680633545, 1.3769468069076538, 1.4028944969177246, 1.39426851272583, 1.4528875350952148, 1.3403332233428955, 1.4530082941055298, 1.4530001878738403, 1.3914244174957275, 1.460425615310669, 1.446256160736084, 1.3428471088409424]",sae,Pre-64
1,beta,30,0.08,0.4638407167611665,0.4544841508273655,0.4398232321417072,0.5,0.6043368975359404,0.6949335472810021,30,"[0, 1, 2, 3, 4, 5, 6, 7, 8, 9, 10, 11, 12, 13, 14, 15, 16, 17, 18, 19, 20, 21, 22, 23, 24, 25, 26, 27, 28, 29]","[1.5299149751663208, 1.4987090826034546, 1.510008692741394, 1.4505189657211304, 1.463383674621582, 1.441784143447876, 1.4525883197784424, 1.428908109664917, 1.4216203689575195, 1.4400203227996826, 1.504455327987671, 1.434624433517456, 1.4102802276611328, 1.4324028491973877, 1.4993679523468018, 1.5033836364746094, 1.4215625524520874, 1.4432228803634644, 1.5251084566116333, 1.449671983718872, 1.4264217615127563, 1.3916640281677246, 1.490596055984497, 1.4455372095108032, 1.5613160133361816, 1.438166618347168, 1.463539481163025, 1.4334849119186401, 1.50067138671875, 1.456007957458496]",sae,Pre-64
1,beta,0,0.09,0.4600628296558519,0.4487196928272481,0.4324437260814268,0.5,0.6146148452673732,0.7223558112759301,30,"[0, 1, 2, 3, 4, 5, 6, 7, 8, 9, 10, 11, 12, 13, 14, 15, 16, 17, 18, 19, 20, 21, 22, 23, 24, 25, 26, 27, 28, 29]","[1.387993574142456, 1.4315859079360962, 1.4087480306625366, 1.4622844457626343, 1.382059931755066, 1.4058080911636353, 1.453289270401001, 1.4839284420013428, 1.4670430421829224, 1.411811113357544, 1.4031561613082886, 1.4183350801467896, 1.4795397520065308, 1.4629038572311401, 1.479701042175293, 1.4285086393356323, 1.4397358894348145, 1.3629701137542725, 1.3129404783248901, 1.4630320072174072, 1.383865237236023, 1.3709380626678467, 1.4627950191497803, 1.4059667587280273, 1.3809545040130615, 1.3442907333374023, 1.4684306383132935, 1.3534449338912964, 1.4614821672439575, 1.3456460237503052]",sae,Pre-64
1,beta,32,0.076,0.4555596844830426,0.4475674839123162,0.4709012734364537,0.5,0.5924839124839124,0.6331502114359258,30,"[0, 1, 2, 3, 4, 5, 6, 7, 8, 9, 10, 11, 12, 13, 14, 15, 16, 17, 18, 19, 20, 21, 22, 23, 24, 25, 26, 27, 28, 29]","[1.492194414138794, 1.413756251335144, 1.4930580854415894, 1.4276303052902222, 1.4368916749954224, 1.5014969110488892, 1.432736873626709, 1.4130254983901978, 1.3897041082382202, 1.3986872434616089, 1.414089560508728, 1.3887805938720703, 1.4323046207427979, 1.3519158363342285, 1.3407477140426636, 1.3457266092300415, 1.3727797269821167, 1.4363505840301514, 1.382828950881958, 1.4128297567367554, 1.4974056482315063, 1.4135934114456177, 1.3362234830856323, 1.4990193843841553, 1.4278433322906494, 1.3586329221725464, 1.4747238159179688, 1.2946878671646118, 1.503311038017273, 1.496150255203247]",sae,Pre-64
1,beta,29,0.098,0.4558655961502112,0.4409050416793991,0.4552483792734388,0.5,0.6296548282533407,0.6719047611911444,30,"[0, 1, 2, 3, 4, 5, 6, 7, 8, 9, 10, 11, 12, 13, 14, 15, 16, 17, 18, 19, 20, 21, 22, 23, 24, 25, 26, 27, 28, 29]","[1.3897849321365356, 1.3505733013153076, 1.1701555252075195, 1.454327940940857, 1.3818259239196777, 1.3547929525375366, 1.4693845510482788, 1.350609540939331, 1.4364768266677856, 1.460179090499878, 1.3831051588058472, 1.4282282590866089, 1.4451558589935303, 1.422467589378357, 1.4016634225845337, 1.42147696018219, 1.352492094039917, 1.3844398260116577, 1.3505345582962036, 1.393452763557434, 1.4717453718185425, 1.4877228736877441, 1.3763281106948853, 1.38895583152771, 1.4000977277755737, 1.3248553276062012, 1.384301781654358, 1.4668108224868774, 1.5074958801269531, 1.3588930368423462]",sae,Pre-64
1,beta,36,0.096,0.4642138821845151,0.4576483090311837,0.4580844091203028,0.5,0.6031055233182893,0.6748595791148982,30,"[0, 1, 2, 3, 4, 5, 6, 7, 8, 9, 10, 11, 12, 13, 14, 15, 16, 17, 18, 19, 20, 21, 22, 23, 24, 25, 26, 27, 28, 29]","[1.3591790199279785, 1.3313895463943481, 1.2988228797912598, 1.349570631980896, 1.2360260486602783, 1.3726786375045776, 1.3114186525344849, 1.346050500869751, 1.3831989765167236, 1.2444062232971191, 1.285426139831543, 1.3861571550369263, 1.289920687675476, 1.3105283975601196, 1.3365634679794312, 1.389791488647461, 1.3510160446166992, 1.3261624574661255, 1.3803966045379639, 1.284997820854187, 1.3348205089569092, 1.3067419528961182, 1.3240331411361694, 1.299668788909912, 1.3745723962783813, 1.3444855213165283, 1.312445044517517, 1.3240569829940796, 1.3707568645477295, 1.2805225849151611]",sae,Pre-64
1,beta,6,0.085,0.4540822999211705,0.4457917896713532,0.4484145720199656,0.5,0.5933447799067053,0.6642000820506586,30,"[0, 1, 2, 3, 4, 5, 6, 7, 8, 9, 10, 11, 12, 13, 14, 15, 16, 17, 18, 19, 20, 21, 22, 23, 24, 25, 26, 27, 28, 29]","[1.4756495952606201, 1.511017918586731, 1.4254107475280762, 1.5218369960784912, 1.406748652458191, 1.417920470237732, 1.4126664400100708, 1.4951692819595337, 1.4047138690948486, 1.5035959482192993, 1.430328369140625, 1.3699984550476074, 1.4214932918548584, 1.3901515007019043, 1.2228683233261108, 1.4997963905334473, 1.3861480951309204, 1.4630619287490845, 1.4480211734771729, 1.4615591764450073, 1.4394246339797974, 1.401503562927246, 1.5119417905807495, 1.4450231790542603, 1.3853398561477661, 1.4524749517440796, 1.4028501510620117, 1.3872394561767578, 1.449324369430542, 1.47472083568573]",sae,Pre-64
1,beta,5,0.076,0.4445517550333296,0.4301735816232515,0.4290072692141852,0.5,0.6070910659257547,0.6831819630835777,30,"[0, 1, 2, 3, 4, 5, 6, 7, 8, 9, 10, 11, 12, 13, 14, 15, 16, 17, 18, 19, 20, 21, 22, 23, 24, 25, 26, 27, 28, 29]","[1.3850692510604858, 1.2806330919265747, 1.2822797298431396, 1.4005351066589355, 1.3999141454696655, 1.332750916481018, 1.3294867277145386, 1.3107548952102661, 1.3709754943847656, 1.2922589778900146, 1.3810824155807495, 1.402084231376648, 1.3312896490097046, 1.335573434829712, 1.4119986295700073, 1.3594920635223389, 1.3650336265563965, 1.3918602466583252, 1.2714552879333496, 1.3383769989013672, 1.4145044088363647, 1.342128038406372, 1.4106857776641846, 1.292891502380371, 1.3380314111709595, 1.4148250818252563, 1.2834581136703491, 1.315974235534668, 1.3914496898651123, 1.3396878242492676]",sae,Pre-64
1,beta,46,0.11,0.4545712902572906,0.4417269056853911,0.4494955454023238,0.5,0.6270377926330811,0.6878233559014191,30,"[0, 1, 2, 3, 4, 5, 6, 7, 8, 9, 10, 11, 12, 13, 14, 15, 16, 17, 18, 19, 20, 21, 22, 23, 24, 25, 26, 27, 28, 29]","[1.393175721168518, 1.4901301860809326, 1.489872694015503, 1.4792829751968384, 1.3983469009399414, 1.5243173837661743, 1.4146373271942139, 1.5321780443191528, 1.4731262922286987, 1.5750770568847656, 1.2953555583953857, 1.4076071977615356, 1.5384663343429565, 1.3904105424880981, 1.4556283950805664, 1.534226655960083, 1.4703840017318726, 1.4857312440872192, 1.5440826416015625, 1.528475046157837, 1.4481905698776245, 1.446340799331665, 1.4790819883346558, 1.4770714044570923, 1.487486720085144, 1.497999668121338, 1.4665868282318115, 1.525099754333496, 1.4496227502822876, 1.470242977142334]",sae,Pre-64
1,beta,3,0.068,0.4557259332451328,0.444824285747971,0.4644489053930746,0.5,0.6042731979176,0.652261762639942,30,"[0, 1, 2, 3, 4, 5, 6, 7, 8, 9, 10, 11, 12, 13, 14, 15, 16, 17, 18, 19, 20, 21, 22, 23, 24, 25, 26, 27, 28, 29]","[1.4011160135269165, 1.4280234575271606, 1.4126819372177124, 1.370635986328125, 1.406082272529602, 1.4427080154418945, 1.398654580116272, 1.44625985622406, 1.2016005516052246, 1.4711954593658447, 1.3629904985427856, 1.4692574739456177, 1.4048094749450684, 1.3807600736618042, 1.4801013469696045, 1.3996901512145996, 1.405416488647461, 1.4308578968048096, 1.3648113012313843, 1.3676964044570923, 1.3131277561187744, 1.3791422843933105, 1.3758703470230103, 1.490739345550537, 1.4614968299865723, 1.3905673027038574, 1.3936606645584106, 1.3871941566467285, 1.4560842514038086, 1.393263578414917]",sae,Pre-64
1,beta,49,0.074,0.462130925118617,0.4524487678230295,0.4490515356245077,0.5,0.6141152509743157,0.6833929074517537,30,"[0, 1, 2, 3, 4, 5, 6, 7, 8, 9, 10, 11, 12, 13, 14, 15, 16, 17, 18, 19, 20, 21, 22, 23, 24, 25, 26, 27, 28, 29]","[1.3353605270385742, 1.3865448236465454, 1.3840643167495728, 1.3689426183700562, 1.3156071901321411, 1.3475220203399658, 1.4252057075500488, 1.3294293880462646, 1.4543981552124023, 1.4029186964035034, 1.354285478591919, 1.3346879482269287, 1.4015692472457886, 1.3916351795196533, 1.4328948259353638, 1.3789700269699097, 1.471127986907959, 1.4568002223968506, 1.3203141689300537, 1.4037739038467407, 1.4466105699539185, 1.3574142456054688, 1.4531019926071167, 1.387080430984497, 1.3495213985443115, 1.3931822776794434, 1.389266014099121, 1.349845290184021, 1.283970832824707, 1.3503063917160034]",sae,Pre-64
1,beta,14,0.098,0.4467366851483266,0.4421697276018216,0.4298221030516684,0.5,0.5934222168898753,0.6989321975434545,30,"[0, 1, 2, 3, 4, 5, 6, 7, 8, 9, 10, 11, 12, 13, 14, 15, 16, 17, 18, 19, 20, 21, 22, 23, 24, 25, 26, 27, 28, 29]","[1.3561346530914307, 1.2444347143173218, 1.3159388303756714, 1.339860200881958, 1.3701560497283936, 1.3298588991165161, 1.3211421966552734, 1.407155990600586, 1.329759120941162, 1.385519027709961, 1.287862777709961, 1.234418511390686, 1.2605953216552734, 1.3813161849975586, 1.3847153186798096, 1.333088755607605, 1.405372977256775, 1.3966307640075684, 1.3232123851776123, 1.3193501234054565, 1.354764699935913, 1.3375933170318604, 1.3933134078979492, 1.2844094038009644, 1.3970445394515991, 1.3936858177185059, 1.3304922580718994, 1.4003138542175293, 1.3854382038116455, 1.2769298553466797]",sae,Pre-64
1,beta,1,0.084,0.4560357198099471,0.4497423189216591,0.4463155893000668,0.5,0.5964054457666336,0.6820105539028192,30,"[0, 1, 2, 3, 4, 5, 6, 7, 8, 9, 10, 11, 12, 13, 14, 15, 16, 17, 18, 19, 20, 21, 22, 23, 24, 25, 26, 27, 28, 29]","[1.4099617004394531, 1.3106969594955444, 1.3635950088500977, 1.2506369352340698, 1.3463001251220703, 1.273409128189087, 1.2813196182250977, 1.3482186794281006, 1.2545791864395142, 1.3105195760726929, 1.3092193603515625, 1.3520647287368774, 1.402885913848877, 1.2798707485198975, 1.4002541303634644, 1.231878638267517, 1.2551335096359253, 1.3094453811645508, 1.3803610801696777, 1.4108116626739502, 1.3994885683059692, 1.3601831197738647, 1.3346391916275024, 1.3050785064697266, 1.2723749876022339, 1.2961593866348267, 1.3245855569839478, 1.3297725915908813, 1.412106990814209, 1.334484338760376]",sae,Pre-64
1,beta,31,0.068,0.4497611378811508,0.4308970333737342,0.4336481146195378,0.5,0.642735734520437,0.7099829450193674,30,"[0, 1, 2, 3, 4, 5, 6, 7, 8, 9, 10, 11, 12, 13, 14, 15, 16, 17, 18, 19, 20, 21, 22, 23, 24, 25, 26, 27, 28, 29]","[1.5629152059555054, 1.5238162279129028, 1.4401159286499023, 1.4642667770385742, 1.514597773551941, 1.6014493703842163, 1.477658748626709, 1.534626841545105, 1.4844861030578613, 1.553322196006775, 1.5049827098846436, 1.5332372188568115, 1.5678151845932007, 1.4034249782562256, 1.5674818754196167, 1.5037966966629028, 1.5276286602020264, 1.5271762609481812, 1.5411083698272705, 1.496108055114746, 1.5851510763168335, 1.5269801616668701, 1.5802206993103027, 1.5319324731826782, 1.5212761163711548, 1.5479423999786377, 1.440595269203186, 1.593599557876587, 1.4370592832565308, 1.5339277982711792]",sae,Pre-64
1,beta,18,0.11,0.4575117633693479,0.4471831599677374,0.4222877743652508,0.5,0.6052065040104606,0.7306285674180019,30,"[0, 1, 2, 3, 4, 5, 6, 7, 8, 9, 10, 11, 12, 13, 14, 15, 16, 17, 18, 19, 20, 21, 22, 23, 24, 25, 26, 27, 28, 29]","[1.2516851425170898, 1.401650309562683, 1.4303840398788452, 1.3541589975357056, 1.3604331016540527, 1.3703950643539429, 1.5374741554260254, 1.33384370803833, 1.4165033102035522, 1.3099455833435059, 1.5028743743896484, 1.403315544128418, 1.4298899173736572, 1.4440311193466187, 1.3642030954360962, 1.313341498374939, 1.43535578250885, 1.359910488128662, 1.3416671752929688, 1.2728545665740967, 1.5210254192352295, 1.340240240097046, 1.4534660577774048, 1.416261911392212, 1.403062343597412, 1.3833186626434326, 1.4144020080566406, 1.4500153064727783, 1.4245649576187134, 1.3684580326080322]",sae,Pre-64
1,beta,49,0.085,0.462130925118617,0.4524487678230295,0.4490464253160032,0.5,0.6141152509743157,0.683388505423299,30,"[0, 1, 2, 3, 4, 5, 6, 7, 8, 9, 10, 11, 12, 13, 14, 15, 16, 17, 18, 19, 20, 21, 22, 23, 24, 25, 26, 27, 28, 29]","[1.334534764289856, 1.3857216835021973, 1.3832439184188843, 1.368125081062317, 1.31479012966156, 1.3467028141021729, 1.424387812614441, 1.3286128044128418, 1.4535858631134033, 1.4020984172821045, 1.3534704446792603, 1.333866000175476, 1.4007521867752075, 1.3908138275146484, 1.43207848072052, 1.3781527280807495, 1.4703105688095093, 1.455983281135559, 1.319498062133789, 1.4029529094696045, 1.4457920789718628, 1.3565988540649414, 1.4522839784622192, 1.386257290840149, 1.3486982583999634, 1.3923633098602295, 1.3884423971176147, 1.349021077156067, 1.2831556797027588, 1.3494881391525269]",sae,Pre-64
1,beta,9,0.082,0.448644851968101,0.4348910401892977,0.4492104239314168,0.5,0.6286670530281078,0.6738952477542741,30,"[0, 1, 2, 3, 4, 5, 6, 7, 8, 9, 10, 11, 12, 13, 14, 15, 16, 17, 18, 19, 20, 21, 22, 23, 24, 25, 26, 27, 28, 29]","[1.5769652128219604, 1.476312279701233, 1.577054500579834, 1.5487574338912964, 1.4667694568634033, 1.3078210353851318, 1.557604432106018, 1.4862496852874756, 1.5796689987182617, 1.4149526357650757, 1.5279098749160767, 1.4885445833206177, 1.4825307130813599, 1.522795557975769, 1.600983738899231, 1.502509593963623, 1.4674735069274902, 1.5568934679031372, 1.5876878499984741, 1.446310043334961, 1.567684292793274, 1.5848301649093628, 1.4573825597763062, 1.5734148025512695, 1.5714057683944702, 1.5643885135650635, 1.4128284454345703, 1.3907321691513062, 1.4630268812179565, 1.5952208042144775]",sae,Pre-64
1,beta,7,0.1,0.4564836922581216,0.4420418003909208,0.4378119786849583,0.5,0.6095136152062148,0.7009726516367882,30,"[0, 1, 2, 3, 4, 5, 6, 7, 8, 9, 10, 11, 12, 13, 14, 15, 16, 17, 18, 19, 20, 21, 22, 23, 24, 25, 26, 27, 28, 29]","[1.3611170053482056, 1.4034597873687744, 1.4189382791519165, 1.3822762966156006, 1.434305191040039, 1.391684889793396, 1.3496859073638916, 1.3947980403900146, 1.4903383255004883, 1.399085283279419, 1.319703221321106, 1.3611940145492554, 1.3248497247695923, 1.3444277048110962, 1.5016885995864868, 1.414736032485962, 1.3495447635650635, 1.3304853439331055, 1.4356591701507568, 1.4338712692260742, 1.3980660438537598, 1.41254460811615, 1.4194096326828003, 1.3666714429855347, 1.455751657485962, 1.4358478784561157, 1.3806169033050537, 1.2781316041946411, 1.4761489629745483, 1.3641360998153687]",sae,Pre-64
1,beta,44,0.086,0.4469012312759677,0.43811650775401,0.4601208030376624,0.5,0.5982762074796864,0.6211972565448729,30,"[0, 1, 2, 3, 4, 5, 6, 7, 8, 9, 10, 11, 12, 13, 14, 15, 16, 17, 18, 19, 20, 21, 22, 23, 24, 25, 26, 27, 28, 29]","[1.4679145812988281, 1.4636913537979126, 1.425235629081726, 1.4309364557266235, 1.4580878019332886, 1.5252952575683594, 1.5131539106369019, 1.4109055995941162, 1.4794543981552124, 1.5524165630340576, 1.4651074409484863, 1.4536645412445068, 1.468796730041504, 1.4312067031860352, 1.5435470342636108, 1.5462651252746582, 1.4037115573883057, 1.3188656568527222, 1.481049656867981, 1.4707530736923218, 1.4267404079437256, 1.4058626890182495, 1.4676622152328491, 1.4665592908859253, 1.522190809249878, 1.4268255233764648, 1.4413840770721436, 1.4613969326019287, 1.4711419343948364, 1.4740700721740723]",sae,Pre-64
1,beta,25,0.078,0.4465066892532915,0.4352791138475453,0.4430583150157212,0.5,0.6270054355300688,0.6611942618980704,30,"[0, 1, 2, 3, 4, 5, 6, 7, 8, 9, 10, 11, 12, 13, 14, 15, 16, 17, 18, 19, 20, 21, 22, 23, 24, 25, 26, 27, 28, 29]","[1.5324559211730957, 1.5574337244033813, 1.4239766597747803, 1.6058530807495117, 1.5843727588653564, 1.5746893882751465, 1.4545903205871582, 1.4632527828216553, 1.5094101428985596, 1.4255772829055786, 1.584957480430603, 1.5194073915481567, 1.55906343460083, 1.464687466621399, 1.4559491872787476, 1.4997937679290771, 1.3698153495788574, 1.3851019144058228, 1.429504632949829, 1.4551960229873657, 1.5980513095855713, 1.3767603635787964, 1.5462437868118286, 1.4690154790878296, 1.5222961902618408, 1.4694859981536865, 1.622056007385254, 1.5532331466674805, 1.585100769996643, 1.4306422472000122]",sae,Pre-64
1,beta,43,0.072,0.4515364523902173,0.4432102910589974,0.4420386485090454,0.5,0.6060785767234989,0.69941438102298,30,"[0, 1, 2, 3, 4, 5, 6, 7, 8, 9, 10, 11, 12, 13, 14, 15, 16, 17, 18, 19, 20, 21, 22, 23, 24, 25, 26, 27, 28, 29]","[1.5188655853271484, 1.592100739479065, 1.5680631399154663, 1.4653184413909912, 1.500328540802002, 1.4395203590393066, 1.4703333377838135, 1.4571994543075562, 1.557163119316101, 1.446826696395874, 1.412440538406372, 1.6026026010513306, 1.5313317775726318, 1.4738155603408813, 1.473621129989624, 1.3613154888153076, 1.559288501739502, 1.4573614597320557, 1.5540624856948853, 1.5499659776687622, 1.4525443315505981, 1.465711236000061, 1.5909371376037598, 1.5234484672546387, 1.4463452100753784, 1.52723228931427, 1.5936355590820312, 1.4569859504699707, 1.552777647972107, 1.6031979322433472]",sae,Pre-64
1,beta,24,0.115,0.4501416387440968,0.4383559369047743,0.44621284551913,0.5,0.6188330126613704,0.6402665714995035,30,"[0, 1, 2, 3, 4, 5, 6, 7, 8, 9, 10, 11, 12, 13, 14, 15, 16, 17, 18, 19, 20, 21, 22, 23, 24, 25, 26, 27, 28, 29]","[1.320449709892273, 1.2661672830581665, 1.282397985458374, 1.3338619470596313, 1.3414589166641235, 1.2795313596725464, 1.2770732641220093, 1.2781574726104736, 1.2999848127365112, 1.1692355871200562, 1.3046002388000488, 1.2526806592941284, 1.324802279472351, 1.3285325765609741, 1.2734496593475342, 1.2526931762695312, 1.344969630241394, 1.144536018371582, 1.258710265159607, 1.3463282585144043, 1.3242508172988892, 1.3350694179534912, 1.2774752378463745, 1.30024254322052, 1.2443673610687256, 1.2052638530731201, 1.2910172939300537, 1.2493058443069458, 1.3469690084457397, 1.2680071592330933]",sae,Pre-64
1,beta,30,0.12,0.4638407167611665,0.4544841508273655,0.4368581832465081,0.5,0.6043368975359404,0.6928259080438912,30,"[0, 1, 2, 3, 4, 5, 6, 7, 8, 9, 10, 11, 12, 13, 14, 15, 16, 17, 18, 19, 20, 21, 22, 23, 24, 25, 26, 27, 28, 29]","[1.326566457748413, 1.2764625549316406, 1.30823814868927, 1.2710886001586914, 1.2718092203140259, 1.2553857564926147, 1.2726160287857056, 1.2433727979660034, 1.2300535440444946, 1.2480692863464355, 1.3295046091079712, 1.2339931726455688, 1.21783447265625, 1.2402018308639526, 1.297914743423462, 1.3124663829803467, 1.2552388906478882, 1.2590426206588745, 1.3342684507369995, 1.258141279220581, 1.2350831031799316, 1.189440369606018, 1.2722073793411255, 1.259966492652893, 1.369460940361023, 1.2571653127670288, 1.2954113483428955, 1.2540167570114136, 1.3050698041915894, 1.2800472974777222]",sae,Pre-64
1,beta,30,0.086,0.4638407167611665,0.4544841508273655,0.4398102390133072,0.5,0.6043368975359404,0.6949367310260732,30,"[0, 1, 2, 3, 4, 5, 6, 7, 8, 9, 10, 11, 12, 13, 14, 15, 16, 17, 18, 19, 20, 21, 22, 23, 24, 25, 26, 27, 28, 29]","[1.528536081314087, 1.497338056564331, 1.5086290836334229, 1.4491238594055176, 1.4619938135147095, 1.4403916597366333, 1.4511926174163818, 1.4275246858596802, 1.420240044593811, 1.4386354684829712, 1.503067135810852, 1.4332393407821655, 1.4089099168777466, 1.431015968322754, 1.4979825019836426, 1.5019950866699219, 1.420162320137024, 1.4418376684188843, 1.5237210988998413, 1.4482930898666382, 1.4250388145446777, 1.3902863264083862, 1.489227056503296, 1.4441540241241455, 1.559938907623291, 1.4367735385894775, 1.4621469974517822, 1.4320930242538452, 1.4992880821228027, 1.4546147584915161]",sae,Pre-64
1,beta,2,0.086,0.4419681213812466,0.4306250660512843,0.4272159936383622,0.5,0.6028191218064636,0.6894633583715862,30,"[0, 1, 2, 3, 4, 5, 6, 7, 8, 9, 10, 11, 12, 13, 14, 15, 16, 17, 18, 19, 20, 21, 22, 23, 24, 25, 26, 27, 28, 29]","[1.37051260471344, 1.3837597370147705, 1.3593252897262573, 1.4278998374938965, 1.3753522634506226, 1.4618995189666748, 1.381583333015442, 1.3946927785873413, 1.3310953378677368, 1.3525029420852661, 1.3894901275634766, 1.3323577642440796, 1.412572979927063, 1.4660080671310425, 1.4379154443740845, 1.3835062980651855, 1.4432268142700195, 1.4974762201309204, 1.489667534828186, 1.467160701751709, 1.390122890472412, 1.3671095371246338, 1.4491355419158936, 1.4526519775390625, 1.3646519184112549, 1.3709745407104492, 1.4291436672210693, 1.404115080833435, 1.2134668827056885, 1.4896291494369507]",sae,Pre-64
1,beta,41,0.09,0.4543678569363413,0.4427951465832617,0.4506639536238911,0.5,0.6190905384235713,0.6749100481412333,30,"[0, 1, 2, 3, 4, 5, 6, 7, 8, 9, 10, 11, 12, 13, 14, 15, 16, 17, 18, 19, 20, 21, 22, 23, 24, 25, 26, 27, 28, 29]","[1.3104530572891235, 1.3698115348815918, 1.2795841693878174, 1.2515459060668945, 1.249653935432434, 1.4169445037841797, 1.2934662103652954, 1.341309666633606, 1.315686583518982, 1.384544014930725, 1.378983736038208, 1.3399585485458374, 1.3462703227996826, 1.3924094438552856, 1.396906852722168, 1.3266509771347046, 1.290170669555664, 1.345633625984192, 1.3456145524978638, 1.3508219718933105, 1.2629241943359375, 1.3175140619277954, 1.3314290046691895, 1.3402397632598877, 1.335784912109375, 1.3161104917526245, 1.3712100982666016, 1.3794710636138916, 1.333156704902649, 1.285037636756897]",sae,Pre-64
1,beta,20,0.085,0.4408022875601419,0.4262939306313442,0.4359072233781688,0.5,0.6176087118064704,0.6504755824872154,30,"[0, 1, 2, 3, 4, 5, 6, 7, 8, 9, 10, 11, 12, 13, 14, 15, 16, 17, 18, 19, 20, 21, 22, 23, 24, 25, 26, 27, 28, 29]","[1.4343392848968506, 1.5050835609436035, 1.4424207210540771, 1.5491060018539429, 1.4968465566635132, 1.515038013458252, 1.5116883516311646, 1.4325037002563477, 1.4786137342453003, 1.4372713565826416, 1.4505116939544678, 1.4432133436203003, 1.5612053871154785, 1.3932608366012573, 1.449020266532898, 1.548081874847412, 1.4393645524978638, 1.4109251499176025, 1.479620337486267, 1.4789317846298218, 1.4730557203292847, 1.3802361488342285, 1.4986417293548584, 1.553226113319397, 1.5178887844085693, 1.4050017595291138, 1.448832631111145, 1.49100661277771, 1.4035078287124634, 1.5519952774047852]",sae,Pre-64
1,beta,29,0.06,0.4558655961502112,0.4409050416793991,0.4581258170366483,0.5,0.6296548282533407,0.6729867479105818,30,"[0, 1, 2, 3, 4, 5, 6, 7, 8, 9, 10, 11, 12, 13, 14, 15, 16, 17, 18, 19, 20, 21, 22, 23, 24, 25, 26, 27, 28, 29]","[1.557408332824707, 1.5704293251037598, 1.2921663522720337, 1.6715806722640991, 1.6020218133926392, 1.5433920621871948, 1.6981112957000732, 1.516290307044983, 1.6258240938186646, 1.6661173105239868, 1.574086308479309, 1.636970043182373, 1.657796025276184, 1.5785504579544067, 1.6264512538909912, 1.5783121585845947, 1.6012983322143555, 1.6032618284225464, 1.5577360391616821, 1.581434726715088, 1.6794440746307373, 1.7113631963729858, 1.5738524198532104, 1.5771665573120117, 1.622563123703003, 1.4837554693222046, 1.5631639957427979, 1.6884551048278809, 1.719679832458496, 1.5396666526794434]",sae,Pre-64
1,beta,43,0.084,0.4515364523902173,0.4432102910589974,0.441993103835521,0.5,0.6060785767234989,0.6993936249073387,30,"[0, 1, 2, 3, 4, 5, 6, 7, 8, 9, 10, 11, 12, 13, 14, 15, 16, 17, 18, 19, 20, 21, 22, 23, 24, 25, 26, 27, 28, 29]","[1.5150748491287231, 1.5883293151855469, 1.564324975013733, 1.4615211486816406, 1.4965416193008423, 1.4357050657272339, 1.4665180444717407, 1.4533870220184326, 1.5533796548843384, 1.4430021047592163, 1.4086344242095947, 1.5988590717315674, 1.5275371074676514, 1.470024585723877, 1.4698525667190552, 1.3575189113616943, 1.555512547492981, 1.4535328149795532, 1.5502839088439941, 1.5462472438812256, 1.4487297534942627, 1.4619251489639282, 1.5871814489364624, 1.5196616649627686, 1.4425657987594604, 1.523423433303833, 1.5898652076721191, 1.4531704187393188, 1.5489767789840698, 1.5994164943695068]",sae,Pre-64
1,beta,36,0.125,0.4642138821845151,0.4576483090311837,0.4580669893535861,0.5,0.6031055233182893,0.6748436056946696,30,"[0, 1, 2, 3, 4, 5, 6, 7, 8, 9, 10, 11, 12, 13, 14, 15, 16, 17, 18, 19, 20, 21, 22, 23, 24, 25, 26, 27, 28, 29]","[1.3577733039855957, 1.3299906253814697, 1.2974202632904053, 1.3481669425964355, 1.2346198558807373, 1.3712736368179321, 1.3100165128707886, 1.344655990600586, 1.3817965984344482, 1.2429966926574707, 1.284020185470581, 1.3847529888153076, 1.2885080575942993, 1.309120774269104, 1.3351638317108154, 1.388388752937317, 1.349608302116394, 1.3247578144073486, 1.3789937496185303, 1.2835850715637207, 1.3334143161773682, 1.3053357601165771, 1.3226288557052612, 1.2982693910598755, 1.3731670379638672, 1.3430877923965454, 1.311032772064209, 1.322648525238037, 1.369356393814087, 1.2791146039962769]",sae,Pre-64
1,beta,2,0.12,0.4419681213812466,0.4306250660512843,0.4253949328888367,0.5,0.6028191218064636,0.6887562595632215,30,"[0, 1, 2, 3, 4, 5, 6, 7, 8, 9, 10, 11, 12, 13, 14, 15, 16, 17, 18, 19, 20, 21, 22, 23, 24, 25, 26, 27, 28, 29]","[1.3004404306411743, 1.3140432834625244, 1.2957996129989624, 1.3579127788543701, 1.3002089262008667, 1.377641201019287, 1.3184272050857544, 1.3285735845565796, 1.2676624059677124, 1.2793158292770386, 1.3176063299179077, 1.2734284400939941, 1.3339205980300903, 1.3842853307724, 1.3557357788085938, 1.312028169631958, 1.3632211685180664, 1.4150614738464355, 1.408087134361267, 1.386459469795227, 1.3154014348983765, 1.3083215951919556, 1.3723584413528442, 1.3757295608520508, 1.3031463623046875, 1.3049403429031372, 1.353933572769165, 1.3341283798217773, 1.1557977199554443, 1.4103955030441284]",sae,Pre-64
1,beta,13,0.09,0.4619123366083722,0.4531466051409948,0.4392198409667794,0.5,0.6127276801885291,0.7109175143377031,30,"[0, 1, 2, 3, 4, 5, 6, 7, 8, 9, 10, 11, 12, 13, 14, 15, 16, 17, 18, 19, 20, 21, 22, 23, 24, 25, 26, 27, 28, 29]","[1.479660987854004, 1.299543857574463, 1.4679560661315918, 1.3992863893508911, 1.3741106986999512, 1.4756228923797607, 1.4080324172973633, 1.4054654836654663, 1.4408049583435059, 1.407947063446045, 1.4775700569152832, 1.3893324136734009, 1.4301879405975342, 1.449079990386963, 1.446462631225586, 1.360445499420166, 1.3606345653533936, 1.4359174966812134, 1.4104903936386108, 1.4170331954956055, 1.3866904973983765, 1.331386685371399, 1.3712708950042725, 1.3672308921813965, 1.3940902948379517, 1.3362770080566406, 1.4042788743972778, 1.3540576696395874, 1.414636492729187, 1.4038697481155396]",sae,Pre-64
1,beta,42,0.098,0.4546678683050885,0.4407690563496341,0.4505181634048405,0.5,0.6336081445133979,0.6604307980949631,30,"[0, 1, 2, 3, 4, 5, 6, 7, 8, 9, 10, 11, 12, 13, 14, 15, 16, 17, 18, 19, 20, 21, 22, 23, 24, 25, 26, 27, 28, 29]","[1.3837244510650635, 1.2536541223526, 1.388851523399353, 1.3787919282913208, 1.2972151041030884, 1.3684066534042358, 1.2922229766845703, 1.2646832466125488, 1.2692358493804932, 1.377052664756775, 1.3546985387802124, 1.3955439329147339, 1.2715343236923218, 1.0956288576126099, 1.3994630575180054, 1.3085761070251465, 1.2476500272750854, 1.2340141534805298, 1.35500967502594, 1.3415127992630005, 1.2850756645202637, 1.2714216709136963, 1.288905382156372, 1.25583016872406, 1.2897045612335205, 1.2617764472961426, 1.3909169435501099, 1.27211594581604, 1.3284419775009155, 1.254767656326294]",sae,Pre-64
1,beta,14,0.13,0.4467366851483266,0.4421697276018216,0.429801596318658,0.5,0.5934222168898753,0.6982828176787295,30,"[0, 1, 2, 3, 4, 5, 6, 7, 8, 9, 10, 11, 12, 13, 14, 15, 16, 17, 18, 19, 20, 21, 22, 23, 24, 25, 26, 27, 28, 29]","[1.3353337049484253, 1.2254682779312134, 1.2932769060134888, 1.318434715270996, 1.3459888696670532, 1.3107131719589233, 1.3043203353881836, 1.3828151226043701, 1.3087207078933716, 1.3617398738861084, 1.265580654144287, 1.2123688459396362, 1.2360800504684448, 1.359647274017334, 1.363334059715271, 1.3130728006362915, 1.3831218481063843, 1.3737568855285645, 1.2994023561477661, 1.2947229146957397, 1.33626127243042, 1.315473198890686, 1.3714617490768433, 1.2659592628479004, 1.3757864236831665, 1.3708925247192383, 1.3060952425003052, 1.376289963722229, 1.3619258403778076, 1.2515270709991455]",sae,Pre-64
1,beta,15,0.072,0.4529015220185267,0.4424399871594601,0.4354679395369046,0.5,0.6161071485640408,0.7111332238992433,30,"[0, 1, 2, 3, 4, 5, 6, 7, 8, 9, 10, 11, 12, 13, 14, 15, 16, 17, 18, 19, 20, 21, 22, 23, 24, 25, 26, 27, 28, 29]","[1.4011805057525635, 1.3716320991516113, 1.4127411842346191, 1.4127377271652222, 1.4872655868530273, 1.3835088014602661, 1.3781054019927979, 1.402360200881958, 1.460808515548706, 1.4585720300674438, 1.4466431140899658, 1.3613791465759277, 1.5200313329696655, 1.4636344909667969, 1.3543888330459595, 1.4297587871551514, 1.3675763607025146, 1.5131100416183472, 1.3522371053695679, 1.4193583726882935, 1.5061472654342651, 1.4733741283416748, 1.3945138454437256, 1.4326552152633667, 1.4020311832427979, 1.2843579053878784, 1.4757200479507446, 1.5203503370285034, 1.4176896810531616, 1.413882851600647]",sae,Pre-64
1,beta,34,0.085,0.4568527557813058,0.4470225010708758,0.448433214094037,0.5,0.6011606799053854,0.6782522343594837,30,"[0, 1, 2, 3, 4, 5, 6, 7, 8, 9, 10, 11, 12, 13, 14, 15, 16, 17, 18, 19, 20, 21, 22, 23, 24, 25, 26, 27, 28, 29]","[1.3855867385864258, 1.4704859256744385, 1.4759351015090942, 1.4211418628692627, 1.370723009109497, 1.3861572742462158, 1.4272971153259277, 1.3449240922927856, 1.3488624095916748, 1.3900097608566284, 1.4451301097869873, 1.2490700483322144, 1.456082820892334, 1.346907377243042, 1.3555488586425781, 1.3795607089996338, 1.4723315238952637, 1.4880434274673462, 1.3968724012374878, 1.3860554695129395, 1.403965950012207, 1.4902936220169067, 1.4240179061889648, 1.4481366872787476, 1.3753966093063354, 1.3222562074661255, 1.5017874240875244, 1.4867023229599, 1.474143624305725, 1.4584739208221436]",sae,Pre-64
1,beta,22,0.088,0.4519005213187685,0.4442985770479847,0.4443860203949826,0.5,0.5939599289403404,0.6801447664090166,30,"[0, 1, 2, 3, 4, 5, 6, 7, 8, 9, 10, 11, 12, 13, 14, 15, 16, 17, 18, 19, 20, 21, 22, 23, 24, 25, 26, 27, 28, 29]","[1.4134713411331177, 1.4592633247375488, 1.4723485708236694, 1.4938863515853882, 1.534084439277649, 1.4338394403457642, 1.442956805229187, 1.4238195419311523, 1.4194636344909668, 1.4697456359863281, 1.417711615562439, 1.5273994207382202, 1.460282325744629, 1.513641119003296, 1.3782893419265747, 1.4998964071273804, 1.511471152305603, 1.4643503427505493, 1.396470069885254, 1.4056293964385986, 1.484731912612915, 1.4831732511520386, 1.4845020771026611, 1.4349533319473267, 1.4868565797805786, 1.5197407007217407, 1.419714093208313, 1.4079903364181519, 1.5486513376235962, 1.3887557983398438]",sae,Pre-64
1,beta,8,0.125,0.4517491928182039,0.4406431065890545,0.4376454792651699,0.5,0.6098144493254953,0.6769649766912135,30,"[0, 1, 2, 3, 4, 5, 6, 7, 8, 9, 10, 11, 12, 13, 14, 15, 16, 17, 18, 19, 20, 21, 22, 23, 24, 25, 26, 27, 28, 29]","[1.2374097108840942, 1.339897871017456, 1.2798068523406982, 1.3084760904312134, 1.360615849494934, 1.2937265634536743, 1.34125554561615, 1.267896294593811, 1.3185025453567505, 1.3401439189910889, 1.3583959341049194, 1.2928152084350586, 1.2923873662948608, 1.3203359842300415, 1.3338364362716675, 1.2614634037017822, 1.285163164138794, 1.3066682815551758, 1.2320486307144165, 1.27379310131073, 1.2590582370758057, 1.2411465644836426, 1.340364694595337, 1.2747108936309814, 1.3342506885528564, 1.337700605392456, 1.2444030046463013, 1.3353056907653809, 1.3042614459991455, 1.2911031246185303]",sae,Pre-64
1,beta,8,0.096,0.4517491928182039,0.4406431065890545,0.4394222163880761,0.5,0.6098144493254953,0.6783401597306226,30,"[0, 1, 2, 3, 4, 5, 6, 7, 8, 9, 10, 11, 12, 13, 14, 15, 16, 17, 18, 19, 20, 21, 22, 23, 24, 25, 26, 27, 28, 29]","[1.3859224319458008, 1.4977418184280396, 1.414527177810669, 1.445633888244629, 1.506608486175537, 1.442016363143921, 1.4904978275299072, 1.4026426076889038, 1.4489976167678833, 1.4982529878616333, 1.5064157247543335, 1.430240273475647, 1.413787841796875, 1.4468053579330444, 1.475699782371521, 1.391213297843933, 1.4129317998886108, 1.4488613605499268, 1.359474778175354, 1.4290251731872559, 1.4019231796264648, 1.3776899576187134, 1.4811350107192993, 1.413581132888794, 1.480703353881836, 1.4847743511199951, 1.382401704788208, 1.4804081916809082, 1.451279640197754, 1.4514663219451904]",sae,Pre-64
1,beta,48,0.1,0.4556814132376,0.4510566266980289,0.4877499550917628,0.5,0.5923878577171784,0.5906113042591984,30,"[0, 1, 2, 3, 4, 5, 6, 7, 8, 9, 10, 11, 12, 13, 14, 15, 16, 17, 18, 19, 20, 21, 22, 23, 24, 25, 26, 27, 28, 29]","[1.5229027271270752, 1.4689589738845825, 1.4554500579833984, 1.4443143606185913, 1.4158787727355957, 1.3652294874191284, 1.4611998796463013, 1.3854868412017822, 1.4176063537597656, 1.4109140634536743, 1.4844963550567627, 1.4254125356674194, 1.4441114664077759, 1.4249175786972046, 1.3778886795043945, 1.465417504310608, 1.4871633052825928, 1.4660578966140747, 1.496575117111206, 1.3427308797836304, 1.4196401834487915, 1.505147099494934, 1.5072379112243652, 1.3297237157821655, 1.426162838935852, 1.4802261590957642, 1.5010476112365723, 1.4965945482254028, 1.423704981803894, 1.4534741640090942]",sae,Pre-64
1,beta,41,0.105,0.4543678569363413,0.4427951465832617,0.4506547780191109,0.5,0.6190905384235713,0.6751003240412885,30,"[0, 1, 2, 3, 4, 5, 6, 7, 8, 9, 10, 11, 12, 13, 14, 15, 16, 17, 18, 19, 20, 21, 22, 23, 24, 25, 26, 27, 28, 29]","[1.3018546104431152, 1.3611193895339966, 1.270447015762329, 1.242092251777649, 1.2381006479263306, 1.408219575881958, 1.2855912446975708, 1.3333890438079834, 1.3081339597702026, 1.374000906944275, 1.3702914714813232, 1.3299227952957153, 1.3378674983978271, 1.382559061050415, 1.386595606803894, 1.3191442489624023, 1.2798898220062256, 1.3369319438934326, 1.334787130355835, 1.3423351049423218, 1.2537881135940552, 1.3088916540145874, 1.3236724138259888, 1.3306797742843628, 1.3265024423599243, 1.3069429397583008, 1.3617407083511353, 1.3699398040771484, 1.3246803283691406, 1.277941107749939]",sae,Pre-64
1,beta,4,0.11,0.4589558369307028,0.4477177462853796,0.4573204397159035,0.5,0.61034827708266,0.6590916785939641,30,"[0, 1, 2, 3, 4, 5, 6, 7, 8, 9, 10, 11, 12, 13, 14, 15, 16, 17, 18, 19, 20, 21, 22, 23, 24, 25, 26, 27, 28, 29]","[1.3383278846740723, 1.3227579593658447, 1.2546534538269043, 1.3886674642562866, 1.2293120622634888, 1.2696471214294434, 1.3063586950302124, 1.2551207542419434, 1.3447325229644775, 1.3656259775161743, 1.3429960012435913, 1.2763720750808716, 1.3885464668273926, 1.2869415283203125, 1.2514950037002563, 1.3354697227478027, 1.3373335599899292, 1.3114880323410034, 1.2713955640792847, 1.3651238679885864, 1.3243632316589355, 1.3832526206970215, 1.3277599811553955, 1.2393146753311157, 1.3241088390350342, 1.2612398862838745, 1.2830754518508911, 1.3011181354522705, 1.3679896593093872, 1.245611310005188]",sae,Pre-64
1,beta,37,0.07,0.4546908257221888,0.444978337644671,0.4339939195354215,0.5,0.6058579085235571,0.7172739042261682,30,"[0, 1, 2, 3, 4, 5, 6, 7, 8, 9, 10, 11, 12, 13, 14, 15, 16, 17, 18, 19, 20, 21, 22, 23, 24, 25, 26, 27, 28, 29]","[1.471332311630249, 1.5331956148147583, 1.5080063343048096, 1.4838061332702637, 1.4356590509414673, 1.5434390306472778, 1.509431004524231, 1.5579472780227661, 1.60400390625, 1.5438385009765625, 1.507825255393982, 1.5158777236938477, 1.5423692464828491, 1.546802282333374, 1.5799318552017212, 1.5243504047393799, 1.5139065980911255, 1.5579345226287842, 1.5302314758300781, 1.5276503562927246, 1.5541762113571167, 1.5631687641143799, 1.5872528553009033, 1.5713785886764526, 1.5297679901123047, 1.5678542852401733, 1.5361948013305664, 1.5660423040390015, 1.5680745840072632, 1.582442045211792]",sae,Pre-64
1,beta,35,0.088,0.4566193215888805,0.4379483378046387,0.4310868970679543,0.5,0.637290178651746,0.7134780418473274,30,"[0, 1, 2, 3, 4, 5, 6, 7, 8, 9, 10, 11, 12, 13, 14, 15, 16, 17, 18, 19, 20, 21, 22, 23, 24, 25, 26, 27, 28, 29]","[1.3100924491882324, 1.3616050481796265, 1.4247099161148071, 1.3681585788726807, 1.3620465993881226, 1.341272234916687, 1.2827967405319214, 1.4460349082946777, 1.4567450284957886, 1.369545340538025, 1.4175716638565063, 1.2980234622955322, 1.3595436811447144, 1.2538760900497437, 1.3510258197784424, 1.3064323663711548, 1.4307763576507568, 1.2891814708709717, 1.390730381011963, 1.2950019836425781, 1.3107517957687378, 1.3025673627853394, 1.329181432723999, 1.2864254713058472, 1.3298503160476685, 1.361931562423706, 1.329329490661621, 1.3944880962371826, 1.4240655899047852, 1.3823206424713135]",sae,Pre-64
1,beta,19,0.076,0.4469965829377276,0.435497383761294,0.4159416168719928,0.5,0.6104665954706788,0.7130210132864279,30,"[0, 1, 2, 3, 4, 5, 6, 7, 8, 9, 10, 11, 12, 13, 14, 15, 16, 17, 18, 19, 20, 21, 22, 23, 24, 25, 26, 27, 28, 29]","[1.4495911598205566, 1.4611400365829468, 1.5448336601257324, 1.4797728061676025, 1.419817328453064, 1.4263330698013306, 1.4622491598129272, 1.5418500900268555, 1.4234192371368408, 1.5582246780395508, 1.5686005353927612, 1.5826541185379028, 1.4595348834991455, 1.4601948261260986, 1.3985869884490967, 1.41905677318573, 1.5441126823425293, 1.5715214014053345, 1.4135046005249023, 1.4315682649612427, 1.5958081483840942, 1.4448058605194092, 1.4611990451812744, 1.439395785331726, 1.4294335842132568, 1.559139370918274, 1.5598196983337402, 1.4681622982025146, 1.445746660232544, 1.4159704446792603]",sae,Pre-64
1,beta,37,0.082,0.4546908257221888,0.444978337644671,0.431018311694596,0.5,0.6058579085235571,0.7187850822660277,30,"[0, 1, 2, 3, 4, 5, 6, 7, 8, 9, 10, 11, 12, 13, 14, 15, 16, 17, 18, 19, 20, 21, 22, 23, 24, 25, 26, 27, 28, 29]","[1.3600999116897583, 1.4286668300628662, 1.404964804649353, 1.3797016143798828, 1.3224865198135376, 1.4331800937652588, 1.3775601387023926, 1.4646148681640625, 1.507493019104004, 1.4311058521270752, 1.400856614112854, 1.4040143489837646, 1.4386183023452759, 1.4142696857452393, 1.4706608057022095, 1.418116569519043, 1.3966587781906128, 1.4551506042480469, 1.4112427234649658, 1.4161062240600586, 1.4336825609207153, 1.4408992528915405, 1.4730994701385498, 1.4518976211547852, 1.4191371202468872, 1.4604957103729248, 1.4143812656402588, 1.4382076263427734, 1.4540292024612427, 1.470363736152649]",sae,Pre-64
1,beta,35,0.1,0.4566193215888805,0.4379483378046387,0.4310810034410122,0.5,0.637290178651746,0.7134750433285957,30,"[0, 1, 2, 3, 4, 5, 6, 7, 8, 9, 10, 11, 12, 13, 14, 15, 16, 17, 18, 19, 20, 21, 22, 23, 24, 25, 26, 27, 28, 29]","[1.3091509342193604, 1.360660433769226, 1.4237666130065918, 1.3672113418579102, 1.3611018657684326, 1.340322494506836, 1.281854510307312, 1.445091962814331, 1.455804705619812, 1.3686015605926514, 1.4166327714920044, 1.2970741987228394, 1.358594536781311, 1.2529346942901611, 1.3500796556472778, 1.3054872751235962, 1.429834008216858, 1.288230299949646, 1.3897819519042969, 1.2940616607666016, 1.3098080158233643, 1.3016259670257568, 1.328230381011963, 1.2854889631271362, 1.3289047479629517, 1.3609873056411743, 1.3283872604370117, 1.393536925315857, 1.4231271743774414, 1.3813750743865967]",sae,Pre-64
1,beta,42,0.13,0.4546678683050885,0.4407690563496341,0.4485165622676803,0.5,0.6336081445133979,0.6604285430798095,30,"[0, 1, 2, 3, 4, 5, 6, 7, 8, 9, 10, 11, 12, 13, 14, 15, 16, 17, 18, 19, 20, 21, 22, 23, 24, 25, 26, 27, 28, 29]","[1.3828322887420654, 1.2527618408203125, 1.3879601955413818, 1.3779045343399048, 1.296329140663147, 1.3675187826156616, 1.2913355827331543, 1.2637935876846313, 1.268341064453125, 1.3761619329452515, 1.3538066148757935, 1.3946551084518433, 1.2706443071365356, 1.0947332382202148, 1.3985742330551147, 1.3076846599578857, 1.2467601299285889, 1.233124852180481, 1.3541191816329956, 1.3406249284744263, 1.284185767173767, 1.2705328464508057, 1.288015365600586, 1.2549346685409546, 1.2888110876083374, 1.2608869075775146, 1.3900269269943237, 1.271226167678833, 1.3275511264801025, 1.2538725137710571]",sae,Pre-64
1,beta,39,0.078,0.4461088087810431,0.4292341094433316,0.4375587662329255,0.5,0.6205127278095635,0.6695575018604386,30,"[0, 1, 2, 3, 4, 5, 6, 7, 8, 9, 10, 11, 12, 13, 14, 15, 16, 17, 18, 19, 20, 21, 22, 23, 24, 25, 26, 27, 28, 29]","[1.4236788749694824, 1.5186222791671753, 1.4588029384613037, 1.45237398147583, 1.3787952661514282, 1.4383718967437744, 1.421413540840149, 1.4568179845809937, 1.3840036392211914, 1.499808430671692, 1.4269877672195435, 1.3715722560882568, 1.4598671197891235, 1.3762065172195435, 1.4613505601882935, 1.5209177732467651, 1.4869205951690674, 1.480794072151184, 1.399485468864441, 1.358190894126892, 1.376346468925476, 1.4662517309188843, 1.4038796424865723, 1.4067984819412231, 1.4786980152130127, 1.4312262535095215, 1.3225473165512085, 1.4019570350646973, 1.532485842704773, 1.4024791717529297]",sae,Pre-64
1,beta,27,0.075,0.4609757262074365,0.4537266978541116,0.4611919315092656,0.5,0.5914172664146189,0.6603407182672247,30,"[0, 1, 2, 3, 4, 5, 6, 7, 8, 9, 10, 11, 12, 13, 14, 15, 16, 17, 18, 19, 20, 21, 22, 23, 24, 25, 26, 27, 28, 29]","[1.5312373638153076, 1.6042793989181519, 1.5326175689697266, 1.5168061256408691, 1.5852575302124023, 1.493422269821167, 1.5953152179718018, 1.4603427648544312, 1.565411925315857, 1.5744229555130005, 1.4801393747329712, 1.6071840524673462, 1.51987624168396, 1.4797738790512085, 1.5189883708953857, 1.4322913885116577, 1.523694634437561, 1.5684362649917603, 1.5119303464889526, 1.5327585935592651, 1.5989712476730347, 1.5343904495239258, 1.4872933626174927, 1.4425897598266602, 1.5052536725997925, 1.6125372648239136, 1.496326208114624, 1.5472949743270874, 1.437459945678711, 1.5449029207229614]",sae,Pre-64
1,beta,13,0.105,0.4619123366083722,0.4531466051409948,0.4391997221330031,0.5,0.6127276801885291,0.7109090575946486,30,"[0, 1, 2, 3, 4, 5, 6, 7, 8, 9, 10, 11, 12, 13, 14, 15, 16, 17, 18, 19, 20, 21, 22, 23, 24, 25, 26, 27, 28, 29]","[1.478213906288147, 1.298105239868164, 1.4665123224258423, 1.3978379964828491, 1.372657060623169, 1.4741840362548828, 1.4065879583358765, 1.4040157794952393, 1.4393681287765503, 1.4064974784851074, 1.4761252403259277, 1.387884497642517, 1.42875337600708, 1.447640299797058, 1.4450209140777588, 1.35899817943573, 1.359185814857483, 1.4344658851623535, 1.4090492725372314, 1.4155962467193604, 1.3852477073669434, 1.329935908317566, 1.3698387145996094, 1.3657732009887695, 1.392648458480835, 1.3348268270492554, 1.4028375148773193, 1.3526009321212769, 1.4131982326507568, 1.4024147987365723]",sae,Pre-64
1,beta,38,0.115,0.4455661720406026,0.4298851252298221,0.4370605100534317,0.5,0.6303640517897944,0.6627265803503427,30,"[0, 1, 2, 3, 4, 5, 6, 7, 8, 9, 10, 11, 12, 13, 14, 15, 16, 17, 18, 19, 20, 21, 22, 23, 24, 25, 26, 27, 28, 29]","[1.3129909038543701, 1.292656660079956, 1.324928641319275, 1.3552063703536987, 1.3216716051101685, 1.210970401763916, 1.3700295686721802, 1.327461838722229, 1.1822404861450195, 1.3402072191238403, 1.3206422328948975, 1.3348958492279053, 1.3491238355636597, 1.3151392936706543, 1.3614904880523682, 1.2983202934265137, 1.304793119430542, 1.3788855075836182, 1.2686517238616943, 1.3335490226745605, 1.3122029304504395, 1.3218879699707031, 1.3716521263122559, 1.2758957147598267, 1.315933108329773, 1.3696086406707764, 1.2673680782318115, 1.374570608139038, 1.3006306886672974, 1.3836826086044312]",sae,Pre-64
1,beta,26,0.105,0.4502231978181314,0.4442488029476733,0.4596621926120832,0.5,0.5832450787939482,0.6466746132678699,30,"[0, 1, 2, 3, 4, 5, 6, 7, 8, 9, 10, 11, 12, 13, 14, 15, 16, 17, 18, 19, 20, 21, 22, 23, 24, 25, 26, 27, 28, 29]","[1.4195462465286255, 1.4307259321212769, 1.5933680534362793, 1.385514736175537, 1.4563591480255127, 1.4984594583511353, 1.4847609996795654, 1.383419156074524, 1.4873703718185425, 1.4540666341781616, 1.3699262142181396, 1.5955348014831543, 1.5310783386230469, 1.469422459602356, 1.5448089838027954, 1.4310047626495361, 1.4765340089797974, 1.3621699810028076, 1.5064177513122559, 1.4566529989242554, 1.4163097143173218, 1.5702965259552002, 1.458023190498352, 1.4988491535186768, 1.576355218887329, 1.567430853843689, 1.425475835800171, 1.4811959266662598, 1.2937953472137451, 1.4167965650558472]",sae,Pre-64
1,beta,48,0.135,0.4556814132376,0.4510566266980289,0.4850622654302222,0.5,0.5923878577171784,0.588894205179892,30,"[0, 1, 2, 3, 4, 5, 6, 7, 8, 9, 10, 11, 12, 13, 14, 15, 16, 17, 18, 19, 20, 21, 22, 23, 24, 25, 26, 27, 28, 29]","[1.4214694499969482, 1.3682169914245605, 1.3562228679656982, 1.3423086404800415, 1.32231867313385, 1.28579580783844, 1.3623735904693604, 1.27725088596344, 1.3245760202407837, 1.319754719734192, 1.3764195442199707, 1.3322327136993408, 1.3365681171417236, 1.3262686729431152, 1.289063811302185, 1.3697607517242432, 1.3614894151687622, 1.3641585111618042, 1.396849274635315, 1.2363733053207397, 1.3235245943069458, 1.3950200080871582, 1.398939609527588, 1.2322049140930176, 1.3342993259429932, 1.370056390762329, 1.4013042449951172, 1.375717282295227, 1.3298438787460327, 1.3537453413009644]",sae,Pre-64
1,beta,25,0.066,0.4465066892532915,0.4352791138475453,0.4431041705639269,0.5,0.6270054355300688,0.6611912720575485,30,"[0, 1, 2, 3, 4, 5, 6, 7, 8, 9, 10, 11, 12, 13, 14, 15, 16, 17, 18, 19, 20, 21, 22, 23, 24, 25, 26, 27, 28, 29]","[1.5360724925994873, 1.5610264539718628, 1.4275856018066406, 1.6094039678573608, 1.587951898574829, 1.578275203704834, 1.458164930343628, 1.4668266773223877, 1.5130280256271362, 1.429134726524353, 1.5885474681854248, 1.5229727029800415, 1.5626579523086548, 1.4682872295379639, 1.4595690965652466, 1.5033700466156006, 1.3733699321746826, 1.3887170553207397, 1.4331343173980713, 1.458833932876587, 1.601638913154602, 1.3803236484527588, 1.5498296022415161, 1.4726567268371582, 1.5258866548538208, 1.4730671644210815, 1.625625729560852, 1.5568287372589111, 1.5886934995651245, 1.4342385530471802]",sae,Pre-64
1,beta,31,0.08,0.4497611378811508,0.4308970333737342,0.433578783069078,0.5,0.642735734520437,0.7099612649592415,30,"[0, 1, 2, 3, 4, 5, 6, 7, 8, 9, 10, 11, 12, 13, 14, 15, 16, 17, 18, 19, 20, 21, 22, 23, 24, 25, 26, 27, 28, 29]","[1.558436632156372, 1.5193281173706055, 1.4355571269989014, 1.459775447845459, 1.5100476741790771, 1.597011685371399, 1.4732153415679932, 1.5301100015640259, 1.4799203872680664, 1.5488554239273071, 1.5004489421844482, 1.5287846326828003, 1.5633251667022705, 1.3989629745483398, 1.5629509687423706, 1.4992810487747192, 1.5231683254241943, 1.5226861238479614, 1.53663170337677, 1.4916081428527832, 1.580674648284912, 1.5224874019622803, 1.5757498741149902, 1.5274289846420288, 1.5167460441589355, 1.5434421300888062, 1.436119556427002, 1.5891000032424927, 1.4324934482574463, 1.5293806791305542]",sae,Pre-64
1,beta,15,0.084,0.4529015220185267,0.4424399871594601,0.435446038997014,0.5,0.6161071485640408,0.7111361292290708,30,"[0, 1, 2, 3, 4, 5, 6, 7, 8, 9, 10, 11, 12, 13, 14, 15, 16, 17, 18, 19, 20, 21, 22, 23, 24, 25, 26, 27, 28, 29]","[1.3991045951843262, 1.3695714473724365, 1.4106802940368652, 1.4106613397598267, 1.4852240085601807, 1.3814349174499512, 1.3760465383529663, 1.400301456451416, 1.4587411880493164, 1.456497311592102, 1.4445866346359253, 1.3593096733093262, 1.5179812908172607, 1.4615641832351685, 1.3523180484771729, 1.4276996850967407, 1.3654917478561401, 1.5110708475112915, 1.3501769304275513, 1.4172800779342651, 1.5040947198867798, 1.4713094234466553, 1.3924510478973389, 1.4305872917175293, 1.3999861478805542, 1.2823032140731812, 1.4736706018447876, 1.5182981491088867, 1.4156262874603271, 1.4118236303329468]",sae,Pre-64
1,beta,4,0.145,0.4589558369307028,0.4477177462853796,0.4572966693381502,0.5,0.61034827708266,0.6590978346184035,30,"[0, 1, 2, 3, 4, 5, 6, 7, 8, 9, 10, 11, 12, 13, 14, 15, 16, 17, 18, 19, 20, 21, 22, 23, 24, 25, 26, 27, 28, 29]","[1.3372657299041748, 1.3216991424560547, 1.253584623336792, 1.387603759765625, 1.228243112564087, 1.2685825824737549, 1.3052988052368164, 1.254055380821228, 1.3436689376831055, 1.3645672798156738, 1.3419299125671387, 1.2753105163574219, 1.3874844312667847, 1.2858730554580688, 1.250429391860962, 1.3344049453735352, 1.3362685441970825, 1.3104207515716553, 1.270326852798462, 1.3640576601028442, 1.3232964277267456, 1.382191777229309, 1.3266946077346802, 1.2382500171661377, 1.3230394124984741, 1.260175108909607, 1.2820048332214355, 1.300050139427185, 1.3669251203536987, 1.244542121887207]",sae,Pre-64
1,beta,11,0.078,0.4566976193509867,0.4496008864727478,0.436800243847075,0.5,0.5995106990682213,0.710731551716065,30,"[0, 1, 2, 3, 4, 5, 6, 7, 8, 9, 10, 11, 12, 13, 14, 15, 16, 17, 18, 19, 20, 21, 22, 23, 24, 25, 26, 27, 28, 29]","[1.4605025053024292, 1.2668501138687134, 1.4172307252883911, 1.339247465133667, 1.4945652484893799, 1.360791802406311, 1.3682953119277954, 1.2480106353759766, 1.479478359222412, 1.4810683727264404, 1.496628999710083, 1.5102654695510864, 1.5122333765029907, 1.4064702987670898, 1.377138614654541, 1.381540060043335, 1.4336439371109009, 1.3613907098770142, 1.3906066417694092, 1.4515610933303833, 1.4204193353652954, 1.4362529516220093, 1.4940904378890991, 1.411736011505127, 1.4015471935272217, 1.4674755334854126, 1.4964243173599243, 1.3529365062713623, 1.394374132156372, 1.3749279975891113]",sae,Pre-64
1,beta,26,0.14,0.4502231978181314,0.4442488029476733,0.4543279596191928,0.5,0.5832450787939482,0.6467159710436486,30,"[0, 1, 2, 3, 4, 5, 6, 7, 8, 9, 10, 11, 12, 13, 14, 15, 16, 17, 18, 19, 20, 21, 22, 23, 24, 25, 26, 27, 28, 29]","[1.1928744316101074, 1.240523338317871, 1.3458832502365112, 1.156396508216858, 1.240371823310852, 1.2882755994796753, 1.2576619386672974, 1.1638188362121582, 1.2436749935150146, 1.2316968441009521, 1.1425197124481201, 1.3435767889022827, 1.2971222400665283, 1.243348240852356, 1.2939717769622803, 1.1718794107437134, 1.2391998767852783, 1.1536227464675903, 1.268748164176941, 1.2480716705322266, 1.1861118078231812, 1.333526611328125, 1.254516839981079, 1.2726891040802002, 1.3419573307037354, 1.342020034790039, 1.2191095352172852, 1.266580581665039, 1.0913407802581787, 1.2033088207244873]",sae,Pre-64
1,beta,20,0.1,0.4408022875601419,0.4262939306313442,0.4358783025438692,0.5,0.6176087118064704,0.650473893628951,30,"[0, 1, 2, 3, 4, 5, 6, 7, 8, 9, 10, 11, 12, 13, 14, 15, 16, 17, 18, 19, 20, 21, 22, 23, 24, 25, 26, 27, 28, 29]","[1.4315766096115112, 1.5023125410079956, 1.439645528793335, 1.5463591814041138, 1.4940630197525024, 1.512289047241211, 1.508933424949646, 1.4297490119934082, 1.4758257865905762, 1.4345145225524902, 1.4477545022964478, 1.4404598474502563, 1.5584609508514404, 1.390483021736145, 1.4462677240371704, 1.5453264713287354, 1.4366307258605957, 1.40813410282135, 1.4768551588058472, 1.4761673212051392, 1.4702980518341064, 1.3774502277374268, 1.495865821838379, 1.5504671335220337, 1.5151327848434448, 1.4022172689437866, 1.4460742473602295, 1.4882535934448242, 1.4007105827331543, 1.5492546558380127]",sae,Pre-64
1,beta,0,0.13,0.4600628296558519,0.4487196928272481,0.4296173038364927,0.5,0.6146148452673732,0.7222082802906209,30,"[0, 1, 2, 3, 4, 5, 6, 7, 8, 9, 10, 11, 12, 13, 14, 15, 16, 17, 18, 19, 20, 21, 22, 23, 24, 25, 26, 27, 28, 29]","[1.2528079748153687, 1.2952123880386353, 1.268641471862793, 1.3132286071777344, 1.2389061450958252, 1.2697689533233643, 1.3007323741912842, 1.3351832628250122, 1.3152830600738525, 1.285262942314148, 1.26949143409729, 1.275503396987915, 1.321656346321106, 1.3085564374923706, 1.3253535032272339, 1.2696263790130615, 1.2903804779052734, 1.230654001235962, 1.1567553281784058, 1.3092198371887207, 1.2403007745742798, 1.2370152473449707, 1.31813645362854, 1.2612624168395996, 1.2521765232086182, 1.1973987817764282, 1.3213149309158325, 1.2214508056640625, 1.3035805225372314, 1.2129055261611938]",sae,Pre-64
1,beta,19,0.092,0.4469965829377276,0.435497383761294,0.4137597866860107,0.5,0.6104665954706788,0.713357100229293,30,"[0, 1, 2, 3, 4, 5, 6, 7, 8, 9, 10, 11, 12, 13, 14, 15, 16, 17, 18, 19, 20, 21, 22, 23, 24, 25, 26, 27, 28, 29]","[1.3314710855484009, 1.3447885513305664, 1.4209340810775757, 1.3646198511123657, 1.2833245992660522, 1.2976480722427368, 1.3361340761184692, 1.4074620008468628, 1.3126435279846191, 1.4270248413085938, 1.41996431350708, 1.4471900463104248, 1.3344521522521973, 1.348600149154663, 1.2635079622268677, 1.2827156782150269, 1.4104323387145996, 1.4441039562225342, 1.296077013015747, 1.32337486743927, 1.4598482847213745, 1.325840950012207, 1.3322886228561401, 1.327396273612976, 1.323686957359314, 1.4217501878738403, 1.4342715740203857, 1.3507225513458252, 1.305548071861267, 1.3005268573760986]",sae,Pre-64
1,beta,45,0.08,0.4515599815008028,0.4347157609968581,0.4472396043429694,0.5,0.6289673345145609,0.6764723698756683,30,"[0, 1, 2, 3, 4, 5, 6, 7, 8, 9, 10, 11, 12, 13, 14, 15, 16, 17, 18, 19, 20, 21, 22, 23, 24, 25, 26, 27, 28, 29]","[1.5473335981369019, 1.5391651391983032, 1.4324523210525513, 1.6123322248458862, 1.6083292961120605, 1.4644370079040527, 1.6198993921279907, 1.595898151397705, 1.4750510454177856, 1.4352409839630127, 1.5447202920913696, 1.6238267421722412, 1.578264594078064, 1.4928025007247925, 1.5026741027832031, 1.5209351778030396, 1.534481167793274, 1.4086995124816895, 1.5341533422470093, 1.526542067527771, 1.5774445533752441, 1.4755109548568726, 1.5874063968658447, 1.454999566078186, 1.4344009160995483, 1.6135053634643555, 1.4669073820114136, 1.4822715520858765, 1.4095407724380493, 1.6142958402633667]",sae,Pre-64
1,beta,38,0.15,0.4455661720406026,0.4298851252298221,0.4370368822407912,0.5,0.6303640517897944,0.6627357197258188,30,"[0, 1, 2, 3, 4, 5, 6, 7, 8, 9, 10, 11, 12, 13, 14, 15, 16, 17, 18, 19, 20, 21, 22, 23, 24, 25, 26, 27, 28, 29]","[1.3120194673538208, 1.2916821241378784, 1.3239589929580688, 1.3542355298995972, 1.320695400238037, 1.2099922895431519, 1.3690582513809204, 1.3264904022216797, 1.1812688112258911, 1.3392318487167358, 1.3196717500686646, 1.333925485610962, 1.348152756690979, 1.31416654586792, 1.360520839691162, 1.297346591949463, 1.303816556930542, 1.3779144287109375, 1.2676810026168823, 1.3325738906860352, 1.3112272024154663, 1.3209103345870972, 1.370682716369629, 1.274924635887146, 1.3149564266204834, 1.3686378002166748, 1.2663956880569458, 1.3735957145690918, 1.2996559143066406, 1.3827086687088013]",sae,Pre-64
1,beta,47,0.092,0.4460371044958436,0.4257646434940195,0.4051370781990372,0.5,0.6434257056516428,0.7317961165048543,30,"[0, 1, 2, 3, 4, 5, 6, 7, 8, 9, 10, 11, 12, 13, 14, 15, 16, 17, 18, 19, 20, 21, 22, 23, 24, 25, 26, 27, 28, 29]","[1.4618353843688965, 1.3027880191802979, 1.3138813972473145, 1.3273930549621582, 1.4099711179733276, 1.4475419521331787, 1.3967466354370117, 1.4090386629104614, 1.401989459991455, 1.3404123783111572, 1.3441777229309082, 1.2759050130844116, 1.3232152462005615, 1.462387204170227, 1.2952197790145874, 1.4213472604751587, 1.3417229652404785, 1.4074857234954834, 1.2504205703735352, 1.2942688465118408, 1.340061902999878, 1.3886020183563232, 1.4131290912628174, 1.306706190109253, 1.3974745273590088, 1.2780144214630127, 1.2472903728485107, 1.386400818824768, 1.2973650693893433, 1.378142237663269]",sae,Pre-64
1,beta,19,0.11,0.4469965829377276,0.435497383761294,0.4137524037420974,0.5,0.6104665954706788,0.7133476772308949,30,"[0, 1, 2, 3, 4, 5, 6, 7, 8, 9, 10, 11, 12, 13, 14, 15, 16, 17, 18, 19, 20, 21, 22, 23, 24, 25, 26, 27, 28, 29]","[1.330194354057312, 1.3435157537460327, 1.419665813446045, 1.3633476495742798, 1.2820677757263184, 1.2963824272155762, 1.334863305091858, 1.4061988592147827, 1.3113681077957153, 1.4257618188858032, 1.4187058210372925, 1.4459270238876343, 1.3331825733184814, 1.3473366498947144, 1.2622472047805786, 1.2814491987228394, 1.4091591835021973, 1.4428375959396362, 1.2948163747787476, 1.322105884552002, 1.4585840702056885, 1.3245676755905151, 1.3310233354568481, 1.3261343240737915, 1.3224228620529175, 1.4204851388931274, 1.4330034255981445, 1.3494514226913452, 1.304280161857605, 1.2992502450942993]",sae,Pre-64
1,beta,47,0.11,0.4460371044958436,0.4257646434940195,0.4051310829263828,0.5,0.6434257056516428,0.7317784350286118,30,"[0, 1, 2, 3, 4, 5, 6, 7, 8, 9, 10, 11, 12, 13, 14, 15, 16, 17, 18, 19, 20, 21, 22, 23, 24, 25, 26, 27, 28, 29]","[1.4605649709701538, 1.301526427268982, 1.3126037120819092, 1.3261299133300781, 1.4087026119232178, 1.4462707042694092, 1.395473837852478, 1.4077796936035156, 1.400726318359375, 1.339138150215149, 1.3429036140441895, 1.274636149406433, 1.3219484090805054, 1.4611179828643799, 1.2939618825912476, 1.4200842380523682, 1.3404631614685059, 1.4062179327011108, 1.2491579055786133, 1.2929919958114624, 1.3387956619262695, 1.3873285055160522, 1.4118705987930298, 1.3054344654083252, 1.3962043523788452, 1.2767544984817505, 1.246023416519165, 1.3851336240768433, 1.2960847616195679, 1.376874327659607]",sae,Pre-64
1,beta,17,0.086,0.4599327030141671,0.4513468217402507,0.4455360554159515,0.5,0.6120635717004715,0.6968020173528516,30,"[0, 1, 2, 3, 4, 5, 6, 7, 8, 9, 10, 11, 12, 13, 14, 15, 16, 17, 18, 19, 20, 21, 22, 23, 24, 25, 26, 27, 28, 29]","[1.5260823965072632, 1.402417778968811, 1.4367386102676392, 1.4603840112686157, 1.5414942502975464, 1.4240142107009888, 1.4870511293411255, 1.3312582969665527, 1.4449001550674438, 1.4551926851272583, 1.5092209577560425, 1.5180481672286987, 1.4527536630630493, 1.5315698385238647, 1.4544947147369385, 1.4559448957443237, 1.5256930589675903, 1.4551361799240112, 1.5084763765335083, 1.475974202156067, 1.3975105285644531, 1.4740198850631714, 1.3144315481185913, 1.4425691366195679, 1.4521362781524658, 1.4464893341064453, 1.4189932346343994, 1.453411340713501, 1.419238567352295, 1.509342908859253]",sae,Pre-64
1,beta,20,0.135,0.4408022875601419,0.4262939306313442,0.431989054490434,0.5,0.6176087118064704,0.6484219308378764,30,"[0, 1, 2, 3, 4, 5, 6, 7, 8, 9, 10, 11, 12, 13, 14, 15, 16, 17, 18, 19, 20, 21, 22, 23, 24, 25, 26, 27, 28, 29]","[1.2501884698867798, 1.3255860805511475, 1.2714463472366333, 1.3531302213668823, 1.3286315202713013, 1.3142145872116089, 1.3211510181427002, 1.2503747940063477, 1.3189433813095093, 1.2664307355880737, 1.2724173069000244, 1.2620117664337158, 1.3570019006729126, 1.2234138250350952, 1.2539710998535156, 1.3559807538986206, 1.2394765615463257, 1.25685453414917, 1.2980306148529053, 1.2923868894577026, 1.3006566762924194, 1.227504849433899, 1.3190436363220215, 1.3662068843841553, 1.323081612586975, 1.2385510206222534, 1.265875220298767, 1.3022127151489258, 1.2524453401565552, 1.347090721130371]",sae,Pre-64
1,beta,10,0.115,0.4493907433353129,0.4390813823454372,0.443368499930835,0.5,0.6232207829487961,0.6760271269152104,30,"[0, 1, 2, 3, 4, 5, 6, 7, 8, 9, 10, 11, 12, 13, 14, 15, 16, 17, 18, 19, 20, 21, 22, 23, 24, 25, 26, 27, 28, 29]","[1.3971061706542969, 1.3083895444869995, 1.4719678163528442, 1.395166277885437, 1.3879752159118652, 1.3991730213165283, 1.4872636795043945, 1.4137340784072876, 1.297115683555603, 1.4439631700515747, 1.4042359590530396, 1.4243965148925781, 1.4206879138946533, 1.3984109163284302, 1.4668570756912231, 1.4201821088790894, 1.4299921989440918, 1.3409062623977661, 1.3940664529800415, 1.3553327322006226, 1.375540852546692, 1.404417872428894, 1.463017225265503, 1.467621922492981, 1.3999487161636353, 1.3411990404129028, 1.3999278545379639, 1.4088693857192993, 1.3998749256134033, 1.452038049697876]",sae,Pre-64
1,beta,32,0.11,0.4555596844830426,0.4475674839123162,0.4708198149464908,0.5,0.5924839124839124,0.6331325611325611,30,"[0, 1, 2, 3, 4, 5, 6, 7, 8, 9, 10, 11, 12, 13, 14, 15, 16, 17, 18, 19, 20, 21, 22, 23, 24, 25, 26, 27, 28, 29]","[1.4886066913604736, 1.4101817607879639, 1.4894729852676392, 1.4240304231643677, 1.4333100318908691, 1.4978982210159302, 1.4291421175003052, 1.409445881843567, 1.3860814571380615, 1.3950724601745605, 1.4104890823364258, 1.3851714134216309, 1.4287165403366089, 1.3483221530914307, 1.3371502161026, 1.3421109914779663, 1.3691565990447998, 1.4327597618103027, 1.3792368173599243, 1.4092293977737427, 1.493817925453186, 1.409996509552002, 1.3325847387313843, 1.4954307079315186, 1.424246072769165, 1.3550361394882202, 1.4711202383041382, 1.2911063432693481, 1.4997273683547974, 1.4925627708435059]",sae,Pre-64
1,beta,28,0.09,0.4589844236982603,0.4495627040154577,0.4417042528060003,0.5,0.5987249917034086,0.6982129734983169,30,"[0, 1, 2, 3, 4, 5, 6, 7, 8, 9, 10, 11, 12, 13, 14, 15, 16, 17, 18, 19, 20, 21, 22, 23, 24, 25, 26, 27, 28, 29]","[1.4464691877365112, 1.3298484086990356, 1.3192616701126099, 1.538694143295288, 1.4927575588226318, 1.4765337705612183, 1.437333106994629, 1.3702667951583862, 1.470921277999878, 1.5025914907455444, 1.4325002431869507, 1.4630545377731323, 1.5103516578674316, 1.5204287767410278, 1.4534292221069336, 1.4004719257354736, 1.435233235359192, 1.4916781187057495, 1.4663366079330444, 1.4664618968963623, 1.4010639190673828, 1.4211822748184204, 1.4230902194976807, 1.3713023662567139, 1.402843713760376, 1.4914255142211914, 1.530212640762329, 1.4133551120758057, 1.3921010494232178, 1.4043457508087158]",sae,Pre-64
1,beta,32,0.145,0.4555596844830426,0.4475674839123162,0.4655187818485291,0.5,0.5924839124839124,0.6294377642949072,30,"[0, 1, 2, 3, 4, 5, 6, 7, 8, 9, 10, 11, 12, 13, 14, 15, 16, 17, 18, 19, 20, 21, 22, 23, 24, 25, 26, 27, 28, 29]","[1.336708426475525, 1.2423657178878784, 1.334338665008545, 1.2671161890029907, 1.272360920906067, 1.3534895181655884, 1.280569314956665, 1.2552355527877808, 1.2558785676956177, 1.2585355043411255, 1.2546521425247192, 1.2474833726882935, 1.278898000717163, 1.200719952583313, 1.1903609037399292, 1.208095669746399, 1.2376326322555542, 1.2765724658966064, 1.2217116355895996, 1.2599185705184937, 1.3403654098510742, 1.2590844631195068, 1.2087838649749756, 1.3363689184188843, 1.2736854553222656, 1.2111504077911377, 1.3250223398208618, 1.1300362348556519, 1.3438692092895508, 1.335668921470642]",sae,Pre-64
1,beta,8,0.088,0.4517491928182039,0.4406431065890545,0.4394461398099359,0.5,0.6098144493254953,0.6783514781095478,30,"[0, 1, 2, 3, 4, 5, 6, 7, 8, 9, 10, 11, 12, 13, 14, 15, 16, 17, 18, 19, 20, 21, 22, 23, 24, 25, 26, 27, 28, 29]","[1.3876527547836304, 1.4994717836380005, 1.4162530899047852, 1.447359323501587, 1.508347749710083, 1.443756341934204, 1.492230772972107, 1.4043917655944824, 1.4507369995117188, 1.4999738931655884, 1.5081509351730347, 1.431986689567566, 1.4155267477035522, 1.4485516548156738, 1.4774377346038818, 1.392961859703064, 1.4146642684936523, 1.4506083726882935, 1.3612041473388672, 1.4307523965835571, 1.4036592245101929, 1.3794182538986206, 1.4828780889511108, 1.4153239727020264, 1.4824368953704834, 1.486512303352356, 1.3841456174850464, 1.4821479320526123, 1.4530246257781982, 1.4531888961791992]",sae,Pre-64
1,beta,10,0.15,0.4493907433353129,0.4390813823454372,0.4432957809481533,0.5,0.6232207829487961,0.6760443503534392,30,"[0, 1, 2, 3, 4, 5, 6, 7, 8, 9, 10, 11, 12, 13, 14, 15, 16, 17, 18, 19, 20, 21, 22, 23, 24, 25, 26, 27, 28, 29]","[1.3919429779052734, 1.3032264709472656, 1.466813325881958, 1.3899699449539185, 1.3827719688415527, 1.3939791917800903, 1.4820959568023682, 1.408530354499817, 1.291916847229004, 1.438775658607483, 1.3990405797958374, 1.4191970825195312, 1.4155088663101196, 1.3932691812515259, 1.461674451828003, 1.4149779081344604, 1.4247934818267822, 1.335677146911621, 1.388884425163269, 1.3501403331756592, 1.37035071849823, 1.3992482423782349, 1.4578145742416382, 1.4624496698379517, 1.39482843875885, 1.3359590768814087, 1.3947242498397827, 1.403672695159912, 1.3946846723556519, 1.446897268295288]",sae,Pre-64
1,beta,25,0.115,0.4465066892532915,0.4352791138475453,0.4389174354081271,0.5,0.6270054355300688,0.6628341894243361,30,"[0, 1, 2, 3, 4, 5, 6, 7, 8, 9, 10, 11, 12, 13, 14, 15, 16, 17, 18, 19, 20, 21, 22, 23, 24, 25, 26, 27, 28, 29]","[1.374891757965088, 1.3856219053268433, 1.2841992378234863, 1.4084666967391968, 1.404486894607544, 1.3945125341415405, 1.281171202659607, 1.3049440383911133, 1.3521161079406738, 1.2566405534744263, 1.4060975313186646, 1.3243309259414673, 1.3877078294754028, 1.313002109527588, 1.2961225509643555, 1.322688341140747, 1.1914767026901245, 1.2325465679168701, 1.2756785154342651, 1.3014991283416748, 1.4180165529251099, 1.2165104150772095, 1.3690965175628662, 1.3183348178863525, 1.3518626689910889, 1.3035171031951904, 1.43255615234375, 1.383623480796814, 1.4036840200424194, 1.2582802772521973]",sae,Pre-64
1,beta,25,0.094,0.4465066892532915,0.4352791138475453,0.4389289272665629,0.5,0.6270054355300688,0.6628401691053799,30,"[0, 1, 2, 3, 4, 5, 6, 7, 8, 9, 10, 11, 12, 13, 14, 15, 16, 17, 18, 19, 20, 21, 22, 23, 24, 25, 26, 27, 28, 29]","[1.3757760524749756, 1.3865021467208862, 1.2850817441940308, 1.4093453884124756, 1.405364990234375, 1.3953925371170044, 1.2820481061935425, 1.3058207035064697, 1.3530009984970093, 1.2575173377990723, 1.4069777727127075, 1.3252090215682983, 1.3885893821716309, 1.3138821125030518, 1.2970070838928223, 1.3235703706741333, 1.1923511028289795, 1.2334312200546265, 1.2765651941299438, 1.3023872375488281, 1.4188990592956543, 1.2173875570297241, 1.3699777126312256, 1.319220781326294, 1.3527464866638184, 1.3043978214263916, 1.433436632156372, 1.3845057487487793, 1.4045679569244385, 1.2591623067855835]",sae,Pre-64
1,beta,28,0.084,0.4589844236982603,0.4495627040154577,0.4417195853733817,0.5,0.5987249917034086,0.69821889963495,30,"[0, 1, 2, 3, 4, 5, 6, 7, 8, 9, 10, 11, 12, 13, 14, 15, 16, 17, 18, 19, 20, 21, 22, 23, 24, 25, 26, 27, 28, 29]","[1.4481135606765747, 1.3315197229385376, 1.320898175239563, 1.5403430461883545, 1.4944058656692505, 1.4781999588012695, 1.4389777183532715, 1.3719079494476318, 1.4725958108901978, 1.5042511224746704, 1.4341795444488525, 1.4647303819656372, 1.5120042562484741, 1.5220860242843628, 1.4550760984420776, 1.4021204710006714, 1.4368773698806763, 1.4933444261550903, 1.4679948091506958, 1.4681237936019897, 1.4027104377746582, 1.4228492975234985, 1.4247347116470337, 1.372941255569458, 1.4044885635375977, 1.493080973625183, 1.5318745374679565, 1.4150328636169434, 1.3937745094299316, 1.4059808254241943]",sae,Pre-64
1,beta,0,0.165,0.4600628296558519,0.4487196928272481,0.4296173038364927,0.5,0.6146148452673732,0.7222113221666066,30,"[0, 1, 2, 3, 4, 5, 6, 7, 8, 9, 10, 11, 12, 13, 14, 15, 16, 17, 18, 19, 20, 21, 22, 23, 24, 25, 26, 27, 28, 29]","[1.2522971630096436, 1.2947006225585938, 1.2681293487548828, 1.3127185106277466, 1.2383939027786255, 1.2692561149597168, 1.3002222776412964, 1.3346728086471558, 1.3147711753845215, 1.284751296043396, 1.268979787826538, 1.274993896484375, 1.3211469650268555, 1.3080456256866455, 1.3248436450958252, 1.2691160440444946, 1.2898706197738647, 1.2301419973373413, 1.1562440395355225, 1.308709979057312, 1.239790439605713, 1.23650324344635, 1.317625641822815, 1.2607505321502686, 1.251664161682129, 1.1968873739242554, 1.3208034038543701, 1.2209389209747314, 1.3030710220336914, 1.2123926877975464]",sae,Pre-64
1,beta,16,0.155,0.4519396108125126,0.4401978349795346,0.4304955081273376,0.5,0.6159012314439947,0.7167483010410642,30,"[0, 1, 2, 3, 4, 5, 6, 7, 8, 9, 10, 11, 12, 13, 14, 15, 16, 17, 18, 19, 20, 21, 22, 23, 24, 25, 26, 27, 28, 29]","[1.271451473236084, 1.2345751523971558, 1.239657998085022, 1.3185181617736816, 1.3109755516052246, 1.2535589933395386, 1.3167861700057983, 1.2931039333343506, 1.2641044855117798, 1.3188376426696777, 1.319275140762329, 1.302739143371582, 1.2587451934814453, 1.2797731161117554, 1.1981228590011597, 1.248144507408142, 1.3277997970581055, 1.1542938947677612, 1.2654391527175903, 1.3002701997756958, 1.3486324548721313, 1.3162708282470703, 1.321956753730774, 1.3125141859054565, 1.2022602558135986, 1.2910699844360352, 1.2129063606262207, 1.2674665451049805, 1.223805546760559, 1.247516393661499]",sae,Pre-64
1,beta,3,0.086,0.4557259332451328,0.444824285747971,0.4644330719002759,0.5,0.6042731979176,0.6522603173318456,30,"[0, 1, 2, 3, 4, 5, 6, 7, 8, 9, 10, 11, 12, 13, 14, 15, 16, 17, 18, 19, 20, 21, 22, 23, 24, 25, 26, 27, 28, 29]","[1.3996200561523438, 1.42653489112854, 1.411184549331665, 1.3691561222076416, 1.4045891761779785, 1.4412283897399902, 1.3971632719039917, 1.4447731971740723, 1.200103998184204, 1.4697059392929077, 1.3615000247955322, 1.4677660465240479, 1.403321385383606, 1.3792858123779297, 1.4786124229431152, 1.398189902305603, 1.4039268493652344, 1.4293687343597412, 1.3633204698562622, 1.3661991357803345, 1.3116416931152344, 1.3776485919952393, 1.3743802309036255, 1.4892537593841553, 1.4600129127502441, 1.3890701532363892, 1.392162561416626, 1.3856967687606812, 1.4545923471450806, 1.3917757272720337]",sae,Pre-64
1,beta,16,0.12,0.4519396108125126,0.4401978349795346,0.4306373501406033,0.5,0.6159012314439947,0.7167565849720455,30,"[0, 1, 2, 3, 4, 5, 6, 7, 8, 9, 10, 11, 12, 13, 14, 15, 16, 17, 18, 19, 20, 21, 22, 23, 24, 25, 26, 27, 28, 29]","[1.2728196382522583, 1.2359482049942017, 1.2410255670547485, 1.3198816776275635, 1.3123366832733154, 1.2549281120300293, 1.3181512355804443, 1.29447340965271, 1.2654616832733154, 1.320199728012085, 1.3206342458724976, 1.3041021823883057, 1.2601114511489868, 1.281132698059082, 1.1994836330413818, 1.2495065927505493, 1.3291559219360352, 1.1556626558303833, 1.2668002843856812, 1.3016316890716553, 1.349990963935852, 1.3176378011703491, 1.3233176469802856, 1.3138821125030518, 1.2036197185516357, 1.292435884475708, 1.2142658233642578, 1.2688212394714355, 1.225161075592041, 1.2488832473754883]",sae,Pre-64
1,beta,31,0.12,0.4497611378811508,0.4308970333737342,0.4285981848998714,0.5,0.642735734520437,0.7085274903162397,30,"[0, 1, 2, 3, 4, 5, 6, 7, 8, 9, 10, 11, 12, 13, 14, 15, 16, 17, 18, 19, 20, 21, 22, 23, 24, 25, 26, 27, 28, 29]","[1.2938140630722046, 1.2764397859573364, 1.2284704446792603, 1.2195813655853271, 1.2936882972717285, 1.3198965787887573, 1.2338342666625977, 1.295704960823059, 1.2766685485839844, 1.2831116914749146, 1.2810052633285522, 1.2910432815551758, 1.3184504508972168, 1.1609026193618774, 1.3354443311691284, 1.2758139371871948, 1.2831865549087524, 1.2671661376953125, 1.2848328351974487, 1.244110345840454, 1.3386210203170776, 1.2956345081329346, 1.3253705501556396, 1.3120533227920532, 1.2838943004608154, 1.2941616773605347, 1.2062873840332031, 1.3424744606018066, 1.2312006950378418, 1.3142626285552979]",sae,Pre-64
1,beta,31,0.086,0.4497611378811508,0.4308970333737342,0.4335440701728615,0.5,0.642735734520437,0.7099786090073423,30,"[0, 1, 2, 3, 4, 5, 6, 7, 8, 9, 10, 11, 12, 13, 14, 15, 16, 17, 18, 19, 20, 21, 22, 23, 24, 25, 26, 27, 28, 29]","[1.556196928024292, 1.5170841217041016, 1.4332780838012695, 1.4575309753417969, 1.5077730417251587, 1.594793438911438, 1.4709949493408203, 1.5278520584106445, 1.4776384830474854, 1.5466222763061523, 1.4981833696365356, 1.5265592336654663, 1.5610802173614502, 1.396733283996582, 1.5606858730316162, 1.4970232248306274, 1.5209380388259888, 1.5204416513442993, 1.5343924760818481, 1.4893585443496704, 1.5784379243850708, 1.520241141319275, 1.5735150575637817, 1.5251777172088623, 1.514481782913208, 1.541191577911377, 1.4338819980621338, 1.5868518352508545, 1.4302114248275757, 1.5271071195602417]",sae,Pre-64
1,beta,22,0.125,0.4519005213187685,0.4442985770479847,0.4419900696046719,0.5,0.5939599289403404,0.6814080165649008,30,"[0, 1, 2, 3, 4, 5, 6, 7, 8, 9, 10, 11, 12, 13, 14, 15, 16, 17, 18, 19, 20, 21, 22, 23, 24, 25, 26, 27, 28, 29]","[1.3105279207229614, 1.362233281135559, 1.3742491006851196, 1.3760313987731934, 1.4276424646377563, 1.3413009643554688, 1.3392969369888306, 1.3306655883789062, 1.3156440258026123, 1.3500453233718872, 1.3125724792480469, 1.420486569404602, 1.375431776046753, 1.4062116146087646, 1.2975456714630127, 1.3895460367202759, 1.3992490768432617, 1.3717530965805054, 1.2971771955490112, 1.3186562061309814, 1.3811640739440918, 1.3826738595962524, 1.381849765777588, 1.3446711301803589, 1.3704960346221924, 1.4157378673553467, 1.3113895654678345, 1.3105672597885132, 1.452999472618103, 1.2973886728286743]",sae,Pre-64
1,beta,6,0.092,0.4540822999211705,0.4457917896713532,0.4483873053447542,0.5,0.5933447799067053,0.6641833680275934,30,"[0, 1, 2, 3, 4, 5, 6, 7, 8, 9, 10, 11, 12, 13, 14, 15, 16, 17, 18, 19, 20, 21, 22, 23, 24, 25, 26, 27, 28, 29]","[1.4740796089172363, 1.5094486474990845, 1.4238481521606445, 1.5202745199203491, 1.4051648378372192, 1.4163578748703003, 1.411088466644287, 1.4936124086380005, 1.4031342267990112, 1.5020251274108887, 1.428758144378662, 1.3684276342391968, 1.4199135303497314, 1.3886009454727173, 1.2212693691253662, 1.4982283115386963, 1.3845736980438232, 1.4614877700805664, 1.4464590549468994, 1.4599964618682861, 1.4378533363342285, 1.3999285697937012, 1.5103838443756104, 1.4434523582458496, 1.3837571144104004, 1.4509068727493286, 1.40128493309021, 1.385668158531189, 1.4477604627609253, 1.4731425046920776]",sae,Pre-64
1,beta,22,0.16,0.4519005213187685,0.4442985770479847,0.4419692677056059,0.5,0.5939599289403404,0.6814094871704374,30,"[0, 1, 2, 3, 4, 5, 6, 7, 8, 9, 10, 11, 12, 13, 14, 15, 16, 17, 18, 19, 20, 21, 22, 23, 24, 25, 26, 27, 28, 29]","[1.3084708452224731, 1.3601754903793335, 1.3721930980682373, 1.3739752769470215, 1.4255808591842651, 1.3392246961593628, 1.3372467756271362, 1.3285932540893555, 1.3135854005813599, 1.3479933738708496, 1.3105121850967407, 1.4184279441833496, 1.3733779191970825, 1.4041521549224854, 1.295470118522644, 1.3874900341033936, 1.3971878290176392, 1.3696799278259277, 1.2951072454452515, 1.3165990114212036, 1.3790977001190186, 1.3806097507476807, 1.379776954650879, 1.3426003456115723, 1.3684487342834473, 1.4136755466461182, 1.3093310594558716, 1.3084977865219116, 1.450943946838379, 1.295310139656067]",sae,Pre-64
1,beta,44,0.12,0.4469012312759677,0.43811650775401,0.4572239168099531,0.5,0.5982762074796864,0.6215463753513284,30,"[0, 1, 2, 3, 4, 5, 6, 7, 8, 9, 10, 11, 12, 13, 14, 15, 16, 17, 18, 19, 20, 21, 22, 23, 24, 25, 26, 27, 28, 29]","[1.3509825468063354, 1.3547614812850952, 1.2988901138305664, 1.3283089399337769, 1.3443673849105835, 1.4008440971374512, 1.3772422075271606, 1.2964675426483154, 1.3639106750488281, 1.4147168397903442, 1.3435455560684204, 1.3198312520980835, 1.3491395711898804, 1.3158780336380005, 1.4179338216781616, 1.416932463645935, 1.2858927249908447, 1.193913459777832, 1.359513521194458, 1.3462823629379272, 1.3181052207946777, 1.292785882949829, 1.3389331102371216, 1.3468689918518066, 1.4025884866714478, 1.3021388053894043, 1.3235317468643188, 1.3463826179504395, 1.3416186571121216, 1.3604168891906738]",sae,Pre-64
1,beta,31,0.095,0.4497611378811508,0.4308970333737342,0.4311746006164276,0.5,0.642735734520437,0.7096866508643117,30,"[0, 1, 2, 3, 4, 5, 6, 7, 8, 9, 10, 11, 12, 13, 14, 15, 16, 17, 18, 19, 20, 21, 22, 23, 24, 25, 26, 27, 28, 29]","[1.4216814041137695, 1.391295313835144, 1.3256571292877197, 1.3318177461624146, 1.3970528841018677, 1.450555682182312, 1.346481204032898, 1.4000288248062134, 1.3751797676086426, 1.4064106941223145, 1.3946142196655273, 1.3997802734375, 1.4304476976394653, 1.260595679283142, 1.4450773000717163, 1.3831150531768799, 1.4028702974319458, 1.392444133758545, 1.403157114982605, 1.3641070127487183, 1.4525339603424072, 1.4000595808029175, 1.4426419734954834, 1.4196280241012573, 1.3939526081085205, 1.410020112991333, 1.3216959238052368, 1.4606282711029053, 1.3254560232162476, 1.41879141330719]",sae,Pre-64
1,beta,3,0.12,0.4557259332451328,0.444824285747971,0.4639857572299545,0.5,0.6042731979176,0.6522689891804236,30,"[0, 1, 2, 3, 4, 5, 6, 7, 8, 9, 10, 11, 12, 13, 14, 15, 16, 17, 18, 19, 20, 21, 22, 23, 24, 25, 26, 27, 28, 29]","[1.3967946767807007, 1.4237231016159058, 1.4083564281463623, 1.3663612604141235, 1.401769757270813, 1.4384324550628662, 1.3943469524383545, 1.44196617603302, 1.197277307510376, 1.4668909311294556, 1.35868501663208, 1.4649486541748047, 1.4005111455917358, 1.3765027523040771, 1.475799322128296, 1.39535653591156, 1.401113748550415, 1.4265563488006592, 1.360504388809204, 1.3633718490600586, 1.308835506439209, 1.3748270273208618, 1.371566653251648, 1.486447811126709, 1.457210898399353, 1.3862433433532715, 1.3893334865570068, 1.3828679323196411, 1.4517744779586792, 1.388966679573059]",sae,Pre-64
1,beta,44,0.155,0.4469012312759677,0.43811650775401,0.4545270505614773,0.5,0.5982762074796864,0.6215449022761956,30,"[0, 1, 2, 3, 4, 5, 6, 7, 8, 9, 10, 11, 12, 13, 14, 15, 16, 17, 18, 19, 20, 21, 22, 23, 24, 25, 26, 27, 28, 29]","[1.3495112657546997, 1.3532871007919312, 1.2974249124526978, 1.3268450498580933, 1.3428910970687866, 1.3993738889694214, 1.375778317451477, 1.2949923276901245, 1.36243736743927, 1.4132527112960815, 1.3420711755752563, 1.318365216255188, 1.3476661443710327, 1.314407467842102, 1.4164642095565796, 1.4154647588729858, 1.2844189405441284, 1.1924484968185425, 1.3580403327941895, 1.3448119163513184, 1.3166389465332031, 1.291318655014038, 1.337461233139038, 1.3453915119171143, 1.4011188745498657, 1.3006694316864014, 1.3220691680908203, 1.3449084758758545, 1.3401488065719604, 1.3589444160461426]",sae,Pre-64
1,beta,28,0.165,0.4589844236982603,0.4495627040154577,0.4363597930098649,0.5,0.5987249917034086,0.6954499122931779,30,"[0, 1, 2, 3, 4, 5, 6, 7, 8, 9, 10, 11, 12, 13, 14, 15, 16, 17, 18, 19, 20, 21, 22, 23, 24, 25, 26, 27, 28, 29]","[1.1352343559265137, 1.0775038003921509, 1.0399432182312012, 1.2336927652359009, 1.179149866104126, 1.2072476148605347, 1.1323752403259277, 1.10542631149292, 1.2175010442733765, 1.2215855121612549, 1.176476240158081, 1.2057819366455078, 1.218854308128357, 1.2209949493408203, 1.1551659107208252, 1.1379764080047607, 1.1653257608413696, 1.2166705131530762, 1.183241605758667, 1.1995640993118286, 1.135400652885437, 1.153017282485962, 1.1304819583892822, 1.08482027053833, 1.1267801523208618, 1.205606460571289, 1.2566165924072266, 1.1601134538650513, 1.1428003311157227, 1.122060775756836]",sae,Pre-64
1,beta,21,0.085,0.4504746503440228,0.4381370334360364,0.4402824714064824,0.5,0.6200058082774133,0.6872427983539093,30,"[0, 1, 2, 3, 4, 5, 6, 7, 8, 9, 10, 11, 12, 13, 14, 15, 16, 17, 18, 19, 20, 21, 22, 23, 24, 25, 26, 27, 28, 29]","[1.4402947425842285, 1.490989327430725, 1.6156977415084839, 1.6104062795639038, 1.5912679433822632, 1.5720038414001465, 1.4855130910873413, 1.4942790269851685, 1.6001765727996826, 1.5122122764587402, 1.5901556015014648, 1.5986864566802979, 1.4776227474212646, 1.5046602487564087, 1.5006567239761353, 1.4943797588348389, 1.495302438735962, 1.50679349899292, 1.4374394416809082, 1.6072640419006348, 1.4323054552078247, 1.6152303218841553, 1.4272205829620361, 1.445285439491272, 1.5008032321929932, 1.4588873386383057, 1.42641019821167, 1.4810552597045898, 1.5685232877731323, 1.553476095199585]",sae,Pre-64
1,beta,9,0.125,0.448644851968101,0.4348910401892977,0.4452059434259246,0.5,0.6286670530281078,0.6724166908142568,30,"[0, 1, 2, 3, 4, 5, 6, 7, 8, 9, 10, 11, 12, 13, 14, 15, 16, 17, 18, 19, 20, 21, 22, 23, 24, 25, 26, 27, 28, 29]","[1.426839828491211, 1.3490968942642212, 1.4362319707870483, 1.408496379852295, 1.342305302619934, 1.1931531429290771, 1.4120818376541138, 1.3455626964569092, 1.420078992843628, 1.2891796827316284, 1.3944487571716309, 1.3488869667053223, 1.3544161319732666, 1.393635869026184, 1.4496636390686035, 1.3612552881240845, 1.3291771411895752, 1.4233843088150024, 1.4398410320281982, 1.3198410272598267, 1.4186475276947021, 1.432498812675476, 1.3232288360595703, 1.4192742109298706, 1.4324464797973633, 1.419765830039978, 1.280792236328125, 1.236345887184143, 1.3354573249816895, 1.4442558288574219]",sae,Pre-64
1,beta,37,0.125,0.4546908257221888,0.444978337644671,0.4288732443028367,0.5,0.6058579085235571,0.7180834369454738,30,"[0, 1, 2, 3, 4, 5, 6, 7, 8, 9, 10, 11, 12, 13, 14, 15, 16, 17, 18, 19, 20, 21, 22, 23, 24, 25, 26, 27, 28, 29]","[1.300652027130127, 1.3686381578445435, 1.3433971405029297, 1.328197956085205, 1.264512300491333, 1.3718701601028442, 1.3156911134719849, 1.4067838191986084, 1.4535248279571533, 1.3725460767745972, 1.3434747457504272, 1.3479877710342407, 1.3824344873428345, 1.3485885858535767, 1.4076331853866577, 1.3546873331069946, 1.3394192457199097, 1.3984005451202393, 1.3552781343460083, 1.3577208518981934, 1.3717695474624634, 1.3779109716415405, 1.414530634880066, 1.3924691677093506, 1.3597850799560547, 1.4019465446472168, 1.3536350727081299, 1.378450632095337, 1.3921072483062744, 1.4070953130722046]",sae,Pre-64
1,beta,6,0.17,0.4540822999211705,0.4457917896713532,0.441152026805915,0.5,0.5933447799067053,0.6658304590278517,30,"[0, 1, 2, 3, 4, 5, 6, 7, 8, 9, 10, 11, 12, 13, 14, 15, 16, 17, 18, 19, 20, 21, 22, 23, 24, 25, 26, 27, 28, 29]","[1.286851406097412, 1.3154789209365845, 1.249894380569458, 1.3187260627746582, 1.2379350662231445, 1.2138302326202393, 1.2367910146713257, 1.2917110919952393, 1.2304242849349976, 1.308768630027771, 1.2431875467300415, 1.182120680809021, 1.244030237197876, 1.199328899383545, 1.0758775472640991, 1.3064587116241455, 1.201451063156128, 1.2760603427886963, 1.251462697982788, 1.273707389831543, 1.2435935735702515, 1.2227002382278442, 1.2959513664245605, 1.2773610353469849, 1.215183138847351, 1.2519772052764893, 1.2066622972488403, 1.2195876836776733, 1.2770918607711792, 1.2890241146087646]",sae,Pre-64
1,beta,17,0.08,0.4599327030141671,0.4513468217402507,0.4455580619893852,0.5,0.6120635717004715,0.6968020173528514,30,"[0, 1, 2, 3, 4, 5, 6, 7, 8, 9, 10, 11, 12, 13, 14, 15, 16, 17, 18, 19, 20, 21, 22, 23, 24, 25, 26, 27, 28, 29]","[1.5274287462234497, 1.4037740230560303, 1.4380861520767212, 1.4617351293563843, 1.542834997177124, 1.4253593683242798, 1.4884028434753418, 1.3326267004013062, 1.4462469816207886, 1.4565354585647583, 1.5105595588684082, 1.5193926095962524, 1.454109787940979, 1.532903790473938, 1.4558357000350952, 1.4572904109954834, 1.5270330905914307, 1.4564814567565918, 1.5098159313201904, 1.4773228168487549, 1.398858666419983, 1.4753661155700684, 1.3157888650894165, 1.4439209699630737, 1.4534715414047241, 1.447827696800232, 1.4203492403030396, 1.4547582864761353, 1.420587420463562, 1.5106793642044067]",sae,Pre-64
1,beta,42,0.09,0.4546678683050885,0.4407690563496341,0.4505237035347536,0.5,0.6336081445133979,0.6601181026603166,30,"[0, 1, 2, 3, 4, 5, 6, 7, 8, 9, 10, 11, 12, 13, 14, 15, 16, 17, 18, 19, 20, 21, 22, 23, 24, 25, 26, 27, 28, 29]","[1.4577687978744507, 1.3225417137145996, 1.459997296333313, 1.4598212242126465, 1.3863933086395264, 1.4483039379119873, 1.3751345872879028, 1.343432903289795, 1.3364259004592896, 1.4578871726989746, 1.4348363876342773, 1.4769394397735596, 1.3426926136016846, 1.1543693542480469, 1.4743704795837402, 1.3801324367523193, 1.3194057941436768, 1.301415205001831, 1.4312130212783813, 1.4295673370361328, 1.3621169328689575, 1.3515052795410156, 1.3672618865966797, 1.3248530626296997, 1.356048345565796, 1.3297700881958008, 1.4720770120620728, 1.3360732793807983, 1.4005117416381836, 1.319928526878357]",sae,Pre-64
1,beta,15,0.13,0.4529015220185267,0.4424399871594601,0.4342712745045103,0.5,0.6161071485640408,0.711134676564157,30,"[0, 1, 2, 3, 4, 5, 6, 7, 8, 9, 10, 11, 12, 13, 14, 15, 16, 17, 18, 19, 20, 21, 22, 23, 24, 25, 26, 27, 28, 29]","[1.3911497592926025, 1.3616746664047241, 1.402779459953308, 1.4027040004730225, 1.4774025678634644, 1.3734859228134155, 1.368155837059021, 1.3924099206924438, 1.4508171081542969, 1.448547124862671, 1.436705231666565, 1.3513785600662231, 1.5101245641708374, 1.453631043434143, 1.3443821668624878, 1.4198102951049805, 1.3575037717819214, 1.503255844116211, 1.3422825336456299, 1.409317135810852, 1.4962307214736938, 1.4633961915969849, 1.3845462799072266, 1.4226619005203247, 1.392144799232483, 1.2744300365447998, 1.4658175706863403, 1.5104355812072754, 1.407719373703003, 1.4039318561553955]",sae,Pre-64
1,beta,3,0.095,0.4557259332451328,0.444824285747971,0.4644251469301561,0.5,0.6042731979176,0.652257426715653,30,"[0, 1, 2, 3, 4, 5, 6, 7, 8, 9, 10, 11, 12, 13, 14, 15, 16, 17, 18, 19, 20, 21, 22, 23, 24, 25, 26, 27, 28, 29]","[1.3988722562789917, 1.4257904291152954, 1.4104360342025757, 1.3684163093566895, 1.4038429260253906, 1.4404881000518799, 1.3964179754257202, 1.4440301656723022, 1.1993558406829834, 1.4689604043960571, 1.3607547283172607, 1.4670201539993286, 1.40257728099823, 1.3785490989685059, 1.4778674840927124, 1.3974398374557495, 1.4031821489334106, 1.4286242723464966, 1.362574815750122, 1.3654507398605347, 1.3108991384506226, 1.3769017457962036, 1.3736352920532227, 1.4885114431381226, 1.4592710733413696, 1.388322114944458, 1.391413688659668, 1.3849475383758545, 1.4538463354110718, 1.3910318613052368]",sae,Pre-64
1,beta,14,0.09,0.4467366851483266,0.4421697276018216,0.4320139069206216,0.5,0.5934222168898753,0.6976019436404266,30,"[0, 1, 2, 3, 4, 5, 6, 7, 8, 9, 10, 11, 12, 13, 14, 15, 16, 17, 18, 19, 20, 21, 22, 23, 24, 25, 26, 27, 28, 29]","[1.4068738222122192, 1.2917159795761108, 1.3697400093078613, 1.3938714265823364, 1.4192354679107666, 1.3809828758239746, 1.3661761283874512, 1.4640729427337646, 1.38348388671875, 1.4430662393569946, 1.3417977094650269, 1.2998071908950806, 1.3202797174453735, 1.4426631927490234, 1.43614661693573, 1.3878240585327148, 1.4636355638504028, 1.4585367441177368, 1.3786146640777588, 1.3760604858398438, 1.4020072221755981, 1.3933755159378052, 1.4519987106323242, 1.3394384384155273, 1.4521163702011108, 1.4521113634109497, 1.3905354738235474, 1.4595369100570679, 1.445366382598877, 1.341963768005371]",sae,Pre-64
1,beta,28,0.13,0.4589844236982603,0.4495627040154577,0.4395430409314175,0.5,0.5987249917034086,0.6969655217370693,30,"[0, 1, 2, 3, 4, 5, 6, 7, 8, 9, 10, 11, 12, 13, 14, 15, 16, 17, 18, 19, 20, 21, 22, 23, 24, 25, 26, 27, 28, 29]","[1.3327444791793823, 1.2354462146759033, 1.20693838596344, 1.4251755475997925, 1.3786262273788452, 1.3768287897109985, 1.3169816732406616, 1.273140788078308, 1.3747360706329346, 1.3979374170303345, 1.3419883251190186, 1.366094946861267, 1.3987308740615845, 1.413006067276001, 1.3364073038101196, 1.3045412302017212, 1.3353891372680664, 1.3880449533462524, 1.356720209121704, 1.3625696897506714, 1.308321475982666, 1.317697525024414, 1.3068923950195312, 1.2588669061660767, 1.29763925075531, 1.3814256191253662, 1.4293091297149658, 1.3195974826812744, 1.2983580827713013, 1.3020062446594238]",sae,Pre-64
1,beta,40,0.094,0.44666181227492,0.4340193094910912,0.43163026823159,0.5,0.6093636266731638,0.6690797788911056,30,"[0, 1, 2, 3, 4, 5, 6, 7, 8, 9, 10, 11, 12, 13, 14, 15, 16, 17, 18, 19, 20, 21, 22, 23, 24, 25, 26, 27, 28, 29]","[1.3761311769485474, 1.3200691938400269, 1.3159900903701782, 1.258320927619934, 1.2915010452270508, 1.3209984302520752, 1.3208098411560059, 1.3340626955032349, 1.3477222919464111, 1.3549864292144775, 1.29414963722229, 1.3029147386550903, 1.3698904514312744, 1.2562240362167358, 1.275339961051941, 1.3860100507736206, 1.289428949356079, 1.3235491514205933, 1.27407968044281, 1.272634744644165, 1.2774174213409424, 1.2905265092849731, 1.3481462001800537, 1.3116143941879272, 1.3600541353225708, 1.289758324623108, 1.3534570932388306, 1.253263235092163, 1.3959579467773438, 1.2780554294586182]",sae,Pre-64
1,beta,45,0.086,0.4515599815008028,0.4347157609968581,0.4472110665040957,0.5,0.6289673345145609,0.6764738842699862,30,"[0, 1, 2, 3, 4, 5, 6, 7, 8, 9, 10, 11, 12, 13, 14, 15, 16, 17, 18, 19, 20, 21, 22, 23, 24, 25, 26, 27, 28, 29]","[1.5451664924621582, 1.5370043516159058, 1.4302927255630493, 1.610184907913208, 1.606181025505066, 1.4623193740844727, 1.6177444458007812, 1.5937668085098267, 1.4728806018829346, 1.433104395866394, 1.542574405670166, 1.6216840744018555, 1.5761222839355469, 1.490678310394287, 1.5005276203155518, 1.5187668800354004, 1.5323346853256226, 1.4065674543380737, 1.5319987535476685, 1.5243767499923706, 1.5753109455108643, 1.4733871221542358, 1.5852608680725098, 1.4528812170028687, 1.4322831630706787, 1.6113609075546265, 1.4647645950317383, 1.480104684829712, 1.4074232578277588, 1.6121474504470825]",sae,Pre-64
1,beta,23,0.082,0.4478205607315014,0.4344954522622479,0.434593080074238,0.5,0.6150139710231751,0.6749479206851323,30,"[0, 1, 2, 3, 4, 5, 6, 7, 8, 9, 10, 11, 12, 13, 14, 15, 16, 17, 18, 19, 20, 21, 22, 23, 24, 25, 26, 27, 28, 29]","[1.39295494556427, 1.4523102045059204, 1.4313726425170898, 1.5436159372329712, 1.3227808475494385, 1.3888802528381348, 1.5249207019805908, 1.4161746501922607, 1.3914731740951538, 1.5260159969329834, 1.53111732006073, 1.4858423471450806, 1.4750665426254272, 1.3700686693191528, 1.4635728597640991, 1.522919774055481, 1.2154675722122192, 1.4287080764770508, 1.373842477798462, 1.4058289527893066, 1.5208179950714111, 1.5430961847305298, 1.3938676118850708, 1.536037564277649, 1.5288642644882202, 1.4363856315612793, 1.3921632766723633, 1.4335870742797852, 1.4359523057937622, 1.5444750785827637]",sae,Pre-64
1,beta,21,0.074,0.4504746503440228,0.4381370334360364,0.4403270593406062,0.5,0.6200058082774133,0.6872366193353847,30,"[0, 1, 2, 3, 4, 5, 6, 7, 8, 9, 10, 11, 12, 13, 14, 15, 16, 17, 18, 19, 20, 21, 22, 23, 24, 25, 26, 27, 28, 29]","[1.443884253501892, 1.4945658445358276, 1.6192494630813599, 1.6139541864395142, 1.5947648286819458, 1.5755336284637451, 1.4890753030776978, 1.4978382587432861, 1.6037040948867798, 1.515777826309204, 1.5937217473983765, 1.6022037267684937, 1.4811763763427734, 1.5082223415374756, 1.5042190551757812, 1.4979166984558105, 1.498879075050354, 1.5103299617767334, 1.4410375356674194, 1.6108120679855347, 1.4359155893325806, 1.6187772750854492, 1.4308254718780518, 1.4488728046417236, 1.5043957233428955, 1.462462067604065, 1.4299440383911133, 1.4846551418304443, 1.5720967054367065, 1.5570319890975952]",sae,Pre-64
1,beta,1,0.09,0.4560357198099471,0.4497423189216591,0.44631230066346,0.5,0.5964054457666336,0.6820120295603721,30,"[0, 1, 2, 3, 4, 5, 6, 7, 8, 9, 10, 11, 12, 13, 14, 15, 16, 17, 18, 19, 20, 21, 22, 23, 24, 25, 26, 27, 28, 29]","[1.4097293615341187, 1.3104625940322876, 1.3633625507354736, 1.2504011392593384, 1.346067190170288, 1.2731742858886719, 1.2810858488082886, 1.3479855060577393, 1.2543444633483887, 1.3102861642837524, 1.308985948562622, 1.3518317937850952, 1.402652621269226, 1.2796369791030884, 1.4000214338302612, 1.2316458225250244, 1.2549004554748535, 1.3092113733291626, 1.3801274299621582, 1.4105778932571411, 1.3992552757263184, 1.3599504232406616, 1.3344051837921143, 1.3048436641693115, 1.2721410989761353, 1.295925259590149, 1.3243526220321655, 1.3295398950576782, 1.4118741750717163, 1.3342509269714355]",sae,Pre-64
1,beta,33,0.076,0.4492211383258522,0.4377959816952598,0.4300349131538269,0.5,0.6165210074526608,0.6941368630944805,30,"[0, 1, 2, 3, 4, 5, 6, 7, 8, 9, 10, 11, 12, 13, 14, 15, 16, 17, 18, 19, 20, 21, 22, 23, 24, 25, 26, 27, 28, 29]","[1.4227734804153442, 1.496145248413086, 1.4498038291931152, 1.4217196702957153, 1.3678011894226074, 1.510690689086914, 1.3645631074905396, 1.4837287664413452, 1.487796664237976, 1.4872435331344604, 1.436692237854004, 1.4976177215576172, 1.4471527338027954, 1.3761554956436157, 1.4038565158843994, 1.484053373336792, 1.4007154703140259, 1.4015185832977295, 1.498767375946045, 1.494713306427002, 1.412359356880188, 1.358683705329895, 1.510080337524414, 1.4557980298995972, 1.5066550970077515, 1.4009419679641724, 1.401544451713562, 1.3771735429763794, 1.3486148118972778, 1.4133225679397583]",sae,Pre-64
1,beta,6,0.135,0.4540822999211705,0.4457917896713532,0.441152026805915,0.5,0.5933447799067053,0.6658319784844939,30,"[0, 1, 2, 3, 4, 5, 6, 7, 8, 9, 10, 11, 12, 13, 14, 15, 16, 17, 18, 19, 20, 21, 22, 23, 24, 25, 26, 27, 28, 29]","[1.2872999906539917, 1.3159263134002686, 1.2503416538238525, 1.3191735744476318, 1.2383838891983032, 1.2142781019210815, 1.2372393608093262, 1.292157530784607, 1.230873465538025, 1.3092161417007446, 1.2436351776123047, 1.1825685501098633, 1.2444788217544556, 1.1997755765914917, 1.0763275623321533, 1.3069067001342773, 1.2018994092941284, 1.2765083312988281, 1.2519100904464722, 1.2741550207138062, 1.2440420389175415, 1.2231487035751343, 1.2963982820510864, 1.277808427810669, 1.2156322002410889, 1.2524243593215942, 1.2071107625961304, 1.220035195350647, 1.277538537979126, 1.2894726991653442]",sae,Pre-64
1,beta,7,0.085,0.4564836922581216,0.4420418003909208,0.4378410951096769,0.5,0.6095136152062148,0.7014238133782726,30,"[0, 1, 2, 3, 4, 5, 6, 7, 8, 9, 10, 11, 12, 13, 14, 15, 16, 17, 18, 19, 20, 21, 22, 23, 24, 25, 26, 27, 28, 29]","[1.4005837440490723, 1.4490050077438354, 1.464694857597351, 1.4329872131347656, 1.4819416999816895, 1.436019778251648, 1.4028916358947754, 1.4400724172592163, 1.538201928138733, 1.4433681964874268, 1.3662179708480835, 1.408387303352356, 1.371854543685913, 1.3915932178497314, 1.5498400926589966, 1.4633269309997559, 1.3900725841522217, 1.3802697658538818, 1.4836838245391846, 1.4786040782928467, 1.4481072425842285, 1.4677408933639526, 1.4718403816223145, 1.4088478088378906, 1.506783366203308, 1.4954860210418701, 1.415231704711914, 1.3293020725250244, 1.5176289081573486, 1.4075651168823242]",sae,Pre-64
1,beta,36,0.088,0.4642138821845151,0.4576483090311837,0.45808922343012,0.5,0.6031055233182893,0.674865387631345,30,"[0, 1, 2, 3, 4, 5, 6, 7, 8, 9, 10, 11, 12, 13, 14, 15, 16, 17, 18, 19, 20, 21, 22, 23, 24, 25, 26, 27, 28, 29]","[1.359567403793335, 1.3317750692367554, 1.2992098331451416, 1.3499573469161987, 1.2364140748977661, 1.3730663061141968, 1.3118059635162354, 1.3464356660842896, 1.3835859298706055, 1.244795322418213, 1.2858136892318726, 1.3865444660186768, 1.290310025215149, 1.3109166622161865, 1.3369497060775757, 1.3901784420013428, 1.3514043092727661, 1.326549768447876, 1.3807835578918457, 1.2853878736495972, 1.3352084159851074, 1.3071298599243164, 1.3244205713272095, 1.3000551462173462, 1.3749603033065796, 1.3448716402053833, 1.3128345012664795, 1.3244456052780151, 1.3711434602737427, 1.280910849571228]",sae,Pre-64
1,beta,34,0.17,0.4568527557813058,0.4470225010708758,0.4459407457154706,0.5,0.6011606799053854,0.6769870382540872,30,"[0, 1, 2, 3, 4, 5, 6, 7, 8, 9, 10, 11, 12, 13, 14, 15, 16, 17, 18, 19, 20, 21, 22, 23, 24, 25, 26, 27, 28, 29]","[1.3108880519866943, 1.3941680192947388, 1.3972474336624146, 1.3467305898666382, 1.306603193283081, 1.3118202686309814, 1.3485716581344604, 1.2625155448913574, 1.2831088304519653, 1.3162727355957031, 1.3692537546157837, 1.1750136613845825, 1.3769102096557617, 1.2640496492385864, 1.2775161266326904, 1.3061907291412354, 1.3904342651367188, 1.4124945402145386, 1.327246904373169, 1.3036186695098877, 1.329148292541504, 1.4117259979248047, 1.3437594175338745, 1.3606703281402588, 1.3078176975250244, 1.251845121383667, 1.4256877899169922, 1.4071952104568481, 1.3981653451919556, 1.3776599168777466]",sae,Pre-64
1,beta,37,0.096,0.4546908257221888,0.444978337644671,0.430998501488499,0.5,0.6058579085235571,0.718780555522024,30,"[0, 1, 2, 3, 4, 5, 6, 7, 8, 9, 10, 11, 12, 13, 14, 15, 16, 17, 18, 19, 20, 21, 22, 23, 24, 25, 26, 27, 28, 29]","[1.3580995798110962, 1.4266693592071533, 1.4029836654663086, 1.3777081966400146, 1.3204830884933472, 1.4311879873275757, 1.3755755424499512, 1.4626191854476929, 1.5055034160614014, 1.429104208946228, 1.3988513946533203, 1.402015209197998, 1.4366264343261719, 1.4122817516326904, 1.4686670303344727, 1.416121482849121, 1.3946547508239746, 1.4531582593917847, 1.4092373847961426, 1.4141210317611694, 1.4316893815994263, 1.4389111995697021, 1.4711031913757324, 1.4499027729034424, 1.417144536972046, 1.45850670337677, 1.4123860597610474, 1.436216115951538, 1.4520387649536133, 1.4683688879013062]",sae,Pre-64
1,beta,49,0.135,0.462130925118617,0.4524487678230295,0.4490232125008356,0.5,0.6141152509743157,0.6819754542893366,30,"[0, 1, 2, 3, 4, 5, 6, 7, 8, 9, 10, 11, 12, 13, 14, 15, 16, 17, 18, 19, 20, 21, 22, 23, 24, 25, 26, 27, 28, 29]","[1.2772917747497559, 1.3232134580612183, 1.321851372718811, 1.3054618835449219, 1.249140977859497, 1.2864362001419067, 1.3560396432876587, 1.2598886489868164, 1.3759344816207886, 1.3369061946868896, 1.279488444328308, 1.2714872360229492, 1.3284196853637695, 1.328801155090332, 1.3592824935913086, 1.3078769445419312, 1.4029743671417236, 1.38327157497406, 1.252152442932129, 1.3356348276138306, 1.3754684925079346, 1.292830467224121, 1.3824193477630615, 1.3238420486450195, 1.2899452447891235, 1.3276193141937256, 1.3251628875732422, 1.2919349670410156, 1.2092770338058472, 1.2841517925262451]",sae,Pre-64
1,beta,15,0.098,0.4529015220185267,0.4424399871594601,0.4354204755674283,0.5,0.6161071485640408,0.7111303185694157,30,"[0, 1, 2, 3, 4, 5, 6, 7, 8, 9, 10, 11, 12, 13, 14, 15, 16, 17, 18, 19, 20, 21, 22, 23, 24, 25, 26, 27, 28, 29]","[1.3966833353042603, 1.3671672344207764, 1.4082748889923096, 1.4082392454147339, 1.482843279838562, 1.379015326499939, 1.373644232749939, 1.3978991508483887, 1.456329107284546, 1.454077124595642, 1.4421875476837158, 1.3568954467773438, 1.5155895948410034, 1.4591495990753174, 1.3499023914337158, 1.4252984523773193, 1.363060474395752, 1.508691430091858, 1.3477741479873657, 1.414856195449829, 1.5017012357711792, 1.4689007997512817, 1.390044927597046, 1.4281750917434692, 1.3975989818572998, 1.279907464981079, 1.4712800979614258, 1.5159050226211548, 1.4132194519042969, 1.4094213247299194]",sae,Pre-64
1,beta,43,0.13,0.4515364523902173,0.4432102910589974,0.4375692040341639,0.5,0.6060785767234989,0.6985189028910302,30,"[0, 1, 2, 3, 4, 5, 6, 7, 8, 9, 10, 11, 12, 13, 14, 15, 16, 17, 18, 19, 20, 21, 22, 23, 24, 25, 26, 27, 28, 29]","[1.327439785003662, 1.4152798652648926, 1.3463172912597656, 1.2827484607696533, 1.3214985132217407, 1.2557717561721802, 1.2991727590560913, 1.2784624099731445, 1.378857970237732, 1.2779122591018677, 1.2400171756744385, 1.3855199813842773, 1.3299487829208374, 1.2797459363937378, 1.2766460180282593, 1.1871825456619263, 1.3660385608673096, 1.2927244901657104, 1.3640882968902588, 1.3497645854949951, 1.276355266571045, 1.2771661281585693, 1.372911810874939, 1.3489612340927124, 1.2459770441055298, 1.3617266416549683, 1.3897409439086914, 1.2856533527374268, 1.361985683441162, 1.3980305194854736]",sae,Pre-64
1,beta,40,0.175,0.44666181227492,0.4340193094910912,0.4315870950915105,0.5,0.6093636266731638,0.6691087118731822,30,"[0, 1, 2, 3, 4, 5, 6, 7, 8, 9, 10, 11, 12, 13, 14, 15, 16, 17, 18, 19, 20, 21, 22, 23, 24, 25, 26, 27, 28, 29]","[1.354150414466858, 1.297743797302246, 1.2968451976776123, 1.237057089805603, 1.2699155807495117, 1.3005273342132568, 1.302603840827942, 1.313092589378357, 1.3279919624328613, 1.3328869342803955, 1.275758981704712, 1.2829147577285767, 1.3496344089508057, 1.2376919984817505, 1.255807876586914, 1.3671003580093384, 1.2654309272766113, 1.303032398223877, 1.2552534341812134, 1.251500129699707, 1.2618407011032104, 1.2715646028518677, 1.3266105651855469, 1.2907694578170776, 1.340180516242981, 1.269899606704712, 1.3339143991470337, 1.234133005142212, 1.375444769859314, 1.2632204294204712]",sae,Pre-64
1,beta,12,0.094,0.4455148672091349,0.4361346773072694,0.4119712453467242,0.5,0.5892778403611032,0.7320270297642142,30,"[0, 1, 2, 3, 4, 5, 6, 7, 8, 9, 10, 11, 12, 13, 14, 15, 16, 17, 18, 19, 20, 21, 22, 23, 24, 25, 26, 27, 28, 29]","[1.3707255125045776, 1.4783780574798584, 1.3875151872634888, 1.2872774600982666, 1.4755929708480835, 1.4114094972610474, 1.4050509929656982, 1.4571995735168457, 1.4925251007080078, 1.3634992837905884, 1.365325927734375, 1.5336672067642212, 1.3918019533157349, 1.4642505645751953, 1.3494772911071777, 1.5373657941818237, 1.3219470977783203, 1.5157911777496338, 1.437305212020874, 1.5299172401428223, 1.493686556816101, 1.44019615650177, 1.3917548656463623, 1.536044955253601, 1.5135650634765625, 1.3823155164718628, 1.5140728950500488, 1.459160327911377, 1.4126605987548828, 1.5445624589920044]",sae,Pre-64
1,beta,12,0.175,0.4455148672091349,0.4361346773072694,0.4082161203168435,0.5,0.5892778403611032,0.7318275941048066,30,"[0, 1, 2, 3, 4, 5, 6, 7, 8, 9, 10, 11, 12, 13, 14, 15, 16, 17, 18, 19, 20, 21, 22, 23, 24, 25, 26, 27, 28, 29]","[1.2121167182922363, 1.2982404232025146, 1.224808692932129, 1.126623272895813, 1.2813441753387451, 1.226906180381775, 1.2332017421722412, 1.2927882671356201, 1.316879153251648, 1.2030800580978394, 1.2045648097991943, 1.3532540798187256, 1.2132806777954102, 1.2922252416610718, 1.1917248964309692, 1.3537781238555908, 1.1644150018692017, 1.3180699348449707, 1.2608814239501953, 1.3327172994613647, 1.3260389566421509, 1.2575918436050415, 1.2374961376190186, 1.3516021966934204, 1.3271732330322266, 1.1922553777694702, 1.330151915550232, 1.2961931228637695, 1.2487810850143433, 1.3603516817092896]",sae,Pre-64
1,beta,46,0.18,0.4545712902572906,0.4417269056853911,0.4477270320036592,0.5,0.6270377926330811,0.6861867063568436,30,"[0, 1, 2, 3, 4, 5, 6, 7, 8, 9, 10, 11, 12, 13, 14, 15, 16, 17, 18, 19, 20, 21, 22, 23, 24, 25, 26, 27, 28, 29]","[1.2611767053604126, 1.3460441827774048, 1.3519166707992554, 1.3512957096099854, 1.2783395051956177, 1.387718677520752, 1.2832448482513428, 1.3761570453643799, 1.3335392475128174, 1.4154446125030518, 1.1576141119003296, 1.270527958869934, 1.4045182466506958, 1.2621705532073975, 1.3254809379577637, 1.3875062465667725, 1.3390655517578125, 1.3559858798980713, 1.3810153007507324, 1.3904829025268555, 1.3075929880142212, 1.3184208869934082, 1.353376865386963, 1.3408147096633911, 1.3625797033309937, 1.363778829574585, 1.333094596862793, 1.388450264930725, 1.3213526010513306, 1.336396336555481]",sae,Pre-64
1,beta,9,0.096,0.448644851968101,0.4348910401892977,0.4491503456113543,0.5,0.6286670530281078,0.6738829324833382,30,"[0, 1, 2, 3, 4, 5, 6, 7, 8, 9, 10, 11, 12, 13, 14, 15, 16, 17, 18, 19, 20, 21, 22, 23, 24, 25, 26, 27, 28, 29]","[1.5727983713150024, 1.4721366167068481, 1.572866678237915, 1.5445497035980225, 1.4625552892684937, 1.3035796880722046, 1.553415060043335, 1.4820868968963623, 1.575510859489441, 1.4107800722122192, 1.5236804485321045, 1.4843297004699707, 1.4783635139465332, 1.5185774564743042, 1.5968061685562134, 1.4983105659484863, 1.463293433189392, 1.552696704864502, 1.5835156440734863, 1.442093849182129, 1.5635052919387817, 1.5806552171707153, 1.453181266784668, 1.5692380666732788, 1.567204236984253, 1.5602035522460938, 1.4086289405822754, 1.3866139650344849, 1.458783745765686, 1.5910571813583374]",sae,Pre-64
1,beta,18,0.18,0.4575117633693479,0.4471831599677374,0.4182839141236465,0.5,0.6052065040104606,0.7279783219994782,30,"[0, 1, 2, 3, 4, 5, 6, 7, 8, 9, 10, 11, 12, 13, 14, 15, 16, 17, 18, 19, 20, 21, 22, 23, 24, 25, 26, 27, 28, 29]","[1.08156156539917, 1.1808451414108276, 1.2274887561798096, 1.1775970458984375, 1.1839946508407593, 1.1783868074417114, 1.302558422088623, 1.1474957466125488, 1.2003755569458008, 1.1137614250183105, 1.279771089553833, 1.1947054862976074, 1.217077374458313, 1.243087649345398, 1.1674503087997437, 1.1044795513153076, 1.2428091764450073, 1.1572407484054565, 1.1403177976608276, 1.0754040479660034, 1.2844663858413696, 1.1361045837402344, 1.2445805072784424, 1.2017990350723267, 1.1962649822235107, 1.1700507402420044, 1.2117968797683716, 1.2385376691818237, 1.2291908264160156, 1.181313395500183]",sae,Pre-64
1,beta,43,0.098,0.4515364523902173,0.4432102910589974,0.4408678636776401,0.5,0.6060785767234989,0.699358042994811,30,"[0, 1, 2, 3, 4, 5, 6, 7, 8, 9, 10, 11, 12, 13, 14, 15, 16, 17, 18, 19, 20, 21, 22, 23, 24, 25, 26, 27, 28, 29]","[1.5106532573699951, 1.5839307308197021, 1.5599647760391235, 1.4570914506912231, 1.4921245574951172, 1.4312546253204346, 1.4620682001113892, 1.4489392042160034, 1.548966884613037, 1.4385405778884888, 1.4041937589645386, 1.5944920778274536, 1.5231108665466309, 1.4656028747558594, 1.4654579162597656, 1.3530908823013306, 1.5511080026626587, 1.4490690231323242, 1.5458770990371704, 1.54190993309021, 1.444280743598938, 1.4575098752975464, 1.5828009843826294, 1.5152453184127808, 1.438156247138977, 1.5189813375473022, 1.5854686498641968, 1.448720097541809, 1.5445430278778076, 1.5950061082839966]",sae,Pre-64
1,beta,40,0.14,0.44666181227492,0.4340193094910912,0.4316057562229436,0.5,0.6093636266731638,0.6691148030273035,30,"[0, 1, 2, 3, 4, 5, 6, 7, 8, 9, 10, 11, 12, 13, 14, 15, 16, 17, 18, 19, 20, 21, 22, 23, 24, 25, 26, 27, 28, 29]","[1.3551228046417236, 1.298715353012085, 1.2978216409683228, 1.2380330562591553, 1.2708868980407715, 1.3015025854110718, 1.3035825490951538, 1.314066767692566, 1.328967571258545, 1.3338618278503418, 1.2767314910888672, 1.2838871479034424, 1.3506065607070923, 1.2386664152145386, 1.256779432296753, 1.3680737018585205, 1.2664004564285278, 1.3040063381195068, 1.2562296390533447, 1.2524725198745728, 1.262818694114685, 1.2725410461425781, 1.3275840282440186, 1.2917428016662598, 1.3411526679992676, 1.2708734273910522, 1.3348902463912964, 1.2351073026657104, 1.3764164447784424, 1.2642005681991577]",sae,Pre-64
1,beta,27,0.14,0.4609757262074365,0.4537266978541116,0.4543084770420211,0.5,0.5914172664146189,0.6586972277960311,30,"[0, 1, 2, 3, 4, 5, 6, 7, 8, 9, 10, 11, 12, 13, 14, 15, 16, 17, 18, 19, 20, 21, 22, 23, 24, 25, 26, 27, 28, 29]","[1.3054869174957275, 1.3462567329406738, 1.3079001903533936, 1.290526032447815, 1.3333649635314941, 1.2542880773544312, 1.3441667556762695, 1.2278730869293213, 1.29141104221344, 1.2833738327026367, 1.2435678243637085, 1.3463809490203857, 1.28416109085083, 1.2506074905395508, 1.2885491847991943, 1.2155466079711914, 1.259730577468872, 1.315063714981079, 1.279731273651123, 1.2688201665878296, 1.3490092754364014, 1.3259856700897217, 1.2490878105163574, 1.2019814252853394, 1.2813318967819214, 1.3487597703933716, 1.264491081237793, 1.314748764038086, 1.2200682163238525, 1.2928497791290283]",sae,Pre-64
1,beta,5,0.145,0.4445517550333296,0.4301735816232515,0.4289718911225542,0.5,0.6070910659257547,0.6831725870873779,30,"[0, 1, 2, 3, 4, 5, 6, 7, 8, 9, 10, 11, 12, 13, 14, 15, 16, 17, 18, 19, 20, 21, 22, 23, 24, 25, 26, 27, 28, 29]","[1.34596586227417, 1.2469964027404785, 1.2494184970855713, 1.365251064300537, 1.3640180826187134, 1.2958409786224365, 1.295829176902771, 1.2774672508239746, 1.335577368736267, 1.2630712985992432, 1.3491626977920532, 1.3674604892730713, 1.2961443662643433, 1.299501657485962, 1.3778705596923828, 1.3218693733215332, 1.326873540878296, 1.3543561697006226, 1.2365777492523193, 1.3028008937835693, 1.379119634628296, 1.3100093603134155, 1.3717327117919922, 1.260249376296997, 1.3015214204788208, 1.3779325485229492, 1.2467105388641357, 1.2783567905426025, 1.3571211099624634, 1.3031564950942993]",sae,Pre-64
1,beta,48,0.092,0.4556814132376,0.4510566266980289,0.4877715845928984,0.5,0.5923878577171784,0.5906240444831998,30,"[0, 1, 2, 3, 4, 5, 6, 7, 8, 9, 10, 11, 12, 13, 14, 15, 16, 17, 18, 19, 20, 21, 22, 23, 24, 25, 26, 27, 28, 29]","[1.5238265991210938, 1.4698865413665771, 1.4563742876052856, 1.4452372789382935, 1.4168063402175903, 1.3661669492721558, 1.4621250629425049, 1.386407494544983, 1.4185364246368408, 1.4118455648422241, 1.4854170083999634, 1.4263403415679932, 1.4450374841690063, 1.4258426427841187, 1.3788200616836548, 1.4663399457931519, 1.4880766868591309, 1.4669808149337769, 1.4975007772445679, 1.3436522483825684, 1.4205687046051025, 1.5060667991638184, 1.5081596374511719, 1.3306468725204468, 1.4270896911621094, 1.481143593788147, 1.50197172164917, 1.4975078105926514, 1.4246288537979126, 1.4544010162353516]",sae,Pre-64
1,beta,34,0.092,0.4568527557813058,0.4470225010708758,0.448419539992456,0.5,0.6011606799053854,0.6782594723234734,30,"[0, 1, 2, 3, 4, 5, 6, 7, 8, 9, 10, 11, 12, 13, 14, 15, 16, 17, 18, 19, 20, 21, 22, 23, 24, 25, 26, 27, 28, 29]","[1.384555459022522, 1.4694454669952393, 1.4749003648757935, 1.4200996160507202, 1.3696722984313965, 1.3851208686828613, 1.426259994506836, 1.3438918590545654, 1.3478118181228638, 1.3889739513397217, 1.4440906047821045, 1.2480382919311523, 1.4550496339797974, 1.3458788394927979, 1.354520559310913, 1.3785163164138794, 1.4712965488433838, 1.4870067834854126, 1.3958266973495483, 1.3850226402282715, 1.4029208421707153, 1.4892597198486328, 1.4229779243469238, 1.447106122970581, 1.3743598461151123, 1.3212180137634277, 1.5007522106170654, 1.4856653213500977, 1.4731054306030273, 1.4574404954910278]",sae,Pre-64
1,beta,49,0.1,0.462130925118617,0.4524487678230295,0.4490394400275083,0.5,0.6141152509743157,0.6833826360520261,30,"[0, 1, 2, 3, 4, 5, 6, 7, 8, 9, 10, 11, 12, 13, 14, 15, 16, 17, 18, 19, 20, 21, 22, 23, 24, 25, 26, 27, 28, 29]","[1.3334096670150757, 1.3845994472503662, 1.3821247816085815, 1.3670103549957275, 1.3136752843856812, 1.3455854654312134, 1.423271656036377, 1.3274986743927002, 1.4524765014648438, 1.400978922843933, 1.3523585796356201, 1.3327455520629883, 1.3996384143829346, 1.3896944522857666, 1.4309656620025635, 1.377037763595581, 1.4691965579986572, 1.4548704624176025, 1.318385362625122, 1.4018337726593018, 1.4446765184402466, 1.3554868698120117, 1.4511679410934448, 1.385135531425476, 1.3475751876831055, 1.3912466764450073, 1.387318730354309, 1.347896933555603, 1.2820439338684082, 1.3483737707138062]",sae,Pre-64
1,beta,39,0.15,0.4461088087810431,0.4292341094433316,0.433207898676913,0.5,0.6205127278095635,0.6663970160675603,30,"[0, 1, 2, 3, 4, 5, 6, 7, 8, 9, 10, 11, 12, 13, 14, 15, 16, 17, 18, 19, 20, 21, 22, 23, 24, 25, 26, 27, 28, 29]","[1.2167803049087524, 1.2662320137023926, 1.216908574104309, 1.191352128982544, 1.1658577919006348, 1.2375006675720215, 1.2048100233078003, 1.2446632385253906, 1.1872037649154663, 1.230897307395935, 1.2083227634429932, 1.1263213157653809, 1.233476996421814, 1.161284327507019, 1.230048418045044, 1.284436583518982, 1.2191165685653687, 1.2492350339889526, 1.174808382987976, 1.1100330352783203, 1.1900620460510254, 1.250396728515625, 1.1461840867996216, 1.1576954126358032, 1.2477542161941528, 1.232384443283081, 1.0786843299865723, 1.1811890602111816, 1.2901757955551147, 1.1894183158874512]",sae,Pre-64
1,beta,9,0.088,0.448644851968101,0.4348910401892977,0.4491846983899067,0.5,0.6286670530281078,0.6739003187481889,30,"[0, 1, 2, 3, 4, 5, 6, 7, 8, 9, 10, 11, 12, 13, 14, 15, 16, 17, 18, 19, 20, 21, 22, 23, 24, 25, 26, 27, 28, 29]","[1.5751789808273315, 1.4745229482650757, 1.5752593278884888, 1.5469542741775513, 1.4649629592895508, 1.3060040473937988, 1.5558089017868042, 1.4844653606414795, 1.5778868198394775, 1.4131653308868408, 1.5260968208312988, 1.486737847328186, 1.4807449579238892, 1.5209875106811523, 1.5991928577423096, 1.5007094144821167, 1.4656814336776733, 1.5550943613052368, 1.5858993530273438, 1.4445031881332397, 1.5658929347991943, 1.5830416679382324, 1.4555820226669312, 1.5716238021850586, 1.5696053504943848, 1.562595248222351, 1.4110280275344849, 1.3889672756195068, 1.4612082242965698, 1.5934360027313232]",sae,Pre-64
1,beta,23,0.088,0.4478205607315014,0.4344954522622479,0.434583136551478,0.5,0.6150139710231751,0.6749509463533888,30,"[0, 1, 2, 3, 4, 5, 6, 7, 8, 9, 10, 11, 12, 13, 14, 15, 16, 17, 18, 19, 20, 21, 22, 23, 24, 25, 26, 27, 28, 29]","[1.3917648792266846, 1.451129674911499, 1.4302036762237549, 1.5424408912658691, 1.3216030597686768, 1.3876971006393433, 1.5237435102462769, 1.4149842262268066, 1.3902935981750488, 1.5248266458511353, 1.5299341678619385, 1.4846566915512085, 1.4738835096359253, 1.3688902854919434, 1.4623886346817017, 1.521735429763794, 1.2142666578292847, 1.427525281906128, 1.372646450996399, 1.4046398401260376, 1.5196324586868286, 1.541918396949768, 1.392676830291748, 1.5348601341247559, 1.5276880264282227, 1.435191035270691, 1.3909778594970703, 1.4324132204055786, 1.4347717761993408, 1.5432929992675781]",sae,Pre-64
1,beta,24,0.185,0.4501416387440968,0.4383559369047743,0.4461460677431381,0.5,0.6188330126613704,0.6402619165839125,30,"[0, 1, 2, 3, 4, 5, 6, 7, 8, 9, 10, 11, 12, 13, 14, 15, 16, 17, 18, 19, 20, 21, 22, 23, 24, 25, 26, 27, 28, 29]","[1.3191535472869873, 1.2648675441741943, 1.2810980081558228, 1.3325653076171875, 1.3401601314544678, 1.2782368659973145, 1.2757697105407715, 1.2768597602844238, 1.29868483543396, 1.1679368019104004, 1.3032995462417603, 1.2513819932937622, 1.3235095739364624, 1.3272336721420288, 1.272152304649353, 1.2513903379440308, 1.3436733484268188, 1.1432397365570068, 1.2574135065078735, 1.34503173828125, 1.3229533433914185, 1.3337697982788086, 1.2761770486831665, 1.2989422082901, 1.2430720329284668, 1.2039672136306763, 1.2897180318832397, 1.2480089664459229, 1.3456727266311646, 1.2667062282562256]",sae,Pre-64
1,beta,18,0.086,0.4575117633693479,0.4471831599677374,0.4241792305651349,0.5,0.6052065040104606,0.7328424454273731,30,"[0, 1, 2, 3, 4, 5, 6, 7, 8, 9, 10, 11, 12, 13, 14, 15, 16, 17, 18, 19, 20, 21, 22, 23, 24, 25, 26, 27, 28, 29]","[1.364434003829956, 1.5351487398147583, 1.5548371076583862, 1.4513295888900757, 1.4692049026489258, 1.48404061794281, 1.6636950969696045, 1.440194010734558, 1.5492347478866577, 1.4252458810806274, 1.634544849395752, 1.5222246646881104, 1.5518726110458374, 1.5552401542663574, 1.4833364486694336, 1.4419102668762207, 1.5391019582748413, 1.4737112522125244, 1.4563508033752441, 1.3986613750457764, 1.6507753133773804, 1.4629292488098145, 1.58530855178833, 1.544113278388977, 1.521024227142334, 1.4882441759109497, 1.5323842763900757, 1.583705186843872, 1.5381324291229248, 1.4786040782928467]",sae,Pre-64
1,beta,46,0.145,0.4545712902572906,0.4417269056853911,0.4477491971333013,0.5,0.6270377926330811,0.6861824293981036,30,"[0, 1, 2, 3, 4, 5, 6, 7, 8, 9, 10, 11, 12, 13, 14, 15, 16, 17, 18, 19, 20, 21, 22, 23, 24, 25, 26, 27, 28, 29]","[1.2621514797210693, 1.3470124006271362, 1.3528906106948853, 1.3522716760635376, 1.279319167137146, 1.3886876106262207, 1.2842228412628174, 1.3771274089813232, 1.3345109224319458, 1.4164150953292847, 1.1585907936096191, 1.2714992761611938, 1.4054923057556152, 1.2631478309631348, 1.3264572620391846, 1.3884773254394531, 1.340039849281311, 1.3569618463516235, 1.3819843530654907, 1.391455054283142, 1.308566927909851, 1.3193974494934082, 1.354352593421936, 1.3417885303497314, 1.363551378250122, 1.3647571802139282, 1.334070086479187, 1.3894219398498535, 1.3223305940628052, 1.3373687267303467]",sae,Pre-64
1,beta,12,0.14,0.4455148672091349,0.4361346773072694,0.411876576555213,0.5,0.5892778403611032,0.732050401130551,30,"[0, 1, 2, 3, 4, 5, 6, 7, 8, 9, 10, 11, 12, 13, 14, 15, 16, 17, 18, 19, 20, 21, 22, 23, 24, 25, 26, 27, 28, 29]","[1.364185094833374, 1.4718292951583862, 1.3809709548950195, 1.2807384729385376, 1.4690667390823364, 1.404881477355957, 1.3984724283218384, 1.4506034851074219, 1.485931158065796, 1.3569334745407104, 1.3587905168533325, 1.5271207094192505, 1.3852239847183228, 1.45769464969635, 1.3429198265075684, 1.530827522277832, 1.315377116203308, 1.5092912912368774, 1.4307379722595215, 1.5234034061431885, 1.4870866537094116, 1.4336421489715576, 1.3851678371429443, 1.5294899940490723, 1.5070234537124634, 1.375765323638916, 1.5075173377990723, 1.4525604248046875, 1.4060651063919067, 1.538000226020813]",sae,Pre-64
1,beta,26,0.094,0.4502231978181314,0.4442488029476733,0.4596880773648306,0.5,0.5832450787939482,0.646687906838656,30,"[0, 1, 2, 3, 4, 5, 6, 7, 8, 9, 10, 11, 12, 13, 14, 15, 16, 17, 18, 19, 20, 21, 22, 23, 24, 25, 26, 27, 28, 29]","[1.4216450452804565, 1.4328516721725464, 1.5954558849334717, 1.387606143951416, 1.4584680795669556, 1.5005707740783691, 1.4868611097335815, 1.3855130672454834, 1.4894611835479736, 1.4561699628829956, 1.3720183372497559, 1.5976231098175049, 1.5331746339797974, 1.4715228080749512, 1.5468953847885132, 1.4330850839614868, 1.4786152839660645, 1.3642693758010864, 1.5085158348083496, 1.458760142326355, 1.4183992147445679, 1.5723901987075806, 1.4601340293884277, 1.500950574874878, 1.578452706336975, 1.5695337057113647, 1.4275788068771362, 1.483301043510437, 1.2959052324295044, 1.4188896417617798]",sae,Pre-64
1,beta,18,0.095,0.4575117633693479,0.4471831599677374,0.4223060172185939,0.5,0.6052065040104606,0.730648402300236,30,"[0, 1, 2, 3, 4, 5, 6, 7, 8, 9, 10, 11, 12, 13, 14, 15, 16, 17, 18, 19, 20, 21, 22, 23, 24, 25, 26, 27, 28, 29]","[1.2535985708236694, 1.4035394191741943, 1.432280421257019, 1.3560700416564941, 1.362342119216919, 1.3722962141036987, 1.5393551588058472, 1.3357384204864502, 1.4183857440948486, 1.3118361234664917, 1.5047638416290283, 1.4052101373672485, 1.4317796230316162, 1.445928931236267, 1.3661048412322998, 1.3152192831039429, 1.4372625350952148, 1.361793875694275, 1.3435516357421875, 1.2747387886047363, 1.5229108333587646, 1.3421357870101929, 1.4553579092025757, 1.418156623840332, 1.4049607515335083, 1.3852055072784424, 1.416298508644104, 1.4519048929214478, 1.4264676570892334, 1.370357871055603]",sae,Pre-64
1,beta,46,0.095,0.4545712902572906,0.4417269056853911,0.4495277834517624,0.5,0.6270377926330811,0.6878190789426788,30,"[0, 1, 2, 3, 4, 5, 6, 7, 8, 9, 10, 11, 12, 13, 14, 15, 16, 17, 18, 19, 20, 21, 22, 23, 24, 25, 26, 27, 28, 29]","[1.3958537578582764, 1.4927845001220703, 1.492551326751709, 1.481967806816101, 1.401041865348816, 1.5269665718078613, 1.4173146486282349, 1.5348231792449951, 1.475787878036499, 1.5777212381362915, 1.2980101108551025, 1.4102585315704346, 1.5411391258239746, 1.3930954933166504, 1.4583128690719604, 1.536888599395752, 1.4730634689331055, 1.4884101152420044, 1.5467253923416138, 1.5311416387557983, 1.450843095779419, 1.449028491973877, 1.4817677736282349, 1.4797476530075073, 1.490149974822998, 1.5006810426712036, 1.4692573547363281, 1.5277557373046875, 1.4523117542266846, 1.472909927368164]",sae,Pre-64
1,beta,20,0.092,0.4408022875601419,0.4262939306313442,0.4358937203905576,0.5,0.6176087118064704,0.6504874044950651,30,"[0, 1, 2, 3, 4, 5, 6, 7, 8, 9, 10, 11, 12, 13, 14, 15, 16, 17, 18, 19, 20, 21, 22, 23, 24, 25, 26, 27, 28, 29]","[1.4330500364303589, 1.5037908554077148, 1.441125750541687, 1.5478242635726929, 1.495546817779541, 1.513755440711975, 1.510403037071228, 1.4312183856964111, 1.4773122072219849, 1.4359850883483887, 1.449224591255188, 1.4419288635253906, 1.5599240064620972, 1.3919646739959717, 1.44773530960083, 1.5467956066131592, 1.4380888938903809, 1.4096227884292603, 1.478330373764038, 1.4776414632797241, 1.4717689752578735, 1.3789360523223877, 1.4973464012145996, 1.5519386529922485, 1.516602635383606, 1.403701901435852, 1.4475452899932861, 1.489721655845642, 1.4022023677825928, 1.5507160425186157]",sae,Pre-64
1,beta,35,0.085,0.4566193215888805,0.4379483378046387,0.4310883488581167,0.5,0.637290178651746,0.7134825396254251,30,"[0, 1, 2, 3, 4, 5, 6, 7, 8, 9, 10, 11, 12, 13, 14, 15, 16, 17, 18, 19, 20, 21, 22, 23, 24, 25, 26, 27, 28, 29]","[1.3103283643722534, 1.3618413209915161, 1.4249461889266968, 1.368395447731018, 1.3622829914093018, 1.3415093421936035, 1.2830322980880737, 1.44627046585083, 1.4569802284240723, 1.369781494140625, 1.4178065061569214, 1.2982604503631592, 1.35978102684021, 1.2541117668151855, 1.3512629270553589, 1.3066685199737549, 1.4310121536254883, 1.2894192934036255, 1.3909673690795898, 1.29523766040802, 1.3109874725341797, 1.3028028011322021, 1.3294190168380737, 1.2866597175598145, 1.3300870656967163, 1.362167239189148, 1.329565167427063, 1.3947261571884155, 1.424299955368042, 1.38255774974823]",sae,Pre-64
1,beta,11,0.15,0.4566976193509867,0.4496008864727478,0.4327245195943158,0.5,0.5995106990682213,0.7104886571147633,30,"[0, 1, 2, 3, 4, 5, 6, 7, 8, 9, 10, 11, 12, 13, 14, 15, 16, 17, 18, 19, 20, 21, 22, 23, 24, 25, 26, 27, 28, 29]","[1.2985905408859253, 1.1098992824554443, 1.259450912475586, 1.194035530090332, 1.332318902015686, 1.1941043138504028, 1.218091368675232, 1.1186031103134155, 1.3155605792999268, 1.325748085975647, 1.3364157676696777, 1.3460102081298828, 1.3493239879608154, 1.2585052251815796, 1.2354320287704468, 1.1980823278427124, 1.2748075723648071, 1.2205758094787598, 1.2546169757843018, 1.2994064092636108, 1.2807563543319702, 1.292388677597046, 1.330256700515747, 1.2598440647125244, 1.2607098817825317, 1.3106341361999512, 1.3215657472610474, 1.2062760591506958, 1.2526334524154663, 1.2340388298034668]",sae,Pre-64
1,beta,33,0.145,0.4492211383258522,0.4377959816952598,0.4270535105860769,0.5,0.6165210074526608,0.6947916224739439,30,"[0, 1, 2, 3, 4, 5, 6, 7, 8, 9, 10, 11, 12, 13, 14, 15, 16, 17, 18, 19, 20, 21, 22, 23, 24, 25, 26, 27, 28, 29]","[1.3303569555282593, 1.4062811136245728, 1.3630708456039429, 1.338558316230774, 1.2954354286193848, 1.4282969236373901, 1.2873493432998657, 1.399717092514038, 1.4055267572402954, 1.4038968086242676, 1.3491756916046143, 1.4065989255905151, 1.3487719297409058, 1.3070250749588013, 1.3037123680114746, 1.3967379331588745, 1.3199373483657837, 1.3273050785064697, 1.4080456495285034, 1.4045426845550537, 1.334487795829773, 1.287209153175354, 1.423922061920166, 1.3784468173980713, 1.4224231243133545, 1.3078948259353638, 1.3267872333526611, 1.3096890449523926, 1.27504563331604, 1.331785798072815]",sae,Pre-64
1,beta,5,0.11,0.4445517550333296,0.4301735816232515,0.4289898323652598,0.5,0.6070910659257547,0.6831553977610122,30,"[0, 1, 2, 3, 4, 5, 6, 7, 8, 9, 10, 11, 12, 13, 14, 15, 16, 17, 18, 19, 20, 21, 22, 23, 24, 25, 26, 27, 28, 29]","[1.347542405128479, 1.2485684156417847, 1.250991940498352, 1.366832971572876, 1.3656010627746582, 1.2974116802215576, 1.297407865524292, 1.2790403366088867, 1.3371564149856567, 1.2646472454071045, 1.3507437705993652, 1.3690422773361206, 1.2977265119552612, 1.3010852336883545, 1.3794537782669067, 1.3234474658966064, 1.3284564018249512, 1.3559364080429077, 1.2381459474563599, 1.3043861389160156, 1.3807002305984497, 1.3115966320037842, 1.373308539390564, 1.2618248462677002, 1.3031001091003418, 1.3795108795166016, 1.248284101486206, 1.279935359954834, 1.358701467514038, 1.3047348260879517]",sae,Pre-64
1,beta,39,0.115,0.4461088087810431,0.4292341094433316,0.4355773059837134,0.5,0.6205127278095635,0.6673355206666847,30,"[0, 1, 2, 3, 4, 5, 6, 7, 8, 9, 10, 11, 12, 13, 14, 15, 16, 17, 18, 19, 20, 21, 22, 23, 24, 25, 26, 27, 28, 29]","[1.3659703731536865, 1.4401541948318481, 1.389441728591919, 1.3710891008377075, 1.314396619796753, 1.3798317909240723, 1.3552112579345703, 1.3934887647628784, 1.323964238166809, 1.4179693460464478, 1.3596125841140747, 1.2980021238327026, 1.3911337852478027, 1.3112976551055908, 1.3889933824539185, 1.4516518115997314, 1.4041061401367188, 1.4095463752746582, 1.329828143119812, 1.278922200202942, 1.3206350803375244, 1.40358567237854, 1.3249651193618774, 1.3273552656173706, 1.4076647758483887, 1.37772536277771, 1.2483582496643066, 1.339476466178894, 1.4582326412200928, 1.3369648456573486]",sae,Pre-64
1,beta,18,0.145,0.4575117633693479,0.4471831599677374,0.4182839141236465,0.5,0.6052065040104606,0.7279783219994782,30,"[0, 1, 2, 3, 4, 5, 6, 7, 8, 9, 10, 11, 12, 13, 14, 15, 16, 17, 18, 19, 20, 21, 22, 23, 24, 25, 26, 27, 28, 29]","[1.08156156539917, 1.1808451414108276, 1.2274887561798096, 1.1775970458984375, 1.1839946508407593, 1.1783868074417114, 1.302558422088623, 1.1474957466125488, 1.2003755569458008, 1.1137614250183105, 1.279771089553833, 1.1947054862976074, 1.217077374458313, 1.243087649345398, 1.1674503087997437, 1.1044795513153076, 1.2428091764450073, 1.1572407484054565, 1.1403177976608276, 1.0754040479660034, 1.2844663858413696, 1.1361045837402344, 1.2445805072784424, 1.2017990350723267, 1.1962649822235107, 1.1700507402420044, 1.2117968797683716, 1.2385376691818237, 1.2291908264160156, 1.181313395500183]",sae,Pre-64
1,beta,21,0.135,0.4504746503440228,0.4381370334360364,0.4377346090969404,0.5,0.6200058082774133,0.6889080438463153,30,"[0, 1, 2, 3, 4, 5, 6, 7, 8, 9, 10, 11, 12, 13, 14, 15, 16, 17, 18, 19, 20, 21, 22, 23, 24, 25, 26, 27, 28, 29]","[1.3333529233932495, 1.378800392150879, 1.4887109994888306, 1.4866504669189453, 1.4418389797210693, 1.4413599967956543, 1.3710870742797852, 1.3796306848526, 1.465566635131836, 1.4086686372756958, 1.475195288658142, 1.4581246376037598, 1.372693419456482, 1.3907335996627808, 1.3780461549758911, 1.3805994987487793, 1.3899825811386108, 1.3922003507614136, 1.32783842086792, 1.4791414737701416, 1.3319480419158936, 1.4926518201828003, 1.3261531591415405, 1.331342339515686, 1.3945993185043335, 1.341822624206543, 1.2956960201263428, 1.372019648551941, 1.4516135454177856, 1.425275444984436]",sae,Pre-64
1,beta,1,0.165,0.4560357198099471,0.4497423189216591,0.4455180446682266,0.5,0.5964054457666336,0.6820253104783491,30,"[0, 1, 2, 3, 4, 5, 6, 7, 8, 9, 10, 11, 12, 13, 14, 15, 16, 17, 18, 19, 20, 21, 22, 23, 24, 25, 26, 27, 28, 29]","[1.4068231582641602, 1.3075295686721802, 1.36045241355896, 1.2474626302719116, 1.3431590795516968, 1.2702409029006958, 1.2781676054000854, 1.3450676202774048, 1.2514047622680664, 1.3073718547821045, 1.306061863899231, 1.3489168882369995, 1.3997360467910767, 1.2767133712768555, 1.3971104621887207, 1.2287383079528809, 1.2519910335540771, 1.306288242340088, 1.377210021018982, 1.407660722732544, 1.3963385820388794, 1.357035517692566, 1.3314772844314575, 1.3019081354141235, 1.2692152261734009, 1.292999505996704, 1.3214480876922607, 1.3266322612762451, 1.4089627265930176, 1.3313413858413696]",sae,Pre-64
1,beta,17,0.155,0.4599327030141671,0.4513468217402507,0.4415739129245786,0.5,0.6120635717004715,0.698454461526345,30,"[0, 1, 2, 3, 4, 5, 6, 7, 8, 9, 10, 11, 12, 13, 14, 15, 16, 17, 18, 19, 20, 21, 22, 23, 24, 25, 26, 27, 28, 29]","[1.3953099250793457, 1.2806370258331299, 1.305577039718628, 1.3439111709594727, 1.397058367729187, 1.284182071685791, 1.356045126914978, 1.2287776470184326, 1.3152573108673096, 1.3140404224395752, 1.3717352151870728, 1.3804785013198853, 1.329514503479004, 1.3848074674606323, 1.324504017829895, 1.336635708808899, 1.402451992034912, 1.3266314268112183, 1.3683860301971436, 1.3366150856018066, 1.2593616247177124, 1.340644121170044, 1.196729063987732, 1.3153053522109985, 1.306884527206421, 1.3033192157745361, 1.2957606315612793, 1.3263212442398071, 1.2808970212936401, 1.3735319375991821]",sae,Pre-64
1,beta,30,0.098,0.4638407167611665,0.4544841508273655,0.4397842516048875,0.5,0.6043368975359404,0.6949176285556463,30,"[0, 1, 2, 3, 4, 5, 6, 7, 8, 9, 10, 11, 12, 13, 14, 15, 16, 17, 18, 19, 20, 21, 22, 23, 24, 25, 26, 27, 28, 29]","[1.5257771015167236, 1.4945957660675049, 1.5058702230453491, 1.4463337659835815, 1.459214687347412, 1.4376076459884644, 1.4484001398086548, 1.4247572422027588, 1.4174808263778687, 1.4358657598495483, 1.500290870666504, 1.4304685592651367, 1.4061707258224487, 1.4282424449920654, 1.4952133893966675, 1.4992185831069946, 1.4173612594604492, 1.439066767692566, 1.5209481716156006, 1.4455360174179077, 1.4222736358642578, 1.3875322341918945, 1.486488938331604, 1.4413881301879883, 1.5571856498718262, 1.4339885711669922, 1.4593615531921387, 1.429308295249939, 1.496519684791565, 1.4518276453018188]",sae,Pre-64
1,beta,27,0.105,0.4609757262074365,0.4537266978541116,0.4566059415908979,0.5,0.5914172664146189,0.6601000397463386,30,"[0, 1, 2, 3, 4, 5, 6, 7, 8, 9, 10, 11, 12, 13, 14, 15, 16, 17, 18, 19, 20, 21, 22, 23, 24, 25, 26, 27, 28, 29]","[1.405606746673584, 1.4585270881652832, 1.4115883111953735, 1.3886483907699585, 1.4441051483154297, 1.3538323640823364, 1.455538034439087, 1.319657564163208, 1.4014776945114136, 1.4103672504425049, 1.3428782224655151, 1.454278826713562, 1.388899803161621, 1.3459765911102295, 1.3926867246627808, 1.3082897663116455, 1.3723496198654175, 1.4226131439208984, 1.3739198446273804, 1.3794025182724, 1.4531551599502563, 1.4227185249328613, 1.3511593341827393, 1.2973345518112183, 1.3831758499145508, 1.4610329866409302, 1.3652628660202026, 1.4245033264160156, 1.3112056255340576, 1.3988218307495117]",sae,Pre-64
1,beta,34,0.135,0.4568527557813058,0.4470225010708758,0.4459618134476711,0.5,0.6011606799053854,0.6769855906612894,30,"[0, 1, 2, 3, 4, 5, 6, 7, 8, 9, 10, 11, 12, 13, 14, 15, 16, 17, 18, 19, 20, 21, 22, 23, 24, 25, 26, 27, 28, 29]","[1.3129420280456543, 1.3962322473526, 1.3993040323257446, 1.3488017320632935, 1.3086827993392944, 1.3138786554336548, 1.3506324291229248, 1.2645691633224487, 1.2851871252059937, 1.3183386325836182, 1.3713184595108032, 1.1770752668380737, 1.3789643049240112, 1.2661024332046509, 1.2795681953430176, 1.3082590103149414, 1.3924953937530518, 1.4145503044128418, 1.3293230533599854, 1.3056825399398804, 1.3312244415283203, 1.4137803316116333, 1.345825433731079, 1.3627208471298218, 1.3098782300949097, 1.2539104223251343, 1.4277442693710327, 1.4092562198638916, 1.4002269506454468, 1.3797158002853394]",sae,Pre-64
1,beta,45,0.155,0.4515599815008028,0.4347157609968581,0.4389121392066469,0.5,0.6289673345145609,0.6746020928929474,30,"[0, 1, 2, 3, 4, 5, 6, 7, 8, 9, 10, 11, 12, 13, 14, 15, 16, 17, 18, 19, 20, 21, 22, 23, 24, 25, 26, 27, 28, 29]","[1.266792893409729, 1.2543433904647827, 1.1693226099014282, 1.3038641214370728, 1.301599144935608, 1.1290467977523804, 1.3208435773849487, 1.2543503046035767, 1.2086641788482666, 1.1548688411712646, 1.2344880104064941, 1.3155118227005005, 1.2629432678222656, 1.1639230251312256, 1.2104463577270508, 1.237627387046814, 1.2191683053970337, 1.1073853969573975, 1.2455055713653564, 1.2538957595825195, 1.2702583074569702, 1.1856770515441895, 1.2650538682937622, 1.1175538301467896, 1.105578899383545, 1.2950921058654785, 1.20169198513031, 1.216101884841919, 1.1144596338272095, 1.3061962127685547]",sae,Pre-64
1,beta,29,0.09,0.4558655961502112,0.4409050416793991,0.4552632720611,0.5,0.6296548282533407,0.671916749963659,30,"[0, 1, 2, 3, 4, 5, 6, 7, 8, 9, 10, 11, 12, 13, 14, 15, 16, 17, 18, 19, 20, 21, 22, 23, 24, 25, 26, 27, 28, 29]","[1.3907930850982666, 1.3515759706497192, 1.1711870431900024, 1.45533287525177, 1.382838487625122, 1.3558038473129272, 1.4703893661499023, 1.3516250848770142, 1.4374865293502808, 1.461180329322815, 1.3841166496276855, 1.4292389154434204, 1.4461644887924194, 1.423477053642273, 1.4026658535003662, 1.4224878549575806, 1.3534884452819824, 1.3854413032531738, 1.351544976234436, 1.3944629430770874, 1.472753882408142, 1.488723874092102, 1.377340316772461, 1.3899716138839722, 1.4011039733886719, 1.3258697986602783, 1.385310411453247, 1.4678133726119995, 1.5085026025772095, 1.3599021434783936]",sae,Pre-64
1,beta,4,0.095,0.4589558369307028,0.4477177462853796,0.4573306545706463,0.5,0.61034827708266,0.6589423950013081,30,"[0, 1, 2, 3, 4, 5, 6, 7, 8, 9, 10, 11, 12, 13, 14, 15, 16, 17, 18, 19, 20, 21, 22, 23, 24, 25, 26, 27, 28, 29]","[1.3946610689163208, 1.3794703483581543, 1.300863265991211, 1.4440178871154785, 1.2737104892730713, 1.3211270570755005, 1.3690211772918701, 1.304347038269043, 1.3900368213653564, 1.4256592988967896, 1.3935340642929077, 1.3356475830078125, 1.4456264972686768, 1.3322269916534424, 1.3003981113433838, 1.3875929117202759, 1.3915152549743652, 1.3595000505447388, 1.3180266618728638, 1.4135481119155884, 1.3749788999557495, 1.4376221895217896, 1.376190185546875, 1.290811538696289, 1.3712934255599976, 1.310455322265625, 1.3280752897262573, 1.3414031267166138, 1.4204623699188232, 1.2950809001922607]",sae,Pre-64
1,beta,32,0.095,0.4555596844830426,0.4475674839123162,0.470855783107356,0.5,0.5924839124839124,0.6331355028497886,30,"[0, 1, 2, 3, 4, 5, 6, 7, 8, 9, 10, 11, 12, 13, 14, 15, 16, 17, 18, 19, 20, 21, 22, 23, 24, 25, 26, 27, 28, 29]","[1.490189790725708, 1.4117587804794312, 1.4910544157028198, 1.4256185293197632, 1.4348903894424438, 1.4994853734970093, 1.4307276010513306, 1.4110251665115356, 1.3876796960830688, 1.3966670036315918, 1.4120769500732422, 1.3867636919021606, 1.4302992820739746, 1.3499075174331665, 1.3387372493743896, 1.3437060117721558, 1.3707549571990967, 1.4343435764312744, 1.3808215856552124, 1.4108175039291382, 1.4954007863998413, 1.411583662033081, 1.3341898918151855, 1.497014045715332, 1.425832986831665, 1.3566232919692993, 1.4727098941802979, 1.2926863431930542, 1.5013076066970825, 1.494145154953003]",sae,Pre-64
1,beta,29,0.165,0.4558655961502112,0.4409050416793991,0.4505630282302238,0.5,0.6296548282533407,0.6686513080500113,30,"[0, 1, 2, 3, 4, 5, 6, 7, 8, 9, 10, 11, 12, 13, 14, 15, 16, 17, 18, 19, 20, 21, 22, 23, 24, 25, 26, 27, 28, 29]","[1.2166889905929565, 1.1618319749832153, 1.0458155870437622, 1.2598599195480347, 1.204245924949646, 1.1851632595062256, 1.2648028135299683, 1.1855204105377197, 1.2502381801605225, 1.2581301927566528, 1.2111002206802368, 1.2469534873962402, 1.2538002729415894, 1.257995367050171, 1.1948727369308472, 1.2505306005477905, 1.1329646110534668, 1.1862996816635132, 1.1693519353866577, 1.217075228691101, 1.2724522352218628, 1.2783629894256592, 1.203700065612793, 1.218372106552124, 1.2086015939712524, 1.1538296937942505, 1.2185429334640503, 1.2635082006454468, 1.3130298852920532, 1.1893401145935059]",sae,Pre-64
1,beta,1,0.13,0.4560357198099471,0.4497423189216591,0.4462904648372729,0.5,0.5964054457666336,0.6820238348207961,30,"[0, 1, 2, 3, 4, 5, 6, 7, 8, 9, 10, 11, 12, 13, 14, 15, 16, 17, 18, 19, 20, 21, 22, 23, 24, 25, 26, 27, 28, 29]","[1.408179521560669, 1.3088983297348022, 1.3618108034133911, 1.2488340139389038, 1.344516396522522, 1.271609902381897, 1.2795295715332031, 1.3464292287826538, 1.2527766227722168, 1.3087319135665894, 1.3074262142181396, 1.3502775430679321, 1.4010969400405884, 1.2780776023864746, 1.39846932888031, 1.2300951480865479, 1.25334894657135, 1.3076521158218384, 1.378571629524231, 1.4090218544006348, 1.3976998329162598, 1.3583956956863403, 1.3328431844711304, 1.3032783269882202, 1.2705802917480469, 1.2943648099899292, 1.3228033781051636, 1.327988862991333, 1.4103208780288696, 1.3326988220214844]",sae,Pre-64
1,beta,30,0.155,0.4638407167611665,0.4544841508273655,0.4368581832465081,0.5,0.6043368975359404,0.6928290917889621,30,"[0, 1, 2, 3, 4, 5, 6, 7, 8, 9, 10, 11, 12, 13, 14, 15, 16, 17, 18, 19, 20, 21, 22, 23, 24, 25, 26, 27, 28, 29]","[1.3261195421218872, 1.2760164737701416, 1.3077919483184814, 1.2706403732299805, 1.2713600397109985, 1.2549370527267456, 1.272167682647705, 1.242924690246582, 1.229604959487915, 1.247621774673462, 1.329056739807129, 1.2335456609725952, 1.2173877954483032, 1.239754319190979, 1.2974668741226196, 1.3120181560516357, 1.2547905445098877, 1.2585952281951904, 1.3338210582733154, 1.2576929330825806, 1.2346360683441162, 1.1889928579330444, 1.271761178970337, 1.2595196962356567, 1.369014859199524, 1.2567172050476074, 1.2949631214141846, 1.2535687685012817, 1.3046224117279053, 1.2795989513397217]",sae,Pre-64
1,beta,2,0.098,0.4419681213812466,0.4306250660512843,0.4254931954132246,0.5,0.6028191218064636,0.6887533616172857,30,"[0, 1, 2, 3, 4, 5, 6, 7, 8, 9, 10, 11, 12, 13, 14, 15, 16, 17, 18, 19, 20, 21, 22, 23, 24, 25, 26, 27, 28, 29]","[1.3019074201583862, 1.3155049085617065, 1.2972559928894043, 1.3593791723251343, 1.3016694784164429, 1.3791005611419678, 1.3198920488357544, 1.3300389051437378, 1.269132375717163, 1.2807859182357788, 1.3190677165985107, 1.2749052047729492, 1.3353859186172485, 1.3857409954071045, 1.3571985960006714, 1.3134905099868774, 1.3646773099899292, 1.416522741317749, 1.4095439910888672, 1.3879222869873047, 1.3168679475784302, 1.3097822666168213, 1.3738206624984741, 1.3771849870681763, 1.3046098947525024, 1.306395173072815, 1.3553966283798218, 1.3355977535247803, 1.157270908355713, 1.411852478981018]",sae,Pre-64
1,beta,29,0.084,0.4558655961502112,0.4409050416793991,0.4552744658796887,0.5,0.6296548282533407,0.6719287387361736,30,"[0, 1, 2, 3, 4, 5, 6, 7, 8, 9, 10, 11, 12, 13, 14, 15, 16, 17, 18, 19, 20, 21, 22, 23, 24, 25, 26, 27, 28, 29]","[1.3915488719940186, 1.3523280620574951, 1.1719609498977661, 1.4560861587524414, 1.383597731590271, 1.3565622568130493, 1.4711426496505737, 1.352386236190796, 1.43824303150177, 1.4619308710098267, 1.3848754167556763, 1.4299967288970947, 1.4469220638275146, 1.424233317375183, 1.4034174680709839, 1.4232465028762817, 1.3542356491088867, 1.3861920833587646, 1.3523025512695312, 1.3952202796936035, 1.4735101461410522, 1.4894744157791138, 1.3780990839004517, 1.390733242034912, 1.4018586874008179, 1.3266305923461914, 1.386067271232605, 1.468564748764038, 1.5092579126358032, 1.3606593608856201]",sae,Pre-64
1,beta,36,0.16,0.4642138821845151,0.4576483090311837,0.4563945345369142,0.5,0.6031055233182893,0.6748566748566749,30,"[0, 1, 2, 3, 4, 5, 6, 7, 8, 9, 10, 11, 12, 13, 14, 15, 16, 17, 18, 19, 20, 21, 22, 23, 24, 25, 26, 27, 28, 29]","[1.3560761213302612, 1.3283023834228516, 1.2957264184951782, 1.3464730978012085, 1.2329226732254028, 1.369578242301941, 1.3083243370056152, 1.3429734706878662, 1.380104422569275, 1.2412956953048706, 1.2823233604431152, 1.3830589056015015, 1.2868032455444336, 1.3074220418930054, 1.333474040031433, 1.386695384979248, 1.3479093313217163, 1.3230628967285156, 1.377300500869751, 1.2818793058395386, 1.3317170143127441, 1.303638219833374, 1.3209336996078491, 1.29658043384552, 1.3714706897735596, 1.341400146484375, 1.3093286752700806, 1.3209490776062012, 1.3676666021347046, 1.2774155139923096]",sae,Pre-64
1,beta,46,0.086,0.4545712902572906,0.4417269056853911,0.4495471085982053,0.5,0.6270377926330811,0.6878148019839386,30,"[0, 1, 2, 3, 4, 5, 6, 7, 8, 9, 10, 11, 12, 13, 14, 15, 16, 17, 18, 19, 20, 21, 22, 23, 24, 25, 26, 27, 28, 29]","[1.3974612951278687, 1.4943777322769165, 1.4941587448120117, 1.4835785627365112, 1.4026581048965454, 1.5285564661026, 1.4189207553863525, 1.536409854888916, 1.47738516330719, 1.5793075561523438, 1.2996028661727905, 1.4118505716323853, 1.5427427291870117, 1.3947068452835083, 1.4599239826202393, 1.5384846925735474, 1.4746711254119873, 1.490017056465149, 1.5483108758926392, 1.5327427387237549, 1.4524351358413696, 1.450641393661499, 1.48337984085083, 1.4813532829284668, 1.491748571395874, 1.5022896528244019, 1.470860481262207, 1.5293500423431396, 1.4539246559143066, 1.4745111465454102]",sae,Pre-64
1,beta,30,0.19,0.4638407167611665,0.4544841508273655,0.4368581832465081,0.5,0.6043368975359404,0.6928274999164267,30,"[0, 1, 2, 3, 4, 5, 6, 7, 8, 9, 10, 11, 12, 13, 14, 15, 16, 17, 18, 19, 20, 21, 22, 23, 24, 25, 26, 27, 28, 29]","[1.3256722688674927, 1.2755699157714844, 1.3073453903198242, 1.2701928615570068, 1.2709115743637085, 1.254488468170166, 1.2717194557189941, 1.2424761056900024, 1.229156255722046, 1.24717378616333, 1.328608512878418, 1.2330988645553589, 1.216941475868225, 1.2393066883087158, 1.2970188856124878, 1.3115698099136353, 1.2543425559997559, 1.258147954940796, 1.3333739042282104, 1.2572447061538696, 1.2341889142990112, 1.1885449886322021, 1.2713154554367065, 1.2590731382369995, 1.3685685396194458, 1.2562689781188965, 1.294514536857605, 1.2531205415725708, 1.3041752576828003, 1.2791506052017212]",sae,Pre-64
1,beta,11,0.115,0.4566976193509867,0.4496008864727478,0.4344033595645461,0.5,0.5995106990682213,0.7099399494310998,30,"[0, 1, 2, 3, 4, 5, 6, 7, 8, 9, 10, 11, 12, 13, 14, 15, 16, 17, 18, 19, 20, 21, 22, 23, 24, 25, 26, 27, 28, 29]","[1.3393938541412354, 1.1482635736465454, 1.3005306720733643, 1.2289128303527832, 1.3743536472320557, 1.2406411170959473, 1.255800485610962, 1.1510776281356812, 1.3615549802780151, 1.364916205406189, 1.3799082040786743, 1.3876339197158813, 1.3902394771575928, 1.2968910932540894, 1.270883560180664, 1.2417147159576416, 1.3116015195846558, 1.2578974962234497, 1.2917988300323486, 1.3395802974700928, 1.3122538328170776, 1.3286259174346924, 1.3726541996002197, 1.2962111234664917, 1.2996203899383545, 1.3511378765106201, 1.3661346435546875, 1.2474684715270996, 1.2877719402313232, 1.2696088552474976]",sae,Pre-64
1,beta,24,0.15,0.4501416387440968,0.4383559369047743,0.44621284551913,0.5,0.6188330126613704,0.6402650198609732,30,"[0, 1, 2, 3, 4, 5, 6, 7, 8, 9, 10, 11, 12, 13, 14, 15, 16, 17, 18, 19, 20, 21, 22, 23, 24, 25, 26, 27, 28, 29]","[1.319801926612854, 1.2655173540115356, 1.2817479372024536, 1.3332138061523438, 1.3408095836639404, 1.2788841724395752, 1.2764214277267456, 1.2775086164474487, 1.2993347644805908, 1.1685861349105835, 1.3039499521255493, 1.252031683921814, 1.3241560459136963, 1.3278831243515015, 1.2728009223937988, 1.2520415782928467, 1.344321370124817, 1.1438881158828735, 1.2580618858337402, 1.3456799983978271, 1.3236018419265747, 1.3344193696975708, 1.27682626247406, 1.2995922565460205, 1.2437196969985962, 1.2046154737472534, 1.2903674840927124, 1.2486573457717896, 1.3463207483291626, 1.2673566341400146]",sae,Pre-64
1,beta,2,0.19,0.4419681213812466,0.4306250660512843,0.4197566572346422,0.5,0.6028191218064636,0.6885838317800342,30,"[0, 1, 2, 3, 4, 5, 6, 7, 8, 9, 10, 11, 12, 13, 14, 15, 16, 17, 18, 19, 20, 21, 22, 23, 24, 25, 26, 27, 28, 29]","[1.1775721311569214, 1.1915174722671509, 1.1720030307769775, 1.2240461111068726, 1.1620572805404663, 1.2320966720581055, 1.202992558479309, 1.1968384981155396, 1.1483848094940186, 1.1551154851913452, 1.1784971952438354, 1.1624629497528076, 1.1972424983978271, 1.2313753366470337, 1.2210057973861694, 1.1849056482315063, 1.2126569747924805, 1.267452359199524, 1.2568942308425903, 1.2425929307937622, 1.1858340501785278, 1.1857333183288574, 1.230033040046692, 1.2205429077148438, 1.1919567584991455, 1.1700034141540527, 1.2158170938491821, 1.2082809209823608, 1.0474954843521118, 1.2580242156982422]",sae,Pre-64
1,beta,23,0.16,0.4478205607315014,0.4344954522622479,0.4317269217414636,0.5,0.6150139710231751,0.6708375503584659,30,"[0, 1, 2, 3, 4, 5, 6, 7, 8, 9, 10, 11, 12, 13, 14, 15, 16, 17, 18, 19, 20, 21, 22, 23, 24, 25, 26, 27, 28, 29]","[1.2234574556350708, 1.2535516023635864, 1.215553641319275, 1.3414647579193115, 1.1525942087173462, 1.2241476774215698, 1.320117473602295, 1.2633205652236938, 1.219101905822754, 1.3444054126739502, 1.3362971544265747, 1.2943495512008667, 1.2836339473724365, 1.1674634218215942, 1.2813764810562134, 1.336267352104187, 1.0682376623153687, 1.266640067100525, 1.213967204093933, 1.229304313659668, 1.3327319622039795, 1.3483401536941528, 1.2180813550949097, 1.3431850671768188, 1.3299089670181274, 1.2750502824783325, 1.2362234592437744, 1.2225416898727417, 1.2577011585235596, 1.3488656282424927]",sae,Pre-64
1,beta,14,0.165,0.4467366851483266,0.4421697276018216,0.4269936475169583,0.5,0.5934222168898753,0.699236641221374,30,"[0, 1, 2, 3, 4, 5, 6, 7, 8, 9, 10, 11, 12, 13, 14, 15, 16, 17, 18, 19, 20, 21, 22, 23, 24, 25, 26, 27, 28, 29]","[1.281767725944519, 1.1745882034301758, 1.2331924438476562, 1.2605299949645996, 1.2893543243408203, 1.252901315689087, 1.2438414096832275, 1.3174315690994263, 1.2548294067382812, 1.2968616485595703, 1.2081096172332764, 1.14963698387146, 1.1766177415847778, 1.3020639419555664, 1.3043581247329712, 1.2561880350112915, 1.3234376907348633, 1.3115324974060059, 1.2357656955718994, 1.239999532699585, 1.2762665748596191, 1.2552474737167358, 1.3123681545257568, 1.2121813297271729, 1.3138293027877808, 1.3087502717971802, 1.2437745332717896, 1.3143916130065918, 1.2991727590560913, 1.185826301574707]",sae,Pre-64
1,beta,24,0.096,0.4501416387440968,0.4383559369047743,0.4491614429574713,0.5,0.6188330126613704,0.6423985228401191,30,"[0, 1, 2, 3, 4, 5, 6, 7, 8, 9, 10, 11, 12, 13, 14, 15, 16, 17, 18, 19, 20, 21, 22, 23, 24, 25, 26, 27, 28, 29]","[1.471748948097229, 1.3855894804000854, 1.4062209129333496, 1.4841572046279907, 1.4884787797927856, 1.4012812376022339, 1.410462498664856, 1.4090142250061035, 1.4490962028503418, 1.3300894498825073, 1.439103126525879, 1.3877372741699219, 1.4799846410751343, 1.4673603773117065, 1.4069573879241943, 1.3790314197540283, 1.4886372089385986, 1.2769018411636353, 1.3819738626480103, 1.49180269241333, 1.464525818824768, 1.48435378074646, 1.3889747858047485, 1.447123408317566, 1.3689807653427124, 1.3312089443206787, 1.4397894144058228, 1.3674156665802002, 1.4914613962173462, 1.398461103439331]",sae,Pre-64
1,beta,21,0.1,0.4504746503440228,0.4381370334360364,0.4378032825215777,0.5,0.6200058082774133,0.6874899590948974,30,"[0, 1, 2, 3, 4, 5, 6, 7, 8, 9, 10, 11, 12, 13, 14, 15, 16, 17, 18, 19, 20, 21, 22, 23, 24, 25, 26, 27, 28, 29]","[1.3876312971115112, 1.4344940185546875, 1.5523134469985962, 1.5490940809249878, 1.5192844867706299, 1.5080970525741577, 1.4307743310928345, 1.437618613243103, 1.5333302021026611, 1.4630166292190552, 1.5319628715515137, 1.5306587219238281, 1.4250550270080566, 1.4439482688903809, 1.4355250597000122, 1.4395596981048584, 1.4459228515625, 1.4498488903045654, 1.3827050924301147, 1.5417356491088867, 1.3831095695495605, 1.5554938316345215, 1.3765681982040405, 1.3909680843353271, 1.4485644102096558, 1.4002701044082642, 1.36016047000885, 1.426107406616211, 1.5108474493026733, 1.490724802017212]",sae,Pre-64
1,beta,33,0.11,0.4492211383258522,0.4377959816952598,0.4270700320831972,0.5,0.6165210074526608,0.6947923295575071,30,"[0, 1, 2, 3, 4, 5, 6, 7, 8, 9, 10, 11, 12, 13, 14, 15, 16, 17, 18, 19, 20, 21, 22, 23, 24, 25, 26, 27, 28, 29]","[1.3325501680374146, 1.4084759950637817, 1.365270972251892, 1.3407442569732666, 1.2976242303848267, 1.4304852485656738, 1.2895575761795044, 1.4019063711166382, 1.4077216386795044, 1.4060900211334229, 1.3513675928115845, 1.4087885618209839, 1.3509522676467896, 1.3092122077941895, 1.3058891296386719, 1.3989280462265015, 1.322127342224121, 1.3295081853866577, 1.4102340936660767, 1.4067293405532837, 1.336682915687561, 1.2894185781478882, 1.4261038303375244, 1.3806462287902832, 1.4246165752410889, 1.3100781440734863, 1.3289892673492432, 1.3118802309036255, 1.2772492170333862, 1.3339763879776]",sae,Pre-64
1,beta,38,0.096,0.4455661720406026,0.4298851252298221,0.4370733633198276,0.5,0.6303640517897944,0.6627220106626047,30,"[0, 1, 2, 3, 4, 5, 6, 7, 8, 9, 10, 11, 12, 13, 14, 15, 16, 17, 18, 19, 20, 21, 22, 23, 24, 25, 26, 27, 28, 29]","[1.3135181665420532, 1.2931855916976929, 1.3254555463790894, 1.3557331562042236, 1.3222012519836426, 1.2115014791488647, 1.3705567121505737, 1.327989101409912, 1.1827679872512817, 1.3407371044158936, 1.3211688995361328, 1.3354225158691406, 1.3496510982513428, 1.3156676292419434, 1.362017035484314, 1.2988489866256714, 1.305322527885437, 1.3794125318527222, 1.2691787481307983, 1.3340784311294556, 1.3127329349517822, 1.3224185705184937, 1.372178554534912, 1.2764232158660889, 1.3164640665054321, 1.3701356649398804, 1.2678959369659424, 1.3750994205474854, 1.3011599779129028, 1.3842113018035889]",sae,Pre-64
1,beta,43,0.09,0.4515364523902173,0.4432102910589974,0.4419702960234571,0.5,0.6060785767234989,0.6993787991104522,30,"[0, 1, 2, 3, 4, 5, 6, 7, 8, 9, 10, 11, 12, 13, 14, 15, 16, 17, 18, 19, 20, 21, 22, 23, 24, 25, 26, 27, 28, 29]","[1.513180136680603, 1.5864441394805908, 1.5624558925628662, 1.4596222639083862, 1.4946482181549072, 1.4337971210479736, 1.4646109342575073, 1.451480746269226, 1.5514883995056152, 1.4410897493362427, 1.4067305326461792, 1.596987247467041, 1.525639533996582, 1.4681298732757568, 1.4679689407348633, 1.3556209802627563, 1.5536249876022339, 1.451620101928711, 1.5483958721160889, 1.5443884134292603, 1.4468231201171875, 1.4600328207015991, 1.5853041410446167, 1.5177685022354126, 1.4406760931015015, 1.521519660949707, 1.58798086643219, 1.4512629508972168, 1.5470768213272095, 1.5975260734558105]",sae,Pre-64
1,beta,7,0.17,0.4564836922581216,0.4420418003909208,0.4349973830330715,0.5,0.6095136152062148,0.7014016976066311,30,"[0, 1, 2, 3, 4, 5, 6, 7, 8, 9, 10, 11, 12, 13, 14, 15, 16, 17, 18, 19, 20, 21, 22, 23, 24, 25, 26, 27, 28, 29]","[1.2831850051879883, 1.3122837543487549, 1.3317317962646484, 1.2894253730773926, 1.349459171295166, 1.3040854930877686, 1.253293514251709, 1.3072069883346558, 1.3952916860580444, 1.3147730827331543, 1.227295160293579, 1.2754690647125244, 1.2355072498321533, 1.2553155422210693, 1.4079256057739258, 1.32040274143219, 1.2772002220153809, 1.2354960441589355, 1.3411625623703003, 1.3479220867156982, 1.304304599761963, 1.3131734132766724, 1.3171017169952393, 1.2666943073272705, 1.3654125928878784, 1.3280144929885864, 1.3022966384887695, 1.1845173835754395, 1.3866521120071411, 1.2747501134872437]",sae,Pre-64
1,beta,45,0.12,0.4515599815008028,0.4347157609968581,0.4440567313134337,0.5,0.6289673345145609,0.6751533324246968,30,"[0, 1, 2, 3, 4, 5, 6, 7, 8, 9, 10, 11, 12, 13, 14, 15, 16, 17, 18, 19, 20, 21, 22, 23, 24, 25, 26, 27, 28, 29]","[1.3804529905319214, 1.372554063796997, 1.2848458290100098, 1.4321184158325195, 1.428754210472107, 1.2635010480880737, 1.44692862033844, 1.397384524345398, 1.3150895833969116, 1.266845464706421, 1.359539270401001, 1.4384163618087769, 1.3923473358154297, 1.2976179122924805, 1.3238147497177124, 1.3508533239364624, 1.348475456237793, 1.215625286102295, 1.363834261894226, 1.3653905391693115, 1.3878412246704102, 1.3025355339050293, 1.3951833248138428, 1.2434542179107666, 1.2355481386184692, 1.4265892505645752, 1.3072139024734497, 1.3189235925674438, 1.2363861799240112, 1.4352009296417236]",sae,Pre-64
1,beta,15,0.09,0.4529015220185267,0.4424399871594601,0.4354350712033469,0.5,0.6161071485640408,0.7111317712343294,30,"[0, 1, 2, 3, 4, 5, 6, 7, 8, 9, 10, 11, 12, 13, 14, 15, 16, 17, 18, 19, 20, 21, 22, 23, 24, 25, 26, 27, 28, 29]","[1.3980668783187866, 1.3685414791107178, 1.4096498489379883, 1.4096232652664185, 1.4842034578323364, 1.3803982734680176, 1.3750168085098267, 1.399271845817566, 1.457707405090332, 1.4554598331451416, 1.4435582160949707, 1.3582754135131836, 1.5169565677642822, 1.4605292081832886, 1.3512823581695557, 1.4266705513000488, 1.3644498586654663, 1.510050892829895, 1.3491474390029907, 1.4162414073944092, 1.5030688047409058, 1.4702776670455933, 1.3914201259613037, 1.4295531511306763, 1.3989630937576294, 1.281275987625122, 1.4726463556289673, 1.517272710800171, 1.4145945310592651, 1.4107937812805176]",sae,Pre-64
1,beta,2,0.155,0.4419681213812466,0.4306250660512843,0.4218226682912888,0.5,0.6028191218064636,0.6885838317800342,30,"[0, 1, 2, 3, 4, 5, 6, 7, 8, 9, 10, 11, 12, 13, 14, 15, 16, 17, 18, 19, 20, 21, 22, 23, 24, 25, 26, 27, 28, 29]","[1.177598476409912, 1.1915435791015625, 1.1720291376113892, 1.2240723371505737, 1.162083387374878, 1.232122778892517, 1.2030186653137207, 1.1968646049499512, 1.1484109163284302, 1.1551415920257568, 1.178523302078247, 1.1624891757965088, 1.1972688436508179, 1.2314014434814453, 1.221031904220581, 1.1849318742752075, 1.212683081626892, 1.2674784660339355, 1.256920337677002, 1.2426190376281738, 1.1858601570129395, 1.185759425163269, 1.2300591468811035, 1.2205690145492554, 1.1919828653335571, 1.170029640197754, 1.2158432006835938, 1.208307147026062, 1.047521710395813, 1.2580504417419434]",sae,Pre-64
1,beta,2,0.09,0.4419681213812466,0.4306250660512843,0.4272085641999053,0.5,0.6028191218064636,0.6894517665878426,30,"[0, 1, 2, 3, 4, 5, 6, 7, 8, 9, 10, 11, 12, 13, 14, 15, 16, 17, 18, 19, 20, 21, 22, 23, 24, 25, 26, 27, 28, 29]","[1.3698722124099731, 1.3831204175949097, 1.3586881160736084, 1.4272581338882446, 1.3747138977050781, 1.4612656831741333, 1.3809425830841064, 1.3940513134002686, 1.3304513692855835, 1.3518602848052979, 1.388850450515747, 1.3317092657089233, 1.4119341373443604, 1.4653728008270264, 1.437278151512146, 1.382867455482483, 1.4425908327102661, 1.496838927268982, 1.4890321493148804, 1.4665228128433228, 1.3894829750061035, 1.366470456123352, 1.4484974145889282, 1.4520156383514404, 1.3640121221542358, 1.370337724685669, 1.4285056591033936, 1.4034717082977295, 1.2128217220306396, 1.4889918565750122]",sae,Pre-64
1,beta,17,0.12,0.4599327030141671,0.4513468217402507,0.4415906672797658,0.5,0.6120635717004715,0.6984500861225316,30,"[0, 1, 2, 3, 4, 5, 6, 7, 8, 9, 10, 11, 12, 13, 14, 15, 16, 17, 18, 19, 20, 21, 22, 23, 24, 25, 26, 27, 28, 29]","[1.396889090538025, 1.2822272777557373, 1.307161808013916, 1.345494270324707, 1.3986355066299438, 1.2857671976089478, 1.357625961303711, 1.2303693294525146, 1.3168364763259888, 1.3156172037124634, 1.3733035326004028, 1.382057785987854, 1.3310962915420532, 1.3863844871520996, 1.3260821104049683, 1.3382138013839722, 1.404025912284851, 1.3282078504562378, 1.3699620962142944, 1.3382017612457275, 1.26094651222229, 1.3422260284423828, 1.198310136795044, 1.3168890476226807, 1.3084553480148315, 1.3049025535583496, 1.2973480224609375, 1.3278999328613281, 1.2824815511703491, 1.3751087188720703]",sae,Pre-64
1,beta,41,0.094,0.4543678569363413,0.4427951465832617,0.4506614902816734,0.5,0.6190905384235713,0.6749057562036381,30,"[0, 1, 2, 3, 4, 5, 6, 7, 8, 9, 10, 11, 12, 13, 14, 15, 16, 17, 18, 19, 20, 21, 22, 23, 24, 25, 26, 27, 28, 29]","[1.3102021217346191, 1.3695600032806396, 1.279335856437683, 1.2512956857681274, 1.249405026435852, 1.4166944026947021, 1.293216347694397, 1.341058611869812, 1.3154345750808716, 1.3842949867248535, 1.3787330389022827, 1.339707851409912, 1.3460187911987305, 1.392160415649414, 1.3966567516326904, 1.3264014720916748, 1.289921522140503, 1.345382809638977, 1.3453654050827026, 1.3505702018737793, 1.2626734972000122, 1.3172636032104492, 1.331176519393921, 1.3399888277053833, 1.3355339765548706, 1.315860390663147, 1.3709595203399658, 1.3792202472686768, 1.332905650138855, 1.284787893295288]",sae,Pre-64
1,beta,29,0.13,0.4558655961502112,0.4409050416793991,0.4526226448908029,0.5,0.6296548282533407,0.6713907425695835,30,"[0, 1, 2, 3, 4, 5, 6, 7, 8, 9, 10, 11, 12, 13, 14, 15, 16, 17, 18, 19, 20, 21, 22, 23, 24, 25, 26, 27, 28, 29]","[1.3494420051574707, 1.299357533454895, 1.1422799825668335, 1.404075264930725, 1.3346771001815796, 1.3087921142578125, 1.4181406497955322, 1.309996247291565, 1.3937162160873413, 1.4057947397232056, 1.3401814699172974, 1.3812830448150635, 1.398332118988037, 1.3806020021438599, 1.3459914922714233, 1.3811171054840088, 1.294981837272644, 1.3287110328674316, 1.3016923666000366, 1.3464291095733643, 1.4233002662658691, 1.4330334663391113, 1.3313956260681152, 1.3452686071395874, 1.3495744466781616, 1.2837108373641968, 1.3425203561782837, 1.4127092361450195, 1.4594422578811646, 1.3135523796081543]",sae,Pre-64
1,beta,16,0.098,0.4519396108125126,0.4401978349795346,0.4306492359610786,0.5,0.6159012314439947,0.7167618565644882,30,"[0, 1, 2, 3, 4, 5, 6, 7, 8, 9, 10, 11, 12, 13, 14, 15, 16, 17, 18, 19, 20, 21, 22, 23, 24, 25, 26, 27, 28, 29]","[1.2736802101135254, 1.2368117570877075, 1.2418849468231201, 1.320739507675171, 1.3131928443908691, 1.2557886838912964, 1.3190090656280518, 1.2953342199325562, 1.2663145065307617, 1.32105553150177, 1.3214881420135498, 1.3049594163894653, 1.260969877243042, 1.2819873094558716, 1.2003389596939087, 1.250362753868103, 1.3300083875656128, 1.1565232276916504, 1.2676559686660767, 1.302487850189209, 1.3508449792861938, 1.3184964656829834, 1.3241735696792603, 1.3147417306900024, 1.2044742107391357, 1.2932946681976318, 1.2151201963424683, 1.2696727514266968, 1.226013422012329, 1.2497427463531494]",sae,Pre-64
1,beta,42,0.165,0.4546678683050885,0.4407690563496341,0.4439502425450795,0.5,0.6336081445133979,0.6603511208928656,30,"[0, 1, 2, 3, 4, 5, 6, 7, 8, 9, 10, 11, 12, 13, 14, 15, 16, 17, 18, 19, 20, 21, 22, 23, 24, 25, 26, 27, 28, 29]","[1.2767118215560913, 1.1509020328521729, 1.2741888761520386, 1.2517021894454956, 1.16533625125885, 1.2553739547729492, 1.1647206544876099, 1.148014783859253, 1.1693377494812012, 1.2613091468811035, 1.2386943101882935, 1.2795376777648926, 1.1614588499069214, 1.0049147605895996, 1.2809103727340698, 1.1924101114273071, 1.141250491142273, 1.1302461624145508, 1.240049958229065, 1.2147595882415771, 1.1706880331039429, 1.1570767164230347, 1.171014428138733, 1.1616032123565674, 1.189007043838501, 1.1533206701278687, 1.2752232551574707, 1.16252863407135, 1.2145106792449951, 1.1530125141143799]",sae,Pre-64
1,beta,23,0.125,0.4478205607315014,0.4344954522622479,0.4345218074174531,0.5,0.6150139710231751,0.6744577624275542,30,"[0, 1, 2, 3, 4, 5, 6, 7, 8, 9, 10, 11, 12, 13, 14, 15, 16, 17, 18, 19, 20, 21, 22, 23, 24, 25, 26, 27, 28, 29]","[1.3369331359863281, 1.3838005065917969, 1.3552563190460205, 1.4718527793884277, 1.2633235454559326, 1.3301891088485718, 1.4546051025390625, 1.3627748489379883, 1.3318452835083008, 1.467186689376831, 1.4629082679748535, 1.4211629629135132, 1.4044976234436035, 1.298140525817871, 1.3953641653060913, 1.454216480255127, 1.1640018224716187, 1.3740432262420654, 1.3183398246765137, 1.344395399093628, 1.4581114053726196, 1.4796593189239502, 1.3287440538406372, 1.4657840728759766, 1.461342215538025, 1.3772433996200562, 1.3372323513031006, 1.3602803945541382, 1.3787604570388794, 1.476296067237854]",sae,Pre-64
1,beta,41,0.175,0.4543678569363413,0.4427951465832617,0.4474526060303638,0.5,0.6190905384235713,0.673865676659728,30,"[0, 1, 2, 3, 4, 5, 6, 7, 8, 9, 10, 11, 12, 13, 14, 15, 16, 17, 18, 19, 20, 21, 22, 23, 24, 25, 26, 27, 28, 29]","[1.2570419311523438, 1.3107507228851318, 1.2080363035202026, 1.1985074281692505, 1.1806390285491943, 1.3530609607696533, 1.2347387075424194, 1.281237244606018, 1.2597541809082031, 1.3162825107574463, 1.3175300359725952, 1.2782915830612183, 1.28575599193573, 1.3247604370117188, 1.3328419923782349, 1.2730342149734497, 1.2231204509735107, 1.2834298610687256, 1.2730656862258911, 1.2927801609039307, 1.2012336254119873, 1.263688325881958, 1.2775307893753052, 1.2799742221832275, 1.2763787508010864, 1.261518955230713, 1.3086069822311401, 1.3138376474380493, 1.2695319652557373, 1.2187658548355103]",sae,Pre-64
1,beta,7,0.092,0.4564836922581216,0.4420418003909208,0.4378275156271113,0.5,0.6095136152062148,0.7009800235606687,30,"[0, 1, 2, 3, 4, 5, 6, 7, 8, 9, 10, 11, 12, 13, 14, 15, 16, 17, 18, 19, 20, 21, 22, 23, 24, 25, 26, 27, 28, 29]","[1.36204993724823, 1.4043892621994019, 1.4198668003082275, 1.3832021951675415, 1.4352344274520874, 1.3926132917404175, 1.3506090641021729, 1.3957232236862183, 1.4912620782852173, 1.4000091552734375, 1.3206244707107544, 1.3621273040771484, 1.3257793188095093, 1.3453530073165894, 1.5026164054870605, 1.415663480758667, 1.3504796028137207, 1.3314100503921509, 1.4365792274475098, 1.4348008632659912, 1.3989944458007812, 1.4134701490402222, 1.420333981513977, 1.3675928115844727, 1.4566822052001953, 1.436766505241394, 1.3815513849258423, 1.2790554761886597, 1.4770756959915161, 1.3650585412979126]",sae,Pre-64
1,beta,0,0.105,0.4600628296558519,0.4487196928272481,0.4296173038364927,0.5,0.6146148452673732,0.7222052384146351,30,"[0, 1, 2, 3, 4, 5, 6, 7, 8, 9, 10, 11, 12, 13, 14, 15, 16, 17, 18, 19, 20, 21, 22, 23, 24, 25, 26, 27, 28, 29]","[1.2531721591949463, 1.2955780029296875, 1.2690062522888184, 1.3135929107666016, 1.239271879196167, 1.2701350450515747, 1.3010966777801514, 1.3355475664138794, 1.3156486749649048, 1.285628318786621, 1.2698568105697632, 1.2758671045303345, 1.322020411491394, 1.308920979499817, 1.3257172107696533, 1.269991159439087, 1.2907449007034302, 1.2310196161270142, 1.1571204662322998, 1.3095836639404297, 1.240665078163147, 1.2373806238174438, 1.3185014724731445, 1.2616275548934937, 1.2525428533554077, 1.1977638006210327, 1.3216801881790161, 1.2218164205551147, 1.3039445877075195, 1.213271975517273]",sae,Pre-64
1,beta,8,0.195,0.4517491928182039,0.4406431065890545,0.435087654693021,0.5,0.6098144493254953,0.6772224698117613,30,"[0, 1, 2, 3, 4, 5, 6, 7, 8, 9, 10, 11, 12, 13, 14, 15, 16, 17, 18, 19, 20, 21, 22, 23, 24, 25, 26, 27, 28, 29]","[1.151729941368103, 1.2513293027877808, 1.204057216644287, 1.2244327068328857, 1.2732421159744263, 1.2135595083236694, 1.2588971853256226, 1.1934460401535034, 1.2347244024276733, 1.2460532188415527, 1.2668101787567139, 1.2186148166656494, 1.2181040048599243, 1.234481930732727, 1.252224326133728, 1.19215989112854, 1.2113169431686401, 1.2265926599502563, 1.1558114290237427, 1.181016445159912, 1.1780226230621338, 1.160088062286377, 1.2591983079910278, 1.191365122795105, 1.2543267011642456, 1.2590240240097046, 1.1686979532241821, 1.2548314332962036, 1.22697913646698, 1.20084547996521]",sae,Pre-64
1,beta,37,0.088,0.4546908257221888,0.444978337644671,0.4310098241872379,0.5,0.6058579085235571,0.7187805555220241,30,"[0, 1, 2, 3, 4, 5, 6, 7, 8, 9, 10, 11, 12, 13, 14, 15, 16, 17, 18, 19, 20, 21, 22, 23, 24, 25, 26, 27, 28, 29]","[1.35924232006073, 1.4278111457824707, 1.4041155576705933, 1.3788477182388306, 1.3216280937194824, 1.4323266744613647, 1.3767093420028687, 1.4637595415115356, 1.506640911102295, 1.4302477836608887, 1.3999969959259033, 1.4031572341918945, 1.4377652406692505, 1.4134175777435303, 1.4698057174682617, 1.4172617197036743, 1.395799994468689, 1.454296588897705, 1.4103832244873047, 1.4152553081512451, 1.432828664779663, 1.440047025680542, 1.4722436666488647, 1.4510425329208374, 1.4182831048965454, 1.4596428871154785, 1.413526177406311, 1.437353491783142, 1.4531763792037964, 1.4695090055465698]",sae,Pre-64
1,beta,10,0.096,0.4493907433353129,0.4390813823454372,0.4434079887188822,0.5,0.6232207829487961,0.6760271269152104,30,"[0, 1, 2, 3, 4, 5, 6, 7, 8, 9, 10, 11, 12, 13, 14, 15, 16, 17, 18, 19, 20, 21, 22, 23, 24, 25, 26, 27, 28, 29]","[1.3999093770980835, 1.3111929893493652, 1.4747658967971802, 1.3979880809783936, 1.39080011844635, 1.401992678642273, 1.490070104598999, 1.4165595769882202, 1.2999379634857178, 1.446779489517212, 1.4070568084716797, 1.4272196292877197, 1.4234997034072876, 1.4012022018432617, 1.469671607017517, 1.4230083227157593, 1.4328149557113647, 1.3437455892562866, 1.3968803882598877, 1.358151912689209, 1.378359317779541, 1.4072250127792358, 1.4658422470092773, 1.4704303741455078, 1.4027278423309326, 1.3440438508987427, 1.4027537107467651, 1.4116907119750977, 1.4026930332183838, 1.4548296928405762]",sae,Pre-64
1,beta,44,0.098,0.4469012312759677,0.43811650775401,0.4572396088718306,0.5,0.5982762074796864,0.621537536900532,30,"[0, 1, 2, 3, 4, 5, 6, 7, 8, 9, 10, 11, 12, 13, 14, 15, 16, 17, 18, 19, 20, 21, 22, 23, 24, 25, 26, 27, 28, 29]","[1.35190749168396, 1.3556883335113525, 1.2998106479644775, 1.329229474067688, 1.3452953100204468, 1.4017680883407593, 1.3781623840332031, 1.2973953485488892, 1.3648369312286377, 1.4156371355056763, 1.3444727659225464, 1.3207528591156006, 1.3500657081604004, 1.3168028593063354, 1.418857216835022, 1.4178553819656372, 1.2868191003799438, 1.1948342323303223, 1.3604388236999512, 1.3472068309783936, 1.319027066230774, 1.2937078475952148, 1.339857816696167, 1.3477977514266968, 1.403512954711914, 1.3030630350112915, 1.3244507312774658, 1.3473089933395386, 1.3425424098968506, 1.3613420724868774]",sae,Pre-64
1,beta,13,0.175,0.4619123366083722,0.4531466051409948,0.4367075282311671,0.5,0.6127276801885291,0.7078491260660782,30,"[0, 1, 2, 3, 4, 5, 6, 7, 8, 9, 10, 11, 12, 13, 14, 15, 16, 17, 18, 19, 20, 21, 22, 23, 24, 25, 26, 27, 28, 29]","[1.3738670349121094, 1.1881523132324219, 1.3570219278335571, 1.2983638048171997, 1.2712056636810303, 1.3599565029144287, 1.3004372119903564, 1.3049074411392212, 1.3231357336044312, 1.3055047988891602, 1.3685306310653687, 1.2976197004318237, 1.311975121498108, 1.3353691101074219, 1.3331732749938965, 1.2647658586502075, 1.2519062757492065, 1.3282614946365356, 1.2952065467834473, 1.2969084978103638, 1.2690938711166382, 1.22407066822052, 1.2475755214691162, 1.2736539840698242, 1.2894827127456665, 1.2456872463226318, 1.2885801792144775, 1.2604334354400635, 1.3033030033111572, 1.3051416873931885]",sae,Pre-64
1,beta,7,0.135,0.4564836922581216,0.4420418003909208,0.4350173365492593,0.5,0.6095136152062148,0.7013987488370789,30,"[0, 1, 2, 3, 4, 5, 6, 7, 8, 9, 10, 11, 12, 13, 14, 15, 16, 17, 18, 19, 20, 21, 22, 23, 24, 25, 26, 27, 28, 29]","[1.2842520475387573, 1.3133525848388672, 1.3327970504760742, 1.290490746498108, 1.350526213645935, 1.3051517009735107, 1.2543573379516602, 1.3082687854766846, 1.3963556289672852, 1.315835952758789, 1.2283560037612915, 1.2765402793884277, 1.2365736961364746, 1.2563782930374146, 1.4089913368225098, 1.3214695453643799, 1.27826988697052, 1.236560583114624, 1.3422259092330933, 1.348988652229309, 1.305372714996338, 1.314240574836731, 1.31816565990448, 1.2677561044692993, 1.3664816617965698, 1.329075574874878, 1.3033673763275146, 1.185582160949707, 1.3877168893814087, 1.2758119106292725]",sae,Pre-64
1,beta,36,0.1,0.4642138821845151,0.4576483090311837,0.4580820344758814,0.5,0.6031055233182893,0.6748523184693398,30,"[0, 1, 2, 3, 4, 5, 6, 7, 8, 9, 10, 11, 12, 13, 14, 15, 16, 17, 18, 19, 20, 21, 22, 23, 24, 25, 26, 27, 28, 29]","[1.358985424041748, 1.3311961889266968, 1.2986295223236084, 1.349376916885376, 1.2358318567276, 1.3724852800369263, 1.3112255334854126, 1.345858097076416, 1.3830052614212036, 1.2442116737365723, 1.2852323055267334, 1.3859636783599854, 1.2897262573242188, 1.3103340864181519, 1.3363703489303589, 1.38959801197052, 1.3508214950561523, 1.3259687423706055, 1.3802028894424438, 1.284803032875061, 1.3346266746520996, 1.3065482378005981, 1.323839545249939, 1.2994755506515503, 1.3743783235549927, 1.344293236732483, 1.312250018119812, 1.3238627910614014, 1.3705635070800781, 1.280328392982483]",sae,Pre-64
1,beta,8,0.1,0.4517491928182039,0.4406431065890545,0.4394102457107781,0.5,0.6098144493254953,0.6783359153385257,30,"[0, 1, 2, 3, 4, 5, 6, 7, 8, 9, 10, 11, 12, 13, 14, 15, 16, 17, 18, 19, 20, 21, 22, 23, 24, 25, 26, 27, 28, 29]","[1.3850568532943726, 1.4968764781951904, 1.4136649370193481, 1.4447712898254395, 1.5057389736175537, 1.441145658493042, 1.4896305799484253, 1.4017683267593384, 1.4481277465820312, 1.4973926544189453, 1.5055490732192993, 1.429367184638977, 1.4129184484481812, 1.4459317922592163, 1.4748311042785645, 1.3903393745422363, 1.4120646715164185, 1.4479881525039673, 1.3586102724075317, 1.4281619787216187, 1.4010556936264038, 1.3768254518508911, 1.4802626371383667, 1.41270911693573, 1.4798357486724854, 1.4839050769805908, 1.381529450416565, 1.4795386791229248, 1.450406789779663, 1.4506042003631592]",sae,Pre-64
1,beta,35,0.17,0.4566193215888805,0.4379483378046387,0.4291675369321771,0.5,0.637290178651746,0.7122606432422383,30,"[0, 1, 2, 3, 4, 5, 6, 7, 8, 9, 10, 11, 12, 13, 14, 15, 16, 17, 18, 19, 20, 21, 22, 23, 24, 25, 26, 27, 28, 29]","[1.2328904867172241, 1.2750260829925537, 1.3447842597961426, 1.291734218597412, 1.2772188186645508, 1.26389479637146, 1.20447838306427, 1.3628052473068237, 1.3657493591308594, 1.2886768579483032, 1.3297978639602661, 1.2209384441375732, 1.2823779582977295, 1.1711856126785278, 1.272485613822937, 1.2284553050994873, 1.342542052268982, 1.2173079252243042, 1.3150662183761597, 1.2117244005203247, 1.2317708730697632, 1.2252998352050781, 1.2561826705932617, 1.1909348964691162, 1.2456318140029907, 1.2792972326278687, 1.2533540725708008, 1.320400357246399, 1.3308049440383911, 1.3004578351974487]",sae,Pre-64
1,beta,8,0.16,0.4517491928182039,0.4406431065890545,0.4376263946787738,0.5,0.6098144493254953,0.6769536583122882,30,"[0, 1, 2, 3, 4, 5, 6, 7, 8, 9, 10, 11, 12, 13, 14, 15, 16, 17, 18, 19, 20, 21, 22, 23, 24, 25, 26, 27, 28, 29]","[1.2363474369049072, 1.3388338088989258, 1.278742790222168, 1.307418704032898, 1.3595523834228516, 1.2926596403121948, 1.3401917219161987, 1.2668261528015137, 1.3174418210983276, 1.3390862941741943, 1.3573333024978638, 1.2917463779449463, 1.2913252115249634, 1.3192720413208008, 1.3327702283859253, 1.2603951692581177, 1.284102201461792, 1.3056011199951172, 1.2309882640838623, 1.2727316617965698, 1.257995843887329, 1.240085244178772, 1.3392980098724365, 1.2736470699310303, 1.3331845998764038, 1.3366323709487915, 1.2433335781097412, 1.3342396020889282, 1.3031909465789795, 1.290042519569397]",sae,Pre-64
1,beta,41,0.14,0.4543678569363413,0.4427951465832617,0.449141437677752,0.5,0.6190905384235713,0.673862815367998,30,"[0, 1, 2, 3, 4, 5, 6, 7, 8, 9, 10, 11, 12, 13, 14, 15, 16, 17, 18, 19, 20, 21, 22, 23, 24, 25, 26, 27, 28, 29]","[1.257766842842102, 1.3114765882492065, 1.2087575197219849, 1.199230432510376, 1.1813617944717407, 1.3537832498550415, 1.2354612350463867, 1.2819631099700928, 1.2604806423187256, 1.317004680633545, 1.3182542324066162, 1.279018521308899, 1.286482334136963, 1.3254836797714233, 1.3335669040679932, 1.2737550735473633, 1.2238414287567139, 1.2841544151306152, 1.2737884521484375, 1.2935057878494263, 1.2019579410552979, 1.2644140720367432, 1.2782583236694336, 1.280700445175171, 1.2771034240722656, 1.2622427940368652, 1.3093318939208984, 1.3145614862442017, 1.2702569961547852, 1.2194883823394775]",sae,Pre-64
1,beta,49,0.092,0.462130925118617,0.4524487678230295,0.4490431732712199,0.5,0.6141152509743157,0.6833870380804808,30,"[0, 1, 2, 3, 4, 5, 6, 7, 8, 9, 10, 11, 12, 13, 14, 15, 16, 17, 18, 19, 20, 21, 22, 23, 24, 25, 26, 27, 28, 29]","[1.334010124206543, 1.3851979970932007, 1.3827214241027832, 1.3676050901412964, 1.314269781112671, 1.3461815118789673, 1.4238667488098145, 1.3280928134918213, 1.4530677795410156, 1.4015758037567139, 1.352952241897583, 1.3333431482315063, 1.4002320766448975, 1.3902913331985474, 1.4315592050552368, 1.3776321411132812, 1.4697904586791992, 1.4554640054702759, 1.3189785480499268, 1.4024308919906616, 1.4452718496322632, 1.3560800552368164, 1.4517630338668823, 1.3857342004776, 1.3481740951538086, 1.3918418884277344, 1.3879178762435913, 1.3484965562820435, 1.2826370000839233, 1.3489681482315063]",sae,Pre-64
1,beta,13,0.094,0.4619123366083722,0.4531466051409948,0.4392144805581275,0.5,0.6127276801885291,0.7109161048805273,30,"[0, 1, 2, 3, 4, 5, 6, 7, 8, 9, 10, 11, 12, 13, 14, 15, 16, 17, 18, 19, 20, 21, 22, 23, 24, 25, 26, 27, 28, 29]","[1.4792749881744385, 1.2991600036621094, 1.467571496963501, 1.398899793624878, 1.373722791671753, 1.4752395153045654, 1.4076474905014038, 1.4050785303115845, 1.4404218196868896, 1.4075602293014526, 1.477184534072876, 1.388946294784546, 1.4298057556152344, 1.4486960172653198, 1.4460777044296265, 1.3600594997406006, 1.3602484464645386, 1.4355303049087524, 1.4101061820983887, 1.4166498184204102, 1.3863059282302856, 1.3310003280639648, 1.3708891868591309, 1.3668420314788818, 1.3937056064605713, 1.3358906507492065, 1.4038945436477661, 1.3536688089370728, 1.4142524003982544, 1.4034818410873413]",sae,Pre-64
1,beta,19,0.18,0.4469965829377276,0.435497383761294,0.4126882780877415,0.5,0.6104665954706788,0.7118462794861324,30,"[0, 1, 2, 3, 4, 5, 6, 7, 8, 9, 10, 11, 12, 13, 14, 15, 16, 17, 18, 19, 20, 21, 22, 23, 24, 25, 26, 27, 28, 29]","[1.2498549222946167, 1.2594882249832153, 1.3304320573806763, 1.279137134552002, 1.1833628416061401, 1.2025146484375, 1.2476074695587158, 1.3105140924453735, 1.2318123579025269, 1.3270097970962524, 1.3132426738739014, 1.346699595451355, 1.2480747699737549, 1.2592865228652954, 1.1637517213821411, 1.1872508525848389, 1.3190131187438965, 1.351595401763916, 1.2035646438598633, 1.2367538213729858, 1.3598984479904175, 1.2454005479812622, 1.23834228515625, 1.24005126953125, 1.2393689155578613, 1.3228000402450562, 1.3426918983459473, 1.2643792629241943, 1.2078460454940796, 1.2193132638931274]",sae,Pre-64
1,beta,24,0.088,0.4501416387440968,0.4383559369047743,0.4491748124901484,0.5,0.6188330126613704,0.6423876613704073,30,"[0, 1, 2, 3, 4, 5, 6, 7, 8, 9, 10, 11, 12, 13, 14, 15, 16, 17, 18, 19, 20, 21, 22, 23, 24, 25, 26, 27, 28, 29]","[1.4922438859939575, 1.39942467212677, 1.42378830909729, 1.5017447471618652, 1.5070780515670776, 1.4178388118743896, 1.4257596731185913, 1.4251009225845337, 1.4677207469940186, 1.3535234928131104, 1.4574289321899414, 1.4058908224105835, 1.5009348392486572, 1.4859702587127686, 1.423999547958374, 1.3945236206054688, 1.5076684951782227, 1.3000273704528809, 1.399815559387207, 1.5094720125198364, 1.4841084480285645, 1.5027962923049927, 1.4031713008880615, 1.4637398719787598, 1.3823503255844116, 1.3463125228881836, 1.4575966596603394, 1.3803766965866089, 1.511537790298462, 1.4166996479034424]",sae,Pre-64
1,beta,25,0.185,0.4465066892532915,0.4352791138475453,0.4388791213813127,0.5,0.6270054355300688,0.6628237249825094,30,"[0, 1, 2, 3, 4, 5, 6, 7, 8, 9, 10, 11, 12, 13, 14, 15, 16, 17, 18, 19, 20, 21, 22, 23, 24, 25, 26, 27, 28, 29]","[1.3719446659088135, 1.382685899734497, 1.2812563180923462, 1.4055373668670654, 1.4015604257583618, 1.39158034324646, 1.278247356414795, 1.3020225763320923, 1.3491672277450562, 1.253717064857483, 1.403163194656372, 1.321402668952942, 1.3847689628601074, 1.3100682497024536, 1.293174386024475, 1.3197487592697144, 1.1885608434677124, 1.2295982837677002, 1.2727218866348267, 1.2985378503799438, 1.4150738716125488, 1.213586449623108, 1.3661613464355469, 1.3153812885284424, 1.3489183187484741, 1.300581455230713, 1.429621934890747, 1.3806829452514648, 1.4007387161254883, 1.2553406953811646]",sae,Pre-64
1,beta,14,0.105,0.4467366851483266,0.4421697276018216,0.4298175961612654,0.5,0.5934222168898753,0.6989306978209031,30,"[0, 1, 2, 3, 4, 5, 6, 7, 8, 9, 10, 11, 12, 13, 14, 15, 16, 17, 18, 19, 20, 21, 22, 23, 24, 25, 26, 27, 28, 29]","[1.3556139469146729, 1.243911623954773, 1.315417766571045, 1.339336633682251, 1.369637370109558, 1.3293333053588867, 1.3206218481063843, 1.4066354036331177, 1.3292338848114014, 1.3849979639053345, 1.2873438596725464, 1.23389732837677, 1.2600740194320679, 1.3807930946350098, 1.3841936588287354, 1.3325644731521606, 1.404850721359253, 1.3961076736450195, 1.322690725326538, 1.3188306093215942, 1.3542450666427612, 1.337070345878601, 1.3927923440933228, 1.2838850021362305, 1.3965226411819458, 1.3931641578674316, 1.3299715518951416, 1.3997926712036133, 1.384917140007019, 1.276410460472107]",sae,Pre-64
1,beta,42,0.105,0.4546678683050885,0.4407690563496341,0.4505133343405076,0.5,0.6336081445133979,0.6604338047818348,30,"[0, 1, 2, 3, 4, 5, 6, 7, 8, 9, 10, 11, 12, 13, 14, 15, 16, 17, 18, 19, 20, 21, 22, 23, 24, 25, 26, 27, 28, 29]","[1.3835290670394897, 1.2534586191177368, 1.3886566162109375, 1.3785979747772217, 1.297021508216858, 1.3682126998901367, 1.2920286655426025, 1.2644884586334229, 1.2690403461456299, 1.3768576383590698, 1.3545033931732178, 1.3953498601913452, 1.2713395357131958, 1.0954328775405884, 1.3992685079574585, 1.3083810806274414, 1.2474552392959595, 1.2338194847106934, 1.3548150062561035, 1.3413184881210327, 1.2848806381225586, 1.2712271213531494, 1.2887107133865356, 1.2556346654891968, 1.2895095348358154, 1.2615816593170166, 1.3907219171524048, 1.2719215154647827, 1.3282471895217896, 1.2545723915100098]",sae,Pre-64
1,beta,6,0.11,0.4540822999211705,0.4457917896713532,0.441152026805915,0.5,0.5933447799067053,0.6658350173977785,30,"[0, 1, 2, 3, 4, 5, 6, 7, 8, 9, 10, 11, 12, 13, 14, 15, 16, 17, 18, 19, 20, 21, 22, 23, 24, 25, 26, 27, 28, 29]","[1.287619948387146, 1.3162459135055542, 1.2506611347198486, 1.3194929361343384, 1.2387042045593262, 1.2145979404449463, 1.2375595569610596, 1.2924766540527344, 1.2311941385269165, 1.3095355033874512, 1.2439545392990112, 1.1828886270523071, 1.2447993755340576, 1.2000945806503296, 1.0766491889953613, 1.3072264194488525, 1.2022197246551514, 1.276828646659851, 1.2522294521331787, 1.274474859237671, 1.2443619966506958, 1.2234690189361572, 1.296717643737793, 1.2781282663345337, 1.215952754020691, 1.2527437210083008, 1.2074308395385742, 1.2203551530838013, 1.2778573036193848, 1.2897931337356567]",sae,Pre-64
1,beta,47,0.18,0.4460371044958436,0.4257646434940195,0.4038360844656299,0.5,0.6434257056516428,0.7299395614993892,30,"[0, 1, 2, 3, 4, 5, 6, 7, 8, 9, 10, 11, 12, 13, 14, 15, 16, 17, 18, 19, 20, 21, 22, 23, 24, 25, 26, 27, 28, 29]","[1.3220181465148926, 1.1735916137695312, 1.1991757154464722, 1.1897703409194946, 1.27107572555542, 1.3101938962936401, 1.2691526412963867, 1.2435015439987183, 1.2557086944580078, 1.2169458866119385, 1.2179796695709229, 1.141801357269287, 1.1965651512145996, 1.3246389627456665, 1.145659327507019, 1.2676563262939453, 1.195090651512146, 1.2741814851760864, 1.1170644760131836, 1.172430157661438, 1.2065974473953247, 1.256085991859436, 1.258176326751709, 1.1766397953033447, 1.2608895301818848, 1.1376287937164307, 1.124618649482727, 1.24166738986969, 1.1852530241012573, 1.2449771165847778]",sae,Pre-64
1,beta,48,0.17,0.4556814132376,0.4510566266980289,0.4842207724623466,0.5,0.5923878577171784,0.5888828805363351,30,"[0, 1, 2, 3, 4, 5, 6, 7, 8, 9, 10, 11, 12, 13, 14, 15, 16, 17, 18, 19, 20, 21, 22, 23, 24, 25, 26, 27, 28, 29]","[1.4205840826034546, 1.3673303127288818, 1.3553358316421509, 1.3414212465286255, 1.3214319944381714, 1.2849043607711792, 1.3614860773086548, 1.2763657569885254, 1.3236870765686035, 1.318864107131958, 1.375535011291504, 1.3313462734222412, 1.3356809616088867, 1.3253815174102783, 1.2881726026535034, 1.368875503540039, 1.360608696937561, 1.3632749319076538, 1.3959624767303467, 1.235487699508667, 1.3226358890533447, 1.3941367864608765, 1.398054599761963, 1.2313191890716553, 1.3334134817123413, 1.3691742420196533, 1.4004194736480713, 1.374836802482605, 1.3289577960968018, 1.352858304977417]",sae,Pre-64
1,beta,4,0.18,0.4589558369307028,0.4477177462853796,0.452905568890858,0.5,0.61034827708266,0.6592486572171692,30,"[0, 1, 2, 3, 4, 5, 6, 7, 8, 9, 10, 11, 12, 13, 14, 15, 16, 17, 18, 19, 20, 21, 22, 23, 24, 25, 26, 27, 28, 29]","[1.2982312440872192, 1.2799965143203735, 1.2200175523757935, 1.3512071371078491, 1.1948782205581665, 1.2330442667007446, 1.2652021646499634, 1.2164751291275024, 1.3105947971343994, 1.3193414211273193, 1.3069871664047241, 1.233614206314087, 1.351789951324463, 1.2571488618850708, 1.2110421657562256, 1.2985115051269531, 1.298187255859375, 1.273993968963623, 1.2353826761245728, 1.326196551322937, 1.2869638204574585, 1.3431540727615356, 1.2949906587600708, 1.1993480920791626, 1.2907350063323975, 1.2245652675628662, 1.2518261671066284, 1.2670682668685913, 1.3308016061782837, 1.211561679840088]",sae,Pre-64
1,beta,19,0.086,0.4469965829377276,0.435497383761294,0.4137622536403443,0.5,0.6104665954706788,0.713358670729026,30,"[0, 1, 2, 3, 4, 5, 6, 7, 8, 9, 10, 11, 12, 13, 14, 15, 16, 17, 18, 19, 20, 21, 22, 23, 24, 25, 26, 27, 28, 29]","[1.3318963050842285, 1.345212697982788, 1.4213571548461914, 1.3650445938110352, 1.2837430238723755, 1.298069715499878, 1.3365575075149536, 1.4078826904296875, 1.3130685091018677, 1.4274460077285767, 1.420384168624878, 1.4476107358932495, 1.3348749876022339, 1.3490209579467773, 1.263927936553955, 1.2831376791000366, 1.410857081413269, 1.4445263147354126, 1.296497106552124, 1.323797583580017, 1.4602699279785156, 1.3262653350830078, 1.3327105045318604, 1.3278168439865112, 1.3241078853607178, 1.422171950340271, 1.4346944093704224, 1.3511464595794678, 1.3059707880020142, 1.3009518384933472]",sae,Pre-64
1,beta,40,0.115,0.44666181227492,0.4340193094910912,0.4316190826425781,0.5,0.6093636266731638,0.6691071890846517,30,"[0, 1, 2, 3, 4, 5, 6, 7, 8, 9, 10, 11, 12, 13, 14, 15, 16, 17, 18, 19, 20, 21, 22, 23, 24, 25, 26, 27, 28, 29]","[1.355817198753357, 1.2994097471237183, 1.2985187768936157, 1.238729476928711, 1.2715811729431152, 1.302198886871338, 1.3042815923690796, 1.3147629499435425, 1.3296648263931274, 1.3345586061477661, 1.2774258852005005, 1.284582257270813, 1.3513009548187256, 1.2393617630004883, 1.257473349571228, 1.3687691688537598, 1.2670938968658447, 1.3047024011611938, 1.256927251815796, 1.253166675567627, 1.26351797580719, 1.2732391357421875, 1.3282794952392578, 1.2924383878707886, 1.3418471813201904, 1.2715691328048706, 1.3355870246887207, 1.2358028888702393, 1.3771103620529175, 1.264900803565979]",sae,Pre-64
1,beta,27,0.094,0.4609757262074365,0.4537266978541116,0.4566130069313701,0.5,0.5914172664146189,0.6601110421930076,30,"[0, 1, 2, 3, 4, 5, 6, 7, 8, 9, 10, 11, 12, 13, 14, 15, 16, 17, 18, 19, 20, 21, 22, 23, 24, 25, 26, 27, 28, 29]","[1.4065693616867065, 1.4594824314117432, 1.4125467538833618, 1.389611005783081, 1.4450596570968628, 1.3547934293746948, 1.4564975500106812, 1.3206257820129395, 1.4024358987808228, 1.4113175868988037, 1.34384024143219, 1.4552353620529175, 1.3898556232452393, 1.3469419479370117, 1.3936437368392944, 1.3092546463012695, 1.3733088970184326, 1.423567295074463, 1.3748834133148193, 1.380361557006836, 1.4541126489639282, 1.4236764907836914, 1.3521208763122559, 1.2982957363128662, 1.3841352462768555, 1.4619865417480469, 1.3662253618240356, 1.4254611730575562, 1.312170386314392, 1.3997814655303955]",sae,Pre-64
1,beta,26,0.175,0.4502231978181314,0.4442488029476733,0.4543279596191928,0.5,0.5832450787939482,0.6467152325119383,30,"[0, 1, 2, 3, 4, 5, 6, 7, 8, 9, 10, 11, 12, 13, 14, 15, 16, 17, 18, 19, 20, 21, 22, 23, 24, 25, 26, 27, 28, 29]","[1.1928482055664062, 1.2404972314834595, 1.3458571434020996, 1.1563705205917358, 1.2403455972671509, 1.2882494926452637, 1.2576358318328857, 1.163792610168457, 1.2436487674713135, 1.231670618057251, 1.1424936056137085, 1.3435505628585815, 1.2970961332321167, 1.2433221340179443, 1.2939457893371582, 1.1718531847000122, 1.2391737699508667, 1.1535966396331787, 1.2687220573425293, 1.248045563697815, 1.186085820198059, 1.333500623703003, 1.2544907331466675, 1.2726631164550781, 1.3419313430786133, 1.341993808746338, 1.2190834283828735, 1.266554355621338, 1.091314673423767, 1.2032827138900757]",sae,Pre-64
1,beta,30,0.09,0.4638407167611665,0.4544841508273655,0.4398015654206009,0.5,0.6043368975359404,0.6949415066436799,30,"[0, 1, 2, 3, 4, 5, 6, 7, 8, 9, 10, 11, 12, 13, 14, 15, 16, 17, 18, 19, 20, 21, 22, 23, 24, 25, 26, 27, 28, 29]","[1.5276155471801758, 1.4964240789413452, 1.5077095031738281, 1.4481933116912842, 1.4610668420791626, 1.4394639730453491, 1.4502619504928589, 1.4266018867492676, 1.4193201065063477, 1.4377121925354004, 1.5021413564682007, 1.4323160648345947, 1.407997488975525, 1.4300917387008667, 1.4970594644546509, 1.5010701417922974, 1.4192287921905518, 1.4409140348434448, 1.522796869277954, 1.4473742246627808, 1.4241167306900024, 1.3893684148788452, 1.4883142709732056, 1.4432317018508911, 1.5590211153030396, 1.4358450174331665, 1.4612185955047607, 1.431164264678955, 1.4983649253845215, 1.4536858797073364]",sae,Pre-64
1,beta,28,0.105,0.4589844236982603,0.4495627040154577,0.4395528553013494,0.5,0.5987249917034086,0.696987744749443,30,"[0, 1, 2, 3, 4, 5, 6, 7, 8, 9, 10, 11, 12, 13, 14, 15, 16, 17, 18, 19, 20, 21, 22, 23, 24, 25, 26, 27, 28, 29]","[1.3349133729934692, 1.2376447916030884, 1.2091084718704224, 1.4273496866226196, 1.3808015584945679, 1.3790221214294434, 1.3191574811935425, 1.2753139734268188, 1.3769397735595703, 1.4001251459121704, 1.3441849946975708, 1.3682929277420044, 1.4009164571762085, 1.4151854515075684, 1.3385839462280273, 1.3067164421081543, 1.3375622034072876, 1.3902357816696167, 1.3589075803756714, 1.3647605180740356, 1.3104913234710693, 1.319892168045044, 1.309072494506836, 1.2610384225845337, 1.2998147010803223, 1.3836135864257812, 1.4314990043640137, 1.3217957019805908, 1.3005561828613281, 1.3041632175445557]",sae,Pre-64
1,beta,21,0.092,0.4504746503440228,0.4381370334360364,0.4402540918384268,0.5,0.6200058082774133,0.6872335298261224,30,"[0, 1, 2, 3, 4, 5, 6, 7, 8, 9, 10, 11, 12, 13, 14, 15, 16, 17, 18, 19, 20, 21, 22, 23, 24, 25, 26, 27, 28, 29]","[1.438010334968567, 1.4887142181396484, 1.6134378910064697, 1.6081477403640747, 1.5890421867370605, 1.5697572231292725, 1.4832465648651123, 1.4920145273208618, 1.5979324579238892, 1.5099437236785889, 1.5878863334655762, 1.5964494943618774, 1.4753618240356445, 1.5023937225341797, 1.498390793800354, 1.4921289682388306, 1.4930260181427002, 1.5045439004898071, 1.4351497888565063, 1.605006217956543, 1.4300086498260498, 1.6129740476608276, 1.4249271154403687, 1.4430029392242432, 1.498518943786621, 1.456612467765808, 1.4241610765457153, 1.4787650108337402, 1.5662498474121094, 1.5512135028839111]",sae,Pre-64
1,beta,19,0.095,0.4469965829377276,0.435497383761294,0.4137585622068646,0.5,0.6104665954706788,0.71335552972956,30,"[0, 1, 2, 3, 4, 5, 6, 7, 8, 9, 10, 11, 12, 13, 14, 15, 16, 17, 18, 19, 20, 21, 22, 23, 24, 25, 26, 27, 28, 29]","[1.3312580585479736, 1.3445764780044556, 1.4207226037979126, 1.364408254623413, 1.283115267753601, 1.2974371910095215, 1.335922360420227, 1.4072514772415161, 1.3124314546585083, 1.4268144369125366, 1.4197547435760498, 1.4469791650772095, 1.3342407941818237, 1.3483892679214478, 1.2632975578308105, 1.2825039625167847, 1.4102205038070679, 1.4438929557800293, 1.2958667278289795, 1.3231631517410278, 1.4596372842788696, 1.3256285190582275, 1.3320783376693726, 1.3271857500076294, 1.3234763145446777, 1.421539545059204, 1.4340602159500122, 1.350510835647583, 1.3053367137908936, 1.3003138303756714]",sae,Pre-64
1,beta,20,0.17,0.4408022875601419,0.4262939306313442,0.4318229324818709,0.5,0.6176087118064704,0.6484219308378764,30,"[0, 1, 2, 3, 4, 5, 6, 7, 8, 9, 10, 11, 12, 13, 14, 15, 16, 17, 18, 19, 20, 21, 22, 23, 24, 25, 26, 27, 28, 29]","[1.2498544454574585, 1.3252519369125366, 1.271112084388733, 1.3527973890304565, 1.3282973766326904, 1.3138811588287354, 1.3208175897598267, 1.2500420808792114, 1.318609356880188, 1.2660973072052002, 1.272085428237915, 1.2616785764694214, 1.3566687107086182, 1.223079800605774, 1.2536382675170898, 1.3556469678878784, 1.239144206047058, 1.2565200328826904, 1.297696590423584, 1.2920528650283813, 1.300323247909546, 1.227170467376709, 1.318709373474121, 1.3658733367919922, 1.3227481842041016, 1.2382164001464844, 1.2655407190322876, 1.3018782138824463, 1.2521106004714966, 1.346757173538208]",sae,Pre-64
1,beta,36,0.195,0.4642138821845151,0.4576483090311837,0.4548920672643469,0.5,0.6031055233182893,0.6751180580967815,30,"[0, 1, 2, 3, 4, 5, 6, 7, 8, 9, 10, 11, 12, 13, 14, 15, 16, 17, 18, 19, 20, 21, 22, 23, 24, 25, 26, 27, 28, 29]","[1.2348663806915283, 1.1980464458465576, 1.1872742176055908, 1.219643235206604, 1.1170097589492798, 1.2456380128860474, 1.1951985359191895, 1.2179468870162964, 1.2561655044555664, 1.1290297508239746, 1.1651548147201538, 1.259469747543335, 1.1782009601593018, 1.1944842338562012, 1.2194613218307495, 1.265946388244629, 1.2304109334945679, 1.1981186866760254, 1.2523784637451172, 1.174927830696106, 1.2296093702316284, 1.184045672416687, 1.2086551189422607, 1.1807518005371094, 1.250799536705017, 1.2001426219940186, 1.2022544145584106, 1.2018232345581055, 1.235101342201233, 1.1583210229873657]",sae,Pre-64
1,beta,13,0.14,0.4619123366083722,0.4531466051409948,0.4367075282311671,0.5,0.6127276801885291,0.7078477166089023,30,"[0, 1, 2, 3, 4, 5, 6, 7, 8, 9, 10, 11, 12, 13, 14, 15, 16, 17, 18, 19, 20, 21, 22, 23, 24, 25, 26, 27, 28, 29]","[1.3743770122528076, 1.1886621713638306, 1.3575321435928345, 1.2988752126693726, 1.271718144416809, 1.3604668378829956, 1.300946831703186, 1.305418610572815, 1.3236465454101562, 1.306015968322754, 1.3690414428710938, 1.2981295585632324, 1.3124842643737793, 1.3358802795410156, 1.3336832523345947, 1.2652755975723267, 1.2524172067642212, 1.328774094581604, 1.2957158088684082, 1.2974194288253784, 1.269603967666626, 1.2245827913284302, 1.248084545135498, 1.2741658687591553, 1.2899938821792603, 1.2461978197097778, 1.289091944694519, 1.2609461545944214, 1.3038116693496704, 1.305653691291809]",sae,Pre-64
1,beta,33,0.095,0.4492211383258522,0.4377959816952598,0.4270771499124136,0.5,0.6165210074526608,0.694791622473944,30,"[0, 1, 2, 3, 4, 5, 6, 7, 8, 9, 10, 11, 12, 13, 14, 15, 16, 17, 18, 19, 20, 21, 22, 23, 24, 25, 26, 27, 28, 29]","[1.3334908485412598, 1.409416913986206, 1.3662137985229492, 1.341680884361267, 1.2985624074935913, 1.4314236640930176, 1.2905035018920898, 1.4028449058532715, 1.4086617231369019, 1.4070298671722412, 1.352306842803955, 1.409726858139038, 1.3518869876861572, 1.3101497888565063, 1.3068217039108276, 1.3998665809631348, 1.3230655193328857, 1.3304522037506104, 1.4111719131469727, 1.4076666831970215, 1.3376238346099854, 1.2903648614883423, 1.4270380735397339, 1.3815892934799194, 1.4255566596984863, 1.3110136985778809, 1.3299331665039062, 1.312820315361023, 1.2781943082809448, 1.3349151611328125]",sae,Pre-64
1,beta,47,0.145,0.4460371044958436,0.4257646434940195,0.4051194599364848,0.5,0.6434257056516428,0.7317736128078185,30,"[0, 1, 2, 3, 4, 5, 6, 7, 8, 9, 10, 11, 12, 13, 14, 15, 16, 17, 18, 19, 20, 21, 22, 23, 24, 25, 26, 27, 28, 29]","[1.4580953121185303, 1.2990728616714478, 1.3101201057434082, 1.3236736059188843, 1.4062374830245972, 1.4437997341156006, 1.3929991722106934, 1.4053318500518799, 1.3982702493667603, 1.3366596698760986, 1.340427279472351, 1.272169589996338, 1.3194854259490967, 1.45864999294281, 1.291515827178955, 1.4176291227340698, 1.338014006614685, 1.4037530422210693, 1.246703863143921, 1.2905081510543823, 1.3363323211669922, 1.3848531246185303, 1.4094233512878418, 1.302961826324463, 1.393734335899353, 1.274306058883667, 1.243559718132019, 1.3826688528060913, 1.2935950756072998, 1.3744081258773804]",sae,Pre-64
1,beta,2,0.13,0.4419681213812466,0.4306250660512843,0.424226389161065,0.5,0.6028191218064636,0.6887504636713498,30,"[0, 1, 2, 3, 4, 5, 6, 7, 8, 9, 10, 11, 12, 13, 14, 15, 16, 17, 18, 19, 20, 21, 22, 23, 24, 25, 26, 27, 28, 29]","[1.299773931503296, 1.3133792877197266, 1.2951371669769287, 1.35724675655365, 1.2995444536209106, 1.3769785165786743, 1.3177613019943237, 1.327907919883728, 1.2669941186904907, 1.278647541999817, 1.3169418573379517, 1.2727572917938232, 1.3332542181015015, 1.3836241960525513, 1.35507071018219, 1.3113635778427124, 1.36255943775177, 1.414397954940796, 1.407424807548523, 1.385794758796692, 1.314734697341919, 1.3076578378677368, 1.37169349193573, 1.3750678300857544, 1.3024812936782837, 1.3042789697647095, 1.3532686233520508, 1.3334602117538452, 1.155128002166748, 1.409732699394226]",sae,Pre-64
1,beta,5,0.095,0.4445517550333296,0.4301735816232515,0.4289975088342838,0.5,0.6070910659257547,0.6831850884156441,30,"[0, 1, 2, 3, 4, 5, 6, 7, 8, 9, 10, 11, 12, 13, 14, 15, 16, 17, 18, 19, 20, 21, 22, 23, 24, 25, 26, 27, 28, 29]","[1.3836581707000732, 1.2792227268218994, 1.2808681726455688, 1.3991175889968872, 1.3984957933425903, 1.3313438892364502, 1.3280709981918335, 1.3093456029891968, 1.3695600032806396, 1.2908433675765991, 1.379663348197937, 1.4006682634353638, 1.3298741579055786, 1.3341565132141113, 1.4105817079544067, 1.3580806255340576, 1.3636165857315063, 1.3904469013214111, 1.2700520753860474, 1.3369570970535278, 1.4130882024765015, 1.3407058715820312, 1.4092766046524048, 1.291481614112854, 1.3366185426712036, 1.4134129285812378, 1.282050371170044, 1.3145618438720703, 1.3900340795516968, 1.3382748365402222]",sae,Pre-64
1,beta,35,0.092,0.4566193215888805,0.4379483378046387,0.431084926773485,0.5,0.637290178651746,0.7134735440692298,30,"[0, 1, 2, 3, 4, 5, 6, 7, 8, 9, 10, 11, 12, 13, 14, 15, 16, 17, 18, 19, 20, 21, 22, 23, 24, 25, 26, 27, 28, 29]","[1.3097784519195557, 1.3612903356552124, 1.4243956804275513, 1.3678429126739502, 1.3617318868637085, 1.3409559726715088, 1.2824822664260864, 1.4457204341888428, 1.4564313888549805, 1.3692306280136108, 1.4172582626342773, 1.2977070808410645, 1.3592272996902466, 1.253562092781067, 1.3507106304168701, 1.3061175346374512, 1.43046236038208, 1.2888637781143188, 1.390413761138916, 1.2946888208389282, 1.3104374408721924, 1.3022531270980835, 1.328864336013794, 1.2861133813858032, 1.3295353651046753, 1.3616162538528442, 1.329015851020813, 1.394171118736267, 1.4237529039382935, 1.3820059299468994]",sae,Pre-64
1,beta,19,0.145,0.4469965829377276,0.435497383761294,0.4126882780877415,0.5,0.6104665954706788,0.7118509909853316,30,"[0, 1, 2, 3, 4, 5, 6, 7, 8, 9, 10, 11, 12, 13, 14, 15, 16, 17, 18, 19, 20, 21, 22, 23, 24, 25, 26, 27, 28, 29]","[1.2502449750900269, 1.2598780393600464, 1.3308205604553223, 1.2795263528823853, 1.183750033378601, 1.202903389930725, 1.2479971647262573, 1.31090247631073, 1.232202172279358, 1.3273978233337402, 1.3136305809020996, 1.34708833694458, 1.2484633922576904, 1.259674310684204, 1.164140224456787, 1.1876393556594849, 1.3194029331207275, 1.351983904838562, 1.2039521932601929, 1.23714280128479, 1.3602867126464844, 1.2457901239395142, 1.2387309074401855, 1.240439534187317, 1.23975670337677, 1.3231887817382812, 1.3430800437927246, 1.2647682428359985, 1.2082349061965942, 1.2197028398513794]",sae,Pre-64
1,beta,22,0.1,0.4519005213187685,0.4442985770479847,0.4443626647288753,0.5,0.5939599289403404,0.680140354592407,30,"[0, 1, 2, 3, 4, 5, 6, 7, 8, 9, 10, 11, 12, 13, 14, 15, 16, 17, 18, 19, 20, 21, 22, 23, 24, 25, 26, 27, 28, 29]","[1.4111173152923584, 1.456903100013733, 1.4699923992156982, 1.4915342330932617, 1.5317217111587524, 1.4314534664154053, 1.4405975341796875, 1.4214380979537964, 1.417096734046936, 1.4673988819122314, 1.4153459072113037, 1.525037407875061, 1.4579167366027832, 1.5112806558609009, 1.3758918046951294, 1.4975366592407227, 1.5091148614883423, 1.461962342262268, 1.3940953016281128, 1.4032626152038574, 1.4823616743087769, 1.4808001518249512, 1.482126235961914, 1.432565689086914, 1.4845094680786133, 1.5173742771148682, 1.4173659086227417, 1.4056137800216675, 1.5462791919708252, 1.3863646984100342]",sae,Pre-64
1,beta,48,0.11,0.4556814132376,0.4510566266980289,0.4850833696796661,0.5,0.5923878577171784,0.5888970363407812,30,"[0, 1, 2, 3, 4, 5, 6, 7, 8, 9, 10, 11, 12, 13, 14, 15, 16, 17, 18, 19, 20, 21, 22, 23, 24, 25, 26, 27, 28, 29]","[1.4221018552780151, 1.3688507080078125, 1.3568562269210815, 1.3429431915283203, 1.3229519128799438, 1.2864322662353516, 1.3630073070526123, 1.2778830528259277, 1.3252112865447998, 1.3203907012939453, 1.3770519495010376, 1.332865834236145, 1.3372021913528442, 1.3269020318984985, 1.2897001504898071, 1.3703927993774414, 1.3621187210083008, 1.3647898435592651, 1.3974831104278564, 1.237005591392517, 1.3241592645645142, 1.3956514596939087, 1.399571180343628, 1.2328376770019531, 1.3349319696426392, 1.370686411857605, 1.4019360542297363, 1.376346230506897, 1.3304774761199951, 1.3543791770935059]",sae,Pre-64
1,beta,47,0.095,0.4460371044958436,0.4257646434940195,0.4051360667328782,0.5,0.6434257056516428,0.7317961165048544,30,"[0, 1, 2, 3, 4, 5, 6, 7, 8, 9, 10, 11, 12, 13, 14, 15, 16, 17, 18, 19, 20, 21, 22, 23, 24, 25, 26, 27, 28, 29]","[1.4616235494613647, 1.3025778532028198, 1.313668966293335, 1.327182650566101, 1.409759283065796, 1.4473298788070679, 1.3965343236923218, 1.4088289737701416, 1.4017783403396606, 1.3402001857757568, 1.3439650535583496, 1.275693416595459, 1.323003888130188, 1.462175965309143, 1.295009970664978, 1.4211370944976807, 1.34151291847229, 1.4072743654251099, 1.2502098083496094, 1.2940559387207031, 1.3398512601852417, 1.3883898258209229, 1.412919521331787, 1.306493878364563, 1.3972628116607666, 1.2778041362762451, 1.2470799684524536, 1.3861898183822632, 1.2971519231796265, 1.3779312372207642]",sae,Pre-64
1,beta,31,0.098,0.4497611378811508,0.4308970333737342,0.4311692784268008,0.5,0.642735734520437,0.70968520552697,30,"[0, 1, 2, 3, 4, 5, 6, 7, 8, 9, 10, 11, 12, 13, 14, 15, 16, 17, 18, 19, 20, 21, 22, 23, 24, 25, 26, 27, 28, 29]","[1.4213507175445557, 1.3909635543823242, 1.3253228664398193, 1.3314851522445679, 1.396719217300415, 1.4502266645431519, 1.3461520671844482, 1.3996953964233398, 1.3748451471328735, 1.4060804843902588, 1.394282341003418, 1.3994489908218384, 1.4301159381866455, 1.2602617740631104, 1.4447436332702637, 1.3827828168869019, 1.4025405645370483, 1.3921136856079102, 1.4028253555297852, 1.3637757301330566, 1.4522029161453247, 1.3997265100479126, 1.4423121213912964, 1.4192966222763062, 1.3936190605163574, 1.4096879959106445, 1.321365237236023, 1.4602969884872437, 1.325121521949768, 1.418458342552185]",sae,Pre-64
1,beta,4,0.086,0.4589558369307028,0.4477177462853796,0.4573367801157313,0.5,0.61034827708266,0.6589393169890885,30,"[0, 1, 2, 3, 4, 5, 6, 7, 8, 9, 10, 11, 12, 13, 14, 15, 16, 17, 18, 19, 20, 21, 22, 23, 24, 25, 26, 27, 28, 29]","[1.3952921628952026, 1.3801000118255615, 1.3014997243881226, 1.4446501731872559, 1.2743481397628784, 1.3217588663101196, 1.3696495294570923, 1.3049808740615845, 1.390670895576477, 1.4262890815734863, 1.3941692113876343, 1.3362778425216675, 1.4462571144104004, 1.3328633308410645, 1.301031470298767, 1.3882256746292114, 1.3921493291854858, 1.3601359128952026, 1.318663477897644, 1.4141827821731567, 1.3756134510040283, 1.4382520914077759, 1.3768242597579956, 1.2914451360702515, 1.3719310760498047, 1.3110895156860352, 1.328712821006775, 1.3420408964157104, 1.4210954904556274, 1.2957179546356201]",sae,Pre-64
1,beta,12,0.115,0.4455148672091349,0.4361346773072694,0.4119280375483547,0.5,0.5892778403611032,0.7320379364018379,30,"[0, 1, 2, 3, 4, 5, 6, 7, 8, 9, 10, 11, 12, 13, 14, 15, 16, 17, 18, 19, 20, 21, 22, 23, 24, 25, 26, 27, 28, 29]","[1.367739200592041, 1.4753881692886353, 1.384527325630188, 1.2842916250228882, 1.472612977027893, 1.4084290266036987, 1.402047038078308, 1.454188346862793, 1.489514708518982, 1.3605014085769653, 1.362342119216919, 1.5306787490844727, 1.3887983560562134, 1.4612575769424438, 1.3464832305908203, 1.534380555152893, 1.318947672843933, 1.5128235816955566, 1.4343066215515137, 1.5269434452056885, 1.490673542022705, 1.4372034072875977, 1.3887476921081543, 1.5330523252487183, 1.5105782747268677, 1.3793251514434814, 1.5110796689987183, 1.4561469554901123, 1.4096497297286987, 1.541566252708435]",sae,Pre-64
1,beta,46,0.12,0.4545712902572906,0.4417269056853911,0.4494740797118189,0.5,0.6270377926330811,0.6884406636129181,30,"[0, 1, 2, 3, 4, 5, 6, 7, 8, 9, 10, 11, 12, 13, 14, 15, 16, 17, 18, 19, 20, 21, 22, 23, 24, 25, 26, 27, 28, 29]","[1.3378938436508179, 1.4343682527542114, 1.4353450536727905, 1.4290491342544556, 1.3503611087799072, 1.4674222469329834, 1.3613024950027466, 1.47115159034729, 1.4163377285003662, 1.5125738382339478, 1.2390576601028442, 1.3523565530776978, 1.4834856986999512, 1.3366392850875854, 1.404792070388794, 1.4743083715438843, 1.4184190034866333, 1.429961919784546, 1.4766016006469727, 1.471413016319275, 1.3898656368255615, 1.3945016860961914, 1.4276282787322998, 1.421718955039978, 1.4374452829360962, 1.4455702304840088, 1.4104207754135132, 1.4729421138763428, 1.3954057693481445, 1.4169389009475708]",sae,Pre-64
1,beta,32,0.18,0.4555596844830426,0.4475674839123162,0.4655187818485291,0.5,0.5924839124839124,0.6294362934362935,30,"[0, 1, 2, 3, 4, 5, 6, 7, 8, 9, 10, 11, 12, 13, 14, 15, 16, 17, 18, 19, 20, 21, 22, 23, 24, 25, 26, 27, 28, 29]","[1.3365532159805298, 1.2422106266021729, 1.3341835737228394, 1.2669609785079956, 1.2722058296203613, 1.3533339500427246, 1.2804142236709595, 1.2550805807113647, 1.255722999572754, 1.2583802938461304, 1.2544969320297241, 1.2473280429840088, 1.2787426710128784, 1.2005642652511597, 1.1902052164077759, 1.207939863204956, 1.2374770641326904, 1.2764172554016113, 1.2215561866760254, 1.259763479232788, 1.3402106761932373, 1.2589292526245117, 1.2086280584335327, 1.3362139463424683, 1.2735304832458496, 1.2109953165054321, 1.324866771697998, 1.1298811435699463, 1.3437143564224243, 1.335513949394226]",sae,Pre-64
1,beta,3,0.19,0.4557259332451328,0.444824285747971,0.4523409439816845,0.5,0.6042731979176,0.6513757887768936,30,"[0, 1, 2, 3, 4, 5, 6, 7, 8, 9, 10, 11, 12, 13, 14, 15, 16, 17, 18, 19, 20, 21, 22, 23, 24, 25, 26, 27, 28, 29]","[1.357243537902832, 1.3885456323623657, 1.3710979223251343, 1.3195710182189941, 1.3603625297546387, 1.39066481590271, 1.3575447797775269, 1.399133563041687, 1.1570558547973633, 1.4246026277542114, 1.3166722059249878, 1.4244962930679321, 1.3564224243164062, 1.326540470123291, 1.4356937408447266, 1.3613330125808716, 1.3646899461746216, 1.383934497833252, 1.3157981634140015, 1.3239662647247314, 1.2688977718353271, 1.3400558233261108, 1.3358691930770874, 1.447597622871399, 1.4138343334197998, 1.3499506711959839, 1.353023648262024, 1.3444280624389648, 1.4104492664337158, 1.3513003587722778]",sae,Pre-64
1,beta,10,0.185,0.4493907433353129,0.4390813823454372,0.4378373003843949,0.5,0.6232207829487961,0.6759539273027378,30,"[0, 1, 2, 3, 4, 5, 6, 7, 8, 9, 10, 11, 12, 13, 14, 15, 16, 17, 18, 19, 20, 21, 22, 23, 24, 25, 26, 27, 28, 29]","[1.2090672254562378, 1.1358766555786133, 1.2758634090423584, 1.2240736484527588, 1.2156312465667725, 1.2389347553253174, 1.309904932975769, 1.2414644956588745, 1.1222299337387085, 1.258364200592041, 1.228768229484558, 1.2437126636505127, 1.237658143043518, 1.2139601707458496, 1.3043944835662842, 1.2430460453033447, 1.2499102354049683, 1.1860787868499756, 1.2103593349456787, 1.1868605613708496, 1.2099692821502686, 1.2177677154541016, 1.2839279174804688, 1.2795811891555786, 1.1833102703094482, 1.1916848421096802, 1.2311556339263916, 1.250977635383606, 1.222301959991455, 1.2473143339157104]",sae,Pre-64
1,beta,3,0.098,0.4557259332451328,0.444824285747971,0.4644224998958385,0.5,0.6042731979176,0.6522574267156529,30,"[0, 1, 2, 3, 4, 5, 6, 7, 8, 9, 10, 11, 12, 13, 14, 15, 16, 17, 18, 19, 20, 21, 22, 23, 24, 25, 26, 27, 28, 29]","[1.398622751235962, 1.4255419969558716, 1.4101860523223877, 1.3681695461273193, 1.403593897819519, 1.4402416944503784, 1.3961691856384277, 1.4437826871871948, 1.1991064548492432, 1.4687120914459229, 1.3605064153671265, 1.4667717218399048, 1.4023298025131226, 1.3783037662506104, 1.4776192903518677, 1.397189974784851, 1.4029343128204346, 1.4283764362335205, 1.3623265027999878, 1.365201473236084, 1.310651421546936, 1.376652479171753, 1.373387336730957, 1.4882631301879883, 1.4590243101119995, 1.3880727291107178, 1.3911643028259277, 1.3846980333328247, 1.453597903251648, 1.3907843828201294]",sae,Pre-64
1,beta,38,0.125,0.4455661720406026,0.4298851252298221,0.4370537593801626,0.5,0.6303640517897944,0.6627311500380807,30,"[0, 1, 2, 3, 4, 5, 6, 7, 8, 9, 10, 11, 12, 13, 14, 15, 16, 17, 18, 19, 20, 21, 22, 23, 24, 25, 26, 27, 28, 29]","[1.312713623046875, 1.2923780679702759, 1.3246517181396484, 1.3549288511276245, 1.3213927745819092, 1.210690975189209, 1.3697518110275269, 1.3271846771240234, 1.1819628477096558, 1.3399286270141602, 1.3203647136688232, 1.3346188068389893, 1.3488467931747437, 1.314861536026001, 1.361213207244873, 1.2980420589447021, 1.3045140504837036, 1.3786081075668335, 1.2683745622634888, 1.3332706689834595, 1.3119242191314697, 1.3216086626052856, 1.371375322341919, 1.2756181955337524, 1.3156540393829346, 1.3693310022354126, 1.267090082168579, 1.374292016029358, 1.3003522157669067, 1.3834044933319092]",sae,Pre-64
1,beta,31,0.19,0.4497611378811508,0.4308970333737342,0.4270703635533678,0.5,0.642735734520437,0.7085202636295311,30,"[0, 1, 2, 3, 4, 5, 6, 7, 8, 9, 10, 11, 12, 13, 14, 15, 16, 17, 18, 19, 20, 21, 22, 23, 24, 25, 26, 27, 28, 29]","[1.2926596403121948, 1.2752844095230103, 1.227312684059143, 1.2184242010116577, 1.292529582977295, 1.3187470436096191, 1.2326793670654297, 1.2945479154586792, 1.2755097150802612, 1.2819600105285645, 1.2798497676849365, 1.2898852825164795, 1.3172948360443115, 1.1597431898117065, 1.3342880010604858, 1.2746583223342896, 1.282030701637268, 1.2660094499588013, 1.283676028251648, 1.2429544925689697, 1.3374708890914917, 1.2944772243499756, 1.3242195844650269, 1.3108974695205688, 1.2827343940734863, 1.2930041551589966, 1.2051314115524292, 1.341320514678955, 1.230040431022644, 1.3131076097488403]",sae,Pre-64
1,beta,25,0.096,0.4465066892532915,0.4352791138475453,0.4389278239254127,0.5,0.6270054355300688,0.662837179264858,30,"[0, 1, 2, 3, 4, 5, 6, 7, 8, 9, 10, 11, 12, 13, 14, 15, 16, 17, 18, 19, 20, 21, 22, 23, 24, 25, 26, 27, 28, 29]","[1.3756914138793945, 1.3864188194274902, 1.2849979400634766, 1.409261703491211, 1.4052813053131104, 1.3953087329864502, 1.2819643020629883, 1.3057373762130737, 1.3529162406921387, 1.2574337720870972, 1.4068939685821533, 1.3251256942749023, 1.388505458831787, 1.313798427581787, 1.2969231605529785, 1.323486328125, 1.192267894744873, 1.2333471775054932, 1.2764809131622314, 1.302302598953247, 1.418815016746521, 1.217303991317749, 1.369894027709961, 1.319136619567871, 1.3526618480682373, 1.3043135404586792, 1.4333527088165283, 1.3844218254089355, 1.404483437538147, 1.2590783834457397]",sae,Pre-64
1,beta,25,0.15,0.4465066892532915,0.4352791138475453,0.4388982703249804,0.5,0.6270054355300688,0.6628267148230313,30,"[0, 1, 2, 3, 4, 5, 6, 7, 8, 9, 10, 11, 12, 13, 14, 15, 16, 17, 18, 19, 20, 21, 22, 23, 24, 25, 26, 27, 28, 29]","[1.3734182119369507, 1.384153962135315, 1.2827277183532715, 1.4070020914077759, 1.4030234813690186, 1.3930466175079346, 1.2797094583511353, 1.303483247756958, 1.3506416082382202, 1.2551785707473755, 1.4046298265457153, 1.322866678237915, 1.3862383365631104, 1.3115352392196655, 1.294648289680481, 1.321218490600586, 1.190018653869629, 1.2310725450515747, 1.2742000818252563, 1.300018310546875, 1.4165453910827637, 1.2150485515594482, 1.3676291704177856, 1.316857933998108, 1.3503904342651367, 1.3020493984222412, 1.431089162826538, 1.3821533918380737, 1.4022114276885986, 1.2568105459213257]",sae,Pre-64
1,beta,26,0.115,0.4502231978181314,0.4442488029476733,0.4596386405968641,0.5,0.5832450787939482,0.6466716591410285,30,"[0, 1, 2, 3, 4, 5, 6, 7, 8, 9, 10, 11, 12, 13, 14, 15, 16, 17, 18, 19, 20, 21, 22, 23, 24, 25, 26, 27, 28, 29]","[1.4176396131515503, 1.42879319190979, 1.5914697647094727, 1.3836133480072021, 1.4544423818588257, 1.4965407848358154, 1.4828513860702515, 1.381515383720398, 1.4854700565338135, 1.4521548748016357, 1.3680237531661987, 1.593636155128479, 1.5291728973388672, 1.4675134420394897, 1.542913794517517, 1.4291139841079712, 1.4746414422988892, 1.3602615594863892, 1.5045102834701538, 1.4547377824783325, 1.4144103527069092, 1.5683938264846802, 1.4561032056808472, 1.4969379901885986, 1.5744484663009644, 1.56551992893219, 1.4235644340515137, 1.4792826175689697, 1.2918769121170044, 1.4148931503295898]",sae,Pre-64
1,beta,39,0.096,0.4461088087810431,0.4292341094433316,0.4355888688580053,0.5,0.6205127278095635,0.6673370270946126,30,"[0, 1, 2, 3, 4, 5, 6, 7, 8, 9, 10, 11, 12, 13, 14, 15, 16, 17, 18, 19, 20, 21, 22, 23, 24, 25, 26, 27, 28, 29]","[1.3676234483718872, 1.4418097734451294, 1.3910865783691406, 1.3727360963821411, 1.3160641193389893, 1.3814902305603027, 1.3568755388259888, 1.395151138305664, 1.325630784034729, 1.419616460800171, 1.361269235610962, 1.2996455430984497, 1.3927923440933228, 1.3129608631134033, 1.3906515836715698, 1.4533065557479858, 1.405748724937439, 1.4112006425857544, 1.331486701965332, 1.2805702686309814, 1.3223086595535278, 1.4052366018295288, 1.3266093730926514, 1.329003930091858, 1.409322738647461, 1.379381537437439, 1.250006914138794, 1.3411369323730469, 1.4598883390426636, 1.3386262655258179]",sae,Pre-64
1,beta,47,0.086,0.4460371044958436,0.4257646434940195,0.4058013602860045,0.5,0.6434257056516428,0.7319600720118306,30,"[0, 1, 2, 3, 4, 5, 6, 7, 8, 9, 10, 11, 12, 13, 14, 15, 16, 17, 18, 19, 20, 21, 22, 23, 24, 25, 26, 27, 28, 29]","[1.489160180091858, 1.3293668031692505, 1.3384172916412354, 1.3550996780395508, 1.4370521306991577, 1.4737070798873901, 1.423559308052063, 1.441375732421875, 1.4303629398345947, 1.3666168451309204, 1.370435118675232, 1.304229974746704, 1.3507912158966064, 1.4916211366653442, 1.31992506980896, 1.4535189867019653, 1.3655811548233032, 1.4375675916671753, 1.2768805027008057, 1.32095468044281, 1.3689392805099487, 1.4140080213546753, 1.4436768293380737, 1.3321106433868408, 1.4249744415283203, 1.3073818683624268, 1.2697937488555908, 1.414771556854248, 1.319081425666809, 1.404160737991333]",sae,Pre-64
1,beta,30,0.13,0.4638407167611665,0.4544841508273655,0.4368581832465081,0.5,0.6043368975359404,0.6928290917889621,30,"[0, 1, 2, 3, 4, 5, 6, 7, 8, 9, 10, 11, 12, 13, 14, 15, 16, 17, 18, 19, 20, 21, 22, 23, 24, 25, 26, 27, 28, 29]","[1.326438546180725, 1.2763350009918213, 1.3081105947494507, 1.2709604501724243, 1.2716810703277588, 1.255257487297058, 1.272487998008728, 1.2432446479797363, 1.2299253940582275, 1.2479417324066162, 1.3293768167495728, 1.2338652610778809, 1.2177067995071411, 1.2400739192962646, 1.2977867126464844, 1.31233811378479, 1.2551110982894897, 1.2589147090911865, 1.3341407775878906, 1.2580132484436035, 1.2349554300308228, 1.18931245803833, 1.2720798254013062, 1.2598391771316528, 1.3693331480026245, 1.2570371627807617, 1.2952834367752075, 1.2538888454437256, 1.3049418926239014, 1.279918909072876]",sae,Pre-64
1,beta,38,0.185,0.4455661720406026,0.4298851252298221,0.4368566141912124,0.5,0.6303640517897944,0.6627418126428027,30,"[0, 1, 2, 3, 4, 5, 6, 7, 8, 9, 10, 11, 12, 13, 14, 15, 16, 17, 18, 19, 20, 21, 22, 23, 24, 25, 26, 27, 28, 29]","[1.3110482692718506, 1.2907077074050903, 1.3229888677597046, 1.3532652854919434, 1.3197191953659058, 1.2090137004852295, 1.368086814880371, 1.32551908493042, 1.1802973747253418, 1.3382558822631836, 1.318701148033142, 1.3329554796218872, 1.347182273864746, 1.313193917274475, 1.3595508337020874, 1.296372652053833, 1.3028407096862793, 1.376943588256836, 1.2667107582092285, 1.331599473953247, 1.3102514743804932, 1.3199331760406494, 1.3697127103805542, 1.2739533185958862, 1.313979148864746, 1.3676668405532837, 1.2654229402542114, 1.3726211786270142, 1.298681616783142, 1.381734848022461]",sae,Pre-64
1,beta,31,0.155,0.4497611378811508,0.4308970333737342,0.4285332869973204,0.5,0.642735734520437,0.7085245996415563,30,"[0, 1, 2, 3, 4, 5, 6, 7, 8, 9, 10, 11, 12, 13, 14, 15, 16, 17, 18, 19, 20, 21, 22, 23, 24, 25, 26, 27, 28, 29]","[1.2932366132736206, 1.275862216949463, 1.227891206741333, 1.2190028429031372, 1.2931089401245117, 1.3193215131759644, 1.2332568168640137, 1.2951263189315796, 1.2760891914367676, 1.282535433769226, 1.2804274559020996, 1.2904646396636963, 1.3178726434707642, 1.160323143005371, 1.3348661661148071, 1.2752361297607422, 1.2826086282730103, 1.2665878534317017, 1.284254550933838, 1.243532419204712, 1.3380458354949951, 1.295055866241455, 1.324794888496399, 1.311475157737732, 1.2833144664764404, 1.2935830354690552, 1.2057090997695923, 1.3418974876403809, 1.2306207418441772, 1.3136851787567139]",sae,Pre-64
1,beta,34,0.11,0.4568527557813058,0.4470225010708758,0.4459768659916914,0.5,0.6011606799053854,0.6769870382540872,30,"[0, 1, 2, 3, 4, 5, 6, 7, 8, 9, 10, 11, 12, 13, 14, 15, 16, 17, 18, 19, 20, 21, 22, 23, 24, 25, 26, 27, 28, 29]","[1.314408779144287, 1.397706389427185, 1.400773048400879, 1.3502808809280396, 1.3101682662963867, 1.3153494596481323, 1.3521045446395874, 1.2660363912582397, 1.2866716384887695, 1.3198148012161255, 1.3727936744689941, 1.1785482168197632, 1.3804314136505127, 1.2675687074661255, 1.2810344696044922, 1.3097363710403442, 1.3939675092697144, 1.4160188436508179, 1.3308050632476807, 1.3071566820144653, 1.3327070474624634, 1.4152485132217407, 1.3473012447357178, 1.3641853332519531, 1.3113504648208618, 1.2553858757019043, 1.429213047027588, 1.410728931427002, 1.4017000198364258, 1.381184697151184]",sae,Pre-64
1,beta,3,0.09,0.4557259332451328,0.444824285747971,0.464429542578058,0.5,0.6042731979176,0.6522603173318456,30,"[0, 1, 2, 3, 4, 5, 6, 7, 8, 9, 10, 11, 12, 13, 14, 15, 16, 17, 18, 19, 20, 21, 22, 23, 24, 25, 26, 27, 28, 29]","[1.3992877006530762, 1.426203727722168, 1.4108518362045288, 1.368827223777771, 1.4042575359344482, 1.4408988952636719, 1.3968323469161987, 1.4444429874420166, 1.1997712850570679, 1.4693740606307983, 1.3611687421798706, 1.4674346446990967, 1.4029909372329712, 1.3789585828781128, 1.4782812595367432, 1.3978567123413086, 1.4035961627960205, 1.4290378093719482, 1.3629891872406006, 1.3658664226531982, 1.3113116025924683, 1.3773168325424194, 1.3740493059158325, 1.4889240264892578, 1.4596832990646362, 1.3887379169464111, 1.3918300867080688, 1.3853636980056763, 1.4542608261108398, 1.3914450407028198]",sae,Pre-64
1,beta,18,0.12,0.4575117633693479,0.4471831599677374,0.4222756179064739,0.5,0.6052065040104606,0.730616361336627,30,"[0, 1, 2, 3, 4, 5, 6, 7, 8, 9, 10, 11, 12, 13, 14, 15, 16, 17, 18, 19, 20, 21, 22, 23, 24, 25, 26, 27, 28, 29]","[1.2504098415374756, 1.4003907442092896, 1.4291183948516846, 1.3528856039047241, 1.3591601848602295, 1.3691271543502808, 1.5362203121185303, 1.3325810432434082, 1.4152480363845825, 1.308685302734375, 1.5016148090362549, 1.4020527601242065, 1.428629755973816, 1.4427655935287476, 1.3629355430603027, 1.3120898008346558, 1.4340842962265015, 1.3586554527282715, 1.3404113054275513, 1.2715990543365479, 1.5197691917419434, 1.3389774560928345, 1.452204704284668, 1.4149986505508423, 1.401795744895935, 1.3820613622665405, 1.4131379127502441, 1.4487558603286743, 1.4232968091964722, 1.3671925067901611]",sae,Pre-64
1,beta,42,0.094,0.4546678683050885,0.4407690563496341,0.4505209252094623,0.5,0.6336081445133979,0.6604307980949631,30,"[0, 1, 2, 3, 4, 5, 6, 7, 8, 9, 10, 11, 12, 13, 14, 15, 16, 17, 18, 19, 20, 21, 22, 23, 24, 25, 26, 27, 28, 29]","[1.3838359117507935, 1.2537652254104614, 1.3889631032943726, 1.3789026737213135, 1.297325849533081, 1.3685177564620972, 1.2923334836959839, 1.2647939920425415, 1.2693477869033813, 1.3771638870239258, 1.3548099994659424, 1.3956553936004639, 1.2716456651687622, 1.0957406759262085, 1.3995743989944458, 1.308687448501587, 1.2477610111236572, 1.2341254949569702, 1.3551207780838013, 1.3416240215301514, 1.2851866483688354, 1.271532416343689, 1.2890163660049438, 1.2559422254562378, 1.2898162603378296, 1.2618874311447144, 1.3910280466079712, 1.27222740650177, 1.3285534381866455, 1.2548798322677612]",sae,Pre-64
1,beta,4,0.12,0.4589558369307028,0.4477177462853796,0.4573136459780415,0.5,0.61034827708266,0.6590893700847993,30,"[0, 1, 2, 3, 4, 5, 6, 7, 8, 9, 10, 11, 12, 13, 14, 15, 16, 17, 18, 19, 20, 21, 22, 23, 24, 25, 26, 27, 28, 29]","[1.3380244970321655, 1.3224555253982544, 1.254347801208496, 1.388363242149353, 1.2290067672729492, 1.2693428993225098, 1.3060555458068848, 1.2548165321350098, 1.3444288969039917, 1.3653233051300049, 1.342691421508789, 1.2760688066482544, 1.3882429599761963, 1.2866359949111938, 1.2511905431747437, 1.33516526222229, 1.3370293378829956, 1.311182975769043, 1.2710902690887451, 1.3648191690444946, 1.3240586519241333, 1.3829491138458252, 1.3274552822113037, 1.2390100955963135, 1.323803186416626, 1.2609353065490723, 1.2827699184417725, 1.3008131980895996, 1.3676856756210327, 1.2453055381774902]",sae,Pre-64
1,beta,35,0.135,0.4566193215888805,0.4379483378046387,0.4310638060337727,0.5,0.637290178651746,0.7134825396254252,30,"[0, 1, 2, 3, 4, 5, 6, 7, 8, 9, 10, 11, 12, 13, 14, 15, 16, 17, 18, 19, 20, 21, 22, 23, 24, 25, 26, 27, 28, 29]","[1.3064026832580566, 1.357906460762024, 1.421014666557312, 1.364448070526123, 1.35834801197052, 1.3375532627105713, 1.2791069746017456, 1.4423421621322632, 1.4530625343322754, 1.3658485412597656, 1.4138938188552856, 1.2943061590194702, 1.355827808380127, 1.250188946723938, 1.3473186492919922, 1.3027318716049194, 1.4270845651626587, 1.2854573726654053, 1.3870164155960083, 1.291318655014038, 1.307055950164795, 1.2988817691802979, 1.325458288192749, 1.2827568054199219, 1.3261469602584839, 1.358234167098999, 1.3256397247314453, 1.3907638788223267, 1.4203897714614868, 1.3786157369613647]",sae,Pre-64
1,beta,24,0.125,0.4501416387440968,0.4383559369047743,0.44621284551913,0.5,0.6188330126613704,0.6402665714995035,30,"[0, 1, 2, 3, 4, 5, 6, 7, 8, 9, 10, 11, 12, 13, 14, 15, 16, 17, 18, 19, 20, 21, 22, 23, 24, 25, 26, 27, 28, 29]","[1.3202646970748901, 1.2659815549850464, 1.2822120189666748, 1.333676815032959, 1.341273546218872, 1.279346227645874, 1.2768868207931519, 1.2779722213745117, 1.2997992038726807, 1.169049859046936, 1.3044145107269287, 1.2524951696395874, 1.3246177434921265, 1.328346848487854, 1.2732641696929932, 1.2525070905685425, 1.3447842597961426, 1.1443507671356201, 1.258525013923645, 1.3461428880691528, 1.324065089225769, 1.334883451461792, 1.277289867401123, 1.3000569343566895, 1.2441823482513428, 1.2050787210464478, 1.290831446647644, 1.2491207122802734, 1.3467837572097778, 1.267821192741394]",sae,Pre-64
1,beta,17,0.098,0.4599327030141671,0.4513468217402507,0.4454920055590461,0.5,0.6120635717004715,0.6968136850963537,30,"[0, 1, 2, 3, 4, 5, 6, 7, 8, 9, 10, 11, 12, 13, 14, 15, 16, 17, 18, 19, 20, 21, 22, 23, 24, 25, 26, 27, 28, 29]","[1.5233900547027588, 1.3997052907943726, 1.434043288230896, 1.4576810598373413, 1.5388123989105225, 1.4213244915008545, 1.4843475818634033, 1.3285210132598877, 1.4422065019607544, 1.4525079727172852, 1.5065453052520752, 1.5153577327728271, 1.4500417709350586, 1.5289015769958496, 1.4518134593963623, 1.4532533884048462, 1.523012399673462, 1.4524468183517456, 1.505797266960144, 1.4732764959335327, 1.3948148488998413, 1.4713280200958252, 1.3117165565490723, 1.4398664236068726, 1.4494664669036865, 1.4438128471374512, 1.4162825345993042, 1.4507172107696533, 1.4165419340133667, 1.5066691637039185]",sae,Pre-64
1,beta,3,0.155,0.4557259332451328,0.444824285747971,0.4572742826710082,0.5,0.6042731979176,0.6513671169283156,30,"[0, 1, 2, 3, 4, 5, 6, 7, 8, 9, 10, 11, 12, 13, 14, 15, 16, 17, 18, 19, 20, 21, 22, 23, 24, 25, 26, 27, 28, 29]","[1.358943223953247, 1.390236735343933, 1.372796893119812, 1.321254849433899, 1.3620609045028687, 1.3923494815826416, 1.359239101409912, 1.4008228778839111, 1.158760666847229, 1.4262971878051758, 1.3183659315109253, 1.4261894226074219, 1.3581150770187378, 1.3282196521759033, 1.4373877048492432, 1.363033413887024, 1.3663829565048218, 1.3856265544891357, 1.3174933195114136, 1.3256678581237793, 1.2705882787704468, 1.3417530059814453, 1.3375617265701294, 1.4492851495742798, 1.4155229330062866, 1.3516496419906616, 1.3547238111495972, 1.3461273908615112, 1.4121456146240234, 1.3529890775680542]",sae,Pre-64
1,beta,15,0.165,0.4529015220185267,0.4424399871594601,0.431652120721937,0.5,0.6161071485640408,0.710440302735368,30,"[0, 1, 2, 3, 4, 5, 6, 7, 8, 9, 10, 11, 12, 13, 14, 15, 16, 17, 18, 19, 20, 21, 22, 23, 24, 25, 26, 27, 28, 29]","[1.23017418384552, 1.1849284172058105, 1.2191710472106934, 1.2414783239364624, 1.2629997730255127, 1.215173363685608, 1.2050787210464478, 1.2271521091461182, 1.261248230934143, 1.2785563468933105, 1.2497824430465698, 1.182961344718933, 1.310133457183838, 1.2768747806549072, 1.1984747648239136, 1.244320034980774, 1.2042264938354492, 1.2921075820922852, 1.1800695657730103, 1.2537187337875366, 1.3101621866226196, 1.284035563468933, 1.2270915508270264, 1.2571133375167847, 1.1927255392074585, 1.1092337369918823, 1.26880943775177, 1.3171675205230713, 1.2300719022750854, 1.2436513900756836]",sae,Pre-64
1,beta,37,0.16,0.4546908257221888,0.444978337644671,0.4259700181712841,0.5,0.6058579085235571,0.7195938605279995,30,"[0, 1, 2, 3, 4, 5, 6, 7, 8, 9, 10, 11, 12, 13, 14, 15, 16, 17, 18, 19, 20, 21, 22, 23, 24, 25, 26, 27, 28, 29]","[1.2192730903625488, 1.2906525135040283, 1.2641973495483398, 1.2551674842834473, 1.1851725578308105, 1.290784239768982, 1.2308284044265747, 1.3287334442138672, 1.3755335807800293, 1.2903801202774048, 1.264677882194519, 1.2677758932113647, 1.3040351867675781, 1.2614736557006836, 1.3291882276535034, 1.2701767683029175, 1.2645260095596313, 1.315891981124878, 1.27892005443573, 1.284423828125, 1.285823106765747, 1.2908169031143188, 1.3357592821121216, 1.3102887868881226, 1.2806116342544556, 1.3184674978256226, 1.2739503383636475, 1.2888050079345703, 1.3114789724349976, 1.3290117979049683]",sae,Pre-64
1,beta,9,0.195,0.448644851968101,0.4348910401892977,0.4421534838583524,0.5,0.6286670530281078,0.671451753115039,30,"[0, 1, 2, 3, 4, 5, 6, 7, 8, 9, 10, 11, 12, 13, 14, 15, 16, 17, 18, 19, 20, 21, 22, 23, 24, 25, 26, 27, 28, 29]","[1.325129508972168, 1.2607345581054688, 1.345073938369751, 1.3228479623794556, 1.262451410293579, 1.1267160177230835, 1.3188735246658325, 1.2436739206314087, 1.3231397867202759, 1.2050657272338867, 1.3125721216201782, 1.2668546438217163, 1.2715716361999512, 1.3111085891723633, 1.3575193881988525, 1.2795690298080444, 1.241493821144104, 1.3331005573272705, 1.3438973426818848, 1.24093496799469, 1.3303529024124146, 1.3388317823410034, 1.244102954864502, 1.3297265768051147, 1.345226526260376, 1.3291611671447754, 1.1964811086654663, 1.1415350437164307, 1.2584905624389648, 1.3460391759872437]",sae,Pre-64
1,beta,0,0.14,0.4600628296558519,0.4487196928272481,0.4296173038364927,0.5,0.6146148452673732,0.7222082802906208,30,"[0, 1, 2, 3, 4, 5, 6, 7, 8, 9, 10, 11, 12, 13, 14, 15, 16, 17, 18, 19, 20, 21, 22, 23, 24, 25, 26, 27, 28, 29]","[1.2526620626449585, 1.2950661182403564, 1.2684948444366455, 1.3130829334259033, 1.2387598752975464, 1.269622564315796, 1.3005865812301636, 1.3350374698638916, 1.3151366710662842, 1.2851166725158691, 1.2693452835083008, 1.2753574848175049, 1.3215110301971436, 1.3084101676940918, 1.3252079486846924, 1.2694807052612305, 1.2902346849441528, 1.2305078506469727, 1.156609296798706, 1.3090740442276, 1.2401548624038696, 1.2368688583374023, 1.3179905414581299, 1.2611160278320312, 1.2520302534103394, 1.197252631187439, 1.3211685419082642, 1.2213042974472046, 1.3034350872039795, 1.2127588987350464]",sae,Pre-64
1,beta,1,0.105,0.4560357198099471,0.4497423189216591,0.4463041040068582,0.5,0.5964054457666336,0.6820164565330311,30,"[0, 1, 2, 3, 4, 5, 6, 7, 8, 9, 10, 11, 12, 13, 14, 15, 16, 17, 18, 19, 20, 21, 22, 23, 24, 25, 26, 27, 28, 29]","[1.409148097038269, 1.3098759651184082, 1.3627805709838867, 1.249813437461853, 1.3454859256744385, 1.2725874185562134, 1.2805025577545166, 1.3474019765853882, 1.2537564039230347, 1.3097031116485596, 1.3084008693695068, 1.351248860359192, 1.4020695686340332, 1.2790515422821045, 1.3994390964508057, 1.2310645580291748, 1.2543185949325562, 1.3086267709732056, 1.3795441389083862, 1.4099942445755005, 1.3986717462539673, 1.3593674898147583, 1.3338193893432617, 1.3042566776275635, 1.2715559005737305, 1.2953402996063232, 1.323771595954895, 1.32895827293396, 1.4112918376922607, 1.3336689472198486]",sae,Pre-64
1,beta,45,0.098,0.4515599815008028,0.4347157609968581,0.4471539687001776,0.5,0.6289673345145609,0.6764526827495344,30,"[0, 1, 2, 3, 4, 5, 6, 7, 8, 9, 10, 11, 12, 13, 14, 15, 16, 17, 18, 19, 20, 21, 22, 23, 24, 25, 26, 27, 28, 29]","[1.5408351421356201, 1.5326842069625854, 1.4259742498397827, 1.6058918237686157, 1.601883888244629, 1.458085060119629, 1.613436222076416, 1.5895062685012817, 1.4685410261154175, 1.428830862045288, 1.5382845401763916, 1.6173990964889526, 1.571839451789856, 1.4864310026168823, 1.4962354898452759, 1.5144314765930176, 1.5280429124832153, 1.4023019075393677, 1.5276908874511719, 1.5200457572937012, 1.5710443258285522, 1.469142198562622, 1.5809714794158936, 1.4486445188522339, 1.428049921989441, 1.6070705652236938, 1.4604812860488892, 1.4757720232009888, 1.4031895399093628, 1.607852578163147]",sae,Pre-64
1,beta,32,0.086,0.4555596844830426,0.4475674839123162,0.4708773342041295,0.5,0.5924839124839124,0.6331399154256298,30,"[0, 1, 2, 3, 4, 5, 6, 7, 8, 9, 10, 11, 12, 13, 14, 15, 16, 17, 18, 19, 20, 21, 22, 23, 24, 25, 26, 27, 28, 29]","[1.491139531135559, 1.4127050638198853, 1.4920035600662231, 1.4265713691711426, 1.435837984085083, 1.50043785572052, 1.4316788911819458, 1.4119722843170166, 1.3886387348175049, 1.397623896598816, 1.4130300283432007, 1.3877191543579102, 1.4312492609024048, 1.3508586883544922, 1.3396896123886108, 1.344663143157959, 1.3717141151428223, 1.4352937936782837, 1.381772756576538, 1.4117708206176758, 1.4963501691818237, 1.412535548210144, 1.335153579711914, 1.497963309288025, 1.4267849922180176, 1.3575748205184937, 1.473663568496704, 1.2936344146728516, 1.5022567510604858, 1.4950947761535645]",sae,Pre-64
1,beta,8,0.092,0.4517491928182039,0.4406431065890545,0.4394341867392796,0.5,0.6098144493254953,0.6783472337174508,30,"[0, 1, 2, 3, 4, 5, 6, 7, 8, 9, 10, 11, 12, 13, 14, 15, 16, 17, 18, 19, 20, 21, 22, 23, 24, 25, 26, 27, 28, 29]","[1.3867874145507812, 1.4986063241958618, 1.4153897762298584, 1.4464967250823975, 1.5074782371520996, 1.4428858757019043, 1.491364598274231, 1.4035173654556274, 1.4498671293258667, 1.499113917350769, 1.5072836875915527, 1.4311131238937378, 1.4146568775177002, 1.4476784467697144, 1.4765684604644775, 1.392087697982788, 1.4137979745864868, 1.4497350454330444, 1.3603395223617554, 1.4298893213272095, 1.4027912616729736, 1.378554105758667, 1.4820066690444946, 1.4144527912139893, 1.4815707206726074, 1.485642910003662, 1.383273959159851, 1.4812781810760498, 1.4521520137786865, 1.4523272514343262]",sae,Pre-64
1,beta,32,0.12,0.4555596844830426,0.4475674839123162,0.4707958399211267,0.5,0.5924839124839124,0.6331134399705829,30,"[0, 1, 2, 3, 4, 5, 6, 7, 8, 9, 10, 11, 12, 13, 14, 15, 16, 17, 18, 19, 20, 21, 22, 23, 24, 25, 26, 27, 28, 29]","[1.487551212310791, 1.4091300964355469, 1.4884182214736938, 1.4229716062545776, 1.432256817817688, 1.4968398809432983, 1.4280848503112793, 1.4083924293518066, 1.3850163221359253, 1.3940094709396362, 1.4094297885894775, 1.3841098546981812, 1.4276609420776367, 1.347265362739563, 1.3360921144485474, 1.341047763824463, 1.3680909872055054, 1.4317030906677246, 1.3781800270080566, 1.4081705808639526, 1.4927623271942139, 1.408939003944397, 1.3315149545669556, 1.4943753480911255, 1.423188328742981, 1.353977918624878, 1.4700608253479004, 1.290052890777588, 1.4986732006072998, 1.4915070533752441]",sae,Pre-64
1,beta,14,0.094,0.4467366851483266,0.4421697276018216,0.4320048870852216,0.5,0.5934222168898753,0.6976004439178752,30,"[0, 1, 2, 3, 4, 5, 6, 7, 8, 9, 10, 11, 12, 13, 14, 15, 16, 17, 18, 19, 20, 21, 22, 23, 24, 25, 26, 27, 28, 29]","[1.4062824249267578, 1.2911208868026733, 1.369147539138794, 1.393275499343872, 1.4186447858810425, 1.3803844451904297, 1.365582823753357, 1.4634813070297241, 1.3828860521316528, 1.4424738883972168, 1.341208577156067, 1.29921555519104, 1.3196868896484375, 1.4420695304870605, 1.4355515241622925, 1.3872286081314087, 1.4630413055419922, 1.4579427242279053, 1.378021478652954, 1.375470519065857, 1.401416301727295, 1.3927799463272095, 1.4514060020446777, 1.3388419151306152, 1.451521396636963, 1.4515190124511719, 1.3899437189102173, 1.4589450359344482, 1.444772481918335, 1.3413739204406738]",sae,Pre-64
1,beta,11,0.096,0.4566976193509867,0.4496008864727478,0.436772985622138,0.5,0.5995106990682213,0.7107213091726367,30,"[0, 1, 2, 3, 4, 5, 6, 7, 8, 9, 10, 11, 12, 13, 14, 15, 16, 17, 18, 19, 20, 21, 22, 23, 24, 25, 26, 27, 28, 29]","[1.4571818113327026, 1.2635400295257568, 1.413912057876587, 1.3359110355377197, 1.4912526607513428, 1.3575024604797363, 1.3649592399597168, 1.2446562051773071, 1.4761611223220825, 1.477739930152893, 1.4933137893676758, 1.5069596767425537, 1.508925437927246, 1.403162956237793, 1.373795509338379, 1.3782744407653809, 1.4303252696990967, 1.3580926656723022, 1.3872826099395752, 1.4482284784317017, 1.4171078205108643, 1.4329159259796143, 1.4907835721969604, 1.4084033966064453, 1.3982322216033936, 1.4641478061676025, 1.4931305646896362, 1.3496102094650269, 1.391028881072998, 1.371610164642334]",sae,Pre-64
1,beta,43,0.165,0.4515364523902173,0.4432102910589974,0.4351551364083141,0.5,0.6060785767234989,0.6985233506300963,30,"[0, 1, 2, 3, 4, 5, 6, 7, 8, 9, 10, 11, 12, 13, 14, 15, 16, 17, 18, 19, 20, 21, 22, 23, 24, 25, 26, 27, 28, 29]","[1.3262804746627808, 1.4141219854354858, 1.34516179561615, 1.2815898656845093, 1.3203400373458862, 1.2546064853668213, 1.2980084419250488, 1.277297854423523, 1.3776975870132446, 1.276748776435852, 1.2388477325439453, 1.3843647241592407, 1.3287898302078247, 1.2785835266113281, 1.275486946105957, 1.1860169172286987, 1.3648791313171387, 1.2915606498718262, 1.3629252910614014, 1.3486137390136719, 1.275191068649292, 1.2760034799575806, 1.371759057044983, 1.347800612449646, 1.244813323020935, 1.3605647087097168, 1.3885836601257324, 1.2844901084899902, 1.3608242273330688, 1.3968744277954102]",sae,Pre-64
1,beta,25,0.088,0.4465066892532915,0.4352791138475453,0.4389322033247118,0.5,0.6270054355300688,0.6628401691053799,30,"[0, 1, 2, 3, 4, 5, 6, 7, 8, 9, 10, 11, 12, 13, 14, 15, 16, 17, 18, 19, 20, 21, 22, 23, 24, 25, 26, 27, 28, 29]","[1.3760285377502441, 1.3867543935775757, 1.2853338718414307, 1.4095964431762695, 1.4056156873703003, 1.3956434726715088, 1.2822983264923096, 1.3060712814331055, 1.3532538414001465, 1.257768154144287, 1.4072297811508179, 1.3254600763320923, 1.3888416290283203, 1.314133882522583, 1.2972602844238281, 1.3238224983215332, 1.1926013231277466, 1.2336838245391846, 1.2768189907073975, 1.3026410341262817, 1.4191511869430542, 1.2176382541656494, 1.3702292442321777, 1.3194741010665894, 1.3529982566833496, 1.304648995399475, 1.4336881637573242, 1.3847579956054688, 1.4048199653625488, 1.2594144344329834]",sae,Pre-64
1,beta,42,0.14,0.4546678683050885,0.4407690563496341,0.4451914840363594,0.5,0.6336081445133979,0.6603511208928656,30,"[0, 1, 2, 3, 4, 5, 6, 7, 8, 9, 10, 11, 12, 13, 14, 15, 16, 17, 18, 19, 20, 21, 22, 23, 24, 25, 26, 27, 28, 29]","[1.2767118215560913, 1.1509020328521729, 1.2741888761520386, 1.2517021894454956, 1.16533625125885, 1.2553739547729492, 1.1647206544876099, 1.148014783859253, 1.1693377494812012, 1.2613091468811035, 1.2386943101882935, 1.2795376777648926, 1.1614588499069214, 1.0049147605895996, 1.2809103727340698, 1.1924101114273071, 1.141250491142273, 1.1302461624145508, 1.240049958229065, 1.2147595882415771, 1.1706880331039429, 1.1570767164230347, 1.171014428138733, 1.1616032123565674, 1.189007043838501, 1.1533206701278687, 1.2752232551574707, 1.16252863407135, 1.2145106792449951, 1.1530125141143799]",sae,Pre-64
1,beta,20,0.11,0.4408022875601419,0.4262939306313442,0.4358590038275416,0.5,0.6176087118064704,0.6504705159124226,30,"[0, 1, 2, 3, 4, 5, 6, 7, 8, 9, 10, 11, 12, 13, 14, 15, 16, 17, 18, 19, 20, 21, 22, 23, 24, 25, 26, 27, 28, 29]","[1.4297341108322144, 1.500466227531433, 1.4377968311309814, 1.544528841972351, 1.4922062158584595, 1.5104568004608154, 1.507097840309143, 1.4279128313064575, 1.4739664793014526, 1.4326776266098022, 1.4459168910980225, 1.438624620437622, 1.5566316843032837, 1.3886314630508423, 1.444432258605957, 1.5434894561767578, 1.4348089694976807, 1.4062730073928833, 1.475012183189392, 1.4743236303329468, 1.4684598445892334, 1.3755931854248047, 1.4940156936645508, 1.5486284494400024, 1.5132955312728882, 1.40036141872406, 1.44423508644104, 1.4864187240600586, 1.3988457918167114, 1.5474283695220947]",sae,Pre-64
1,beta,16,0.13,0.4519396108125126,0.4401978349795346,0.4306319348035708,0.5,0.6159012314439947,0.7167558318874108,30,"[0, 1, 2, 3, 4, 5, 6, 7, 8, 9, 10, 11, 12, 13, 14, 15, 16, 17, 18, 19, 20, 21, 22, 23, 24, 25, 26, 27, 28, 29]","[1.27242910861969, 1.2355560064315796, 1.240634799003601, 1.3194923400878906, 1.3119479417800903, 1.2545369863510132, 1.3177613019943237, 1.2940821647644043, 1.2650738954544067, 1.3198102712631226, 1.3202457427978516, 1.3037127256393433, 1.259721040725708, 1.280744194984436, 1.199094533920288, 1.249117374420166, 1.3287683725357056, 1.1552715301513672, 1.266411304473877, 1.301242709159851, 1.349602460861206, 1.3172471523284912, 1.3229292631149292, 1.3134913444519043, 1.203230857849121, 1.2920457124710083, 1.2138773202896118, 1.2684340476989746, 1.224773645401001, 1.248492956161499]",sae,Pre-64
1,beta,41,0.115,0.4543678569363413,0.4427951465832617,0.449141437677752,0.5,0.6190905384235713,0.6738628153679977,30,"[0, 1, 2, 3, 4, 5, 6, 7, 8, 9, 10, 11, 12, 13, 14, 15, 16, 17, 18, 19, 20, 21, 22, 23, 24, 25, 26, 27, 28, 29]","[1.2582849264144897, 1.3119949102401733, 1.2092727422714233, 1.1997467279434204, 1.1818777322769165, 1.3542990684509277, 1.235977053642273, 1.2824815511703491, 1.2609997987747192, 1.3175203800201416, 1.3187717199325562, 1.279537320137024, 1.287001371383667, 1.3260003328323364, 1.334084153175354, 1.2742704153060913, 1.2243562936782837, 1.2846721410751343, 1.2743052244186401, 1.294024109840393, 1.202475666999817, 1.2649325132369995, 1.2787775993347168, 1.281219244003296, 1.2776209115982056, 1.2627596855163574, 1.309849500656128, 1.3150783777236938, 1.2707750797271729, 1.2200044393539429]",sae,Pre-64
1,beta,10,0.125,0.4493907433353129,0.4390813823454372,0.443347729097244,0.5,0.6232207829487961,0.6760285622017295,30,"[0, 1, 2, 3, 4, 5, 6, 7, 8, 9, 10, 11, 12, 13, 14, 15, 16, 17, 18, 19, 20, 21, 22, 23, 24, 25, 26, 27, 28, 29]","[1.395630955696106, 1.306914210319519, 1.4704947471618652, 1.3936817646026611, 1.386488437652588, 1.397688627243042, 1.4857875108718872, 1.4122475385665894, 1.2956303358078003, 1.4424810409545898, 1.4027519226074219, 1.4229106903076172, 1.4192073345184326, 1.3969417810440063, 1.4653764963150024, 1.4186949729919434, 1.4285072088241577, 1.3394118547439575, 1.3925856351852417, 1.353849172592163, 1.3740577697753906, 1.4029403924942017, 1.4615309238433838, 1.4661439657211304, 1.3984854221343994, 1.339701533317566, 1.3984416723251343, 1.4073845148086548, 1.3983914852142334, 1.4505698680877686]",sae,Pre-64
1,beta,8,0.135,0.4517491928182039,0.4406431065890545,0.4376400144508006,0.5,0.6098144493254953,0.6769649766912134,30,"[0, 1, 2, 3, 4, 5, 6, 7, 8, 9, 10, 11, 12, 13, 14, 15, 16, 17, 18, 19, 20, 21, 22, 23, 24, 25, 26, 27, 28, 29]","[1.2371059656143188, 1.3395938873291016, 1.2795026302337646, 1.3081741333007812, 1.3603119850158691, 1.2934213876724243, 1.3409518003463745, 1.2675904035568237, 1.3181995153427124, 1.3398417234420776, 1.358092188835144, 1.2925097942352295, 1.292083978652954, 1.320032000541687, 1.3335319757461548, 1.2611581087112427, 1.2848598957061768, 1.3063633441925049, 1.2317453622817993, 1.273490071296692, 1.2587546110153198, 1.2408431768417358, 1.340059757232666, 1.274406909942627, 1.3339461088180542, 1.3373955488204956, 1.2440975904464722, 1.3350011110305786, 1.3039555549621582, 1.2907999753952026]",sae,Pre-64
1,beta,9,0.1,0.448644851968101,0.4348910401892977,0.4452223770230556,0.5,0.6286670530281078,0.6725977977397856,30,"[0, 1, 2, 3, 4, 5, 6, 7, 8, 9, 10, 11, 12, 13, 14, 15, 16, 17, 18, 19, 20, 21, 22, 23, 24, 25, 26, 27, 28, 29]","[1.4405245780944824, 1.3636771440505981, 1.4502296447753906, 1.4219856262207031, 1.3564656972885132, 1.2043240070343018, 1.4249482154846191, 1.3590106964111328, 1.4357329607009888, 1.3027499914169312, 1.4072009325027466, 1.362042784690857, 1.3669188022613525, 1.406219482421875, 1.4628721475601196, 1.3717554807662964, 1.342443585395813, 1.4354828596115112, 1.455184817314148, 1.3315627574920654, 1.43337082862854, 1.4475270509719849, 1.335313320159912, 1.4336835145950317, 1.4445643424987793, 1.4340487718582153, 1.291289210319519, 1.251586675643921, 1.3489124774932861, 1.4611679315567017]",sae,Pre-64
1,beta,16,0.19,0.4519396108125126,0.4401978349795346,0.4284860633800419,0.5,0.6159012314439947,0.7162377096587623,30,"[0, 1, 2, 3, 4, 5, 6, 7, 8, 9, 10, 11, 12, 13, 14, 15, 16, 17, 18, 19, 20, 21, 22, 23, 24, 25, 26, 27, 28, 29]","[1.1816508769989014, 1.1549880504608154, 1.147105097770691, 1.220463752746582, 1.2079800367355347, 1.1650968790054321, 1.2193706035614014, 1.2029789686203003, 1.1668610572814941, 1.2151484489440918, 1.2106631994247437, 1.1998487710952759, 1.162079930305481, 1.1870537996292114, 1.092725157737732, 1.1478979587554932, 1.2300360202789307, 1.0668342113494873, 1.1719746589660645, 1.1980546712875366, 1.246572494506836, 1.2221847772598267, 1.2204720973968506, 1.2173147201538086, 1.1057324409484863, 1.1924735307693481, 1.1101628541946411, 1.1703195571899414, 1.124984622001648, 1.1529953479766846]",sae,Pre-64
1,beta,9,0.16,0.448644851968101,0.4348910401892977,0.4421534838583524,0.5,0.6286670530281078,0.6714532019704433,30,"[0, 1, 2, 3, 4, 5, 6, 7, 8, 9, 10, 11, 12, 13, 14, 15, 16, 17, 18, 19, 20, 21, 22, 23, 24, 25, 26, 27, 28, 29]","[1.3255178928375244, 1.2611219882965088, 1.3454622030258179, 1.3232370615005493, 1.2628408670425415, 1.1271063089370728, 1.3192620277404785, 1.244061827659607, 1.3235288858413696, 1.2054539918899536, 1.3129615783691406, 1.267243504524231, 1.2719597816467285, 1.3114978075027466, 1.3579078912734985, 1.279958963394165, 1.2418826818466187, 1.3334890604019165, 1.3442860841751099, 1.2413253784179688, 1.33074152469635, 1.339220643043518, 1.2444928884506226, 1.3301150798797607, 1.3456156253814697, 1.3295496702194214, 1.1968697309494019, 1.1419236660003662, 1.258880376815796, 1.3464267253875732]",sae,Pre-64
1,beta,7,0.11,0.4564836922581216,0.4420418003909208,0.4377925780050153,0.5,0.6095136152062148,0.7009756004063404,30,"[0, 1, 2, 3, 4, 5, 6, 7, 8, 9, 10, 11, 12, 13, 14, 15, 16, 17, 18, 19, 20, 21, 22, 23, 24, 25, 26, 27, 28, 29]","[1.3599516153335571, 1.4022979736328125, 1.41777765750885, 1.3811190128326416, 1.433144211769104, 1.3905233144760132, 1.3485320806503296, 1.3936420679092407, 1.4891821146011353, 1.3979307413101196, 1.318551778793335, 1.3600281476974487, 1.3236875534057617, 1.3432716131210327, 1.5005295276641846, 1.4135760068893433, 1.3483778238296509, 1.3293297290802002, 1.4345086812973022, 1.432708978652954, 1.3969056606292725, 1.4113883972167969, 1.4182549715042114, 1.3655195236206055, 1.4545894861221313, 1.4346990585327148, 1.3794490098953247, 1.2769769430160522, 1.4749892950057983, 1.3629834651947021]",sae,Pre-64
1,beta,29,0.105,0.4558655961502112,0.4409050416793991,0.4552353026768672,0.5,0.6296548282533407,0.6719077583842731,30,"[0, 1, 2, 3, 4, 5, 6, 7, 8, 9, 10, 11, 12, 13, 14, 15, 16, 17, 18, 19, 20, 21, 22, 23, 24, 25, 26, 27, 28, 29]","[1.3889029026031494, 1.3496953248977661, 1.1692529916763306, 1.4534485340118408, 1.3809400796890259, 1.3539084196090698, 1.4685055017471313, 1.3497207164764404, 1.4355934858322144, 1.4593032598495483, 1.382218599319458, 1.4273443222045898, 1.4442723989486694, 1.4215846061706543, 1.4007850885391235, 1.4205926656723022, 1.351619839668274, 1.3835632801055908, 1.3496503829956055, 1.3925691843032837, 1.470862627029419, 1.4868468046188354, 1.3754429817199707, 1.3880667686462402, 1.399217963218689, 1.3239680528640747, 1.3834184408187866, 1.4659343957901, 1.5066148042678833, 1.3580092191696167]",sae,Pre-64
1,beta,31,0.09,0.4497611378811508,0.4308970333737342,0.4311834477473215,0.5,0.642735734520437,0.7096967682257039,30,"[0, 1, 2, 3, 4, 5, 6, 7, 8, 9, 10, 11, 12, 13, 14, 15, 16, 17, 18, 19, 20, 21, 22, 23, 24, 25, 26, 27, 28, 29]","[1.4222323894500732, 1.3918465375900269, 1.326214075088501, 1.332371711730957, 1.3976091146469116, 1.4511034488677979, 1.3470302820205688, 1.400585412979126, 1.3757383823394775, 1.4069606065750122, 1.3951674699783325, 1.400333046913147, 1.4310009479522705, 1.2611515522003174, 1.445631504058838, 1.3836684226989746, 1.403420090675354, 1.3929959535598755, 1.4037096500396729, 1.364659309387207, 1.4530847072601318, 1.4006131887435913, 1.4431918859481812, 1.4201796054840088, 1.394508957862854, 1.410573959350586, 1.3222471475601196, 1.4611802101135254, 1.3260142803192139, 1.4193475246429443]",sae,Pre-64
1,beta,14,0.14,0.4467366851483266,0.4421697276018216,0.4297951476763117,0.5,0.5934222168898753,0.6982873168463833,30,"[0, 1, 2, 3, 4, 5, 6, 7, 8, 9, 10, 11, 12, 13, 14, 15, 16, 17, 18, 19, 20, 21, 22, 23, 24, 25, 26, 27, 28, 29]","[1.334781527519226, 1.224913477897644, 1.292723536491394, 1.3178789615631104, 1.345436930656433, 1.310157060623169, 1.3037692308425903, 1.3822625875473022, 1.3081642389297485, 1.361187219619751, 1.265029788017273, 1.2118163108825684, 1.2355259656906128, 1.3590929508209229, 1.3627803325653076, 1.3125165700912476, 1.3825682401657104, 1.3732024431228638, 1.2988485097885132, 1.294170618057251, 1.335711121559143, 1.3149187564849854, 1.3709090948104858, 1.265403389930725, 1.3752334117889404, 1.3703396320343018, 1.3055419921875, 1.3757362365722656, 1.3613725900650024, 1.2509751319885254]",sae,Pre-64
1,beta,44,0.19,0.4469012312759677,0.43811650775401,0.4516355600619092,0.5,0.5982762074796864,0.6215449022761957,30,"[0, 1, 2, 3, 4, 5, 6, 7, 8, 9, 10, 11, 12, 13, 14, 15, 16, 17, 18, 19, 20, 21, 22, 23, 24, 25, 26, 27, 28, 29]","[1.348040223121643, 1.3518134355545044, 1.29595947265625, 1.3253809213638306, 1.3414154052734375, 1.3979036808013916, 1.3743144273757935, 1.2935165166854858, 1.360964298248291, 1.4117887020111084, 1.3405967950820923, 1.316898226737976, 1.3461929559707642, 1.3129372596740723, 1.4149948358535767, 1.413996934890747, 1.2829456329345703, 1.1909838914871216, 1.3565682172775269, 1.3433417081832886, 1.3151720762252808, 1.2898513078689575, 1.3359895944595337, 1.3439140319824219, 1.3996487855911255, 1.2991998195648193, 1.3206065893173218, 1.3434343338012695, 1.3386788368225098, 1.3574728965759277]",sae,Pre-64
1,beta,49,0.17,0.462130925118617,0.4524487678230295,0.4490069512007588,0.5,0.6141152509743157,0.6819622482039724,30,"[0, 1, 2, 3, 4, 5, 6, 7, 8, 9, 10, 11, 12, 13, 14, 15, 16, 17, 18, 19, 20, 21, 22, 23, 24, 25, 26, 27, 28, 29]","[1.276401400566101, 1.322324275970459, 1.3209640979766846, 1.3045759201049805, 1.2482558488845825, 1.285549521446228, 1.3551534414291382, 1.2590041160583496, 1.3750512599945068, 1.3360190391540527, 1.2786022424697876, 1.270598292350769, 1.3275328874588013, 1.3279132843017578, 1.3583983182907104, 1.3069908618927002, 1.4020901918411255, 1.3823877573013306, 1.2512683868408203, 1.3347464799880981, 1.37458074092865, 1.291946291923523, 1.3815335035324097, 1.3229527473449707, 1.2890559434890747, 1.3267329931259155, 1.324271559715271, 1.291046142578125, 1.2083922624588013, 1.2832657098770142]",sae,Pre-64
1,beta,37,0.1,0.4546908257221888,0.444978337644671,0.4309928486710903,0.5,0.6058579085235571,0.7187850822660278,30,"[0, 1, 2, 3, 4, 5, 6, 7, 8, 9, 10, 11, 12, 13, 14, 15, 16, 17, 18, 19, 20, 21, 22, 23, 24, 25, 26, 27, 28, 29]","[1.3575279712677002, 1.4260988235473633, 1.4024181365966797, 1.3771389722824097, 1.3199100494384766, 1.4306190013885498, 1.3750079870224, 1.462049126625061, 1.5049351453781128, 1.4285324811935425, 1.3982778787612915, 1.4014434814453125, 1.436057209968567, 1.4117143154144287, 1.4680979251861572, 1.4155514240264893, 1.3940820693969727, 1.452588438987732, 1.408664584159851, 1.4135533571243286, 1.4311201572418213, 1.4383435249328613, 1.4705328941345215, 1.4493322372436523, 1.4165748357772827, 1.45793879032135, 1.4118157625198364, 1.435646414756775, 1.4514697790145874, 1.4677996635437012]",sae,Pre-64
1,beta,6,0.145,0.4540822999211705,0.4457917896713532,0.441152026805915,0.5,0.5933447799067053,0.6658319784844939,30,"[0, 1, 2, 3, 4, 5, 6, 7, 8, 9, 10, 11, 12, 13, 14, 15, 16, 17, 18, 19, 20, 21, 22, 23, 24, 25, 26, 27, 28, 29]","[1.2871718406677246, 1.3157985210418701, 1.2502137422561646, 1.319045901298523, 1.2382556200027466, 1.2141501903533936, 1.2371113300323486, 1.2920299768447876, 1.2307449579238892, 1.3090883493423462, 1.2435075044631958, 1.1824406385421753, 1.244350552558899, 1.1996477842330933, 1.0761991739273071, 1.3067785501480103, 1.2017711400985718, 1.2763803005218506, 1.2517824172973633, 1.2740272283554077, 1.2439136505126953, 1.2230207920074463, 1.2962708473205566, 1.277680516242981, 1.2155039310455322, 1.2522966861724854, 1.2069823741912842, 1.219907283782959, 1.277410864830017, 1.2893445491790771]",sae,Pre-64
1,beta,43,0.105,0.4515364523902173,0.4432102910589974,0.4386945662569996,0.5,0.6060785767234989,0.6985218680504076,30,"[0, 1, 2, 3, 4, 5, 6, 7, 8, 9, 10, 11, 12, 13, 14, 15, 16, 17, 18, 19, 20, 21, 22, 23, 24, 25, 26, 27, 28, 29]","[1.3282674551010132, 1.4161070585250854, 1.3471426963806152, 1.2835758924484253, 1.3223259449005127, 1.2566041946411133, 1.3000047206878662, 1.2792942523956299, 1.3796864748001099, 1.2787433862686157, 1.2408521175384521, 1.3863452672958374, 1.330776333808899, 1.2805761098861694, 1.2774735689163208, 1.188015341758728, 1.3668673038482666, 1.293555498123169, 1.3649187088012695, 1.3505871295928955, 1.2771873474121094, 1.2779966592788696, 1.373734951019287, 1.349790334701538, 1.2468081712722778, 1.3625565767288208, 1.390567421913147, 1.2864845991134644, 1.3628157377243042, 1.3988560438156128]",sae,Pre-64
1,beta,15,0.105,0.4529015220185267,0.4424399871594601,0.4354076932898105,0.5,0.6161071485640408,0.7111216025799328,30,"[0, 1, 2, 3, 4, 5, 6, 7, 8, 9, 10, 11, 12, 13, 14, 15, 16, 17, 18, 19, 20, 21, 22, 23, 24, 25, 26, 27, 28, 29]","[1.395472764968872, 1.3659659624099731, 1.4070731401443481, 1.4070285558700562, 1.4816527366638184, 1.377805471420288, 1.3724433183670044, 1.3966984748840332, 1.4551233053207397, 1.4528669118881226, 1.4409878253936768, 1.3556888103485107, 1.51439368724823, 1.4579426050186157, 1.348695158958435, 1.4240977764129639, 1.3618444204330444, 1.5075023174285889, 1.3465728759765625, 1.4136443138122559, 1.5005042552947998, 1.4676969051361084, 1.3888417482376099, 1.426969289779663, 1.3964064121246338, 1.278708815574646, 1.4700851440429688, 1.514708161354065, 1.4120161533355713, 1.4082204103469849]",sae,Pre-64
1,beta,36,0.092,0.4642138821845151,0.4576483090311837,0.4580868488106552,0.5,0.6031055233182893,0.6748653876313451,30,"[0, 1, 2, 3, 4, 5, 6, 7, 8, 9, 10, 11, 12, 13, 14, 15, 16, 17, 18, 19, 20, 21, 22, 23, 24, 25, 26, 27, 28, 29]","[1.3593732118606567, 1.3315821886062622, 1.2990165948867798, 1.3497638702392578, 1.2362197637557983, 1.3728725910186768, 1.3116123676300049, 1.3462430238723755, 1.383392333984375, 1.244600772857666, 1.2856203317642212, 1.3863508701324463, 1.290115475654602, 1.3107222318649292, 1.336756944656372, 1.389985203742981, 1.3512102365493774, 1.3263566493988037, 1.3805900812149048, 1.2851927280426025, 1.3350145816802979, 1.306936264038086, 1.324226975440979, 1.2998616695404053, 1.3747661113739014, 1.3446789979934692, 1.3126393556594849, 1.3242509365081787, 1.3709503412246704, 1.280716896057129]",sae,Pre-64
1,beta,3,0.13,0.4557259332451328,0.444824285747971,0.4618113849227356,0.5,0.6042731979176,0.652261762639942,30,"[0, 1, 2, 3, 4, 5, 6, 7, 8, 9, 10, 11, 12, 13, 14, 15, 16, 17, 18, 19, 20, 21, 22, 23, 24, 25, 26, 27, 28, 29]","[1.3959637880325317, 1.4228957891464233, 1.4075247049331665, 1.3655396699905396, 1.4009404182434082, 1.4376106262207031, 1.3935188055038452, 1.4411404132843018, 1.1964460611343384, 1.4660637378692627, 1.3578569889068604, 1.4641201496124268, 1.399684190750122, 1.3756839036941528, 1.4749723672866821, 1.3945229053497314, 1.4002866744995117, 1.4257290363311768, 1.3596762418746948, 1.362540364265442, 1.3080101013183594, 1.3739969730377197, 1.3707391023635864, 1.4856226444244385, 1.4563870429992676, 1.3854122161865234, 1.388501524925232, 1.382035493850708, 1.4509453773498535, 1.388140082359314]",sae,Pre-64
1,beta,40,0.15,0.44666181227492,0.4340193094910912,0.4316004220873401,0.5,0.6093636266731638,0.669116325815834,30,"[0, 1, 2, 3, 4, 5, 6, 7, 8, 9, 10, 11, 12, 13, 14, 15, 16, 17, 18, 19, 20, 21, 22, 23, 24, 25, 26, 27, 28, 29]","[1.3548448085784912, 1.2984378337860107, 1.2975425720214844, 1.237754225730896, 1.2706093788146973, 1.3012239933013916, 1.3033026456832886, 1.3137880563735962, 1.3286887407302856, 1.3335835933685303, 1.2764536142349243, 1.2836096286773682, 1.3503291606903076, 1.2383877038955688, 1.2565017938613892, 1.367795705795288, 1.2661237716674805, 1.303728461265564, 1.255950927734375, 1.2521947622299194, 1.2625393867492676, 1.2722620964050293, 1.3273056745529175, 1.2914644479751587, 1.3408747911453247, 1.2705953121185303, 1.3346115350723267, 1.2348288297653198, 1.3761391639709473, 1.2639203071594238]",sae,Pre-64
1,beta,44,0.13,0.4469012312759677,0.43811650775401,0.4572167957277961,0.5,0.5982762074796864,0.6215390099756648,30,"[0, 1, 2, 3, 4, 5, 6, 7, 8, 9, 10, 11, 12, 13, 14, 15, 16, 17, 18, 19, 20, 21, 22, 23, 24, 25, 26, 27, 28, 29]","[1.3505622148513794, 1.3543405532836914, 1.2984713315963745, 1.327890396118164, 1.343945860862732, 1.4004240036010742, 1.3768240213394165, 1.2960458993911743, 1.3634898662567139, 1.4142992496490479, 1.343124508857727, 1.3194122314453125, 1.3487187623977661, 1.315457820892334, 1.4175142049789429, 1.4165130853652954, 1.285471796989441, 1.1934949159622192, 1.359092354774475, 1.3458620309829712, 1.3176859617233276, 1.292366862297058, 1.3385123014450073, 1.3464467525482178, 1.4021683931350708, 1.3017189502716064, 1.3231137990951538, 1.345961332321167, 1.3411985635757446, 1.3599958419799805]",sae,Pre-64
1,beta,48,0.145,0.4556814132376,0.4510566266980289,0.4850538480498481,0.5,0.5923878577171784,0.588894205179892,30,"[0, 1, 2, 3, 4, 5, 6, 7, 8, 9, 10, 11, 12, 13, 14, 15, 16, 17, 18, 19, 20, 21, 22, 23, 24, 25, 26, 27, 28, 29]","[1.421216607093811, 1.3679640293121338, 1.3559695482254028, 1.342055320739746, 1.3220655918121338, 1.2855411767959595, 1.3621201515197754, 1.2769980430603027, 1.32432222366333, 1.3195000886917114, 1.376166820526123, 1.3319792747497559, 1.3363145589828491, 1.3260153532028198, 1.2888092994689941, 1.3695077896118164, 1.3612380027770996, 1.3639062643051147, 1.396596074104309, 1.2361199855804443, 1.3232707977294922, 1.3947681188583374, 1.3986865282058716, 1.2319519519805908, 1.3340461254119873, 1.3698045015335083, 1.40105140209198, 1.3754655122756958, 1.3295907974243164, 1.3534917831420898]",sae,Pre-64
1,beta,5,0.18,0.4445517550333296,0.4301735816232515,0.4289540012369984,0.5,0.6070910659257547,0.683172587087378,30,"[0, 1, 2, 3, 4, 5, 6, 7, 8, 9, 10, 11, 12, 13, 14, 15, 16, 17, 18, 19, 20, 21, 22, 23, 24, 25, 26, 27, 28, 29]","[1.3443892002105713, 1.245424747467041, 1.24784517288208, 1.363669991493225, 1.3624348640441895, 1.2942700386047363, 1.2942496538162231, 1.2758947610855103, 1.3339990377426147, 1.2614953517913818, 1.3475805521011353, 1.3658783435821533, 1.2945623397827148, 1.2979172468185425, 1.3762873411178589, 1.3202918767929077, 1.3252906799316406, 1.3527764081954956, 1.2350090742111206, 1.3012152910232544, 1.3775399923324585, 1.3084222078323364, 1.3701565265655518, 1.2586747407913208, 1.2999424934387207, 1.376354694366455, 1.2451366186141968, 1.2767784595489502, 1.3555409908294678, 1.301578402519226]",sae,Pre-64
1,beta,28,0.14,0.4589844236982603,0.4495627040154577,0.439539142243513,0.5,0.5987249917034086,0.6968855188925236,30,"[0, 1, 2, 3, 4, 5, 6, 7, 8, 9, 10, 11, 12, 13, 14, 15, 16, 17, 18, 19, 20, 21, 22, 23, 24, 25, 26, 27, 28, 29]","[1.2923561334609985, 1.2072304487228394, 1.1713318824768066, 1.3854176998138428, 1.3406981229782104, 1.346734881401062, 1.281708002090454, 1.2374087572097778, 1.3446091413497925, 1.366301417350769, 1.3099768161773682, 1.3344634771347046, 1.3601492643356323, 1.3747729063034058, 1.2993232011795044, 1.2692915201187134, 1.302682638168335, 1.35695219039917, 1.3209941387176514, 1.3304800987243652, 1.2767897844314575, 1.2854453325271606, 1.2703014612197876, 1.2231221199035645, 1.2638367414474487, 1.3459751605987549, 1.39516282081604, 1.2854658365249634, 1.2680044174194336, 1.2644085884094238]",sae,Pre-64
1,beta,48,0.095,0.4556814132376,0.4510566266980289,0.4877634736423722,0.5,0.5923878577171784,0.5906226289027553,30,"[0, 1, 2, 3, 4, 5, 6, 7, 8, 9, 10, 11, 12, 13, 14, 15, 16, 17, 18, 19, 20, 21, 22, 23, 24, 25, 26, 27, 28, 29]","[1.5234800577163696, 1.4695384502410889, 1.456027865409851, 1.4448912143707275, 1.4164584875106812, 1.3658151626586914, 1.461777925491333, 1.3860621452331543, 1.4181876182556152, 1.4114961624145508, 1.4850720167160034, 1.4259928464889526, 1.444690227508545, 1.4254958629608154, 1.3784706592559814, 1.465994119644165, 1.4877341985702515, 1.46663498878479, 1.4971530437469482, 1.3433068990707397, 1.420220971107483, 1.5057220458984375, 1.5078144073486328, 1.3303004503250122, 1.4267421960830688, 1.4807997941970825, 1.5016244649887085, 1.4971652030944824, 1.4242827892303467, 1.4540530443191528]",sae,Pre-64
1,beta,37,0.195,0.4546908257221888,0.444978337644671,0.4259700181712841,0.5,0.6058579085235571,0.7195908426986637,30,"[0, 1, 2, 3, 4, 5, 6, 7, 8, 9, 10, 11, 12, 13, 14, 15, 16, 17, 18, 19, 20, 21, 22, 23, 24, 25, 26, 27, 28, 29]","[1.2187612056732178, 1.2901419401168823, 1.2636849880218506, 1.25465726852417, 1.1846606731414795, 1.2902746200561523, 1.2303175926208496, 1.328221321105957, 1.375024437904358, 1.2898685932159424, 1.2641663551330566, 1.267264723777771, 1.3035249710083008, 1.2609628438949585, 1.3286778926849365, 1.2696651220321655, 1.2640146017074585, 1.3153823614120483, 1.2784082889556885, 1.2839125394821167, 1.285312294960022, 1.2903069257736206, 1.3352489471435547, 1.3097779750823975, 1.2801015377044678, 1.3179579973220825, 1.2734391689300537, 1.2882952690124512, 1.3109688758850098, 1.3285009860992432]",sae,Pre-64
1,beta,13,0.115,0.4619123366083722,0.4531466051409948,0.4391862864457879,0.5,0.6127276801885291,0.7109217427092305,30,"[0, 1, 2, 3, 4, 5, 6, 7, 8, 9, 10, 11, 12, 13, 14, 15, 16, 17, 18, 19, 20, 21, 22, 23, 24, 25, 26, 27, 28, 29]","[1.4772499799728394, 1.2971457242965698, 1.4655503034591675, 1.3968725204467773, 1.3716881275177002, 1.4732249975204468, 1.4056251049041748, 1.403049349784851, 1.4384102821350098, 1.405531406402588, 1.4751617908477783, 1.3869191408157349, 1.4277966022491455, 1.4466803073883057, 1.4440597295761108, 1.3580330610275269, 1.358219861984253, 1.4334979057312012, 1.4080886840820312, 1.4146381616592407, 1.3842860460281372, 1.3289692401885986, 1.3688843250274658, 1.3648022413253784, 1.3916871547698975, 1.3338603973388672, 1.4018765687942505, 1.3516309261322021, 1.4122397899627686, 1.401444911956787]",sae,Pre-64
1,beta,4,0.098,0.4589558369307028,0.4477177462853796,0.4573286344260851,0.5,0.61034827708266,0.6590916785939641,30,"[0, 1, 2, 3, 4, 5, 6, 7, 8, 9, 10, 11, 12, 13, 14, 15, 16, 17, 18, 19, 20, 21, 22, 23, 24, 25, 26, 27, 28, 29]","[1.33869206905365, 1.3231210708618164, 1.2550195455551147, 1.389032244682312, 1.2296785116195679, 1.2700122594833374, 1.3067220449447632, 1.2554858922958374, 1.3450971841812134, 1.365989089012146, 1.343361735343933, 1.2767361402511597, 1.3889107704162598, 1.2873077392578125, 1.2518603801727295, 1.3358347415924072, 1.3376984596252441, 1.3118535280227661, 1.2717620134353638, 1.365488886833191, 1.324729561805725, 1.383616328239441, 1.3281248807907104, 1.2396793365478516, 1.3244757652282715, 1.2616046667099, 1.283442735671997, 1.3014847040176392, 1.3683547973632812, 1.2459778785705566]",sae,Pre-64
1,beta,23,0.1,0.4478205607315014,0.4344954522622479,0.4345632316783998,0.5,0.6150139710231751,0.6749433821827473,30,"[0, 1, 2, 3, 4, 5, 6, 7, 8, 9, 10, 11, 12, 13, 14, 15, 16, 17, 18, 19, 20, 21, 22, 23, 24, 25, 26, 27, 28, 29]","[1.3893853425979614, 1.4487695693969727, 1.427865982055664, 1.5400909185409546, 1.3192471265792847, 1.3853309154510498, 1.5213884115219116, 1.4126039743423462, 1.3879328966140747, 1.5224477052688599, 1.5275676250457764, 1.482284426689148, 1.4715174436569214, 1.3665355443954468, 1.4600216150283813, 1.51936674118042, 1.2118645906448364, 1.4251599311828613, 1.3702542781829834, 1.402261734008789, 1.5172611474990845, 1.539562702178955, 1.3902961015701294, 1.5325051546096802, 1.5253353118896484, 1.4328022003173828, 1.3886076211929321, 1.4300658702850342, 1.4324108362197876, 1.5409291982650757]",sae,Pre-64
1,beta,27,0.175,0.4609757262074365,0.4537266978541116,0.4543084770420211,0.5,0.5914172664146189,0.6586944771843639,30,"[0, 1, 2, 3, 4, 5, 6, 7, 8, 9, 10, 11, 12, 13, 14, 15, 16, 17, 18, 19, 20, 21, 22, 23, 24, 25, 26, 27, 28, 29]","[1.3050378561019897, 1.3458104133605957, 1.307451844215393, 1.290077567100525, 1.3329188823699951, 1.253840446472168, 1.3437185287475586, 1.2274235486984253, 1.2909642457962036, 1.2829281091690063, 1.2431188821792603, 1.3459343910217285, 1.2837144136428833, 1.2501580715179443, 1.2881016731262207, 1.2150975465774536, 1.259283185005188, 1.3146177530288696, 1.279282808303833, 1.2683724164962769, 1.3485623598098755, 1.3255385160446167, 1.248639464378357, 1.2015339136123657, 1.2808843851089478, 1.3483136892318726, 1.2640423774719238, 1.314300537109375, 1.2196193933486938, 1.2924020290374756]",sae,Pre-64
1,beta,20,0.095,0.4408022875601419,0.4262939306313442,0.4358879601280578,0.5,0.6176087118064704,0.6504823379202723,30,"[0, 1, 2, 3, 4, 5, 6, 7, 8, 9, 10, 11, 12, 13, 14, 15, 16, 17, 18, 19, 20, 21, 22, 23, 24, 25, 26, 27, 28, 29]","[1.4324971437454224, 1.5032365322113037, 1.4405711889266968, 1.5472747087478638, 1.494990348815918, 1.5132054090499878, 1.5098522901535034, 1.4306668043136597, 1.476754903793335, 1.435434103012085, 1.4486733675003052, 1.4413777589797974, 1.5593760013580322, 1.391408920288086, 1.4471848011016846, 1.5462449789047241, 1.4375417232513428, 1.4090641736984253, 1.4777767658233643, 1.4770885705947876, 1.4712172746658325, 1.3783788681030273, 1.4967913627624512, 1.5513865947723389, 1.5160514116287231, 1.40314519405365, 1.4469937086105347, 1.4891712665557861, 1.40164315700531, 1.5501679182052612]",sae,Pre-64
1,beta,47,0.12,0.4460371044958436,0.4257646434940195,0.4051277542244267,0.5,0.6434257056516428,0.7317768276216807,30,"[0, 1, 2, 3, 4, 5, 6, 7, 8, 9, 10, 11, 12, 13, 14, 15, 16, 17, 18, 19, 20, 21, 22, 23, 24, 25, 26, 27, 28, 29]","[1.4598592519760132, 1.3008252382278442, 1.3118940591812134, 1.3254282474517822, 1.4079985618591309, 1.4455645084381104, 1.3947664499282837, 1.407080054283142, 1.4000242948532104, 1.3384300470352173, 1.3421961069107056, 1.2739313840866089, 1.3212448358535767, 1.460412621498108, 1.2932630777359009, 1.4193830490112305, 1.3397635221481323, 1.4055135250091553, 1.248456597328186, 1.292282223701477, 1.338091492652893, 1.3866214752197266, 1.4111710786819458, 1.3047277927398682, 1.3954986333847046, 1.276055097579956, 1.2453197240829468, 1.3844290971755981, 1.295373797416687, 1.3761696815490723]",sae,Pre-64
1,beta,31,0.13,0.4497611378811508,0.4308970333737342,0.4285981848998714,0.5,0.642735734520437,0.7085274903162397,30,"[0, 1, 2, 3, 4, 5, 6, 7, 8, 9, 10, 11, 12, 13, 14, 15, 16, 17, 18, 19, 20, 21, 22, 23, 24, 25, 26, 27, 28, 29]","[1.2936490774154663, 1.2762750387191772, 1.2283048629760742, 1.2194161415100098, 1.2935227155685425, 1.3197320699691772, 1.233669400215149, 1.2955394983291626, 1.2765028476715088, 1.282947063446045, 1.2808400392532349, 1.2908780574798584, 1.318285584449768, 1.1607369184494019, 1.335279107093811, 1.275648832321167, 1.2830215692520142, 1.2670007944107056, 1.284667730331421, 1.2439452409744263, 1.3384565114974976, 1.2954692840576172, 1.32520592212677, 1.3118880987167358, 1.2837284803390503, 1.2939963340759277, 1.2061221599578857, 1.3423097133636475, 1.2310353517532349, 1.31409752368927]",sae,Pre-64
1,beta,19,0.12,0.4469965829377276,0.435497383761294,0.4137482980479937,0.5,0.6104665954706788,0.7133366837327637,30,"[0, 1, 2, 3, 4, 5, 6, 7, 8, 9, 10, 11, 12, 13, 14, 15, 16, 17, 18, 19, 20, 21, 22, 23, 24, 25, 26, 27, 28, 29]","[1.3294849395751953, 1.3428089618682861, 1.4189610481262207, 1.362640619277954, 1.281369924545288, 1.2956795692443848, 1.334157943725586, 1.4054977893829346, 1.3106597661972046, 1.4250595569610596, 1.4180065393447876, 1.4452251195907593, 1.3324772119522095, 1.3466346263885498, 1.26154625415802, 1.2807461023330688, 1.4084515571594238, 1.4421344995498657, 1.2941162586212158, 1.3214010000228882, 1.457882046699524, 1.3238601684570312, 1.330320119857788, 1.3254338502883911, 1.3217214345932007, 1.4197821617126465, 1.4322987794876099, 1.3487449884414673, 1.303575873374939, 1.2985419034957886]",sae,Pre-64
1,beta,32,0.098,0.4555596844830426,0.4475674839123162,0.4708485991892293,0.5,0.5924839124839124,0.6331252068394926,30,"[0, 1, 2, 3, 4, 5, 6, 7, 8, 9, 10, 11, 12, 13, 14, 15, 16, 17, 18, 19, 20, 21, 22, 23, 24, 25, 26, 27, 28, 29]","[1.4898728132247925, 1.4114432334899902, 1.4907385110855103, 1.4253008365631104, 1.4345747232437134, 1.499168038368225, 1.430410623550415, 1.4107089042663574, 1.387359857559204, 1.3963481187820435, 1.4117597341537476, 1.386445164680481, 1.4299824237823486, 1.3495900630950928, 1.338419795036316, 1.343387246131897, 1.3704355955123901, 1.4340265989303589, 1.3805040121078491, 1.4105000495910645, 1.4950840473175049, 1.4112657308578491, 1.333869218826294, 1.4966970682144165, 1.4255156517028809, 1.3563052415847778, 1.4723920822143555, 1.292370080947876, 1.5009918212890625, 1.4938286542892456]",sae,Pre-64
1,beta,26,0.096,0.4502231978181314,0.4442488029476733,0.4596833608403366,0.5,0.5832450787939482,0.6466879068386558,30,"[0, 1, 2, 3, 4, 5, 6, 7, 8, 9, 10, 11, 12, 13, 14, 15, 16, 17, 18, 19, 20, 21, 22, 23, 24, 25, 26, 27, 28, 29]","[1.4212634563446045, 1.4324649572372437, 1.5950762033462524, 1.3872253894805908, 1.4580849409103394, 1.500186800956726, 1.4864792823791504, 1.3851327896118164, 1.489080786705017, 1.4557875394821167, 1.3716377019882202, 1.5972431898117065, 1.5327939987182617, 1.4711405038833618, 1.5465160608291626, 1.4327071905136108, 1.4782373905181885, 1.3638874292373657, 1.5081337690353394, 1.4583771228790283, 1.41801917552948, 1.5720093250274658, 1.459749698638916, 1.5005685091018677, 1.5780713558197021, 1.5691516399383545, 1.4271966218948364, 1.4829187393188477, 1.2955217361450195, 1.4185090065002441]",sae,Pre-64
1,beta,25,0.125,0.4465066892532915,0.4352791138475453,0.4389119524804284,0.5,0.6270054355300688,0.6628341894243361,30,"[0, 1, 2, 3, 4, 5, 6, 7, 8, 9, 10, 11, 12, 13, 14, 15, 16, 17, 18, 19, 20, 21, 22, 23, 24, 25, 26, 27, 28, 29]","[1.3744707107543945, 1.3852026462554932, 1.2837785482406616, 1.408048391342163, 1.404068946838379, 1.3940938711166382, 1.2807531356811523, 1.304526686668396, 1.3516945838928223, 1.2562227249145508, 1.4056785106658936, 1.3239123821258545, 1.3872878551483154, 1.312583327293396, 1.295701503753662, 1.3222684860229492, 1.191060185432434, 1.2321256399154663, 1.2752565145492554, 1.3010759353637695, 1.4175958633422852, 1.2160929441452026, 1.3686774969100952, 1.3179128170013428, 1.3514419794082642, 1.3030974864959717, 1.4321370124816895, 1.3832035064697266, 1.4032632112503052, 1.2578600645065308]",sae,Pre-64
1,beta,49,0.11,0.462130925118617,0.4524487678230295,0.4490348107622003,0.5,0.6141152509743157,0.6833841033948443,30,"[0, 1, 2, 3, 4, 5, 6, 7, 8, 9, 10, 11, 12, 13, 14, 15, 16, 17, 18, 19, 20, 21, 22, 23, 24, 25, 26, 27, 28, 29]","[1.3326588869094849, 1.3838510513305664, 1.3813790082931519, 1.3662668466567993, 1.312932014465332, 1.3448410034179688, 1.422527551651001, 1.3267560005187988, 1.451737403869629, 1.4002331495285034, 1.3516178131103516, 1.3319982290267944, 1.398895502090454, 1.3889480829238892, 1.4302228689193726, 1.3762941360473633, 1.4684536457061768, 1.4541285037994385, 1.3176430463790894, 1.4010881185531616, 1.4439326524734497, 1.3547457456588745, 1.4504241943359375, 1.3843880891799927, 1.3468270301818848, 1.3905025720596313, 1.386569857597351, 1.347147822380066, 1.2813026905059814, 1.347630262374878]",sae,Pre-64
1,beta,26,0.15,0.4502231978181314,0.4442488029476733,0.4543279596191928,0.5,0.5832450787939482,0.6467159710436486,30,"[0, 1, 2, 3, 4, 5, 6, 7, 8, 9, 10, 11, 12, 13, 14, 15, 16, 17, 18, 19, 20, 21, 22, 23, 24, 25, 26, 27, 28, 29]","[1.1928669214248657, 1.240515947341919, 1.345875859260559, 1.1563891172409058, 1.2403643131256104, 1.2882680892944336, 1.2576545476913452, 1.1638113260269165, 1.2436673641204834, 1.2316895723342896, 1.1425122022628784, 1.3435693979263306, 1.2971148490905762, 1.2433408498764038, 1.2939643859863281, 1.1718720197677612, 1.2391923666000366, 1.1536153554916382, 1.2687407732009888, 1.2480641603469849, 1.1861045360565186, 1.3335192203521729, 1.254509449005127, 1.272681713104248, 1.3419499397277832, 1.3420125246047974, 1.2191020250320435, 1.266573190689087, 1.091333270072937, 1.2033015489578247]",sae,Pre-64
1,beta,43,0.094,0.4515364523902173,0.4432102910589974,0.4414190442416904,0.5,0.6060785767234989,0.6993728687916976,30,"[0, 1, 2, 3, 4, 5, 6, 7, 8, 9, 10, 11, 12, 13, 14, 15, 16, 17, 18, 19, 20, 21, 22, 23, 24, 25, 26, 27, 28, 29]","[1.5119165182113647, 1.5851870775222778, 1.561210036277771, 1.4583563804626465, 1.4933863878250122, 1.4325262308120728, 1.4633393287658691, 1.4502098560333252, 1.550227165222168, 1.4398155212402344, 1.4054621458053589, 1.5957398414611816, 1.5243756771087646, 1.4668657779693604, 1.466713547706604, 1.3543556928634644, 1.5523663759231567, 1.4503439664840698, 1.547135353088379, 1.5431488752365112, 1.4455511569976807, 1.458770990371704, 1.5840522050857544, 1.5165066719055176, 1.4394161701202393, 1.5202507972717285, 1.5867247581481934, 1.449992060661316, 1.5458097457885742, 1.5962661504745483]",sae,Pre-64
1,beta,10,0.088,0.4493907433353129,0.4390813823454372,0.4434245897635628,0.5,0.6232207829487961,0.676038609207363,30,"[0, 1, 2, 3, 4, 5, 6, 7, 8, 9, 10, 11, 12, 13, 14, 15, 16, 17, 18, 19, 20, 21, 22, 23, 24, 25, 26, 27, 28, 29]","[1.4010896682739258, 1.3123730421066284, 1.4759440422058105, 1.3991755247116089, 1.3919899463653564, 1.4031808376312256, 1.4912515878677368, 1.4177494049072266, 1.3011270761489868, 1.4479656219482422, 1.4082449674606323, 1.4284085035324097, 1.4246840476989746, 1.402377724647522, 1.4708572626113892, 1.424198031425476, 1.4340035915374756, 1.3449409008026123, 1.3980650901794434, 1.3593387603759766, 1.3795456886291504, 1.4084068536758423, 1.4670321941375732, 1.4716124534606934, 1.4038985967636108, 1.3452413082122803, 1.403943419456482, 1.4128787517547607, 1.4038801193237305, 1.4560054540634155]",sae,Pre-64
1,beta,36,0.135,0.4642138821845151,0.4576483090311837,0.4579295760560284,0.5,0.6031055233182893,0.6748450578237811,30,"[0, 1, 2, 3, 4, 5, 6, 7, 8, 9, 10, 11, 12, 13, 14, 15, 16, 17, 18, 19, 20, 21, 22, 23, 24, 25, 26, 27, 28, 29]","[1.357287883758545, 1.3295081853866577, 1.2969361543655396, 1.3476831912994385, 1.2341349124908447, 1.3707894086837769, 1.3095331192016602, 1.3441754579544067, 1.3813130855560303, 1.242510437965393, 1.2835352420806885, 1.3842689990997314, 1.2880213260650635, 1.3086351156234741, 1.3346812725067139, 1.3879051208496094, 1.3491227626800537, 1.324273705482483, 1.3785101175308228, 1.2830973863601685, 1.3329296112060547, 1.304850697517395, 1.3221445083618164, 1.2977867126464844, 1.3726820945739746, 1.3426055908203125, 1.3105456829071045, 1.3221632242202759, 1.3688737154006958, 1.278629183769226]",sae,Pre-64
1,beta,20,0.145,0.4408022875601419,0.4262939306313442,0.431989054490434,0.5,0.6176087118064704,0.648420241979612,30,"[0, 1, 2, 3, 4, 5, 6, 7, 8, 9, 10, 11, 12, 13, 14, 15, 16, 17, 18, 19, 20, 21, 22, 23, 24, 25, 26, 27, 28, 29]","[1.2500929832458496, 1.3254907131195068, 1.2713507413864136, 1.3530348539352417, 1.328535795211792, 1.3141192197799683, 1.3210554122924805, 1.2502796649932861, 1.3188480138778687, 1.2663354873657227, 1.272322654724121, 1.2619166374206543, 1.3569066524505615, 1.223318099975586, 1.253875970840454, 1.3558852672576904, 1.2393815517425537, 1.2567591667175293, 1.2979352474212646, 1.2922914028167725, 1.3005613088607788, 1.2274094820022583, 1.3189482688903809, 1.3661116361618042, 1.3229864835739136, 1.238455057144165, 1.2657796144485474, 1.3021169900894165, 1.2523497343063354, 1.3469953536987305]",sae,Pre-64
1,beta,38,0.16,0.4455661720406026,0.4298851252298221,0.4370301312025504,0.5,0.6303640517897944,0.6627341964965727,30,"[0, 1, 2, 3, 4, 5, 6, 7, 8, 9, 10, 11, 12, 13, 14, 15, 16, 17, 18, 19, 20, 21, 22, 23, 24, 25, 26, 27, 28, 29]","[1.3117421865463257, 1.2914036512374878, 1.3236817121505737, 1.3539584875106812, 1.3204165697097778, 1.2097123861312866, 1.3687803745269775, 1.326213002204895, 1.1809914112091064, 1.3389527797698975, 1.3193943500518799, 1.333648681640625, 1.3478758335113525, 1.313888669013977, 1.360243797302246, 1.2970681190490723, 1.3035376071929932, 1.3776367902755737, 1.2674036026000977, 1.3322957754135132, 1.310948371887207, 1.3206312656402588, 1.3704054355621338, 1.2746471166610718, 1.314677357673645, 1.3683604001998901, 1.266117811203003, 1.3733177185058594, 1.29937744140625, 1.3824301958084106]",sae,Pre-64
1,beta,30,0.165,0.4638407167611665,0.4544841508273655,0.4368581832465081,0.5,0.6043368975359404,0.6928306836614978,30,"[0, 1, 2, 3, 4, 5, 6, 7, 8, 9, 10, 11, 12, 13, 14, 15, 16, 17, 18, 19, 20, 21, 22, 23, 24, 25, 26, 27, 28, 29]","[1.3259916305541992, 1.2758888006210327, 1.3076640367507935, 1.2705127000808716, 1.2712318897247314, 1.2548086643218994, 1.272039532661438, 1.242796540260315, 1.2294766902923584, 1.247493863105774, 1.3289284706115723, 1.2334182262420654, 1.217260479927063, 1.239626407623291, 1.2973389625549316, 1.3118900060653687, 1.2546625137329102, 1.258467674255371, 1.333693504333496, 1.2575647830963135, 1.2345085144042969, 1.1888647079467773, 1.2716339826583862, 1.2593919038772583, 1.368887186050415, 1.2565889358520508, 1.2948347330093384, 1.2534407377243042, 1.3044943809509277, 1.2794710397720337]",sae,Pre-64
1,beta,9,0.092,0.448644851968101,0.4348910401892977,0.4491675140352814,0.5,0.6286670530281078,0.6738916256157634,30,"[0, 1, 2, 3, 4, 5, 6, 7, 8, 9, 10, 11, 12, 13, 14, 15, 16, 17, 18, 19, 20, 21, 22, 23, 24, 25, 26, 27, 28, 29]","[1.573988914489746, 1.4733299016952515, 1.5740628242492676, 1.5457524061203003, 1.4637593030929565, 1.304791808128357, 1.5546120405197144, 1.483276128768921, 1.5766985416412354, 1.4119718074798584, 1.5248894691467285, 1.4855338335037231, 1.4795538187026978, 1.5197824239730835, 1.5979992151260376, 1.4995102882385254, 1.464487910270691, 1.5538955926895142, 1.5847073793411255, 1.44329833984375, 1.5646998882293701, 1.5818486213684082, 1.4543815851211548, 1.5704306364059448, 1.5684038400650024, 1.561398983001709, 1.4098281860351562, 1.3877900838851929, 1.4599952697753906, 1.5922470092773438]",sae,Pre-64
1,beta,32,0.155,0.4555596844830426,0.4475674839123162,0.4655187818485291,0.5,0.5924839124839124,0.6294377642949072,30,"[0, 1, 2, 3, 4, 5, 6, 7, 8, 9, 10, 11, 12, 13, 14, 15, 16, 17, 18, 19, 20, 21, 22, 23, 24, 25, 26, 27, 28, 29]","[1.336664080619812, 1.2423213720321655, 1.3342945575714111, 1.2670718431472778, 1.2723166942596436, 1.3534449338912964, 1.2805250883102417, 1.2551912069320679, 1.2558341026306152, 1.2584912776947021, 1.254607915878296, 1.2474390268325806, 1.2788535356521606, 1.2006756067276, 1.1903163194656372, 1.2080509662628174, 1.2375881671905518, 1.276528239250183, 1.2216671705245972, 1.2598741054534912, 1.3403211832046509, 1.2590402364730835, 1.2087393999099731, 1.336324691772461, 1.2736412286758423, 1.2111060619354248, 1.3249776363372803, 1.129992127418518, 1.3438249826431274, 1.3356245756149292]",sae,Pre-64
1,beta,22,0.195,0.4519005213187685,0.4442985770479847,0.4398732190737021,0.5,0.5939599289403404,0.681375663243097,30,"[0, 1, 2, 3, 4, 5, 6, 7, 8, 9, 10, 11, 12, 13, 14, 15, 16, 17, 18, 19, 20, 21, 22, 23, 24, 25, 26, 27, 28, 29]","[1.2001973390579224, 1.2584913969039917, 1.2663501501083374, 1.2545040845870972, 1.3202189207077026, 1.2496652603149414, 1.220483660697937, 1.2352941036224365, 1.2040280103683472, 1.230913758277893, 1.2033936977386475, 1.309854507446289, 1.2640984058380127, 1.2951565980911255, 1.201741099357605, 1.2735679149627686, 1.287950038909912, 1.2768115997314453, 1.2033329010009766, 1.2154643535614014, 1.2783863544464111, 1.2752799987792969, 1.2837822437286377, 1.2452925443649292, 1.2505462169647217, 1.30818772315979, 1.2040120363235474, 1.208925485610962, 1.3407232761383057, 1.2065317630767822]",sae,Pre-64
1,beta,21,0.17,0.4504746503440228,0.4381370334360364,0.4349769318701341,0.5,0.6200058082774133,0.6869276684091498,30,"[0, 1, 2, 3, 4, 5, 6, 7, 8, 9, 10, 11, 12, 13, 14, 15, 16, 17, 18, 19, 20, 21, 22, 23, 24, 25, 26, 27, 28, 29]","[1.1804637908935547, 1.213007926940918, 1.3118103742599487, 1.3022531270980835, 1.2421875, 1.2580833435058594, 1.2122232913970947, 1.2140244245529175, 1.277492880821228, 1.2382099628448486, 1.3011356592178345, 1.2548595666885376, 1.1992079019546509, 1.2129366397857666, 1.2157222032546997, 1.2089606523513794, 1.2285187244415283, 1.2313235998153687, 1.1714141368865967, 1.3057178258895874, 1.183284878730774, 1.30588960647583, 1.1796588897705078, 1.175683856010437, 1.241145133972168, 1.1755239963531494, 1.1187962293624878, 1.21662437915802, 1.2830370664596558, 1.2479157447814941]",sae,Pre-64
1,beta,35,0.11,0.4566193215888805,0.4379483378046387,0.4310761121879663,0.5,0.637290178651746,0.7134765425879616,30,"[0, 1, 2, 3, 4, 5, 6, 7, 8, 9, 10, 11, 12, 13, 14, 15, 16, 17, 18, 19, 20, 21, 22, 23, 24, 25, 26, 27, 28, 29]","[1.3083653450012207, 1.3598740100860596, 1.4229803085327148, 1.3664215803146362, 1.3603159189224243, 1.3395315408706665, 1.2810697555541992, 1.4443062543869019, 1.4550210237503052, 1.3678148984909058, 1.415850043296814, 1.29628324508667, 1.3578044176101685, 1.2521497011184692, 1.3492908477783203, 1.304700255393982, 1.4290486574172974, 1.287437915802002, 1.3889914751052856, 1.2932783365249634, 1.3090213537216187, 1.3008421659469604, 1.3274385929107666, 1.2847084999084473, 1.328116774559021, 1.3602005243301392, 1.3276022672653198, 1.392745018005371, 1.4223450422286987, 1.3805863857269287]",sae,Pre-64
1,beta,4,0.155,0.4589558369307028,0.4477177462853796,0.4572898589542375,0.5,0.61034827708266,0.6590993736245134,30,"[0, 1, 2, 3, 4, 5, 6, 7, 8, 9, 10, 11, 12, 13, 14, 15, 16, 17, 18, 19, 20, 21, 22, 23, 24, 25, 26, 27, 28, 29]","[1.336962103843689, 1.3213971853256226, 1.2532795667648315, 1.3872994184494019, 1.2279373407363892, 1.2682785987854004, 1.304996132850647, 1.2537516355514526, 1.3433648347854614, 1.3642646074295044, 1.3416252136230469, 1.2750072479248047, 1.3871809244155884, 1.2855676412582397, 1.2501245737075806, 1.3341009616851807, 1.3359640836715698, 1.3101155757904053, 1.2700217962265015, 1.363753318786621, 1.3229913711547852, 1.3818886280059814, 1.3263903856277466, 1.2379459142684937, 1.3227342367172241, 1.2598706483840942, 1.2816989421844482, 1.2997450828552246, 1.366621494293213, 1.2442364692687988]",sae,Pre-64
1,beta,22,0.135,0.4519005213187685,0.4442985770479847,0.4419841190803594,0.5,0.5939599289403404,0.6814109577759738,30,"[0, 1, 2, 3, 4, 5, 6, 7, 8, 9, 10, 11, 12, 13, 14, 15, 16, 17, 18, 19, 20, 21, 22, 23, 24, 25, 26, 27, 28, 29]","[1.3099403381347656, 1.3616451025009155, 1.3736618757247925, 1.3754441738128662, 1.4270532131195068, 1.3407078981399536, 1.3387112617492676, 1.3300737142562866, 1.3150558471679688, 1.3494592905044556, 1.311983585357666, 1.4198983907699585, 1.3748449087142944, 1.4056233167648315, 1.296952486038208, 1.3889588117599487, 1.3986597061157227, 1.3711607456207275, 1.2965857982635498, 1.3180681467056274, 1.380574107170105, 1.3820840120315552, 1.38125741481781, 1.3440790176391602, 1.3699111938476562, 1.4151487350463867, 1.3108015060424805, 1.3099762201309204, 1.4524117708206177, 1.2967948913574219]",sae,Pre-64
1,beta,5,0.086,0.4445517550333296,0.4301735816232515,0.4290021285435528,0.5,0.6070910659257547,0.6831804004175444,30,"[0, 1, 2, 3, 4, 5, 6, 7, 8, 9, 10, 11, 12, 13, 14, 15, 16, 17, 18, 19, 20, 21, 22, 23, 24, 25, 26, 27, 28, 29]","[1.384326696395874, 1.2798904180526733, 1.2815366983413696, 1.3997886180877686, 1.3991678953170776, 1.3320103883743286, 1.3287419080734253, 1.310012698173523, 1.3702303171157837, 1.2915138006210327, 1.3803354501724243, 1.4013389348983765, 1.330544352531433, 1.3348278999328613, 1.4112529754638672, 1.3587491512298584, 1.3642879724502563, 1.3911161422729492, 1.2707171440124512, 1.3376294374465942, 1.413759469985962, 1.3413792848587036, 1.4099444150924683, 1.292149305343628, 1.3372876644134521, 1.4140818119049072, 1.2827168703079224, 1.3152307271957397, 1.39070463180542, 1.3389439582824707]",sae,Pre-64
1,beta,11,0.185,0.4566976193509867,0.4496008864727478,0.4327245195943158,0.5,0.5995106990682213,0.7104857306737837,30,"[0, 1, 2, 3, 4, 5, 6, 7, 8, 9, 10, 11, 12, 13, 14, 15, 16, 17, 18, 19, 20, 21, 22, 23, 24, 25, 26, 27, 28, 29]","[1.2979395389556885, 1.1092482805252075, 1.2588001489639282, 1.193386435508728, 1.3316701650619507, 1.193458080291748, 1.2174394130706787, 1.117950439453125, 1.3149114847183228, 1.3250977993011475, 1.3357666730880737, 1.3453619480133057, 1.3486754894256592, 1.2578564882278442, 1.2347792387008667, 1.197435975074768, 1.274157166481018, 1.2199288606643677, 1.253967523574829, 1.2987562417984009, 1.2801084518432617, 1.2917382717132568, 1.3296080827713013, 1.2591921091079712, 1.260061502456665, 1.3099833726882935, 1.3209177255630493, 1.205623984336853, 1.2519819736480713, 1.2333897352218628]",sae,Pre-64
1,beta,39,0.125,0.4461088087810431,0.4292341094433316,0.433207898676913,0.5,0.6205127278095635,0.6663970160675603,30,"[0, 1, 2, 3, 4, 5, 6, 7, 8, 9, 10, 11, 12, 13, 14, 15, 16, 17, 18, 19, 20, 21, 22, 23, 24, 25, 26, 27, 28, 29]","[1.216789722442627, 1.2662413120269775, 1.2169179916381836, 1.191361427307129, 1.1658670902252197, 1.2375099658966064, 1.2048193216323853, 1.2446726560592651, 1.1872131824493408, 1.2309067249298096, 1.2083320617675781, 1.1263306140899658, 1.233486294746399, 1.161293625831604, 1.230057716369629, 1.284445881843567, 1.2191259860992432, 1.2492444515228271, 1.174817681312561, 1.1100424528121948, 1.1900713443756104, 1.25040602684021, 1.146193504333496, 1.1577047109603882, 1.2477636337280273, 1.232393741607666, 1.0786936283111572, 1.1811984777450562, 1.2901850938796997, 1.1894276142120361]",sae,Pre-64
1,beta,33,0.18,0.4492211383258522,0.4377959816952598,0.4223402424961981,0.5,0.6165210074526608,0.6954138560095032,30,"[0, 1, 2, 3, 4, 5, 6, 7, 8, 9, 10, 11, 12, 13, 14, 15, 16, 17, 18, 19, 20, 21, 22, 23, 24, 25, 26, 27, 28, 29]","[1.1849273443222046, 1.2562428712844849, 1.2136778831481934, 1.194433331489563, 1.149998426437378, 1.2687307596206665, 1.1574212312698364, 1.2470797300338745, 1.2527871131896973, 1.2536271810531616, 1.1950736045837402, 1.2495068311691284, 1.1756917238235474, 1.1588196754455566, 1.1325362920761108, 1.2413465976715088, 1.1629266738891602, 1.1944456100463867, 1.2464298009872437, 1.2438013553619385, 1.1899774074554443, 1.159067153930664, 1.2561681270599365, 1.2361953258514404, 1.2687146663665771, 1.1437739133834839, 1.1919195652008057, 1.171987533569336, 1.145799160003662, 1.191154956817627]",sae,Pre-64
1,beta,16,0.165,0.4519396108125126,0.4401978349795346,0.4284860633800419,0.5,0.6159012314439947,0.7162377096587623,30,"[0, 1, 2, 3, 4, 5, 6, 7, 8, 9, 10, 11, 12, 13, 14, 15, 16, 17, 18, 19, 20, 21, 22, 23, 24, 25, 26, 27, 28, 29]","[1.1816694736480713, 1.1550066471099854, 1.1471236944198608, 1.2204824686050415, 1.2079986333847046, 1.1651155948638916, 1.2193892002105713, 1.2029975652694702, 1.166879653930664, 1.2151671648025513, 1.2106817960739136, 1.1998674869537354, 1.1620985269546509, 1.187072515487671, 1.0927437543869019, 1.1479166746139526, 1.2300546169281006, 1.0668529272079468, 1.171993374824524, 1.198073387145996, 1.2465910911560059, 1.2222034931182861, 1.2204906940460205, 1.217333436012268, 1.1057511568069458, 1.1924922466278076, 1.110181450843811, 1.1703381538391113, 1.1250032186508179, 1.1530139446258545]",sae,Pre-64
1,beta,46,0.155,0.4545712902572906,0.4417269056853911,0.4477428572195218,0.5,0.6270377926330811,0.6861824293981036,30,"[0, 1, 2, 3, 4, 5, 6, 7, 8, 9, 10, 11, 12, 13, 14, 15, 16, 17, 18, 19, 20, 21, 22, 23, 24, 25, 26, 27, 28, 29]","[1.2618727684020996, 1.3467355966567993, 1.3526127338409424, 1.3519927263259888, 1.2790392637252808, 1.3884109258651733, 1.2839432954788208, 1.3768508434295654, 1.3342334032058716, 1.4161378145217896, 1.1583114862442017, 1.2712215185165405, 1.4052143096923828, 1.2628686428070068, 1.3261785507202148, 1.388200044631958, 1.3397616147994995, 1.3566827774047852, 1.3817074298858643, 1.3911772966384888, 1.308288812637329, 1.319118618965149, 1.3540740013122559, 1.341510534286499, 1.3632739782333374, 1.3644778728485107, 1.333790898323059, 1.3891441822052002, 1.3220511674880981, 1.3370912075042725]",sae,Pre-64
1,beta,27,0.115,0.4609757262074365,0.4537266978541116,0.4565995614781991,0.5,0.5914172664146189,0.6600972891346714,30,"[0, 1, 2, 3, 4, 5, 6, 7, 8, 9, 10, 11, 12, 13, 14, 15, 16, 17, 18, 19, 20, 21, 22, 23, 24, 25, 26, 27, 28, 29]","[1.4047315120697021, 1.4576594829559326, 1.4107164144515991, 1.3877732753753662, 1.4432371854782104, 1.3529586791992188, 1.4546656608581543, 1.3187777996063232, 1.4006068706512451, 1.4095031023025513, 1.3420038223266602, 1.4534094333648682, 1.3880305290222168, 1.345099925994873, 1.3918172121047974, 1.3074125051498413, 1.3714783191680908, 1.4217453002929688, 1.3730436563491821, 1.3785312175750732, 1.452284812927246, 1.4218478202819824, 1.3502858877182007, 1.2964601516723633, 1.3823045492172241, 1.4601655006408691, 1.3643877506256104, 1.4236323833465576, 1.3103282451629639, 1.3979499340057373]",sae,Pre-64
1,beta,39,0.185,0.4461088087810431,0.4292341094433316,0.433207898676913,0.5,0.6205127278095635,0.6663970160675603,30,"[0, 1, 2, 3, 4, 5, 6, 7, 8, 9, 10, 11, 12, 13, 14, 15, 16, 17, 18, 19, 20, 21, 22, 23, 24, 25, 26, 27, 28, 29]","[1.2167671918869019, 1.266218900680542, 1.216895580291748, 1.1913390159606934, 1.1658446788787842, 1.237487554550171, 1.2047967910766602, 1.24465012550354, 1.1871906518936157, 1.230884313583374, 1.2083096504211426, 1.1263082027435303, 1.233464002609253, 1.1612712144851685, 1.230035424232483, 1.2844234704971313, 1.219103455543518, 1.249221920967102, 1.174795150756836, 1.1100200414657593, 1.1900489330291748, 1.2503836154937744, 1.146170973777771, 1.1576822996139526, 1.2477412223815918, 1.2323713302612305, 1.0786710977554321, 1.1811760663986206, 1.2901628017425537, 1.1894053220748901]",sae,Pre-64
1,beta,12,0.15,0.4455148672091349,0.4361346773072694,0.4118560084478128,0.5,0.5892778403611032,0.7320488430394618,30,"[0, 1, 2, 3, 4, 5, 6, 7, 8, 9, 10, 11, 12, 13, 14, 15, 16, 17, 18, 19, 20, 21, 22, 23, 24, 25, 26, 27, 28, 29]","[1.3627634048461914, 1.470406174659729, 1.3795478343963623, 1.2793179750442505, 1.4676486253738403, 1.403462529182434, 1.3970428705215454, 1.4491698741912842, 1.484498143196106, 1.355506181716919, 1.3573708534240723, 1.525698184967041, 1.3837945461273193, 1.4562699794769287, 1.3414944410324097, 1.5294064283370972, 1.313949465751648, 1.5078790187835693, 1.4293104410171509, 1.521988034248352, 1.4856529235839844, 1.4322172403335571, 1.383736491203308, 1.52806556224823, 1.5056017637252808, 1.3743417263031006, 1.5060935020446777, 1.4511264562606812, 1.4046317338943481, 1.5365740060806274]",sae,Pre-64
1,beta,15,0.094,0.4529015220185267,0.4424399871594601,0.4354277648910712,0.5,0.6161071485640408,0.7111259605746744,30,"[0, 1, 2, 3, 4, 5, 6, 7, 8, 9, 10, 11, 12, 13, 14, 15, 16, 17, 18, 19, 20, 21, 22, 23, 24, 25, 26, 27, 28, 29]","[1.3973755836486816, 1.3678539991378784, 1.4089622497558594, 1.4089311361312866, 1.4835236072540283, 1.3797063827514648, 1.3743304014205933, 1.3985862731933594, 1.457018256187439, 1.4547687768936157, 1.442873239517212, 1.3575853109359741, 1.5162732601165771, 1.459839105606079, 1.3505923748016357, 1.425984263420105, 1.363755226135254, 1.5093717575073242, 1.3484604358673096, 1.4155486822128296, 1.5023850202560425, 1.469589114189148, 1.3907324075698853, 1.4288642406463623, 1.3982807397842407, 1.280591607093811, 1.4719631671905518, 1.5165889263153076, 1.4139072895050049, 1.4101074934005737]",sae,Pre-64
1,beta,9,0.135,0.448644851968101,0.4348910401892977,0.4421534838583524,0.5,0.6286670530281078,0.6714589973920602,30,"[0, 1, 2, 3, 4, 5, 6, 7, 8, 9, 10, 11, 12, 13, 14, 15, 16, 17, 18, 19, 20, 21, 22, 23, 24, 25, 26, 27, 28, 29]","[1.3257956504821777, 1.2613987922668457, 1.345739483833313, 1.3235151767730713, 1.2631189823150635, 1.1273850202560425, 1.3195399045944214, 1.2443392276763916, 1.3238062858581543, 1.2057315111160278, 1.3132401704788208, 1.267521619796753, 1.2722370624542236, 1.311775803565979, 1.3581854104995728, 1.2802382707595825, 1.2421600818634033, 1.3337664604187012, 1.344563603401184, 1.2416043281555176, 1.3310190439224243, 1.3394982814788818, 1.2447713613510132, 1.3303923606872559, 1.345893383026123, 1.3298274278640747, 1.1971474885940552, 1.1422007083892822, 1.259158730506897, 1.3467037677764893]",sae,Pre-64
1,beta,18,0.155,0.4575117633693479,0.4471831599677374,0.4182839141236465,0.5,0.6052065040104606,0.7279783219994782,30,"[0, 1, 2, 3, 4, 5, 6, 7, 8, 9, 10, 11, 12, 13, 14, 15, 16, 17, 18, 19, 20, 21, 22, 23, 24, 25, 26, 27, 28, 29]","[1.08156156539917, 1.1808451414108276, 1.2274887561798096, 1.1775970458984375, 1.1839946508407593, 1.1783868074417114, 1.302558422088623, 1.1474957466125488, 1.2003755569458008, 1.1137614250183105, 1.279771089553833, 1.1947054862976074, 1.217077374458313, 1.243087649345398, 1.1674503087997437, 1.1044795513153076, 1.2428091764450073, 1.1572407484054565, 1.1403177976608276, 1.0754040479660034, 1.2844663858413696, 1.1361045837402344, 1.2445805072784424, 1.2017990350723267, 1.1962649822235107, 1.1700507402420044, 1.2117968797683716, 1.2385376691818237, 1.2291908264160156, 1.181313395500183]",sae,Pre-64
1,beta,43,0.14,0.4515364523902173,0.4432102910589974,0.4367041160574707,0.5,0.6060785767234989,0.6985174203113418,30,"[0, 1, 2, 3, 4, 5, 6, 7, 8, 9, 10, 11, 12, 13, 14, 15, 16, 17, 18, 19, 20, 21, 22, 23, 24, 25, 26, 27, 28, 29]","[1.3271082639694214, 1.4149490594863892, 1.3459875583648682, 1.2824175357818604, 1.3211677074432373, 1.2554389238357544, 1.2988406419754028, 1.2781296968460083, 1.378525972366333, 1.2775797843933105, 1.2396830320358276, 1.3851900100708008, 1.3296177387237549, 1.2794138193130493, 1.2763149738311768, 1.1868494749069214, 1.365707516670227, 1.2923917770385742, 1.3637558221817017, 1.3494360446929932, 1.2760227918624878, 1.2768336534500122, 1.3725824356079102, 1.3486294746398926, 1.2456443309783936, 1.3613946437835693, 1.389410376548767, 1.2853208780288696, 1.3616539239883423, 1.3977001905441284]",sae,Pre-64
1,beta,5,0.12,0.4445517550333296,0.4301735816232515,0.4289846914856757,0.5,0.6070910659257547,0.6831678990892782,30,"[0, 1, 2, 3, 4, 5, 6, 7, 8, 9, 10, 11, 12, 13, 14, 15, 16, 17, 18, 19, 20, 21, 22, 23, 24, 25, 26, 27, 28, 29]","[1.3470919132232666, 1.2481192350387573, 1.2505426406860352, 1.3663806915283203, 1.3651487827301025, 1.2969626188278198, 1.2969567775726318, 1.2785907983779907, 1.3367053270339966, 1.264196753501892, 1.3502923250198364, 1.3685903549194336, 1.2972742319107056, 1.3006329536437988, 1.379001259803772, 1.3229963779449463, 1.3280041217803955, 1.3554847240447998, 1.2376981973648071, 1.3039331436157227, 1.3802481889724731, 1.3111428022384644, 1.3728584051132202, 1.2613749504089355, 1.302648663520813, 1.3790597915649414, 1.2478344440460205, 1.2794843912124634, 1.3582502603530884, 1.304283618927002]",sae,Pre-64
1,beta,1,0.14,0.4560357198099471,0.4497423189216591,0.4462849890191217,0.5,0.5964054457666336,0.6820253104783491,30,"[0, 1, 2, 3, 4, 5, 6, 7, 8, 9, 10, 11, 12, 13, 14, 15, 16, 17, 18, 19, 20, 21, 22, 23, 24, 25, 26, 27, 28, 29]","[1.4077919721603394, 1.3085072040557861, 1.3614225387573242, 1.24844229221344, 1.3441284894943237, 1.2712187767028809, 1.2791402339935303, 1.3460404872894287, 1.252384901046753, 1.3083432912826538, 1.3070365190505981, 1.3498882055282593, 1.4007083177566528, 1.277687668800354, 1.3980809450149536, 1.2297078371047974, 1.2529605627059937, 1.3072625398635864, 1.3781827688217163, 1.4086332321166992, 1.3973106145858765, 1.3580070734024048, 1.3324527740478516, 1.3028866052627563, 1.2701903581619263, 1.2939749956130981, 1.3224161863327026, 1.3276013135910034, 1.4099329710006714, 1.3323109149932861]",sae,Pre-64
1,beta,44,0.165,0.4469012312759677,0.43811650775401,0.4536121643512555,0.5,0.5982762074796864,0.621543429201063,30,"[0, 1, 2, 3, 4, 5, 6, 7, 8, 9, 10, 11, 12, 13, 14, 15, 16, 17, 18, 19, 20, 21, 22, 23, 24, 25, 26, 27, 28, 29]","[1.3490911722183228, 1.3528660535812378, 1.2970064878463745, 1.3264268636703491, 1.3424699306488037, 1.3989540338516235, 1.3753598928451538, 1.2945700883865356, 1.3620166778564453, 1.4128350019454956, 1.3416497707366943, 1.3179457187652588, 1.3472450971603394, 1.3139872550964355, 1.4160442352294922, 1.4150453805923462, 1.283997893333435, 1.1920301914215088, 1.357620120048523, 1.3443918228149414, 1.316219449043274, 1.290899395942688, 1.3370405435562134, 1.3449692726135254, 1.4006989002227783, 1.300249695777893, 1.3216513395309448, 1.3444870710372925, 1.3397287130355835, 1.3585243225097656]",sae,Pre-64
1,beta,2,0.165,0.4419681213812466,0.4306250660512843,0.4211244971775349,0.5,0.6028191218064636,0.6885838317800342,30,"[0, 1, 2, 3, 4, 5, 6, 7, 8, 9, 10, 11, 12, 13, 14, 15, 16, 17, 18, 19, 20, 21, 22, 23, 24, 25, 26, 27, 28, 29]","[1.1775908470153809, 1.1915361881256104, 1.1720216274261475, 1.2240647077560425, 1.1620758771896362, 1.2321152687072754, 1.203011155128479, 1.196857213973999, 1.148403525352478, 1.1551340818405151, 1.1785157918930054, 1.162481665611267, 1.1972612142562866, 1.2313940525054932, 1.221024513244629, 1.1849243640899658, 1.2126755714416504, 1.2674710750579834, 1.2569128274917603, 1.2426116466522217, 1.1858526468276978, 1.1857519149780273, 1.2300516366958618, 1.2205616235733032, 1.1919753551483154, 1.1700220108032227, 1.215835690498352, 1.2082995176315308, 1.0475140810012817, 1.2580429315567017]",sae,Pre-64
1,beta,38,0.088,0.4455661720406026,0.4298851252298221,0.4370787840801309,0.5,0.6303640517897944,0.6627174409748666,30,"[0, 1, 2, 3, 4, 5, 6, 7, 8, 9, 10, 11, 12, 13, 14, 15, 16, 17, 18, 19, 20, 21, 22, 23, 24, 25, 26, 27, 28, 29]","[1.3137401342391968, 1.2934082746505737, 1.3256773948669434, 1.3559551239013672, 1.3224245309829712, 1.2117254734039307, 1.370779037475586, 1.3282114267349243, 1.1829900741577148, 1.3409600257873535, 1.3213905096054077, 1.3356443643569946, 1.3498730659484863, 1.3158899545669556, 1.3622386455535889, 1.299072027206421, 1.3055459260940552, 1.3796346187591553, 1.269400715827942, 1.3343011140823364, 1.3129559755325317, 1.3226417303085327, 1.3724002838134766, 1.2766454219818115, 1.3166868686676025, 1.370357871055603, 1.2681183815002441, 1.3753223419189453, 1.3013827800750732, 1.3844341039657593]",sae,Pre-64
1,beta,34,0.145,0.4568527557813058,0.4470225010708758,0.4459557989705994,0.5,0.6011606799053854,0.6769884858468851,30,"[0, 1, 2, 3, 4, 5, 6, 7, 8, 9, 10, 11, 12, 13, 14, 15, 16, 17, 18, 19, 20, 21, 22, 23, 24, 25, 26, 27, 28, 29]","[1.3123549222946167, 1.3956423997879028, 1.3987163305282593, 1.348210334777832, 1.308089017868042, 1.3132904767990112, 1.3500438928604126, 1.2639824151992798, 1.2845933437347412, 1.3177485466003418, 1.3707282543182373, 1.1764862537384033, 1.3783774375915527, 1.2655161619186401, 1.278982162475586, 1.3076680898666382, 1.3919063806533813, 1.413962721824646, 1.3287297487258911, 1.3050928115844727, 1.330631136894226, 1.4131933450698853, 1.345234990119934, 1.3621348142623901, 1.309289574623108, 1.253320336341858, 1.427156925201416, 1.4086676836013794, 1.3996375799179077, 1.3791284561157227]",sae,Pre-64
1,beta,33,0.086,0.4492211383258522,0.4377959816952598,0.4270813891513891,0.5,0.6165210074526608,0.6947873799725652,30,"[0, 1, 2, 3, 4, 5, 6, 7, 8, 9, 10, 11, 12, 13, 14, 15, 16, 17, 18, 19, 20, 21, 22, 23, 24, 25, 26, 27, 28, 29]","[1.3340542316436768, 1.409981369972229, 1.3667795658111572, 1.34224271774292, 1.2991256713867188, 1.4319865703582764, 1.2910711765289307, 1.4034080505371094, 1.4092262983322144, 1.4075939655303955, 1.3528703451156616, 1.4102894067764282, 1.3524470329284668, 1.3107118606567383, 1.307381510734558, 1.4004300832748413, 1.323628306388855, 1.3310188055038452, 1.4117350578308105, 1.4082289934158325, 1.3381891250610352, 1.2909331321716309, 1.4275997877120972, 1.3821552991867065, 1.4261208772659302, 1.311574935913086, 1.3304991722106934, 1.3133838176727295, 1.2787606716156006, 1.3354785442352295]",sae,Pre-64
1,beta,33,0.12,0.4492211383258522,0.4377959816952598,0.4270653216898098,0.5,0.6165210074526608,0.694797279142449,30,"[0, 1, 2, 3, 4, 5, 6, 7, 8, 9, 10, 11, 12, 13, 14, 15, 16, 17, 18, 19, 20, 21, 22, 23, 24, 25, 26, 27, 28, 29]","[1.3319233655929565, 1.4078491926193237, 1.3646423816680908, 1.3401196002960205, 1.2969990968704224, 1.4298603534698486, 1.288926362991333, 1.4012806415557861, 1.4070942401885986, 1.4054638147354126, 1.3507410287857056, 1.4081628322601318, 1.3503291606903076, 1.3085874319076538, 1.305267095565796, 1.3983023166656494, 1.321501612663269, 1.3288788795471191, 1.4096087217330933, 1.4061046838760376, 1.336055874824524, 1.2887873649597168, 1.4254803657531738, 1.3800177574157715, 1.4239901304244995, 1.309454083442688, 1.3283597230911255, 1.3112547397613525, 1.2766199111938477, 1.3333508968353271]",sae,Pre-64
1,beta,0,0.094,0.4600628296558519,0.4487196928272481,0.4324387124082217,0.5,0.6146148452673732,0.7223634159658945,30,"[0, 1, 2, 3, 4, 5, 6, 7, 8, 9, 10, 11, 12, 13, 14, 15, 16, 17, 18, 19, 20, 21, 22, 23, 24, 25, 26, 27, 28, 29]","[1.3873757123947144, 1.4309698343276978, 1.4081286191940308, 1.461669921875, 1.381445288658142, 1.405187726020813, 1.4526747465133667, 1.4833126068115234, 1.466425895690918, 1.4111942052841187, 1.4025371074676514, 1.4177212715148926, 1.478927731513977, 1.4622882604599, 1.4790858030319214, 1.4278995990753174, 1.4391186237335205, 1.362350344657898, 1.3123267889022827, 1.4624167680740356, 1.383252739906311, 1.3703190088272095, 1.4621790647506714, 1.405352234840393, 1.380334496498108, 1.3436734676361084, 1.4678146839141846, 1.3528250455856323, 1.4608685970306396, 1.345027208328247]",sae,Pre-64
1,beta,16,0.09,0.4519396108125126,0.4401978349795346,0.4306535611418524,0.5,0.6159012314439947,0.7167618565644882,30,"[0, 1, 2, 3, 4, 5, 6, 7, 8, 9, 10, 11, 12, 13, 14, 15, 16, 17, 18, 19, 20, 21, 22, 23, 24, 25, 26, 27, 28, 29]","[1.2739934921264648, 1.2371257543563843, 1.242197871208191, 1.3210506439208984, 1.3135032653808594, 1.2561020851135254, 1.3193206787109375, 1.2956470251083374, 1.2666250467300415, 1.3213670253753662, 1.3217989206314087, 1.305270791053772, 1.261282205581665, 1.2822978496551514, 1.2006502151489258, 1.2506738901138306, 1.330318570137024, 1.1568360328674316, 1.2679673433303833, 1.3027989864349365, 1.3511555194854736, 1.3188095092773438, 1.3244844675064087, 1.3150546550750732, 1.2047849893569946, 1.2936071157455444, 1.2154309749603271, 1.269982099533081, 1.226323127746582, 1.2500553131103516]",sae,Pre-64
1,beta,10,0.1,0.4493907433353129,0.4390813823454372,0.4433996711601549,0.5,0.6232207829487961,0.6760314327747676,30,"[0, 1, 2, 3, 4, 5, 6, 7, 8, 9, 10, 11, 12, 13, 14, 15, 16, 17, 18, 19, 20, 21, 22, 23, 24, 25, 26, 27, 28, 29]","[1.3993189334869385, 1.3106024265289307, 1.4741764068603516, 1.3973937034606934, 1.3902055025100708, 1.4013996124267578, 1.4894790649414062, 1.4159644842147827, 1.2993439435958862, 1.4461866617202759, 1.4064629077911377, 1.4266256093978882, 1.4229075908660889, 1.4006141424179077, 1.4690793752670288, 1.4224133491516113, 1.4322205781936646, 1.3431476354599, 1.3962881565093994, 1.3575584888458252, 1.3777657747268677, 1.406633734703064, 1.4652475118637085, 1.469838261604309, 1.4021427631378174, 1.3434447050094604, 1.4021589756011963, 1.4110965728759766, 1.402099609375, 1.4542423486709595]",sae,Pre-64
1,beta,0,0.175,0.4600628296558519,0.4487196928272481,0.4296173038364927,0.5,0.6146148452673732,0.7222128431045994,30,"[0, 1, 2, 3, 4, 5, 6, 7, 8, 9, 10, 11, 12, 13, 14, 15, 16, 17, 18, 19, 20, 21, 22, 23, 24, 25, 26, 27, 28, 29]","[1.252151370048523, 1.2945539951324463, 1.2679835557937622, 1.3125728368759155, 1.2382476329803467, 1.269110083580017, 1.3000767230987549, 1.3345272541046143, 1.3146249055862427, 1.2846050262451172, 1.268833875656128, 1.274848222732544, 1.321001410484314, 1.3078995943069458, 1.3246980905532837, 1.268970012664795, 1.2897248268127441, 1.229995846748352, 1.1560977697372437, 1.3085646629333496, 1.2396444082260132, 1.2363570928573608, 1.3174796104431152, 1.2606043815612793, 1.2515175342559814, 1.1967414617538452, 1.3206576108932495, 1.2207927703857422, 1.3029251098632812, 1.212246060371399]",sae,Pre-64
1,beta,38,0.1,0.4455661720406026,0.4298851252298221,0.4370706699610915,0.5,0.6303640517897944,0.6627220106626046,30,"[0, 1, 2, 3, 4, 5, 6, 7, 8, 9, 10, 11, 12, 13, 14, 15, 16, 17, 18, 19, 20, 21, 22, 23, 24, 25, 26, 27, 28, 29]","[1.313407063484192, 1.293074131011963, 1.3253449201583862, 1.3556222915649414, 1.3220899105072021, 1.2113900184631348, 1.3704458475112915, 1.3278782367706299, 1.1826568841934204, 1.340625524520874, 1.321057677268982, 1.3353116512298584, 1.34954035282135, 1.315556287765503, 1.3619062900543213, 1.29873788356781, 1.3052111864089966, 1.37930166721344, 1.2690680027008057, 1.3339669704437256, 1.3126211166381836, 1.3223063945770264, 1.3720676898956299, 1.2763121128082275, 1.3163522481918335, 1.3700249195098877, 1.267784833908081, 1.374988317489624, 1.3010486364364624, 1.3840999603271484]",sae,Pre-64
1,beta,24,0.16,0.4501416387440968,0.4383559369047743,0.44621284551913,0.5,0.6188330126613704,0.6402665714995035,30,"[0, 1, 2, 3, 4, 5, 6, 7, 8, 9, 10, 11, 12, 13, 14, 15, 16, 17, 18, 19, 20, 21, 22, 23, 24, 25, 26, 27, 28, 29]","[1.3196169137954712, 1.2653321027755737, 1.2815622091293335, 1.3330283164978027, 1.3406239748001099, 1.2786993980407715, 1.2762349843978882, 1.2773231267929077, 1.2991491556167603, 1.1684006452560425, 1.3037643432617188, 1.2518459558486938, 1.3239710330963135, 1.327697515487671, 1.2726153135299683, 1.251855731010437, 1.344136357307434, 1.1437028646469116, 1.2578767538070679, 1.3454947471618652, 1.3234165906906128, 1.3342341184616089, 1.2766408920288086, 1.2994065284729004, 1.243534803390503, 1.2044302225112915, 1.2901819944381714, 1.2484723329544067, 1.3461359739303589, 1.2671705484390259]",sae,Pre-64
1,beta,44,0.09,0.4469012312759677,0.43811650775401,0.4572453119799945,0.5,0.5982762074796864,0.6215419561259302,30,"[0, 1, 2, 3, 4, 5, 6, 7, 8, 9, 10, 11, 12, 13, 14, 15, 16, 17, 18, 19, 20, 21, 22, 23, 24, 25, 26, 27, 28, 29]","[1.3522436618804932, 1.3560248613357544, 1.3001455068588257, 1.329563856124878, 1.3456326723098755, 1.402104377746582, 1.3784968852996826, 1.2977325916290283, 1.365173578262329, 1.4159724712371826, 1.3448094129562378, 1.3210883140563965, 1.3504027128219604, 1.317138433456421, 1.4191933870315552, 1.418190360069275, 1.2871556282043457, 1.19516921043396, 1.3607754707336426, 1.3475425243377686, 1.3193622827529907, 1.294043779373169, 1.340194821357727, 1.3481351137161255, 1.4038490056991577, 1.303398847579956, 1.3247848749160767, 1.3476461172103882, 1.342879056930542, 1.3616782426834106]",sae,Pre-64
1,beta,10,0.16,0.4493907433353129,0.4390813823454372,0.4401185317394354,0.5,0.6232207829487961,0.6757730812013348,30,"[0, 1, 2, 3, 4, 5, 6, 7, 8, 9, 10, 11, 12, 13, 14, 15, 16, 17, 18, 19, 20, 21, 22, 23, 24, 25, 26, 27, 28, 29]","[1.286839246749878, 1.2120413780212402, 1.3599367141723633, 1.2962634563446045, 1.2907655239105225, 1.3104523420333862, 1.3932276964187622, 1.3175479173660278, 1.1983920335769653, 1.3370797634124756, 1.3077400922775269, 1.3257691860198975, 1.3155099153518677, 1.2984223365783691, 1.379984736442566, 1.3191136121749878, 1.3277785778045654, 1.2529232501983643, 1.287103533744812, 1.2621742486953735, 1.2768301963806152, 1.2916510105133057, 1.3612490892410278, 1.3607434034347534, 1.2743815183639526, 1.2551696300506592, 1.3014414310455322, 1.3185720443725586, 1.2976645231246948, 1.3356940746307373]",sae,Pre-64
1,beta,17,0.13,0.4599327030141671,0.4513468217402507,0.4415858924376672,0.5,0.6120635717004715,0.6984486276545939,30,"[0, 1, 2, 3, 4, 5, 6, 7, 8, 9, 10, 11, 12, 13, 14, 15, 16, 17, 18, 19, 20, 21, 22, 23, 24, 25, 26, 27, 28, 29]","[1.3964377641677856, 1.2817727327346802, 1.3067089319229126, 1.3450419902801514, 1.398185133934021, 1.2853142023086548, 1.3571743965148926, 1.2299147844314575, 1.3163853883743286, 1.31516695022583, 1.372855305671692, 1.3816065788269043, 1.3306443691253662, 1.3859338760375977, 1.325630784034729, 1.3377628326416016, 1.403576374053955, 1.327757477760315, 1.3695119619369507, 1.3377487659454346, 1.2604933977127075, 1.3417741060256958, 1.1978583335876465, 1.3164372444152832, 1.308006763458252, 1.3044500350952148, 1.2968944311141968, 1.3274487257003784, 1.2820289134979248, 1.3746583461761475]",sae,Pre-64
1,beta,11,0.125,0.4566976193509867,0.4496008864727478,0.434399020264989,0.5,0.5995106990682213,0.7099458023130589,30,"[0, 1, 2, 3, 4, 5, 6, 7, 8, 9, 10, 11, 12, 13, 14, 15, 16, 17, 18, 19, 20, 21, 22, 23, 24, 25, 26, 27, 28, 29]","[1.338973045349121, 1.147842526435852, 1.3001097440719604, 1.228492021560669, 1.3739343881607056, 1.2402245998382568, 1.2553781270980835, 1.1506539583206177, 1.3611359596252441, 1.3644955158233643, 1.3794887065887451, 1.3872151374816895, 1.3898200988769531, 1.2964715957641602, 1.2704612016677856, 1.2412972450256348, 1.3111804723739624, 1.2574803829193115, 1.2913792133331299, 1.339159607887268, 1.311834692955017, 1.328204870223999, 1.37223482131958, 1.295789122581482, 1.2992019653320312, 1.3507174253463745, 1.3657166957855225, 1.247047781944275, 1.2873497009277344, 1.269187569618225]",sae,Pre-64
1,beta,15,0.14,0.4529015220185267,0.4424399871594601,0.4320229093219047,0.5,0.6161071485640408,0.7104417554002819,30,"[0, 1, 2, 3, 4, 5, 6, 7, 8, 9, 10, 11, 12, 13, 14, 15, 16, 17, 18, 19, 20, 21, 22, 23, 24, 25, 26, 27, 28, 29]","[1.230312466621399, 1.1850665807724, 1.2193089723587036, 1.2416170835494995, 1.2631380558013916, 1.2153120040893555, 1.2052173614501953, 1.227290391921997, 1.261386752128601, 1.278694748878479, 1.2499208450317383, 1.1830999851226807, 1.310271978378296, 1.2770133018493652, 1.198613166809082, 1.2444581985473633, 1.2043653726577759, 1.2922453880310059, 1.1802078485488892, 1.2538572549819946, 1.310300350189209, 1.2841740846633911, 1.2272294759750366, 1.2572517395019531, 1.1928638219833374, 1.1093716621398926, 1.268947720527649, 1.317305564880371, 1.2302100658416748, 1.2437894344329834]",sae,Pre-64
1,beta,49,0.145,0.462130925118617,0.4524487678230295,0.4490185664751919,0.5,0.6141152509743157,0.6819747206179274,30,"[0, 1, 2, 3, 4, 5, 6, 7, 8, 9, 10, 11, 12, 13, 14, 15, 16, 17, 18, 19, 20, 21, 22, 23, 24, 25, 26, 27, 28, 29]","[1.2770373821258545, 1.3229594230651855, 1.321597695350647, 1.3052089214324951, 1.2488881349563599, 1.2861827611923218, 1.3557865619659424, 1.2596359252929688, 1.3756821155548096, 1.3366528749465942, 1.2792351245880127, 1.271233320236206, 1.328166127204895, 1.328547477722168, 1.35903000831604, 1.3076242208480835, 1.4027215242385864, 1.383018970489502, 1.25190007686615, 1.3353811502456665, 1.3752143383026123, 1.292578101158142, 1.3821661472320557, 1.3235878944396973, 1.2896913290023804, 1.327365756034851, 1.3249088525772095, 1.2916810512542725, 1.20902419090271, 1.2838983535766602]",sae,Pre-64
1,beta,42,0.175,0.4546678683050885,0.4407690563496341,0.4428930813379247,0.5,0.6336081445133979,0.6603511208928656,30,"[0, 1, 2, 3, 4, 5, 6, 7, 8, 9, 10, 11, 12, 13, 14, 15, 16, 17, 18, 19, 20, 21, 22, 23, 24, 25, 26, 27, 28, 29]","[1.2767118215560913, 1.1509020328521729, 1.2741888761520386, 1.2517021894454956, 1.16533625125885, 1.2553739547729492, 1.1647206544876099, 1.148014783859253, 1.1693377494812012, 1.2613091468811035, 1.2386943101882935, 1.2795376777648926, 1.1614588499069214, 1.0049147605895996, 1.2809103727340698, 1.1924101114273071, 1.141250491142273, 1.1302461624145508, 1.240049958229065, 1.2147595882415771, 1.1706880331039429, 1.1570767164230347, 1.171014428138733, 1.1616032123565674, 1.189007043838501, 1.1533206701278687, 1.2752232551574707, 1.16252863407135, 1.2145106792449951, 1.1530125141143799]",sae,Pre-64
1,beta,49,0.095,0.462130925118617,0.4524487678230295,0.4490417795305316,0.5,0.6141152509743157,0.6833826360520261,30,"[0, 1, 2, 3, 4, 5, 6, 7, 8, 9, 10, 11, 12, 13, 14, 15, 16, 17, 18, 19, 20, 21, 22, 23, 24, 25, 26, 27, 28, 29]","[1.3337846994400024, 1.384973168373108, 1.3824979066848755, 1.3673818111419678, 1.3140465021133423, 1.34595787525177, 1.4236434698104858, 1.3278700113296509, 1.452846646308899, 1.401352047920227, 1.352729320526123, 1.3331187963485718, 1.4000093936920166, 1.3900678157806396, 1.4313358068466187, 1.3774088621139526, 1.469568133354187, 1.4552415609359741, 1.3187562227249146, 1.4022067785263062, 1.4450486898422241, 1.3558577299118042, 1.4515399932861328, 1.385509967803955, 1.347949743270874, 1.3916192054748535, 1.387693166732788, 1.348271131515503, 1.2824146747589111, 1.348745584487915]",sae,Pre-64
1,beta,21,0.11,0.4504746503440228,0.4381370334360364,0.4377836772299455,0.5,0.6200058082774133,0.6889188571287336,30,"[0, 1, 2, 3, 4, 5, 6, 7, 8, 9, 10, 11, 12, 13, 14, 15, 16, 17, 18, 19, 20, 21, 22, 23, 24, 25, 26, 27, 28, 29]","[1.3358958959579468, 1.3813315629959106, 1.491231918334961, 1.489166021347046, 1.4443371295928955, 1.4438749551773071, 1.3736155033111572, 1.3821500539779663, 1.4680826663970947, 1.4111841917037964, 1.4777162075042725, 1.460626482963562, 1.375209927558899, 1.3932523727416992, 1.3805782794952393, 1.3831110000610352, 1.3925104141235352, 1.3947192430496216, 1.3303805589675903, 1.4816670417785645, 1.3344954252243042, 1.4951618909835815, 1.3286962509155273, 1.3338842391967773, 1.3971388339996338, 1.3443559408187866, 1.2982122898101807, 1.3745681047439575, 1.4541425704956055, 1.427800178527832]",sae,Pre-64
1,beta,6,0.18,0.4540822999211705,0.4457917896713532,0.4384936900712481,0.5,0.5933447799067053,0.6652910519198336,30,"[0, 1, 2, 3, 4, 5, 6, 7, 8, 9, 10, 11, 12, 13, 14, 15, 16, 17, 18, 19, 20, 21, 22, 23, 24, 25, 26, 27, 28, 29]","[1.2093437910079956, 1.2324018478393555, 1.1689670085906982, 1.2286028861999512, 1.1660292148590088, 1.1364821195602417, 1.1552339792251587, 1.210248351097107, 1.1588280200958252, 1.2276009321212769, 1.1634801626205444, 1.1048387289047241, 1.1711478233337402, 1.1197253465652466, 1.0116533041000366, 1.2269690036773682, 1.129739761352539, 1.1970460414886475, 1.1658244132995605, 1.1922228336334229, 1.1664220094680786, 1.1494638919830322, 1.2115159034729004, 1.2004733085632324, 1.147264838218689, 1.1653865575790405, 1.1267348527908325, 1.1380363702774048, 1.188260555267334, 1.2108981609344482]",sae,Pre-64
1,beta,17,0.19,0.4599327030141671,0.4513468217402507,0.439526174619726,0.5,0.6120635717004715,0.7004904827674721,30,"[0, 1, 2, 3, 4, 5, 6, 7, 8, 9, 10, 11, 12, 13, 14, 15, 16, 17, 18, 19, 20, 21, 22, 23, 24, 25, 26, 27, 28, 29]","[1.3040006160736084, 1.2029123306274414, 1.2211240530014038, 1.2619343996047974, 1.2990005016326904, 1.194658875465393, 1.2676219940185547, 1.157821774482727, 1.2256488800048828, 1.21687912940979, 1.2726116180419922, 1.2881022691726685, 1.2387553453445435, 1.2938576936721802, 1.2267776727676392, 1.2366126775741577, 1.298338532447815, 1.2356395721435547, 1.2722961902618408, 1.2477595806121826, 1.1759371757507324, 1.2501323223114014, 1.115017056465149, 1.231953501701355, 1.2093164920806885, 1.2187856435775757, 1.2135815620422363, 1.2390825748443604, 1.1952366828918457, 1.2782537937164307]",sae,Pre-64
1,beta,16,0.105,0.4519396108125126,0.4401978349795346,0.4306454470670267,0.5,0.6159012314439947,0.7167618565644881,30,"[0, 1, 2, 3, 4, 5, 6, 7, 8, 9, 10, 11, 12, 13, 14, 15, 16, 17, 18, 19, 20, 21, 22, 23, 24, 25, 26, 27, 28, 29]","[1.2734071016311646, 1.2365370988845825, 1.2416118383407593, 1.3204662799835205, 1.3129202127456665, 1.2555149793624878, 1.3187360763549805, 1.295060634613037, 1.2660435438156128, 1.3207833766937256, 1.3212164640426636, 1.304686427116394, 1.2606966495513916, 1.2817151546478271, 1.2000666856765747, 1.2500903606414795, 1.3297371864318848, 1.1562492847442627, 1.2673840522766113, 1.302215576171875, 1.350573182106018, 1.318223476409912, 1.3239011764526367, 1.3144683837890625, 1.20420241355896, 1.29302179813385, 1.2148483991622925, 1.2694014310836792, 1.225741982460022, 1.2494696378707886]",sae,Pre-64
1,beta,45,0.19,0.4515599815008028,0.4347157609968581,0.4357264366705787,0.5,0.6289673345145609,0.6746020928929474,30,"[0, 1, 2, 3, 4, 5, 6, 7, 8, 9, 10, 11, 12, 13, 14, 15, 16, 17, 18, 19, 20, 21, 22, 23, 24, 25, 26, 27, 28, 29]","[1.2667797803878784, 1.2543303966522217, 1.1693094968795776, 1.3038510084152222, 1.3015860319137573, 1.1290335655212402, 1.3208304643630981, 1.2543373107910156, 1.2086509466171265, 1.154855728149414, 1.2344748973846436, 1.31549870967865, 1.2629302740097046, 1.163909912109375, 1.2104332447052002, 1.237614393234253, 1.2191553115844727, 1.1073722839355469, 1.2454925775527954, 1.253882646560669, 1.2702453136444092, 1.1856638193130493, 1.265040636062622, 1.1175408363342285, 1.1055657863616943, 1.2950791120529175, 1.2016788721084595, 1.2160887718200684, 1.1144465208053589, 1.3061832189559937]",sae,Pre-64
1,beta,14,0.175,0.4467366851483266,0.4421697276018216,0.4269936475169583,0.5,0.5934222168898753,0.6992351414988227,30,"[0, 1, 2, 3, 4, 5, 6, 7, 8, 9, 10, 11, 12, 13, 14, 15, 16, 17, 18, 19, 20, 21, 22, 23, 24, 25, 26, 27, 28, 29]","[1.2816028594970703, 1.1744225025177002, 1.2330269813537598, 1.2603644132614136, 1.2891898155212402, 1.2527351379394531, 1.2436764240264893, 1.3172663450241089, 1.2546637058258057, 1.296696424484253, 1.2079447507858276, 1.1494712829589844, 1.1764520406723022, 1.30189847946167, 1.304193139076233, 1.2560224533081055, 1.323272466659546, 1.311367154121399, 1.2356001138687134, 1.2398345470428467, 1.2761015892028809, 1.2550818920135498, 1.3122035264968872, 1.212015986442566, 1.3136638402938843, 1.3085851669311523, 1.2436093091964722, 1.3142262697219849, 1.2990076541900635, 1.1856614351272583]",sae,Pre-64
1,beta,44,0.105,0.4469012312759677,0.43811650775401,0.4572346226675527,0.5,0.5982762074796864,0.6215449022761956,30,"[0, 1, 2, 3, 4, 5, 6, 7, 8, 9, 10, 11, 12, 13, 14, 15, 16, 17, 18, 19, 20, 21, 22, 23, 24, 25, 26, 27, 28, 29]","[1.3516126871109009, 1.3553931713104248, 1.2995179891586304, 1.3289365768432617, 1.345000147819519, 1.4014737606048584, 1.377869725227356, 1.2971004247665405, 1.3645421266555786, 1.4153448343276978, 1.34417724609375, 1.3204597234725952, 1.34977126121521, 1.3165082931518555, 1.4185638427734375, 1.417561650276184, 1.2865239381790161, 1.194541573524475, 1.3601442575454712, 1.3469125032424927, 1.318733811378479, 1.2934144735336304, 1.3395639657974243, 1.34750235080719, 1.4032188653945923, 1.3027688264846802, 1.3241581916809082, 1.34701406955719, 1.3422486782073975, 1.361047387123108]",sae,Pre-64
1,beta,0,0.115,0.4600628296558519,0.4487196928272481,0.4296173038364927,0.5,0.6146148452673732,0.7222052384146351,30,"[0, 1, 2, 3, 4, 5, 6, 7, 8, 9, 10, 11, 12, 13, 14, 15, 16, 17, 18, 19, 20, 21, 22, 23, 24, 25, 26, 27, 28, 29]","[1.2530264854431152, 1.2954316139221191, 1.268860101699829, 1.31344735622406, 1.2391254901885986, 1.269988775253296, 1.3009510040283203, 1.335402011871338, 1.3155025243759155, 1.2854822874069214, 1.2697110176086426, 1.275721549987793, 1.321874737739563, 1.3087750673294067, 1.3255716562271118, 1.2698453664779663, 1.2905992269515991, 1.230873465538025, 1.1569745540618896, 1.3094382286071777, 1.2405195236206055, 1.237234115600586, 1.3183553218841553, 1.2614816427230835, 1.2523963451385498, 1.197617530822754, 1.3215339183807373, 1.2216699123382568, 1.303799033164978, 1.213125467300415]",sae,Pre-64
1,beta,37,0.092,0.4546908257221888,0.444978337644671,0.4310041369452049,0.5,0.6058579085235571,0.7187835733513599,30,"[0, 1, 2, 3, 4, 5, 6, 7, 8, 9, 10, 11, 12, 13, 14, 15, 16, 17, 18, 19, 20, 21, 22, 23, 24, 25, 26, 27, 28, 29]","[1.3586704730987549, 1.4272401332855225, 1.4035496711730957, 1.3782777786254883, 1.3210554122924805, 1.4317570924758911, 1.3761422634124756, 1.463188886642456, 1.5060725212097168, 1.4296760559082031, 1.3994240760803223, 1.4025862216949463, 1.4371954202651978, 1.412850022315979, 1.4692366123199463, 1.4166921377182007, 1.3952267169952393, 1.4537270069122314, 1.4098098278045654, 1.4146885871887207, 1.4322587251663208, 1.4394789934158325, 1.4716732501983643, 1.4504727125167847, 1.4177136421203613, 1.45907461643219, 1.4129559993743896, 1.4367846250534058, 1.4526073932647705, 1.4689393043518066]",sae,Pre-64
1,beta,41,0.15,0.4543678569363413,0.4427951465832617,0.4487754458861011,0.5,0.6190905384235713,0.6738628153679979,30,"[0, 1, 2, 3, 4, 5, 6, 7, 8, 9, 10, 11, 12, 13, 14, 15, 16, 17, 18, 19, 20, 21, 22, 23, 24, 25, 26, 27, 28, 29]","[1.257559895515442, 1.3112692832946777, 1.208551287651062, 1.199023723602295, 1.1811554431915283, 1.3535771369934082, 1.2352550029754639, 1.2817559242248535, 1.2602730989456177, 1.3167983293533325, 1.3180469274520874, 1.2788105010986328, 1.2862749099731445, 1.3252767324447632, 1.3333595991134644, 1.2735490798950195, 1.2236353158950806, 1.283947467803955, 1.273582100868225, 1.293298363685608, 1.2017507553100586, 1.2642067670822144, 1.2780505418777466, 1.280493140220642, 1.276896357536316, 1.2620357275009155, 1.3091247081756592, 1.3143550157546997, 1.270049810409546, 1.219281554222107]",sae,Pre-64
1,beta,36,0.17,0.4642138821845151,0.4576483090311837,0.4561877168967675,0.5,0.6031055233182893,0.6748537705984514,30,"[0, 1, 2, 3, 4, 5, 6, 7, 8, 9, 10, 11, 12, 13, 14, 15, 16, 17, 18, 19, 20, 21, 22, 23, 24, 25, 26, 27, 28, 29]","[1.3555909395217896, 1.3278204202651978, 1.2952429056167603, 1.3459892272949219, 1.2324379682540894, 1.3690940141677856, 1.307840347290039, 1.342492699623108, 1.379621148109436, 1.2408093214035034, 1.2818384170532227, 1.3825747966766357, 1.2863163948059082, 1.3069367408752441, 1.332991600036621, 1.38621187210083, 1.3474239110946655, 1.3225786685943604, 1.3768171072006226, 1.2813924551010132, 1.3312324285507202, 1.3031535148620605, 1.3204492330551147, 1.296098232269287, 1.3709856271743774, 1.3409181833267212, 1.3088419437408447, 1.3204631805419922, 1.3671844005584717, 1.2769299745559692]",sae,Pre-64
1,beta,45,0.13,0.4515599815008028,0.4347157609968581,0.440710329356324,0.5,0.6289673345145609,0.6746020928929474,30,"[0, 1, 2, 3, 4, 5, 6, 7, 8, 9, 10, 11, 12, 13, 14, 15, 16, 17, 18, 19, 20, 21, 22, 23, 24, 25, 26, 27, 28, 29]","[1.266802191734314, 1.2543528079986572, 1.1693320274353027, 1.3038735389709473, 1.3016084432601929, 1.1290560960769653, 1.3208528757095337, 1.2543597221374512, 1.2086734771728516, 1.1548781394958496, 1.234497308731079, 1.315521240234375, 1.2629525661468506, 1.1639323234558105, 1.2104557752609253, 1.2376368045806885, 1.2191777229309082, 1.107394814491272, 1.245514988899231, 1.253905177116394, 1.2702678442001343, 1.1856863498687744, 1.2650631666183472, 1.117563247680664, 1.1055883169174194, 1.2951016426086426, 1.201701283454895, 1.216111183166504, 1.114469051361084, 1.3062055110931396]",sae,Pre-64
1,beta,28,0.175,0.4589844236982603,0.4495627040154577,0.4363597930098649,0.5,0.5987249917034086,0.6954499122931779,30,"[0, 1, 2, 3, 4, 5, 6, 7, 8, 9, 10, 11, 12, 13, 14, 15, 16, 17, 18, 19, 20, 21, 22, 23, 24, 25, 26, 27, 28, 29]","[1.1352343559265137, 1.0775038003921509, 1.0399432182312012, 1.2336927652359009, 1.179149866104126, 1.2072476148605347, 1.1323752403259277, 1.10542631149292, 1.2175010442733765, 1.2215855121612549, 1.176476240158081, 1.2057819366455078, 1.218854308128357, 1.2209949493408203, 1.1551659107208252, 1.1379764080047607, 1.1653257608413696, 1.2166705131530762, 1.183241605758667, 1.1995640993118286, 1.135400652885437, 1.153017282485962, 1.1304819583892822, 1.08482027053833, 1.1267801523208618, 1.205606460571289, 1.2566165924072266, 1.1601134538650513, 1.1428003311157227, 1.122060775756836]",sae,Pre-64
1,beta,29,0.14,0.4558655961502112,0.4409050416793991,0.4526171962968162,0.5,0.6296548282533407,0.6714012327455338,30,"[0, 1, 2, 3, 4, 5, 6, 7, 8, 9, 10, 11, 12, 13, 14, 15, 16, 17, 18, 19, 20, 21, 22, 23, 24, 25, 26, 27, 28, 29]","[1.3487379550933838, 1.298655390739441, 1.1415648460388184, 1.4033739566802979, 1.3339695930480957, 1.3080873489379883, 1.4174401760101318, 1.3092880249023438, 1.393012523651123, 1.4050943851470947, 1.339476227760315, 1.380577564239502, 1.3976284265518188, 1.3798975944519043, 1.345289945602417, 1.3804136514663696, 1.2942848205566406, 1.3280099630355835, 1.3009870052337646, 1.3457247018814087, 1.4225972890853882, 1.432332992553711, 1.3306901454925537, 1.3445613384246826, 1.348870873451233, 1.2830044031143188, 1.3418152332305908, 1.4120080471038818, 1.458739161491394, 1.3128490447998047]",sae,Pre-64
1,beta,5,0.098,0.4445517550333296,0.4301735816232515,0.4289959978659446,0.5,0.6070910659257547,0.6831553977610121,30,"[0, 1, 2, 3, 4, 5, 6, 7, 8, 9, 10, 11, 12, 13, 14, 15, 16, 17, 18, 19, 20, 21, 22, 23, 24, 25, 26, 27, 28, 29]","[1.348083257675171, 1.2491073608398438, 1.251531720161438, 1.3673752546310425, 1.3661435842514038, 1.2979497909545898, 1.297949194908142, 1.2795794010162354, 1.3376976251602173, 1.265187382698059, 1.3512864112854004, 1.369584560394287, 1.2982686758041382, 1.3016284704208374, 1.3799962997436523, 1.3239883184432983, 1.3289990425109863, 1.3564777374267578, 1.238684058189392, 1.3049298524856567, 1.381242275238037, 1.312140941619873, 1.3738489151000977, 1.2623651027679443, 1.3036409616470337, 1.3800517320632935, 1.248823642730713, 1.2804762125015259, 1.3592430353164673, 1.305275559425354]",sae,Pre-64
1,beta,8,0.17,0.4517491928182039,0.4406431065890545,0.4376209466512771,0.5,0.6098144493254953,0.6769522435149226,30,"[0, 1, 2, 3, 4, 5, 6, 7, 8, 9, 10, 11, 12, 13, 14, 15, 16, 17, 18, 19, 20, 21, 22, 23, 24, 25, 26, 27, 28, 29]","[1.236043930053711, 1.3385300636291504, 1.2784385681152344, 1.3071167469024658, 1.3592485189437866, 1.2923543453216553, 1.3398878574371338, 1.266520619392395, 1.3171387910842896, 1.338784098625183, 1.3570294380187988, 1.291440486907959, 1.2910218238830566, 1.3189679384231567, 1.3324661254882812, 1.2600901126861572, 1.2837989330291748, 1.3052960634231567, 1.2306849956512451, 1.2724283933639526, 1.257692575454712, 1.239781379699707, 1.338992714881897, 1.2733430862426758, 1.3328801393508911, 1.3363267183303833, 1.2430280447006226, 1.3339345455169678, 1.3028852939605713, 1.2897392511367798]",sae,Pre-64
1,beta,33,0.098,0.4492211383258522,0.4377959816952598,0.4270757193778315,0.5,0.6165210074526608,0.6947845516383125,30,"[0, 1, 2, 3, 4, 5, 6, 7, 8, 9, 10, 11, 12, 13, 14, 15, 16, 17, 18, 19, 20, 21, 22, 23, 24, 25, 26, 27, 28, 29]","[1.3333021402359009, 1.409229040145874, 1.366025686264038, 1.341493844985962, 1.2983747720718384, 1.4312357902526855, 1.2903144359588623, 1.4026570320129395, 1.408474087715149, 1.4068418741226196, 1.352118968963623, 1.409538984298706, 1.351699709892273, 1.3099620342254639, 1.3066356182098389, 1.3996790647506714, 1.3228776454925537, 1.330263376235962, 1.4109843969345093, 1.4074788093566895, 1.3374361991882324, 1.2901755571365356, 1.4268516302108765, 1.3814008235931396, 1.4253685474395752, 1.310826301574707, 1.3297441005706787, 1.3126323223114014, 1.2780050039291382, 1.3347276449203491]",sae,Pre-64
1,beta,7,0.145,0.4564836922581216,0.4420418003909208,0.4350116331912677,0.5,0.6095136152062148,0.7014016976066311,30,"[0, 1, 2, 3, 4, 5, 6, 7, 8, 9, 10, 11, 12, 13, 14, 15, 16, 17, 18, 19, 20, 21, 22, 23, 24, 25, 26, 27, 28, 29]","[1.283947229385376, 1.3130472898483276, 1.332492470741272, 1.2901862859725952, 1.3502213954925537, 1.304847240447998, 1.2540533542633057, 1.3079657554626465, 1.3960515260696411, 1.3155324459075928, 1.228053092956543, 1.2762341499328613, 1.2362689971923828, 1.2560749053955078, 1.4086871147155762, 1.3211649656295776, 1.2779639959335327, 1.2362562417984009, 1.3419225215911865, 1.3486838340759277, 1.3050674200057983, 1.3139355182647705, 1.3178611993789673, 1.2674527168273926, 1.3661766052246094, 1.3287721872329712, 1.3030612468719482, 1.1852778196334839, 1.3874129056930542, 1.2755084037780762]",sae,Pre-64
1,beta,48,0.18,0.4556814132376,0.4510566266980289,0.4830733313820045,0.5,0.5923878577171784,0.5888857116972244,30,"[0, 1, 2, 3, 4, 5, 6, 7, 8, 9, 10, 11, 12, 13, 14, 15, 16, 17, 18, 19, 20, 21, 22, 23, 24, 25, 26, 27, 28, 29]","[1.4203314781188965, 1.3670768737792969, 1.355082631111145, 1.3411675691604614, 1.321178674697876, 1.2846494913101196, 1.3612326383590698, 1.2761132717132568, 1.3234328031539917, 1.3186097145080566, 1.3752819299697876, 1.3310930728912354, 1.335427165031433, 1.325128197669983, 1.2879177331924438, 1.3686227798461914, 1.3603566884994507, 1.3630226850509644, 1.3957090377807617, 1.2352346181869507, 1.3223817348480225, 1.3938847780227661, 1.3978019952774048, 1.231066107749939, 1.3331605195999146, 1.3689227104187012, 1.4001669883728027, 1.3745851516723633, 1.3287043571472168, 1.352604866027832]",sae,Pre-64
1,beta,27,0.096,0.4609757262074365,0.4537266978541116,0.4566117178820241,0.5,0.5914172664146189,0.6601096668871741,30,"[0, 1, 2, 3, 4, 5, 6, 7, 8, 9, 10, 11, 12, 13, 14, 15, 16, 17, 18, 19, 20, 21, 22, 23, 24, 25, 26, 27, 28, 29]","[1.4063944816589355, 1.4593088626861572, 1.4123724699020386, 1.3894363641738892, 1.4448862075805664, 1.354617953300476, 1.4563230276107788, 1.3204498291015625, 1.4022620916366577, 1.4111446142196655, 1.343665361404419, 1.4550613164901733, 1.3896822929382324, 1.346766471862793, 1.3934695720672607, 1.3090791702270508, 1.3731341361999512, 1.4233933687210083, 1.3747085332870483, 1.3801872730255127, 1.4539389610290527, 1.423501968383789, 1.351945400238037, 1.2981209754943848, 1.3839609622955322, 1.4618128538131714, 1.3660504817962646, 1.4252864122390747, 1.3119951486587524, 1.3996069431304932]",sae,Pre-64
1,beta,21,0.095,0.4504746503440228,0.4381370334360364,0.440241923770987,0.5,0.6200058082774133,0.6872288955622289,30,"[0, 1, 2, 3, 4, 5, 6, 7, 8, 9, 10, 11, 12, 13, 14, 15, 16, 17, 18, 19, 20, 21, 22, 23, 24, 25, 26, 27, 28, 29]","[1.4370312690734863, 1.4877389669418335, 1.6124694347381592, 1.6071810722351074, 1.5880893468856812, 1.5687953233718872, 1.4822752475738525, 1.4910446405410767, 1.5969699621200562, 1.5089714527130127, 1.5869144201278687, 1.5954904556274414, 1.4743932485580444, 1.5014221668243408, 1.497418761253357, 1.4911656379699707, 1.492051124572754, 1.5035796165466309, 1.4341685771942139, 1.6040385961532593, 1.429025411605835, 1.6120065450668335, 1.4239437580108643, 1.4420241117477417, 1.4975395202636719, 1.4556381702423096, 1.4231973886489868, 1.4777830839157104, 1.5652753114700317, 1.550244927406311]",sae,Pre-64
1,beta,26,0.185,0.4502231978181314,0.4442488029476733,0.4543279596191928,0.5,0.5832450787939482,0.6467144939802281,30,"[0, 1, 2, 3, 4, 5, 6, 7, 8, 9, 10, 11, 12, 13, 14, 15, 16, 17, 18, 19, 20, 21, 22, 23, 24, 25, 26, 27, 28, 29]","[1.1928406953811646, 1.2404898405075073, 1.3458497524261475, 1.1563628911972046, 1.2403382062911987, 1.288241982460022, 1.257628321647644, 1.1637852191925049, 1.2436413764953613, 1.2316632270812988, 1.1424860954284668, 1.343543291091919, 1.2970887422561646, 1.2433146238327026, 1.293938159942627, 1.1718459129333496, 1.2391661405563354, 1.1535890102386475, 1.268714427947998, 1.2480379343032837, 1.1860783100128174, 1.3334931135177612, 1.2544832229614258, 1.2726556062698364, 1.3419238328933716, 1.3419862985610962, 1.2190759181976318, 1.2665469646453857, 1.091307282447815, 1.2032753229141235]",sae,Pre-64
1,beta,27,0.15,0.4609757262074365,0.4537266978541116,0.4543084770420211,0.5,0.5914172664146189,0.6586944771843638,30,"[0, 1, 2, 3, 4, 5, 6, 7, 8, 9, 10, 11, 12, 13, 14, 15, 16, 17, 18, 19, 20, 21, 22, 23, 24, 25, 26, 27, 28, 29]","[1.305358648300171, 1.346129298210144, 1.3077722787857056, 1.2903978824615479, 1.3332374095916748, 1.2541604042053223, 1.3440386056900024, 1.2277448177337646, 1.291283369064331, 1.2832465171813965, 1.2434396743774414, 1.3462533950805664, 1.2840336561203003, 1.2504792213439941, 1.288421392440796, 1.2154184579849243, 1.2596027851104736, 1.314936637878418, 1.2796030044555664, 1.268692135810852, 1.3488816022872925, 1.3258581161499023, 1.2489597797393799, 1.2018533945083618, 1.2812037467956543, 1.3486323356628418, 1.264363169670105, 1.314620852470398, 1.219939947128296, 1.2927217483520508]",sae,Pre-64
1,beta,28,0.094,0.4589844236982603,0.4495627040154577,0.4416940307987233,0.5,0.5987249917034086,0.6982218627032666,30,"[0, 1, 2, 3, 4, 5, 6, 7, 8, 9, 10, 11, 12, 13, 14, 15, 16, 17, 18, 19, 20, 21, 22, 23, 24, 25, 26, 27, 28, 29]","[1.4453727006912231, 1.3287336826324463, 1.3181711435317993, 1.5375947952270508, 1.491659164428711, 1.4754225015640259, 1.436235785484314, 1.3691726922988892, 1.4698052406311035, 1.5014853477478027, 1.4313819408416748, 1.4619382619857788, 1.5092494487762451, 1.5193244218826294, 1.4523310661315918, 1.399372935295105, 1.4341386556625366, 1.4905678033828735, 1.4652316570281982, 1.4653542041778564, 1.3999662399291992, 1.4200712442398071, 1.4219938516616821, 1.3702113628387451, 1.4017465114593506, 1.490321397781372, 1.5291037559509277, 1.4122370481491089, 1.3909858465194702, 1.4032564163208008]",sae,Pre-64
1,beta,39,0.16,0.4461088087810431,0.4292341094433316,0.433207898676913,0.5,0.6205127278095635,0.6663970160675603,30,"[0, 1, 2, 3, 4, 5, 6, 7, 8, 9, 10, 11, 12, 13, 14, 15, 16, 17, 18, 19, 20, 21, 22, 23, 24, 25, 26, 27, 28, 29]","[1.2167764902114868, 1.2662283182144165, 1.216904878616333, 1.1913484334945679, 1.1658539772033691, 1.2374968528747559, 1.2048062086105347, 1.244659423828125, 1.1872000694274902, 1.230893611907959, 1.2083189487457275, 1.1263175010681152, 1.233473300933838, 1.1612805128097534, 1.2300447225570679, 1.2844328880310059, 1.2191128730773926, 1.249231219291687, 1.1748045682907104, 1.1100293397903442, 1.1900582313537598, 1.2503929138183594, 1.1461803913116455, 1.1576915979385376, 1.2477505207061768, 1.232380747795105, 1.0786806344985962, 1.1811853647232056, 1.2901721000671387, 1.189414620399475]",sae,Pre-64
1,beta,22,0.17,0.4519005213187685,0.4442985770479847,0.4398732190737021,0.5,0.5939599289403404,0.681375663243097,30,"[0, 1, 2, 3, 4, 5, 6, 7, 8, 9, 10, 11, 12, 13, 14, 15, 16, 17, 18, 19, 20, 21, 22, 23, 24, 25, 26, 27, 28, 29]","[1.2002835273742676, 1.258577585220337, 1.2664364576339722, 1.2545905113220215, 1.320305347442627, 1.2497518062591553, 1.2205699682235718, 1.2353806495666504, 1.2041141986846924, 1.2310000658035278, 1.2034802436828613, 1.3099408149719238, 1.264184832572937, 1.2952431440353394, 1.2018275260925293, 1.2736542224884033, 1.288036584854126, 1.2768980264663696, 1.2034193277359009, 1.2155506610870361, 1.278472661972046, 1.2753660678863525, 1.2838687896728516, 1.2453789710998535, 1.250632405281067, 1.3082741498947144, 1.2040987014770508, 1.2090117931365967, 1.3408095836639404, 1.2066184282302856]",sae,Pre-64
1,beta,33,0.155,0.4492211383258522,0.4377959816952598,0.4223402424961981,0.5,0.6165210074526608,0.6954138560095032,30,"[0, 1, 2, 3, 4, 5, 6, 7, 8, 9, 10, 11, 12, 13, 14, 15, 16, 17, 18, 19, 20, 21, 22, 23, 24, 25, 26, 27, 28, 29]","[1.1849273443222046, 1.2562428712844849, 1.2136778831481934, 1.194433331489563, 1.149998426437378, 1.2687307596206665, 1.1574212312698364, 1.2470797300338745, 1.2527871131896973, 1.2536271810531616, 1.1950736045837402, 1.2495068311691284, 1.1756917238235474, 1.1588196754455566, 1.1325362920761108, 1.2413465976715088, 1.1629266738891602, 1.1944456100463867, 1.2464298009872437, 1.2438013553619385, 1.1899774074554443, 1.159067153930664, 1.2561681270599365, 1.2361953258514404, 1.2687146663665771, 1.1437739133834839, 1.1919195652008057, 1.171987533569336, 1.145799160003662, 1.191154956817627]",sae,Pre-64
1,beta,6,0.086,0.4540822999211705,0.4457917896713532,0.4484106673875727,0.5,0.5933447799067053,0.664201601507301,30,"[0, 1, 2, 3, 4, 5, 6, 7, 8, 9, 10, 11, 12, 13, 14, 15, 16, 17, 18, 19, 20, 21, 22, 23, 24, 25, 26, 27, 28, 29]","[1.4754256010055542, 1.5107938051223755, 1.4251874685287476, 1.521613359451294, 1.4065223932266235, 1.4176971912384033, 1.4124404191970825, 1.4949473142623901, 1.404488444328308, 1.5033711194992065, 1.43010413646698, 1.3697739839553833, 1.4212676286697388, 1.3899294137954712, 1.222640037536621, 1.4995723962783813, 1.3859225511550903, 1.4628372192382812, 1.4477980136871338, 1.4613358974456787, 1.4392006397247314, 1.4012784957885742, 1.5117191076278687, 1.444798469543457, 1.3851137161254883, 1.4522504806518555, 1.4026267528533936, 1.3870149850845337, 1.4491010904312134, 1.4744951725006104]",sae,Pre-64
1,beta,11,0.088,0.4566976193509867,0.4496008864727478,0.4367850968081718,0.5,0.5995106990682213,0.7107198459521469,30,"[0, 1, 2, 3, 4, 5, 6, 7, 8, 9, 10, 11, 12, 13, 14, 15, 16, 17, 18, 19, 20, 21, 22, 23, 24, 25, 26, 27, 28, 29]","[1.4586577415466309, 1.2650105953216553, 1.4153872728347778, 1.337393879890442, 1.492724895477295, 1.358964443206787, 1.3664416074752808, 1.24614679813385, 1.477635383605957, 1.4792190790176392, 1.4947878122329712, 1.5084291696548462, 1.5103954076766968, 1.404632329940796, 1.375280737876892, 1.3797258138656616, 1.431800127029419, 1.3595584630966187, 1.3887596130371094, 1.4497100114822388, 1.4185796976089478, 1.434399127960205, 1.4922534227371216, 1.4098844528198242, 1.3997060060501099, 1.4656267166137695, 1.4945940971374512, 1.3510887622833252, 1.3925145864486694, 1.373084306716919]",sae,Pre-64
1,beta,40,0.125,0.44666181227492,0.4340193094910912,0.4316137314095215,0.5,0.6093636266731638,0.6691102346617124,30,"[0, 1, 2, 3, 4, 5, 6, 7, 8, 9, 10, 11, 12, 13, 14, 15, 16, 17, 18, 19, 20, 21, 22, 23, 24, 25, 26, 27, 28, 29]","[1.3555399179458618, 1.299132227897644, 1.298239827156067, 1.238450527191162, 1.2713038921356201, 1.3019205331802368, 1.304002046585083, 1.3144843578338623, 1.329385757446289, 1.3342797756195068, 1.2771481275558472, 1.2843044996261597, 1.3510234355926514, 1.2390838861465454, 1.257196068763733, 1.3684909343719482, 1.2668163776397705, 1.3044240474700928, 1.2566484212875366, 1.252888560295105, 1.2632380723953247, 1.2729600667953491, 1.3280012607574463, 1.2921600341796875, 1.3415693044662476, 1.271290898323059, 1.3353084325790405, 1.2355246543884277, 1.3768329620361328, 1.2646207809448242]",sae,Pre-64
1,beta,37,0.135,0.4546908257221888,0.444978337644671,0.4259700181712841,0.5,0.6058579085235571,0.7195908426986638,30,"[0, 1, 2, 3, 4, 5, 6, 7, 8, 9, 10, 11, 12, 13, 14, 15, 16, 17, 18, 19, 20, 21, 22, 23, 24, 25, 26, 27, 28, 29]","[1.219638705253601, 1.2910175323486328, 1.2645635604858398, 1.2555323839187622, 1.185538411140442, 1.2911484241485596, 1.2311931848526, 1.329099178314209, 1.3758975267410278, 1.2907456159591675, 1.2650431394577026, 1.2681413888931274, 1.3043996095657349, 1.261838436126709, 1.3295525312423706, 1.2705426216125488, 1.264891266822815, 1.316255807876587, 1.2792859077453613, 1.2847886085510254, 1.286188006401062, 1.291180968284607, 1.3361234664916992, 1.3106533288955688, 1.2809758186340332, 1.318830966949463, 1.2743152379989624, 1.2891690731048584, 1.3118435144424438, 1.329376220703125]",sae,Pre-64
1,beta,5,0.155,0.4445517550333296,0.4301735816232515,0.4289667847652886,0.5,0.6070910659257547,0.6831694617553115,30,"[0, 1, 2, 3, 4, 5, 6, 7, 8, 9, 10, 11, 12, 13, 14, 15, 16, 17, 18, 19, 20, 21, 22, 23, 24, 25, 26, 27, 28, 29]","[1.345515251159668, 1.2465472221374512, 1.248969316482544, 1.3647992610931396, 1.3635656833648682, 1.295392394065857, 1.2953777313232422, 1.2770179510116577, 1.3351263999938965, 1.2626206874847412, 1.348710536956787, 1.367008090019226, 1.2956924438476562, 1.2990487813949585, 1.377418041229248, 1.3214187622070312, 1.3264211416244507, 1.3539049625396729, 1.236129641532898, 1.302348017692566, 1.3786689043045044, 1.3095556497573853, 1.3712824583053589, 1.259799599647522, 1.301069974899292, 1.3774815797805786, 1.2462610006332397, 1.2779061794281006, 1.3566690683364868, 1.3027054071426392]",sae,Pre-64
1,beta,6,0.095,0.4540822999211705,0.4457917896713532,0.4483755906332192,0.5,0.5933447799067053,0.6641750110160607,30,"[0, 1, 2, 3, 4, 5, 6, 7, 8, 9, 10, 11, 12, 13, 14, 15, 16, 17, 18, 19, 20, 21, 22, 23, 24, 25, 26, 27, 28, 29]","[1.4734063148498535, 1.5087769031524658, 1.4231781959533691, 1.5196049213409424, 1.4044870138168335, 1.415688157081604, 1.4104126691818237, 1.4929463863372803, 1.402457594871521, 1.5013519525527954, 1.4280849695205688, 1.367754578590393, 1.4192355871200562, 1.3879358768463135, 1.2205839157104492, 1.4975565671920776, 1.3838990926742554, 1.4608124494552612, 1.445788860321045, 1.4593266248703003, 1.4371799230575562, 1.3992531299591064, 1.5097156763076782, 1.4427790641784668, 1.3830792903900146, 1.4502347707748413, 1.400614857673645, 1.384994626045227, 1.447089672088623, 1.472465991973877]",sae,Pre-64
1,beta,21,0.145,0.4504746503440228,0.4381370334360364,0.4377149666863512,0.5,0.6200058082774133,0.6889111333555777,30,"[0, 1, 2, 3, 4, 5, 6, 7, 8, 9, 10, 11, 12, 13, 14, 15, 16, 17, 18, 19, 20, 21, 22, 23, 24, 25, 26, 27, 28, 29]","[1.3323358297348022, 1.3777875900268555, 1.4877021312713623, 1.4856443405151367, 1.4408395290374756, 1.4403542280197144, 1.370074987411499, 1.378623127937317, 1.4645600318908691, 1.4076625108718872, 1.4741870164871216, 1.4571239948272705, 1.3716871738433838, 1.389725685119629, 1.3770332336425781, 1.3795950412750244, 1.3889713287353516, 1.3911932706832886, 1.3268216848373413, 1.4781314134597778, 1.3309296369552612, 1.4916486740112305, 1.3251361846923828, 1.3303264379501343, 1.3935834169387817, 1.3408091068267822, 1.2946885824203491, 1.3710006475448608, 1.4506014585494995, 1.424265742301941]",sae,Pre-64
1,beta,17,0.165,0.4599327030141671,0.4513468217402507,0.4415691379013093,0.5,0.6120635717004715,0.6984530030584073,30,"[0, 1, 2, 3, 4, 5, 6, 7, 8, 9, 10, 11, 12, 13, 14, 15, 16, 17, 18, 19, 20, 21, 22, 23, 24, 25, 26, 27, 28, 29]","[1.394858956336975, 1.2801828384399414, 1.3051246404647827, 1.3434592485427856, 1.3966078758239746, 1.283729076385498, 1.3555939197540283, 1.2283223867416382, 1.3148061037063599, 1.3135896921157837, 1.3712873458862305, 1.380027413368225, 1.3290627002716064, 1.38435697555542, 1.3240530490875244, 1.336185097694397, 1.4020025730133057, 1.3261809349060059, 1.3679358959197998, 1.3361618518829346, 1.2589083909988403, 1.3401917219161987, 1.1962770223617554, 1.314853310585022, 1.30643630027771, 1.3028671741485596, 1.2953072786331177, 1.3258697986602783, 1.2804445028305054, 1.373080849647522]",sae,Pre-64
1,beta,22,0.092,0.4519005213187685,0.4442985770479847,0.4443782576644104,0.5,0.5939599289403404,0.6801506488311628,30,"[0, 1, 2, 3, 4, 5, 6, 7, 8, 9, 10, 11, 12, 13, 14, 15, 16, 17, 18, 19, 20, 21, 22, 23, 24, 25, 26, 27, 28, 29]","[1.4126869440078735, 1.4584760665893555, 1.4715633392333984, 1.4931020736694336, 1.5332964658737183, 1.4330438375473022, 1.4421701431274414, 1.4230254888534546, 1.4186750650405884, 1.4689629077911377, 1.4169235229492188, 1.5266118049621582, 1.4594933986663818, 1.5128542184829712, 1.3774901628494263, 1.4991097450256348, 1.5106853246688843, 1.4635542631149292, 1.3956780433654785, 1.4048411846160889, 1.4839421510696411, 1.4823822975158691, 1.4837106466293335, 1.4341574907302856, 1.4860749244689941, 1.5189521312713623, 1.4189316034317017, 1.4071979522705078, 1.5478601455688477, 1.3879590034484863]",sae,Pre-64
1,beta,40,0.185,0.44666181227492,0.4340193094910912,0.4315817779886922,0.5,0.6093636266731638,0.6691071890846518,30,"[0, 1, 2, 3, 4, 5, 6, 7, 8, 9, 10, 11, 12, 13, 14, 15, 16, 17, 18, 19, 20, 21, 22, 23, 24, 25, 26, 27, 28, 29]","[1.353872537612915, 1.2974660396575928, 1.2965662479400635, 1.236778736114502, 1.2696377038955688, 1.3002489805221558, 1.3023244142532349, 1.3128141164779663, 1.3277132511138916, 1.332608699798584, 1.275481104850769, 1.2826370000839233, 1.349357008934021, 1.2374136447906494, 1.2555299997329712, 1.3668222427368164, 1.2651540040969849, 1.302754282951355, 1.2549748420715332, 1.2512226104736328, 1.2615606784820557, 1.2712855339050293, 1.326332449913025, 1.290490984916687, 1.339902639389038, 1.2696213722229004, 1.333635926246643, 1.23385488986969, 1.3751671314239502, 1.2629401683807373]",sae,Pre-64
1,beta,31,0.165,0.4497611378811508,0.4308970333737342,0.4280468396031726,0.5,0.642735734520437,0.7085217089668728,30,"[0, 1, 2, 3, 4, 5, 6, 7, 8, 9, 10, 11, 12, 13, 14, 15, 16, 17, 18, 19, 20, 21, 22, 23, 24, 25, 26, 27, 28, 29]","[1.2930717468261719, 1.2756972312927246, 1.2277259826660156, 1.2188377380371094, 1.2929433584213257, 1.3191574811935425, 1.2330917119979858, 1.2949613332748413, 1.2759236097335815, 1.2823715209960938, 1.2802623510360718, 1.2902991771697998, 1.3177075386047363, 1.1601568460464478, 1.3347009420394897, 1.275071382522583, 1.282443881034851, 1.2664226293563843, 1.284089207649231, 1.2433675527572632, 1.3378815650939941, 1.2948905229568481, 1.324630618095398, 1.311310052871704, 1.2831485271453857, 1.2934176921844482, 1.2055442333221436, 1.3417327404022217, 1.2304550409317017, 1.3135203123092651]",sae,Pre-64
1,beta,28,0.115,0.4589844236982603,0.4495627040154577,0.4395489227994673,0.5,0.5987249917034086,0.6969803370786517,30,"[0, 1, 2, 3, 4, 5, 6, 7, 8, 9, 10, 11, 12, 13, 14, 15, 16, 17, 18, 19, 20, 21, 22, 23, 24, 25, 26, 27, 28, 29]","[1.334045648574829, 1.2367653846740723, 1.2082403898239136, 1.4264801740646362, 1.3799313306808472, 1.3781447410583496, 1.3182871341705322, 1.274444341659546, 1.3760578632354736, 1.3992503881454468, 1.3433066606521606, 1.3674136400222778, 1.4000427722930908, 1.414313793182373, 1.3377127647399902, 1.3058463335037231, 1.3366928100585938, 1.3893592357635498, 1.3580321073532104, 1.3638840913772583, 1.3096238374710083, 1.3190146684646606, 1.3082003593444824, 1.2601697444915771, 1.2989439964294434, 1.3827388286590576, 1.4306232929229736, 1.320916771888733, 1.2996768951416016, 1.3033004999160767]",sae,Pre-64
1,beta,12,0.185,0.4455148672091349,0.4361346773072694,0.4082161203168435,0.5,0.5892778403611032,0.7318275941048066,30,"[0, 1, 2, 3, 4, 5, 6, 7, 8, 9, 10, 11, 12, 13, 14, 15, 16, 17, 18, 19, 20, 21, 22, 23, 24, 25, 26, 27, 28, 29]","[1.2120722532272339, 1.2981960773468018, 1.2247644662857056, 1.1265785694122314, 1.2812998294830322, 1.2268617153167725, 1.2331573963165283, 1.2927438020706177, 1.316834568977356, 1.203035593032837, 1.204520583152771, 1.3532098531723022, 1.2132364511489868, 1.2921812534332275, 1.191680669784546, 1.3537338972091675, 1.1643706560134888, 1.3180257081985474, 1.2608368396759033, 1.3326729536056519, 1.3259944915771484, 1.2575472593307495, 1.237451434135437, 1.351557970046997, 1.3271291255950928, 1.1922109127044678, 1.3301076889038086, 1.2961488962173462, 1.2487367391586304, 1.3603073358535767]",sae,Pre-64
1,beta,45,0.165,0.4515599815008028,0.4347157609968581,0.4377935480594312,0.5,0.6289673345145609,0.6746020928929474,30,"[0, 1, 2, 3, 4, 5, 6, 7, 8, 9, 10, 11, 12, 13, 14, 15, 16, 17, 18, 19, 20, 21, 22, 23, 24, 25, 26, 27, 28, 29]","[1.2667890787124634, 1.2543396949768066, 1.1693189144134521, 1.3038604259490967, 1.3015953302383423, 1.1290429830551147, 1.320839762687683, 1.2543466091156006, 1.208660364151001, 1.154865026473999, 1.2344841957092285, 1.3155081272125244, 1.2629395723342896, 1.16391921043396, 1.2104426622390747, 1.237623691558838, 1.2191646099090576, 1.1073817014694214, 1.24550199508667, 1.2538920640945435, 1.2702547311782837, 1.1856732368469238, 1.2650500535964966, 1.1175501346588135, 1.1055753231048584, 1.2950884103775024, 1.201688289642334, 1.2160980701446533, 1.1144559383392334, 1.3061925172805786]",sae,Pre-64
1,beta,6,0.12,0.4540822999211705,0.4457917896713532,0.441152026805915,0.5,0.5933447799067053,0.6658350173977785,30,"[0, 1, 2, 3, 4, 5, 6, 7, 8, 9, 10, 11, 12, 13, 14, 15, 16, 17, 18, 19, 20, 21, 22, 23, 24, 25, 26, 27, 28, 29]","[1.2874919176101685, 1.3161180019378662, 1.2505334615707397, 1.319365382194519, 1.23857581615448, 1.2144699096679688, 1.237431287765503, 1.292348861694336, 1.2310657501220703, 1.3094077110290527, 1.243826985359192, 1.1827607154846191, 1.244671106338501, 1.1999667882919312, 1.0765208005905151, 1.3070985078811646, 1.2020915746688843, 1.2767003774642944, 1.2521016597747803, 1.274347186088562, 1.2442337274551392, 1.2233411073684692, 1.2965900897979736, 1.2780002355575562, 1.2158246040344238, 1.2526156902313232, 1.2073026895523071, 1.2202268838882446, 1.2777295112609863, 1.2896648645401]",sae,Pre-64
1,beta,4,0.19,0.4589558369307028,0.4477177462853796,0.452905568890858,0.5,0.61034827708266,0.6592455792049496,30,"[0, 1, 2, 3, 4, 5, 6, 7, 8, 9, 10, 11, 12, 13, 14, 15, 16, 17, 18, 19, 20, 21, 22, 23, 24, 25, 26, 27, 28, 29]","[1.2981038093566895, 1.2798689603805542, 1.2198892831802368, 1.3510792255401611, 1.1947498321533203, 1.2329164743423462, 1.2650748491287231, 1.2163472175598145, 1.3104668855667114, 1.3192139863967896, 1.306859016418457, 1.233486533164978, 1.3516623973846436, 1.2570208311080933, 1.2109137773513794, 1.2983838319778442, 1.298059344291687, 1.2738659381866455, 1.2352542877197266, 1.326068639755249, 1.2868356704711914, 1.3430265188217163, 1.2948627471923828, 1.1992201805114746, 1.2906066179275513, 1.2244373559951782, 1.2516975402832031, 1.2669399976730347, 1.3306738138198853, 1.2114332914352417]",sae,Pre-64
1,beta,40,0.096,0.44666181227492,0.4340193094910912,0.4316291807564904,0.5,0.6093636266731638,0.6690782561025752,30,"[0, 1, 2, 3, 4, 5, 6, 7, 8, 9, 10, 11, 12, 13, 14, 15, 16, 17, 18, 19, 20, 21, 22, 23, 24, 25, 26, 27, 28, 29]","[1.3760535717010498, 1.3199912309646606, 1.315911889076233, 1.2582435607910156, 1.2914236783981323, 1.3209205865859985, 1.3207316398620605, 1.3339850902557373, 1.3476442098617554, 1.3549085855484009, 1.2940720319747925, 1.3028368949890137, 1.3698129653930664, 1.2561465501785278, 1.2752623558044434, 1.3859317302703857, 1.2893513441085815, 1.3234716653823853, 1.2740014791488647, 1.272557020187378, 1.2773391008377075, 1.2904484272003174, 1.3480682373046875, 1.3115365505218506, 1.3599765300750732, 1.2896807193756104, 1.3533788919448853, 1.2531853914260864, 1.3958802223205566, 1.277976632118225]",sae,Pre-64
1,beta,4,0.09,0.4589558369307028,0.4477177462853796,0.4573340431801947,0.5,0.61034827708266,0.6589408559951984,30,"[0, 1, 2, 3, 4, 5, 6, 7, 8, 9, 10, 11, 12, 13, 14, 15, 16, 17, 18, 19, 20, 21, 22, 23, 24, 25, 26, 27, 28, 29]","[1.3950114250183105, 1.379820466041565, 1.301216721534729, 1.4443695545196533, 1.2740647792816162, 1.3214783668518066, 1.369370460510254, 1.3046990633010864, 1.3903892040252686, 1.4260092973709106, 1.3938871622085571, 1.3359977006912231, 1.4459764957427979, 1.3325804471969604, 1.3007497787475586, 1.3879445791244507, 1.3918676376342773, 1.359853744506836, 1.3183804750442505, 1.41390061378479, 1.3753316402435303, 1.437972068786621, 1.376542568206787, 1.2911630868911743, 1.371647596359253, 1.3108073472976685, 1.3284296989440918, 1.3417575359344482, 1.4208142757415771, 1.295434594154358]",sae,Pre-64
1,beta,23,0.195,0.4478205607315014,0.4344954522622479,0.4317269217414636,0.5,0.6150139710231751,0.6708360375243378,30,"[0, 1, 2, 3, 4, 5, 6, 7, 8, 9, 10, 11, 12, 13, 14, 15, 16, 17, 18, 19, 20, 21, 22, 23, 24, 25, 26, 27, 28, 29]","[1.2231228351593018, 1.2532175779342651, 1.21522057056427, 1.3411312103271484, 1.1522607803344727, 1.2238140106201172, 1.3197842836380005, 1.262986660003662, 1.218767762184143, 1.3440712690353394, 1.3359630107879639, 1.2940157651901245, 1.2832993268966675, 1.1671295166015625, 1.2810416221618652, 1.3359334468841553, 1.0679024457931519, 1.26630699634552, 1.2136324644088745, 1.2289701700210571, 1.3323980569839478, 1.3480069637298584, 1.2177473306655884, 1.3428512811660767, 1.329575777053833, 1.2747160196304321, 1.2358895540237427, 1.2222079038619995, 1.257367491722107, 1.3485320806503296]",sae,Pre-64
1,beta,34,0.18,0.4568527557813058,0.4470225010708758,0.4459347476620334,0.5,0.6011606799053854,0.6769899334396832,30,"[0, 1, 2, 3, 4, 5, 6, 7, 8, 9, 10, 11, 12, 13, 14, 15, 16, 17, 18, 19, 20, 21, 22, 23, 24, 25, 26, 27, 28, 29]","[1.3103011846542358, 1.393578290939331, 1.3966599702835083, 1.346138596534729, 1.3060089349746704, 1.3112319707870483, 1.3479827642440796, 1.2619287967681885, 1.2825149297714233, 1.3156824111938477, 1.3686635494232178, 1.1744245290756226, 1.3763234615325928, 1.2634633779525757, 1.2769297361373901, 1.3055999279022217, 1.3898457288742065, 1.4119069576263428, 1.3266537189483643, 1.3030294179916382, 1.3285551071166992, 1.4111385345458984, 1.3431696891784668, 1.3600847721099854, 1.3072293996810913, 1.251254677772522, 1.4251004457473755, 1.4066063165664673, 1.3975759744644165, 1.377072811126709]",sae,Pre-64
1,beta,23,0.135,0.4478205607315014,0.4344954522622479,0.4345052263189199,0.5,0.6150139710231751,0.6744554931763618,30,"[0, 1, 2, 3, 4, 5, 6, 7, 8, 9, 10, 11, 12, 13, 14, 15, 16, 17, 18, 19, 20, 21, 22, 23, 24, 25, 26, 27, 28, 29]","[1.3359198570251465, 1.3827929496765137, 1.3542554378509521, 1.4708478450775146, 1.2623193264007568, 1.3291798830032349, 1.4536011219024658, 1.361762523651123, 1.3308371305465698, 1.466174840927124, 1.4618984460830688, 1.4201523065567017, 1.4034868478775024, 1.2971343994140625, 1.3943506479263306, 1.4532016515731812, 1.1629791259765625, 1.3730360269546509, 1.3173208236694336, 1.3433811664581299, 1.4571014642715454, 1.478654384613037, 1.3277288675308228, 1.4647752046585083, 1.4603395462036133, 1.3762249946594238, 1.3362210988998413, 1.3592755794525146, 1.3777543306350708, 1.4752867221832275]",sae,Pre-64
1,beta,13,0.15,0.4619123366083722,0.4531466051409948,0.4367075282311671,0.5,0.6127276801885291,0.7078477166089023,30,"[0, 1, 2, 3, 4, 5, 6, 7, 8, 9, 10, 11, 12, 13, 14, 15, 16, 17, 18, 19, 20, 21, 22, 23, 24, 25, 26, 27, 28, 29]","[1.374231219291687, 1.1885164976119995, 1.3573863506317139, 1.2987291812896729, 1.2715715169906616, 1.360321044921875, 1.300801396369934, 1.3052725791931152, 1.323500633239746, 1.3058700561523438, 1.3688952922821045, 1.297984004020691, 1.3123387098312378, 1.3357343673706055, 1.3335376977920532, 1.2651301622390747, 1.252271056175232, 1.3286277055740356, 1.2955703735351562, 1.2972735166549683, 1.2694584131240845, 1.2244361639022827, 1.2479393482208252, 1.2740198373794556, 1.2898478507995605, 1.2460519075393677, 1.2889457941055298, 1.2607994079589844, 1.303666353225708, 1.3055070638656616]",sae,Pre-64
1,beta,47,0.155,0.4460371044958436,0.4257646434940195,0.4038360844656299,0.5,0.6434257056516428,0.7299395614993892,30,"[0, 1, 2, 3, 4, 5, 6, 7, 8, 9, 10, 11, 12, 13, 14, 15, 16, 17, 18, 19, 20, 21, 22, 23, 24, 25, 26, 27, 28, 29]","[1.3220492601394653, 1.173622727394104, 1.199206829071045, 1.1898013353347778, 1.2711068391799927, 1.3102247714996338, 1.2691837549209595, 1.2435327768325806, 1.2557395696640015, 1.2169771194458008, 1.218010663986206, 1.1418323516845703, 1.1965961456298828, 1.3246701955795288, 1.1456904411315918, 1.2676873207092285, 1.1951218843460083, 1.2742127180099487, 1.1170954704284668, 1.1724611520767212, 1.2066285610198975, 1.2561169862747192, 1.2582074403762817, 1.176670789718628, 1.260920763015747, 1.1376597881317139, 1.1246497631072998, 1.2416983842849731, 1.1852840185165405, 1.245008111000061]",sae,Pre-64
1,beta,48,0.086,0.4556814132376,0.4510566266980289,0.4877878060893434,0.5,0.5923878577171784,0.5906240444831998,30,"[0, 1, 2, 3, 4, 5, 6, 7, 8, 9, 10, 11, 12, 13, 14, 15, 16, 17, 18, 19, 20, 21, 22, 23, 24, 25, 26, 27, 28, 29]","[1.5245189666748047, 1.4705820083618164, 1.4570679664611816, 1.445929765701294, 1.4175021648406982, 1.3668702840805054, 1.4628190994262695, 1.3870984315872192, 1.4192346334457397, 1.4125434160232544, 1.4861081838607788, 1.4270367622375488, 1.4457324743270874, 1.4265367984771729, 1.3795194625854492, 1.4670318365097046, 1.4887619018554688, 1.4676724672317505, 1.4981948137283325, 1.344343662261963, 1.4212650060653687, 1.5067567825317383, 1.5088515281677246, 1.3313391208648682, 1.4277853965759277, 1.4818320274353027, 1.5026642084121704, 1.4981921911239624, 1.425321340560913, 1.4550960063934326]",sae,Pre-64
1,beta,19,0.155,0.4469965829377276,0.435497383761294,0.4126882780877415,0.5,0.6104665954706788,0.7118494204855985,30,"[0, 1, 2, 3, 4, 5, 6, 7, 8, 9, 10, 11, 12, 13, 14, 15, 16, 17, 18, 19, 20, 21, 22, 23, 24, 25, 26, 27, 28, 29]","[1.2501333951950073, 1.2597665786743164, 1.3307093381881714, 1.279415249824524, 1.1836392879486084, 1.2027924060821533, 1.2478857040405273, 1.3107914924621582, 1.2320905923843384, 1.327286720275879, 1.3135197162628174, 1.3469772338867188, 1.248352289199829, 1.2595634460449219, 1.1640292406082153, 1.1875282526016235, 1.319291591644287, 1.3518729209899902, 1.2038413286209106, 1.2370315790176392, 1.3601758480072021, 1.2456789016723633, 1.2386196851730347, 1.2403286695480347, 1.2396457195281982, 1.32307767868042, 1.3429690599441528, 1.2646572589874268, 1.208123803138733, 1.219591498374939]",sae,Pre-64
1,beta,20,0.18,0.4408022875601419,0.4262939306313442,0.4309404831161319,0.5,0.6176087118064704,0.6484236196961406,30,"[0, 1, 2, 3, 4, 5, 6, 7, 8, 9, 10, 11, 12, 13, 14, 15, 16, 17, 18, 19, 20, 21, 22, 23, 24, 25, 26, 27, 28, 29]","[1.2497590780258179, 1.325156569480896, 1.2710164785385132, 1.352702260017395, 1.3282018899917603, 1.3137859106063843, 1.3207221031188965, 1.2499468326568604, 1.3185138702392578, 1.2660017013549805, 1.271990180015564, 1.2615834474563599, 1.356573462486267, 1.2229843139648438, 1.2535430192947388, 1.3555516004562378, 1.2390491962432861, 1.2564245462417603, 1.2976011037826538, 1.2919574975967407, 1.3002279996871948, 1.2270750999450684, 1.3186136484146118, 1.3657777309417725, 1.32265305519104, 1.2381209135055542, 1.2654452323913574, 1.3017829656600952, 1.2520151138305664, 1.3466624021530151]",sae,Pre-64
1,beta,20,0.086,0.4408022875601419,0.4262939306313442,0.4359052919638047,0.5,0.6176087118064704,0.6504755824872154,30,"[0, 1, 2, 3, 4, 5, 6, 7, 8, 9, 10, 11, 12, 13, 14, 15, 16, 17, 18, 19, 20, 21, 22, 23, 24, 25, 26, 27, 28, 29]","[1.4341554641723633, 1.5048986673355103, 1.4422355890274048, 1.5489230155944824, 1.496660590171814, 1.5148541927337646, 1.511504888534546, 1.4323203563690186, 1.4784282445907593, 1.437087893486023, 1.4503281116485596, 1.4430298805236816, 1.5610222816467285, 1.3930761814117432, 1.448837161064148, 1.5478984117507935, 1.4391815662384033, 1.4107390642166138, 1.4794360399246216, 1.4787479639053345, 1.472872018814087, 1.380049705505371, 1.4984567165374756, 1.553041934967041, 1.5177042484283447, 1.4048163890838623, 1.4486485719680786, 1.4908229112625122, 1.403321385383606, 1.5518124103546143]",sae,Pre-64
1,beta,11,0.1,0.4566976193509867,0.4496008864727478,0.4367669299031837,0.5,0.5995106990682213,0.7107271620545957,30,"[0, 1, 2, 3, 4, 5, 6, 7, 8, 9, 10, 11, 12, 13, 14, 15, 16, 17, 18, 19, 20, 21, 22, 23, 24, 25, 26, 27, 28, 29]","[1.4564440250396729, 1.2628041505813599, 1.4131745100021362, 1.3351696729660034, 1.4905164241790771, 1.3567708730697632, 1.3642176389694214, 1.243910551071167, 1.475423812866211, 1.4770010709762573, 1.4925769567489624, 1.5062249898910522, 1.5081901550292969, 1.4024282693862915, 1.373052716255188, 1.3775488138198853, 1.429587721824646, 1.3573592901229858, 1.3865437507629395, 1.4474873542785645, 1.416371464729309, 1.4321753978729248, 1.4900484085083008, 1.4076635837554932, 1.397495150566101, 1.4634079933166504, 1.4923988580703735, 1.3488707542419434, 1.390285611152649, 1.3708735704421997]",sae,Pre-64
1,beta,2,0.14,0.4419681213812466,0.4306250660512843,0.4231080825500234,0.5,0.6028191218064636,0.6887424943200259,30,"[0, 1, 2, 3, 4, 5, 6, 7, 8, 9, 10, 11, 12, 13, 14, 15, 16, 17, 18, 19, 20, 21, 22, 23, 24, 25, 26, 27, 28, 29]","[1.2991071939468384, 1.3127151727676392, 1.2944749593734741, 1.3565798997879028, 1.2988803386688232, 1.3763153553009033, 1.3170950412750244, 1.3272415399551392, 1.2663260698318481, 1.277979850769043, 1.3162775039672852, 1.272086262702942, 1.3325886726379395, 1.382962942123413, 1.3544057607650757, 1.3106985092163086, 1.361897587776184, 1.4137340784072876, 1.4067628383636475, 1.3851302862167358, 1.3140676021575928, 1.306993842124939, 1.3710286617279053, 1.3744062185287476, 1.3018157482147217, 1.3036181926727295, 1.352603793144226, 1.3327927589416504, 1.1544581651687622, 1.409070372581482]",sae,Pre-64
1,beta,39,0.1,0.4461088087810431,0.4292341094433316,0.4355864399956764,0.5,0.6205127278095635,0.6673430528063247,30,"[0, 1, 2, 3, 4, 5, 6, 7, 8, 9, 10, 11, 12, 13, 14, 15, 16, 17, 18, 19, 20, 21, 22, 23, 24, 25, 26, 27, 28, 29]","[1.3672752380371094, 1.4414610862731934, 1.3907402753829956, 1.372389316558838, 1.3157131671905518, 1.3811410665512085, 1.3565250635147095, 1.3948010206222534, 1.3252800703048706, 1.4192695617675781, 1.3609204292297363, 1.2992993593215942, 1.3924431800842285, 1.312610149383545, 1.3903021812438965, 1.4529584646224976, 1.4054028987884521, 1.410852074623108, 1.3311374187469482, 1.2802231311798096, 1.3219561576843262, 1.4048892259597778, 1.3262630701065063, 1.3286571502685547, 1.4089735746383667, 1.3790324926376343, 1.249659776687622, 1.3407871723175049, 1.4595398902893066, 1.3382763862609863]",sae,Pre-64
1,beta,1,0.175,0.4560357198099471,0.4497423189216591,0.4449641220223955,0.5,0.5964054457666336,0.6820267861359022,30,"[0, 1, 2, 3, 4, 5, 6, 7, 8, 9, 10, 11, 12, 13, 14, 15, 16, 17, 18, 19, 20, 21, 22, 23, 24, 25, 26, 27, 28, 29]","[1.4064360857009888, 1.3071388006210327, 1.36006498336792, 1.2470709085464478, 1.3427715301513672, 1.2698498964309692, 1.2777786254882812, 1.3446791172027588, 1.2510132789611816, 1.3069829940795898, 1.305672287940979, 1.348528504371643, 1.3993475437164307, 1.276323676109314, 1.396722435951233, 1.2283505201339722, 1.2516028881072998, 1.3058985471725464, 1.3768211603164673, 1.407271385192871, 1.3959497213363647, 1.3566471338272095, 1.3310867547988892, 1.3015167713165283, 1.2688249349594116, 1.2926098108291626, 1.3210610151290894, 1.326244592666626, 1.4085743427276611, 1.3309530019760132]",sae,Pre-64
1,beta,3,0.165,0.4557259332451328,0.444824285747971,0.455654859388592,0.5,0.6042731979176,0.6513642263121229,30,"[0, 1, 2, 3, 4, 5, 6, 7, 8, 9, 10, 11, 12, 13, 14, 15, 16, 17, 18, 19, 20, 21, 22, 23, 24, 25, 26, 27, 28, 29]","[1.3584579229354858, 1.3897536993026733, 1.3723117113113403, 1.320773959159851, 1.3615758419036865, 1.3918683528900146, 1.3587548732757568, 1.4003400802612305, 1.158273458480835, 1.4258135557174683, 1.3178818225860596, 1.4257057905197144, 1.3576315641403198, 1.3277398347854614, 1.436903476715088, 1.3625473976135254, 1.3658994436264038, 1.3851428031921387, 1.3170089721679688, 1.3251816034317017, 1.2701053619384766, 1.3412680625915527, 1.3370779752731323, 1.448803186416626, 1.4150406122207642, 1.35116446018219, 1.3542382717132568, 1.345641851425171, 1.41166090965271, 1.352506160736084]",sae,Pre-64
1,beta,45,0.09,0.4515599815008028,0.4347157609968581,0.4471920402664244,0.5,0.6289673345145609,0.6764647979040783,30,"[0, 1, 2, 3, 4, 5, 6, 7, 8, 9, 10, 11, 12, 13, 14, 15, 16, 17, 18, 19, 20, 21, 22, 23, 24, 25, 26, 27, 28, 29]","[1.5437227487564087, 1.5355637073516846, 1.4288533926010132, 1.6087539196014404, 1.604748249053955, 1.4609086513519287, 1.6163079738616943, 1.5923471450805664, 1.4714343547821045, 1.431679368019104, 1.541144609451294, 1.620255470275879, 1.5746945142745972, 1.489262580871582, 1.4990966320037842, 1.5173206329345703, 1.5309040546417236, 1.405145287513733, 1.5305628776550293, 1.5229331254959106, 1.5738883018493652, 1.4719719886779785, 1.5838308334350586, 1.4514691829681396, 1.4308724403381348, 1.6099299192428589, 1.4633368253707886, 1.4786605834960938, 1.4060114622116089, 1.6107157468795776]",sae,Pre-64
1,beta,11,0.16,0.4566976193509867,0.4496008864727478,0.4327245195943158,0.5,0.5995106990682213,0.7104871938942735,30,"[0, 1, 2, 3, 4, 5, 6, 7, 8, 9, 10, 11, 12, 13, 14, 15, 16, 17, 18, 19, 20, 21, 22, 23, 24, 25, 26, 27, 28, 29]","[1.2984044551849365, 1.1097131967544556, 1.2592648267745972, 1.1938502788543701, 1.3321336507797241, 1.1939191818237305, 1.2179052829742432, 1.1184167861938477, 1.3153750896453857, 1.325562596321106, 1.3362302780151367, 1.3458251953125, 1.3491383790969849, 1.2583199739456177, 1.2352455854415894, 1.1978976726531982, 1.2746219635009766, 1.2203906774520874, 1.2544310092926025, 1.2992206811904907, 1.2805712223052979, 1.2922029495239258, 1.3300714492797852, 1.2596577405929565, 1.2605245113372803, 1.310448169708252, 1.321380376815796, 1.206089735031128, 1.252447247505188, 1.2338532209396362]",sae,Pre-64
1,beta,39,0.088,0.4461088087810431,0.4292341094433316,0.4375387242754118,0.5,0.6205127278095635,0.6695364118694469,30,"[0, 1, 2, 3, 4, 5, 6, 7, 8, 9, 10, 11, 12, 13, 14, 15, 16, 17, 18, 19, 20, 21, 22, 23, 24, 25, 26, 27, 28, 29]","[1.4218339920043945, 1.5167889595031738, 1.4569685459136963, 1.4505507946014404, 1.376939296722412, 1.4365252256393433, 1.4195640087127686, 1.4549700021743774, 1.382150650024414, 1.4979809522628784, 1.4251492023468018, 1.3697426319122314, 1.4580254554748535, 1.374356746673584, 1.4595093727111816, 1.5190788507461548, 1.4850994348526, 1.4789550304412842, 1.397645115852356, 1.3563661575317383, 1.3744795322418213, 1.4644107818603516, 1.4020553827285767, 1.404971957206726, 1.4768564701080322, 1.4293795824050903, 1.3207201957702637, 1.4001063108444214, 1.530649185180664, 1.400632381439209]",sae,Pre-64
1,beta,45,0.105,0.4515599815008028,0.4347157609968581,0.4442597040867162,0.5,0.6289673345145609,0.6751548468190147,30,"[0, 1, 2, 3, 4, 5, 6, 7, 8, 9, 10, 11, 12, 13, 14, 15, 16, 17, 18, 19, 20, 21, 22, 23, 24, 25, 26, 27, 28, 29]","[1.3811821937561035, 1.3732818365097046, 1.2855702638626099, 1.4328447580337524, 1.4294811487197876, 1.2642223834991455, 1.4476537704467773, 1.3981056213378906, 1.3158208131790161, 1.2675706148147583, 1.3602663278579712, 1.4391433000564575, 1.3930723667144775, 1.29833984375, 1.3245445489883423, 1.3515831232070923, 1.3492010831832886, 1.2163543701171875, 1.3645610809326172, 1.366118311882019, 1.3885670900344849, 1.3032562732696533, 1.3959115743637085, 1.2441788911819458, 1.2362701892852783, 1.427315354347229, 1.3079404830932617, 1.3196548223495483, 1.237107753753662, 1.4359267950057983]",sae,Pre-64
1,beta,25,0.16,0.4465066892532915,0.4352791138475453,0.4388927871578593,0.5,0.6270054355300688,0.6628267148230313,30,"[0, 1, 2, 3, 4, 5, 6, 7, 8, 9, 10, 11, 12, 13, 14, 15, 16, 17, 18, 19, 20, 21, 22, 23, 24, 25, 26, 27, 28, 29]","[1.3729972839355469, 1.3837343454360962, 1.2823073863983154, 1.4065836668014526, 1.4026055335998535, 1.3926279544830322, 1.2792917490005493, 1.3030656576156616, 1.3502204418182373, 1.2547607421875, 1.4042112827301025, 1.322448492050171, 1.385818362236023, 1.3111157417297363, 1.2942274808883667, 1.3207982778549194, 1.189602255821228, 1.2306512594223022, 1.273777723312378, 1.2995953559875488, 1.416124701499939, 1.2146308422088623, 1.367209792137146, 1.3164361715316772, 1.3499696254730225, 1.301629662513733, 1.4306695461273193, 1.3817334175109863, 1.401790976524353, 1.2563903331756592]",sae,Pre-64
1,beta,1,0.094,0.4560357198099471,0.4497423189216591,0.4463101137901698,0.5,0.5964054457666336,0.6820135052179251,30,"[0, 1, 2, 3, 4, 5, 6, 7, 8, 9, 10, 11, 12, 13, 14, 15, 16, 17, 18, 19, 20, 21, 22, 23, 24, 25, 26, 27, 28, 29]","[1.409574270248413, 1.3103060722351074, 1.3632071018218994, 1.2502449750900269, 1.345912218093872, 1.2730178833007812, 1.2809303998947144, 1.3478299379348755, 1.254188060760498, 1.3101309537887573, 1.3088297843933105, 1.3516762256622314, 1.4024975299835205, 1.2794809341430664, 1.399865984916687, 1.2314907312393188, 1.2547451257705688, 1.3090556859970093, 1.3799721002578735, 1.410422444343567, 1.3990997076034546, 1.3597949743270874, 1.3342490196228027, 1.3046873807907104, 1.2719846963882446, 1.2957690954208374, 1.3241978883743286, 1.3293849229812622, 1.4117188453674316, 1.3340959548950195]",sae,Pre-64
1,beta,34,0.086,0.4568527557813058,0.4470225010708758,0.4484312535558684,0.5,0.6011606799053854,0.6782536819522815,30,"[0, 1, 2, 3, 4, 5, 6, 7, 8, 9, 10, 11, 12, 13, 14, 15, 16, 17, 18, 19, 20, 21, 22, 23, 24, 25, 26, 27, 28, 29]","[1.3854392766952515, 1.470337152481079, 1.4757871627807617, 1.4209932088851929, 1.3705729246139526, 1.3860092163085938, 1.4271490573883057, 1.3447767496109009, 1.3487122058868408, 1.3898621797561646, 1.4449814558029175, 1.248922348022461, 1.4559354782104492, 1.3467607498168945, 1.3554024696350098, 1.3794113397598267, 1.472183346748352, 1.4878954887390137, 1.3967230319976807, 1.3859076499938965, 1.4038169384002686, 1.4901454448699951, 1.4238699674606323, 1.4479900598526, 1.3752484321594238, 1.3221079111099243, 1.501639723777771, 1.4865543842315674, 1.4739959239959717, 1.4583261013031006]",sae,Pre-64
1,beta,34,0.095,0.4568527557813058,0.4470225010708758,0.4484137246345478,0.5,0.6011606799053854,0.6782609199162712,30,"[0, 1, 2, 3, 4, 5, 6, 7, 8, 9, 10, 11, 12, 13, 14, 15, 16, 17, 18, 19, 20, 21, 22, 23, 24, 25, 26, 27, 28, 29]","[1.3841131925582886, 1.469000220298767, 1.4744569063186646, 1.4196529388427734, 1.369221568107605, 1.3846763372421265, 1.4258158206939697, 1.343449354171753, 1.3473625183105469, 1.3885302543640137, 1.4436450004577637, 1.2475963830947876, 1.4546071290969849, 1.3454381227493286, 1.3540805578231812, 1.3780698776245117, 1.4708526134490967, 1.4865622520446777, 1.3953778743743896, 1.3845798969268799, 1.4024723768234253, 1.4888169765472412, 1.4225324392318726, 1.4466642141342163, 1.373915672302246, 1.3207731246948242, 1.500308871269226, 1.4852205514907837, 1.4726601839065552, 1.4569978713989258]",sae,Pre-64
1,beta,17,0.09,0.4599327030141671,0.4513468217402507,0.4455213893375253,0.5,0.6120635717004715,0.6968005588849138,30,"[0, 1, 2, 3, 4, 5, 6, 7, 8, 9, 10, 11, 12, 13, 14, 15, 16, 17, 18, 19, 20, 21, 22, 23, 24, 25, 26, 27, 28, 29]","[1.5251853466033936, 1.4015133380889893, 1.4358395338058472, 1.4594823122024536, 1.540600061416626, 1.423117756843567, 1.4861496686935425, 1.3303461074829102, 1.44400155544281, 1.4542977809906006, 1.5083293914794922, 1.5171509981155396, 1.4518495798110962, 1.5306800603866577, 1.4536012411117554, 1.455047607421875, 1.5247998237609863, 1.4542393684387207, 1.507583737373352, 1.475075125694275, 1.3966119289398193, 1.473122239112854, 1.31352698802948, 1.4416683912277222, 1.4512466192245483, 1.4455974102020264, 1.4180901050567627, 1.4525134563446045, 1.4183396100997925, 1.5084515810012817]",sae,Pre-64
1,beta,34,0.12,0.4568527557813058,0.4470225010708758,0.4459708183047619,0.5,0.6011606799053854,0.6769798002900976,30,"[0, 1, 2, 3, 4, 5, 6, 7, 8, 9, 10, 11, 12, 13, 14, 15, 16, 17, 18, 19, 20, 21, 22, 23, 24, 25, 26, 27, 28, 29]","[1.313821792602539, 1.3971166610717773, 1.400184988975525, 1.3496891260147095, 1.309574007987976, 1.3147609233856201, 1.351515531539917, 1.2654492855072021, 1.2860779762268066, 1.31922447681427, 1.3722032308578491, 1.1779589653015137, 1.3798450231552124, 1.2669823169708252, 1.2804484367370605, 1.3091458082199097, 1.3933788537979126, 1.415431261062622, 1.3302119970321655, 1.3065669536590576, 1.3321141004562378, 1.4146610498428345, 1.3467111587524414, 1.3635993003845215, 1.3107614517211914, 1.2547961473464966, 1.4286261796951294, 1.4101401567459106, 1.4011105298995972, 1.3805971145629883]",sae,Pre-64
1,beta,17,0.105,0.4599327030141671,0.4513468217402507,0.4454662994349474,0.5,0.6120635717004715,0.6968238943719182,30,"[0, 1, 2, 3, 4, 5, 6, 7, 8, 9, 10, 11, 12, 13, 14, 15, 16, 17, 18, 19, 20, 21, 22, 23, 24, 25, 26, 27, 28, 29]","[1.521820068359375, 1.398122787475586, 1.4324718713760376, 1.4561046361923218, 1.5372487306594849, 1.4197558164596558, 1.4827711582183838, 1.3269240856170654, 1.4406355619430542, 1.4509416818618774, 1.5049853324890137, 1.5137887001037598, 1.4484593868255615, 1.5273451805114746, 1.450249433517456, 1.4516838788986206, 1.5214494466781616, 1.4508775472640991, 1.504235029220581, 1.4717036485671997, 1.3932421207427979, 1.4697575569152832, 1.3101330995559692, 1.4382898807525635, 1.4479093551635742, 1.4422519207000732, 1.4147008657455444, 1.4491463899612427, 1.4149690866470337, 1.5051100254058838]",sae,Pre-64
1,beta,29,0.175,0.4558655961502112,0.4409050416793991,0.4505630282302238,0.5,0.6296548282533407,0.6686505587517291,30,"[0, 1, 2, 3, 4, 5, 6, 7, 8, 9, 10, 11, 12, 13, 14, 15, 16, 17, 18, 19, 20, 21, 22, 23, 24, 25, 26, 27, 28, 29]","[1.2166815996170044, 1.1618245840072632, 1.045807957649231, 1.2598525285720825, 1.2042385339736938, 1.1851558685302734, 1.2647953033447266, 1.1855130195617676, 1.2502307891845703, 1.2581228017807007, 1.2110927104949951, 1.2469459772109985, 1.2537930011749268, 1.2579877376556396, 1.1948654651641846, 1.250523328781128, 1.132957100868225, 1.1862921714782715, 1.1693445444107056, 1.2170677185058594, 1.2724446058273315, 1.278355598449707, 1.2036925554275513, 1.2183647155761719, 1.2085942029953003, 1.1538223028182983, 1.2185355424880981, 1.2635008096694946, 1.313022255897522, 1.1893326044082642]",sae,Pre-64
1,beta,46,0.098,0.4545712902572906,0.4417269056853911,0.4495213360268345,0.5,0.6270377926330811,0.6878247815543324,30,"[0, 1, 2, 3, 4, 5, 6, 7, 8, 9, 10, 11, 12, 13, 14, 15, 16, 17, 18, 19, 20, 21, 22, 23, 24, 25, 26, 27, 28, 29]","[1.3953183889389038, 1.492253065109253, 1.4920156002044678, 1.4814302921295166, 1.400502324104309, 1.526436686515808, 1.4167791604995728, 1.5342937707901, 1.4752556085586548, 1.5771923065185547, 1.297479510307312, 1.4097284078598022, 1.5406042337417603, 1.3925585746765137, 1.4577761888504028, 1.5363556146621704, 1.4725273847579956, 1.487873911857605, 1.5461970567703247, 1.530608892440796, 1.4503123760223389, 1.448491096496582, 1.4812304973602295, 1.4792122840881348, 1.489617109298706, 1.5001444816589355, 1.468722939491272, 1.5272248983383179, 1.4517736434936523, 1.4723761081695557]",sae,Pre-64
1,beta,32,0.19,0.4555596844830426,0.4475674839123162,0.4655187818485291,0.5,0.5924839124839124,0.6294348225776798,30,"[0, 1, 2, 3, 4, 5, 6, 7, 8, 9, 10, 11, 12, 13, 14, 15, 16, 17, 18, 19, 20, 21, 22, 23, 24, 25, 26, 27, 28, 29]","[1.336508870124817, 1.2421663999557495, 1.334139347076416, 1.2669166326522827, 1.2721614837646484, 1.3532897233963013, 1.280369758605957, 1.2550363540649414, 1.2556787729263306, 1.2583357095718384, 1.2544525861740112, 1.247283935546875, 1.278698444366455, 1.2005200386047363, 1.1901607513427734, 1.2078956365585327, 1.237432837486267, 1.276373028755188, 1.221511721611023, 1.2597191333770752, 1.3401663303375244, 1.2588846683502197, 1.2085837125778198, 1.3361693620681763, 1.2734860181808472, 1.2109509706497192, 1.3248224258422852, 1.1298365592956543, 1.3436700105667114, 1.3354696035385132]",sae,Pre-64
1,beta,18,0.13,0.4575117633693479,0.4471831599677374,0.4222634610977272,0.5,0.6052065040104606,0.7306026294950801,30,"[0, 1, 2, 3, 4, 5, 6, 7, 8, 9, 10, 11, 12, 13, 14, 15, 16, 17, 18, 19, 20, 21, 22, 23, 24, 25, 26, 27, 28, 29]","[1.2491346597671509, 1.3991316556930542, 1.4278541803359985, 1.3516124486923218, 1.3578873872756958, 1.3678598403930664, 1.5349661111831665, 1.3313180208206177, 1.413993000984192, 1.3074253797531128, 1.5003550052642822, 1.4007900953292847, 1.4273699522018433, 1.441500186920166, 1.361668348312378, 1.310837984085083, 1.432813048362732, 1.3574005365371704, 1.339155912399292, 1.2703437805175781, 1.5185117721557617, 1.3377137184143066, 1.4509435892105103, 1.4137351512908936, 1.4005308151245117, 1.3808035850524902, 1.4118739366531372, 1.4474966526031494, 1.4220283031463623, 1.365926742553711]",sae,Pre-64
1,beta,1,0.115,0.4560357198099471,0.4497423189216591,0.4462986450502109,0.5,0.5964054457666336,0.6820194078481371,30,"[0, 1, 2, 3, 4, 5, 6, 7, 8, 9, 10, 11, 12, 13, 14, 15, 16, 17, 18, 19, 20, 21, 22, 23, 24, 25, 26, 27, 28, 29]","[1.4087605476379395, 1.309484601020813, 1.3623926639556885, 1.2494219541549683, 1.3450980186462402, 1.2721964120864868, 1.2801133394241333, 1.3470131158828735, 1.2533646821975708, 1.3093143701553345, 1.3080109357833862, 1.3508599996566772, 1.4016807079315186, 1.2786622047424316, 1.399051308631897, 1.2306767702102661, 1.2539303302764893, 1.3082371950149536, 1.3791548013687134, 1.409605622291565, 1.3982826471328735, 1.3589783906936646, 1.3334288597106934, 1.3038650751113892, 1.2711656093597412, 1.2949497699737549, 1.323384404182434, 1.3285707235336304, 1.4109034538269043, 1.33328115940094]",sae,Pre-64
1,beta,12,0.125,0.4455148672091349,0.4361346773072694,0.4119074358346046,0.5,0.5892778403611032,0.7320441687661944,30,"[0, 1, 2, 3, 4, 5, 6, 7, 8, 9, 10, 11, 12, 13, 14, 15, 16, 17, 18, 19, 20, 21, 22, 23, 24, 25, 26, 27, 28, 29]","[1.366317629814148, 1.4739645719528198, 1.383104920387268, 1.2828704118728638, 1.4711945056915283, 1.4070097208023071, 1.4006171226501465, 1.452754259109497, 1.4880813360214233, 1.3590744733810425, 1.3609213829040527, 1.5292552709579468, 1.3873683214187622, 1.4598323106765747, 1.3450583219528198, 1.5329586267471313, 1.3175194263458252, 1.5114108324050903, 1.4328793287277222, 1.5255274772644043, 1.489238977432251, 1.4357789754867554, 1.3873158693313599, 1.5316272974014282, 1.5091568231582642, 1.377901315689087, 1.5096546411514282, 1.4547123908996582, 1.4082157611846924, 1.540140151977539]",sae,Pre-64
1,beta,7,0.18,0.4564836922581216,0.4420418003909208,0.4349916622853615,0.5,0.6095136152062148,0.7014016976066311,30,"[0, 1, 2, 3, 4, 5, 6, 7, 8, 9, 10, 11, 12, 13, 14, 15, 16, 17, 18, 19, 20, 21, 22, 23, 24, 25, 26, 27, 28, 29]","[1.282880187034607, 1.3119784593582153, 1.3314276933670044, 1.2891216278076172, 1.3491542339324951, 1.303781270980835, 1.2529898881912231, 1.3069034814834595, 1.39498770236969, 1.3144692182540894, 1.2269922494888306, 1.2751628160476685, 1.2352020740509033, 1.2550122737884521, 1.4076207876205444, 1.3200979232788086, 1.2768948078155518, 1.235192060470581, 1.3408586978912354, 1.3476171493530273, 1.303999423980713, 1.312868356704712, 1.3167976140975952, 1.2663905620574951, 1.3651071786880493, 1.3277113437652588, 1.3019906282424927, 1.1842130422592163, 1.3863478899002075, 1.274446725845337]",sae,Pre-64
1,beta,18,0.098,0.4575117633693479,0.4471831599677374,0.4223023651824179,0.5,0.6052065040104606,0.7306468765400642,30,"[0, 1, 2, 3, 4, 5, 6, 7, 8, 9, 10, 11, 12, 13, 14, 15, 16, 17, 18, 19, 20, 21, 22, 23, 24, 25, 26, 27, 28, 29]","[1.2532159090042114, 1.4031614065170288, 1.4319007396697998, 1.3556876182556152, 1.3619602918624878, 1.3719161748886108, 1.5389786958694458, 1.3353596925735474, 1.4180090427398682, 1.3114581108093262, 1.5043858289718628, 1.4048312902450562, 1.4314018487930298, 1.4455490112304688, 1.365723967552185, 1.3148430585861206, 1.4368815422058105, 1.3614170551300049, 1.3431743383407593, 1.2743620872497559, 1.5225332975387573, 1.3417567014694214, 1.4549798965454102, 1.4177777767181396, 1.404581069946289, 1.384827971458435, 1.4159190654754639, 1.4515273571014404, 1.426086664199829, 1.3699783086776733]",sae,Pre-64
1,beta,22,0.11,0.4519005213187685,0.4442985770479847,0.4419989868126558,0.5,0.5939599289403404,0.6814036047482911,30,"[0, 1, 2, 3, 4, 5, 6, 7, 8, 9, 10, 11, 12, 13, 14, 15, 16, 17, 18, 19, 20, 21, 22, 23, 24, 25, 26, 27, 28, 29]","[1.3114089965820312, 1.3631151914596558, 1.3751307725906372, 1.3769128322601318, 1.4285262823104858, 1.3421906232833862, 1.3401758670806885, 1.3315538167953491, 1.316526174545288, 1.3509247303009033, 1.3134552240371704, 1.4213690757751465, 1.3763123750686646, 1.4070945978164673, 1.2984349727630615, 1.390427827835083, 1.400132417678833, 1.372641682624817, 1.2980643510818481, 1.319537878036499, 1.382049798965454, 1.3835580348968506, 1.382737159729004, 1.3455581665039062, 1.3713734149932861, 1.4166221618652344, 1.312272310256958, 1.31145441532135, 1.4538806676864624, 1.2982792854309082]",sae,Pre-64
1,beta,35,0.145,0.4566193215888805,0.4379483378046387,0.4291675369321771,0.5,0.637290178651746,0.7122606432422385,30,"[0, 1, 2, 3, 4, 5, 6, 7, 8, 9, 10, 11, 12, 13, 14, 15, 16, 17, 18, 19, 20, 21, 22, 23, 24, 25, 26, 27, 28, 29]","[1.233353853225708, 1.2754894495010376, 1.3452470302581787, 1.2921985387802124, 1.2776826620101929, 1.2643604278564453, 1.2049418687820435, 1.3632686138153076, 1.3662123680114746, 1.2891408205032349, 1.3302602767944336, 1.221403956413269, 1.2828421592712402, 1.17164945602417, 1.2729496955871582, 1.228919506072998, 1.343005657196045, 1.2177735567092896, 1.3155306577682495, 1.2121872901916504, 1.2322348356246948, 1.2257628440856934, 1.2566475868225098, 1.191397786140442, 1.2460964918136597, 1.2797613143920898, 1.2538172006607056, 1.3208661079406738, 1.3312673568725586, 1.3009228706359863]",sae,Pre-64
1,beta,46,0.19,0.4545712902572906,0.4417269056853911,0.4450798430768721,0.5,0.6270377926330811,0.6841223609382507,30,"[0, 1, 2, 3, 4, 5, 6, 7, 8, 9, 10, 11, 12, 13, 14, 15, 16, 17, 18, 19, 20, 21, 22, 23, 24, 25, 26, 27, 28, 29]","[1.1605839729309082, 1.2325963973999023, 1.2481722831726074, 1.249533772468567, 1.1887978315353394, 1.2818208932876587, 1.1905152797698975, 1.2588187456130981, 1.227943778038025, 1.2995549440383911, 1.0653156042099, 1.1619406938552856, 1.3013006448745728, 1.1704630851745605, 1.2270970344543457, 1.2811660766601562, 1.2396571636199951, 1.2584072351455688, 1.2591217756271362, 1.277535080909729, 1.2051252126693726, 1.2233694791793823, 1.2517229318618774, 1.2378768920898438, 1.2598581314086914, 1.2671061754226685, 1.2359105348587036, 1.2851537466049194, 1.2299818992614746, 1.2298767566680908]",sae,Pre-64
1,beta,46,0.13,0.4545712902572906,0.4417269056853911,0.4494525798420987,0.5,0.6270377926330811,0.6884378123070913,30,"[0, 1, 2, 3, 4, 5, 6, 7, 8, 9, 10, 11, 12, 13, 14, 15, 16, 17, 18, 19, 20, 21, 22, 23, 24, 25, 26, 27, 28, 29]","[1.3369284868240356, 1.4334118366241455, 1.434381127357483, 1.4280827045440674, 1.3493908643722534, 1.4664654731750488, 1.360335111618042, 1.4701968431472778, 1.4153783321380615, 1.5116188526153564, 1.2380980253219604, 1.3513987064361572, 1.4825210571289062, 1.3356709480285645, 1.403824806213379, 1.4733481407165527, 1.4174535274505615, 1.4289932250976562, 1.475645661354065, 1.470450520515442, 1.3889057636260986, 1.39353346824646, 1.4266611337661743, 1.4207552671432495, 1.4364845752716064, 1.4446043968200684, 1.40945565700531, 1.4719852209091187, 1.394436240196228, 1.4159772396087646]",sae,Pre-64
1,beta,42,0.15,0.4546678683050885,0.4407690563496341,0.4451914840363594,0.5,0.6336081445133979,0.6603511208928656,30,"[0, 1, 2, 3, 4, 5, 6, 7, 8, 9, 10, 11, 12, 13, 14, 15, 16, 17, 18, 19, 20, 21, 22, 23, 24, 25, 26, 27, 28, 29]","[1.2767118215560913, 1.1509020328521729, 1.2741888761520386, 1.2517021894454956, 1.16533625125885, 1.2553739547729492, 1.1647206544876099, 1.148014783859253, 1.1693377494812012, 1.2613091468811035, 1.2386943101882935, 1.2795376777648926, 1.1614588499069214, 1.0049147605895996, 1.2809103727340698, 1.1924101114273071, 1.141250491142273, 1.1302461624145508, 1.240049958229065, 1.2147595882415771, 1.1706880331039429, 1.1570767164230347, 1.171014428138733, 1.1616032123565674, 1.189007043838501, 1.1533206701278687, 1.2752232551574707, 1.16252863407135, 1.2145106792449951, 1.1530125141143799]",sae,Pre-64
1,beta,30,0.14,0.4638407167611665,0.4544841508273655,0.4368581832465081,0.5,0.6043368975359404,0.6928306836614979,30,"[0, 1, 2, 3, 4, 5, 6, 7, 8, 9, 10, 11, 12, 13, 14, 15, 16, 17, 18, 19, 20, 21, 22, 23, 24, 25, 26, 27, 28, 29]","[1.3263111114501953, 1.2762073278427124, 1.3079832792282104, 1.270832896232605, 1.2715526819229126, 1.2551292181015015, 1.2723599672317505, 1.2431167364120483, 1.22979736328125, 1.2478135824203491, 1.3292489051818848, 1.2337374687194824, 1.2175791263580322, 1.2399462461471558, 1.297658920288086, 1.3122103214263916, 1.2549827098846436, 1.2587867975234985, 1.3340128660202026, 1.2578850984573364, 1.2348278760910034, 1.1891846656799316, 1.271952748298645, 1.2597111463546753, 1.3692060708999634, 1.2569091320037842, 1.29515540599823, 1.2537606954574585, 1.3048142194747925, 1.2797911167144775]",sae,Pre-64
1,beta,18,0.19,0.4575117633693479,0.4471831599677374,0.4182839141236465,0.5,0.6052065040104606,0.7279783219994782,30,"[0, 1, 2, 3, 4, 5, 6, 7, 8, 9, 10, 11, 12, 13, 14, 15, 16, 17, 18, 19, 20, 21, 22, 23, 24, 25, 26, 27, 28, 29]","[1.08156156539917, 1.1808451414108276, 1.2274887561798096, 1.1775970458984375, 1.1839946508407593, 1.1783868074417114, 1.302558422088623, 1.1474957466125488, 1.2003755569458008, 1.1137614250183105, 1.279771089553833, 1.1947054862976074, 1.217077374458313, 1.243087649345398, 1.1674503087997437, 1.1044795513153076, 1.2428091764450073, 1.1572407484054565, 1.1403177976608276, 1.0754040479660034, 1.2844663858413696, 1.1361045837402344, 1.2445805072784424, 1.2017990350723267, 1.1962649822235107, 1.1700507402420044, 1.2117968797683716, 1.2385376691818237, 1.2291908264160156, 1.181313395500183]",sae,Pre-64
1,beta,41,0.125,0.4543678569363413,0.4427951465832617,0.449141437677752,0.5,0.6190905384235713,0.6738599540762678,30,"[0, 1, 2, 3, 4, 5, 6, 7, 8, 9, 10, 11, 12, 13, 14, 15, 16, 17, 18, 19, 20, 21, 22, 23, 24, 25, 26, 27, 28, 29]","[1.258077621459961, 1.311787486076355, 1.2090661525726318, 1.1995402574539185, 1.181671380996704, 1.3540928363800049, 1.2357709407806396, 1.2822742462158203, 1.2607923746109009, 1.3173142671585083, 1.3185646533966064, 1.279329776763916, 1.2867934703826904, 1.325793743133545, 1.3338770866394043, 1.2740641832351685, 1.224150538444519, 1.2844650745391846, 1.274098515510559, 1.2938168048858643, 1.2022687196731567, 1.264724850654602, 1.2785698175430298, 1.281011700630188, 1.2774137258529663, 1.262553095817566, 1.3096424341201782, 1.3148716688156128, 1.2705681324005127, 1.2197977304458618]",sae,Pre-64
1,beta,30,0.105,0.4638407167611665,0.4544841508273655,0.4397690718084223,0.5,0.6043368975359404,0.694892158595077,30,"[0, 1, 2, 3, 4, 5, 6, 7, 8, 9, 10, 11, 12, 13, 14, 15, 16, 17, 18, 19, 20, 21, 22, 23, 24, 25, 26, 27, 28, 29]","[1.5241672992706299, 1.4929965734481812, 1.5042611360549927, 1.4447064399719238, 1.4575928449630737, 1.435983419418335, 1.446771502494812, 1.4231436252593994, 1.4158705472946167, 1.4342515468597412, 1.498671531677246, 1.4288522005081177, 1.40457284450531, 1.4266242980957031, 1.493598222732544, 1.4975990056991577, 1.415728211402893, 1.4374513626098633, 1.5193297863006592, 1.4439278841018677, 1.4206607341766357, 1.3859248161315918, 1.48489248752594, 1.439774751663208, 1.5555791854858398, 1.432363748550415, 1.4577372074127197, 1.42768394947052, 1.4949054718017578, 1.4502025842666626]",sae,Pre-64
1,beta,26,0.088,0.4502231978181314,0.4442488029476733,0.4597021942331517,0.5,0.5832450787939482,0.6467026774728627,30,"[0, 1, 2, 3, 4, 5, 6, 7, 8, 9, 10, 11, 12, 13, 14, 15, 16, 17, 18, 19, 20, 21, 22, 23, 24, 25, 26, 27, 28, 29]","[1.422789454460144, 1.4340111017227173, 1.596595048904419, 1.388746976852417, 1.4596189260482788, 1.5017226934432983, 1.4880069494247437, 1.3866560459136963, 1.4906020164489746, 1.4573177099227905, 1.3731591701507568, 1.598761796951294, 1.5343183279037476, 1.4726686477661133, 1.5480328798294067, 1.4342199563980103, 1.479751467704773, 1.3654149770736694, 1.5096606016159058, 1.4599095582962036, 1.419538974761963, 1.5735323429107666, 1.4612849950790405, 1.5020976066589355, 1.5795966386795044, 1.570680856704712, 1.4287258386611938, 1.4844495058059692, 1.2970563173294067, 1.4200319051742554]",sae,Pre-64
1,beta,43,0.175,0.4515364523902173,0.4432102910589974,0.4345874054365334,0.5,0.6060785767234989,0.6985277983691622,30,"[0, 1, 2, 3, 4, 5, 6, 7, 8, 9, 10, 11, 12, 13, 14, 15, 16, 17, 18, 19, 20, 21, 22, 23, 24, 25, 26, 27, 28, 29]","[1.3259495496749878, 1.4137908220291138, 1.344832181930542, 1.281259298324585, 1.320009469985962, 1.2542736530303955, 1.2976757287979126, 1.2769653797149658, 1.3773661851882935, 1.2764158248901367, 1.238513469696045, 1.3840343952178955, 1.3284590244293213, 1.27825129032135, 1.2751561403274536, 1.1856839656829834, 1.3645479679107666, 1.2912278175354004, 1.3625930547714233, 1.3482846021652222, 1.274857997894287, 1.275671124458313, 1.3714302778244019, 1.3474689722061157, 1.244481086730957, 1.3602328300476074, 1.388253092765808, 1.2841572761535645, 1.360492467880249, 1.3965445756912231]",sae,Pre-64
1,beta,10,0.195,0.4493907433353129,0.4390813823454372,0.4378373003843949,0.5,0.6232207829487961,0.6759539273027378,30,"[0, 1, 2, 3, 4, 5, 6, 7, 8, 9, 10, 11, 12, 13, 14, 15, 16, 17, 18, 19, 20, 21, 22, 23, 24, 25, 26, 27, 28, 29]","[1.209032654762268, 1.135841965675354, 1.2758288383483887, 1.2240389585494995, 1.2155964374542236, 1.238900065422058, 1.3098703622817993, 1.2414300441741943, 1.1221954822540283, 1.2583297491073608, 1.2287336587905884, 1.243678092956543, 1.2376234531402588, 1.2139256000518799, 1.304359793663025, 1.2430113554000854, 1.2498754262924194, 1.1860440969467163, 1.2103246450424194, 1.1868261098861694, 1.2099348306655884, 1.2177330255508423, 1.283893346786499, 1.2795466184616089, 1.1832756996154785, 1.1916502714157104, 1.2311209440231323, 1.2509431838989258, 1.2222672700881958, 1.2472797632217407]",sae,Pre-64
1,beta,9,0.17,0.448644851968101,0.4348910401892977,0.4421534838583524,0.5,0.6286670530281078,0.6714532019704432,30,"[0, 1, 2, 3, 4, 5, 6, 7, 8, 9, 10, 11, 12, 13, 14, 15, 16, 17, 18, 19, 20, 21, 22, 23, 24, 25, 26, 27, 28, 29]","[1.3254070281982422, 1.2610114812850952, 1.3453513383865356, 1.3231260776519775, 1.2627296447753906, 1.1269950866699219, 1.3191511631011963, 1.2439509630203247, 1.3234175443649292, 1.2053428888320923, 1.3128504753112793, 1.2671324014663696, 1.2718487977981567, 1.3113865852355957, 1.3577970266342163, 1.2798476219177246, 1.2417715787887573, 1.3333779573440552, 1.3441749811172485, 1.2412140369415283, 1.3306303024291992, 1.3391096591949463, 1.2443811893463135, 1.3300039768218994, 1.3455042839050293, 1.3294386863708496, 1.19675874710083, 1.1418125629425049, 1.2587687969207764, 1.3463160991668701]",sae,Pre-64
1,beta,42,0.115,0.4546678683050885,0.4407690563496341,0.4505064379499855,0.5,0.6336081445133979,0.6604307980949633,30,"[0, 1, 2, 3, 4, 5, 6, 7, 8, 9, 10, 11, 12, 13, 14, 15, 16, 17, 18, 19, 20, 21, 22, 23, 24, 25, 26, 27, 28, 29]","[1.3832504749298096, 1.2531797885894775, 1.3883782625198364, 1.378320336341858, 1.2967445850372314, 1.367935061454773, 1.2917513847351074, 1.26421058177948, 1.2687605619430542, 1.3765794038772583, 1.354224443435669, 1.395072102546692, 1.2710615396499634, 1.0951529741287231, 1.3989909887313843, 1.3081024885177612, 1.2471773624420166, 1.2335411310195923, 1.3545361757278442, 1.3410409688949585, 1.2846027612686157, 1.2709492444992065, 1.2884325981140137, 1.255354642868042, 1.2892299890518188, 1.2613037824630737, 1.3904441595077515, 1.2716432809829712, 1.3279690742492676, 1.254292368888855]",sae,Pre-64
1,beta,15,0.175,0.4529015220185267,0.4424399871594601,0.4310868625014623,0.5,0.6161071485640408,0.710440302735368,30,"[0, 1, 2, 3, 4, 5, 6, 7, 8, 9, 10, 11, 12, 13, 14, 15, 16, 17, 18, 19, 20, 21, 22, 23, 24, 25, 26, 27, 28, 29]","[1.2301183938980103, 1.1848728656768799, 1.2191156148910522, 1.2414226531982422, 1.2629443407058716, 1.2151182889938354, 1.2050232887268066, 1.227096676826477, 1.261192798614502, 1.2785009145736694, 1.2497271299362183, 1.182905912399292, 1.3100780248641968, 1.2768194675445557, 1.1984195709228516, 1.2442649602890015, 1.204171061515808, 1.292052149772644, 1.1800143718719482, 1.2536633014678955, 1.310106873512268, 1.2839800119400024, 1.2270361185073853, 1.2570579051971436, 1.192670226097107, 1.1091785430908203, 1.2687543630599976, 1.3171120882034302, 1.2300163507461548, 1.2435961961746216]",sae,Pre-64
1,beta,2,0.105,0.4419681213812466,0.4306250660512843,0.4254893080738592,0.5,0.6028191218064636,0.6887562595632215,30,"[0, 1, 2, 3, 4, 5, 6, 7, 8, 9, 10, 11, 12, 13, 14, 15, 16, 17, 18, 19, 20, 21, 22, 23, 24, 25, 26, 27, 28, 29]","[1.3014408349990845, 1.3150403499603271, 1.29679274559021, 1.3589130640029907, 1.3012043237686157, 1.3786364793777466, 1.3194260597229004, 1.329573154449463, 1.268664836883545, 1.2803181409835815, 1.3186030387878418, 1.27443528175354, 1.3349194526672363, 1.3852782249450684, 1.3567330837249756, 1.3130245208740234, 1.3642140626907349, 1.4160575866699219, 1.4090802669525146, 1.3874567747116089, 1.316401481628418, 1.3093173503875732, 1.373355507850647, 1.376721978187561, 1.304144263267517, 1.3059321641921997, 1.3549306392669678, 1.335130214691162, 1.1568019390106201, 1.4113891124725342]",sae,Pre-64
1,beta,12,0.096,0.4455148672091349,0.4361346773072694,0.4119671399868438,0.5,0.5892778403611032,0.7320301459463923,30,"[0, 1, 2, 3, 4, 5, 6, 7, 8, 9, 10, 11, 12, 13, 14, 15, 16, 17, 18, 19, 20, 21, 22, 23, 24, 25, 26, 27, 28, 29]","[1.3704408407211304, 1.4780927896499634, 1.3872301578521729, 1.286993145942688, 1.475309133529663, 1.411125898361206, 1.4047642946243286, 1.4569127559661865, 1.4922385215759277, 1.3632135391235352, 1.3650414943695068, 1.5333822965621948, 1.3915159702301025, 1.4639654159545898, 1.3491921424865723, 1.537081241607666, 1.321661353111267, 1.5155086517333984, 1.4370195865631104, 1.5296337604522705, 1.4933993816375732, 1.439910888671875, 1.39146888256073, 1.5357599258422852, 1.5132805109024048, 1.3820304870605469, 1.513787031173706, 1.4588731527328491, 1.4123743772506714, 1.5442770719528198]",sae,Pre-64
1,beta,41,0.185,0.4543678569363413,0.4427951465832617,0.4471046957823964,0.5,0.6190905384235713,0.6738671073055931,30,"[0, 1, 2, 3, 4, 5, 6, 7, 8, 9, 10, 11, 12, 13, 14, 15, 16, 17, 18, 19, 20, 21, 22, 23, 24, 25, 26, 27, 28, 29]","[1.2568343877792358, 1.310543417930603, 1.207830548286438, 1.1983006000518799, 1.1804327964782715, 1.3528543710708618, 1.234532356262207, 1.2810301780700684, 1.2595465183258057, 1.3160761594772339, 1.317323088645935, 1.278084397315979, 1.285548448562622, 1.3245537281036377, 1.3326350450515747, 1.272828221321106, 1.222914457321167, 1.283223032951355, 1.27285897731781, 1.2925728559494019, 1.2010263204574585, 1.2634813785552979, 1.2773230075836182, 1.27976655960083, 1.2761715650558472, 1.2613122463226318, 1.3084001541137695, 1.3136310577392578, 1.269324779510498, 1.2185595035552979]",sae,Pre-64
1,beta,7,0.086,0.4564836922581216,0.4420418003909208,0.4378391381926744,0.5,0.6095136152062148,0.7014267621478247,30,"[0, 1, 2, 3, 4, 5, 6, 7, 8, 9, 10, 11, 12, 13, 14, 15, 16, 17, 18, 19, 20, 21, 22, 23, 24, 25, 26, 27, 28, 29]","[1.400390863418579, 1.448813557624817, 1.4645040035247803, 1.432795763015747, 1.481750726699829, 1.4358282089233398, 1.4027019739151, 1.4398819208145142, 1.5380123853683472, 1.443177580833435, 1.3660287857055664, 1.408195972442627, 1.3716630935668945, 1.3914016485214233, 1.5496494770050049, 1.4631364345550537, 1.3898800611495972, 1.3800796270370483, 1.483494758605957, 1.4784120321273804, 1.4479161500930786, 1.4675509929656982, 1.4716500043869019, 1.4086581468582153, 1.5065919160842896, 1.4952971935272217, 1.4150381088256836, 1.32911217212677, 1.5174369812011719, 1.4073753356933594]",sae,Pre-64
1,beta,29,0.115,0.4558655961502112,0.4409050416793991,0.4526308423497236,0.5,0.6296548282533407,0.6714012327455339,30,"[0, 1, 2, 3, 4, 5, 6, 7, 8, 9, 10, 11, 12, 13, 14, 15, 16, 17, 18, 19, 20, 21, 22, 23, 24, 25, 26, 27, 28, 29]","[1.3504984378814697, 1.3004101514816284, 1.1433528661727905, 1.4051294326782227, 1.3357374668121338, 1.3098502159118652, 1.4191923141479492, 1.3110579252243042, 1.3947715759277344, 1.4068453311920166, 1.3412401676177979, 1.382340908050537, 1.3993878364562988, 1.3816583156585693, 1.3470432758331299, 1.3821723461151123, 1.2960282564163208, 1.3297618627548218, 1.3027492761611938, 1.3474862575531006, 1.4243547916412354, 1.434083342552185, 1.332454800605774, 1.3463300466537476, 1.3506290912628174, 1.2847707271575928, 1.3435784578323364, 1.4137603044509888, 1.4604970216751099, 1.3146088123321533]",sae,Pre-64
1,beta,37,0.17,0.4546908257221888,0.444978337644671,0.4259700181712841,0.5,0.6058579085235571,0.7195923516133316,30,"[0, 1, 2, 3, 4, 5, 6, 7, 8, 9, 10, 11, 12, 13, 14, 15, 16, 17, 18, 19, 20, 21, 22, 23, 24, 25, 26, 27, 28, 29]","[1.2191267013549805, 1.2905069589614868, 1.2640506029129028, 1.255021572113037, 1.1850262880325317, 1.29063880443573, 1.230682611465454, 1.3285869359970093, 1.375388264656067, 1.2902342081069946, 1.2645318508148193, 1.267629861831665, 1.3038893938064575, 1.2613273859024048, 1.3290424346923828, 1.2700306177139282, 1.2643800973892212, 1.3157463073730469, 1.2787737846374512, 1.2842776775360107, 1.2856770753860474, 1.2906709909439087, 1.3356132507324219, 1.3101431131362915, 1.2804657220840454, 1.3183218240737915, 1.2738044261932373, 1.2886593341827393, 1.311333179473877, 1.328865885734558]",sae,Pre-64
1,beta,23,0.17,0.4478205607315014,0.4344954522622479,0.4317269217414636,0.5,0.6150139710231751,0.6708360375243376,30,"[0, 1, 2, 3, 4, 5, 6, 7, 8, 9, 10, 11, 12, 13, 14, 15, 16, 17, 18, 19, 20, 21, 22, 23, 24, 25, 26, 27, 28, 29]","[1.2233617305755615, 1.2534562349319458, 1.2154582738876343, 1.3413695096969604, 1.1524990797042847, 1.2240524291992188, 1.3200222253799438, 1.2632250785827637, 1.2190064191818237, 1.34430992603302, 1.3362019062042236, 1.2942543029785156, 1.2835384607315063, 1.1673678159713745, 1.2812806367874146, 1.3361718654632568, 1.0681416988372803, 1.266545057296753, 1.2138713598251343, 1.229209065437317, 1.3326365947723389, 1.3482450246810913, 1.2179858684539795, 1.3430895805358887, 1.3298137187957764, 1.274955153465271, 1.2361279726028442, 1.222446322441101, 1.257605791091919, 1.3487703800201416]",sae,Pre-64
1,beta,29,0.094,0.4558655961502112,0.4409050416793991,0.455255825728168,0.5,0.6296548282533407,0.6719137527705303,30,"[0, 1, 2, 3, 4, 5, 6, 7, 8, 9, 10, 11, 12, 13, 14, 15, 16, 17, 18, 19, 20, 21, 22, 23, 24, 25, 26, 27, 28, 29]","[1.3902889490127563, 1.351074457168579, 1.1706711053848267, 1.4548300504684448, 1.3823322057724, 1.3552988767623901, 1.4698870182037354, 1.3511165380477905, 1.4369815587997437, 1.4606794118881226, 1.3836106061935425, 1.428733468055725, 1.4456604719161987, 1.422972321510315, 1.402164340019226, 1.4219824075698853, 1.3529903888702393, 1.3849401473999023, 1.351040005683899, 1.3939580917358398, 1.4722487926483154, 1.4882234334945679, 1.3768342733383179, 1.3894635438919067, 1.400600790977478, 1.3253626823425293, 1.3848059177398682, 1.4673126935958862, 1.507999300956726, 1.3593974113464355]",sae,Pre-64
1,beta,38,0.195,0.4455661720406026,0.4298851252298221,0.4361564236923673,0.5,0.6303640517897944,0.6627433358720487,30,"[0, 1, 2, 3, 4, 5, 6, 7, 8, 9, 10, 11, 12, 13, 14, 15, 16, 17, 18, 19, 20, 21, 22, 23, 24, 25, 26, 27, 28, 29]","[1.3107712268829346, 1.290429711341858, 1.3227115869522095, 1.3529876470565796, 1.3194401264190674, 1.208734154701233, 1.3678092956542969, 1.3252418041229248, 1.1800196170806885, 1.337977409362793, 1.3184237480163574, 1.3326783180236816, 1.3469047546386719, 1.3129160404205322, 1.35927414894104, 1.2960941791534424, 1.3025614023208618, 1.3766659498214722, 1.2664333581924438, 1.3313210010528564, 1.309973120689392, 1.3196542263031006, 1.3694359064102173, 1.2736756801605225, 1.313699722290039, 1.3673899173736572, 1.2651454210281372, 1.372342824935913, 1.298403024673462, 1.3814561367034912]",sae,Pre-64
1,beta,49,0.18,0.462130925118617,0.4524487678230295,0.4489985382357891,0.5,0.6141152509743157,0.6819637155467906,30,"[0, 1, 2, 3, 4, 5, 6, 7, 8, 9, 10, 11, 12, 13, 14, 15, 16, 17, 18, 19, 20, 21, 22, 23, 24, 25, 26, 27, 28, 29]","[1.2761468887329102, 1.3220701217651367, 1.320710301399231, 1.3043230772018433, 1.2480031251907349, 1.285295844078064, 1.3549001216888428, 1.258751392364502, 1.3747988939285278, 1.3357657194137573, 1.2783492803573608, 1.2703442573547363, 1.3272795677185059, 1.3276596069335938, 1.3581455945968628, 1.3067375421524048, 1.401837706565857, 1.382135272026062, 1.2510160207748413, 1.3344926834106445, 1.3743267059326172, 1.291693925857544, 1.3812803030014038, 1.3226984739303589, 1.2888020277023315, 1.3264797925949097, 1.3240166902542114, 1.2907921075820923, 1.208139419555664, 1.2830122709274292]",sae,Pre-64
1,beta,4,0.13,0.4589558369307028,0.4477177462853796,0.457306852139252,0.5,0.61034827708266,0.6590870615756346,30,"[0, 1, 2, 3, 4, 5, 6, 7, 8, 9, 10, 11, 12, 13, 14, 15, 16, 17, 18, 19, 20, 21, 22, 23, 24, 25, 26, 27, 28, 29]","[1.3377207517623901, 1.3221534490585327, 1.2540427446365356, 1.388059377670288, 1.2287012338638306, 1.2690386772155762, 1.3057529926300049, 1.2545119524002075, 1.3441247940063477, 1.365020990371704, 1.3423868417739868, 1.2757655382156372, 1.387939453125, 1.2863308191299438, 1.250886082649231, 1.334861159324646, 1.336724877357483, 1.3108779191970825, 1.270784854888916, 1.364514946937561, 1.3237537145614624, 1.3826465606689453, 1.3271510601043701, 1.2387062311172485, 1.3234976530075073, 1.2606312036514282, 1.282463788986206, 1.3005077838897705, 1.3673814535140991, 1.2450004816055298]",sae,Pre-64
1,beta,13,0.185,0.4619123366083722,0.4531466051409948,0.4367075282311671,0.5,0.6127276801885291,0.7078491260660782,30,"[0, 1, 2, 3, 4, 5, 6, 7, 8, 9, 10, 11, 12, 13, 14, 15, 16, 17, 18, 19, 20, 21, 22, 23, 24, 25, 26, 27, 28, 29]","[1.3737211227416992, 1.1880067586898804, 1.3568761348724365, 1.298218011856079, 1.271059513092041, 1.3598108291625977, 1.3002914190292358, 1.3047610521316528, 1.3229901790618896, 1.3053585290908813, 1.3683843612670898, 1.2974741458892822, 1.311829686164856, 1.3352230787277222, 1.3330273628234863, 1.2646201848983765, 1.251760482788086, 1.3281151056289673, 1.2950609922409058, 1.296762228012085, 1.268947720527649, 1.2239240407943726, 1.2474297285079956, 1.2735075950622559, 1.289336919784546, 1.2455415725708008, 1.2884339094161987, 1.260286808013916, 1.3031575679779053, 1.3049955368041992]",sae,Pre-64
1,beta,8,0.145,0.4517491928182039,0.4406431065890545,0.4376345665928537,0.5,0.6098144493254953,0.6769621470964822,30,"[0, 1, 2, 3, 4, 5, 6, 7, 8, 9, 10, 11, 12, 13, 14, 15, 16, 17, 18, 19, 20, 21, 22, 23, 24, 25, 26, 27, 28, 29]","[1.2368026971817017, 1.3392900228500366, 1.2791987657546997, 1.30787193775177, 1.3600081205368042, 1.293116807937622, 1.340647578239441, 1.267284870147705, 1.3178960084915161, 1.3395395278930664, 1.3577882051467896, 1.2922046184539795, 1.2917805910110474, 1.3197280168533325, 1.333227276802063, 1.2608530521392822, 1.28455650806427, 1.3060582876205444, 1.2314428091049194, 1.2731866836547852, 1.2584511041641235, 1.2405401468276978, 1.3397549390792847, 1.274102807044983, 1.3336414098739624, 1.337090015411377, 1.243791937828064, 1.3346964120864868, 1.303649663925171, 1.2904973030090332]",sae,Pre-64
1,beta,12,0.088,0.4455148672091349,0.4361346773072694,0.4119836154348706,0.5,0.5892778403611032,0.7320285878553031,30,"[0, 1, 2, 3, 4, 5, 6, 7, 8, 9, 10, 11, 12, 13, 14, 15, 16, 17, 18, 19, 20, 21, 22, 23, 24, 25, 26, 27, 28, 29]","[1.3715784549713135, 1.479231834411621, 1.3883684873580933, 1.288130521774292, 1.4764446020126343, 1.4122614860534668, 1.4059087038040161, 1.4580596685409546, 1.4933853149414062, 1.3643559217453003, 1.3661788702011108, 1.5345209836959839, 1.3926604986190796, 1.4651062488555908, 1.3503329753875732, 1.5382187366485596, 1.3228039741516113, 1.5166391134262085, 1.4381622076034546, 1.530766487121582, 1.4945471286773682, 1.4410513639450073, 1.3926143646240234, 1.5368999242782593, 1.514418363571167, 1.3831706047058105, 1.5149272680282593, 1.460020899772644, 1.4135210514068604, 1.5454189777374268]",sae,Pre-64
1,beta,7,0.12,0.4564836922581216,0.4420418003909208,0.4377732105038394,0.5,0.6095136152062148,0.7009652797129078,30,"[0, 1, 2, 3, 4, 5, 6, 7, 8, 9, 10, 11, 12, 13, 14, 15, 16, 17, 18, 19, 20, 21, 22, 23, 24, 25, 26, 27, 28, 29]","[1.3587859869003296, 1.4011353254318237, 1.4166173934936523, 1.3799618482589722, 1.431982398033142, 1.3893622159957886, 1.347378134727478, 1.3924857378005981, 1.4880270957946777, 1.396776556968689, 1.3174006938934326, 1.358862280845642, 1.322525978088379, 1.3421146869659424, 1.4993703365325928, 1.412416934967041, 1.3472102880477905, 1.3281735181808472, 1.433358073234558, 1.4315470457077026, 1.3957457542419434, 1.4102318286895752, 1.4170997142791748, 1.3643678426742554, 1.4534268379211426, 1.433550477027893, 1.3782811164855957, 1.2758219242095947, 1.473831057548523, 1.3618305921554565]",sae,Pre-64
1,beta,27,0.185,0.4609757262074365,0.4537266978541116,0.4543084770420211,0.5,0.5914172664146189,0.658690351266863,30,"[0, 1, 2, 3, 4, 5, 6, 7, 8, 9, 10, 11, 12, 13, 14, 15, 16, 17, 18, 19, 20, 21, 22, 23, 24, 25, 26, 27, 28, 29]","[1.3049094676971436, 1.3456827402114868, 1.307323694229126, 1.289949655532837, 1.3327912092208862, 1.2537124156951904, 1.343590497970581, 1.227295160293579, 1.2908365726470947, 1.2828006744384766, 1.242990493774414, 1.3458064794540405, 1.283586859703064, 1.2500295639038086, 1.2879737615585327, 1.2149693965911865, 1.2591553926467896, 1.3144899606704712, 1.2791547775268555, 1.2682448625564575, 1.3484348058700562, 1.3254106044769287, 1.2485110759735107, 1.201405644416809, 1.2807563543319702, 1.3481862545013428, 1.2639139890670776, 1.314172625541687, 1.219490885734558, 1.2922742366790771]",sae,Pre-64
1,beta,14,0.115,0.4467366851483266,0.4421697276018216,0.4298111824280598,0.5,0.5934222168898753,0.698290316291486,30,"[0, 1, 2, 3, 4, 5, 6, 7, 8, 9, 10, 11, 12, 13, 14, 15, 16, 17, 18, 19, 20, 21, 22, 23, 24, 25, 26, 27, 28, 29]","[1.336161732673645, 1.226300835609436, 1.294105887413025, 1.3192689418792725, 1.3468163013458252, 1.311547040939331, 1.3051472902297974, 1.3836439847946167, 1.3095561265945435, 1.3625683784484863, 1.2664071321487427, 1.2131978273391724, 1.2369112968444824, 1.3604789972305298, 1.3641647100448608, 1.3139055967330933, 1.383953332901001, 1.3745884895324707, 1.3002333641052246, 1.295551061630249, 1.3370881080627441, 1.3163057565689087, 1.372291088104248, 1.2667927742004395, 1.3766167163848877, 1.3717225790023804, 1.3069250583648682, 1.377120018005371, 1.3627560138702393, 1.2523542642593384]",sae,Pre-64
1,beta,41,0.096,0.4543678569363413,0.4427951465832617,0.4506602999369846,0.5,0.6190905384235713,0.6751003240412885,30,"[0, 1, 2, 3, 4, 5, 6, 7, 8, 9, 10, 11, 12, 13, 14, 15, 16, 17, 18, 19, 20, 21, 22, 23, 24, 25, 26, 27, 28, 29]","[1.3023532629013062, 1.3616186380386353, 1.2709404230117798, 1.2425893545150757, 1.238595962524414, 1.4087164402008057, 1.2860876321792603, 1.333888292312622, 1.308633804321289, 1.3744956254959106, 1.3707891702651978, 1.3304225206375122, 1.338366985321045, 1.383054256439209, 1.3870939016342163, 1.3196401596069336, 1.280385136604309, 1.3374296426773071, 1.335282325744629, 1.3428348302841187, 1.2542858123779297, 1.3093897104263306, 1.324172854423523, 1.3311799764633179, 1.3270015716552734, 1.3074402809143066, 1.3622387647628784, 1.3704370260238647, 1.3251783847808838, 1.2784357070922852]",sae,Pre-64
1,beta,32,0.09,0.4555596844830426,0.4475674839123162,0.4708677455119474,0.5,0.5924839124839124,0.6331399154256296,30,"[0, 1, 2, 3, 4, 5, 6, 7, 8, 9, 10, 11, 12, 13, 14, 15, 16, 17, 18, 19, 20, 21, 22, 23, 24, 25, 26, 27, 28, 29]","[1.4907174110412598, 1.4122838973999023, 1.491581678390503, 1.4261479377746582, 1.4354170560836792, 1.5000147819519043, 1.4312565326690674, 1.4115512371063232, 1.38821280002594, 1.3971989154815674, 1.4126064777374268, 1.3872945308685303, 1.4308271408081055, 1.3504360914230347, 1.339266300201416, 1.3442373275756836, 1.3712882995605469, 1.4348715543746948, 1.3813495635986328, 1.4113472700119019, 1.495928406715393, 1.4121122360229492, 1.334725022315979, 1.4975414276123047, 1.4263616800308228, 1.3571518659591675, 1.4732398986816406, 1.2932130098342896, 1.5018346309661865, 1.4946725368499756]",sae,Pre-64
1,beta,3,0.14,0.4557259332451328,0.444824285747971,0.4599251540857509,0.5,0.6042731979176,0.6522588720237494,30,"[0, 1, 2, 3, 4, 5, 6, 7, 8, 9, 10, 11, 12, 13, 14, 15, 16, 17, 18, 19, 20, 21, 22, 23, 24, 25, 26, 27, 28, 29]","[1.395133137702942, 1.4220691919326782, 1.4066929817199707, 1.364717721939087, 1.400111436843872, 1.4367880821228027, 1.3926912546157837, 1.4403144121170044, 1.1956149339675903, 1.4652360677719116, 1.357028841972351, 1.4632924795150757, 1.3988579511642456, 1.374865174293518, 1.474144458770752, 1.393689751625061, 1.3994591236114502, 1.424902081489563, 1.3588480949401855, 1.361708641052246, 1.3071850538253784, 1.3731672763824463, 1.3699114322662354, 1.4847978353500366, 1.4555625915527344, 1.3845804929733276, 1.3876687288284302, 1.3812040090560913, 1.4501163959503174, 1.3873140811920166]",sae,Pre-64
1,beta,32,0.165,0.4555596844830426,0.4475674839123162,0.4655187818485291,0.5,0.5924839124839124,0.6294362934362935,30,"[0, 1, 2, 3, 4, 5, 6, 7, 8, 9, 10, 11, 12, 13, 14, 15, 16, 17, 18, 19, 20, 21, 22, 23, 24, 25, 26, 27, 28, 29]","[1.3366197347640991, 1.2422771453857422, 1.3342503309249878, 1.2670273780822754, 1.2722722291946411, 1.3534005880355835, 1.2804807424545288, 1.255147099494934, 1.255789875984192, 1.2584465742111206, 1.254563570022583, 1.2473946809768677, 1.2788093090057373, 1.2006311416625977, 1.1902719736099243, 1.208006739616394, 1.2375438213348389, 1.2764838933944702, 1.2216228246688843, 1.2598297595977783, 1.340276837348938, 1.258995771408081, 1.2086950540542603, 1.336280345916748, 1.2735967636108398, 1.2110618352890015, 1.324933409690857, 1.1299477815628052, 1.343780755996704, 1.3355802297592163]",sae,Pre-64
1,beta,7,0.095,0.4564836922581216,0.4420418003909208,0.43782167870255,0.5,0.6095136152062148,0.7009726516367882,30,"[0, 1, 2, 3, 4, 5, 6, 7, 8, 9, 10, 11, 12, 13, 14, 15, 16, 17, 18, 19, 20, 21, 22, 23, 24, 25, 26, 27, 28, 29]","[1.3616998195648193, 1.4040406942367554, 1.4195184707641602, 1.3828550577163696, 1.43488609790802, 1.3922648429870605, 1.3502628803253174, 1.395376205444336, 1.4909158945083618, 1.3996630907058716, 1.3202790021896362, 1.361777424812317, 1.3254303932189941, 1.3450062274932861, 1.5022685527801514, 1.415316104888916, 1.350129246711731, 1.3310633897781372, 1.436234474182129, 1.4344520568847656, 1.3986456394195557, 1.4131232500076294, 1.4199873208999634, 1.3672475814819336, 1.4563332796096802, 1.4364219903945923, 1.3812010288238525, 1.278709053993225, 1.476727843284607, 1.3647129535675049]",sae,Pre-64
1,beta,35,0.18,0.4566193215888805,0.4379483378046387,0.4291675369321771,0.5,0.637290178651746,0.7122606432422383,30,"[0, 1, 2, 3, 4, 5, 6, 7, 8, 9, 10, 11, 12, 13, 14, 15, 16, 17, 18, 19, 20, 21, 22, 23, 24, 25, 26, 27, 28, 29]","[1.2327051162719727, 1.274840235710144, 1.3445990085601807, 1.291548490524292, 1.2770330905914307, 1.263708472251892, 1.204293131828308, 1.3626199960708618, 1.3655643463134766, 1.2884910106658936, 1.3296130895614624, 1.2207521200180054, 1.2821919918060303, 1.1709998846054077, 1.2722997665405273, 1.2282694578170776, 1.34235680103302, 1.2171216011047363, 1.31488037109375, 1.2115391492843628, 1.2315847873687744, 1.2251147031784058, 1.2559963464736938, 1.1907496452331543, 1.245445966720581, 1.2791118621826172, 1.2531685829162598, 1.3202139139175415, 1.3306201696395874, 1.30027174949646]",sae,Pre-64
1,beta,23,0.092,0.4478205607315014,0.4344954522622479,0.4345764845506225,0.5,0.6150139710231751,0.6749509463533889,30,"[0, 1, 2, 3, 4, 5, 6, 7, 8, 9, 10, 11, 12, 13, 14, 15, 16, 17, 18, 19, 20, 21, 22, 23, 24, 25, 26, 27, 28, 29]","[1.3909722566604614, 1.4503428936004639, 1.42942476272583, 1.5416573286056519, 1.320818305015564, 1.386907935142517, 1.522958517074585, 1.4141908884048462, 1.3895063400268555, 1.5240339040756226, 1.5291454792022705, 1.483865737915039, 1.4730948209762573, 1.3681050539016724, 1.4615998268127441, 1.5209462642669678, 1.2134655714035034, 1.4267370700836182, 1.3718488216400146, 1.403847098350525, 1.518842339515686, 1.5411334037780762, 1.3918832540512085, 1.5340749025344849, 1.5269039869308472, 1.4343945980072021, 1.3901877403259277, 1.4316307306289673, 1.4339849948883057, 1.5425053834915161]",sae,Pre-64
1,beta,48,0.12,0.4556814132376,0.4510566266980289,0.4850749373058602,0.5,0.5923878577171784,0.588894205179892,30,"[0, 1, 2, 3, 4, 5, 6, 7, 8, 9, 10, 11, 12, 13, 14, 15, 16, 17, 18, 19, 20, 21, 22, 23, 24, 25, 26, 27, 28, 29]","[1.4218488931655884, 1.368597388267517, 1.356602668762207, 1.3426892757415771, 1.322698712348938, 1.2861778736114502, 1.362753987312317, 1.27763032913208, 1.324957013130188, 1.3201360702514648, 1.3767988681793213, 1.33261239528656, 1.3369488716125488, 1.326648473739624, 1.2894458770751953, 1.370139479637146, 1.36186683177948, 1.3645377159118652, 1.3972299098968506, 1.2367522716522217, 1.3239052295684814, 1.3953990936279297, 1.3993183374404907, 1.2325844764709473, 1.3346788883209229, 1.3704347610473633, 1.4016834497451782, 1.3760943412780762, 1.3302243947982788, 1.3541253805160522]",sae,Pre-64
1,beta,14,0.15,0.4467366851483266,0.4421697276018216,0.4269936475169583,0.5,0.5934222168898753,0.699241140389028,30,"[0, 1, 2, 3, 4, 5, 6, 7, 8, 9, 10, 11, 12, 13, 14, 15, 16, 17, 18, 19, 20, 21, 22, 23, 24, 25, 26, 27, 28, 29]","[1.2820148468017578, 1.1748366355895996, 1.2334407567977905, 1.2607786655426025, 1.2896015644073486, 1.2531501054763794, 1.2440890073776245, 1.3176790475845337, 1.2550780773162842, 1.2971092462539673, 1.2083568572998047, 1.1498847007751465, 1.1768654584884644, 1.3023120164871216, 1.3046056032180786, 1.2564361095428467, 1.3236852884292603, 1.311780571937561, 1.2360141277313232, 1.240247130393982, 1.2765141725540161, 1.2554951906204224, 1.3126157522201538, 1.2124296426773071, 1.3140772581100464, 1.3089978694915771, 1.2440221309661865, 1.3146394491195679, 1.2994210720062256, 1.1860737800598145]",sae,Pre-64
1,beta,36,0.11,0.4642138821845151,0.4576483090311837,0.458076032751204,0.5,0.6031055233182893,0.6748465099528929,30,"[0, 1, 2, 3, 4, 5, 6, 7, 8, 9, 10, 11, 12, 13, 14, 15, 16, 17, 18, 19, 20, 21, 22, 23, 24, 25, 26, 27, 28, 29]","[1.3584997653961182, 1.3307141065597534, 1.2981454133987427, 1.3488925695419312, 1.235347032546997, 1.3720003366470337, 1.310741901397705, 1.3453775644302368, 1.382521629333496, 1.2437257766723633, 1.2847473621368408, 1.3854795694351196, 1.2892385721206665, 1.309848666191101, 1.3358880281448364, 1.389114260673523, 1.3503364324569702, 1.3254846334457397, 1.3797192573547363, 1.2843154668807983, 1.3341418504714966, 1.3060630559921265, 1.323354959487915, 1.2989928722381592, 1.3738938570022583, 1.3438104391098022, 1.3117634057998657, 1.3233774900436401, 1.370080828666687, 1.2798429727554321]",sae,Pre-64
1,beta,8,0.11,0.4517491928182039,0.4406431065890545,0.4376536167750597,0.5,0.6098144493254953,0.6773158464378939,30,"[0, 1, 2, 3, 4, 5, 6, 7, 8, 9, 10, 11, 12, 13, 14, 15, 16, 17, 18, 19, 20, 21, 22, 23, 24, 25, 26, 27, 28, 29]","[1.2541954517364502, 1.3588290214538574, 1.2967290878295898, 1.3226262331008911, 1.3778135776519775, 1.3111554384231567, 1.3598909378051758, 1.284999132156372, 1.3360755443572998, 1.3605748414993286, 1.3784234523773193, 1.307419776916504, 1.3093301057815552, 1.335475206375122, 1.3498084545135498, 1.2757538557052612, 1.2995638847351074, 1.3229042291641235, 1.2458986043930054, 1.2931407690048218, 1.278883934020996, 1.259166955947876, 1.3606195449829102, 1.2916735410690308, 1.3515207767486572, 1.354237675666809, 1.2613664865493774, 1.3545583486557007, 1.321437954902649, 1.3087307214736938]",sae,Pre-64
1,beta,49,0.086,0.462130925118617,0.4524487678230295,0.4490459773316409,0.5,0.6141152509743157,0.683388505423299,30,"[0, 1, 2, 3, 4, 5, 6, 7, 8, 9, 10, 11, 12, 13, 14, 15, 16, 17, 18, 19, 20, 21, 22, 23, 24, 25, 26, 27, 28, 29]","[1.3344600200653076, 1.385647177696228, 1.383169174194336, 1.3680508136749268, 1.31471586227417, 1.3466286659240723, 1.4243133068084717, 1.3285382986068726, 1.4535115957260132, 1.4020239114761353, 1.3533961772918701, 1.333791971206665, 1.4006776809692383, 1.3907393217086792, 1.4320042133331299, 1.378078579902649, 1.4702361822128296, 1.4559094905853271, 1.319423794746399, 1.4028782844543457, 1.4457179307937622, 1.3565247058868408, 1.4522095918655396, 1.3861827850341797, 1.3486237525939941, 1.3922890424728394, 1.3883671760559082, 1.3489454984664917, 1.2830817699432373, 1.349414348602295]",sae,Pre-64
1,beta,24,0.135,0.4501416387440968,0.4383559369047743,0.44621284551913,0.5,0.6188330126613704,0.6402650198609732,30,"[0, 1, 2, 3, 4, 5, 6, 7, 8, 9, 10, 11, 12, 13, 14, 15, 16, 17, 18, 19, 20, 21, 22, 23, 24, 25, 26, 27, 28, 29]","[1.3200794458389282, 1.265796184539795, 1.2820264101028442, 1.3334912061691284, 1.341088056564331, 1.2791615724563599, 1.276700735092163, 1.2777869701385498, 1.2996137142181396, 1.1688644886016846, 1.3042287826538086, 1.2523096799850464, 1.3244327306747437, 1.3281614780426025, 1.2730791568756104, 1.2523208856582642, 1.3445992469787598, 1.1441655158996582, 1.258339762687683, 1.3459577560424805, 1.3238800764083862, 1.33469820022583, 1.277104377746582, 1.2998708486557007, 1.24399733543396, 1.2048935890197754, 1.2906461954116821, 1.2489354610443115, 1.346598505973816, 1.2676353454589844]",sae,Pre-64
1,beta,5,0.09,0.4445517550333296,0.4301735816232515,0.4290000792049788,0.5,0.6070910659257547,0.6831835257496108,30,"[0, 1, 2, 3, 4, 5, 6, 7, 8, 9, 10, 11, 12, 13, 14, 15, 16, 17, 18, 19, 20, 21, 22, 23, 24, 25, 26, 27, 28, 29]","[1.384029746055603, 1.279593586921692, 1.2812398672103882, 1.3994907140731812, 1.3988693952560425, 1.331714391708374, 1.3284438848495483, 1.3097163438796997, 1.369932770729065, 1.2912161350250244, 1.380036473274231, 1.4010411500930786, 1.3302463293075562, 1.3345292806625366, 1.4109549522399902, 1.3584524393081665, 1.3639895915985107, 1.3908188343048096, 1.2704217433929443, 1.3373304605484009, 1.4134608507156372, 1.341079592704773, 1.4096475839614868, 1.2918519973754883, 1.3369907140731812, 1.4137846231460571, 1.2824206352233887, 1.3149336576461792, 1.3904063701629639, 1.338646411895752]",sae,Pre-64
1,beta,48,0.155,0.4556814132376,0.4510566266980289,0.4850454151628172,0.5,0.5923878577171784,0.5888913740190027,30,"[0, 1, 2, 3, 4, 5, 6, 7, 8, 9, 10, 11, 12, 13, 14, 15, 16, 17, 18, 19, 20, 21, 22, 23, 24, 25, 26, 27, 28, 29]","[1.4209635257720947, 1.3677103519439697, 1.355716347694397, 1.341801643371582, 1.3218121528625488, 1.2852866649627686, 1.3618664741516113, 1.2767449617385864, 1.3240681886672974, 1.3192459344863892, 1.3759139776229858, 1.3317259550094604, 1.336060881614685, 1.3257619142532349, 1.2885544300079346, 1.3692549467086792, 1.3609861135482788, 1.3636534214019775, 1.3963425159454346, 1.2358672618865967, 1.3230164051055908, 1.3945157527923584, 1.398434042930603, 1.231698751449585, 1.333793044090271, 1.3695522546768188, 1.400799036026001, 1.3752142190933228, 1.329337477684021, 1.3532387018203735]",sae,Pre-64
1,beta,26,0.125,0.4502231978181314,0.4442488029476733,0.4573792982605801,0.5,0.5832450787939482,0.6466170077944636,30,"[0, 1, 2, 3, 4, 5, 6, 7, 8, 9, 10, 11, 12, 13, 14, 15, 16, 17, 18, 19, 20, 21, 22, 23, 24, 25, 26, 27, 28, 29]","[1.285764455795288, 1.324289321899414, 1.4565261602401733, 1.2590488195419312, 1.3405290842056274, 1.3834218978881836, 1.3572593927383423, 1.2641876935958862, 1.35244882106781, 1.3288079500198364, 1.2446779012680054, 1.460785150527954, 1.4054406881332397, 1.3408126831054688, 1.4063924551010132, 1.283695936203003, 1.3419874906539917, 1.247292160987854, 1.374586820602417, 1.3418596982955933, 1.2935450077056885, 1.4416635036468506, 1.3417325019836426, 1.3757847547531128, 1.449702501296997, 1.4438257217407227, 1.3097788095474243, 1.357249140739441, 1.178653597831726, 1.2931474447250366]",sae,Pre-64
1,beta,5,0.19,0.4445517550333296,0.4301735816232515,0.4289488599279842,0.5,0.6070910659257547,0.683172587087378,30,"[0, 1, 2, 3, 4, 5, 6, 7, 8, 9, 10, 11, 12, 13, 14, 15, 16, 17, 18, 19, 20, 21, 22, 23, 24, 25, 26, 27, 28, 29]","[1.3439388275146484, 1.2449758052825928, 1.2473957538604736, 1.3632173538208008, 1.361982822418213, 1.2938216924667358, 1.2937989234924316, 1.2754453420639038, 1.3335480690002441, 1.2610453367233276, 1.3471291065216064, 1.3654266595840454, 1.2941105365753174, 1.2974647283554077, 1.3758351802825928, 1.3198413848876953, 1.3248382806777954, 1.3523249626159668, 1.2345608472824097, 1.300762414932251, 1.377088189125061, 1.307968258857727, 1.369706630706787, 1.258224368095398, 1.299491286277771, 1.3759033679962158, 1.2446869611740112, 1.2763276100158691, 1.3550894260406494, 1.301127314567566]",sae,Pre-64
1,beta,24,0.195,0.4501416387440968,0.4383559369047743,0.4439103152590113,0.5,0.6188330126613704,0.6395171300893744,30,"[0, 1, 2, 3, 4, 5, 6, 7, 8, 9, 10, 11, 12, 13, 14, 15, 16, 17, 18, 19, 20, 21, 22, 23, 24, 25, 26, 27, 28, 29]","[1.2124673128128052, 1.1755998134613037, 1.1868178844451904, 1.2273244857788086, 1.242689609527588, 1.1841548681259155, 1.1860560178756714, 1.1832525730133057, 1.2021790742874146, 1.0739104747772217, 1.2058616876602173, 1.1563575267791748, 1.2078834772109985, 1.2294706106185913, 1.1749554872512817, 1.1637247800827026, 1.237532138824463, 1.0551373958587646, 1.169660210609436, 1.2379261255264282, 1.2216182947158813, 1.238648533821106, 1.1921476125717163, 1.2000505924224854, 1.1518317461013794, 1.1153621673583984, 1.1851884126663208, 1.1612211465835571, 1.239385962486267, 1.1791527271270752]",sae,Pre-64
1,beta,19,0.13,0.4469965829377276,0.435497383761294,0.4126882780877415,0.5,0.6104665954706788,0.7118478499858656,30,"[0, 1, 2, 3, 4, 5, 6, 7, 8, 9, 10, 11, 12, 13, 14, 15, 16, 17, 18, 19, 20, 21, 22, 23, 24, 25, 26, 27, 28, 29]","[1.2504119873046875, 1.260044813156128, 1.3309872150421143, 1.2796930074691772, 1.1839158535003662, 1.2030702829360962, 1.2481639385223389, 1.3110687732696533, 1.2323689460754395, 1.3275643587112427, 1.3137972354888916, 1.3472545146942139, 1.2486295700073242, 1.259840488433838, 1.1643061637878418, 1.1878057718276978, 1.3195698261260986, 1.352150559425354, 1.204118251800537, 1.2373093366622925, 1.3604533672332764, 1.2459571361541748, 1.2388973236083984, 1.2406059503555298, 1.2399225234985352, 1.3233554363250732, 1.343246340751648, 1.2649351358413696, 1.2084016799926758, 1.2198702096939087]",sae,Pre-64
1,beta,24,0.1,0.4501416387440968,0.4383559369047743,0.4491547414538952,0.5,0.6188330126613704,0.6423954195630586,30,"[0, 1, 2, 3, 4, 5, 6, 7, 8, 9, 10, 11, 12, 13, 14, 15, 16, 17, 18, 19, 20, 21, 22, 23, 24, 25, 26, 27, 28, 29]","[1.4711132049560547, 1.3849468231201172, 1.405579686164856, 1.4835216999053955, 1.4878416061401367, 1.4006428718566895, 1.4098212718963623, 1.4083760976791382, 1.4484591484069824, 1.3294568061828613, 1.4384615421295166, 1.387099266052246, 1.47935152053833, 1.466721773147583, 1.4063187837600708, 1.3783884048461914, 1.4880008697509766, 1.2762670516967773, 1.3813351392745972, 1.491165280342102, 1.4638875722885132, 1.4837161302566528, 1.388332724571228, 1.4464856386184692, 1.3683432340621948, 1.3305715322494507, 1.4391508102416992, 1.3667773008346558, 1.4908241033554077, 1.3978184461593628]",sae,Pre-64
1,beta,13,0.125,0.4619123366083722,0.4531466051409948,0.4367075282311671,0.5,0.6127276801885291,0.7078477166089023,30,"[0, 1, 2, 3, 4, 5, 6, 7, 8, 9, 10, 11, 12, 13, 14, 15, 16, 17, 18, 19, 20, 21, 22, 23, 24, 25, 26, 27, 28, 29]","[1.3745956420898438, 1.1888806819915771, 1.3577505350112915, 1.299094319343567, 1.2719371318817139, 1.3606854677200317, 1.3011655807495117, 1.3056378364562988, 1.323865294456482, 1.3062351942062378, 1.3692600727081299, 1.2983481884002686, 1.3127021789550781, 1.336099624633789, 1.3339018821716309, 1.2654943466186523, 1.2526359558105469, 1.3289940357208252, 1.2959339618682861, 1.2976385354995728, 1.2698229551315308, 1.224802017211914, 1.248302936553955, 1.2743855714797974, 1.290212631225586, 1.2464165687561035, 1.289311170578003, 1.2611651420593262, 1.3040295839309692, 1.3058727979660034]",sae,Pre-64
1,beta,35,0.086,0.4566193215888805,0.4379483378046387,0.431087882211812,0.5,0.637290178651746,0.7134825396254251,30,"[0, 1, 2, 3, 4, 5, 6, 7, 8, 9, 10, 11, 12, 13, 14, 15, 16, 17, 18, 19, 20, 21, 22, 23, 24, 25, 26, 27, 28, 29]","[1.3102498054504395, 1.3617624044418335, 1.4248677492141724, 1.368316650390625, 1.36220383644104, 1.3414306640625, 1.2829535007476807, 1.4461921453475952, 1.4569015502929688, 1.3697028160095215, 1.4177277088165283, 1.2981816530227661, 1.3597018718719482, 1.2540327310562134, 1.3511840105056763, 1.306589961051941, 1.4309338331222534, 1.2893396615982056, 1.390887975692749, 1.295158863067627, 1.3109089136123657, 1.302724003791809, 1.3293401002883911, 1.2865818738937378, 1.3300080299377441, 1.362088680267334, 1.3294868469238281, 1.3946465253829956, 1.4242221117019653, 1.3824787139892578]",sae,Pre-64
1,beta,4,0.165,0.4589558369307028,0.4477177462853796,0.452905568890858,0.5,0.61034827708266,0.659251735229389,30,"[0, 1, 2, 3, 4, 5, 6, 7, 8, 9, 10, 11, 12, 13, 14, 15, 16, 17, 18, 19, 20, 21, 22, 23, 24, 25, 26, 27, 28, 29]","[1.2984225749969482, 1.280187964439392, 1.2202098369598389, 1.3513987064361572, 1.1950708627700806, 1.2332360744476318, 1.2653932571411133, 1.2166670560836792, 1.3107867240905762, 1.3195327520370483, 1.307179570198059, 1.2338058948516846, 1.3519816398620605, 1.2573415040969849, 1.2112340927124023, 1.2987034320831299, 1.2983793020248413, 1.274186134338379, 1.2355751991271973, 1.3263885974884033, 1.2871558666229248, 1.3433454036712646, 1.2951823472976685, 1.1995400190353394, 1.2909271717071533, 1.2247568368911743, 1.252018690109253, 1.2672603130340576, 1.3309930562973022, 1.2117538452148438]",sae,Pre-64
1,beta,40,0.088,0.44666181227492,0.4340193094910912,0.4316334443336544,0.5,0.6093636266731638,0.6690782561025752,30,"[0, 1, 2, 3, 4, 5, 6, 7, 8, 9, 10, 11, 12, 13, 14, 15, 16, 17, 18, 19, 20, 21, 22, 23, 24, 25, 26, 27, 28, 29]","[1.3763642311096191, 1.3203020095825195, 1.3162239789962769, 1.2585550546646118, 1.2917338609695435, 1.3212323188781738, 1.3210443258285522, 1.3342963457107544, 1.3479559421539307, 1.355219841003418, 1.2943824529647827, 1.303147554397583, 1.3701237440109253, 1.2564576864242554, 1.2755728960037231, 1.3862431049346924, 1.2896603345870972, 1.3237824440002441, 1.2743139266967773, 1.2728679180145264, 1.2776522636413574, 1.2907606363296509, 1.3483794927597046, 1.3118475675582886, 1.3602873086929321, 1.2899913787841797, 1.35369074344635, 1.253496527671814, 1.396191120147705, 1.2782905101776123]",sae,Pre-64
1,beta,35,0.12,0.4566193215888805,0.4379483378046387,0.4310711863116716,0.5,0.637290178651746,0.7134810403660592,30,"[0, 1, 2, 3, 4, 5, 6, 7, 8, 9, 10, 11, 12, 13, 14, 15, 16, 17, 18, 19, 20, 21, 22, 23, 24, 25, 26, 27, 28, 29]","[1.3075802326202393, 1.359086513519287, 1.4221943616867065, 1.365632176399231, 1.3595284223556519, 1.3387401103973389, 1.2802841663360596, 1.4435209035873413, 1.454237461090088, 1.3670282363891602, 1.4150676727294922, 1.2954922914505005, 1.357013463973999, 1.2513656616210938, 1.348502278327942, 1.3039127588272095, 1.4282631874084473, 1.286645770072937, 1.3882017135620117, 1.2924941778182983, 1.3082354068756104, 1.300058126449585, 1.3266466856002808, 1.2839275598526, 1.3273292779922485, 1.359413981437683, 1.3268173933029175, 1.391952395439148, 1.4215631484985352, 1.379798412322998]",sae,Pre-64
1,beta,32,0.13,0.4555596844830426,0.4475674839123162,0.4707718636747852,0.5,0.5924839124839124,0.6331016731016731,30,"[0, 1, 2, 3, 4, 5, 6, 7, 8, 9, 10, 11, 12, 13, 14, 15, 16, 17, 18, 19, 20, 21, 22, 23, 24, 25, 26, 27, 28, 29]","[1.4864963293075562, 1.408078908920288, 1.4873648881912231, 1.421913504600525, 1.4312039613723755, 1.495781660079956, 1.4270281791687012, 1.407340407371521, 1.3839510679244995, 1.3929469585418701, 1.408370852470398, 1.383048415184021, 1.426605463027954, 1.3462082147598267, 1.3350340127944946, 1.3399840593338013, 1.367025375366211, 1.4306472539901733, 1.3771238327026367, 1.4071120023727417, 1.491707444190979, 1.4078813791275024, 1.3304451704025269, 1.4933204650878906, 1.4221305847167969, 1.3529202938079834, 1.469001054763794, 1.2889996767044067, 1.4976192712783813, 1.4904518127441406]",sae,Pre-64
1,beta,44,0.094,0.4469012312759677,0.43811650775401,0.4572424441402092,0.5,0.5982762074796864,0.6215404830507976,30,"[0, 1, 2, 3, 4, 5, 6, 7, 8, 9, 10, 11, 12, 13, 14, 15, 16, 17, 18, 19, 20, 21, 22, 23, 24, 25, 26, 27, 28, 29]","[1.352075457572937, 1.3558565378189087, 1.2999783754348755, 1.3293966054916382, 1.3454641103744507, 1.4019361734390259, 1.3783296346664429, 1.2975643873214722, 1.3650052547454834, 1.4158048629760742, 1.344640851020813, 1.3209208250045776, 1.3502342700958252, 1.3169702291488647, 1.4190257787704468, 1.4180232286453247, 1.2869874238967896, 1.1950020790100098, 1.3606067895889282, 1.3473745584487915, 1.3191949129104614, 1.2938761711120605, 1.340026617050171, 1.3479666709899902, 1.4036808013916016, 1.3032306432724, 1.3246181011199951, 1.3474771976470947, 1.3427107334136963, 1.361510157585144]",sae,Pre-64
1,beta,46,0.09,0.4545712902572906,0.4417269056853911,0.4495385068560279,0.5,0.6270377926330811,0.6878176532897653,30,"[0, 1, 2, 3, 4, 5, 6, 7, 8, 9, 10, 11, 12, 13, 14, 15, 16, 17, 18, 19, 20, 21, 22, 23, 24, 25, 26, 27, 28, 29]","[1.3967467546463013, 1.4936693906784058, 1.4934437274932861, 1.4828628301620483, 1.4019395112991333, 1.5278500318527222, 1.4182066917419434, 1.5357048511505127, 1.4766753911972046, 1.5786024332046509, 1.298895001411438, 1.411143183708191, 1.5420299768447876, 1.3939902782440186, 1.4592076539993286, 1.5377750396728516, 1.4739563465118408, 1.4893028736114502, 1.547606110572815, 1.5320312976837158, 1.4517282247543335, 1.4499245882034302, 1.4826642274856567, 1.480639934539795, 1.4910374879837036, 1.5015742778778076, 1.4701478481292725, 1.5286413431167603, 1.45320725440979, 1.4737995862960815]",sae,Pre-64
1,beta,23,0.11,0.4478205607315014,0.4344954522622479,0.4345466864517811,0.5,0.6150139710231751,0.6749312795097208,30,"[0, 1, 2, 3, 4, 5, 6, 7, 8, 9, 10, 11, 12, 13, 14, 15, 16, 17, 18, 19, 20, 21, 22, 23, 24, 25, 26, 27, 28, 29]","[1.3874027729034424, 1.4468021392822266, 1.425918459892273, 1.5381327867507935, 1.3172850608825684, 1.3833600282669067, 1.5194262266159058, 1.4106199741363525, 1.385966420173645, 1.520465612411499, 1.5255961418151855, 1.4803080558776855, 1.4695466756820679, 1.3645728826522827, 1.4580491781234741, 1.5173927545547485, 1.2098629474639893, 1.423189401626587, 1.3682609796524048, 1.4002811908721924, 1.515285849571228, 1.5376003980636597, 1.3883121013641357, 1.5305427312850952, 1.5233756303787231, 1.430811882019043, 1.3866322040557861, 1.428110122680664, 1.430443525314331, 1.5389598608016968]",sae,Pre-64
1,beta,10,0.092,0.4493907433353129,0.4390813823454372,0.4434162893189132,0.5,0.6232207829487961,0.6760314327747676,30,"[0, 1, 2, 3, 4, 5, 6, 7, 8, 9, 10, 11, 12, 13, 14, 15, 16, 17, 18, 19, 20, 21, 22, 23, 24, 25, 26, 27, 28, 29]","[1.4005005359649658, 1.3117831945419312, 1.475354790687561, 1.398581624031067, 1.3913953304290771, 1.402586579322815, 1.4906604290008545, 1.417154312133789, 1.3005326986312866, 1.447372317314148, 1.4076513051986694, 1.4278144836425781, 1.4240916967391968, 1.4017903804779053, 1.4702644348144531, 1.423602819442749, 1.4334096908569336, 1.3443433046340942, 1.3974729776382446, 1.3587459325790405, 1.3789520263671875, 1.4078150987625122, 1.4664368629455566, 1.471021294593811, 1.4033135175704956, 1.3446426391601562, 1.403348684310913, 1.41228449344635, 1.4032858610153198, 1.4554177522659302]",sae,Pre-64
1,beta,31,0.14,0.4497611378811508,0.4308970333737342,0.4285981848998714,0.5,0.642735734520437,0.7085260449788982,30,"[0, 1, 2, 3, 4, 5, 6, 7, 8, 9, 10, 11, 12, 13, 14, 15, 16, 17, 18, 19, 20, 21, 22, 23, 24, 25, 26, 27, 28, 29]","[1.2934842109680176, 1.2761099338531494, 1.2281395196914673, 1.2192507982254028, 1.2933573722839355, 1.3195680379867554, 1.233504295349121, 1.2953742742538452, 1.2763373851776123, 1.2827823162078857, 1.280674934387207, 1.2907123565673828, 1.3181203603744507, 1.1605710983276367, 1.3351138830184937, 1.2754838466644287, 1.2828565835952759, 1.2668354511260986, 1.284502387046814, 1.2437800168991089, 1.3382922410964966, 1.2953038215637207, 1.325041651725769, 1.3117228746414185, 1.2835627794265747, 1.2938308715820312, 1.2059571743011475, 1.3421450853347778, 1.2308692932128906, 1.3139325380325317]",sae,Pre-64
1,beta,19,0.19,0.4469965829377276,0.435497383761294,0.4126882780877415,0.5,0.6104665954706788,0.7118431384866665,30,"[0, 1, 2, 3, 4, 5, 6, 7, 8, 9, 10, 11, 12, 13, 14, 15, 16, 17, 18, 19, 20, 21, 22, 23, 24, 25, 26, 27, 28, 29]","[1.249743103981018, 1.259377121925354, 1.3303207159042358, 1.2790261507034302, 1.1832523345947266, 1.2024035453796387, 1.2474963665008545, 1.3104032278060913, 1.2317012548446655, 1.3268988132476807, 1.31313157081604, 1.346588373184204, 1.2479639053344727, 1.2591756582260132, 1.1636409759521484, 1.1871395111083984, 1.3189020156860352, 1.3514842987060547, 1.2034536600112915, 1.236642837524414, 1.3597874641418457, 1.2452892065048218, 1.2382313013076782, 1.2399402856826782, 1.239258050918579, 1.3226889371871948, 1.3425809144973755, 1.264268159866333, 1.2077349424362183, 1.2192020416259766]",sae,Pre-64
1,beta,26,0.16,0.4502231978181314,0.4442488029476733,0.4543279596191928,0.5,0.5832450787939482,0.6467159710436486,30,"[0, 1, 2, 3, 4, 5, 6, 7, 8, 9, 10, 11, 12, 13, 14, 15, 16, 17, 18, 19, 20, 21, 22, 23, 24, 25, 26, 27, 28, 29]","[1.192859411239624, 1.2405085563659668, 1.3458683490753174, 1.156381607055664, 1.2403568029403687, 1.288260579109192, 1.257646918296814, 1.1638038158416748, 1.2436599731445312, 1.2316819429397583, 1.1425046920776367, 1.3435618877410889, 1.2971073389053345, 1.2433334589004517, 1.2939567565917969, 1.1718645095825195, 1.2391849756240845, 1.1536078453063965, 1.268733263015747, 1.2480567693710327, 1.1860970258712769, 1.3335117101669312, 1.2545019388198853, 1.2726742029190063, 1.3419424295425415, 1.3420050144195557, 1.2190947532653809, 1.2665655612945557, 1.0913258790969849, 1.203294038772583]",sae,Pre-64
1,beta,43,0.15,0.4515364523902173,0.4432102910589974,0.4360693462162994,0.5,0.6060785767234989,0.6985218680504077,30,"[0, 1, 2, 3, 4, 5, 6, 7, 8, 9, 10, 11, 12, 13, 14, 15, 16, 17, 18, 19, 20, 21, 22, 23, 24, 25, 26, 27, 28, 29]","[1.3267772197723389, 1.4146182537078857, 1.345657229423523, 1.2820864915847778, 1.3208366632461548, 1.2551058530807495, 1.2985074520111084, 1.277796983718872, 1.3781945705413818, 1.2772470712661743, 1.2393487691879272, 1.3848599195480347, 1.329286813735962, 1.27908194065094, 1.2759835720062256, 1.186516523361206, 1.3653761148452759, 1.2920591831207275, 1.3634239435195923, 1.349106788635254, 1.275689959526062, 1.2765016555786133, 1.3722530603408813, 1.348298192024231, 1.2453120946884155, 1.3610626459121704, 1.3890796899795532, 1.2849887609481812, 1.3613221645355225, 1.3973699808120728]",sae,Pre-64
1,beta,47,0.19,0.4460371044958436,0.4257646434940195,0.4038360844656299,0.5,0.6434257056516428,0.7299395614993892,30,"[0, 1, 2, 3, 4, 5, 6, 7, 8, 9, 10, 11, 12, 13, 14, 15, 16, 17, 18, 19, 20, 21, 22, 23, 24, 25, 26, 27, 28, 29]","[1.3220058679580688, 1.173579216003418, 1.1991631984710693, 1.1897579431533813, 1.2710634469985962, 1.3101812601089478, 1.269140362739563, 1.243489384651184, 1.2556962966918945, 1.2169333696365356, 1.2179670333862305, 1.1417890787124634, 1.1965525150299072, 1.3246265649795532, 1.1456470489501953, 1.267643690109253, 1.1950783729553223, 1.2741690874099731, 1.1170519590377808, 1.1724176406860352, 1.2065850496292114, 1.2560734748840332, 1.2581640481948853, 1.176627516746521, 1.260877251625061, 1.1376162767410278, 1.1246064901351929, 1.241654872894287, 1.185240626335144, 1.2449647188186646]",sae,Pre-64
1,beta,47,0.13,0.4460371044958436,0.4257646434940195,0.4051244438859653,0.5,0.6434257056516428,0.7317736128078184,30,"[0, 1, 2, 3, 4, 5, 6, 7, 8, 9, 10, 11, 12, 13, 14, 15, 16, 17, 18, 19, 20, 21, 22, 23, 24, 25, 26, 27, 28, 29]","[1.4591535329818726, 1.3001244068145752, 1.3111845254898071, 1.3247265815734863, 1.4072940349578857, 1.4448585510253906, 1.3940597772598267, 1.4063808917999268, 1.3993226289749146, 1.3377217054367065, 1.341488242149353, 1.2732269763946533, 1.3205411434173584, 1.459707498550415, 1.2925645112991333, 1.4186813831329346, 1.3390635251998901, 1.4048092365264893, 1.247755527496338, 1.2915724515914917, 1.3373879194259644, 1.3859139680862427, 1.4104719161987305, 1.3040210008621216, 1.3947926759719849, 1.275355577468872, 1.2446153163909912, 1.3837252855300903, 1.2946619987487793, 1.3754652738571167]",sae,Pre-64
1,beta,0,0.15,0.4600628296558519,0.4487196928272481,0.4296173038364927,0.5,0.6146148452673732,0.7222098012286137,30,"[0, 1, 2, 3, 4, 5, 6, 7, 8, 9, 10, 11, 12, 13, 14, 15, 16, 17, 18, 19, 20, 21, 22, 23, 24, 25, 26, 27, 28, 29]","[1.2525161504745483, 1.294919729232788, 1.2683488130569458, 1.3129370212554932, 1.238613486289978, 1.2694761753082275, 1.3004409074783325, 1.334891676902771, 1.3149906396865845, 1.2849705219268799, 1.2691991329193115, 1.275212287902832, 1.3213653564453125, 1.3082643747329712, 1.3250617980957031, 1.2693345546722412, 1.2900891304016113, 1.2303614616394043, 1.1564629077911377, 1.3089284896850586, 1.240009069442749, 1.236722707748413, 1.317844271659851, 1.2609699964523315, 1.251883625984192, 1.1971063613891602, 1.3210227489471436, 1.2211581468582153, 1.3032891750335693, 1.2126123905181885]",sae,Pre-64
1,beta,0,0.096,0.4600628296558519,0.4487196928272481,0.4324362141644795,0.5,0.6146148452673732,0.7223588531519158,30,"[0, 1, 2, 3, 4, 5, 6, 7, 8, 9, 10, 11, 12, 13, 14, 15, 16, 17, 18, 19, 20, 21, 22, 23, 24, 25, 26, 27, 28, 29]","[1.3870669603347778, 1.4306614398956299, 1.4078196287155151, 1.4613621234893799, 1.3811380863189697, 1.4048779010772705, 1.4523676633834839, 1.483005404472351, 1.4661177396774292, 1.4108853340148926, 1.4022272825241089, 1.4174137115478516, 1.478621482849121, 1.4619801044464111, 1.478778600692749, 1.4275949001312256, 1.4388099908828735, 1.3620415925979614, 1.312021255493164, 1.4621093273162842, 1.3829470872879028, 1.3700108528137207, 1.4618711471557617, 1.405044674873352, 1.380024790763855, 1.34336519241333, 1.4675066471099854, 1.3525155782699585, 1.460561990737915, 1.344717025756836]",sae,Pre-64
1,beta,20,0.155,0.4408022875601419,0.4262939306313442,0.431989054490434,0.5,0.6176087118064704,0.6484219308378764,30,"[0, 1, 2, 3, 4, 5, 6, 7, 8, 9, 10, 11, 12, 13, 14, 15, 16, 17, 18, 19, 20, 21, 22, 23, 24, 25, 26, 27, 28, 29]","[1.249997615814209, 1.325395107269287, 1.2712550163269043, 1.3529398441314697, 1.3284403085708618, 1.3140238523483276, 1.3209604024887085, 1.250184416770935, 1.3187525272369385, 1.2662402391433716, 1.2722277641296387, 1.2618213891983032, 1.3568114042282104, 1.223223090171814, 1.253780722618103, 1.3557897806167603, 1.2392865419387817, 1.256663203239441, 1.2978397607803345, 1.2921956777572632, 1.3004662990570068, 1.2273136377334595, 1.3188526630401611, 1.366016149520874, 1.3228909969329834, 1.2383596897125244, 1.2656841278076172, 1.302021861076355, 1.2522541284561157, 1.3469001054763794]",sae,Pre-64
1,beta,21,0.086,0.4504746503440228,0.4381370334360364,0.440278426964432,0.5,0.6200058082774133,0.6872381640900158,30,"[0, 1, 2, 3, 4, 5, 6, 7, 8, 9, 10, 11, 12, 13, 14, 15, 16, 17, 18, 19, 20, 21, 22, 23, 24, 25, 26, 27, 28, 29]","[1.4399683475494385, 1.4906644821166992, 1.6153744459152222, 1.6100836992263794, 1.590949535369873, 1.5716822147369385, 1.4851890802383423, 1.4939552545547485, 1.599855661392212, 1.511888027191162, 1.5898311138153076, 1.5983669757843018, 1.4772993326187134, 1.5043359994888306, 1.5003329515457153, 1.4940574169158936, 1.4949768781661987, 1.506472110748291, 1.4371122121810913, 1.6069414615631104, 1.4319775104522705, 1.614908218383789, 1.426892876625061, 1.4449594020843506, 1.5004769563674927, 1.4585626125335693, 1.426088571548462, 1.4807285070419312, 1.5681982040405273, 1.5531526803970337]",sae,Pre-64
1,beta,18,0.09,0.4575117633693479,0.4471831599677374,0.4223121215177282,0.5,0.6052065040104606,0.7306422992595487,30,"[0, 1, 2, 3, 4, 5, 6, 7, 8, 9, 10, 11, 12, 13, 14, 15, 16, 17, 18, 19, 20, 21, 22, 23, 24, 25, 26, 27, 28, 29]","[1.254235863685608, 1.404168963432312, 1.4329129457473755, 1.3567067384719849, 1.3629791736602783, 1.3729302883148193, 1.5399819612503052, 1.3363697528839111, 1.419013500213623, 1.3124662637710571, 1.5053941011428833, 1.4058411121368408, 1.4324095249176025, 1.4465616941452026, 1.3667385578155518, 1.315844178199768, 1.4378985166549683, 1.3624212741851807, 1.3441790342330933, 1.2753665447235107, 1.5235389471054077, 1.342767357826233, 1.4559886455535889, 1.418787956237793, 1.4055932760238647, 1.3858343362808228, 1.4169301986694336, 1.452534794807434, 1.427101969718933, 1.370990514755249]",sae,Pre-64
1,beta,16,0.094,0.4519396108125126,0.4401978349795346,0.430651381256172,0.5,0.6159012314439947,0.7167603503952188,30,"[0, 1, 2, 3, 4, 5, 6, 7, 8, 9, 10, 11, 12, 13, 14, 15, 16, 17, 18, 19, 20, 21, 22, 23, 24, 25, 26, 27, 28, 29]","[1.2738370895385742, 1.2369688749313354, 1.2420412302017212, 1.320894718170166, 1.3133480548858643, 1.255945086479187, 1.319164752960205, 1.2954906225204468, 1.266469955444336, 1.3212116956710815, 1.321643590927124, 1.305114984512329, 1.261126160621643, 1.282142996788025, 1.2004942893981934, 1.2505180835723877, 1.3301633596420288, 1.156679630279541, 1.26781165599823, 1.3026431798934937, 1.3510000705718994, 1.3186532258987427, 1.3243287801742554, 1.3148980140686035, 1.2046294212341309, 1.2934507131576538, 1.2152758836746216, 1.269827127456665, 1.226168155670166, 1.24989914894104]",sae,Pre-64
1,beta,36,0.145,0.4642138821845151,0.4576483090311837,0.4570385695955414,0.5,0.6031055233182893,0.6748494142111163,30,"[0, 1, 2, 3, 4, 5, 6, 7, 8, 9, 10, 11, 12, 13, 14, 15, 16, 17, 18, 19, 20, 21, 22, 23, 24, 25, 26, 27, 28, 29]","[1.356803297996521, 1.3290261030197144, 1.2964526414871216, 1.3471994400024414, 1.2336503267288208, 1.3703052997589111, 1.3090494871139526, 1.3436945676803589, 1.380829930305481, 1.2420244216918945, 1.2830500602722168, 1.3837848901748657, 1.2875339984893799, 1.308150053024292, 1.3341981172561646, 1.3874210119247437, 1.348637342453003, 1.3237887620925903, 1.3780263662338257, 1.282610535621643, 1.3324445486068726, 1.3043657541275024, 1.3216601610183716, 1.2973042726516724, 1.3721977472305298, 1.3421236276626587, 1.3100589513778687, 1.321677327156067, 1.3683910369873047, 1.2781434059143066]",sae,Pre-64
1,beta,21,0.18,0.4504746503440228,0.4381370334360364,0.4349769318701341,0.5,0.6200058082774133,0.6869276684091498,30,"[0, 1, 2, 3, 4, 5, 6, 7, 8, 9, 10, 11, 12, 13, 14, 15, 16, 17, 18, 19, 20, 21, 22, 23, 24, 25, 26, 27, 28, 29]","[1.180459976196289, 1.2130041122436523, 1.311806559562683, 1.3022494316101074, 1.242183804512024, 1.2580796480178833, 1.2122195959091187, 1.214020848274231, 1.277489185333252, 1.2382062673568726, 1.3011319637298584, 1.254855751991272, 1.1992042064666748, 1.212932825088501, 1.215718388557434, 1.2089569568634033, 1.2285150289535522, 1.2313199043273926, 1.171410322189331, 1.3057140111923218, 1.1832810640335083, 1.305885910987854, 1.1796551942825317, 1.1756802797317505, 1.2411415576934814, 1.1755203008651733, 1.1187925338745117, 1.216620683670044, 1.2830332517623901, 1.2479119300842285]",sae,Pre-64
1,beta,2,0.094,0.4419681213812466,0.4306250660512843,0.4272011171917916,0.5,0.6028191218064636,0.6894517665878426,30,"[0, 1, 2, 3, 4, 5, 6, 7, 8, 9, 10, 11, 12, 13, 14, 15, 16, 17, 18, 19, 20, 21, 22, 23, 24, 25, 26, 27, 28, 29]","[1.3692312240600586, 1.3824806213378906, 1.3580502271652222, 1.4266163110733032, 1.374075174331665, 1.4606307744979858, 1.3803014755249023, 1.3934097290039062, 1.3298077583312988, 1.3512171506881714, 1.3882114887237549, 1.3310602903366089, 1.411294937133789, 1.464737057685852, 1.436640739440918, 1.3822294473648071, 1.4419556856155396, 1.4962021112442017, 1.4883967638015747, 1.4658859968185425, 1.3888425827026367, 1.365830898284912, 1.4478588104248047, 1.451378583908081, 1.3633720874786377, 1.3697012662887573, 1.4278677701950073, 1.4028286933898926, 1.2121762037277222, 1.4883549213409424]",sae,Pre-64
1,beta,9,0.145,0.448644851968101,0.4348910401892977,0.4421534838583524,0.5,0.6286670530281078,0.6714575485366561,30,"[0, 1, 2, 3, 4, 5, 6, 7, 8, 9, 10, 11, 12, 13, 14, 15, 16, 17, 18, 19, 20, 21, 22, 23, 24, 25, 26, 27, 28, 29]","[1.3256845474243164, 1.2612881660461426, 1.3456287384033203, 1.3234037160873413, 1.263007640838623, 1.1272735595703125, 1.31942880153656, 1.2442282438278198, 1.3236953020095825, 1.205620288848877, 1.3131288290023804, 1.267410159111023, 1.2721260786056519, 1.3116645812988281, 1.3580745458602905, 1.2801265716552734, 1.242049217224121, 1.3336553573608398, 1.3444525003433228, 1.2414928674697876, 1.3309080600738525, 1.33938729763031, 1.2446597814559937, 1.3302812576293945, 1.3457822799682617, 1.3297163248062134, 1.197036623954773, 1.1420902013778687, 1.2590476274490356, 1.3465927839279175]",sae,Pre-64
1,beta,19,0.098,0.4469965829377276,0.435497383761294,0.4137573197169683,0.5,0.6104665954706788,0.7133492477306279,30,"[0, 1, 2, 3, 4, 5, 6, 7, 8, 9, 10, 11, 12, 13, 14, 15, 16, 17, 18, 19, 20, 21, 22, 23, 24, 25, 26, 27, 28, 29]","[1.3310455083847046, 1.3443646430969238, 1.4205116033554077, 1.3641959428787231, 1.2829054594039917, 1.2972263097763062, 1.3357102870941162, 1.4070408344268799, 1.3122180700302124, 1.4266042709350586, 1.4195449352264404, 1.446768879890442, 1.334028959274292, 1.348178505897522, 1.2630871534347534, 1.2822933197021484, 1.4100080728530884, 1.4436817169189453, 1.2956569194793701, 1.3229519128799438, 1.4594265222549438, 1.325416088104248, 1.3318668603897095, 1.3269755840301514, 1.3232654333114624, 1.4213285446166992, 1.4338487386703491, 1.3502990007400513, 1.30512535572052, 1.3001017570495605]",sae,Pre-64
1,beta,10,0.135,0.4493907433353129,0.4390813823454372,0.4433269572904942,0.5,0.6232207829487961,0.6760343033478058,30,"[0, 1, 2, 3, 4, 5, 6, 7, 8, 9, 10, 11, 12, 13, 14, 15, 16, 17, 18, 19, 20, 21, 22, 23, 24, 25, 26, 27, 28, 29]","[1.3941556215286255, 1.305438756942749, 1.469022274017334, 1.392196536064148, 1.3850021362304688, 1.3962050676345825, 1.4843100309371948, 1.410760760307312, 1.2941447496414185, 1.4409986734390259, 1.401267409324646, 1.4214253425598145, 1.4177278280258179, 1.3954722881317139, 1.463895320892334, 1.4172078371047974, 1.4270210266113281, 1.3379178047180176, 1.3911052942276, 1.352365493774414, 1.3725746870040894, 1.401463270187378, 1.4600439071655273, 1.4646660089492798, 1.3970223665237427, 1.3382046222686768, 1.3969542980194092, 1.4058995246887207, 1.3969085216522217, 1.4491008520126343]",sae,Pre-64
1,beta,38,0.092,0.4455661720406026,0.4298851252298221,0.437076073708383,0.5,0.6303640517897944,0.6627204874333587,30,"[0, 1, 2, 3, 4, 5, 6, 7, 8, 9, 10, 11, 12, 13, 14, 15, 16, 17, 18, 19, 20, 21, 22, 23, 24, 25, 26, 27, 28, 29]","[1.313628911972046, 1.2932970523834229, 1.3255665302276611, 1.3558441400527954, 1.3223129510879517, 1.211613416671753, 1.3706679344177246, 1.328100323677063, 1.182879090309143, 1.3408485651016235, 1.321279764175415, 1.3355333805084229, 1.3497623205184937, 1.3157786130905151, 1.362127661705017, 1.2989602088928223, 1.3054343461990356, 1.379523754119873, 1.2692896127700806, 1.3341896533966064, 1.3128446340560913, 1.3225302696228027, 1.3722895383834839, 1.2765341997146606, 1.316575527191162, 1.3702465295791626, 1.2680072784423828, 1.3752111196517944, 1.3012712001800537, 1.3843225240707397]",sae,Pre-64
1,beta,33,0.19,0.4492211383258522,0.4377959816952598,0.4223402424961981,0.5,0.6165210074526608,0.6954138560095032,30,"[0, 1, 2, 3, 4, 5, 6, 7, 8, 9, 10, 11, 12, 13, 14, 15, 16, 17, 18, 19, 20, 21, 22, 23, 24, 25, 26, 27, 28, 29]","[1.1849273443222046, 1.2562428712844849, 1.2136778831481934, 1.194433331489563, 1.149998426437378, 1.2687307596206665, 1.1574212312698364, 1.2470797300338745, 1.2527871131896973, 1.2536271810531616, 1.1950736045837402, 1.2495068311691284, 1.1756917238235474, 1.1588196754455566, 1.1325362920761108, 1.2413465976715088, 1.1629266738891602, 1.1944456100463867, 1.2464298009872437, 1.2438013553619385, 1.1899774074554443, 1.159067153930664, 1.2561681270599365, 1.2361953258514404, 1.2687146663665771, 1.1437739133834839, 1.1919195652008057, 1.171987533569336, 1.145799160003662, 1.191154956817627]",sae,Pre-64
1,beta,47,0.098,0.4460371044958436,0.4257646434940195,0.4051350920449176,0.5,0.6434257056516428,0.7317945090979232,30,"[0, 1, 2, 3, 4, 5, 6, 7, 8, 9, 10, 11, 12, 13, 14, 15, 16, 17, 18, 19, 20, 21, 22, 23, 24, 25, 26, 27, 28, 29]","[1.4614121913909912, 1.3023676872253418, 1.3134559392929077, 1.326972246170044, 1.4095484018325806, 1.4471184015274048, 1.3963218927383423, 1.4086194038391113, 1.4015681743621826, 1.3399877548217773, 1.3437532186508179, 1.2754820585250854, 1.3227930068969727, 1.4619638919830322, 1.2948006391525269, 1.4209264516830444, 1.3413031101226807, 1.4070628881454468, 1.25, 1.2938432693481445, 1.339639663696289, 1.3881776332855225, 1.4127097129821777, 1.3062821626663208, 1.3970510959625244, 1.2775943279266357, 1.246868371963501, 1.3859788179397583, 1.2969383001327515, 1.3777198791503906]",sae,Pre-64
1,beta,44,0.14,0.4469012312759677,0.43811650775401,0.4563057349403284,0.5,0.5982762074796864,0.6215463753513284,30,"[0, 1, 2, 3, 4, 5, 6, 7, 8, 9, 10, 11, 12, 13, 14, 15, 16, 17, 18, 19, 20, 21, 22, 23, 24, 25, 26, 27, 28, 29]","[1.3501417636871338, 1.353919506072998, 1.2980529069900513, 1.3274723291397095, 1.3435242176055908, 1.4000040292739868, 1.3764055967330933, 1.2956243753433228, 1.36306893825531, 1.4138808250427246, 1.3427029848098755, 1.318993091583252, 1.3482979536056519, 1.315037727355957, 1.417094111442566, 1.4160939455032349, 1.285050630569458, 1.1930766105651855, 1.3586714267730713, 1.3454420566558838, 1.3172670602798462, 1.2919474840164185, 1.3380917310714722, 1.346024751663208, 1.401748776435852, 1.3012992143630981, 1.3226956129074097, 1.345540165901184, 1.3407788276672363, 1.359575629234314]",sae,Pre-64
1,beta,20,0.12,0.4408022875601419,0.4262939306313442,0.4358397042566786,0.5,0.6176087118064704,0.6504553161880442,30,"[0, 1, 2, 3, 4, 5, 6, 7, 8, 9, 10, 11, 12, 13, 14, 15, 16, 17, 18, 19, 20, 21, 22, 23, 24, 25, 26, 27, 28, 29]","[1.4278922080993652, 1.4986193180084229, 1.4359476566314697, 1.5426985025405884, 1.4903514385223389, 1.5086252689361572, 1.505262017250061, 1.4260762929916382, 1.4721078872680664, 1.4308401346206665, 1.4440799951553345, 1.4367897510528564, 1.5548020601272583, 1.3867799043655396, 1.4425981044769287, 1.5416531562805176, 1.4329864978790283, 1.404412865638733, 1.4731690883636475, 1.4724807739257812, 1.46662175655365, 1.3737365007400513, 1.4921656847000122, 1.5467896461486816, 1.5114589929580688, 1.3985059261322021, 1.4423967599868774, 1.4845844507217407, 1.3969813585281372, 1.5456020832061768]",sae,Pre-64
1,beta,38,0.17,0.4455661720406026,0.4298851252298221,0.437023345963077,0.5,0.6303640517897944,0.6627372429550648,30,"[0, 1, 2, 3, 4, 5, 6, 7, 8, 9, 10, 11, 12, 13, 14, 15, 16, 17, 18, 19, 20, 21, 22, 23, 24, 25, 26, 27, 28, 29]","[1.3114646673202515, 1.2911252975463867, 1.3234045505523682, 1.3536810874938965, 1.320137619972229, 1.2094330787658691, 1.368503212928772, 1.3259357213974, 1.1807135343551636, 1.3386741876602173, 1.3191173076629639, 1.3333711624145508, 1.347598671913147, 1.3136109113693237, 1.3599668741226196, 1.2967900037765503, 1.3032587766647339, 1.3773595094680786, 1.267126202583313, 1.332016944885254, 1.3106694221496582, 1.3203519582748413, 1.3701287508010864, 1.274369716644287, 1.3143975734710693, 1.3680832386016846, 1.2658398151397705, 1.3730388879776, 1.299099087715149, 1.3821518421173096]",sae,Pre-64
1,beta,13,0.088,0.4619123366083722,0.4531466051409948,0.4392225211465729,0.5,0.6127276801885291,0.7109146954233516,30,"[0, 1, 2, 3, 4, 5, 6, 7, 8, 9, 10, 11, 12, 13, 14, 15, 16, 17, 18, 19, 20, 21, 22, 23, 24, 25, 26, 27, 28, 29]","[1.4798537492752075, 1.2997355461120605, 1.468148946762085, 1.3994793891906738, 1.3743048906326294, 1.4758144617080688, 1.4082245826721191, 1.4056593179702759, 1.4409964084625244, 1.4081398248672485, 1.477762222290039, 1.389525294303894, 1.43038010597229, 1.449272632598877, 1.4466545581817627, 1.3606383800506592, 1.360827922821045, 1.4361114501953125, 1.4106824398040771, 1.4172251224517822, 1.3868829011917114, 1.331580638885498, 1.371462106704712, 1.3674243688583374, 1.394282579421997, 1.3364704847335815, 1.4044709205627441, 1.3542518615722656, 1.4148277044296265, 1.4040638208389282]",sae,Pre-64
1,beta,44,0.175,0.4469012312759677,0.43811650775401,0.4527708017540584,0.5,0.5982762074796864,0.6215434292010629,30,"[0, 1, 2, 3, 4, 5, 6, 7, 8, 9, 10, 11, 12, 13, 14, 15, 16, 17, 18, 19, 20, 21, 22, 23, 24, 25, 26, 27, 28, 29]","[1.3486708402633667, 1.352445125579834, 1.2965877056121826, 1.3260083198547363, 1.3420482873916626, 1.398533582687378, 1.3749420642852783, 1.2941488027572632, 1.3615957498550415, 1.4124162197113037, 1.3412284851074219, 1.317526936531067, 1.346824288368225, 1.3135677576065063, 1.4156250953674316, 1.4146260023117065, 1.2835769653320312, 1.191611647605896, 1.3571994304656982, 1.343971610069275, 1.315800428390503, 1.290480375289917, 1.3366203308105469, 1.3445473909378052, 1.4002788066864014, 1.2998297214508057, 1.3212337493896484, 1.3440661430358887, 1.3393089771270752, 1.3581033945083618]",sae,Pre-64
1,beta,35,0.095,0.4566193215888805,0.4379483378046387,0.4310834404050314,0.5,0.637290178651746,0.7134720448098639,30,"[0, 1, 2, 3, 4, 5, 6, 7, 8, 9, 10, 11, 12, 13, 14, 15, 16, 17, 18, 19, 20, 21, 22, 23, 24, 25, 26, 27, 28, 29]","[1.3095433712005615, 1.3610543012619019, 1.4241596460342407, 1.3676058053970337, 1.361495852470398, 1.3407186269760132, 1.2822469472885132, 1.44548499584198, 1.456196665763855, 1.368994951248169, 1.4170241355895996, 1.2974697351455688, 1.3589900732040405, 1.2533262968063354, 1.3504739999771118, 1.3058812618255615, 1.4302271604537964, 1.2886265516281128, 1.390176773071289, 1.2944536209106445, 1.310201644897461, 1.3020188808441162, 1.3286267518997192, 1.285879373550415, 1.329298973083496, 1.361380934715271, 1.3287798166275024, 1.3939334154129028, 1.4235183000564575, 1.381769061088562]",sae,Pre-64
1,beta,0,0.185,0.4600628296558519,0.4487196928272481,0.4296173038364927,0.5,0.6146148452673732,0.7222143640425923,30,"[0, 1, 2, 3, 4, 5, 6, 7, 8, 9, 10, 11, 12, 13, 14, 15, 16, 17, 18, 19, 20, 21, 22, 23, 24, 25, 26, 27, 28, 29]","[1.2520054578781128, 1.294407844543457, 1.267837405204773, 1.3124271631240845, 1.2381012439727783, 1.26896333694458, 1.2999308109283447, 1.3343814611434937, 1.3144785165786743, 1.2844587564468384, 1.2686877250671387, 1.274702548980713, 1.320855736732483, 1.307753562927246, 1.324552297592163, 1.2688244581222534, 1.289579153060913, 1.2298493385314941, 1.155951976776123, 1.3084187507629395, 1.2394987344741821, 1.2362109422683716, 1.3173338174819946, 1.2604583501815796, 1.251370906829834, 1.1965951919555664, 1.3205113410949707, 1.2206467390060425, 1.302779197692871, 1.2120994329452515]",sae,Pre-64
1,beta,16,0.175,0.4519396108125126,0.4401978349795346,0.4284860633800419,0.5,0.6159012314439947,0.7162377096587623,30,"[0, 1, 2, 3, 4, 5, 6, 7, 8, 9, 10, 11, 12, 13, 14, 15, 16, 17, 18, 19, 20, 21, 22, 23, 24, 25, 26, 27, 28, 29]","[1.1816619634628296, 1.1549992561340332, 1.1471163034439087, 1.2204749584197998, 1.2079912424087524, 1.16510808467865, 1.2193816900253296, 1.2029900550842285, 1.166872262954712, 1.2151597738265991, 1.2106742858886719, 1.1998599767684937, 1.1620912551879883, 1.1870651245117188, 1.0927363634109497, 1.147909164428711, 1.2300472259521484, 1.066845417022705, 1.1719858646392822, 1.1980657577514648, 1.2465837001800537, 1.2221959829330444, 1.2204833030700684, 1.2173259258270264, 1.105743646621704, 1.192484736442566, 1.1101740598678589, 1.1703307628631592, 1.1249957084655762, 1.1530065536499023]",sae,Pre-64
1,beta,30,0.094,0.4638407167611665,0.4544841508273655,0.4397928916568341,0.5,0.6043368975359404,0.6949335472810021,30,"[0, 1, 2, 3, 4, 5, 6, 7, 8, 9, 10, 11, 12, 13, 14, 15, 16, 17, 18, 19, 20, 21, 22, 23, 24, 25, 26, 27, 28, 29]","[1.5266960859298706, 1.4955099821090698, 1.5067901611328125, 1.447263479232788, 1.4601409435272217, 1.438535213470459, 1.4493308067321777, 1.425680160522461, 1.4184001684188843, 1.4367895126342773, 1.501215934753418, 1.4313913583755493, 1.4070842266082764, 1.4291669130325317, 1.496137022972107, 1.5001440048217773, 1.41829514503479, 1.4399899244308472, 1.5218719244003296, 1.4464551210403442, 1.423195242881775, 1.388449788093567, 1.4874016046524048, 1.4423097372055054, 1.5581027269363403, 1.4349162578582764, 1.460289478302002, 1.4302364587783813, 1.497442603111267, 1.452756404876709]",sae,Pre-64
1,beta,10,0.17,0.4493907433353129,0.4390813823454372,0.4378373003843949,0.5,0.6232207829487961,0.6759524920162188,30,"[0, 1, 2, 3, 4, 5, 6, 7, 8, 9, 10, 11, 12, 13, 14, 15, 16, 17, 18, 19, 20, 21, 22, 23, 24, 25, 26, 27, 28, 29]","[1.2091190814971924, 1.1359286308288574, 1.275915265083313, 1.224125623703003, 1.2156827449798584, 1.238986611366272, 1.3099569082260132, 1.2415165901184082, 1.1222822666168213, 1.2584160566329956, 1.2288200855255127, 1.2437646389007568, 1.2377099990844727, 1.214011788368225, 1.3044463396072388, 1.2430979013442993, 1.2499618530273438, 1.1861307621002197, 1.2104109525680542, 1.1869125366210938, 1.2100212574005127, 1.217819333076477, 1.2839797735214233, 1.2796329259872437, 1.1833620071411133, 1.1917368173599243, 1.2312074899673462, 1.25102961063385, 1.2223536968231201, 1.2473660707473755]",sae,Pre-64
1,beta,31,0.105,0.4497611378811508,0.4308970333737342,0.431156871249144,0.5,0.642735734520437,0.7096808695149448,30,"[0, 1, 2, 3, 4, 5, 6, 7, 8, 9, 10, 11, 12, 13, 14, 15, 16, 17, 18, 19, 20, 21, 22, 23, 24, 25, 26, 27, 28, 29]","[1.4205799102783203, 1.3901903629302979, 1.324542760848999, 1.330709457397461, 1.3959397077560425, 1.4494593143463135, 1.3453829288482666, 1.398916482925415, 1.37406325340271, 1.4053107500076294, 1.3935081958770752, 1.3986756801605225, 1.4293410778045654, 1.2594833374023438, 1.4439666271209717, 1.3820074796676636, 1.4017711877822876, 1.391341209411621, 1.4020521640777588, 1.3630026578903198, 1.4514307975769043, 1.3989511728286743, 1.441542387008667, 1.4185242652893066, 1.392840027809143, 1.4089128971099854, 1.320592999458313, 1.4595240354537964, 1.3243389129638672, 1.417680263519287]",sae,Pre-64
1,beta,11,0.195,0.4566976193509867,0.4496008864727478,0.4314025118568114,0.5,0.5995106990682213,0.709773142295266,30,"[0, 1, 2, 3, 4, 5, 6, 7, 8, 9, 10, 11, 12, 13, 14, 15, 16, 17, 18, 19, 20, 21, 22, 23, 24, 25, 26, 27, 28, 29]","[1.197404384613037, 1.0159912109375, 1.1595122814178467, 1.0947496891021729, 1.2204711437225342, 1.0870051383972168, 1.1269891262054443, 1.0375356674194336, 1.2077991962432861, 1.2207576036453247, 1.2321844100952148, 1.2301312685012817, 1.2398982048034668, 1.1524134874343872, 1.143661618232727, 1.0850900411605835, 1.17250657081604, 1.1216024160385132, 1.160549521446228, 1.1942617893218994, 1.178363561630249, 1.1898934841156006, 1.2164463996887207, 1.1637935638427734, 1.1526267528533936, 1.2090473175048828, 1.2035871744155884, 1.1137361526489258, 1.1602522134780884, 1.1377544403076172]",sae,Pre-64
1,beta,27,0.088,0.4609757262074365,0.4537266978541116,0.4611324770779583,0.5,0.5914172664146189,0.6603627231605629,30,"[0, 1, 2, 3, 4, 5, 6, 7, 8, 9, 10, 11, 12, 13, 14, 15, 16, 17, 18, 19, 20, 21, 22, 23, 24, 25, 26, 27, 28, 29]","[1.5267845392227173, 1.5998743772506714, 1.5281891822814941, 1.5123533010482788, 1.5808559656143188, 1.488986849784851, 1.5908842086791992, 1.4559162855148315, 1.5610240697860718, 1.5700606107711792, 1.475722312927246, 1.6027806997299194, 1.515452265739441, 1.4753447771072388, 1.5145715475082397, 1.4278236627578735, 1.5192797183990479, 1.5640356540679932, 1.507481336593628, 1.5283397436141968, 1.5945658683776855, 1.5299502611160278, 1.4828530550003052, 1.4381754398345947, 1.5008057355880737, 1.6081520318984985, 1.4918789863586426, 1.5428558588027954, 1.4329848289489746, 1.540480375289917]",sae,Pre-64
1,beta,3,0.105,0.4557259332451328,0.444824285747971,0.4644163394666489,0.5,0.6042731979176,0.6522588720237493,30,"[0, 1, 2, 3, 4, 5, 6, 7, 8, 9, 10, 11, 12, 13, 14, 15, 16, 17, 18, 19, 20, 21, 22, 23, 24, 25, 26, 27, 28, 29]","[1.3980413675308228, 1.424963355064392, 1.4096043109893799, 1.3675942420959473, 1.4030135869979858, 1.4396661520004272, 1.3955899477005005, 1.4432042837142944, 1.1985242366790771, 1.4681326150894165, 1.3599269390106201, 1.4661917686462402, 1.4017508029937744, 1.3777308464050293, 1.477040410041809, 1.3966063261032104, 1.4023547172546387, 1.4277971982955933, 1.361746907234192, 1.3646190166473389, 1.3100738525390625, 1.376071572303772, 1.3728078603744507, 1.4876857995986938, 1.4584468603134155, 1.38749098777771, 1.3905808925628662, 1.3841156959533691, 1.4530177116394043, 1.390205979347229]",sae,Pre-64
1,beta,16,0.14,0.4519396108125126,0.4401978349795346,0.4306265367001602,0.5,0.6159012314439947,0.7167535726335069,30,"[0, 1, 2, 3, 4, 5, 6, 7, 8, 9, 10, 11, 12, 13, 14, 15, 16, 17, 18, 19, 20, 21, 22, 23, 24, 25, 26, 27, 28, 29]","[1.2720381021499634, 1.235163688659668, 1.2402442693710327, 1.3191026449203491, 1.3115586042404175, 1.254145622253418, 1.3173713684082031, 1.293690800666809, 1.264685869216919, 1.3194211721420288, 1.3198573589324951, 1.3033232688903809, 1.2593308687210083, 1.2803559303283691, 1.1987059116363525, 1.2487282752990723, 1.3283809423446655, 1.1548800468444824, 1.2660226821899414, 1.3008534908294678, 1.349214792251587, 1.316856861114502, 1.3225404024124146, 1.3131004571914673, 1.2028424739837646, 1.2916556596755981, 1.2134888172149658, 1.2680470943450928, 1.224386215209961, 1.248102068901062]",sae,Pre-64
1,beta,6,0.098,0.4540822999211705,0.4457917896713532,0.4483638756156058,0.5,0.5933447799067053,0.6641742512877395,30,"[0, 1, 2, 3, 4, 5, 6, 7, 8, 9, 10, 11, 12, 13, 14, 15, 16, 17, 18, 19, 20, 21, 22, 23, 24, 25, 26, 27, 28, 29]","[1.4727330207824707, 1.508103847503662, 1.4225094318389893, 1.5189348459243774, 1.4038087129592896, 1.4150187969207764, 1.4097365140914917, 1.4922789335250854, 1.4017809629440308, 1.500678300857544, 1.4274121522903442, 1.367081880569458, 1.4185585975646973, 1.3872718811035156, 1.2198991775512695, 1.4968839883804321, 1.383224368095398, 1.4601373672485352, 1.4451202154159546, 1.458657145500183, 1.4365066289901733, 1.3985779285430908, 1.5090479850769043, 1.4421056509017944, 1.3824008703231812, 1.4495632648468018, 1.3999441862106323, 1.3843207359313965, 1.4464188814163208, 1.4717892408370972]",sae,Pre-64
1,beta,33,0.165,0.4492211383258522,0.4377959816952598,0.4223402424961981,0.5,0.6165210074526608,0.6954138560095032,30,"[0, 1, 2, 3, 4, 5, 6, 7, 8, 9, 10, 11, 12, 13, 14, 15, 16, 17, 18, 19, 20, 21, 22, 23, 24, 25, 26, 27, 28, 29]","[1.1849273443222046, 1.2562428712844849, 1.2136778831481934, 1.194433331489563, 1.149998426437378, 1.2687307596206665, 1.1574212312698364, 1.2470797300338745, 1.2527871131896973, 1.2536271810531616, 1.1950736045837402, 1.2495068311691284, 1.1756917238235474, 1.1588196754455566, 1.1325362920761108, 1.2413465976715088, 1.1629266738891602, 1.1944456100463867, 1.2464298009872437, 1.2438013553619385, 1.1899774074554443, 1.159067153930664, 1.2561681270599365, 1.2361953258514404, 1.2687146663665771, 1.1437739133834839, 1.1919195652008057, 1.171987533569336, 1.145799160003662, 1.191154956817627]",sae,Pre-64
1,beta,43,0.115,0.4515364523902173,0.4432102910589974,0.4386883162748897,0.5,0.6060785767234989,0.6985203854707192,30,"[0, 1, 2, 3, 4, 5, 6, 7, 8, 9, 10, 11, 12, 13, 14, 15, 16, 17, 18, 19, 20, 21, 22, 23, 24, 25, 26, 27, 28, 29]","[1.3279362916946411, 1.4157761335372925, 1.3468126058578491, 1.2832449674606323, 1.3219950199127197, 1.2562708854675293, 1.2996721267700195, 1.2789615392684937, 1.3793549537658691, 1.2784109115600586, 1.24051833152771, 1.3860154151916504, 1.330445408821106, 1.280243992805481, 1.2771424055099487, 1.1876821517944336, 1.3665357828140259, 1.2932233810424805, 1.3645867109298706, 1.3502581119537354, 1.276854395866394, 1.2776644229888916, 1.3734056949615479, 1.3494585752487183, 1.2464760541915894, 1.3622245788574219, 1.390236735343933, 1.2861523628234863, 1.3624838590621948, 1.398525595664978]",sae,Pre-64
1,beta,13,0.096,0.4619123366083722,0.4531466051409948,0.4392118003292684,0.5,0.6127276801885291,0.7109161048805275,30,"[0, 1, 2, 3, 4, 5, 6, 7, 8, 9, 10, 11, 12, 13, 14, 15, 16, 17, 18, 19, 20, 21, 22, 23, 24, 25, 26, 27, 28, 29]","[1.479082465171814, 1.2989681959152222, 1.467378854751587, 1.3987065553665161, 1.3735299110412598, 1.4750478267669678, 1.4074547290802002, 1.4048858880996704, 1.440230131149292, 1.4073667526245117, 1.4769924879074097, 1.388752818107605, 1.4296141862869263, 1.4485045671463013, 1.4458858966827393, 1.359866976737976, 1.3600552082061768, 1.4353371858596802, 1.4099141359329224, 1.4164587259292603, 1.3861136436462402, 1.3308069705963135, 1.3706985712051392, 1.366647481918335, 1.393513560295105, 1.3356969356536865, 1.4037024974822998, 1.3534750938415527, 1.4140607118606567, 1.4032880067825317]",sae,Pre-64
1,beta,38,0.135,0.4455661720406026,0.4298851252298221,0.437047008602622,0.5,0.6303640517897944,0.6627296268088347,30,"[0, 1, 2, 3, 4, 5, 6, 7, 8, 9, 10, 11, 12, 13, 14, 15, 16, 17, 18, 19, 20, 21, 22, 23, 24, 25, 26, 27, 28, 29]","[1.3124358654022217, 1.2920997142791748, 1.3243746757507324, 1.3546518087387085, 1.3211137056350708, 1.2104114294052124, 1.3694747686386108, 1.3269069194793701, 1.181685447692871, 1.3396497964859009, 1.3200874328613281, 1.3343417644500732, 1.348569631576538, 1.3145840167999268, 1.3609366416931152, 1.297763705253601, 1.3042352199554443, 1.3783304691314697, 1.268096923828125, 1.3329921960830688, 1.3116456270217896, 1.3213289976119995, 1.3710981607437134, 1.2753410339355469, 1.3153748512268066, 1.3690539598464966, 1.2668125629425049, 1.3740135431289673, 1.3000738620758057, 1.383125901222229]",sae,Pre-64
1,beta,28,0.185,0.4589844236982603,0.4495627040154577,0.4363597930098649,0.5,0.5987249917034086,0.6954499122931779,30,"[0, 1, 2, 3, 4, 5, 6, 7, 8, 9, 10, 11, 12, 13, 14, 15, 16, 17, 18, 19, 20, 21, 22, 23, 24, 25, 26, 27, 28, 29]","[1.1352343559265137, 1.0775038003921509, 1.0399432182312012, 1.2336927652359009, 1.179149866104126, 1.2072476148605347, 1.1323752403259277, 1.10542631149292, 1.2175010442733765, 1.2215855121612549, 1.176476240158081, 1.2057819366455078, 1.218854308128357, 1.2209949493408203, 1.1551659107208252, 1.1379764080047607, 1.1653257608413696, 1.2166705131530762, 1.183241605758667, 1.1995640993118286, 1.135400652885437, 1.153017282485962, 1.1304819583892822, 1.08482027053833, 1.1267801523208618, 1.205606460571289, 1.2566165924072266, 1.1601134538650513, 1.1428003311157227, 1.122060775756836]",sae,Pre-64
1,beta,25,0.135,0.4465066892532915,0.4352791138475453,0.4389064864595617,0.5,0.6270054355300688,0.6628311995838142,30,"[0, 1, 2, 3, 4, 5, 6, 7, 8, 9, 10, 11, 12, 13, 14, 15, 16, 17, 18, 19, 20, 21, 22, 23, 24, 25, 26, 27, 28, 29]","[1.3740497827529907, 1.3847832679748535, 1.2833582162857056, 1.4076298475265503, 1.4036508798599243, 1.3936749696731567, 1.2803356647491455, 1.3041094541549683, 1.3512736558914185, 1.2558048963546753, 1.4052588939666748, 1.3234940767288208, 1.3868680000305176, 1.3121638298034668, 1.2952805757522583, 1.3218486309051514, 1.1906434297561646, 1.2317042350769043, 1.2748335599899292, 1.3006527423858643, 1.4171756505966187, 1.2156747579574585, 1.3682581186294556, 1.317490816116333, 1.35102117061615, 1.3026783466339111, 1.431718111038208, 1.3827836513519287, 1.402842402458191, 1.257440209388733]",sae,Pre-64
1,beta,25,0.195,0.4465066892532915,0.4352791138475453,0.4388736549515459,0.5,0.6270054355300688,0.6628222300622485,30,"[0, 1, 2, 3, 4, 5, 6, 7, 8, 9, 10, 11, 12, 13, 14, 15, 16, 17, 18, 19, 20, 21, 22, 23, 24, 25, 26, 27, 28, 29]","[1.3715237379074097, 1.3822667598724365, 1.2808361053466797, 1.4051190614700317, 1.4011423587799072, 1.3911617994308472, 1.2778300046920776, 1.3016047477722168, 1.3487460613250732, 1.2532992362976074, 1.4027436971664429, 1.3209842443466187, 1.3843492269515991, 1.309649109840393, 1.292752742767334, 1.3193286657333374, 1.1881444454193115, 1.229176640510559, 1.2722996473312378, 1.2981150150299072, 1.414654016494751, 1.2131692171096802, 1.3657418489456177, 1.3149590492248535, 1.3484976291656494, 1.3001618385314941, 1.429202675819397, 1.3802627325057983, 1.4003182649612427, 1.2549208402633667]",sae,Pre-64
1,beta,0,0.088,0.4600628296558519,0.4487196928272481,0.4324462242817726,0.5,0.6146148452673732,0.7223542903379372,30,"[0, 1, 2, 3, 4, 5, 6, 7, 8, 9, 10, 11, 12, 13, 14, 15, 16, 17, 18, 19, 20, 21, 22, 23, 24, 25, 26, 27, 28, 29]","[1.388301968574524, 1.4318945407867432, 1.4090569019317627, 1.462592601776123, 1.3823671340942383, 1.4061177968978882, 1.4535964727401733, 1.4842363595962524, 1.4673517942428589, 1.4121202230453491, 1.403465986251831, 1.418642520904541, 1.4798463582992554, 1.4632115364074707, 1.4800083637237549, 1.4288134574890137, 1.4400442838668823, 1.3632794618606567, 1.3132466077804565, 1.4633394479751587, 1.384171724319458, 1.371247410774231, 1.4631035327911377, 1.4062743186950684, 1.3812644481658936, 1.3445988893508911, 1.4687386751174927, 1.3537538051605225, 1.4617891311645508, 1.3459559679031372]",sae,Pre-64
1,beta,42,0.096,0.4546678683050885,0.4407690563496341,0.4505195525781438,0.5,0.6336081445133979,0.6604307980949631,30,"[0, 1, 2, 3, 4, 5, 6, 7, 8, 9, 10, 11, 12, 13, 14, 15, 16, 17, 18, 19, 20, 21, 22, 23, 24, 25, 26, 27, 28, 29]","[1.3837800025939941, 1.2537096738815308, 1.3889073133468628, 1.3788474798202515, 1.29727041721344, 1.3684624433517456, 1.2922784090042114, 1.26473867893219, 1.2692921161651611, 1.3771083354949951, 1.3547542095184326, 1.3955997228622437, 1.2715901136398315, 1.0956848859786987, 1.399518609046936, 1.3086315393447876, 1.2477055788040161, 1.23406982421875, 1.355065107345581, 1.341568112373352, 1.2851313352584839, 1.2714768648147583, 1.2889608144760132, 1.2558865547180176, 1.2897603511810303, 1.2618318796157837, 1.390972375869751, 1.2721718549728394, 1.3284978866577148, 1.254823923110962]",sae,Pre-64
1,beta,39,0.195,0.4461088087810431,0.4292341094433316,0.4329556245717568,0.5,0.6205127278095635,0.6663970160675603,30,"[0, 1, 2, 3, 4, 5, 6, 7, 8, 9, 10, 11, 12, 13, 14, 15, 16, 17, 18, 19, 20, 21, 22, 23, 24, 25, 26, 27, 28, 29]","[1.2167634963989258, 1.266215205192566, 1.2168917655944824, 1.1913353204727173, 1.1658408641815186, 1.2374838590621948, 1.2047932147979736, 1.244646430015564, 1.1871869564056396, 1.2308804988861084, 1.2083059549331665, 1.1263045072555542, 1.2334601879119873, 1.1612675189971924, 1.2300316095352173, 1.2844197750091553, 1.219099760055542, 1.249218225479126, 1.1747914552688599, 1.1100162267684937, 1.1900451183319092, 1.2503799200057983, 1.146167278289795, 1.1576786041259766, 1.2477374076843262, 1.2323676347732544, 1.0786675214767456, 1.181172251701355, 1.290158987045288, 1.1894015073776245]",sae,Pre-64
1,beta,49,0.155,0.462130925118617,0.4524487678230295,0.4490139204014749,0.5,0.6141152509743157,0.6819710522608818,30,"[0, 1, 2, 3, 4, 5, 6, 7, 8, 9, 10, 11, 12, 13, 14, 15, 16, 17, 18, 19, 20, 21, 22, 23, 24, 25, 26, 27, 28, 29]","[1.276782751083374, 1.3227055072784424, 1.321344017982483, 1.3049557209014893, 1.2486350536346436, 1.2859294414520264, 1.3555331230163574, 1.2593834400177002, 1.3754299879074097, 1.336398959159851, 1.2789820432662964, 1.270979404449463, 1.3279129266738892, 1.3282939195632935, 1.3587775230407715, 1.307370901107788, 1.4024688005447388, 1.3827667236328125, 1.2516472339630127, 1.3351269960403442, 1.374961018562317, 1.2923252582550049, 1.3819130659103394, 1.323333740234375, 1.289437174797058, 1.3271126747131348, 1.3246535062789917, 1.2914268970489502, 1.2087719440460205, 1.2836451530456543]",sae,Pre-64
1,beta,15,0.15,0.4529015220185267,0.4424399871594601,0.4320229093219047,0.5,0.6161071485640408,0.7104432080651956,30,"[0, 1, 2, 3, 4, 5, 6, 7, 8, 9, 10, 11, 12, 13, 14, 15, 16, 17, 18, 19, 20, 21, 22, 23, 24, 25, 26, 27, 28, 29]","[1.230257272720337, 1.185011386871338, 1.2192537784576416, 1.2415612936019897, 1.263082504272461, 1.215256690979004, 1.2051619291305542, 1.2272350788116455, 1.26133131980896, 1.2786394357681274, 1.2498655319213867, 1.1830443143844604, 1.3102163076400757, 1.276957631111145, 1.198557734489441, 1.2444031238555908, 1.2043094635009766, 1.292190432548523, 1.1801525354385376, 1.2538018226623535, 1.310245156288147, 1.28411865234375, 1.2271742820739746, 1.2571965456008911, 1.1928086280822754, 1.1093165874481201, 1.2688924074172974, 1.317250370979309, 1.2301546335220337, 1.2437341213226318]",sae,Pre-64
1,beta,41,0.088,0.4543678569363413,0.4427951465832617,0.4506651935561546,0.5,0.6190905384235713,0.6749100481412333,30,"[0, 1, 2, 3, 4, 5, 6, 7, 8, 9, 10, 11, 12, 13, 14, 15, 16, 17, 18, 19, 20, 21, 22, 23, 24, 25, 26, 27, 28, 29]","[1.3105788230895996, 1.3699374198913574, 1.2797086238861084, 1.2516710758209229, 1.2497788667678833, 1.4170695543289185, 1.293590784072876, 1.3414360284805298, 1.3158117532730103, 1.3846683502197266, 1.3791089057922363, 1.3400846719741821, 1.3463959693908691, 1.3925342559814453, 1.3970322608947754, 1.3267759084701538, 1.290295124053955, 1.3457585573196411, 1.3457392454147339, 1.3509479761123657, 1.263049602508545, 1.3176400661468506, 1.3315540552139282, 1.340366005897522, 1.3359105587005615, 1.3162362575531006, 1.371335744857788, 1.3795959949493408, 1.3332819938659668, 1.2851618528366089]",sae,Pre-64
1,beta,5,0.13,0.4445517550333296,0.4301735816232515,0.4289795852807793,0.5,0.6070910659257547,0.683172587087378,30,"[0, 1, 2, 3, 4, 5, 6, 7, 8, 9, 10, 11, 12, 13, 14, 15, 16, 17, 18, 19, 20, 21, 22, 23, 24, 25, 26, 27, 28, 29]","[1.3466417789459229, 1.247670292854309, 1.25009286403656, 1.3659292459487915, 1.3646962642669678, 1.2965136766433716, 1.2965056896209717, 1.2781413793563843, 1.3362542390823364, 1.263746738433838, 1.3498400449752808, 1.3681379556655884, 1.2968220710754395, 1.300180435180664, 1.3785490989685059, 1.3225457668304443, 1.3275518417358398, 1.3550333976745605, 1.2372499704360962, 1.3034799098968506, 1.3797968626022339, 1.3106894493103027, 1.372408151626587, 1.2609245777130127, 1.3021976947784424, 1.3786089420318604, 1.2473846673965454, 1.279032826423645, 1.357798457145691, 1.3038326501846313]",sae,Pre-64
1,beta,6,0.09,0.4540822999211705,0.4457917896713532,0.4483950817502,0.5,0.5933447799067053,0.6641894458541625,30,"[0, 1, 2, 3, 4, 5, 6, 7, 8, 9, 10, 11, 12, 13, 14, 15, 16, 17, 18, 19, 20, 21, 22, 23, 24, 25, 26, 27, 28, 29]","[1.4745278358459473, 1.5098974704742432, 1.424294352531433, 1.5207202434539795, 1.4056183099746704, 1.4168040752410889, 1.4115389585494995, 1.4940576553344727, 1.4035861492156982, 1.5024735927581787, 1.4292064905166626, 1.3688759803771973, 1.4203649759292603, 1.3890430927276611, 1.221726655960083, 1.4986759424209595, 1.3850233554840088, 1.4619368314743042, 1.4469056129455566, 1.4604430198669434, 1.4383025169372559, 1.4003784656524658, 1.510828971862793, 1.4439010620117188, 1.384209156036377, 1.4513546228408813, 1.4017325639724731, 1.3861171007156372, 1.4482072591781616, 1.47359299659729]",sae,Pre-64
1,beta,28,0.096,0.4589844236982603,0.4495627040154577,0.4416888859695922,0.5,0.5987249917034086,0.6982218627032664,30,"[0, 1, 2, 3, 4, 5, 6, 7, 8, 9, 10, 11, 12, 13, 14, 15, 16, 17, 18, 19, 20, 21, 22, 23, 24, 25, 26, 27, 28, 29]","[1.44482421875, 1.328176498413086, 1.3176255226135254, 1.5370453596115112, 1.4911097288131714, 1.4748669862747192, 1.4356881380081177, 1.3686258792877197, 1.4692474603652954, 1.5009320974349976, 1.4308218955993652, 1.461379885673523, 1.5086990594863892, 1.5187723636627197, 1.4517817497253418, 1.3988232612609863, 1.4335908889770508, 1.4900116920471191, 1.4646791219711304, 1.4647996425628662, 1.3994174003601074, 1.4195152521133423, 1.421445369720459, 1.3696651458740234, 1.4011980295181274, 1.4897698163986206, 1.5285496711730957, 1.411677360534668, 1.390429139137268, 1.4027117490768433]",sae,Pre-64
1,beta,22,0.095,0.4519005213187685,0.4442985770479847,0.444372389419549,0.5,0.5939599289403404,0.6801374133813339,30,"[0, 1, 2, 3, 4, 5, 6, 7, 8, 9, 10, 11, 12, 13, 14, 15, 16, 17, 18, 19, 20, 21, 22, 23, 24, 25, 26, 27, 28, 29]","[1.4120988845825195, 1.4578865766525269, 1.470974087715149, 1.4925143718719482, 1.5327059030532837, 1.432447910308838, 1.4415801763534546, 1.4224302768707275, 1.4180833101272583, 1.4683761596679688, 1.4163320064544678, 1.52602219581604, 1.4589016437530518, 1.512263536453247, 1.3768906593322754, 1.4985196590423584, 1.5100963115692139, 1.4629579782485962, 1.3950845003128052, 1.404248833656311, 1.483349084854126, 1.4817891120910645, 1.4831163883209229, 1.4335604906082153, 1.485487937927246, 1.5183600187301636, 1.4183446168899536, 1.4066044092178345, 1.5472673177719116, 1.38736093044281]",sae,Pre-64
1,beta,40,0.16,0.44666181227492,0.4340193094910912,0.4315951051487058,0.5,0.6093636266731638,0.669116325815834,30,"[0, 1, 2, 3, 4, 5, 6, 7, 8, 9, 10, 11, 12, 13, 14, 15, 16, 17, 18, 19, 20, 21, 22, 23, 24, 25, 26, 27, 28, 29]","[1.3545669317245483, 1.2981603145599365, 1.297263503074646, 1.2374756336212158, 1.2703320980072021, 1.300945520401001, 1.303023338317871, 1.3135100603103638, 1.3284101486206055, 1.3333048820495605, 1.276175618171692, 1.2833319902420044, 1.3500514030456543, 1.2381097078323364, 1.2562241554260254, 1.367517352104187, 1.265846848487854, 1.3034498691558838, 1.2556719779968262, 1.2519171237945557, 1.262259602546692, 1.2719833850860596, 1.3270275592803955, 1.2911866903305054, 1.3405967950820923, 1.2703168392181396, 1.3343325853347778, 1.2345508337020874, 1.3758615255355835, 1.2636404037475586]",sae,Pre-64
1,beta,24,0.092,0.4501416387440968,0.4383559369047743,0.4491681111860432,0.5,0.6188330126613704,0.6423767999006952,30,"[0, 1, 2, 3, 4, 5, 6, 7, 8, 9, 10, 11, 12, 13, 14, 15, 16, 17, 18, 19, 20, 21, 22, 23, 24, 25, 26, 27, 28, 29]","[1.491485357284546, 1.3986567258834839, 1.423022985458374, 1.5009853839874268, 1.5063174962997437, 1.4170762300491333, 1.4249922037124634, 1.4243392944335938, 1.4669592380523682, 1.3527692556381226, 1.4566632509231567, 1.4051284790039062, 1.5001789331436157, 1.485208511352539, 1.4232361316680908, 1.3937557935714722, 1.5069084167480469, 1.2992722988128662, 1.3990528583526611, 1.5087109804153442, 1.4833468198776245, 1.5020354986190796, 1.4024033546447754, 1.4629782438278198, 1.3815875053405762, 1.3455522060394287, 1.4568350315093994, 1.379612684249878, 1.5107786655426025, 1.4159317016601562]",sae,Pre-64
1,beta,6,0.19,0.4540822999211705,0.4457917896713532,0.4384936900712481,0.5,0.5933447799067053,0.6652910519198336,30,"[0, 1, 2, 3, 4, 5, 6, 7, 8, 9, 10, 11, 12, 13, 14, 15, 16, 17, 18, 19, 20, 21, 22, 23, 24, 25, 26, 27, 28, 29]","[1.2093437910079956, 1.2324018478393555, 1.1689670085906982, 1.2286028861999512, 1.1660292148590088, 1.1364821195602417, 1.1552339792251587, 1.210248351097107, 1.1588280200958252, 1.2276009321212769, 1.1634801626205444, 1.1048387289047241, 1.1711478233337402, 1.1197253465652466, 1.0116533041000366, 1.2269690036773682, 1.129739761352539, 1.1970460414886475, 1.1658244132995605, 1.1922228336334229, 1.1664220094680786, 1.1494638919830322, 1.2115159034729004, 1.2004733085632324, 1.147264838218689, 1.1653865575790405, 1.1267348527908325, 1.1380363702774048, 1.188260555267334, 1.2108981609344482]",sae,Pre-64
1,beta,6,0.155,0.4540822999211705,0.4457917896713532,0.441152026805915,0.5,0.5933447799067053,0.6658319784844939,30,"[0, 1, 2, 3, 4, 5, 6, 7, 8, 9, 10, 11, 12, 13, 14, 15, 16, 17, 18, 19, 20, 21, 22, 23, 24, 25, 26, 27, 28, 29]","[1.2870436906814575, 1.3156704902648926, 1.2500860691070557, 1.318917989730835, 1.238127589225769, 1.2140220403671265, 1.2369834184646606, 1.2919025421142578, 1.230616569519043, 1.3089604377746582, 1.2433793544769287, 1.1823126077651978, 1.244222640991211, 1.199520230293274, 1.0760704278945923, 1.3066506385803223, 1.2016431093215942, 1.2762523889541626, 1.2516546249389648, 1.2738994359970093, 1.2437857389450073, 1.2228925228118896, 1.2961429357528687, 1.277552604675293, 1.2153756618499756, 1.2521687746047974, 1.2068545818328857, 1.2197794914245605, 1.2772834300994873, 1.2892166376113892]",sae,Pre-64
1,beta,8,0.095,0.4517491928182039,0.4406431065890545,0.4394252005288037,0.5,0.6098144493254953,0.6783401597306226,30,"[0, 1, 2, 3, 4, 5, 6, 7, 8, 9, 10, 11, 12, 13, 14, 15, 16, 17, 18, 19, 20, 21, 22, 23, 24, 25, 26, 27, 28, 29]","[1.386138677597046, 1.4979579448699951, 1.4147430658340454, 1.4458494186401367, 1.5068256855010986, 1.4422335624694824, 1.4907146692276, 1.4028613567352295, 1.4492146968841553, 1.4984686374664307, 1.5066330432891846, 1.430458426475525, 1.4140048027038574, 1.4470235109329224, 1.4759172201156616, 1.3914319276809692, 1.4131476879119873, 1.449079990386963, 1.3596911430358887, 1.4292408227920532, 1.4021402597427368, 1.377906084060669, 1.4813518524169922, 1.4137983322143555, 1.4809197187423706, 1.4849913120269775, 1.3826192617416382, 1.4806262254714966, 1.4514975547790527, 1.4516814947128296]",sae,Pre-64
1,beta,28,0.15,0.4589844236982603,0.4495627040154577,0.4363597930098649,0.5,0.5987249917034086,0.6954499122931779,30,"[0, 1, 2, 3, 4, 5, 6, 7, 8, 9, 10, 11, 12, 13, 14, 15, 16, 17, 18, 19, 20, 21, 22, 23, 24, 25, 26, 27, 28, 29]","[1.1352343559265137, 1.0775038003921509, 1.0399432182312012, 1.2336927652359009, 1.179149866104126, 1.2072476148605347, 1.1323752403259277, 1.10542631149292, 1.2175010442733765, 1.2215855121612549, 1.176476240158081, 1.2057819366455078, 1.218854308128357, 1.2209949493408203, 1.1551659107208252, 1.1379764080047607, 1.1653257608413696, 1.2166705131530762, 1.183241605758667, 1.1995640993118286, 1.135400652885437, 1.153017282485962, 1.1304819583892822, 1.08482027053833, 1.1267801523208618, 1.205606460571289, 1.2566165924072266, 1.1601134538650513, 1.1428003311157227, 1.122060775756836]",sae,Pre-64
1,beta,15,0.115,0.4529015220185267,0.4424399871594601,0.4353894346868787,0.5,0.6161071485640408,0.7111288659045019,30,"[0, 1, 2, 3, 4, 5, 6, 7, 8, 9, 10, 11, 12, 13, 14, 15, 16, 17, 18, 19, 20, 21, 22, 23, 24, 25, 26, 27, 28, 29]","[1.3937439918518066, 1.3642487525939941, 1.405355453491211, 1.4052979946136475, 1.4799522161483765, 1.376077651977539, 1.3707280158996582, 1.394982933998108, 1.4534002542495728, 1.451139211654663, 1.4392749071121216, 1.3539648056030273, 1.5126861333847046, 1.456217885017395, 1.3469703197479248, 1.4223830699920654, 1.3601086139678955, 1.5058034658432007, 1.3448566198349, 1.4119137525558472, 1.498794674873352, 1.4659764766693115, 1.3871240615844727, 1.4252456426620483, 1.394701361656189, 1.2769972085952759, 1.4683778285980225, 1.5129988193511963, 1.4102975130081177, 1.4065051078796387]",sae,Pre-64
1,beta,5,0.165,0.4445517550333296,0.4301735816232515,0.4289616609783645,0.5,0.6070910659257547,0.6831788377515111,30,"[0, 1, 2, 3, 4, 5, 6, 7, 8, 9, 10, 11, 12, 13, 14, 15, 16, 17, 18, 19, 20, 21, 22, 23, 24, 25, 26, 27, 28, 29]","[1.3450648784637451, 1.2460981607437134, 1.2485194206237793, 1.364347219467163, 1.363113522529602, 1.2949435710906982, 1.294926643371582, 1.2765686511993408, 1.3346751928329468, 1.2621707916259766, 1.3482588529586792, 1.3665565252304077, 1.2952406406402588, 1.2985962629318237, 1.3769655227661133, 1.3209681510925293, 1.3259689807891846, 1.3534537553787231, 1.235681414604187, 1.3018949031829834, 1.3782167434692383, 1.309102177619934, 1.3708319664001465, 1.2593492269515991, 1.300619125366211, 1.377030611038208, 1.245811104774475, 1.2774547338485718, 1.3562179803848267, 1.3022544384002686]",sae,Pre-64
1,beta,47,0.09,0.4460371044958436,0.4257646434940195,0.4057969538220871,0.5,0.6434257056516428,0.7319616794187617,30,"[0, 1, 2, 3, 4, 5, 6, 7, 8, 9, 10, 11, 12, 13, 14, 15, 16, 17, 18, 19, 20, 21, 22, 23, 24, 25, 26, 27, 28, 29]","[1.4887545108795166, 1.3289649486541748, 1.3380086421966553, 1.3546968698501587, 1.4366470575332642, 1.4733014106750488, 1.4231534004211426, 1.4409743547439575, 1.4299594163894653, 1.3662110567092896, 1.3700286149978638, 1.3038251399993896, 1.3503869771957397, 1.4912164211273193, 1.3195244073867798, 1.453116774559021, 1.3651797771453857, 1.4371635913848877, 1.2764778137207031, 1.3205475807189941, 1.3685355186462402, 1.413601279258728, 1.4432754516601562, 1.331705093383789, 1.424569010734558, 1.3069803714752197, 1.2693898677825928, 1.4143673181533813, 1.3186718225479126, 1.4037553071975708]",sae,Pre-64
1,beta,33,0.09,0.4492211383258522,0.4377959816952598,0.4270795050503727,0.5,0.6165210074526608,0.6947902083068177,30,"[0, 1, 2, 3, 4, 5, 6, 7, 8, 9, 10, 11, 12, 13, 14, 15, 16, 17, 18, 19, 20, 21, 22, 23, 24, 25, 26, 27, 28, 29]","[1.3338037729263306, 1.4097305536270142, 1.3665282726287842, 1.341992974281311, 1.2988755702972412, 1.431736707687378, 1.2908190488815308, 1.4031577110290527, 1.40897536277771, 1.4073433876037598, 1.3526198863983154, 1.4100399017333984, 1.3521982431411743, 1.3104618787765503, 1.307132601737976, 1.4001795053482056, 1.3233784437179565, 1.3307669162750244, 1.4114844799041748, 1.4079792499542236, 1.337937831878662, 1.2906802892684937, 1.427350640296936, 1.3819040060043335, 1.4258700609207153, 1.3113255500793457, 1.3302476406097412, 1.3131332397460938, 1.2785086631774902, 1.3352279663085938]",sae,Pre-64
1,beta,22,0.145,0.4519005213187685,0.4442985770479847,0.4419781853332821,0.5,0.5939599289403404,0.681411693078742,30,"[0, 1, 2, 3, 4, 5, 6, 7, 8, 9, 10, 11, 12, 13, 14, 15, 16, 17, 18, 19, 20, 21, 22, 23, 24, 25, 26, 27, 28, 29]","[1.3093526363372803, 1.3610575199127197, 1.3730741739273071, 1.3748563528060913, 1.4264640808105469, 1.3401145935058594, 1.3381255865097046, 1.3294817209243774, 1.3144676685333252, 1.3488729000091553, 1.3113948106765747, 1.4193105697631836, 1.374258041381836, 1.4050345420837402, 1.296359896659851, 1.3883711099624634, 1.398071050643921, 1.3705683946609497, 1.2959944009780884, 1.3174808025360107, 1.379983901977539, 1.3814940452575684, 1.3806648254394531, 1.343488097190857, 1.369325876235962, 1.414559245109558, 1.310213327407837, 1.3093844652175903, 1.4518245458602905, 1.296201229095459]",sae,Pre-64
1,beta,9,0.11,0.448644851968101,0.4348910401892977,0.4452158170448035,0.5,0.6286670530281078,0.6724108953926399,30,"[0, 1, 2, 3, 4, 5, 6, 7, 8, 9, 10, 11, 12, 13, 14, 15, 16, 17, 18, 19, 20, 21, 22, 23, 24, 25, 26, 27, 28, 29]","[1.427832841873169, 1.3500865697860718, 1.4372279644012451, 1.4094974994659424, 1.3433071374893188, 1.1941617727279663, 1.413079023361206, 1.3465505838394165, 1.4210723638534546, 1.2901746034622192, 1.3954508304595947, 1.349887490272522, 1.3554068803787231, 1.3946360349655151, 1.4506603479385376, 1.362257957458496, 1.3301728963851929, 1.424379587173462, 1.4408369064331055, 1.320845127105713, 1.4196439981460571, 1.433493733406067, 1.3242318630218506, 1.4202704429626465, 1.4334453344345093, 1.4207630157470703, 1.2817898988723755, 1.2373358011245728, 1.3364629745483398, 1.4452475309371948]",sae,Pre-64
1,beta,49,0.12,0.462130925118617,0.4524487678230295,0.4490301648565615,0.5,0.6141152509743157,0.6819754542893366,30,"[0, 1, 2, 3, 4, 5, 6, 7, 8, 9, 10, 11, 12, 13, 14, 15, 16, 17, 18, 19, 20, 21, 22, 23, 24, 25, 26, 27, 28, 29]","[1.277673363685608, 1.3235948085784912, 1.3222312927246094, 1.3058415651321411, 1.2495204210281372, 1.2868164777755737, 1.356419563293457, 1.260267734527588, 1.376313328742981, 1.3372859954833984, 1.2798681259155273, 1.271868348121643, 1.3288002014160156, 1.3291816711425781, 1.3596619367599487, 1.3082572221755981, 1.4033530950546265, 1.383650541305542, 1.2525309324264526, 1.3360155820846558, 1.375848650932312, 1.2932095527648926, 1.3827992677688599, 1.324223279953003, 1.290326476097107, 1.3279986381530762, 1.325545310974121, 1.29231595993042, 1.2096562385559082, 1.284531593322754]",sae,Pre-64
1,beta,27,0.16,0.4609757262074365,0.4537266978541116,0.4543084770420211,0.5,0.5914172664146189,0.6586958524901976,30,"[0, 1, 2, 3, 4, 5, 6, 7, 8, 9, 10, 11, 12, 13, 14, 15, 16, 17, 18, 19, 20, 21, 22, 23, 24, 25, 26, 27, 28, 29]","[1.3052301406860352, 1.3460017442703247, 1.307644009590149, 1.2902698516845703, 1.3331102132797241, 1.2540323734283447, 1.343910813331604, 1.2276164293289185, 1.2911555767059326, 1.2831192016601562, 1.2433111667633057, 1.346125841140747, 1.2839059829711914, 1.2503505945205688, 1.2882933616638184, 1.2152901887893677, 1.2594748735427856, 1.314808964729309, 1.2794748544692993, 1.2685643434524536, 1.3487539291381836, 1.3257302045822144, 1.2488315105438232, 1.2017256021499634, 1.281076192855835, 1.3485051393508911, 1.2642346620559692, 1.3144925832748413, 1.2198116779327393, 1.2925938367843628]",sae,Pre-64
1,beta,22,0.086,0.4519005213187685,0.4442985770479847,0.4443899268582132,0.5,0.5939599289403404,0.6801491782256264,30,"[0, 1, 2, 3, 4, 5, 6, 7, 8, 9, 10, 11, 12, 13, 14, 15, 16, 17, 18, 19, 20, 21, 22, 23, 24, 25, 26, 27, 28, 29]","[1.4138638973236084, 1.4596558809280396, 1.4727412462234497, 1.4942779541015625, 1.5344780683517456, 1.4342372417449951, 1.4433493614196777, 1.4242162704467773, 1.419858455657959, 1.4701364040374756, 1.4181065559387207, 1.527793288230896, 1.460676670074463, 1.5140347480773926, 1.378688931465149, 1.5002895593643188, 1.5118637084960938, 1.464748501777649, 1.3968653678894043, 1.4060237407684326, 1.4851278066635132, 1.4835689067840576, 1.4848980903625488, 1.435351014137268, 1.487248182296753, 1.5201350450515747, 1.420105218887329, 1.40838623046875, 1.5490466356277466, 1.3891541957855225]",sae,Pre-64
1,beta,19,0.09,0.4469965829377276,0.435497383761294,0.4137605970011001,0.5,0.6104665954706788,0.7133571002292929,30,"[0, 1, 2, 3, 4, 5, 6, 7, 8, 9, 10, 11, 12, 13, 14, 15, 16, 17, 18, 19, 20, 21, 22, 23, 24, 25, 26, 27, 28, 29]","[1.3316129446029663, 1.3449299335479736, 1.421074628829956, 1.3647617101669312, 1.2834643125534058, 1.2977887392044067, 1.3362754583358765, 1.407602071762085, 1.3127851486206055, 1.4271656274795532, 1.4201046228408813, 1.4473302364349365, 1.334593415260315, 1.3487402200698853, 1.2636480331420898, 1.2828556299209595, 1.4105743169784546, 1.4442442655563354, 1.2962167263031006, 1.32351553440094, 1.4599889516830444, 1.3259822130203247, 1.3324298858642578, 1.3275359869003296, 1.3238272666931152, 1.4218908548355103, 1.4344124794006348, 1.350864052772522, 1.3056888580322266, 1.300668478012085]",sae,Pre-64
1,beta,25,0.1,0.4465066892532915,0.4352791138475453,0.4389256681585465,0.5,0.6270054355300688,0.6628401691053799,30,"[0, 1, 2, 3, 4, 5, 6, 7, 8, 9, 10, 11, 12, 13, 14, 15, 16, 17, 18, 19, 20, 21, 22, 23, 24, 25, 26, 27, 28, 29]","[1.3755234479904175, 1.3862507343292236, 1.284829020500183, 1.4090946912765503, 1.405113935470581, 1.395141363143921, 1.2817974090576172, 1.3055704832077026, 1.352747917175293, 1.2572667598724365, 1.4067261219024658, 1.324958324432373, 1.3883376121520996, 1.3136307001113892, 1.2967547178268433, 1.3233187198638916, 1.1921008825302124, 1.2331786155700684, 1.2763121128082275, 1.3021336793899536, 1.4186469316482544, 1.2171368598937988, 1.3697261810302734, 1.3189679384231567, 1.3524936437606812, 1.3041456937789917, 1.4331848621368408, 1.3842536211013794, 1.4043153524398804, 1.2589105367660522]",sae,Pre-64
1,beta,22,0.18,0.4519005213187685,0.4442985770479847,0.4398732190737021,0.5,0.5939599289403404,0.681375663243097,30,"[0, 1, 2, 3, 4, 5, 6, 7, 8, 9, 10, 11, 12, 13, 14, 15, 16, 17, 18, 19, 20, 21, 22, 23, 24, 25, 26, 27, 28, 29]","[1.2002488374710083, 1.2585431337356567, 1.2664018869400024, 1.2545559406280518, 1.3202706575393677, 1.2497172355651855, 1.2205355167388916, 1.2353460788726807, 1.204079508781433, 1.2309656143188477, 1.2034456729888916, 1.3099063634872437, 1.2641503810882568, 1.2952086925506592, 1.2017929553985596, 1.273619532585144, 1.2880018949508667, 1.2768634557724, 1.2033847570419312, 1.215516209602356, 1.2784382104873657, 1.275331735610962, 1.2838342189788818, 1.2453442811965942, 1.2505980730056763, 1.3082393407821655, 1.2040640115737915, 1.208977222442627, 1.3407750129699707, 1.2065836191177368]",sae,Pre-64
1,beta,46,0.165,0.4545712902572906,0.4417269056853911,0.4477365504970625,0.5,0.6270377926330811,0.6861824293981036,30,"[0, 1, 2, 3, 4, 5, 6, 7, 8, 9, 10, 11, 12, 13, 14, 15, 16, 17, 18, 19, 20, 21, 22, 23, 24, 25, 26, 27, 28, 29]","[1.2615944147109985, 1.346459150314331, 1.3523340225219727, 1.3517138957977295, 1.2787593603134155, 1.3881340026855469, 1.2836641073226929, 1.3765729665756226, 1.3339558839797974, 1.415860652923584, 1.1580326557159424, 1.2709439992904663, 1.4049357175827026, 1.2625893354415894, 1.325899362564087, 1.3879226446151733, 1.3394831418991089, 1.3564040660858154, 1.381430745124817, 1.390899658203125, 1.3080103397369385, 1.3188397884368896, 1.3537949323654175, 1.341232419013977, 1.3629961013793945, 1.3641983270645142, 1.333512544631958, 1.3888661861419678, 1.3217719793319702, 1.3368130922317505]",sae,Pre-64
1,beta,3,0.094,0.4557259332451328,0.444824285747971,0.4644260132290197,0.5,0.6042731979176,0.6522588720237493,30,"[0, 1, 2, 3, 4, 5, 6, 7, 8, 9, 10, 11, 12, 13, 14, 15, 16, 17, 18, 19, 20, 21, 22, 23, 24, 25, 26, 27, 28, 29]","[1.3989554643630981, 1.425873041152954, 1.4105191230773926, 1.3684985637664795, 1.4039262533187866, 1.44057035446167, 1.396500587463379, 1.4441121816635132, 1.1994385719299316, 1.4690428972244263, 1.360837697982788, 1.467103362083435, 1.4026604890823364, 1.3786311149597168, 1.4779502153396606, 1.3975234031677246, 1.4032649993896484, 1.4287070035934448, 1.3626577854156494, 1.3655340671539307, 1.310981273651123, 1.3769845962524414, 1.3737183809280396, 1.4885936975479126, 1.4593534469604492, 1.3884053230285645, 1.3914968967437744, 1.38503098487854, 1.45392906665802, 1.3911147117614746]",sae,Pre-64
1,beta,34,0.098,0.4568527557813058,0.4470225010708758,0.4459840663075819,0.5,0.6011606799053854,0.6769884858468852,30,"[0, 1, 2, 3, 4, 5, 6, 7, 8, 9, 10, 11, 12, 13, 14, 15, 16, 17, 18, 19, 20, 21, 22, 23, 24, 25, 26, 27, 28, 29]","[1.3151130676269531, 1.398414134979248, 1.401477575302124, 1.350990891456604, 1.310881495475769, 1.316055417060852, 1.3528118133544922, 1.266740322113037, 1.2873846292495728, 1.3205229043960571, 1.3735013008117676, 1.1792546510696411, 1.3811359405517578, 1.2682725191116333, 1.2817378044128418, 1.3104455471038818, 1.3946747779846191, 1.416723608970642, 1.3315168619155884, 1.3078643083572388, 1.3334189653396606, 1.4159533977508545, 1.3480092287063599, 1.3648886680603027, 1.3120566606521606, 1.2560944557189941, 1.4299182891845703, 1.4114359617233276, 1.4024074077606201, 1.3818897008895874]",sae,Pre-64
1,beta,18,0.165,0.4575117633693479,0.4471831599677374,0.4182839141236465,0.5,0.6052065040104606,0.7279783219994782,30,"[0, 1, 2, 3, 4, 5, 6, 7, 8, 9, 10, 11, 12, 13, 14, 15, 16, 17, 18, 19, 20, 21, 22, 23, 24, 25, 26, 27, 28, 29]","[1.08156156539917, 1.1808451414108276, 1.2274887561798096, 1.1775970458984375, 1.1839946508407593, 1.1783868074417114, 1.302558422088623, 1.1474957466125488, 1.2003755569458008, 1.1137614250183105, 1.279771089553833, 1.1947054862976074, 1.217077374458313, 1.243087649345398, 1.1674503087997437, 1.1044795513153076, 1.2428091764450073, 1.1572407484054565, 1.1403177976608276, 1.0754040479660034, 1.2844663858413696, 1.1361045837402344, 1.2445805072784424, 1.2017990350723267, 1.1962649822235107, 1.1700507402420044, 1.2117968797683716, 1.2385376691818237, 1.2291908264160156, 1.181313395500183]",sae,Pre-64
1,beta,45,0.094,0.4515599815008028,0.4347157609968581,0.4471729965577112,0.5,0.6289673345145609,0.6764693410870323,30,"[0, 1, 2, 3, 4, 5, 6, 7, 8, 9, 10, 11, 12, 13, 14, 15, 16, 17, 18, 19, 20, 21, 22, 23, 24, 25, 26, 27, 28, 29]","[1.5422788858413696, 1.5341241359710693, 1.427414059638977, 1.6073228120803833, 1.603316068649292, 1.4594966173171997, 1.614871859550476, 1.590925693511963, 1.469987154006958, 1.4302550554275513, 1.5397146940231323, 1.61882746219635, 1.5732673406600952, 1.4878464937210083, 1.4976660013198853, 1.515876293182373, 1.5294729471206665, 1.4037238359451294, 1.5291270017623901, 1.5214892625808716, 1.5724660158157349, 1.4705578088760376, 1.5824010372161865, 1.4500566720962524, 1.4294607639312744, 1.6085002422332764, 1.4619091749191284, 1.4772156476974487, 1.404600739479065, 1.6092838048934937]",sae,Pre-64
1,beta,21,0.155,0.4504746503440228,0.4381370334360364,0.4376953233942714,0.5,0.6200058082774133,0.6889064990916843,30,"[0, 1, 2, 3, 4, 5, 6, 7, 8, 9, 10, 11, 12, 13, 14, 15, 16, 17, 18, 19, 20, 21, 22, 23, 24, 25, 26, 27, 28, 29]","[1.3313190937042236, 1.3767746686935425, 1.4866936206817627, 1.4846383333206177, 1.4398398399353027, 1.4393481016159058, 1.3690636157989502, 1.3776159286499023, 1.463553547859192, 1.4066566228866577, 1.4731786251068115, 1.456123948097229, 1.3706812858581543, 1.3887178897857666, 1.3760204315185547, 1.3785909414291382, 1.387959599494934, 1.390185832977295, 1.325804352760315, 1.4771209955215454, 1.3299107551574707, 1.4906448125839233, 1.324118971824646, 1.329309344291687, 1.3925676345825195, 1.3397961854934692, 1.2936817407608032, 1.369981288909912, 1.4495900869369507, 1.4232559204101562]",sae,Pre-64
1,beta,37,0.11,0.4546908257221888,0.444978337644671,0.4288796546903585,0.5,0.6058579085235571,0.718071365628131,30,"[0, 1, 2, 3, 4, 5, 6, 7, 8, 9, 10, 11, 12, 13, 14, 15, 16, 17, 18, 19, 20, 21, 22, 23, 24, 25, 26, 27, 28, 29]","[1.3017120361328125, 1.3696945905685425, 1.3444504737854004, 1.32925283908844, 1.2655720710754395, 1.3729243278503418, 1.3167449235916138, 1.4078407287597656, 1.454576015472412, 1.3736042976379395, 1.3445351123809814, 1.349045991897583, 1.3834896087646484, 1.3496413230895996, 1.4086893796920776, 1.3557451963424683, 1.3404788970947266, 1.3994531631469727, 1.3563393354415894, 1.3587747812271118, 1.3728253841400146, 1.3789644241333008, 1.415585994720459, 1.3935247659683228, 1.360839605331421, 1.4029974937438965, 1.3546918630599976, 1.3795026540756226, 1.3931602239608765, 1.4081509113311768]",sae,Pre-64
1,beta,37,0.145,0.4546908257221888,0.444978337644671,0.4259700181712841,0.5,0.6058579085235571,0.7195923516133316,30,"[0, 1, 2, 3, 4, 5, 6, 7, 8, 9, 10, 11, 12, 13, 14, 15, 16, 17, 18, 19, 20, 21, 22, 23, 24, 25, 26, 27, 28, 29]","[1.2194925546646118, 1.2908717393875122, 1.2644171714782715, 1.2553863525390625, 1.185392141342163, 1.291002869606018, 1.2310473918914795, 1.3289529085159302, 1.3757518529891968, 1.2905994653701782, 1.2648968696594238, 1.2679952383041382, 1.3042540550231934, 1.2616924047470093, 1.3294070959091187, 1.27039635181427, 1.2647453546524048, 1.3161102533340454, 1.279139757156372, 1.2846425771713257, 1.2860420942306519, 1.2910354137420654, 1.3359774351119995, 1.3105075359344482, 1.2808303833007812, 1.3186858892440796, 1.2741692066192627, 1.2890231609344482, 1.3116976022720337, 1.3292304277420044]",sae,Pre-64
1,beta,40,0.1,0.44666181227492,0.4340193094910912,0.4316270921061543,0.5,0.6093636266731638,0.6690797788911055,30,"[0, 1, 2, 3, 4, 5, 6, 7, 8, 9, 10, 11, 12, 13, 14, 15, 16, 17, 18, 19, 20, 21, 22, 23, 24, 25, 26, 27, 28, 29]","[1.3758981227874756, 1.319836139678955, 1.31575608253479, 1.2580877542495728, 1.2912681102752686, 1.320764183998108, 1.3205751180648804, 1.333829402923584, 1.3474884033203125, 1.354752540588379, 1.2939168214797974, 1.3026812076568604, 1.3696577548980713, 1.2559908628463745, 1.2751073837280273, 1.385776400566101, 1.2891969680786133, 1.3233160972595215, 1.2738455533981323, 1.272402048110962, 1.2771821022033691, 1.2902922630310059, 1.3479129076004028, 1.311381459236145, 1.35982084274292, 1.2895252704620361, 1.3532233238220215, 1.253029704093933, 1.3957247734069824, 1.2778196334838867]",sae,Pre-64
1,beta,27,0.125,0.4609757262074365,0.4537266978541116,0.4543084770420211,0.5,0.5914172664146189,0.6586999784076984,30,"[0, 1, 2, 3, 4, 5, 6, 7, 8, 9, 10, 11, 12, 13, 14, 15, 16, 17, 18, 19, 20, 21, 22, 23, 24, 25, 26, 27, 28, 29]","[1.3056793212890625, 1.3464481830596924, 1.3080921173095703, 1.2907180786132812, 1.3335561752319336, 1.2544801235198975, 1.3443589210510254, 1.2280656099319458, 1.291602611541748, 1.2835649251937866, 1.243760347366333, 1.3465728759765625, 1.2843527793884277, 1.2508002519607544, 1.2887409925460815, 1.215739369392395, 1.2599222660064697, 1.3152549266815186, 1.279923439025879, 1.2690119743347168, 1.34920072555542, 1.3261780738830566, 1.2492799758911133, 1.2021729946136475, 1.2815238237380981, 1.3489512205123901, 1.264683485031128, 1.3149409294128418, 1.220260500907898, 1.293041706085205]",sae,Pre-64
1,beta,48,0.098,0.4556814132376,0.4510566266980289,0.4877553625569679,0.5,0.5923878577171784,0.5906169665809768,30,"[0, 1, 2, 3, 4, 5, 6, 7, 8, 9, 10, 11, 12, 13, 14, 15, 16, 17, 18, 19, 20, 21, 22, 23, 24, 25, 26, 27, 28, 29]","[1.5231339931488037, 1.4691907167434692, 1.455681562423706, 1.4445445537567139, 1.4161102771759033, 1.3654638528823853, 1.4614315032958984, 1.3857165575027466, 1.4178385734558105, 1.411146879196167, 1.4847261905670166, 1.4256445169448853, 1.4443434476852417, 1.4251489639282227, 1.3781214952468872, 1.4656476974487305, 1.487391471862793, 1.4662891626358032, 1.4968063831329346, 1.3429617881774902, 1.4198720455169678, 1.5053772926330566, 1.507468819618225, 1.3299543857574463, 1.4263947010040283, 1.4804552793502808, 1.5012786388397217, 1.4968229532241821, 1.423936367034912, 1.4537055492401123]",sae,Pre-64
1,beta,36,0.095,0.4642138821845151,0.4576483090311837,0.4580850434410444,0.5,0.6031055233182893,0.67486103124401,30,"[0, 1, 2, 3, 4, 5, 6, 7, 8, 9, 10, 11, 12, 13, 14, 15, 16, 17, 18, 19, 20, 21, 22, 23, 24, 25, 26, 27, 28, 29]","[1.3592276573181152, 1.331437349319458, 1.2988712787628174, 1.3496190309524536, 1.2360743284225464, 1.372727394104004, 1.3114672899246216, 1.346098780632019, 1.3832474946975708, 1.2444543838500977, 1.2854745388031006, 1.3862055540084839, 1.2899692058563232, 1.3105769157409668, 1.3366121053695679, 1.389840006828308, 1.3510650396347046, 1.326210856437683, 1.380445122718811, 1.2850463390350342, 1.3348690271377563, 1.3067904710769653, 1.3240816593170166, 1.2997170686721802, 1.3746205568313599, 1.3445340394973755, 1.3124935626983643, 1.3241058588027954, 1.3708051443099976, 1.280571460723877]",sae,Pre-64
1,beta,45,0.175,0.4515599815008028,0.4347157609968581,0.4368558467164611,0.5,0.6289673345145609,0.6746020928929474,30,"[0, 1, 2, 3, 4, 5, 6, 7, 8, 9, 10, 11, 12, 13, 14, 15, 16, 17, 18, 19, 20, 21, 22, 23, 24, 25, 26, 27, 28, 29]","[1.2667853832244873, 1.254335880279541, 1.169315218925476, 1.303856611251831, 1.3015916347503662, 1.1290392875671387, 1.320836067199707, 1.254342794418335, 1.208656668663025, 1.154861330986023, 1.2344805002212524, 1.3155043125152588, 1.262935757637024, 1.1639155149459839, 1.210438847541809, 1.2376198768615723, 1.219160795211792, 1.1073780059814453, 1.2454981803894043, 1.2538883686065674, 1.270250916481018, 1.1856695413589478, 1.2650463581085205, 1.1175463199615479, 1.1055715084075928, 1.295084834098816, 1.2016844749450684, 1.2160943746566772, 1.1144522428512573, 1.306188702583313]",sae,Pre-64
1,beta,34,0.155,0.4568527557813058,0.4470225010708758,0.445949767705192,0.5,0.6011606799053854,0.6769957238108749,30,"[0, 1, 2, 3, 4, 5, 6, 7, 8, 9, 10, 11, 12, 13, 14, 15, 16, 17, 18, 19, 20, 21, 22, 23, 24, 25, 26, 27, 28, 29]","[1.3117684125900269, 1.3950525522232056, 1.398128867149353, 1.3476184606552124, 1.3074951171875, 1.3127020597457886, 1.3494549989700317, 1.2633960247039795, 1.2839993238449097, 1.3171579837799072, 1.370138168334961, 1.175897240638733, 1.377790927886963, 1.2649295330047607, 1.2783958911895752, 1.3070772886276245, 1.39131760597229, 1.4133753776550293, 1.328136920928955, 1.304503321647644, 1.3300377130508423, 1.4126060009002686, 1.3446449041366577, 1.3615494966506958, 1.3087007999420166, 1.252730131149292, 1.4265691041946411, 1.4080784320831299, 1.399048924446106, 1.378541111946106]",sae,Pre-64
1,beta,11,0.092,0.4566976193509867,0.4496008864727478,0.4367790412571329,0.5,0.5995106990682213,0.7107213091726367,30,"[0, 1, 2, 3, 4, 5, 6, 7, 8, 9, 10, 11, 12, 13, 14, 15, 16, 17, 18, 19, 20, 21, 22, 23, 24, 25, 26, 27, 28, 29]","[1.4579192399978638, 1.2642756700515747, 1.4146497249603271, 1.3366526365280151, 1.491988182067871, 1.3582335710525513, 1.3657004833221436, 1.2454018592834473, 1.4768983125686646, 1.4784799814224243, 1.4940508604049683, 1.507694125175476, 1.5096604824066162, 1.403897762298584, 1.3745381832122803, 1.3789998292922974, 1.4310624599456787, 1.3588260412216187, 1.3880209922790527, 1.4489693641662598, 1.4178438186645508, 1.4336577653884888, 1.491518259048462, 1.4091440439224243, 1.398969292640686, 1.464887261390686, 1.4938621520996094, 1.3503490686416626, 1.3917721509933472, 1.3723474740982056]",sae,Pre-64
1,beta,33,0.13,0.4492211383258522,0.4377959816952598,0.4270605937982773,0.5,0.6165210074526608,0.6947887941396914,30,"[0, 1, 2, 3, 4, 5, 6, 7, 8, 9, 10, 11, 12, 13, 14, 15, 16, 17, 18, 19, 20, 21, 22, 23, 24, 25, 26, 27, 28, 29]","[1.3312970399856567, 1.4072216749191284, 1.364013433456421, 1.3394945859909058, 1.2963734865188599, 1.429234504699707, 1.2882957458496094, 1.4006555080413818, 1.4064669609069824, 1.404836654663086, 1.350115180015564, 1.4075372219085693, 1.3497064113616943, 1.30796217918396, 1.3046454191207886, 1.3976765871047974, 1.3208760023117065, 1.328249216079712, 1.4089837074279785, 1.4054797887802124, 1.3354284763336182, 1.2881566286087036, 1.4248566627502441, 1.3793890476226807, 1.4233627319335938, 1.3088306188583374, 1.327730655670166, 1.3106285333633423, 1.2759901285171509, 1.3327245712280273]",sae,Pre-64
1,beta,46,0.105,0.4545712902572906,0.4417269056853911,0.4495062861506902,0.5,0.6270377926330811,0.687823355901419,30,"[0, 1, 2, 3, 4, 5, 6, 7, 8, 9, 10, 11, 12, 13, 14, 15, 16, 17, 18, 19, 20, 21, 22, 23, 24, 25, 26, 27, 28, 29]","[1.394068717956543, 1.4910149574279785, 1.4907654523849487, 1.4801782369613647, 1.399245262145996, 1.5252004861831665, 1.4155296087265015, 1.53305983543396, 1.474013090133667, 1.575958251953125, 1.296241044998169, 1.4084906578063965, 1.5393568277359009, 1.391305685043335, 1.4565232992172241, 1.5351139307022095, 1.4712769985198975, 1.486624002456665, 1.5449635982513428, 1.5293638706207275, 1.4490753412246704, 1.4472365379333496, 1.4799772500991821, 1.4779634475708008, 1.4883745908737183, 1.4988933801651, 1.4674766063690186, 1.5259852409362793, 1.450519323348999, 1.471131682395935]",sae,Pre-64
1,beta,30,0.175,0.4638407167611665,0.4544841508273655,0.4368581832465081,0.5,0.6043368975359404,0.6928282958526946,30,"[0, 1, 2, 3, 4, 5, 6, 7, 8, 9, 10, 11, 12, 13, 14, 15, 16, 17, 18, 19, 20, 21, 22, 23, 24, 25, 26, 27, 28, 29]","[1.3258640766143799, 1.2757610082626343, 1.3075364828109741, 1.2703849077224731, 1.2711036205291748, 1.2546807527542114, 1.271911382675171, 1.2426683902740479, 1.2293483018875122, 1.2473658323287964, 1.3288003206253052, 1.233290195465088, 1.2171329259872437, 1.2394986152648926, 1.297210931777954, 1.3117619752883911, 1.2545347213745117, 1.258339762687683, 1.333565354347229, 1.257436990737915, 1.2343807220458984, 1.1887367963790894, 1.2715067863464355, 1.2592644691467285, 1.3687597513198853, 1.2564610242843628, 1.2947065830230713, 1.2533128261566162, 1.304366946220398, 1.279342770576477]",sae,Pre-64
1,beta,39,0.17,0.4461088087810431,0.4292341094433316,0.433207898676913,0.5,0.6205127278095635,0.6663970160675603,30,"[0, 1, 2, 3, 4, 5, 6, 7, 8, 9, 10, 11, 12, 13, 14, 15, 16, 17, 18, 19, 20, 21, 22, 23, 24, 25, 26, 27, 28, 29]","[1.2167727947235107, 1.2662245035171509, 1.2169010639190674, 1.1913446187973022, 1.165850281715393, 1.2374931573867798, 1.2048025131225586, 1.244655728340149, 1.1871962547302246, 1.2308897972106934, 1.2083152532577515, 1.1263138055801392, 1.2334694862365723, 1.1612768173217773, 1.2300409078598022, 1.2844290733337402, 1.2191091775894165, 1.2492276430130005, 1.1748008728027344, 1.1100255250930786, 1.1900545358657837, 1.2503892183303833, 1.1461765766143799, 1.1576879024505615, 1.2477467060089111, 1.2323769330978394, 1.0786768198013306, 1.18118155002594, 1.290168285369873, 1.1894108057022095]",sae,Pre-64
1,beta,34,0.19,0.4568527557813058,0.4470225010708758,0.4459287328199111,0.5,0.6011606799053854,0.6769884858468852,30,"[0, 1, 2, 3, 4, 5, 6, 7, 8, 9, 10, 11, 12, 13, 14, 15, 16, 17, 18, 19, 20, 21, 22, 23, 24, 25, 26, 27, 28, 29]","[1.3097145557403564, 1.3929888010025024, 1.396072506904602, 1.3455475568771362, 1.3054152727127075, 1.3106437921524048, 1.3473939895629883, 1.261342167854309, 1.281921148300171, 1.3150919675827026, 1.3680739402770996, 1.1738358736038208, 1.3757365942001343, 1.2628766298294067, 1.2763434648513794, 1.305009126663208, 1.3892565965652466, 1.4113197326660156, 1.3260612487792969, 1.302439570426941, 1.327961802482605, 1.4105514287948608, 1.3425793647766113, 1.3594988584518433, 1.306640386581421, 1.2506645917892456, 1.4245134592056274, 1.4060174226760864, 1.3969868421554565, 1.3764857053756714]",sae,Pre-64
1,beta,1,0.185,0.4560357198099471,0.4497423189216591,0.4445062164337522,0.5,0.5964054457666336,0.6820371157387731,30,"[0, 1, 2, 3, 4, 5, 6, 7, 8, 9, 10, 11, 12, 13, 14, 15, 16, 17, 18, 19, 20, 21, 22, 23, 24, 25, 26, 27, 28, 29]","[1.4060485363006592, 1.306747555732727, 1.3596769571304321, 1.2466795444488525, 1.3423835039138794, 1.2694584131240845, 1.2773890495300293, 1.3442901372909546, 1.2506210803985596, 1.3065943717956543, 1.3052819967269897, 1.348139762878418, 1.3989580869674683, 1.2759336233139038, 1.3963340520858765, 1.2279630899429321, 1.251214623451233, 1.305509090423584, 1.3764326572418213, 1.406882405281067, 1.395560383796692, 1.3562582731246948, 1.3306962251663208, 1.3011256456375122, 1.2684348821640015, 1.292219638824463, 1.3206735849380493, 1.3258568048477173, 1.4081861972808838, 1.3305649757385254]",sae,Pre-64
1,beta,20,0.098,0.4408022875601419,0.4262939306313442,0.4358821656032219,0.5,0.6176087118064704,0.6504755824872154,30,"[0, 1, 2, 3, 4, 5, 6, 7, 8, 9, 10, 11, 12, 13, 14, 15, 16, 17, 18, 19, 20, 21, 22, 23, 24, 25, 26, 27, 28, 29]","[1.4319448471069336, 1.5026823282241821, 1.4400160312652588, 1.5467259883880615, 1.494433879852295, 1.5126559734344482, 1.509300947189331, 1.4301161766052246, 1.4761972427368164, 1.4348827600479126, 1.4481219053268433, 1.4408272504806519, 1.5588269233703613, 1.3908530473709106, 1.4466345310211182, 1.54569411277771, 1.4369956254959106, 1.4085056781768799, 1.4772248268127441, 1.476535677909851, 1.470665693283081, 1.377821683883667, 1.496235728263855, 1.5508350133895874, 1.5155003070831299, 1.4025886058807373, 1.446441411972046, 1.4886208772659302, 1.4010834693908691, 1.549620270729065]",sae,Pre-64
1,beta,1,0.096,0.4560357198099471,0.4497423189216591,0.4463090286963919,0.5,0.5964054457666336,0.6820120295603721,30,"[0, 1, 2, 3, 4, 5, 6, 7, 8, 9, 10, 11, 12, 13, 14, 15, 16, 17, 18, 19, 20, 21, 22, 23, 24, 25, 26, 27, 28, 29]","[1.409496545791626, 1.3102281093597412, 1.3631294965744019, 1.250166654586792, 1.345834493637085, 1.2729398012161255, 1.2808529138565063, 1.3477518558502197, 1.2541087865829468, 1.3100531101226807, 1.3087520599365234, 1.3515983819961548, 1.4024194478988647, 1.2794030904769897, 1.3997886180877686, 1.2314136028289795, 1.2546676397323608, 1.3089773654937744, 1.3798940181732178, 1.4103448390960693, 1.3990217447280884, 1.3597172498703003, 1.3341708183288574, 1.304608941078186, 1.271906852722168, 1.2956913709640503, 1.3241205215454102, 1.3293073177337646, 1.4116413593292236, 1.3340184688568115]",sae,Pre-64
1,beta,4,0.105,0.4589558369307028,0.4477177462853796,0.4573238609845303,0.5,0.61034827708266,0.6590886005817445,30,"[0, 1, 2, 3, 4, 5, 6, 7, 8, 9, 10, 11, 12, 13, 14, 15, 16, 17, 18, 19, 20, 21, 22, 23, 24, 25, 26, 27, 28, 29]","[1.3384795188903809, 1.3229092359542847, 1.2548059225082397, 1.3888194561004639, 1.2294645309448242, 1.2697988748550415, 1.3065097332000732, 1.255272626876831, 1.3448847532272339, 1.3657771348953247, 1.3431487083435059, 1.2765238285064697, 1.3886982202529907, 1.2870941162109375, 1.2516473531723022, 1.3356214761734009, 1.337485432624817, 1.3116402626037598, 1.2715482711791992, 1.3652757406234741, 1.3245160579681396, 1.3834043741226196, 1.3279120922088623, 1.2394667863845825, 1.3242615461349487, 1.2613917589187622, 1.2832286357879639, 1.3012709617614746, 1.368142008781433, 1.245763897895813]",sae,Pre-64
1,beta,31,0.094,0.4497611378811508,0.4308970333737342,0.4311763631452652,0.5,0.642735734520437,0.7096880962016535,30,"[0, 1, 2, 3, 4, 5, 6, 7, 8, 9, 10, 11, 12, 13, 14, 15, 16, 17, 18, 19, 20, 21, 22, 23, 24, 25, 26, 27, 28, 29]","[1.4217915534973145, 1.3914052248001099, 1.3257688283920288, 1.3319287300109863, 1.397163987159729, 1.4506652355194092, 1.3465908765792847, 1.400140404701233, 1.3752914667129517, 1.406520962715149, 1.3947250843048096, 1.3998908996582031, 1.430558443069458, 1.260707139968872, 1.445188045501709, 1.3832255601882935, 1.4029802083969116, 1.3925552368164062, 1.4032673835754395, 1.3642174005508423, 1.452643871307373, 1.4001702070236206, 1.4427521228790283, 1.4197382926940918, 1.3940637111663818, 1.4101309776306152, 1.3218061923980713, 1.460737943649292, 1.3255681991577148, 1.418903112411499]",sae,Pre-64
1,beta,1,0.15,0.4560357198099471,0.4497423189216591,0.4462795298286571,0.5,0.5964054457666336,0.6820208835056901,30,"[0, 1, 2, 3, 4, 5, 6, 7, 8, 9, 10, 11, 12, 13, 14, 15, 16, 17, 18, 19, 20, 21, 22, 23, 24, 25, 26, 27, 28, 29]","[1.4074046611785889, 1.3081159591674805, 1.3610347509384155, 1.2480504512786865, 1.3437408208847046, 1.2708276510238647, 1.2787516117095947, 1.3456515073776245, 1.251993179321289, 1.3079545497894287, 1.306646466255188, 1.349500060081482, 1.4003194570541382, 1.2772982120513916, 1.3976930379867554, 1.2293195724487305, 1.252572774887085, 1.3068732023239136, 1.377793788909912, 1.4082441329956055, 1.3969218730926514, 1.3576185703277588, 1.3320622444152832, 1.3024954795837402, 1.2698003053665161, 1.2935848236083984, 1.322028636932373, 1.3272132873535156, 1.409544587135315, 1.3319231271743774]",sae,Pre-64
1,beta,28,0.088,0.4589844236982603,0.4495627040154577,0.4417093468533212,0.5,0.5987249917034086,0.6982144550324751,30,"[0, 1, 2, 3, 4, 5, 6, 7, 8, 9, 10, 11, 12, 13, 14, 15, 16, 17, 18, 19, 20, 21, 22, 23, 24, 25, 26, 27, 28, 29]","[1.447016954421997, 1.3304051160812378, 1.319808006286621, 1.5392438173294067, 1.4933069944381714, 1.477088451385498, 1.4378808736801147, 1.3708139657974243, 1.4714789390563965, 1.5031448602676392, 1.4330601692199707, 1.4636131525039673, 1.5109026432037354, 1.5209805965423584, 1.4539777040481567, 1.4010217189788818, 1.4357812404632568, 1.492233395576477, 1.4668891429901123, 1.4670159816741943, 1.4016121625900269, 1.4217379093170166, 1.423637866973877, 1.3718491792678833, 1.4033915996551514, 1.4919772148132324, 1.530766487121582, 1.4139140844345093, 1.392659068107605, 1.4048911333084106]",sae,Pre-64
1,beta,17,0.094,0.4599327030141671,0.4513468217402507,0.4455066726047862,0.5,0.6120635717004715,0.6968136850963537,30,"[0, 1, 2, 3, 4, 5, 6, 7, 8, 9, 10, 11, 12, 13, 14, 15, 16, 17, 18, 19, 20, 21, 22, 23, 24, 25, 26, 27, 28, 29]","[1.5242873430252075, 1.400609016418457, 1.4349414110183716, 1.4585814476013184, 1.5397067070007324, 1.4222211837768555, 1.4852486848831177, 1.3294332027435303, 1.4431045055389404, 1.453403115272522, 1.5074375867843628, 1.5162546634674072, 1.4509458541870117, 1.5297907590866089, 1.452707290649414, 1.4541505575180054, 1.5239059925079346, 1.4533427953720093, 1.5066900253295898, 1.4741758108139038, 1.3957136869430542, 1.4722249507904053, 1.3126220703125, 1.4407670497894287, 1.4503560066223145, 1.444705605506897, 1.4171867370605469, 1.4516152143478394, 1.4174411296844482, 1.5075604915618896]",sae,Pre-64
1,beta,11,0.17,0.4566976193509867,0.4496008864727478,0.4327245195943158,0.5,0.5995106990682213,0.710490120335253,30,"[0, 1, 2, 3, 4, 5, 6, 7, 8, 9, 10, 11, 12, 13, 14, 15, 16, 17, 18, 19, 20, 21, 22, 23, 24, 25, 26, 27, 28, 29]","[1.2982184886932373, 1.1095269918441772, 1.2590792179107666, 1.19366455078125, 1.3319480419158936, 1.193734884262085, 1.2177187204360962, 1.1182302236557007, 1.315190076828003, 1.3253766298294067, 1.3360449075698853, 1.345639705657959, 1.3489534854888916, 1.258134365081787, 1.2350590229034424, 1.1977128982543945, 1.2744357585906982, 1.2202061414718628, 1.2542457580566406, 1.2990349531173706, 1.2803864479064941, 1.2920171022415161, 1.3298859596252441, 1.2594715356826782, 1.260339617729187, 1.3102624416351318, 1.3211954832077026, 1.20590341091156, 1.2522609233856201, 1.2336677312850952]",sae,Pre-64
1,beta,17,0.175,0.4599327030141671,0.4513468217402507,0.4415643290801073,0.5,0.6120635717004715,0.6984515445904694,30,"[0, 1, 2, 3, 4, 5, 6, 7, 8, 9, 10, 11, 12, 13, 14, 15, 16, 17, 18, 19, 20, 21, 22, 23, 24, 25, 26, 27, 28, 29]","[1.394407868385315, 1.279728889465332, 1.3046717643737793, 1.34300696849823, 1.3961572647094727, 1.2832763195037842, 1.3551421165466309, 1.2278681993484497, 1.3143548965454102, 1.3131389617919922, 1.37083899974823, 1.379576325416565, 1.3286104202270508, 1.3839062452316284, 1.323602318763733, 1.3357337713241577, 1.4015527963638306, 1.325730323791504, 1.367485523223877, 1.3357090950012207, 1.258455514907837, 1.3397400379180908, 1.195825219154358, 1.3144009113311768, 1.3059874773025513, 1.302414894104004, 1.294853687286377, 1.3254187107086182, 1.279991865158081, 1.3726305961608887]",sae,Pre-64
1,beta,45,0.14,0.4515599815008028,0.4347157609968581,0.440710329356324,0.5,0.6289673345145609,0.6746020928929474,30,"[0, 1, 2, 3, 4, 5, 6, 7, 8, 9, 10, 11, 12, 13, 14, 15, 16, 17, 18, 19, 20, 21, 22, 23, 24, 25, 26, 27, 28, 29]","[1.266798496246338, 1.2543489933013916, 1.169328212738037, 1.3038698434829712, 1.3016046285629272, 1.1290524005889893, 1.3208491802215576, 1.2543559074401855, 1.2086697816848755, 1.154874324798584, 1.2344937324523926, 1.3155174255371094, 1.2629488706588745, 1.163928508758545, 1.2104519605636597, 1.2376329898834229, 1.2191739082336426, 1.107391119003296, 1.2455112934112549, 1.2539013624191284, 1.2702640295028687, 1.1856825351715088, 1.265059471130371, 1.1175594329833984, 1.1055846214294434, 1.295097827911377, 1.201697587966919, 1.2161073684692383, 1.114465355873108, 1.3062018156051636]",sae,Pre-64
1,beta,32,0.105,0.4555596844830426,0.4475674839123162,0.4708318099135112,0.5,0.5924839124839124,0.6331296194153336,30,"[0, 1, 2, 3, 4, 5, 6, 7, 8, 9, 10, 11, 12, 13, 14, 15, 16, 17, 18, 19, 20, 21, 22, 23, 24, 25, 26, 27, 28, 29]","[1.4891343116760254, 1.4107072353363037, 1.4900000095367432, 1.4245597124099731, 1.433836817741394, 1.4984277486801147, 1.4296706914901733, 1.409972071647644, 1.386614441871643, 1.395604133605957, 1.4110182523727417, 1.3857018947601318, 1.4292439222335815, 1.3488507270812988, 1.3376786708831787, 1.3426425457000732, 1.3696895837783813, 1.433287262916565, 1.3797650337219238, 1.4097590446472168, 1.4943453073501587, 1.4105253219604492, 1.3331199884414673, 1.4959585666656494, 1.424775242805481, 1.355564832687378, 1.4716496467590332, 1.291632890701294, 1.5002539157867432, 1.4930896759033203]",sae,Pre-64
1,beta,14,0.096,0.4467366851483266,0.4421697276018216,0.4298233857733748,0.5,0.5934222168898753,0.6989306978209031,30,"[0, 1, 2, 3, 4, 5, 6, 7, 8, 9, 10, 11, 12, 13, 14, 15, 16, 17, 18, 19, 20, 21, 22, 23, 24, 25, 26, 27, 28, 29]","[1.3562833070755005, 1.2445844411849976, 1.3160874843597412, 1.3400099277496338, 1.3703043460845947, 1.3300089836120605, 1.3212909698486328, 1.4073048830032349, 1.3299084901809692, 1.3856676816940308, 1.288010835647583, 1.2345681190490723, 1.2607444524765015, 1.3814656734466553, 1.3848646879196167, 1.3332386016845703, 1.4055219888687134, 1.3967798948287964, 1.3233612775802612, 1.3194986581802368, 1.3549131155014038, 1.3377426862716675, 1.393462061882019, 1.2845593690872192, 1.3971936702728271, 1.3938345909118652, 1.3306406736373901, 1.4004627466201782, 1.385587453842163, 1.277078628540039]",sae,Pre-64
1,beta,12,0.1,0.4455148672091349,0.4361346773072694,0.411958911058611,0.5,0.5892778403611032,0.7320332621285706,30,"[0, 1, 2, 3, 4, 5, 6, 7, 8, 9, 10, 11, 12, 13, 14, 15, 16, 17, 18, 19, 20, 21, 22, 23, 24, 25, 26, 27, 28, 29]","[1.3698723316192627, 1.4775234460830688, 1.3866616487503052, 1.2864245176315308, 1.4747413396835327, 1.4105583429336548, 1.404192328453064, 1.4563393592834473, 1.491665005683899, 1.3626428842544556, 1.364473819732666, 1.5328131914138794, 1.390944004058838, 1.4633952379226685, 1.3486219644546509, 1.536513090133667, 1.3210898637771606, 1.5149435997009277, 1.4364484548568726, 1.5290675163269043, 1.4928252696990967, 1.4393409490585327, 1.3908958435058594, 1.535190224647522, 1.5127111673355103, 1.3814611434936523, 1.5132174491882324, 1.4582993984222412, 1.4118009805679321, 1.5437064170837402]",sae,Pre-64
1,beta,29,0.185,0.4558655961502112,0.4409050416793991,0.4505630282302238,0.5,0.6296548282533407,0.6686498094534469,30,"[0, 1, 2, 3, 4, 5, 6, 7, 8, 9, 10, 11, 12, 13, 14, 15, 16, 17, 18, 19, 20, 21, 22, 23, 24, 25, 26, 27, 28, 29]","[1.2166742086410522, 1.161816954612732, 1.0458005666732788, 1.2598450183868408, 1.2042310237884521, 1.1851483583450317, 1.2647877931594849, 1.1855055093765259, 1.2502232789993286, 1.2581151723861694, 1.211085319519043, 1.2469384670257568, 1.2537853717803955, 1.2579803466796875, 1.1948578357696533, 1.2505158185958862, 1.132949709892273, 1.1862847805023193, 1.1693370342254639, 1.2170602083206177, 1.2724372148513794, 1.2783480882644653, 1.2036851644515991, 1.2183572053909302, 1.208586573600769, 1.153814673423767, 1.2185280323028564, 1.2634934186935425, 1.3130149841308594, 1.1893250942230225]",sae,Pre-64
1,beta,39,0.092,0.4461088087810431,0.4292341094433316,0.4375307038296084,0.5,0.6205127278095635,0.669537918297375,30,"[0, 1, 2, 3, 4, 5, 6, 7, 8, 9, 10, 11, 12, 13, 14, 15, 16, 17, 18, 19, 20, 21, 22, 23, 24, 25, 26, 27, 28, 29]","[1.4210959672927856, 1.516055941581726, 1.4562351703643799, 1.449822187423706, 1.3761963844299316, 1.4357867240905762, 1.4188244342803955, 1.454230785369873, 1.38140869140625, 1.4972500801086426, 1.4244136810302734, 1.3690102100372314, 1.4572882652282715, 1.3736168146133423, 1.458772897720337, 1.5183427333831787, 1.4843714237213135, 1.4782195091247559, 1.3969093561172485, 1.3556362390518188, 1.3737338781356812, 1.4636741876602173, 1.4013254642486572, 1.404242753982544, 1.476120114326477, 1.4286410808563232, 1.319989562034607, 1.3993663787841797, 1.5299146175384521, 1.3998934030532837]",sae,Pre-64
1,beta,11,0.135,0.4566976193509867,0.4496008864727478,0.4343946980737235,0.5,0.5995106990682213,0.7099443390925693,30,"[0, 1, 2, 3, 4, 5, 6, 7, 8, 9, 10, 11, 12, 13, 14, 15, 16, 17, 18, 19, 20, 21, 22, 23, 24, 25, 26, 27, 28, 29]","[1.3385519981384277, 1.1474218368530273, 1.2996890544891357, 1.2280710935592651, 1.3735154867172241, 1.2398077249526978, 1.2549563646316528, 1.1502313613891602, 1.3607169389724731, 1.3640743494033813, 1.3790696859359741, 1.386795997619629, 1.3894009590148926, 1.29605233669281, 1.2700389623641968, 1.2408798933029175, 1.3107595443725586, 1.2570624351501465, 1.2909597158432007, 1.3387384414672852, 1.3114157915115356, 1.3277841806411743, 1.3718161582946777, 1.2953670024871826, 1.2987834215164185, 1.3502976894378662, 1.3652992248535156, 1.246626615524292, 1.2869277000427246, 1.2687673568725586]",sae,Pre-64
1,beta,12,0.195,0.4455148672091349,0.4361346773072694,0.4082161203168435,0.5,0.5892778403611032,0.7318275941048066,30,"[0, 1, 2, 3, 4, 5, 6, 7, 8, 9, 10, 11, 12, 13, 14, 15, 16, 17, 18, 19, 20, 21, 22, 23, 24, 25, 26, 27, 28, 29]","[1.212027907371521, 1.2981516122817993, 1.2247200012207031, 1.126534342765808, 1.2812554836273193, 1.2268173694610596, 1.2331128120422363, 1.2926995754241943, 1.3167904615402222, 1.2029911279678345, 1.204476237297058, 1.353165626525879, 1.213192105293274, 1.2921366691589355, 1.1916364431381226, 1.3536893129348755, 1.1643261909484863, 1.317981243133545, 1.26079261302948, 1.3326284885406494, 1.325950264930725, 1.2575030326843262, 1.2374073266983032, 1.3515135049819946, 1.3270846605300903, 1.1921666860580444, 1.3300632238388062, 1.2961041927337646, 1.248692274093628, 1.3602629899978638]",sae,Pre-64
1,beta,18,0.105,0.4575117633693479,0.4471831599677374,0.4222938789280872,0.5,0.6052065040104606,0.7306392477392049,30,"[0, 1, 2, 3, 4, 5, 6, 7, 8, 9, 10, 11, 12, 13, 14, 15, 16, 17, 18, 19, 20, 21, 22, 23, 24, 25, 26, 27, 28, 29]","[1.2523231506347656, 1.4022800922393799, 1.4310156106948853, 1.354796051979065, 1.3610693216323853, 1.3710287809371948, 1.538101077079773, 1.3344753980636597, 1.4171302318572998, 1.3105759620666504, 1.5035045146942139, 1.4039472341537476, 1.4305193424224854, 1.444663643836975, 1.3648370504379272, 1.3139675855636597, 1.4359911680221558, 1.3605386018753052, 1.3422949314117432, 1.273483157157898, 1.521653652191162, 1.3408721685409546, 1.4540964365005493, 1.416893720626831, 1.403694748878479, 1.383947730064392, 1.4150341749191284, 1.4506449699401855, 1.425199031829834, 1.3690916299819946]",sae,Pre-64
1,beta,12,0.16,0.4455148672091349,0.4361346773072694,0.4118354212220292,0.5,0.5892778403611032,0.7320636449048085,30,"[0, 1, 2, 3, 4, 5, 6, 7, 8, 9, 10, 11, 12, 13, 14, 15, 16, 17, 18, 19, 20, 21, 22, 23, 24, 25, 26, 27, 28, 29]","[1.3613426685333252, 1.4689831733703613, 1.3781261444091797, 1.2778966426849365, 1.4662299156188965, 1.4020439386367798, 1.395613670349121, 1.4477365016937256, 1.483064889907837, 1.354079246520996, 1.355949878692627, 1.5242751836776733, 1.3823643922805786, 1.4548454284667969, 1.3400694131851196, 1.5279860496520996, 1.3125214576721191, 1.506466269493103, 1.4278836250305176, 1.5205721855163574, 1.4842181205749512, 1.430793046951294, 1.3823050260543823, 1.526640772819519, 1.5041803121566772, 1.3729184865951538, 1.504668951034546, 1.4496917724609375, 1.4031983613967896, 1.5351474285125732]",sae,Pre-64
1,beta,44,0.115,0.4469012312759677,0.43811650775401,0.4572274854570057,0.5,0.5982762074796864,0.6215463753513284,30,"[0, 1, 2, 3, 4, 5, 6, 7, 8, 9, 10, 11, 12, 13, 14, 15, 16, 17, 18, 19, 20, 21, 22, 23, 24, 25, 26, 27, 28, 29]","[1.351192593574524, 1.3549717664718628, 1.2990994453430176, 1.3285181522369385, 1.3445781469345093, 1.4010542631149292, 1.3774514198303223, 1.2966785430908203, 1.3641211986541748, 1.4149259328842163, 1.343756079673767, 1.3200408220291138, 1.3493503332138062, 1.3160878419876099, 1.4181439876556396, 1.4171422719955444, 1.2861031293869019, 1.1941227912902832, 1.359723448753357, 1.3464922904968262, 1.3183146715164185, 1.292995810508728, 1.3391430377960205, 1.347080111503601, 1.4027988910675049, 1.3023487329483032, 1.3237406015396118, 1.3465930223464966, 1.3418285846710205, 1.3606270551681519]",sae,Pre-64
1,beta,40,0.195,0.44666181227492,0.4340193094910912,0.431576426293085,0.5,0.6093636266731638,0.6691087118731822,30,"[0, 1, 2, 3, 4, 5, 6, 7, 8, 9, 10, 11, 12, 13, 14, 15, 16, 17, 18, 19, 20, 21, 22, 23, 24, 25, 26, 27, 28, 29]","[1.3535946607589722, 1.2971882820129395, 1.2962870597839355, 1.2365000247955322, 1.269360065460205, 1.2999706268310547, 1.3020446300506592, 1.312535285949707, 1.3274345397949219, 1.3323298692703247, 1.2752034664154053, 1.282359004020691, 1.3490792512893677, 1.2371355295181274, 1.2552525997161865, 1.3665440082550049, 1.2648768424987793, 1.302475929260254, 1.2546957731246948, 1.25094473361969, 1.2612813711166382, 1.2710063457489014, 1.3260539770126343, 1.2902129888534546, 1.3396248817443848, 1.2693430185317993, 1.3333569765090942, 1.2335762977600098, 1.3748897314071655, 1.2626601457595825]",sae,Pre-64
1,beta,30,0.115,0.4638407167611665,0.4544841508273655,0.4397474024187913,0.5,0.6043368975359404,0.694888178913738,30,"[0, 1, 2, 3, 4, 5, 6, 7, 8, 9, 10, 11, 12, 13, 14, 15, 16, 17, 18, 19, 20, 21, 22, 23, 24, 25, 26, 27, 28, 29]","[1.52186918258667, 1.4907121658325195, 1.5019627809524536, 1.4423816204071045, 1.4552775621414185, 1.433664083480835, 1.4444454908370972, 1.4208381175994873, 1.413571834564209, 1.4319443702697754, 1.4963581562042236, 1.4265434741973877, 1.40229070186615, 1.424312949180603, 1.4912914037704468, 1.4952869415283203, 1.4133950471878052, 1.4351431131362915, 1.5170196294784546, 1.4416306018829346, 1.4183565378189087, 1.3836297988891602, 1.4826114177703857, 1.4374709129333496, 1.5532854795455933, 1.4300427436828613, 1.4554171562194824, 1.4253634214401245, 1.492599606513977, 1.4478808641433716]",sae,Pre-64
1,beta,1,0.088,0.4560357198099471,0.4497423189216591,0.4463134024428905,0.5,0.5964054457666336,0.6820090782452661,30,"[0, 1, 2, 3, 4, 5, 6, 7, 8, 9, 10, 11, 12, 13, 14, 15, 16, 17, 18, 19, 20, 21, 22, 23, 24, 25, 26, 27, 28, 29]","[1.409806489944458, 1.310540795326233, 1.3634397983551025, 1.2504799365997314, 1.346144676208496, 1.2732527256011963, 1.2811638116836548, 1.3480634689331055, 1.2544225454330444, 1.31036376953125, 1.3090640306472778, 1.3519097566604614, 1.4027307033538818, 1.2797147035598755, 1.4000989198684692, 1.231723427772522, 1.254977822303772, 1.3092893362045288, 1.380205750465393, 1.410656213760376, 1.3993327617645264, 1.3600279092788696, 1.334483027458191, 1.3049216270446777, 1.2722187042236328, 1.2960032224655151, 1.324429988861084, 1.3296173810958862, 1.4119518995285034, 1.3343287706375122]",sae,Pre-64
1,beta,2,0.175,0.4419681213812466,0.4306250660512843,0.4205086091030033,0.5,0.6028191218064636,0.6885838317800342,30,"[0, 1, 2, 3, 4, 5, 6, 7, 8, 9, 10, 11, 12, 13, 14, 15, 16, 17, 18, 19, 20, 21, 22, 23, 24, 25, 26, 27, 28, 29]","[1.1775834560394287, 1.191528558731079, 1.1720143556594849, 1.2240573167800903, 1.162068486213684, 1.2321078777313232, 1.2030037641525269, 1.1968497037887573, 1.1483961343765259, 1.155126690864563, 1.1785082817077637, 1.162474274635315, 1.1972538232803345, 1.2313865423202515, 1.2210170030593872, 1.1849168539047241, 1.2126681804656982, 1.2674635648727417, 1.256905436515808, 1.2426040172576904, 1.185845136642456, 1.1857445240020752, 1.2300441265106201, 1.2205541133880615, 1.1919679641723633, 1.1700146198272705, 1.2158282995224, 1.2082921266555786, 1.0475066900253296, 1.2580355405807495]",sae,Pre-64
1,beta,42,0.125,0.4546678683050885,0.4407690563496341,0.449382834943187,0.5,0.6336081445133979,0.6604277914080916,30,"[0, 1, 2, 3, 4, 5, 6, 7, 8, 9, 10, 11, 12, 13, 14, 15, 16, 17, 18, 19, 20, 21, 22, 23, 24, 25, 26, 27, 28, 29]","[1.3829717636108398, 1.2529011964797974, 1.3880997896194458, 1.378043293952942, 1.2964675426483154, 1.3676576614379883, 1.2914739847183228, 1.263932704925537, 1.2684807777404785, 1.3763009309768677, 1.3539458513259888, 1.394794225692749, 1.2707836627960205, 1.094873070716858, 1.3987131118774414, 1.307823896408081, 1.2468993663787842, 1.233263373374939, 1.3542581796646118, 1.3407633304595947, 1.2843246459960938, 1.2706717252731323, 1.2881547212600708, 1.2550747394561768, 1.2889506816864014, 1.2610256671905518, 1.3901660442352295, 1.2713655233383179, 1.3276904821395874, 1.2540125846862793]",sae,Pre-64
1,beta,43,0.096,0.4515364523902173,0.4432102910589974,0.4411349686685028,0.5,0.6060785767234989,0.6993684210526316,30,"[0, 1, 2, 3, 4, 5, 6, 7, 8, 9, 10, 11, 12, 13, 14, 15, 16, 17, 18, 19, 20, 21, 22, 23, 24, 25, 26, 27, 28, 29]","[1.5112850666046143, 1.5845590829849243, 1.560587763786316, 1.4577242136001587, 1.49275541305542, 1.4318900108337402, 1.4627035856246948, 1.4495757818222046, 1.549597144126892, 1.4391781091690063, 1.4048285484313965, 1.595116376876831, 1.5237430334091187, 1.466234803199768, 1.4660855531692505, 1.3537230491638184, 1.5517370700836182, 1.4497069120407104, 1.5465067625045776, 1.5425297021865845, 1.4449162483215332, 1.4581410884857178, 1.583426594734192, 1.5158756971359253, 1.4387860298156738, 1.5196155309677124, 1.586095929145813, 1.4493563175201416, 1.5451768636703491, 1.5956355333328247]",sae,Pre-64
1,beta,25,0.092,0.4465066892532915,0.4352791138475453,0.4389300306049397,0.5,0.6270054355300688,0.6628401691053799,30,"[0, 1, 2, 3, 4, 5, 6, 7, 8, 9, 10, 11, 12, 13, 14, 15, 16, 17, 18, 19, 20, 21, 22, 23, 24, 25, 26, 27, 28, 29]","[1.3758600950241089, 1.3865867853164673, 1.285165786743164, 1.4094290733337402, 1.405448317527771, 1.39547598361969, 1.2821316719055176, 1.3059040307998657, 1.3530851602554321, 1.2576009035110474, 1.4070615768432617, 1.325292944908142, 1.3886734247207642, 1.3139660358428955, 1.2970914840698242, 1.3236546516418457, 1.1924347877502441, 1.2335156202316284, 1.2766499519348145, 1.3024717569351196, 1.418982982635498, 1.2174710035324097, 1.3700616359710693, 1.3193049430847168, 1.352830171585083, 1.3044816255569458, 1.4335204362869263, 1.3845901489257812, 1.4046516418457031, 1.2592464685440063]",sae,Pre-64
1,beta,6,0.13,0.4540822999211705,0.4457917896713532,0.441152026805915,0.5,0.5933447799067053,0.6658319784844939,30,"[0, 1, 2, 3, 4, 5, 6, 7, 8, 9, 10, 11, 12, 13, 14, 15, 16, 17, 18, 19, 20, 21, 22, 23, 24, 25, 26, 27, 28, 29]","[1.2873640060424805, 1.3159902095794678, 1.2504053115844727, 1.319237470626831, 1.2384477853775024, 1.2143422365188599, 1.2373032569885254, 1.2922215461730957, 1.2309376001358032, 1.3092800378799438, 1.2436989545822144, 1.182632565498352, 1.244543194770813, 1.1998392343521118, 1.0763920545578003, 1.3069705963134766, 1.2019635438919067, 1.276572585105896, 1.2519739866256714, 1.2742191553115845, 1.2441060543060303, 1.223212718963623, 1.2964624166488647, 1.2778723239898682, 1.215696096420288, 1.2524882555007935, 1.20717453956604, 1.2200992107391357, 1.2776023149490356, 1.2895368337631226]",sae,Pre-64
1,beta,9,0.095,0.448644851968101,0.4348910401892977,0.449154625337853,0.5,0.6286670530281078,0.6738829324833382,30,"[0, 1, 2, 3, 4, 5, 6, 7, 8, 9, 10, 11, 12, 13, 14, 15, 16, 17, 18, 19, 20, 21, 22, 23, 24, 25, 26, 27, 28, 29]","[1.5730953216552734, 1.4724351167678833, 1.5731658935546875, 1.544850468635559, 1.4628567695617676, 1.3038835525512695, 1.5537142753601074, 1.4823839664459229, 1.5758079290390015, 1.4110784530639648, 1.5239825248718262, 1.4846305847167969, 1.4786607027053833, 1.5188789367675781, 1.597104549407959, 1.4986106157302856, 1.4635918140411377, 1.5529961585998535, 1.583813190460205, 1.4423949718475342, 1.5638047456741333, 1.5809532403945923, 1.4534810781478882, 1.5695359706878662, 1.5675036907196045, 1.5605018138885498, 1.4089288711547852, 1.3869074583053589, 1.459086298942566, 1.591354489326477]",sae,Pre-64
1,beta,2,0.115,0.4419681213812466,0.4306250660512843,0.4254837396610026,0.5,0.6028191218064636,0.6887548105902536,30,"[0, 1, 2, 3, 4, 5, 6, 7, 8, 9, 10, 11, 12, 13, 14, 15, 16, 17, 18, 19, 20, 21, 22, 23, 24, 25, 26, 27, 28, 29]","[1.300774097442627, 1.3143752813339233, 1.2961304187774658, 1.3582463264465332, 1.3005406856536865, 1.377973198890686, 1.3187599182128906, 1.328906536102295, 1.2679963111877441, 1.2796498537063599, 1.3179385662078857, 1.27376389503479, 1.3342535495758057, 1.3846160173416138, 1.35606849193573, 1.312360405921936, 1.3635520935058594, 1.4153934717178345, 1.408417820930481, 1.3867921829223633, 1.3157345056533813, 1.3086539506912231, 1.3726907968521118, 1.3760603666305542, 1.303478717803955, 1.305271029472351, 1.3542660474777222, 1.3344621658325195, 1.1561325788497925, 1.410726547241211]",sae,Pre-64
1,beta,21,0.12,0.4504746503440228,0.4381370334360364,0.4377640540406631,0.5,0.6200058082774133,0.6889080438463154,30,"[0, 1, 2, 3, 4, 5, 6, 7, 8, 9, 10, 11, 12, 13, 14, 15, 16, 17, 18, 19, 20, 21, 22, 23, 24, 25, 26, 27, 28, 29]","[1.3348788022994995, 1.3803186416625977, 1.4902235269546509, 1.4881598949432373, 1.4433380365371704, 1.4428694248199463, 1.3726040124893188, 1.3811417818069458, 1.4670765399932861, 1.4101780652999878, 1.4767073392868042, 1.459625482559204, 1.3742033243179321, 1.3922443389892578, 1.3795653581619263, 1.3821061849594116, 1.3914986848831177, 1.3937119245529175, 1.3293638229370117, 1.4806569814682007, 1.3334764242172241, 1.4941579103469849, 1.3276792764663696, 1.3328677415847778, 1.3961234092712402, 1.3433425426483154, 1.2972058057785034, 1.3735486268997192, 1.4531307220458984, 1.4267899990081787]",sae,Pre-64
1,beta,17,0.14,0.4599327030141671,0.4513468217402507,0.4415811006714304,0.5,0.6120635717004715,0.6984530030584073,30,"[0, 1, 2, 3, 4, 5, 6, 7, 8, 9, 10, 11, 12, 13, 14, 15, 16, 17, 18, 19, 20, 21, 22, 23, 24, 25, 26, 27, 28, 29]","[1.395986557006836, 1.2813183069229126, 1.3062564134597778, 1.3445897102355957, 1.397734522819519, 1.2848612070083618, 1.356722354888916, 1.2294594049453735, 1.3159340620040894, 1.3147166967391968, 1.3724071979522705, 1.381155252456665, 1.3301924467086792, 1.3854833841323853, 1.3251802921295166, 1.3373119831085205, 1.403126835823059, 1.3273069858551025, 1.3690617084503174, 1.337295651435852, 1.2600408792495728, 1.3413214683532715, 1.1974067687988281, 1.3159843683242798, 1.3075580596923828, 1.3039978742599487, 1.2964413166046143, 1.3269977569580078, 1.28157639503479, 1.374207615852356]",sae,Pre-64
1,beta,7,0.09,0.4564836922581216,0.4420418003909208,0.4378313955222497,0.5,0.6095136152062148,0.7009844467149969,30,"[0, 1, 2, 3, 4, 5, 6, 7, 8, 9, 10, 11, 12, 13, 14, 15, 16, 17, 18, 19, 20, 21, 22, 23, 24, 25, 26, 27, 28, 29]","[1.3622829914093018, 1.4046214818954468, 1.4200987815856934, 1.3834340572357178, 1.4354666471481323, 1.3928457498550415, 1.3508402109146118, 1.3959544897079468, 1.4914932250976562, 1.4002398252487183, 1.3208547830581665, 1.3623607158660889, 1.3260115385055542, 1.3455842733383179, 1.5028477907180786, 1.4158955812454224, 1.350712537765503, 1.3316415548324585, 1.4368095397949219, 1.4350333213806152, 1.399226188659668, 1.413701057434082, 1.4205645322799683, 1.367823839187622, 1.456915020942688, 1.436996340751648, 1.3817845582962036, 1.279286503791809, 1.4773074388504028, 1.3652889728546143]",sae,Pre-64
1,beta,14,0.185,0.4467366851483266,0.4421697276018216,0.4269936475169583,0.5,0.5934222168898753,0.6992381409439254,30,"[0, 1, 2, 3, 4, 5, 6, 7, 8, 9, 10, 11, 12, 13, 14, 15, 16, 17, 18, 19, 20, 21, 22, 23, 24, 25, 26, 27, 28, 29]","[1.2814377546310425, 1.1742571592330933, 1.232861876487732, 1.2601985931396484, 1.289024829864502, 1.252569556236267, 1.2435113191604614, 1.3171013593673706, 1.25449800491333, 1.296531319618225, 1.2077802419662476, 1.1493059396743774, 1.1762865781784058, 1.301733136177063, 1.3040276765823364, 1.2558566331863403, 1.3231072425842285, 1.3112014532089233, 1.235434651374817, 1.2396697998046875, 1.2759367227554321, 1.2549164295196533, 1.312038540840149, 1.2118502855300903, 1.3134982585906982, 1.3084205389022827, 1.2434443235397339, 1.3140610456466675, 1.298842191696167, 1.1854968070983887]",sae,Pre-64
1,beta,7,0.19,0.4564836922581216,0.4420418003909208,0.4349859585907393,0.5,0.6095136152062148,0.7014031719914071,30,"[0, 1, 2, 3, 4, 5, 6, 7, 8, 9, 10, 11, 12, 13, 14, 15, 16, 17, 18, 19, 20, 21, 22, 23, 24, 25, 26, 27, 28, 29]","[1.2825751304626465, 1.3116731643676758, 1.3311232328414917, 1.288817286491394, 1.3488496541976929, 1.3034764528274536, 1.2526859045028687, 1.3066000938415527, 1.3946834802627563, 1.3141653537750244, 1.2266888618469238, 1.2748565673828125, 1.2348973751068115, 1.2547084093093872, 1.4073162078857422, 1.3197929859161377, 1.276589035987854, 1.234887957572937, 1.3405550718307495, 1.3473124504089355, 1.3036943674087524, 1.3125635385513306, 1.3164936304092407, 1.2660871744155884, 1.3648017644882202, 1.3274084329605103, 1.3016846179962158, 1.1839085817337036, 1.3860437870025635, 1.274143099784851]",sae,Pre-64
1,beta,7,0.098,0.4564836922581216,0.4420418003909208,0.4378158417001713,0.5,0.6095136152062148,0.7009682284824599,30,"[0, 1, 2, 3, 4, 5, 6, 7, 8, 9, 10, 11, 12, 13, 14, 15, 16, 17, 18, 19, 20, 21, 22, 23, 24, 25, 26, 27, 28, 29]","[1.3613499402999878, 1.4036922454833984, 1.4191704988479614, 1.3825078010559082, 1.434537649154663, 1.391916275024414, 1.3499168157577515, 1.3950293064117432, 1.49056875705719, 1.3993160724639893, 1.3199336528778076, 1.361428141593933, 1.3250819444656372, 1.3446589708328247, 1.5019210577011108, 1.4149675369262695, 1.3497787714004517, 1.330716609954834, 1.4358890056610107, 1.4341034889221191, 1.3982981443405151, 1.4127758741378784, 1.4196406602859497, 1.366902232170105, 1.455985188484192, 1.4360774755477905, 1.3808506727218628, 1.2783628702163696, 1.4763802289962769, 1.3643666505813599]",sae,Pre-64
1,beta,39,0.135,0.4461088087810431,0.4292341094433316,0.433207898676913,0.5,0.6205127278095635,0.6663970160675603,30,"[0, 1, 2, 3, 4, 5, 6, 7, 8, 9, 10, 11, 12, 13, 14, 15, 16, 17, 18, 19, 20, 21, 22, 23, 24, 25, 26, 27, 28, 29]","[1.2167860269546509, 1.2662376165390015, 1.216914176940918, 1.1913577318191528, 1.1658633947372437, 1.2375062704086304, 1.2048155069351196, 1.244668960571289, 1.1872093677520752, 1.230902910232544, 1.208328366279602, 1.1263269186019897, 1.2334825992584229, 1.161289930343628, 1.2300540208816528, 1.2844423055648804, 1.219122290611267, 1.2492406368255615, 1.1748138666152954, 1.1100386381149292, 1.1900675296783447, 1.2504023313522339, 1.1461896896362305, 1.157701015472412, 1.2477598190307617, 1.23239004611969, 1.0786899328231812, 1.1811946630477905, 1.2901815176010132, 1.18942391872406]",sae,Pre-64
1,beta,0,0.125,0.4600628296558519,0.4487196928272481,0.4296173038364927,0.5,0.6146148452673732,0.7222082802906209,30,"[0, 1, 2, 3, 4, 5, 6, 7, 8, 9, 10, 11, 12, 13, 14, 15, 16, 17, 18, 19, 20, 21, 22, 23, 24, 25, 26, 27, 28, 29]","[1.2528806924819946, 1.2952854633331299, 1.268714427947998, 1.3133013248443604, 1.2389791011810303, 1.2698421478271484, 1.3008052110671997, 1.3352559804916382, 1.3153563737869263, 1.2853360176086426, 1.2695643901824951, 1.275576114654541, 1.3217291831970215, 1.3086295127868652, 1.3254263401031494, 1.2696993350982666, 1.2904537916183472, 1.2307270765304565, 1.1568284034729004, 1.3092926740646362, 1.2403736114501953, 1.2370883226394653, 1.3182092905044556, 1.2613354921340942, 1.2522501945495605, 1.1974716186523438, 1.3213880062103271, 1.2215237617492676, 1.3036532402038574, 1.212978720664978]",sae,Pre-64
1,beta,42,0.185,0.4546678683050885,0.4407690563496341,0.441979736206685,0.5,0.6336081445133979,0.6603511208928656,30,"[0, 1, 2, 3, 4, 5, 6, 7, 8, 9, 10, 11, 12, 13, 14, 15, 16, 17, 18, 19, 20, 21, 22, 23, 24, 25, 26, 27, 28, 29]","[1.2767118215560913, 1.1509020328521729, 1.2741888761520386, 1.2517021894454956, 1.16533625125885, 1.2553739547729492, 1.1647206544876099, 1.148014783859253, 1.1693377494812012, 1.2613091468811035, 1.2386943101882935, 1.2795376777648926, 1.1614588499069214, 1.0049147605895996, 1.2809103727340698, 1.1924101114273071, 1.141250491142273, 1.1302461624145508, 1.240049958229065, 1.2147595882415771, 1.1706880331039429, 1.1570767164230347, 1.171014428138733, 1.1616032123565674, 1.189007043838501, 1.1533206701278687, 1.2752232551574707, 1.16252863407135, 1.2145106792449951, 1.1530125141143799]",sae,Pre-64
1,beta,41,0.16,0.4543678569363413,0.4427951465832617,0.4480754400857191,0.5,0.6190905384235713,0.6738613847221328,30,"[0, 1, 2, 3, 4, 5, 6, 7, 8, 9, 10, 11, 12, 13, 14, 15, 16, 17, 18, 19, 20, 21, 22, 23, 24, 25, 26, 27, 28, 29]","[1.2573528289794922, 1.3110616207122803, 1.2083455324172974, 1.1988173723220825, 1.1809487342834473, 1.3533704280853271, 1.2350481748580933, 1.281548261642456, 1.2600654363632202, 1.3165920972824097, 1.3178402185440063, 1.278603196144104, 1.286067247390747, 1.3250702619552612, 1.3331527709960938, 1.2733434438705444, 1.223429560661316, 1.2837404012680054, 1.2733756303787231, 1.293091058731079, 1.2015438079833984, 1.263999104499817, 1.2778428792953491, 1.2802855968475342, 1.2766892910003662, 1.2618292570114136, 1.3089176416397095, 1.31414794921875, 1.2698426246643066, 1.2190755605697632]",sae,Pre-64
1,beta,29,0.096,0.4558655961502112,0.4409050416793991,0.455252094333111,0.5,0.6296548282533407,0.6719107555774018,30,"[0, 1, 2, 3, 4, 5, 6, 7, 8, 9, 10, 11, 12, 13, 14, 15, 16, 17, 18, 19, 20, 21, 22, 23, 24, 25, 26, 27, 28, 29]","[1.390036940574646, 1.3508237600326538, 1.1704130172729492, 1.454579472541809, 1.3820792436599731, 1.355045199394226, 1.4696358442306519, 1.350862741470337, 1.4367289543151855, 1.4604294300079346, 1.3833574056625366, 1.4284807443618774, 1.4454076290130615, 1.422719955444336, 1.4019136428833008, 1.4217296838760376, 1.35274076461792, 1.3846898078918457, 1.3507877588272095, 1.3937054872512817, 1.471996784210205, 1.4879729747772217, 1.3765815496444702, 1.3892099857330322, 1.4003492593765259, 1.3251090049743652, 1.3845536708831787, 1.4670615196228027, 1.507747769355774, 1.3591458797454834]",sae,Pre-64
1,beta,16,0.115,0.4519396108125126,0.4401978349795346,0.4306400491329932,0.5,0.6159012314439947,0.7167573380566802,30,"[0, 1, 2, 3, 4, 5, 6, 7, 8, 9, 10, 11, 12, 13, 14, 15, 16, 17, 18, 19, 20, 21, 22, 23, 24, 25, 26, 27, 28, 29]","[1.2730156183242798, 1.2361445426940918, 1.2412210702896118, 1.3200764656066895, 1.3125314712524414, 1.2551237344741821, 1.3183460235595703, 1.2946689128875732, 1.2656556367874146, 1.3203942775726318, 1.3208284378051758, 1.3042970895767212, 1.2603061199188232, 1.2813267707824707, 1.1996779441833496, 1.2497010231018066, 1.329349398612976, 1.1558583974838257, 1.2669947147369385, 1.3018264770507812, 1.3501851558685303, 1.3178330659866333, 1.323512077331543, 1.3140777349472046, 1.2038134336471558, 1.2926311492919922, 1.2144601345062256, 1.2690144777297974, 1.2253546714782715, 1.2490787506103516]",sae,Pre-64
1,beta,4,0.14,0.4589558369307028,0.4477177462853796,0.4573000744920724,0.5,0.61034827708266,0.6590932176000739,30,"[0, 1, 2, 3, 4, 5, 6, 7, 8, 9, 10, 11, 12, 13, 14, 15, 16, 17, 18, 19, 20, 21, 22, 23, 24, 25, 26, 27, 28, 29]","[1.3374173641204834, 1.3218506574630737, 1.253737449645996, 1.3877557516098022, 1.228395938873291, 1.268734335899353, 1.305450201034546, 1.2542076110839844, 1.3438209295272827, 1.3647183179855347, 1.3420823812484741, 1.2754623889923096, 1.3876360654830933, 1.2860256433486938, 1.2505812644958496, 1.3345571756362915, 1.3364206552505493, 1.3105731010437012, 1.2704800367355347, 1.3642102479934692, 1.3234487771987915, 1.3823431730270386, 1.3268468379974365, 1.2384018898010254, 1.3231923580169678, 1.2603269815444946, 1.28215754032135, 1.3002030849456787, 1.367077112197876, 1.2446948289871216]",sae,Pre-64
1,beta,29,0.15,0.4558655961502112,0.4409050416793991,0.4526117147146251,0.5,0.6296548282533407,0.6714042299386624,30,"[0, 1, 2, 3, 4, 5, 6, 7, 8, 9, 10, 11, 12, 13, 14, 15, 16, 17, 18, 19, 20, 21, 22, 23, 24, 25, 26, 27, 28, 29]","[1.3480333089828491, 1.2979542016983032, 1.140850305557251, 1.402671456336975, 1.3332629203796387, 1.3073819875717163, 1.416738748550415, 1.308579683303833, 1.3923088312149048, 1.404394268989563, 1.3387703895568848, 1.3798725605010986, 1.3969244956970215, 1.379193663597107, 1.344589114189148, 1.3797101974487305, 1.2935867309570312, 1.3273098468780518, 1.300282597541809, 1.345020055770874, 1.4218940734863281, 1.4316333532333374, 1.3299843072891235, 1.343854308128357, 1.3481677770614624, 1.2822980880737305, 1.3411095142364502, 1.4113075733184814, 1.458036184310913, 1.31214439868927]",sae,Pre-64
1,beta,8,0.18,0.4517491928182039,0.4406431065890545,0.435087654693021,0.5,0.6098144493254953,0.6772224698117613,30,"[0, 1, 2, 3, 4, 5, 6, 7, 8, 9, 10, 11, 12, 13, 14, 15, 16, 17, 18, 19, 20, 21, 22, 23, 24, 25, 26, 27, 28, 29]","[1.151748538017273, 1.2513477802276611, 1.2040759325027466, 1.2244514226913452, 1.2732605934143066, 1.213578224182129, 1.258915901184082, 1.1934645175933838, 1.2347428798675537, 1.246071696281433, 1.2668287754058838, 1.2186334133148193, 1.2181227207183838, 1.2345004081726074, 1.2522430419921875, 1.19217848777771, 1.21133553981781, 1.2266111373901367, 1.1558301448822021, 1.181035041809082, 1.1780413389205933, 1.1601067781448364, 1.2592170238494873, 1.191383957862854, 1.2543452978134155, 1.2590428590774536, 1.1687164306640625, 1.2548500299453735, 1.2269978523254395, 1.2008641958236694]",sae,Pre-64
1,beta,24,0.17,0.4501416387440968,0.4383559369047743,0.44621284551913,0.5,0.6188330126613704,0.640263468222443,30,"[0, 1, 2, 3, 4, 5, 6, 7, 8, 9, 10, 11, 12, 13, 14, 15, 16, 17, 18, 19, 20, 21, 22, 23, 24, 25, 26, 27, 28, 29]","[1.3194314241409302, 1.265146255493164, 1.2813767194747925, 1.33284330368042, 1.3404383659362793, 1.27851402759552, 1.2760488986968994, 1.277138113975525, 1.2989633083343506, 1.168215274810791, 1.303578495979309, 1.2516602277755737, 1.3237863779067993, 1.3275120258331299, 1.2724303007125854, 1.2516695261001587, 1.3439511060714722, 1.1435174942016602, 1.2576912641525269, 1.3453096151351929, 1.3232313394546509, 1.3340482711791992, 1.276455283164978, 1.2992205619812012, 1.243349552154541, 1.2042453289031982, 1.2899965047836304, 1.2482868432998657, 1.3459506034851074, 1.2669848203659058]",sae,Pre-64
1,beta,36,0.18,0.4642138821845151,0.4576483090311837,0.4561727726256719,0.5,0.6031055233182893,0.6748537705984515,30,"[0, 1, 2, 3, 4, 5, 6, 7, 8, 9, 10, 11, 12, 13, 14, 15, 16, 17, 18, 19, 20, 21, 22, 23, 24, 25, 26, 27, 28, 29]","[1.355105996131897, 1.3273379802703857, 1.2947592735290527, 1.3455053567886353, 1.2319529056549072, 1.3686094284057617, 1.3073569536209106, 1.34201180934906, 1.379137396812439, 1.240323543548584, 1.2813535928726196, 1.382090449333191, 1.2858299016952515, 1.306451439857483, 1.3325088024139404, 1.3857280015945435, 1.3469384908676147, 1.322094440460205, 1.3763333559036255, 1.2809046506881714, 1.330747365951538, 1.3026680946350098, 1.3199650049209595, 1.295615553855896, 1.370501160621643, 1.3404361009597778, 1.3083550930023193, 1.3199777603149414, 1.3667008876800537, 1.276444435119629]",sae,Pre-64
1,beta,23,0.086,0.4478205607315014,0.4344954522622479,0.4345864282255831,0.5,0.6150139710231751,0.6749524591875173,30,"[0, 1, 2, 3, 4, 5, 6, 7, 8, 9, 10, 11, 12, 13, 14, 15, 16, 17, 18, 19, 20, 21, 22, 23, 24, 25, 26, 27, 28, 29]","[1.3921618461608887, 1.4515233039855957, 1.4305938482284546, 1.5428324937820435, 1.3219952583312988, 1.3880915641784668, 1.5241361856460571, 1.4153811931610107, 1.3906865119934082, 1.5252224206924438, 1.530328392982483, 1.4850519895553589, 1.4742779731750488, 1.369282841682434, 1.4627829790115356, 1.5221302509307861, 1.2146668434143066, 1.4279197454452515, 1.3730450868606567, 1.405036211013794, 1.5200276374816895, 1.5423110723495483, 1.3930741548538208, 1.5352526903152466, 1.5280795097351074, 1.4355896711349487, 1.3913733959197998, 1.432803750038147, 1.435165286064148, 1.543686866760254]",sae,Pre-64
1,beta,49,0.098,0.462130925118617,0.4524487678230295,0.4490403857855173,0.5,0.6141152509743157,0.6833797013663897,30,"[0, 1, 2, 3, 4, 5, 6, 7, 8, 9, 10, 11, 12, 13, 14, 15, 16, 17, 18, 19, 20, 21, 22, 23, 24, 25, 26, 27, 28, 29]","[1.333559513092041, 1.384749174118042, 1.3822741508483887, 1.3671587705612183, 1.3138238191604614, 1.345734715461731, 1.4234204292297363, 1.327647089958191, 1.4526243209838867, 1.4011285305023193, 1.3525071144104004, 1.3328951597213745, 1.399786353111267, 1.3898438215255737, 1.4311137199401855, 1.3771862983703613, 1.4693450927734375, 1.4550188779830933, 1.3185337781906128, 1.401983618736267, 1.444825530052185, 1.3556352853775024, 1.4513163566589355, 1.38528573513031, 1.3477247953414917, 1.3913958072662354, 1.3874685764312744, 1.3480465412139893, 1.2821924686431885, 1.348522424697876]",sae,Pre-64
1,beta,10,0.11,0.4493907433353129,0.4390813823454372,0.4433789017868327,0.5,0.6232207829487961,0.6760242563421723,30,"[0, 1, 2, 3, 4, 5, 6, 7, 8, 9, 10, 11, 12, 13, 14, 15, 16, 17, 18, 19, 20, 21, 22, 23, 24, 25, 26, 27, 28, 29]","[1.3978434801101685, 1.309126853942871, 1.4727035760879517, 1.3959089517593384, 1.3887189626693726, 1.399915337562561, 1.4880023002624512, 1.4144772291183472, 1.2978583574295044, 1.4447040557861328, 1.4049785137176514, 1.4251395463943481, 1.421427607536316, 1.399145245552063, 1.4675980806350708, 1.4209258556365967, 1.4307355880737305, 1.3416533470153809, 1.3948068618774414, 1.3560749292373657, 1.3762825727462769, 1.4051557779312134, 1.4637608528137207, 1.4683609008789062, 1.400679588317871, 1.3419476747512817, 1.400671362876892, 1.409611701965332, 1.4006162881851196, 1.4527734518051147]",sae,Pre-64
1,beta,23,0.18,0.4478205607315014,0.4344954522622479,0.4317269217414636,0.5,0.6150139710231751,0.670837550358466,30,"[0, 1, 2, 3, 4, 5, 6, 7, 8, 9, 10, 11, 12, 13, 14, 15, 16, 17, 18, 19, 20, 21, 22, 23, 24, 25, 26, 27, 28, 29]","[1.2232661247253418, 1.2533608675003052, 1.2153633832931519, 1.3412742614746094, 1.152403712272644, 1.2239569425582886, 1.3199270963668823, 1.2631299495697021, 1.218911051750183, 1.3442145586013794, 1.336106300354004, 1.294158935546875, 1.283442735671997, 1.167272686958313, 1.2811850309371948, 1.3360766172409058, 1.0680460929870605, 1.2664499282836914, 1.213775634765625, 1.2291133403778076, 1.3325411081314087, 1.3481498956680298, 1.2178903818130493, 1.3429943323135376, 1.3297187089920044, 1.2748593091964722, 1.236032485961914, 1.22235107421875, 1.2575105428695679, 1.348675012588501]",sae,Pre-64
1,beta,38,0.11,0.4455661720406026,0.4298851252298221,0.437063902397857,0.5,0.6303640517897944,0.6627250571210966,30,"[0, 1, 2, 3, 4, 5, 6, 7, 8, 9, 10, 11, 12, 13, 14, 15, 16, 17, 18, 19, 20, 21, 22, 23, 24, 25, 26, 27, 28, 29]","[1.3131296634674072, 1.2927961349487305, 1.3250672817230225, 1.3553450107574463, 1.3218107223510742, 1.211110234260559, 1.3701682090759277, 1.3276007175445557, 1.1823796033859253, 1.3403464555740356, 1.3207807540893555, 1.3350341320037842, 1.3492627143859863, 1.3152782917022705, 1.3616288900375366, 1.298459529876709, 1.3049323558807373, 1.3790241479873657, 1.2687904834747314, 1.3336886167526245, 1.3123422861099243, 1.3220272064208984, 1.3717905282974243, 1.2760347127914429, 1.316072940826416, 1.3697474002838135, 1.2675070762634277, 1.3747097253799438, 1.3007698059082031, 1.3838216066360474]",sae,Pre-64
1,beta,23,0.095,0.4478205607315014,0.4344954522622479,0.4345715126278197,0.5,0.6150139710231751,0.6749539720216456,30,"[0, 1, 2, 3, 4, 5, 6, 7, 8, 9, 10, 11, 12, 13, 14, 15, 16, 17, 18, 19, 20, 21, 22, 23, 24, 25, 26, 27, 28, 29]","[1.3903770446777344, 1.449752688407898, 1.4288403987884521, 1.5410699844360352, 1.3202290534973145, 1.3863168954849243, 1.5223701000213623, 1.4135955572128296, 1.3889161348342896, 1.523438811302185, 1.5285536050796509, 1.4832724332809448, 1.472503423690796, 1.367516040802002, 1.4610079526901245, 1.5203535556793213, 1.2128657102584839, 1.426146149635315, 1.3712513446807861, 1.4032528400421143, 1.5182493925094604, 1.5405443906784058, 1.3912878036499023, 1.5334863662719727, 1.5263155698776245, 1.4337974786758423, 1.38959538936615, 1.4310439825057983, 1.4333945512771606, 1.5419139862060547]",sae,Pre-64
1,beta,26,0.1,0.4502231978181314,0.4442488029476733,0.4596739600629719,0.5,0.5832450787939482,0.6466716591410286,30,"[0, 1, 2, 3, 4, 5, 6, 7, 8, 9, 10, 11, 12, 13, 14, 15, 16, 17, 18, 19, 20, 21, 22, 23, 24, 25, 26, 27, 28, 29]","[1.42050039768219, 1.431692361831665, 1.5943163633346558, 1.3864648342132568, 1.4573181867599487, 1.4994193315505981, 1.4857155084609985, 1.384371042251587, 1.4883204698562622, 1.4550223350524902, 1.3708771467208862, 1.5964834690093994, 1.5320314168930054, 1.4703772068023682, 1.5457571744918823, 1.4319504499435425, 1.4774802923202515, 1.3631243705749512, 1.5073715448379517, 1.457610845565796, 1.4172594547271729, 1.5712482929229736, 1.458982229232788, 1.4998044967651367, 1.5773084163665771, 1.5683867931365967, 1.4264315366744995, 1.4821534156799316, 1.294754147529602, 1.4177476167678833]",sae,Pre-64
1,beta,34,0.09,0.4568527557813058,0.4470225010708758,0.448423444547591,0.5,0.6011606799053854,0.6782594723234733,30,"[0, 1, 2, 3, 4, 5, 6, 7, 8, 9, 10, 11, 12, 13, 14, 15, 16, 17, 18, 19, 20, 21, 22, 23, 24, 25, 26, 27, 28, 29]","[1.384850025177002, 1.4697428941726685, 1.4751957654953003, 1.420397400856018, 1.3699723482131958, 1.3854169845581055, 1.4265562295913696, 1.3441871404647827, 1.34811270236969, 1.3892700672149658, 1.4443875551223755, 1.2483328580856323, 1.4553450345993042, 1.34617280960083, 1.3548145294189453, 1.3788148164749146, 1.4715923070907593, 1.4873028993606567, 1.3961248397827148, 1.3853175640106201, 1.4032193422317505, 1.4895548820495605, 1.4232752323150635, 1.447400689125061, 1.374655842781067, 1.3215147256851196, 1.5010478496551514, 1.4859613180160522, 1.4734023809432983, 1.457735300064087]",sae,Pre-64
1,beta,7,0.155,0.4564836922581216,0.4420418003909208,0.435005912630961,0.5,0.6095136152062148,0.7014046463761834,30,"[0, 1, 2, 3, 4, 5, 6, 7, 8, 9, 10, 11, 12, 13, 14, 15, 16, 17, 18, 19, 20, 21, 22, 23, 24, 25, 26, 27, 28, 29]","[1.2836426496505737, 1.3127421140670776, 1.332188367843628, 1.289881944656372, 1.3499163389205933, 1.3045426607131958, 1.2537493705749512, 1.3076621294021606, 1.3957476615905762, 1.3152287006378174, 1.2277497053146362, 1.2759281396865845, 1.2359641790390015, 1.2557711601257324, 1.4083821773529053, 1.3208599090576172, 1.2776583433151245, 1.2359520196914673, 1.3416187763214111, 1.348379373550415, 1.3047622442245483, 1.31363046169281, 1.317557454109192, 1.2671493291854858, 1.365870714187622, 1.3284692764282227, 1.3027557134628296, 1.1849735975265503, 1.387108564376831, 1.2752050161361694]",sae,Pre-64
1,beta,46,0.094,0.4545712902572906,0.4417269056853911,0.4495299215234161,0.5,0.6270377926330811,0.687816227636852,30,"[0, 1, 2, 3, 4, 5, 6, 7, 8, 9, 10, 11, 12, 13, 14, 15, 16, 17, 18, 19, 20, 21, 22, 23, 24, 25, 26, 27, 28, 29]","[1.3960320949554443, 1.4929615259170532, 1.4927301406860352, 1.4821463823318481, 1.4012211561203003, 1.5271433591842651, 1.4174926280975342, 1.5349994897842407, 1.4759653806686401, 1.5778974294662476, 1.2981876134872437, 1.410435676574707, 1.5413169860839844, 1.3932747840881348, 1.4584918022155762, 1.5370657444000244, 1.4732416868209839, 1.4885884523391724, 1.5469012260437012, 1.5313200950622559, 1.451020359992981, 1.4492079019546509, 1.481947422027588, 1.4799262285232544, 1.4903277158737183, 1.5008598566055298, 1.4694355726242065, 1.5279333591461182, 1.4524903297424316, 1.4730883836746216]",sae,Pre-64
1,beta,14,0.125,0.4467366851483266,0.4421697276018216,0.4298047859339474,0.5,0.5934222168898753,0.6982858171238321,30,"[0, 1, 2, 3, 4, 5, 6, 7, 8, 9, 10, 11, 12, 13, 14, 15, 16, 17, 18, 19, 20, 21, 22, 23, 24, 25, 26, 27, 28, 29]","[1.3356094360351562, 1.2257459163665771, 1.293553113937378, 1.318712592124939, 1.3462646007537842, 1.3109909296035767, 1.3045960664749146, 1.3830915689468384, 1.3089996576309204, 1.362016201019287, 1.265856146812439, 1.2126452922821045, 1.2363570928573608, 1.359924554824829, 1.363610863685608, 1.313349962234497, 1.383399248123169, 1.3740341663360596, 1.299678921699524, 1.2949988842010498, 1.3365368843078613, 1.3157507181167603, 1.371738076210022, 1.2662369012832642, 1.376063346862793, 1.371168851852417, 1.3063714504241943, 1.3765664100646973, 1.3622022867202759, 1.251802682876587]",sae,Pre-64
1,beta,36,0.086,0.4642138821845151,0.4576483090311837,0.4619549013436232,0.5,0.6031055233182893,0.6742569455335412,30,"[0, 1, 2, 3, 4, 5, 6, 7, 8, 9, 10, 11, 12, 13, 14, 15, 16, 17, 18, 19, 20, 21, 22, 23, 24, 25, 26, 27, 28, 29]","[1.5156701803207397, 1.5070912837982178, 1.4270247220993042, 1.5081863403320312, 1.3855901956558228, 1.536643624305725, 1.433988094329834, 1.4784795045852661, 1.5488923788070679, 1.4016386270523071, 1.4359371662139893, 1.5377508401870728, 1.4271987676620483, 1.4629485607147217, 1.4734456539154053, 1.5510129928588867, 1.5032438039779663, 1.4870100021362305, 1.5458511114120483, 1.4197231531143188, 1.4616907835006714, 1.4517725706100464, 1.4572330713272095, 1.433769702911377, 1.5308334827423096, 1.5116149187088013, 1.4429508447647095, 1.4934053421020508, 1.5285015106201172, 1.4220960140228271]",sae,Pre-64
1,beta,8,0.086,0.4517491928182039,0.4406431065890545,0.4394521077462184,0.5,0.6098144493254953,0.6783514781095478,30,"[0, 1, 2, 3, 4, 5, 6, 7, 8, 9, 10, 11, 12, 13, 14, 15, 16, 17, 18, 19, 20, 21, 22, 23, 24, 25, 26, 27, 28, 29]","[1.3880857229232788, 1.4999037981033325, 1.4166842699050903, 1.4477909803390503, 1.508782982826233, 1.444191575050354, 1.4926643371582031, 1.4048283100128174, 1.4511712789535522, 1.5004040002822876, 1.50858473777771, 1.4324231147766113, 1.4159613847732544, 1.4489885568618774, 1.477872610092163, 1.3933982849121094, 1.415097713470459, 1.451045274734497, 1.3616368770599365, 1.431183934211731, 1.404092788696289, 1.3798506259918213, 1.4833139181137085, 1.4157602787017822, 1.4828715324401855, 1.4869470596313477, 1.3845818042755127, 1.4825823307037354, 1.453460931777954, 1.4536198377609253]",sae,Pre-64
1,beta,41,0.1,0.4543678569363413,0.4427951465832617,0.4506578200421178,0.5,0.6190905384235713,0.6750974627495583,30,"[0, 1, 2, 3, 4, 5, 6, 7, 8, 9, 10, 11, 12, 13, 14, 15, 16, 17, 18, 19, 20, 21, 22, 23, 24, 25, 26, 27, 28, 29]","[1.3021318912506104, 1.3613970279693604, 1.270721197128296, 1.2423681020736694, 1.2383755445480347, 1.4084957838058472, 1.2858668565750122, 1.333666205406189, 1.3084115982055664, 1.3742759227752686, 1.3705676794052124, 1.330200433731079, 1.3381445407867432, 1.3828340768814087, 1.3868720531463623, 1.3194193840026855, 1.280165195465088, 1.3372085094451904, 1.3350623846054077, 1.342612862586975, 1.2540645599365234, 1.3091681003570557, 1.3239505290985107, 1.3309576511383057, 1.3267794847488403, 1.307219386100769, 1.3620175123214722, 1.3702160120010376, 1.3249568939208984, 1.2782158851623535]",sae,Pre-64
1,beta,37,0.095,0.4546908257221888,0.444978337644671,0.4309999190029502,0.5,0.6058579085235571,0.7187850822660278,30,"[0, 1, 2, 3, 4, 5, 6, 7, 8, 9, 10, 11, 12, 13, 14, 15, 16, 17, 18, 19, 20, 21, 22, 23, 24, 25, 26, 27, 28, 29]","[1.3582420349121094, 1.4268122911453247, 1.4031254053115845, 1.3778504133224487, 1.3206263780593872, 1.4313304424285889, 1.375717043876648, 1.4627612829208374, 1.5056456327438354, 1.429247260093689, 1.3989943265914917, 1.4021581411361694, 1.4367687702178955, 1.4124239683151245, 1.4688094854354858, 1.416263461112976, 1.3947980403900146, 1.45330011844635, 1.4093806743621826, 1.414262294769287, 1.4318320751190186, 1.4390538930892944, 1.4712461233139038, 1.4500449895858765, 1.41728675365448, 1.458648681640625, 1.41252863407135, 1.436358094215393, 1.4521809816360474, 1.468511700630188]",sae,Pre-64
1,beta,36,0.12,0.4642138821845151,0.4576483090311837,0.4580699984175773,0.5,0.6031055233182893,0.674846509952893,30,"[0, 1, 2, 3, 4, 5, 6, 7, 8, 9, 10, 11, 12, 13, 14, 15, 16, 17, 18, 19, 20, 21, 22, 23, 24, 25, 26, 27, 28, 29]","[1.3580154180526733, 1.3302314281463623, 1.2976617813110352, 1.3484090566635132, 1.2348626852035522, 1.3715159893035889, 1.310258388519287, 1.3448967933654785, 1.3820382356643677, 1.2432397603988647, 1.2842624187469482, 1.3849953413009644, 1.2887516021728516, 1.309363603591919, 1.335404872894287, 1.3886305093765259, 1.3498510122299194, 1.3249995708465576, 1.3792352676391602, 1.283828616142273, 1.333656907081604, 1.3055778741836548, 1.3228707313537598, 1.2985107898712158, 1.373409390449524, 1.343328833580017, 1.3112764358520508, 1.3228914737701416, 1.369598150253296, 1.2793571949005127]",sae,Pre-64
1,beta,29,0.088,0.4558655961502112,0.4409050416793991,0.4552670197298423,0.5,0.6296548282533407,0.6719212457533519,30,"[0, 1, 2, 3, 4, 5, 6, 7, 8, 9, 10, 11, 12, 13, 14, 15, 16, 17, 18, 19, 20, 21, 22, 23, 24, 25, 26, 27, 28, 29]","[1.3910448551177979, 1.351826548576355, 1.1714451313018799, 1.4555834531784058, 1.3830920457839966, 1.356056809425354, 1.4706405401229858, 1.35187828540802, 1.4377388954162598, 1.4614301919937134, 1.3843694925308228, 1.429491639137268, 1.4464173316955566, 1.4237293004989624, 1.402916431427002, 1.4227404594421387, 1.3537381887435913, 1.3856914043426514, 1.3517976999282837, 1.394715428352356, 1.4730061292648315, 1.4889740943908691, 1.3775933980941772, 1.3902255296707153, 1.401355504989624, 1.3261233568191528, 1.3855626583099365, 1.468063473701477, 1.508754014968872, 1.3601549863815308]",sae,Pre-64
1,beta,28,0.125,0.4589844236982603,0.4495627040154577,0.439544990262402,0.5,0.5987249917034086,0.6969684848053856,30,"[0, 1, 2, 3, 4, 5, 6, 7, 8, 9, 10, 11, 12, 13, 14, 15, 16, 17, 18, 19, 20, 21, 22, 23, 24, 25, 26, 27, 28, 29]","[1.3331786394119263, 1.2358858585357666, 1.2073723077774048, 1.4256103038787842, 1.3790607452392578, 1.3772677183151245, 1.317417025566101, 1.2735753059387207, 1.3751765489578247, 1.3983750343322754, 1.3424279689788818, 1.3665348291397095, 1.3991680145263672, 1.4134421348571777, 1.336842656135559, 1.3049758672714233, 1.335823893547058, 1.3884832859039307, 1.3571569919586182, 1.3630081415176392, 1.3087550401687622, 1.3181369304656982, 1.3073283433914185, 1.259300947189331, 1.298073649406433, 1.3818633556365967, 1.4297468662261963, 1.32003653049469, 1.2987979650497437, 1.302437663078308]",sae,Pre-64
1,beta,23,0.145,0.4478205607315014,0.4344954522622479,0.4317269217414636,0.5,0.6150139710231751,0.6708420888608511,30,"[0, 1, 2, 3, 4, 5, 6, 7, 8, 9, 10, 11, 12, 13, 14, 15, 16, 17, 18, 19, 20, 21, 22, 23, 24, 25, 26, 27, 28, 29]","[1.2236008644104004, 1.2536951303482056, 1.215696096420288, 1.3416075706481934, 1.1527372598648071, 1.2242906093597412, 1.3202604055404663, 1.2634634971618652, 1.2192449569702148, 1.3445483446121216, 1.3364404439926147, 1.2944929599761963, 1.2837773561477661, 1.167606234550476, 1.2815196514129639, 1.336410641670227, 1.068381428718567, 1.2667829990386963, 1.2141103744506836, 1.2294479608535767, 1.332875370979309, 1.3484829664230347, 1.2182244062423706, 1.3433279991149902, 1.3300518989562988, 1.2751939296722412, 1.2363663911819458, 1.2226847410202026, 1.257844090461731, 1.3490086793899536]",sae,Pre-64
1,beta,19,0.165,0.4469965829377276,0.435497383761294,0.4126882780877415,0.5,0.6104665954706788,0.7118462794861324,30,"[0, 1, 2, 3, 4, 5, 6, 7, 8, 9, 10, 11, 12, 13, 14, 15, 16, 17, 18, 19, 20, 21, 22, 23, 24, 25, 26, 27, 28, 29]","[1.250022053718567, 1.2596551179885864, 1.3305983543395996, 1.2793039083480835, 1.1835285425186157, 1.2026814222335815, 1.247774362564087, 1.3106803894042969, 1.231979250907898, 1.3271760940551758, 1.3134088516235352, 1.3468661308288574, 1.2482411861419678, 1.2594527006149292, 1.1639180183410645, 1.1874172687530518, 1.3191803693771362, 1.3517619371414185, 1.203730583190918, 1.2369202375411987, 1.3600651025772095, 1.2455675601959229, 1.238508701324463, 1.2402178049087524, 1.239534854888916, 1.3229666948318481, 1.3428583145141602, 1.264546275138855, 1.2080127000808716, 1.2194805145263672]",sae,Pre-64
1,beta,8,0.12,0.4517491928182039,0.4406431065890545,0.4376481861105676,0.5,0.6098144493254953,0.677311602045797,30,"[0, 1, 2, 3, 4, 5, 6, 7, 8, 9, 10, 11, 12, 13, 14, 15, 16, 17, 18, 19, 20, 21, 22, 23, 24, 25, 26, 27, 28, 29]","[1.2537765502929688, 1.3584102392196655, 1.296310305595398, 1.3222095966339111, 1.3773940801620483, 1.3107354640960693, 1.3594716787338257, 1.2845780849456787, 1.3356581926345825, 1.3601579666137695, 1.3780046701431274, 1.306998372077942, 1.3089118003845215, 1.3350557088851929, 1.3493881225585938, 1.2753324508666992, 1.2991454601287842, 1.3224830627441406, 1.2454807758331299, 1.2927225828170776, 1.2784661054611206, 1.2587494850158691, 1.3601996898651123, 1.2912541627883911, 1.3511005640029907, 1.3538167476654053, 1.2609450817108154, 1.3541383743286133, 1.3210163116455078, 1.3083125352859497]",sae,Pre-64
1,beta,5,0.105,0.4445517550333296,0.4301735816232515,0.4289923680466915,0.5,0.6070910659257547,0.683153835094979,30,"[0, 1, 2, 3, 4, 5, 6, 7, 8, 9, 10, 11, 12, 13, 14, 15, 16, 17, 18, 19, 20, 21, 22, 23, 24, 25, 26, 27, 28, 29]","[1.34776771068573, 1.2487928867340088, 1.2512168884277344, 1.3670587539672852, 1.3658274412155151, 1.2976356744766235, 1.2976335287094116, 1.2792649269104004, 1.3373818397521973, 1.2648721933364868, 1.3509701490402222, 1.3692684173583984, 1.29795241355896, 1.3013118505477905, 1.3796801567077637, 1.3236726522445679, 1.328682541847229, 1.3561617136001587, 1.2383701801300049, 1.3046125173568726, 1.3809261322021484, 1.3118236064910889, 1.3735334873199463, 1.262049674987793, 1.3033254146575928, 1.379736304283142, 1.2485090494155884, 1.280160903930664, 1.3589273691177368, 1.3049598932266235]",sae,Pre-64
1,beta,45,0.115,0.4515599815008028,0.4347157609968581,0.4442523751965486,0.5,0.6289673345145609,0.6751518180303788,30,"[0, 1, 2, 3, 4, 5, 6, 7, 8, 9, 10, 11, 12, 13, 14, 15, 16, 17, 18, 19, 20, 21, 22, 23, 24, 25, 26, 27, 28, 29]","[1.3806958198547363, 1.372796654701233, 1.28508722782135, 1.4323607683181763, 1.4289965629577637, 1.2637412548065186, 1.4471704959869385, 1.3976249694824219, 1.3153334856033325, 1.2670872211456299, 1.3597817420959473, 1.4386584758758545, 1.3925888538360596, 1.2978585958480835, 1.324057936668396, 1.3510966300964355, 1.348717212677002, 1.2158688306808472, 1.3640762567520142, 1.3656327724456787, 1.3880829811096191, 1.302775502204895, 1.3954260349273682, 1.2436957359313965, 1.2357888221740723, 1.4268310070037842, 1.3074560165405273, 1.319167137145996, 1.2366271018981934, 1.43544340133667]",sae,Pre-64
1,beta,33,0.105,0.4492211383258522,0.4377959816952598,0.427072422151825,0.5,0.6165210074526608,0.6947831374711864,30,"[0, 1, 2, 3, 4, 5, 6, 7, 8, 9, 10, 11, 12, 13, 14, 15, 16, 17, 18, 19, 20, 21, 22, 23, 24, 25, 26, 27, 28, 29]","[1.3328638076782227, 1.4087893962860107, 1.3655848503112793, 1.3410564661026, 1.2979371547698975, 1.430798053741455, 1.2898728847503662, 1.4022191762924194, 1.4080348014831543, 1.4064031839370728, 1.3516806364059448, 1.4091012477874756, 1.3512638807296753, 1.3095245361328125, 1.3062001466751099, 1.3992410898208618, 1.3224400281906128, 1.3298224210739136, 1.4105466604232788, 1.4070419073104858, 1.3369970321655273, 1.2897343635559082, 1.4264155626296997, 1.380960464477539, 1.4249294996261597, 1.3103898763656616, 1.3293039798736572, 1.3121939897537231, 1.277564287185669, 1.3342890739440918]",sae,Pre-64
1,beta,47,0.165,0.4460371044958436,0.4257646434940195,0.4038360844656299,0.5,0.6434257056516428,0.7299395614993892,30,"[0, 1, 2, 3, 4, 5, 6, 7, 8, 9, 10, 11, 12, 13, 14, 15, 16, 17, 18, 19, 20, 21, 22, 23, 24, 25, 26, 27, 28, 29]","[1.3220367431640625, 1.1736103296279907, 1.1991941928863525, 1.1897889375686646, 1.2710944414138794, 1.3102123737335205, 1.2691713571548462, 1.2435202598571777, 1.2557272911071777, 1.2169644832611084, 1.2179982662200928, 1.1418200731277466, 1.19658362865448, 1.324657678604126, 1.1456780433654785, 1.2676749229431152, 1.195109486579895, 1.2742000818252563, 1.117083191871643, 1.1724486351013184, 1.2066161632537842, 1.2561044692993164, 1.2581950426101685, 1.1766585111618042, 1.2609082460403442, 1.137647271156311, 1.124637484550476, 1.2416859865188599, 1.1852716207504272, 1.2449957132339478]",sae,Pre-64
1,beta,21,0.098,0.4504746503440228,0.4381370334360364,0.4378072307032689,0.5,0.6200058082774133,0.6874915038495285,30,"[0, 1, 2, 3, 4, 5, 6, 7, 8, 9, 10, 11, 12, 13, 14, 15, 16, 17, 18, 19, 20, 21, 22, 23, 24, 25, 26, 27, 28, 29]","[1.388015866279602, 1.4348772764205933, 1.5526939630508423, 1.5494749546051025, 1.5196595191955566, 1.5084749460220337, 1.4311562776565552, 1.4379994869232178, 1.5337094068527222, 1.463396430015564, 1.5323446989059448, 1.5310355424880981, 1.4254356622695923, 1.4443303346633911, 1.4359077215194702, 1.4399387836456299, 1.4463051557540894, 1.4502284526824951, 1.3830901384353638, 1.542117953300476, 1.3834952116012573, 1.5558733940124512, 1.376954197883606, 1.3913521766662598, 1.448948860168457, 1.4006527662277222, 1.3605396747589111, 1.4264930486679077, 1.5112292766571045, 1.4911059141159058]",sae,Pre-64
1,beta,41,0.195,0.4543678569363413,0.4427951465832617,0.4468054757355147,0.5,0.6190905384235713,0.6738671073055931,30,"[0, 1, 2, 3, 4, 5, 6, 7, 8, 9, 10, 11, 12, 13, 14, 15, 16, 17, 18, 19, 20, 21, 22, 23, 24, 25, 26, 27, 28, 29]","[1.2566274404525757, 1.3103359937667847, 1.2076246738433838, 1.198094129562378, 1.18022620677948, 1.3526479005813599, 1.2343260049819946, 1.2808223962783813, 1.2593387365341187, 1.3158698081970215, 1.3171159029006958, 1.2778767347335815, 1.2853409051895142, 1.3243470191955566, 1.3324278593063354, 1.2726224660873413, 1.2227084636688232, 1.2830162048339844, 1.2726523876190186, 1.2923654317855835, 1.2008191347122192, 1.263274073600769, 1.277114987373352, 1.2795591354370117, 1.2759647369384766, 1.2611052989959717, 1.3081928491592407, 1.3134243488311768, 1.2691174745559692, 1.2183533906936646]",sae,Pre-64
1,beta,15,0.096,0.4529015220185267,0.4424399871594601,0.4354241202445034,0.5,0.6161071485640408,0.7111259605746744,30,"[0, 1, 2, 3, 4, 5, 6, 7, 8, 9, 10, 11, 12, 13, 14, 15, 16, 17, 18, 19, 20, 21, 22, 23, 24, 25, 26, 27, 28, 29]","[1.397029161453247, 1.3675107955932617, 1.408618450164795, 1.4085851907730103, 1.4831831455230713, 1.379360556602478, 1.3739869594573975, 1.3982425928115845, 1.4566733837127686, 1.454423189163208, 1.4425301551818848, 1.3572399616241455, 1.5159308910369873, 1.4594939947128296, 1.3502469062805176, 1.4256417751312256, 1.3634076118469238, 1.5090317726135254, 1.3481175899505615, 1.4152024984359741, 1.5020432472229004, 1.4692445993423462, 1.3903884887695312, 1.4285200834274292, 1.3979400396347046, 1.280248999595642, 1.4716216325759888, 1.516247034072876, 1.4135632514953613, 1.409764051437378]",sae,Pre-64
1,beta,12,0.092,0.4455148672091349,0.4361346773072694,0.4119753868357237,0.5,0.5892778403611032,0.7320301459463924,30,"[0, 1, 2, 3, 4, 5, 6, 7, 8, 9, 10, 11, 12, 13, 14, 15, 16, 17, 18, 19, 20, 21, 22, 23, 24, 25, 26, 27, 28, 29]","[1.3710092306137085, 1.4786626100540161, 1.3877993822097778, 1.2875618934631348, 1.475876808166504, 1.4116935729980469, 1.4053369760513306, 1.4574865102767944, 1.492811918258667, 1.363784670829773, 1.3656102418899536, 1.533951759338379, 1.3920880556106567, 1.4645360708236694, 1.3497625589370728, 1.537650227546692, 1.3222324848175049, 1.5160741806030273, 1.4375909566879272, 1.5302002429962158, 1.493973970413208, 1.4404813051223755, 1.3920413255691528, 1.5363298654556274, 1.5138487815856934, 1.3826006650924683, 1.514357566833496, 1.459446668624878, 1.4129475355148315, 1.5448474884033203]",sae,Pre-64
1,beta,48,0.13,0.4556814132376,0.4510566266980289,0.4850665047854663,0.5,0.5923878577171784,0.5888956207603366,30,"[0, 1, 2, 3, 4, 5, 6, 7, 8, 9, 10, 11, 12, 13, 14, 15, 16, 17, 18, 19, 20, 21, 22, 23, 24, 25, 26, 27, 28, 29]","[1.4215959310531616, 1.368343710899353, 1.3563494682312012, 1.3424354791641235, 1.3224453926086426, 1.2859231233596802, 1.3625001907348633, 1.2773773670196533, 1.3247034549713135, 1.3198820352554321, 1.376546025276184, 1.3323591947555542, 1.3366953134536743, 1.3263956308364868, 1.2891911268234253, 1.369886875152588, 1.3616154193878174, 1.364284873008728, 1.3969762325286865, 1.236499547958374, 1.3236515522003174, 1.3951462507247925, 1.399065613746643, 1.2323315143585205, 1.3344258069992065, 1.3701820373535156, 1.401430368423462, 1.3758431673049927, 1.3299705982208252, 1.353872299194336]",sae,Pre-64
1,beta,35,0.19,0.4566193215888805,0.4379483378046387,0.4291675369321771,0.5,0.637290178651746,0.71226364176097,30,"[0, 1, 2, 3, 4, 5, 6, 7, 8, 9, 10, 11, 12, 13, 14, 15, 16, 17, 18, 19, 20, 21, 22, 23, 24, 25, 26, 27, 28, 29]","[1.2325198650360107, 1.2746548652648926, 1.3444136381149292, 1.2913627624511719, 1.276847243309021, 1.2635221481323242, 1.2041077613830566, 1.3624347448349, 1.365378975868225, 1.2883057594299316, 1.32942795753479, 1.2205657958984375, 1.2820061445236206, 1.1708143949508667, 1.2721139192581177, 1.228083848953247, 1.3421714305877686, 1.216935396194458, 1.3146950006484985, 1.2113540172576904, 1.2313990592956543, 1.2249290943145752, 1.255810260772705, 1.190564513206482, 1.245260238647461, 1.2789263725280762, 1.252983570098877, 1.3200279474258423, 1.3304352760314941, 1.3000855445861816]",sae,Pre-64
1,beta,13,0.195,0.4619123366083722,0.4531466051409948,0.4367075282311671,0.5,0.6127276801885291,0.7078491260660782,30,"[0, 1, 2, 3, 4, 5, 6, 7, 8, 9, 10, 11, 12, 13, 14, 15, 16, 17, 18, 19, 20, 21, 22, 23, 24, 25, 26, 27, 28, 29]","[1.3735753297805786, 1.1878609657287598, 1.3567302227020264, 1.2980719804763794, 1.270912766456604, 1.3596652746200562, 1.3001457452774048, 1.3046151399612427, 1.3228440284729004, 1.3052122592926025, 1.3682384490966797, 1.297328233718872, 1.311684250831604, 1.335076928138733, 1.3328816890716553, 1.264474630355835, 1.2516142129898071, 1.3279682397842407, 1.2949155569076538, 1.2966166734695435, 1.2688020467758179, 1.2237780094146729, 1.2472846508026123, 1.2733615636825562, 1.2891912460327148, 1.2453954219818115, 1.2882877588272095, 1.2601401805877686, 1.3030121326446533, 1.3048491477966309]",sae,Pre-64
1,beta,46,0.14,0.4545712902572906,0.4417269056853911,0.4477523753765065,0.5,0.6270377926330811,0.686183855051017,30,"[0, 1, 2, 3, 4, 5, 6, 7, 8, 9, 10, 11, 12, 13, 14, 15, 16, 17, 18, 19, 20, 21, 22, 23, 24, 25, 26, 27, 28, 29]","[1.2622907161712646, 1.3471508026123047, 1.3530298471450806, 1.352410912513733, 1.279458999633789, 1.3888262510299683, 1.2843624353408813, 1.3772661685943604, 1.334649682044983, 1.4165539741516113, 1.158730149269104, 1.2716377973556519, 1.4056313037872314, 1.2632875442504883, 1.3265962600708008, 1.3886162042617798, 1.3401790857315063, 1.3571010828018188, 1.3821229934692383, 1.3915938138961792, 1.3087059259414673, 1.3195369243621826, 1.354491949081421, 1.3419276475906372, 1.3636902570724487, 1.3648967742919922, 1.3342092037200928, 1.3895609378814697, 1.3224700689315796, 1.3375074863433838]",sae,Pre-64
1,beta,48,0.19,0.4556814132376,0.4510566266980289,0.4821394584046517,0.5,0.5923878577171784,0.5888871272776689,30,"[0, 1, 2, 3, 4, 5, 6, 7, 8, 9, 10, 11, 12, 13, 14, 15, 16, 17, 18, 19, 20, 21, 22, 23, 24, 25, 26, 27, 28, 29]","[1.4200783967971802, 1.3668233156204224, 1.3548294305801392, 1.340914011001587, 1.3209254741668701, 1.2843952178955078, 1.3609790802001953, 1.2758598327636719, 1.323179006576538, 1.3183550834655762, 1.375029444694519, 1.3308401107788086, 1.3351737260818481, 1.3248748779296875, 1.2876636981964111, 1.3683693408966064, 1.360105037689209, 1.3627699613571167, 1.3954554796218872, 1.2349815368652344, 1.3221278190612793, 1.393632173538208, 1.3975491523742676, 1.2308130264282227, 1.3329071998596191, 1.3686707019805908, 1.3999141454696655, 1.3743337392807007, 1.3284510374069214, 1.3523513078689575]",sae,Pre-64
1,beta,35,0.098,0.4566193215888805,0.4379483378046387,0.4310819885983384,0.5,0.637290178651746,0.7134720448098639,30,"[0, 1, 2, 3, 4, 5, 6, 7, 8, 9, 10, 11, 12, 13, 14, 15, 16, 17, 18, 19, 20, 21, 22, 23, 24, 25, 26, 27, 28, 29]","[1.30930757522583, 1.3608176708221436, 1.4239237308502197, 1.367369294166565, 1.3612598180770874, 1.3404808044433594, 1.2820115089416504, 1.4452495574951172, 1.4559612274169922, 1.3687586784362793, 1.4167888164520264, 1.2972326278686523, 1.3587528467178345, 1.2530914545059204, 1.3502373695373535, 1.3056448698043823, 1.4299910068511963, 1.2883892059326172, 1.389939785003662, 1.294218897819519, 1.3099651336669922, 1.3017830848693848, 1.3283888101577759, 1.2856448888778687, 1.3290622234344482, 1.3611445426940918, 1.3285443782806396, 1.3936960697174072, 1.4232838153839111, 1.3815326690673828]",sae,Pre-64
1,beta,40,0.092,0.44666181227492,0.4340193094910912,0.431631338442505,0.5,0.6093636266731638,0.6690797788911056,30,"[0, 1, 2, 3, 4, 5, 6, 7, 8, 9, 10, 11, 12, 13, 14, 15, 16, 17, 18, 19, 20, 21, 22, 23, 24, 25, 26, 27, 28, 29]","[1.3762091398239136, 1.3201466798782349, 1.3160679340362549, 1.258399486541748, 1.2915784120559692, 1.3210763931274414, 1.3208881616592407, 1.3341410160064697, 1.3478007316589355, 1.3550642728805542, 1.2942273616790771, 1.3029921054840088, 1.369968295097351, 1.2563023567199707, 1.2754178047180176, 1.3860878944396973, 1.2895060777664185, 1.323627233505249, 1.2741581201553345, 1.2727125883102417, 1.2774957418441772, 1.290604591369629, 1.3482235670089722, 1.3116919994354248, 1.3601319789886475, 1.289835810661316, 1.3535348176956177, 1.2533408403396606, 1.3960353136062622, 1.278133511543274]",sae,Pre-64
1,beta,18,0.094,0.4575117633693479,0.4471831599677374,0.4223072345569677,0.5,0.6052065040104606,0.730648402300236,30,"[0, 1, 2, 3, 4, 5, 6, 7, 8, 9, 10, 11, 12, 13, 14, 15, 16, 17, 18, 19, 20, 21, 22, 23, 24, 25, 26, 27, 28, 29]","[1.2537258863449097, 1.403665542602539, 1.4324069023132324, 1.3561968803405762, 1.3624697923660278, 1.372423529624939, 1.5394805669784546, 1.3358646631240845, 1.418510913848877, 1.3119621276855469, 1.5048903226852417, 1.4053359031677246, 1.4319055080413818, 1.4460554122924805, 1.3662313222885132, 1.315343976020813, 1.4373900890350342, 1.3619192838668823, 1.3436765670776367, 1.2748640775680542, 1.5230365991592407, 1.3422619104385376, 1.4554845094680786, 1.4182826280593872, 1.405086874961853, 1.3853309154510498, 1.4164252281188965, 1.4520307779312134, 1.4265950918197632, 1.3704845905303955]",sae,Pre-64
1,beta,34,0.13,0.4568527557813058,0.4470225010708758,0.4459648039491335,0.5,0.6011606799053854,0.6769826954756935,30,"[0, 1, 2, 3, 4, 5, 6, 7, 8, 9, 10, 11, 12, 13, 14, 15, 16, 17, 18, 19, 20, 21, 22, 23, 24, 25, 26, 27, 28, 29]","[1.3132352828979492, 1.3965269327163696, 1.3995975255966187, 1.3490971326828003, 1.308979868888855, 1.3141728639602661, 1.3509272336959839, 1.2648626565933228, 1.285483956336975, 1.318633794784546, 1.3716135025024414, 1.1773699522018433, 1.3792579174041748, 1.2663954496383667, 1.2798612117767334, 1.3085542917251587, 1.3927900791168213, 1.4148439168930054, 1.3296194076538086, 1.3059773445129395, 1.3315210342407227, 1.4140739440917969, 1.3461204767227173, 1.3630138635635376, 1.3101727962493896, 1.2542059421539307, 1.4280376434326172, 1.4095512628555298, 1.4005215167999268, 1.3800100088119507]",sae,Pre-64
1,beta,24,0.11,0.4501416387440968,0.4383559369047743,0.44621284551913,0.5,0.6188330126613704,0.6402665714995035,30,"[0, 1, 2, 3, 4, 5, 6, 7, 8, 9, 10, 11, 12, 13, 14, 15, 16, 17, 18, 19, 20, 21, 22, 23, 24, 25, 26, 27, 28, 29]","[1.3205422163009644, 1.266260027885437, 1.282490611076355, 1.3339546918869019, 1.3415518999099731, 1.2796239852905273, 1.277166485786438, 1.2782502174377441, 1.3000775575637817, 1.1693280935287476, 1.3046929836273193, 1.2527735233306885, 1.3248944282531738, 1.3286255598068237, 1.2735424041748047, 1.25278639793396, 1.3450621366500854, 1.1446285247802734, 1.258802890777588, 1.3464207649230957, 1.3243434429168701, 1.3351620435714722, 1.2775682210922241, 1.3003355264663696, 1.244460105895996, 1.205356240272522, 1.2911101579666138, 1.2493985891342163, 1.3470613956451416, 1.2681001424789429]",sae,Pre-64
1,beta,2,0.096,0.4419681213812466,0.4306250660512843,0.4254942985706292,0.5,0.6028191218064636,0.6887519126443178,30,"[0, 1, 2, 3, 4, 5, 6, 7, 8, 9, 10, 11, 12, 13, 14, 15, 16, 17, 18, 19, 20, 21, 22, 23, 24, 25, 26, 27, 28, 29]","[1.3020408153533936, 1.3156380653381348, 1.297389030456543, 1.3595130443572998, 1.3018025159835815, 1.3792330026626587, 1.3200252056121826, 1.3301723003387451, 1.269266128540039, 1.2809193134307861, 1.3192009925842285, 1.2750396728515625, 1.3355190753936768, 1.3858730792999268, 1.3573319911956787, 1.3136231899261475, 1.3648093938827515, 1.4166553020477295, 1.4096765518188477, 1.3880548477172852, 1.317001223564148, 1.3099149465560913, 1.3739535808563232, 1.377317190170288, 1.304742693901062, 1.3065273761749268, 1.3555294275283813, 1.3357313871383667, 1.1574047803878784, 1.4119852781295776]",sae,Pre-64
1,beta,14,0.088,0.4467366851483266,0.4421697276018216,0.4320184081447121,0.5,0.5934222168898753,0.6975989441953239,30,"[0, 1, 2, 3, 4, 5, 6, 7, 8, 9, 10, 11, 12, 13, 14, 15, 16, 17, 18, 19, 20, 21, 22, 23, 24, 25, 26, 27, 28, 29]","[1.407170295715332, 1.2920136451721191, 1.3700366020202637, 1.3941688537597656, 1.4195314645767212, 1.3812825679779053, 1.366472601890564, 1.4643688201904297, 1.383781909942627, 1.4433629512786865, 1.3420917987823486, 1.3001028299331665, 1.3205757141113281, 1.4429601430892944, 1.43644380569458, 1.388122320175171, 1.4639325141906738, 1.45883309841156, 1.3789117336273193, 1.3763562440872192, 1.4023029804229736, 1.3936735391616821, 1.4522953033447266, 1.339737057685852, 1.4524140357971191, 1.452407956123352, 1.3908319473266602, 1.4598337411880493, 1.4456621408462524, 1.3422579765319824]",sae,Pre-64
1,beta,2,0.15,0.4419681213812466,0.4306250660512843,0.4222102422680804,0.5,0.6028191218064636,0.6887461167524458,30,"[0, 1, 2, 3, 4, 5, 6, 7, 8, 9, 10, 11, 12, 13, 14, 15, 16, 17, 18, 19, 20, 21, 22, 23, 24, 25, 26, 27, 28, 29]","[1.298440933227539, 1.3120505809783936, 1.293812870979309, 1.3559138774871826, 1.298216700553894, 1.3756524324417114, 1.3164291381835938, 1.326575756072998, 1.2656582593917847, 1.2773115634918213, 1.3156135082244873, 1.271415114402771, 1.3319222927093506, 1.3823013305664062, 1.3537403345108032, 1.310033917427063, 1.3612360954284668, 1.4130699634552002, 1.4061003923416138, 1.3844656944274902, 1.3134013414382935, 1.3063300848007202, 1.3703640699386597, 1.3737448453903198, 1.3011506795883179, 1.3029569387435913, 1.3519388437271118, 1.3321243524551392, 1.153788685798645, 1.4084081649780273]",sae,Pre-64
1,beta,7,0.13,0.4564836922581216,0.4420418003909208,0.4350201625097491,0.5,0.6095136152062148,0.7013987488370789,30,"[0, 1, 2, 3, 4, 5, 6, 7, 8, 9, 10, 11, 12, 13, 14, 15, 16, 17, 18, 19, 20, 21, 22, 23, 24, 25, 26, 27, 28, 29]","[1.2844048738479614, 1.3135054111480713, 1.332948923110962, 1.2906428575515747, 1.3506789207458496, 1.3053038120269775, 1.254509449005127, 1.308421015739441, 1.396507978439331, 1.3159879446029663, 1.2285077571868896, 1.2766931056976318, 1.236725926399231, 1.2565302848815918, 1.4091438055038452, 1.321622371673584, 1.2784223556518555, 1.2367125749588013, 1.3423781394958496, 1.3491411209106445, 1.3055251836776733, 1.3143928050994873, 1.3183174133300781, 1.267907977104187, 1.3666346073150635, 1.329227328300476, 1.3035203218460083, 1.1857343912124634, 1.387869119644165, 1.2759639024734497]",sae,Pre-64
1,beta,31,0.175,0.4497611378811508,0.4308970333737342,0.4276343973449156,0.5,0.642735734520437,0.7085231543042145,30,"[0, 1, 2, 3, 4, 5, 6, 7, 8, 9, 10, 11, 12, 13, 14, 15, 16, 17, 18, 19, 20, 21, 22, 23, 24, 25, 26, 27, 28, 29]","[1.2929067611694336, 1.2755321264266968, 1.22756028175354, 1.2186720371246338, 1.2927781343460083, 1.318993091583252, 1.2329269647598267, 1.2947958707809448, 1.2757580280303955, 1.282206654548645, 1.280097246170044, 1.2901337146759033, 1.3175426721572876, 1.1599916219711304, 1.3345357179641724, 1.274905800819397, 1.282278299331665, 1.266257405281067, 1.2839239835739136, 1.2432019710540771, 1.3377172946929932, 1.2947251796722412, 1.3244661092758179, 1.3111449480056763, 1.2829830646514893, 1.2932522296905518, 1.2053788900375366, 1.3415676355361938, 1.2302889823913574, 1.3133550882339478]",sae,Pre-64
1,beta,47,0.105,0.4460371044958436,0.4257646434940195,0.4051327380718708,0.5,0.6434257056516428,0.7317864720632676,30,"[0, 1, 2, 3, 4, 5, 6, 7, 8, 9, 10, 11, 12, 13, 14, 15, 16, 17, 18, 19, 20, 21, 22, 23, 24, 25, 26, 27, 28, 29]","[1.4609183073043823, 1.3018769025802612, 1.312958836555481, 1.3264808654785156, 1.4090549945831299, 1.446623682975769, 1.3958275318145752, 1.408129334449768, 1.4010767936706543, 1.3394919633865356, 1.3432579040527344, 1.2749886512756348, 1.3223004341125488, 1.4614704847335815, 1.2943114042282104, 1.4204351902008057, 1.340813398361206, 1.4065698385238647, 1.2495088577270508, 1.2933467626571655, 1.3391475677490234, 1.3876820802688599, 1.4122201204299927, 1.305787444114685, 1.396557092666626, 1.2771044969558716, 1.246375560760498, 1.385485291481018, 1.2964407205581665, 1.3772265911102295]",sae,Pre-64
1,beta,32,0.14,0.4555596844830426,0.4475674839123162,0.4655187818485291,0.5,0.5924839124839124,0.6294377642949072,30,"[0, 1, 2, 3, 4, 5, 6, 7, 8, 9, 10, 11, 12, 13, 14, 15, 16, 17, 18, 19, 20, 21, 22, 23, 24, 25, 26, 27, 28, 29]","[1.3367303609848022, 1.2423878908157349, 1.334360957145691, 1.2671384811401367, 1.2723830938339233, 1.3535116910934448, 1.2805914878845215, 1.2552578449249268, 1.2559006214141846, 1.2585577964782715, 1.2546743154525757, 1.24750554561615, 1.2789199352264404, 1.2007421255111694, 1.190382957458496, 1.2081178426742554, 1.2376548051834106, 1.2765945196151733, 1.2217339277267456, 1.25994074344635, 1.3403875827789307, 1.2591066360473633, 1.2088062763214111, 1.3363913297653198, 1.2737078666687012, 1.2111728191375732, 1.3250443935394287, 1.1300584077835083, 1.3438912630081177, 1.3356910943984985]",sae,Pre-64
1,beta,12,0.135,0.4455148672091349,0.4361346773072694,0.4118868511793018,0.5,0.5892778403611032,0.7320410525840163,30,"[0, 1, 2, 3, 4, 5, 6, 7, 8, 9, 10, 11, 12, 13, 14, 15, 16, 17, 18, 19, 20, 21, 22, 23, 24, 25, 26, 27, 28, 29]","[1.3648959398269653, 1.472541093826294, 1.38168203830719, 1.2814490795135498, 1.469775915145874, 1.4055910110473633, 1.3991878032684326, 1.451319932937622, 1.486647605895996, 1.3576468229293823, 1.3595010042190552, 1.5278325080871582, 1.3859387636184692, 1.4584071636199951, 1.3436325788497925, 1.5315380096435547, 1.3160914182662964, 1.5099979639053345, 1.4314517974853516, 1.5241117477416992, 1.4878044128417969, 1.4343544244766235, 1.3858839273452759, 1.5302023887634277, 1.5077346563339233, 1.3764774799346924, 1.5082300901412964, 1.4532777070999146, 1.4067821502685547, 1.5387130975723267]",sae,Pre-64
1,beta,44,0.15,0.4469012312759677,0.43811650775401,0.4550678268380711,0.5,0.5982762074796864,0.6215434292010629,30,"[0, 1, 2, 3, 4, 5, 6, 7, 8, 9, 10, 11, 12, 13, 14, 15, 16, 17, 18, 19, 20, 21, 22, 23, 24, 25, 26, 27, 28, 29]","[1.3497215509414673, 1.3534977436065674, 1.297634243965149, 1.3270541429519653, 1.3431018590927124, 1.399584174156189, 1.3759876489639282, 1.2952027320861816, 1.3626480102539062, 1.4134620428085327, 1.342281460762024, 1.3185741901397705, 1.3478771448135376, 1.3146175146102905, 1.416674256324768, 1.4156744480133057, 1.284629464149475, 1.1926580667495728, 1.3582507371902466, 1.3450220823287964, 1.3168485164642334, 1.291528344154358, 1.3376712799072266, 1.3456026315689087, 1.4013289213180542, 1.3008791208267212, 1.3222776651382446, 1.3451191186904907, 1.3403586149215698, 1.3591551780700684]",sae,Pre-64
1,beta,13,0.1,0.4619123366083722,0.4531466051409948,0.4392064228587495,0.5,0.6127276801885291,0.710911876509,30,"[0, 1, 2, 3, 4, 5, 6, 7, 8, 9, 10, 11, 12, 13, 14, 15, 16, 17, 18, 19, 20, 21, 22, 23, 24, 25, 26, 27, 28, 29]","[1.4786968231201172, 1.298584222793579, 1.466994047164917, 1.3983206748962402, 1.3731422424316406, 1.4746638536453247, 1.4070693254470825, 1.4044992923736572, 1.4398466348648071, 1.4069805145263672, 1.4766069650650024, 1.388366460800171, 1.429231882095337, 1.4481202363967896, 1.4455018043518066, 1.3594805002212524, 1.3596690893173218, 1.4349497556686401, 1.409529685974121, 1.4160752296447754, 1.3857288360595703, 1.3304195404052734, 1.3703159093856812, 1.3662590980529785, 1.3931288719177246, 1.335310459136963, 1.4033180475234985, 1.3530868291854858, 1.413677453994751, 1.4028998613357544]",sae,Pre-64
1,beta,0,0.16,0.4600628296558519,0.4487196928272481,0.4296173038364927,0.5,0.6146148452673732,0.7222098012286137,30,"[0, 1, 2, 3, 4, 5, 6, 7, 8, 9, 10, 11, 12, 13, 14, 15, 16, 17, 18, 19, 20, 21, 22, 23, 24, 25, 26, 27, 28, 29]","[1.2523701190948486, 1.2947735786437988, 1.268202543258667, 1.3127914667129517, 1.2384672164916992, 1.26932954788208, 1.3002952337265015, 1.3347458839416504, 1.3148443698883057, 1.2848244905471802, 1.2690529823303223, 1.2750667333602905, 1.32122004032135, 1.308118462562561, 1.3249166011810303, 1.2691890001296997, 1.2899433374404907, 1.2302151918411255, 1.1563172340393066, 1.3087828159332275, 1.239863634109497, 1.2365764379501343, 1.31769859790802, 1.2608238458633423, 1.2517372369766235, 1.1969603300094604, 1.3208764791488647, 1.2210121154785156, 1.3031435012817383, 1.2124656438827515]",sae,Pre-64
1,beta,1,0.125,0.4560357198099471,0.4497423189216591,0.4462931860267909,0.5,0.5964054457666336,0.6820253104783491,30,"[0, 1, 2, 3, 4, 5, 6, 7, 8, 9, 10, 11, 12, 13, 14, 15, 16, 17, 18, 19, 20, 21, 22, 23, 24, 25, 26, 27, 28, 29]","[1.4083728790283203, 1.309093713760376, 1.3620046377182007, 1.2490299940109253, 1.344710111618042, 1.2718050479888916, 1.27972412109375, 1.3466242551803589, 1.2529724836349487, 1.3089261054992676, 1.3076212406158447, 1.3504717350006104, 1.4012916088104248, 1.2782723903656006, 1.3986629247665405, 1.2302889823913574, 1.2535427808761597, 1.307847261428833, 1.3787660598754883, 1.4092168807983398, 1.3978941440582275, 1.3585898876190186, 1.333038330078125, 1.3034738302230835, 1.2707756757736206, 1.2945600748062134, 1.3229972124099731, 1.3281832933425903, 1.410515546798706, 1.3328930139541626]",sae,Pre-64
1,beta,10,0.145,0.4493907433353129,0.4390813823454372,0.4433061845104488,0.5,0.6232207829487961,0.676037173920844,30,"[0, 1, 2, 3, 4, 5, 6, 7, 8, 9, 10, 11, 12, 13, 14, 15, 16, 17, 18, 19, 20, 21, 22, 23, 24, 25, 26, 27, 28, 29]","[1.392680048942566, 1.3039642572402954, 1.4675500392913818, 1.3907122611999512, 1.3835152387619019, 1.394721269607544, 1.4828342199325562, 1.4092735052108765, 1.2926595211029053, 1.439516544342041, 1.3997836112976074, 1.4199401140213013, 1.4162479639053345, 1.3940037488937378, 1.4624152183532715, 1.415720820426941, 1.425536036491394, 1.3364238739013672, 1.3896247148513794, 1.3508819341659546, 1.371092438697815, 1.3999862670898438, 1.4585580825805664, 1.4631887674331665, 1.3955594301223755, 1.336707592010498, 1.3954678773880005, 1.4044146537780762, 1.3954253196716309, 1.4476319551467896]",sae,Pre-64
1,beta,17,0.115,0.4599327030141671,0.4513468217402507,0.44159309686158,0.5,0.6120635717004715,0.6984559199942828,30,"[0, 1, 2, 3, 4, 5, 6, 7, 8, 9, 10, 11, 12, 13, 14, 15, 16, 17, 18, 19, 20, 21, 22, 23, 24, 25, 26, 27, 28, 29]","[1.3971147537231445, 1.282454252243042, 1.307388424873352, 1.3457199335098267, 1.3988608121871948, 1.2859935760498047, 1.3578516244888306, 1.2305971384048462, 1.3170621395111084, 1.3158427476882935, 1.3735275268554688, 1.3822828531265259, 1.331322431564331, 1.386609673500061, 1.3263071775436401, 1.3384392261505127, 1.4042508602142334, 1.3284333944320679, 1.3701872825622559, 1.3384284973144531, 1.261173129081726, 1.342452049255371, 1.1985359191894531, 1.3171154260635376, 1.3086800575256348, 1.305128574371338, 1.2975751161575317, 1.3281253576278687, 1.282707691192627, 1.3753341436386108]",sae,Pre-64
1,beta,35,0.155,0.4566193215888805,0.4379483378046387,0.4291675369321771,0.5,0.637290178651746,0.7122606432422383,30,"[0, 1, 2, 3, 4, 5, 6, 7, 8, 9, 10, 11, 12, 13, 14, 15, 16, 17, 18, 19, 20, 21, 22, 23, 24, 25, 26, 27, 28, 29]","[1.2331682443618774, 1.2753040790557861, 1.345062017440796, 1.2920126914978027, 1.2774970531463623, 1.264174461364746, 1.204756259918213, 1.3630832433700562, 1.3660271167755127, 1.2889552116394043, 1.3300752639770508, 1.2212176322937012, 1.2826566696166992, 1.171463966369629, 1.2727640867233276, 1.2287338972091675, 1.3428202867507935, 1.2175872325897217, 1.3153445720672607, 1.2120023965835571, 1.2320491075515747, 1.2255778312683105, 1.2564616203308105, 1.1912126541137695, 1.2459107637405396, 1.2795754671096802, 1.2536321878433228, 1.3206795454025269, 1.3310823440551758, 1.3007367849349976]",sae,Pre-64
1,beta,22,0.12,0.4519005213187685,0.4442985770479847,0.4419930364083951,0.5,0.5939599289403404,0.6814036047482912,30,"[0, 1, 2, 3, 4, 5, 6, 7, 8, 9, 10, 11, 12, 13, 14, 15, 16, 17, 18, 19, 20, 21, 22, 23, 24, 25, 26, 27, 28, 29]","[1.310821771621704, 1.3625280857086182, 1.3745428323745728, 1.3763253688812256, 1.4279370307922363, 1.341597080230713, 1.3395898342132568, 1.3309619426727295, 1.3159379959106445, 1.350338101387024, 1.3128668069839478, 1.4207805395126343, 1.375725507736206, 1.4065055847167969, 1.2978419065475464, 1.3898398876190186, 1.3995434045791626, 1.3720495700836182, 1.2974729537963867, 1.3189501762390137, 1.381459355354309, 1.3829683065414429, 1.3821451663970947, 1.3449662923812866, 1.3707884550094604, 1.4160329103469849, 1.3116841316223145, 1.3108632564544678, 1.4532930850982666, 1.2976852655410767]",sae,Pre-64
1,beta,20,0.13,0.4408022875601419,0.4262939306313442,0.431989054490434,0.5,0.6176087118064704,0.6484210864087442,30,"[0, 1, 2, 3, 4, 5, 6, 7, 8, 9, 10, 11, 12, 13, 14, 15, 16, 17, 18, 19, 20, 21, 22, 23, 24, 25, 26, 27, 28, 29]","[1.2502363920211792, 1.3256337642669678, 1.2714940309524536, 1.3531779050827026, 1.3286789655685425, 1.3142619132995605, 1.32119882106781, 1.2504223585128784, 1.3189910650253296, 1.266478419303894, 1.2724649906158447, 1.262059211730957, 1.3570497035980225, 1.2234615087509155, 1.2540184259414673, 1.356028437614441, 1.239524245262146, 1.2569022178649902, 1.2980782985687256, 1.2924344539642334, 1.3007042407989502, 1.2275524139404297, 1.3190916776657104, 1.3662545680999756, 1.323129415512085, 1.2385987043380737, 1.265923261642456, 1.3022605180740356, 1.252493143081665, 1.3471382856369019]",sae,Pre-64
1,beta,19,0.105,0.4469965829377276,0.435497383761294,0.4137544565738714,0.5,0.6104665954706788,0.713352388730094,30,"[0, 1, 2, 3, 4, 5, 6, 7, 8, 9, 10, 11, 12, 13, 14, 15, 16, 17, 18, 19, 20, 21, 22, 23, 24, 25, 26, 27, 28, 29]","[1.3305490016937256, 1.3438692092895508, 1.4200177192687988, 1.3637009859085083, 1.2824170589447021, 1.2967342138290405, 1.3352165222167969, 1.4065496921539307, 1.311722755432129, 1.4261126518249512, 1.4190553426742554, 1.4462780952453613, 1.3335351943969727, 1.3476872444152832, 1.2625969648361206, 1.281800627708435, 1.409512996673584, 1.443189263343811, 1.2951666116714478, 1.3224583864212036, 1.458935260772705, 1.3249214887619019, 1.3313748836517334, 1.3264846801757812, 1.322774052619934, 1.4208365678787231, 1.4333558082580566, 1.3498047590255737, 1.3046319484710693, 1.2996050119400024]",sae,Pre-64
1,beta,40,0.135,0.44666181227492,0.4340193094910912,0.4316084146348434,0.5,0.6093636266731638,0.669111757450243,30,"[0, 1, 2, 3, 4, 5, 6, 7, 8, 9, 10, 11, 12, 13, 14, 15, 16, 17, 18, 19, 20, 21, 22, 23, 24, 25, 26, 27, 28, 29]","[1.3552615642547607, 1.2988544702529907, 1.2979609966278076, 1.238172173500061, 1.2710261344909668, 1.3016417026519775, 1.3037223815917969, 1.3142060041427612, 1.3291070461273193, 1.3340011835098267, 1.2768701314926147, 1.2840266227722168, 1.3507453203201294, 1.2388052940368652, 1.2569183111190796, 1.3682124614715576, 1.266539216041565, 1.3041458129882812, 1.25636887550354, 1.2526112794876099, 1.2629588842391968, 1.2726807594299316, 1.3277229070663452, 1.2918821573257446, 1.3412913084030151, 1.2710126638412476, 1.3350292444229126, 1.2352463006973267, 1.376555323600769, 1.2643406391143799]",sae,Pre-64
1,beta,30,0.096,0.4638407167611665,0.4544841508273655,0.4397885885933565,0.5,0.6043368975359404,0.6949319554084665,30,"[0, 1, 2, 3, 4, 5, 6, 7, 8, 9, 10, 11, 12, 13, 14, 15, 16, 17, 18, 19, 20, 21, 22, 23, 24, 25, 26, 27, 28, 29]","[1.526236653327942, 1.4950530529022217, 1.5063303709030151, 1.446799397468567, 1.4596775770187378, 1.438071370124817, 1.4488657712936401, 1.4252184629440308, 1.4179402589797974, 1.4363278150558472, 1.5007531642913818, 1.4309300184249878, 1.4066271781921387, 1.4287047386169434, 1.495674967765808, 1.4996817111968994, 1.4178285598754883, 1.4395283460617065, 1.5214104652404785, 1.4459959268569946, 1.4227346181869507, 1.3879905939102173, 1.4869455099105835, 1.4418489933013916, 1.5576441287994385, 1.4344524145126343, 1.459825873374939, 1.4297723770141602, 1.4969813823699951, 1.4522919654846191]",sae,Pre-64
1,beta,13,0.16,0.4619123366083722,0.4531466051409948,0.4367075282311671,0.5,0.6127276801885291,0.7078477166089023,30,"[0, 1, 2, 3, 4, 5, 6, 7, 8, 9, 10, 11, 12, 13, 14, 15, 16, 17, 18, 19, 20, 21, 22, 23, 24, 25, 26, 27, 28, 29]","[1.3740854263305664, 1.188370943069458, 1.3572404384613037, 1.2985832691192627, 1.2714250087738037, 1.3601750135421753, 1.3006558418273926, 1.305126428604126, 1.3233548402786255, 1.305723786354065, 1.3687493801116943, 1.2978383302688599, 1.3121932744979858, 1.3355883359909058, 1.333391785621643, 1.2649844884872437, 1.2521252632141113, 1.3284813165664673, 1.2954249382019043, 1.297127604484558, 1.2693125009536743, 1.224289894104004, 1.2477936744689941, 1.2738736867904663, 1.2897017002105713, 1.245905876159668, 1.28879976272583, 1.260653018951416, 1.3035207986831665, 1.3053609132766724]",sae,Pre-64
1,beta,18,0.14,0.4575117633693479,0.4471831599677374,0.4182839141236465,0.5,0.6052065040104606,0.7279783219994782,30,"[0, 1, 2, 3, 4, 5, 6, 7, 8, 9, 10, 11, 12, 13, 14, 15, 16, 17, 18, 19, 20, 21, 22, 23, 24, 25, 26, 27, 28, 29]","[1.08156156539917, 1.1808451414108276, 1.2274887561798096, 1.1775970458984375, 1.1839946508407593, 1.1783868074417114, 1.302558422088623, 1.1474957466125488, 1.2003755569458008, 1.1137614250183105, 1.279771089553833, 1.1947054862976074, 1.217077374458313, 1.243087649345398, 1.1674503087997437, 1.1044795513153076, 1.2428091764450073, 1.1572407484054565, 1.1403177976608276, 1.0754040479660034, 1.2844663858413696, 1.1361045837402344, 1.2445805072784424, 1.2017990350723267, 1.1962649822235107, 1.1700507402420044, 1.2117968797683716, 1.2385376691818237, 1.2291908264160156, 1.181313395500183]",sae,Pre-64
1,beta,3,0.175,0.4557259332451328,0.444824285747971,0.4541531769326922,0.5,0.6042731979176,0.6513700075445082,30,"[0, 1, 2, 3, 4, 5, 6, 7, 8, 9, 10, 11, 12, 13, 14, 15, 16, 17, 18, 19, 20, 21, 22, 23, 24, 25, 26, 27, 28, 29]","[1.3579719066619873, 1.3892706632614136, 1.371826410293579, 1.3202927112579346, 1.3610906600952148, 1.3913869857788086, 1.3582711219787598, 1.399857521057129, 1.1577860116958618, 1.4253287315368652, 1.3173975944519043, 1.4252219200134277, 1.3571475744247437, 1.3272600173950195, 1.4364193677902222, 1.362061858177185, 1.3654155731201172, 1.3846596479415894, 1.3165245056152344, 1.3246957063674927, 1.2696224451065063, 1.3407834768295288, 1.3365947008132935, 1.448320746421814, 1.4145580530166626, 1.3506784439086914, 1.3537527322769165, 1.3451565504074097, 1.411176323890686, 1.3520236015319824]",sae,Pre-64
1,beta,31,0.115,0.4497611378811508,0.4308970333737342,0.4311391584339414,0.5,0.642735734520437,0.7096808695149449,30,"[0, 1, 2, 3, 4, 5, 6, 7, 8, 9, 10, 11, 12, 13, 14, 15, 16, 17, 18, 19, 20, 21, 22, 23, 24, 25, 26, 27, 28, 29]","[1.4194782972335815, 1.389086365699768, 1.323428750038147, 1.329601526260376, 1.3948276042938232, 1.4483627080917358, 1.3442848920822144, 1.3978036642074585, 1.3729462623596191, 1.4042103290557861, 1.3924025297164917, 1.397571325302124, 1.4282348155975342, 1.2583718299865723, 1.4428569078445435, 1.3809003829956055, 1.400672197341919, 1.39023756980896, 1.4009472131729126, 1.3618978261947632, 1.4503284692764282, 1.3978434801101685, 1.4404431581497192, 1.4174203872680664, 1.391727328300476, 1.4078062772750854, 1.3194905519485474, 1.4584195613861084, 1.3232223987579346, 1.4165682792663574]",sae,Pre-64
1,beta,11,0.11,0.4566976193509867,0.4496008864727478,0.4344055034712539,0.5,0.5995106990682213,0.7099399494310998,30,"[0, 1, 2, 3, 4, 5, 6, 7, 8, 9, 10, 11, 12, 13, 14, 15, 16, 17, 18, 19, 20, 21, 22, 23, 24, 25, 26, 27, 28, 29]","[1.3396044969558716, 1.1484739780426025, 1.3007413148880005, 1.2291228771209717, 1.374563217163086, 1.240849256515503, 1.2560113668441772, 1.1512889862060547, 1.3617645502090454, 1.3651268482208252, 1.3801177740097046, 1.3878434896469116, 1.3904492855072021, 1.2971000671386719, 1.271094560623169, 1.241923451423645, 1.3118122816085815, 1.2581065893173218, 1.2920082807540894, 1.3397910594940186, 1.3124631643295288, 1.328836441040039, 1.372863531112671, 1.2964222431182861, 1.2998297214508057, 1.3513485193252563, 1.36634361743927, 1.247679352760315, 1.2879829406738281, 1.2698190212249756]",sae,Pre-64
1,beta,42,0.16,0.4546678683050885,0.4407690563496341,0.4444530961399937,0.5,0.6336081445133979,0.6603511208928656,30,"[0, 1, 2, 3, 4, 5, 6, 7, 8, 9, 10, 11, 12, 13, 14, 15, 16, 17, 18, 19, 20, 21, 22, 23, 24, 25, 26, 27, 28, 29]","[1.2767118215560913, 1.1509020328521729, 1.2741888761520386, 1.2517021894454956, 1.16533625125885, 1.2553739547729492, 1.1647206544876099, 1.148014783859253, 1.1693377494812012, 1.2613091468811035, 1.2386943101882935, 1.2795376777648926, 1.1614588499069214, 1.0049147605895996, 1.2809103727340698, 1.1924101114273071, 1.141250491142273, 1.1302461624145508, 1.240049958229065, 1.2147595882415771, 1.1706880331039429, 1.1570767164230347, 1.171014428138733, 1.1616032123565674, 1.189007043838501, 1.1533206701278687, 1.2752232551574707, 1.16252863407135, 1.2145106792449951, 1.1530125141143799]",sae,Pre-64
1,beta,30,0.15,0.4638407167611665,0.4544841508273655,0.4368581832465081,0.5,0.6043368975359404,0.6928290917889621,30,"[0, 1, 2, 3, 4, 5, 6, 7, 8, 9, 10, 11, 12, 13, 14, 15, 16, 17, 18, 19, 20, 21, 22, 23, 24, 25, 26, 27, 28, 29]","[1.3261834383010864, 1.2760801315307617, 1.3078556060791016, 1.2707046270370483, 1.2714242935180664, 1.2550010681152344, 1.2722316980361938, 1.2429885864257812, 1.2296687364578247, 1.2476855516433716, 1.3291207551956177, 1.233609914779663, 1.217451572418213, 1.2398183345794678, 1.2975307703018188, 1.3120819330215454, 1.2548547983169556, 1.2586591243743896, 1.3338850736618042, 1.2577571868896484, 1.234700083732605, 1.1890565156936646, 1.2718250751495361, 1.2595837116241455, 1.3690783977508545, 1.2567812204360962, 1.2950271368026733, 1.253632664680481, 1.3046863079071045, 1.2796630859375]",sae,Pre-64
1,beta,39,0.11,0.4461088087810431,0.4292341094433316,0.4355803335706983,0.5,0.6205127278095635,0.6673445592342525,30,"[0, 1, 2, 3, 4, 5, 6, 7, 8, 9, 10, 11, 12, 13, 14, 15, 16, 17, 18, 19, 20, 21, 22, 23, 24, 25, 26, 27, 28, 29]","[1.3664056062698364, 1.4405896663665771, 1.3898743391036987, 1.3715227842330933, 1.3148349523544312, 1.3802680969238281, 1.3556493520736694, 1.3939259052276611, 1.3244025707244873, 1.4184026718139648, 1.3600481748580933, 1.2984343767166138, 1.3915704488754272, 1.3117351531982422, 1.3894296884536743, 1.4520872831344604, 1.4045383930206299, 1.4099814891815186, 1.330264687538147, 1.2793560028076172, 1.3210753202438354, 1.4040204286575317, 1.3253979682922363, 1.327789068222046, 1.4081008434295654, 1.3781613111495972, 1.2487921714782715, 1.3399134874343872, 1.4586683511734009, 1.3374019861221313]",sae,Pre-64
1,beta,3,0.115,0.4557259332451328,0.444824285747971,0.4644075318361086,0.5,0.6042731979176,0.65227043448852,30,"[0, 1, 2, 3, 4, 5, 6, 7, 8, 9, 10, 11, 12, 13, 14, 15, 16, 17, 18, 19, 20, 21, 22, 23, 24, 25, 26, 27, 28, 29]","[1.3972104787826538, 1.4241364002227783, 1.408772349357605, 1.3667724132537842, 1.4021844863891602, 1.4388433694839478, 1.3947614431381226, 1.4423788785934448, 1.1976929903030396, 1.4673043489456177, 1.3590987920761108, 1.4653633832931519, 1.4009244441986084, 1.3769118785858154, 1.4762128591537476, 1.39577317237854, 1.4015278816223145, 1.4269698858261108, 1.3609185218811035, 1.3637876510620117, 1.3092478513717651, 1.375241994857788, 1.3719801902770996, 1.486860752105713, 1.457622766494751, 1.386659026145935, 1.38974928855896, 1.3832837343215942, 1.4521886110305786, 1.3893793821334839]",sae,Pre-64
1,beta,43,0.125,0.4515364523902173,0.4432102910589974,0.4380950797526323,0.5,0.6060785767234989,0.6985203854707192,30,"[0, 1, 2, 3, 4, 5, 6, 7, 8, 9, 10, 11, 12, 13, 14, 15, 16, 17, 18, 19, 20, 21, 22, 23, 24, 25, 26, 27, 28, 29]","[1.3276052474975586, 1.415445327758789, 1.346482515335083, 1.2829140424728394, 1.3216638565063477, 1.255938172340393, 1.2993396520614624, 1.2786287069320679, 1.379023551940918, 1.2780784368515015, 1.2401840686798096, 1.3856850862503052, 1.3301140069961548, 1.2799118757247925, 1.2768114805221558, 1.1873494386672974, 1.3662042617797852, 1.2928904294967651, 1.3642544746398926, 1.3499293327331543, 1.2765215635299683, 1.277331829071045, 1.373076319694519, 1.3491272926330566, 1.2461434602737427, 1.361892580986023, 1.3899061679840088, 1.2858197689056396, 1.362151861190796, 1.398195505142212]",sae,Pre-64
1,beta,29,0.125,0.4558655961502112,0.4409050416793991,0.4526253609327949,0.5,0.6296548282533407,0.6713922411661479,30,"[0, 1, 2, 3, 4, 5, 6, 7, 8, 9, 10, 11, 12, 13, 14, 15, 16, 17, 18, 19, 20, 21, 22, 23, 24, 25, 26, 27, 28, 29]","[1.3497942686080933, 1.2997080087661743, 1.1426377296447754, 1.4044264554977417, 1.335030436515808, 1.3091449737548828, 1.4184913635253906, 1.3103495836257935, 1.3940680027008057, 1.4061447381973267, 1.3405346870422363, 1.3816356658935547, 1.3986842632293701, 1.3809542655944824, 1.346341848373413, 1.3814685344696045, 1.2953306436538696, 1.329061508178711, 1.3020451068878174, 1.3467817306518555, 1.4236520528793335, 1.4333829879760742, 1.3317492008209229, 1.3456226587295532, 1.3499259948730469, 1.2840641736984253, 1.342872977256775, 1.4130593538284302, 1.4597939252853394, 1.3139044046401978]",sae,Pre-64
1,beta,27,0.1,0.4609757262074365,0.4537266978541116,0.4566091397724147,0.5,0.5914172664146189,0.6601014150521722,30,"[0, 1, 2, 3, 4, 5, 6, 7, 8, 9, 10, 11, 12, 13, 14, 15, 16, 17, 18, 19, 20, 21, 22, 23, 24, 25, 26, 27, 28, 29]","[1.4060447216033936, 1.458961844444275, 1.412023663520813, 1.3890860080718994, 1.4445388317108154, 1.354269027709961, 1.4559742212295532, 1.320097804069519, 1.401913046836853, 1.4107989072799683, 1.343315601348877, 1.4547139406204224, 1.3893340826034546, 1.3464155197143555, 1.393121600151062, 1.3087282180786133, 1.3727858066558838, 1.4230467081069946, 1.37435781955719, 1.379838466644287, 1.4535905122756958, 1.4231537580490112, 1.3515959978103638, 1.2977714538574219, 1.3836121559143066, 1.4614665508270264, 1.3657002449035645, 1.424938678741455, 1.311644196510315, 1.399258017539978]",sae,Pre-64
1,beta,20,0.19,0.4408022875601419,0.4262939306313442,0.4302771423983796,0.5,0.6176087118064704,0.6484236196961406,30,"[0, 1, 2, 3, 4, 5, 6, 7, 8, 9, 10, 11, 12, 13, 14, 15, 16, 17, 18, 19, 20, 21, 22, 23, 24, 25, 26, 27, 28, 29]","[1.2496635913848877, 1.3250610828399658, 1.2709211111068726, 1.3526071310043335, 1.32810640335083, 1.3136907815933228, 1.3206267356872559, 1.2498515844345093, 1.3184186220169067, 1.2659066915512085, 1.271895408630371, 1.2614881992340088, 1.3564780950546265, 1.2228891849517822, 1.2534478902816772, 1.3554562330245972, 1.2389543056488037, 1.25632905960083, 1.2975058555603027, 1.2918617725372314, 1.3001325130462646, 1.2269794940948486, 1.3185182809829712, 1.3656824827194214, 1.3225576877593994, 1.238025188446045, 1.2653495073318481, 1.3016875982284546, 1.2519192695617676, 1.3465672731399536]",sae,Pre-64
1,beta,8,0.098,0.4517491928182039,0.4406431065890545,0.4394162141345567,0.5,0.6098144493254953,0.6783373301358914,30,"[0, 1, 2, 3, 4, 5, 6, 7, 8, 9, 10, 11, 12, 13, 14, 15, 16, 17, 18, 19, 20, 21, 22, 23, 24, 25, 26, 27, 28, 29]","[1.3854899406433105, 1.4973094463348389, 1.4140961170196533, 1.4452027082443237, 1.5061731338500977, 1.441580891609192, 1.490064263343811, 1.4022055864334106, 1.4485621452331543, 1.497822642326355, 1.5059818029403687, 1.4298036098480225, 1.4133529663085938, 1.4463684558868408, 1.4752655029296875, 1.3907767534255981, 1.4124977588653564, 1.4484245777130127, 1.3590424060821533, 1.428593635559082, 1.4014900922775269, 1.3772578239440918, 1.4806984663009644, 1.4131447076797485, 1.480269432067871, 1.4843393564224243, 1.3819652795791626, 1.4799737930297852, 1.4508427381515503, 1.451035499572754]",sae,Pre-64
1,beta,26,0.135,0.4502231978181314,0.4442488029476733,0.4573719515379603,0.5,0.5832450787939482,0.6466184848578843,30,"[0, 1, 2, 3, 4, 5, 6, 7, 8, 9, 10, 11, 12, 13, 14, 15, 16, 17, 18, 19, 20, 21, 22, 23, 24, 25, 26, 27, 28, 29]","[1.2854022979736328, 1.3239269256591797, 1.4561673402786255, 1.2586899995803833, 1.3401681184768677, 1.3830612897872925, 1.3568991422653198, 1.2638287544250488, 1.3520889282226562, 1.3284469842910767, 1.2443194389343262, 1.4604274034500122, 1.4050817489624023, 1.3404524326324463, 1.406034231185913, 1.2833369970321655, 1.3416284322738647, 1.2469316720962524, 1.374226689338684, 1.3414989709854126, 1.2931863069534302, 1.4413055181503296, 1.3413712978363037, 1.3754256963729858, 1.4493440389633179, 1.443466067314148, 1.3094185590744019, 1.3568886518478394, 1.1782922744750977, 1.2927875518798828]",sae,Pre-64
1,beta,47,0.094,0.4460371044958436,0.4257646434940195,0.4051363793681425,0.5,0.6434257056516428,0.7317977239117855,30,"[0, 1, 2, 3, 4, 5, 6, 7, 8, 9, 10, 11, 12, 13, 14, 15, 16, 17, 18, 19, 20, 21, 22, 23, 24, 25, 26, 27, 28, 29]","[1.4616940021514893, 1.3026479482650757, 1.313739538192749, 1.327252984046936, 1.4098303318023682, 1.4474003314971924, 1.3966045379638672, 1.4088988304138184, 1.4018487930297852, 1.3402708768844604, 1.34403657913208, 1.275763750076294, 1.3230750560760498, 1.4622461795806885, 1.2950794696807861, 1.4212071895599365, 1.3415826559066772, 1.4073444604873657, 1.250280499458313, 1.2941269874572754, 1.3399217128753662, 1.388460397720337, 1.4129894971847534, 1.3065646886825562, 1.3973333835601807, 1.2778741121292114, 1.2471500635147095, 1.3862601518630981, 1.2972232103347778, 1.3780014514923096]",sae,Pre-64
1,beta,42,0.088,0.4546678683050885,0.4407690563496341,0.4505250596158758,0.5,0.6336081445133979,0.6601196060037523,30,"[0, 1, 2, 3, 4, 5, 6, 7, 8, 9, 10, 11, 12, 13, 14, 15, 16, 17, 18, 19, 20, 21, 22, 23, 24, 25, 26, 27, 28, 29]","[1.4579524993896484, 1.3227260112762451, 1.460181713104248, 1.4600039720535278, 1.3865755796432495, 1.448486089706421, 1.3753176927566528, 1.3436163663864136, 1.3366106748580933, 1.4580705165863037, 1.4350191354751587, 1.4771223068237305, 1.3428764343261719, 1.1545546054840088, 1.4745539426803589, 1.3803167343139648, 1.3195881843566895, 1.3015987873077393, 1.4313971996307373, 1.4297500848770142, 1.3623008728027344, 1.3516874313354492, 1.3674452304840088, 1.3250378370285034, 1.35623300075531, 1.3299531936645508, 1.4722601175308228, 1.336256504058838, 1.400695562362671, 1.3201136589050293]",sae,Pre-64
1,beta,35,0.09,0.4566193215888805,0.4379483378046387,0.4310859119218453,0.5,0.637290178651746,0.7134780418473274,30,"[0, 1, 2, 3, 4, 5, 6, 7, 8, 9, 10, 11, 12, 13, 14, 15, 16, 17, 18, 19, 20, 21, 22, 23, 24, 25, 26, 27, 28, 29]","[1.3099355697631836, 1.3614475727081299, 1.4245526790618896, 1.3680005073547363, 1.3618896007537842, 1.3411140441894531, 1.2826393842697144, 1.4458776712417603, 1.4565880298614502, 1.3693881034851074, 1.4174145460128784, 1.2978649139404297, 1.3593852519989014, 1.2537189722061157, 1.3508684635162354, 1.3062747716903687, 1.430619239807129, 1.2890230417251587, 1.3905720710754395, 1.294845700263977, 1.3105943202972412, 1.302410364151001, 1.329023003578186, 1.2862697839736938, 1.3296928405761719, 1.3617736101150513, 1.3291724920272827, 1.3943300247192383, 1.4239094257354736, 1.3821632862091064]",sae,Pre-64
1,beta,26,0.195,0.4502231978181314,0.4442488029476733,0.4543279596191928,0.5,0.5832450787939482,0.6467130169168074,30,"[0, 1, 2, 3, 4, 5, 6, 7, 8, 9, 10, 11, 12, 13, 14, 15, 16, 17, 18, 19, 20, 21, 22, 23, 24, 25, 26, 27, 28, 29]","[1.1928333044052124, 1.240482211112976, 1.3458421230316162, 1.1563555002212524, 1.240330696105957, 1.2882344722747803, 1.257620930671692, 1.1637777090072632, 1.2436338663101196, 1.2316557168960571, 1.142478585243225, 1.3435357809066772, 1.2970811128616333, 1.243307113647461, 1.2939307689666748, 1.1718382835388184, 1.2391587495803833, 1.1535816192626953, 1.268707036972046, 1.2480305433273315, 1.1860707998275757, 1.333485722541809, 1.2544758319854736, 1.2726480960845947, 1.3419164419174194, 1.341978907585144, 1.2190684080123901, 1.266539454460144, 1.0912996530532837, 1.2032678127288818]",sae,Pre-64
1,beta,24,0.095,0.4501416387440968,0.4383559369047743,0.4491631183177424,0.5,0.6188330126613704,0.642370593346574,30,"[0, 1, 2, 3, 4, 5, 6, 7, 8, 9, 10, 11, 12, 13, 14, 15, 16, 17, 18, 19, 20, 21, 22, 23, 24, 25, 26, 27, 28, 29]","[1.49091637134552, 1.3980809450149536, 1.4224488735198975, 1.5004160404205322, 1.5057475566864014, 1.416504144668579, 1.4244171380996704, 1.4237682819366455, 1.4663890600204468, 1.3522030115127563, 1.4560896158218384, 1.4045575857162476, 1.4996124505996704, 1.4846365451812744, 1.422663927078247, 1.3931797742843628, 1.506338357925415, 1.2987060546875, 1.398481011390686, 1.5081405639648438, 1.4827756881713867, 1.501464605331421, 1.4018269777297974, 1.4624073505401611, 1.3810158967971802, 1.3449816703796387, 1.456263542175293, 1.3790403604507446, 1.5102081298828125, 1.4153560400009155]",sae,Pre-64
1,beta,9,0.18,0.448644851968101,0.4348910401892977,0.4421534838583524,0.5,0.6286670530281078,0.671451753115039,30,"[0, 1, 2, 3, 4, 5, 6, 7, 8, 9, 10, 11, 12, 13, 14, 15, 16, 17, 18, 19, 20, 21, 22, 23, 24, 25, 26, 27, 28, 29]","[1.3252959251403809, 1.260900616645813, 1.3452404737472534, 1.3230149745941162, 1.2626181840896606, 1.1268832683563232, 1.3190399408340454, 1.2438400983810425, 1.3233065605163574, 1.20523202419281, 1.3127390146255493, 1.2670212984085083, 1.2717382907867432, 1.3112752437591553, 1.357685923576355, 1.2797361612319946, 1.2416603565216064, 1.3332669734954834, 1.3440641164779663, 1.2411022186279297, 1.3305193185806274, 1.3389986753463745, 1.2442700862884521, 1.3298929929733276, 1.3453930616378784, 1.3293275833129883, 1.1966476440429688, 1.141701579093933, 1.2586575746536255, 1.346205234527588]",sae,Pre-64
1,beta,16,0.15,0.4519396108125126,0.4401978349795346,0.4306211558310195,0.5,0.6159012314439947,0.7167467948717949,30,"[0, 1, 2, 3, 4, 5, 6, 7, 8, 9, 10, 11, 12, 13, 14, 15, 16, 17, 18, 19, 20, 21, 22, 23, 24, 25, 26, 27, 28, 29]","[1.2716469764709473, 1.2347710132598877, 1.2398536205291748, 1.3187130689620972, 1.3111697435379028, 1.2537543773651123, 1.316981315612793, 1.2932993173599243, 1.2642980813980103, 1.319032073020935, 1.319469690322876, 1.3029338121414185, 1.258940577507019, 1.2799673080444336, 1.1983174085617065, 1.2483388185501099, 1.3279935121536255, 1.1544891595840454, 1.265633463859558, 1.3004645109176636, 1.3488268852233887, 1.3164658546447754, 1.3221509456634521, 1.3127098083496094, 1.202453851699829, 1.2912651300430298, 1.2131006717681885, 1.2676597833633423, 1.2239991426467896, 1.2477117776870728]",sae,Pre-64
1,beta,15,0.185,0.4529015220185267,0.4424399871594601,0.4305370255895753,0.5,0.6161071485640408,0.710440302735368,30,"[0, 1, 2, 3, 4, 5, 6, 7, 8, 9, 10, 11, 12, 13, 14, 15, 16, 17, 18, 19, 20, 21, 22, 23, 24, 25, 26, 27, 28, 29]","[1.2300630807876587, 1.1848175525665283, 1.2190603017807007, 1.241367220878601, 1.2628892660140991, 1.2150628566741943, 1.204967737197876, 1.2270413637161255, 1.2611374855041504, 1.2784456014633179, 1.2496718168258667, 1.1828505992889404, 1.3100229501724243, 1.2767640352249146, 1.1983643770217896, 1.2442094087600708, 1.2041157484054565, 1.2919968366622925, 1.1799589395523071, 1.253607988357544, 1.3100515604019165, 1.2839246988296509, 1.2269808053970337, 1.2570024728775024, 1.1926149129867554, 1.1091232299804688, 1.268699049949646, 1.317056655883789, 1.2299610376358032, 1.24354088306427]",sae,Pre-64
1,beta,6,0.165,0.4540822999211705,0.4457917896713532,0.441152026805915,0.5,0.5933447799067053,0.6658304590278517,30,"[0, 1, 2, 3, 4, 5, 6, 7, 8, 9, 10, 11, 12, 13, 14, 15, 16, 17, 18, 19, 20, 21, 22, 23, 24, 25, 26, 27, 28, 29]","[1.28691565990448, 1.3155428171157837, 1.2499583959579468, 1.3187901973724365, 1.2379992008209229, 1.213894009590149, 1.236855149269104, 1.2917746305465698, 1.2304883003234863, 1.3088325262069702, 1.2432514429092407, 1.1821846961975098, 1.2440942525863647, 1.1993926763534546, 1.075941562652588, 1.3065228462219238, 1.2015149593353271, 1.276124358177185, 1.2515265941619873, 1.2737715244293213, 1.2436575889587402, 1.2227643728256226, 1.2960151433944702, 1.2774248123168945, 1.2152475118637085, 1.252040982246399, 1.2067261934280396, 1.2196515798568726, 1.2771555185317993, 1.2890881299972534]",sae,Pre-64
1,beta,25,0.17,0.4465066892532915,0.4352791138475453,0.4388873208983025,0.5,0.6270054355300688,0.6628252199027704,30,"[0, 1, 2, 3, 4, 5, 6, 7, 8, 9, 10, 11, 12, 13, 14, 15, 16, 17, 18, 19, 20, 21, 22, 23, 24, 25, 26, 27, 28, 29]","[1.3725762367248535, 1.3833149671554565, 1.2818870544433594, 1.4061652421951294, 1.4021872282028198, 1.3922085762023926, 1.2788739204406738, 1.3026485443115234, 1.3497991561889648, 1.254343032836914, 1.403792142868042, 1.3220301866531372, 1.3853986263275146, 1.3106969594955444, 1.293805718421936, 1.3203785419464111, 1.1891859769821167, 1.2302299737930298, 1.2733553647994995, 1.2991721630096436, 1.415704369544983, 1.2142130136489868, 1.3667904138565063, 1.3160139322280884, 1.3495495319366455, 1.3012104034423828, 1.4302507638931274, 1.3813129663467407, 1.4013704061508179, 1.25597083568573]",sae,Pre-64
1,beta,43,0.185,0.4515364523902173,0.4432102910589974,0.4341271702025407,0.5,0.6060785767234989,0.6985307635285396,30,"[0, 1, 2, 3, 4, 5, 6, 7, 8, 9, 10, 11, 12, 13, 14, 15, 16, 17, 18, 19, 20, 21, 22, 23, 24, 25, 26, 27, 28, 29]","[1.3256183862686157, 1.4134601354599, 1.3445018529891968, 1.2809280157089233, 1.3196784257888794, 1.2539405822753906, 1.297343134880066, 1.2766326665878296, 1.3770346641540527, 1.2760838270187378, 1.2381795644760132, 1.3837043046951294, 1.3281278610229492, 1.2779192924499512, 1.274825096130371, 1.185351014137268, 1.364216685295105, 1.2908953428268433, 1.3622610569000244, 1.3479557037353516, 1.2745254039764404, 1.275338888168335, 1.371100902557373, 1.347137212753296, 1.2441483736038208, 1.3599005937576294, 1.3879224061965942, 1.2838248014450073, 1.360160231590271, 1.3962141275405884]",sae,Pre-64
1,beta,42,0.1,0.4546678683050885,0.4407690563496341,0.4505168073029603,0.5,0.6336081445133979,0.6604338047818348,30,"[0, 1, 2, 3, 4, 5, 6, 7, 8, 9, 10, 11, 12, 13, 14, 15, 16, 17, 18, 19, 20, 21, 22, 23, 24, 25, 26, 27, 28, 29]","[1.3836684226989746, 1.2535979747772217, 1.3887959718704224, 1.3787367343902588, 1.2971599102020264, 1.3683514595031738, 1.2921675443649292, 1.2646273374557495, 1.269180417060852, 1.3769971132278442, 1.354642629623413, 1.3954887390136719, 1.2714786529541016, 1.0955727100372314, 1.3994073867797852, 1.308519959449768, 1.2475944757461548, 1.2339588403701782, 1.3549537658691406, 1.3414576053619385, 1.2850199937820435, 1.2713658809661865, 1.2888495922088623, 1.2557746171951294, 1.2896491289138794, 1.2617210149765015, 1.3908610343933105, 1.272060513496399, 1.3283867835998535, 1.2547121047973633]",sae,Pre-64
1,beta,48,0.09,0.4556814132376,0.4510566266980289,0.4877769918183203,0.5,0.5923878577171784,0.5906226289027553,30,"[0, 1, 2, 3, 4, 5, 6, 7, 8, 9, 10, 11, 12, 13, 14, 15, 16, 17, 18, 19, 20, 21, 22, 23, 24, 25, 26, 27, 28, 29]","[1.5240578651428223, 1.470118522644043, 1.4566051959991455, 1.4454677104949951, 1.4170383214950562, 1.3664015531539917, 1.4623563289642334, 1.3866374492645264, 1.4187690019607544, 1.4120780229568481, 1.4856479167938232, 1.4265724420547485, 1.445268988609314, 1.4260740280151367, 1.3790534734725952, 1.4665709733963013, 1.488304853439331, 1.4672108888626099, 1.4977318048477173, 1.3438827991485596, 1.4208011627197266, 1.5062971115112305, 1.508389949798584, 1.3308773040771484, 1.4273216724395752, 1.4813735485076904, 1.5022023916244507, 1.497735857963562, 1.4248595237731934, 1.4546327590942383]",sae,Pre-64
1,beta,13,0.092,0.4619123366083722,0.4531466051409948,0.4392171607706311,0.5,0.6127276801885291,0.7109175143377031,30,"[0, 1, 2, 3, 4, 5, 6, 7, 8, 9, 10, 11, 12, 13, 14, 15, 16, 17, 18, 19, 20, 21, 22, 23, 24, 25, 26, 27, 28, 29]","[1.4794682264328003, 1.2993519306182861, 1.4677635431289673, 1.3990936279296875, 1.3739173412322998, 1.475430965423584, 1.4078391790390015, 1.4052722454071045, 1.440613031387329, 1.4077537059783936, 1.47737717628479, 1.38913893699646, 1.4299973249435425, 1.4488879442214966, 1.446270227432251, 1.3602523803710938, 1.3604415655136108, 1.4357243776321411, 1.4102983474731445, 1.4168413877487183, 1.386497974395752, 1.3311933279037476, 1.3710802793502808, 1.3670365810394287, 1.3938980102539062, 1.3360835313796997, 1.404086947441101, 1.3538635969161987, 1.4144442081451416, 1.4036757946014404]",sae,Pre-64
1,beta,38,0.145,0.4455661720406026,0.4298851252298221,0.4370402406729916,0.5,0.6303640517897944,0.6627334348819498,30,"[0, 1, 2, 3, 4, 5, 6, 7, 8, 9, 10, 11, 12, 13, 14, 15, 16, 17, 18, 19, 20, 21, 22, 23, 24, 25, 26, 27, 28, 29]","[1.3121585845947266, 1.2918212413787842, 1.3240975141525269, 1.3543744087219238, 1.3208348751068115, 1.2101318836212158, 1.369196891784668, 1.326629400253296, 1.1814076900482178, 1.3393710851669312, 1.3198102712631226, 1.33406400680542, 1.3482921123504639, 1.3143056631088257, 1.3606593608856201, 1.2974860668182373, 1.3039562702178955, 1.3780531883239746, 1.2678196430206299, 1.3327134847640991, 1.3113665580749512, 1.3210500478744507, 1.3708209991455078, 1.275063395500183, 1.3150959014892578, 1.368776798248291, 1.266534686088562, 1.3737351894378662, 1.2997952699661255, 1.382847785949707]",sae,Pre-64
1,beta,41,0.092,0.4543678569363413,0.4427951465832617,0.4506627467532119,0.5,0.6190905384235713,0.6749086174953682,30,"[0, 1, 2, 3, 4, 5, 6, 7, 8, 9, 10, 11, 12, 13, 14, 15, 16, 17, 18, 19, 20, 21, 22, 23, 24, 25, 26, 27, 28, 29]","[1.3103281259536743, 1.3696861267089844, 1.2794599533081055, 1.2514207363128662, 1.2495298385620117, 1.4168190956115723, 1.2933411598205566, 1.341184139251709, 1.315560221672058, 1.3844192028045654, 1.3788585662841797, 1.3398336172103882, 1.346144437789917, 1.3922852277755737, 1.3967819213867188, 1.3265262842178345, 1.290046215057373, 1.3455082178115845, 1.3454893827438354, 1.3506959676742554, 1.2627990245819092, 1.3173891305923462, 1.331302285194397, 1.3401142358779907, 1.3356595039367676, 1.3159855604171753, 1.3710850477218628, 1.3793456554412842, 1.3330312967300415, 1.2849125862121582]",sae,Pre-64
1,beta,5,0.14,0.4445517550333296,0.4301735816232515,0.4289744616467479,0.5,0.6070910659257547,0.6831710244213448,30,"[0, 1, 2, 3, 4, 5, 6, 7, 8, 9, 10, 11, 12, 13, 14, 15, 16, 17, 18, 19, 20, 21, 22, 23, 24, 25, 26, 27, 28, 29]","[1.3461909294128418, 1.2472213506698608, 1.2496432065963745, 1.3654770851135254, 1.3642438650131226, 1.296065330505371, 1.2960546016693115, 1.277692198753357, 1.3358031511306763, 1.2632967233657837, 1.3493882417678833, 1.3676862716674805, 1.2963699102401733, 1.2997281551361084, 1.3780968189239502, 1.3220949172973633, 1.327099323272705, 1.3545821905136108, 1.2368016242980957, 1.3030270338058472, 1.379345178604126, 1.3102359771728516, 1.371957778930664, 1.2604745626449585, 1.3017467260360718, 1.3781578540802002, 1.2469350099563599, 1.2785820960998535, 1.3573468923568726, 1.3033822774887085]",sae,Pre-64
1,beta,4,0.094,0.4589558369307028,0.4477177462853796,0.4573313388111359,0.5,0.61034827708266,0.658943934007418,30,"[0, 1, 2, 3, 4, 5, 6, 7, 8, 9, 10, 11, 12, 13, 14, 15, 16, 17, 18, 19, 20, 21, 22, 23, 24, 25, 26, 27, 28, 29]","[1.3947311639785767, 1.3795408010482788, 1.300933837890625, 1.4440884590148926, 1.273781180381775, 1.3211973905563354, 1.3690907955169678, 1.304417371749878, 1.3901078701019287, 1.4257293939590454, 1.3936047554016113, 1.3357175588607788, 1.4456965923309326, 1.332297444343567, 1.3004679679870605, 1.3876630067825317, 1.3915855884552002, 1.3595712184906006, 1.3180972337722778, 1.413618564605713, 1.375049352645874, 1.4376922845840454, 1.3762606382369995, 1.2908821105957031, 1.371364712715149, 1.3105254173278809, 1.3281458616256714, 1.3414738178253174, 1.4205329418182373, 1.2951518297195435]",sae,Pre-64
1,beta,8,0.155,0.4517491928182039,0.4406431065890545,0.4376291016422145,0.5,0.6098144493254953,0.6769579027043852,30,"[0, 1, 2, 3, 4, 5, 6, 7, 8, 9, 10, 11, 12, 13, 14, 15, 16, 17, 18, 19, 20, 21, 22, 23, 24, 25, 26, 27, 28, 29]","[1.2364991903305054, 1.3389859199523926, 1.2788947820663452, 1.307569980621338, 1.3597041368484497, 1.292811632156372, 1.3403438329696655, 1.2669787406921387, 1.3175934553146362, 1.339237093925476, 1.357485055923462, 1.2918987274169922, 1.291477084159851, 1.3194245100021362, 1.3329225778579712, 1.2605477571487427, 1.2842531204223633, 1.3057535886764526, 1.2311396598815918, 1.272883415222168, 1.2581478357315063, 1.2402368783950806, 1.3394502401351929, 1.2737990617752075, 1.3333367109298706, 1.3367846012115479, 1.2434862852096558, 1.3343918323516846, 1.3033441305160522, 1.290194034576416]",sae,Pre-64
1,beta,34,0.165,0.4568527557813058,0.4470225010708758,0.4459437864805465,0.5,0.6011606799053854,0.6769899334396832,30,"[0, 1, 2, 3, 4, 5, 6, 7, 8, 9, 10, 11, 12, 13, 14, 15, 16, 17, 18, 19, 20, 21, 22, 23, 24, 25, 26, 27, 28, 29]","[1.3111811876296997, 1.3944631814956665, 1.3975410461425781, 1.3470267057418823, 1.3069003820419312, 1.3121141195297241, 1.3488662242889404, 1.2628090381622314, 1.2834057807922363, 1.3165677785873413, 1.3695484399795532, 1.1753082275390625, 1.3772037029266357, 1.2643431425094604, 1.2778093814849854, 1.3064861297607422, 1.3907285928726196, 1.4127880334854126, 1.3275433778762817, 1.3039137125015259, 1.3294445276260376, 1.41201913356781, 1.344054937362671, 1.3609633445739746, 1.308112382888794, 1.2521395683288574, 1.425982117652893, 1.4074897766113281, 1.3984596729278564, 1.3779537677764893]",sae,Pre-64
1,beta,24,0.145,0.4501416387440968,0.4383559369047743,0.44621284551913,0.5,0.6188330126613704,0.6402665714995035,30,"[0, 1, 2, 3, 4, 5, 6, 7, 8, 9, 10, 11, 12, 13, 14, 15, 16, 17, 18, 19, 20, 21, 22, 23, 24, 25, 26, 27, 28, 29]","[1.3198944330215454, 1.2656100988388062, 1.2818409204483032, 1.3333061933517456, 1.340902328491211, 1.2789766788482666, 1.2765145301818848, 1.2776013612747192, 1.29942786693573, 1.1686789989471436, 1.304042935371399, 1.252124547958374, 1.3242483139038086, 1.3279756307601929, 1.2728935480117798, 1.2521347999572754, 1.3444141149520874, 1.1439805030822754, 1.2581545114517212, 1.3457725048065186, 1.3236944675445557, 1.3345125913619995, 1.2769191265106201, 1.2996852397918701, 1.2438122034072876, 1.2047079801559448, 1.2904603481292725, 1.2487502098083496, 1.3464133739471436, 1.2674494981765747]",sae,Pre-64
1,beta,9,0.086,0.448644851968101,0.4348910401892977,0.4491932571475306,0.5,0.6286670530281078,0.6738916256157637,30,"[0, 1, 2, 3, 4, 5, 6, 7, 8, 9, 10, 11, 12, 13, 14, 15, 16, 17, 18, 19, 20, 21, 22, 23, 24, 25, 26, 27, 28, 29]","[1.575774073600769, 1.4751192331314087, 1.5758576393127441, 1.5475555658340454, 1.4655654430389404, 1.3066095113754272, 1.5564074516296387, 1.4850597381591797, 1.578481674194336, 1.413760781288147, 1.5267012119293213, 1.4873403310775757, 1.4813401699066162, 1.5215904712677002, 1.5997899770736694, 1.5013093948364258, 1.4662796258926392, 1.5556937456130981, 1.586496114730835, 1.4451053142547607, 1.5664901733398438, 1.5836373567581177, 1.4561822414398193, 1.572221279144287, 1.5702056884765625, 1.5631924867630005, 1.4116281270980835, 1.3895553350448608, 1.461814522743225, 1.594030737876892]",sae,Pre-64
1,beta,48,0.165,0.4556814132376,0.4510566266980289,0.4848543072164868,0.5,0.5923878577171784,0.5888885428581137,30,"[0, 1, 2, 3, 4, 5, 6, 7, 8, 9, 10, 11, 12, 13, 14, 15, 16, 17, 18, 19, 20, 21, 22, 23, 24, 25, 26, 27, 28, 29]","[1.4207109212875366, 1.3674571514129639, 1.3554627895355225, 1.3415480852127075, 1.3215585947036743, 1.285031795501709, 1.361613154411316, 1.2764923572540283, 1.3238136768341064, 1.3189913034439087, 1.3756612539291382, 1.3314728736877441, 1.3358075618743896, 1.3255082368850708, 1.288299798965454, 1.3690017461776733, 1.360734224319458, 1.3634010553359985, 1.3960891962051392, 1.2356137037277222, 1.3227627277374268, 1.3942631483078003, 1.3981809616088867, 1.231445550918579, 1.3335399627685547, 1.369300365447998, 1.4005459547042847, 1.3749626874923706, 1.3290846347808838, 1.35298490524292]",sae,Pre-64
1,beta,19,0.094,0.4469965829377276,0.435497383761294,0.413758958362279,0.5,0.6104665954706788,0.7133586707290259,30,"[0, 1, 2, 3, 4, 5, 6, 7, 8, 9, 10, 11, 12, 13, 14, 15, 16, 17, 18, 19, 20, 21, 22, 23, 24, 25, 26, 27, 28, 29]","[1.3313289880752563, 1.3446468114852905, 1.420793056488037, 1.3644789457321167, 1.2831846475601196, 1.297507405281067, 1.3359931707382202, 1.4073212146759033, 1.3125017881393433, 1.4268847703933716, 1.4198248386383057, 1.4470497369766235, 1.3343108892440796, 1.3484593629837036, 1.263367772102356, 1.2825746536254883, 1.4102911949157715, 1.4439632892608643, 1.2959365844726562, 1.3232336044311523, 1.4597080945968628, 1.3256994485855103, 1.3321484327316284, 1.3272559642791748, 1.3235466480255127, 1.42160964012146, 1.4341309070587158, 1.3505817651748657, 1.3054070472717285, 1.300384759902954]",sae,Pre-64
1,beta,28,0.16,0.4589844236982603,0.4495627040154577,0.4363597930098649,0.5,0.5987249917034086,0.6954499122931779,30,"[0, 1, 2, 3, 4, 5, 6, 7, 8, 9, 10, 11, 12, 13, 14, 15, 16, 17, 18, 19, 20, 21, 22, 23, 24, 25, 26, 27, 28, 29]","[1.1352343559265137, 1.0775038003921509, 1.0399432182312012, 1.2336927652359009, 1.179149866104126, 1.2072476148605347, 1.1323752403259277, 1.10542631149292, 1.2175010442733765, 1.2215855121612549, 1.176476240158081, 1.2057819366455078, 1.218854308128357, 1.2209949493408203, 1.1551659107208252, 1.1379764080047607, 1.1653257608413696, 1.2166705131530762, 1.183241605758667, 1.1995640993118286, 1.135400652885437, 1.153017282485962, 1.1304819583892822, 1.08482027053833, 1.1267801523208618, 1.205606460571289, 1.2566165924072266, 1.1601134538650513, 1.1428003311157227, 1.122060775756836]",sae,Pre-64
1,beta,47,0.14,0.4460371044958436,0.4257646434940195,0.4051211151294592,0.5,0.6434257056516428,0.7317736128078185,30,"[0, 1, 2, 3, 4, 5, 6, 7, 8, 9, 10, 11, 12, 13, 14, 15, 16, 17, 18, 19, 20, 21, 22, 23, 24, 25, 26, 27, 28, 29]","[1.4584482908248901, 1.299423098564148, 1.3104748725891113, 1.3240243196487427, 1.4065896272659302, 1.4441527128219604, 1.3933526277542114, 1.4056812524795532, 1.3986209630966187, 1.3370137214660645, 1.3407808542251587, 1.2725220918655396, 1.3198370933532715, 1.4590024948120117, 1.2918654680252075, 1.4179798364639282, 1.3383634090423584, 1.4041049480438232, 1.2470543384552002, 1.2908631563186646, 1.336684226989746, 1.385206699371338, 1.4097727537155151, 1.3033148050308228, 1.3940868377685547, 1.2746559381484985, 1.243911623954773, 1.3830211162567139, 1.2939506769180298, 1.374760627746582]",sae,Pre-64
1,beta,36,0.098,0.4642138821845151,0.4576483090311837,0.4580832380643184,0.5,0.6031055233182893,0.6748537705984514,30,"[0, 1, 2, 3, 4, 5, 6, 7, 8, 9, 10, 11, 12, 13, 14, 15, 16, 17, 18, 19, 20, 21, 22, 23, 24, 25, 26, 27, 28, 29]","[1.3590821027755737, 1.3312928676605225, 1.298726201057434, 1.3494733572006226, 1.2359291315078735, 1.3725817203521729, 1.3113220930099487, 1.3459546566009521, 1.3831027746200562, 1.2443089485168457, 1.285328984260559, 1.3860602378845215, 1.2898231744766235, 1.3104312419891357, 1.3364670276641846, 1.3896944522857666, 1.3509188890457153, 1.3260654211044312, 1.3802998065948486, 1.2849003076553345, 1.334723711013794, 1.3066450357437134, 1.3239362239837646, 1.299572229385376, 1.3744758367538452, 1.34438955783844, 1.312347412109375, 1.3239601850509644, 1.370660424232483, 1.2804256677627563]",sae,Pre-64
1,beta,3,0.096,0.4557259332451328,0.444824285747971,0.4644242806296766,0.5,0.6042731979176,0.6522559814075567,30,"[0, 1, 2, 3, 4, 5, 6, 7, 8, 9, 10, 11, 12, 13, 14, 15, 16, 17, 18, 19, 20, 21, 22, 23, 24, 25, 26, 27, 28, 29]","[1.3987891674041748, 1.4257075786590576, 1.4103529453277588, 1.3683340549468994, 1.4037600755691528, 1.4404057264328003, 1.396335244178772, 1.4439477920532227, 1.199272871017456, 1.4688775539398193, 1.3606722354888916, 1.466937780380249, 1.4024947881698608, 1.3784675598144531, 1.4777847528457642, 1.3973559141159058, 1.4030996561050415, 1.4285410642623901, 1.3624918460845947, 1.3653675317764282, 1.3108164072036743, 1.376818299293518, 1.3735525608062744, 1.4884287118911743, 1.45918869972229, 1.388238787651062, 1.3913301229476929, 1.3848645687103271, 1.4537632465362549, 1.3909496068954468]",sae,Pre-64
1,beta,37,0.18,0.4546908257221888,0.444978337644671,0.4259700181712841,0.5,0.6058579085235571,0.7195953694426673,30,"[0, 1, 2, 3, 4, 5, 6, 7, 8, 9, 10, 11, 12, 13, 14, 15, 16, 17, 18, 19, 20, 21, 22, 23, 24, 25, 26, 27, 28, 29]","[1.2189807891845703, 1.2903608083724976, 1.2639048099517822, 1.2548760175704956, 1.1848798990249634, 1.2904927730560303, 1.230536699295044, 1.32844078540802, 1.3752424716949463, 1.2900880575180054, 1.26438570022583, 1.2674838304519653, 1.3037434816360474, 1.2611815929412842, 1.3288965225219727, 1.2698843479156494, 1.2642338275909424, 1.3156006336212158, 1.2786275148391724, 1.2841318845748901, 1.2855312824249268, 1.2905253171920776, 1.3354673385620117, 1.3099969625473022, 1.2803200483322144, 1.3181761503219604, 1.2736581563949585, 1.2885137796401978, 1.3111872673034668, 1.3287198543548584]",sae,Pre-64
1,beta,3,0.15,0.4557259332451328,0.444824285747971,0.4581628793146137,0.5,0.6042731979176,0.6522502001751713,30,"[0, 1, 2, 3, 4, 5, 6, 7, 8, 9, 10, 11, 12, 13, 14, 15, 16, 17, 18, 19, 20, 21, 22, 23, 24, 25, 26, 27, 28, 29]","[1.394302248954773, 1.4212419986724854, 1.4058606624603271, 1.3638957738876343, 1.399282455444336, 1.435965895652771, 1.3918626308441162, 1.4394886493682861, 1.1947838068008423, 1.4644087553024292, 1.356201171875, 1.4624643325805664, 1.3980313539505005, 1.3740466833114624, 1.4733176231384277, 1.3928563594818115, 1.3986319303512573, 1.4240747690200806, 1.3580199480056763, 1.3608769178390503, 1.306359887123108, 1.372337818145752, 1.3690840005874634, 1.483972191810608, 1.454738736152649, 1.3837487697601318, 1.3868370056152344, 1.3803725242614746, 1.4492875337600708, 1.3864872455596924]",sae,Pre-64
1,beta,20,0.165,0.4408022875601419,0.4262939306313442,0.431989054490434,0.5,0.6176087118064704,0.6484219308378764,30,"[0, 1, 2, 3, 4, 5, 6, 7, 8, 9, 10, 11, 12, 13, 14, 15, 16, 17, 18, 19, 20, 21, 22, 23, 24, 25, 26, 27, 28, 29]","[1.2499022483825684, 1.325299620628357, 1.2711598873138428, 1.3528447151184082, 1.3283450603485107, 1.3139287233352661, 1.3208651542663574, 1.2500897645950317, 1.3186570405960083, 1.2661447525024414, 1.2721329927444458, 1.2617261409759521, 1.3567161560058594, 1.2231274843215942, 1.2536855936050415, 1.3556944131851196, 1.2391916513442993, 1.2565677165985107, 1.2977441549301147, 1.292100429534912, 1.3003709316253662, 1.2272182703018188, 1.318757176399231, 1.365920901298523, 1.3227958679199219, 1.2382643222808838, 1.2655887603759766, 1.3019261360168457, 1.2521584033966064, 1.3468049764633179]",sae,Pre-64
1,beta,15,0.125,0.4529015220185267,0.4424399871594601,0.4347404404138136,0.5,0.6161071485640408,0.7111317712343295,30,"[0, 1, 2, 3, 4, 5, 6, 7, 8, 9, 10, 11, 12, 13, 14, 15, 16, 17, 18, 19, 20, 21, 22, 23, 24, 25, 26, 27, 28, 29]","[1.392014741897583, 1.3625322580337524, 1.4036378860473633, 1.4035686254501343, 1.4782522916793823, 1.3743491172790527, 1.3690129518508911, 1.3932676315307617, 1.4516780376434326, 1.4494109153747559, 1.4375616312026978, 1.3522403240203857, 1.5109786987304688, 1.4544936418533325, 1.3452447652816772, 1.4206676483154297, 1.3583718538284302, 1.5041046142578125, 1.3431402444839478, 1.4101825952529907, 1.4970852136611938, 1.4642564058303833, 1.3854055404663086, 1.42352294921875, 1.39299738407135, 1.2752859592437744, 1.4666708707809448, 1.5112898349761963, 1.408578872680664, 1.4047894477844238]",sae,Pre-64
1,beta,9,0.12,0.448644851968101,0.4348910401892977,0.4452092402348841,0.5,0.6286670530281078,0.6724123442480441,30,"[0, 1, 2, 3, 4, 5, 6, 7, 8, 9, 10, 11, 12, 13, 14, 15, 16, 17, 18, 19, 20, 21, 22, 23, 24, 25, 26, 27, 28, 29]","[1.427170753479004, 1.349426507949829, 1.4365638494491577, 1.408830165863037, 1.3426393270492554, 1.1934890747070312, 1.4124141931533813, 1.3458919525146484, 1.4204105138778687, 1.2895113229751587, 1.3947827816009521, 1.349220871925354, 1.3547463417053223, 1.3939690589904785, 1.449995517730713, 1.3615894317626953, 1.329508662223816, 1.4237159490585327, 1.440172553062439, 1.3201758861541748, 1.418979525566101, 1.4328303337097168, 1.3235632181167603, 1.41960608959198, 1.4327794313430786, 1.4200984239578247, 1.2811249494552612, 1.2366760969161987, 1.3357927799224854, 1.4445866346359253]",sae,Pre-64
1,beta,13,0.135,0.4619123366083722,0.4531466051409948,0.4367075282311671,0.5,0.6127276801885291,0.7078477166089023,30,"[0, 1, 2, 3, 4, 5, 6, 7, 8, 9, 10, 11, 12, 13, 14, 15, 16, 17, 18, 19, 20, 21, 22, 23, 24, 25, 26, 27, 28, 29]","[1.3744500875473022, 1.1887351274490356, 1.357604742050171, 1.2989481687545776, 1.2717911005020142, 1.3605399131774902, 1.3010196685791016, 1.3054919242858887, 1.3237193822860718, 1.306089162826538, 1.3691145181655884, 1.2982027530670166, 1.3125569820404053, 1.335953712463379, 1.3337560892105103, 1.2653486728668213, 1.2524904012680054, 1.328847050666809, 1.2957885265350342, 1.2974926233291626, 1.2696771621704102, 1.2246557474136353, 1.2481576204299927, 1.274239182472229, 1.2900667190551758, 1.2462708950042725, 1.2891652584075928, 1.2610193490982056, 1.303884506225586, 1.3057268857955933]",sae,Pre-64
1,beta,35,0.13,0.4566193215888805,0.4379483378046387,0.4310662776631603,0.5,0.637290178651746,0.713484038884791,30,"[0, 1, 2, 3, 4, 5, 6, 7, 8, 9, 10, 11, 12, 13, 14, 15, 16, 17, 18, 19, 20, 21, 22, 23, 24, 25, 26, 27, 28, 29]","[1.3067954778671265, 1.358299970626831, 1.421407699584961, 1.3648427724838257, 1.3587416410446167, 1.3379486799240112, 1.2794997692108154, 1.4427350759506226, 1.4534541368484497, 1.3662419319152832, 1.4142851829528809, 1.2947016954421997, 1.3562231063842773, 1.2505810260772705, 1.3477129936218262, 1.3031257390975952, 1.4274777173995972, 1.285853624343872, 1.3874117136001587, 1.291710615158081, 1.3074488639831543, 1.29927396774292, 1.3258546590805054, 1.2831469774246216, 1.3265407085418701, 1.3586268424987793, 1.3260321617126465, 1.391160249710083, 1.4207807779312134, 1.3790098428726196]",sae,Pre-64
1,beta,22,0.155,0.4519005213187685,0.4442985770479847,0.4419722683641158,0.5,0.5939599289403404,0.6814124283815104,30,"[0, 1, 2, 3, 4, 5, 6, 7, 8, 9, 10, 11, 12, 13, 14, 15, 16, 17, 18, 19, 20, 21, 22, 23, 24, 25, 26, 27, 28, 29]","[1.3087650537490845, 1.3604694604873657, 1.37248694896698, 1.3742690086364746, 1.4258755445480347, 1.339521050453186, 1.3375396728515625, 1.3288893699645996, 1.313879370689392, 1.348286747932434, 1.3108062744140625, 1.41872239112854, 1.373671293258667, 1.4044461250305176, 1.2957667112350464, 1.3877835273742676, 1.397481918334961, 1.3699759244918823, 1.2954028844833374, 1.3168927431106567, 1.3793928623199463, 1.3809045553207397, 1.3800731897354126, 1.3428964614868164, 1.3687407970428467, 1.4139703512191772, 1.3096249103546143, 1.3087934255599976, 1.451237440109253, 1.2956069707870483]",sae,Pre-64
1,beta,48,0.105,0.4556814132376,0.4510566266980289,0.487736420890627,0.5,0.5923878577171784,0.5906070575178646,30,"[0, 1, 2, 3, 4, 5, 6, 7, 8, 9, 10, 11, 12, 13, 14, 15, 16, 17, 18, 19, 20, 21, 22, 23, 24, 25, 26, 27, 28, 29]","[1.5223256349563599, 1.4683789014816284, 1.4548721313476562, 1.4437369108200073, 1.4152976274490356, 1.3646440505981445, 1.46062171459198, 1.3849111795425415, 1.4170249700546265, 1.4103327989578247, 1.4839204549789429, 1.4248331785202026, 1.4435330629348755, 1.4243392944335938, 1.3773062229156494, 1.4648408889770508, 1.486592173576355, 1.4654818773269653, 1.495996117591858, 1.3421552181243896, 1.4190596342086792, 1.5045720338821411, 1.5066618919372559, 1.3291471004486084, 1.4255828857421875, 1.4796518087387085, 1.50046968460083, 1.4960240125656128, 1.4231280088424683, 1.4528942108154297]",sae,Pre-64
1,beta,37,0.086,0.4546908257221888,0.444978337644671,0.4310126418507795,0.5,0.6058579085235571,0.7187775376926884,30,"[0, 1, 2, 3, 4, 5, 6, 7, 8, 9, 10, 11, 12, 13, 14, 15, 16, 17, 18, 19, 20, 21, 22, 23, 24, 25, 26, 27, 28, 29]","[1.3595277070999146, 1.4280962944030762, 1.4043986797332764, 1.3791322708129883, 1.3219141960144043, 1.432611107826233, 1.3769930601119995, 1.4640446901321411, 1.5069247484207153, 1.4305340051651, 1.4002830982208252, 1.4034433364868164, 1.4380491971969604, 1.4137017726898193, 1.4700908660888672, 1.4175466299057007, 1.3960860967636108, 1.4545811414718628, 1.4106700420379639, 1.4155396223068237, 1.433113694190979, 1.4403306245803833, 1.4725289344787598, 1.4513273239135742, 1.4185676574707031, 1.4599275588989258, 1.4138110876083374, 1.437638521194458, 1.4534605741500854, 1.4697937965393066]",sae,Pre-64
1,beta,46,0.175,0.4545712902572906,0.4417269056853911,0.4477301937634232,0.5,0.6270377926330811,0.6861852807039304,30,"[0, 1, 2, 3, 4, 5, 6, 7, 8, 9, 10, 11, 12, 13, 14, 15, 16, 17, 18, 19, 20, 21, 22, 23, 24, 25, 26, 27, 28, 29]","[1.2613160610198975, 1.3461828231811523, 1.3520559072494507, 1.3514353036880493, 1.2784796953201294, 1.3878570795059204, 1.2833844423294067, 1.376295566558838, 1.333678126335144, 1.415583610534668, 1.1577539443969727, 1.2706665992736816, 1.4046573638916016, 1.2623101472854614, 1.3256206512451172, 1.3876450061798096, 1.3392047882080078, 1.3561252355575562, 1.38115394115448, 1.3906216621398926, 1.307732343673706, 1.3185606002807617, 1.3535161018371582, 1.3409538269042969, 1.3627188205718994, 1.3639187812805176, 1.3332339525222778, 1.3885889053344727, 1.3214921951293945, 1.3365353345870972]",sae,Pre-64
1,beta,14,0.1,0.4467366851483266,0.4421697276018216,0.4298208203261339,0.5,0.5934222168898753,0.6989321975434544,30,"[0, 1, 2, 3, 4, 5, 6, 7, 8, 9, 10, 11, 12, 13, 14, 15, 16, 17, 18, 19, 20, 21, 22, 23, 24, 25, 26, 27, 28, 29]","[1.3559857606887817, 1.2442855834960938, 1.315789818763733, 1.3397107124328613, 1.3700077533721924, 1.3297090530395508, 1.3209937810897827, 1.4070074558258057, 1.32960844039917, 1.385370135307312, 1.2877142429351807, 1.2342697381973267, 1.2604466676712036, 1.3811662197113037, 1.3845664262771606, 1.33293879032135, 1.4052239656448364, 1.3964811563491821, 1.3230628967285156, 1.3192015886306763, 1.354616403579712, 1.3374439477920532, 1.393164873123169, 1.284259557723999, 1.3968955278396606, 1.393536925315857, 1.33034348487854, 1.400165319442749, 1.385289192199707, 1.276781439781189]",sae,Pre-64
1,beta,40,0.17,0.44666181227492,0.4340193094910912,0.431589753618355,0.5,0.6093636266731638,0.6691087118731821,30,"[0, 1, 2, 3, 4, 5, 6, 7, 8, 9, 10, 11, 12, 13, 14, 15, 16, 17, 18, 19, 20, 21, 22, 23, 24, 25, 26, 27, 28, 29]","[1.3542895317077637, 1.2978827953338623, 1.2969845533370972, 1.237196683883667, 1.2700541019439697, 1.3006669282913208, 1.3027437925338745, 1.3132317066192627, 1.3281311988830566, 1.3330260515213013, 1.2758979797363281, 1.2830538749694824, 1.349773645401001, 1.2378313541412354, 1.2559462785720825, 1.3672393560409546, 1.2655696868896484, 1.303171992301941, 1.2553932666778564, 1.2516390085220337, 1.261980414390564, 1.271704077720642, 1.3267494440078735, 1.2909085750579834, 1.3403191566467285, 1.2700386047363281, 1.3340537548065186, 1.2342721223831177, 1.3755840063095093, 1.2633602619171143]",sae,Pre-64
1,beta,41,0.135,0.4543678569363413,0.4427951465832617,0.449141437677752,0.5,0.6190905384235713,0.6738613847221329,30,"[0, 1, 2, 3, 4, 5, 6, 7, 8, 9, 10, 11, 12, 13, 14, 15, 16, 17, 18, 19, 20, 21, 22, 23, 24, 25, 26, 27, 28, 29]","[1.2578704357147217, 1.3115801811218262, 1.2088606357574463, 1.1993337869644165, 1.1814650297164917, 1.3538864850997925, 1.2355645895004272, 1.2820667028427124, 1.2605843544006348, 1.3171076774597168, 1.3183575868606567, 1.2791221141815186, 1.2865862846374512, 1.3255871534347534, 1.3336701393127441, 1.2738583087921143, 1.2239441871643066, 1.2842580080032349, 1.2738921642303467, 1.293609380722046, 1.2020617723464966, 1.2645174264907837, 1.2783621549606323, 1.2808042764663696, 1.2772067785263062, 1.2623462677001953, 1.3094353675842285, 1.3146649599075317, 1.2703605890274048, 1.2195913791656494]",sae,Pre-64
1,beta,37,0.12,0.4546908257221888,0.444978337644671,0.4288753984816903,0.5,0.6058579085235571,0.7180789102014703,30,"[0, 1, 2, 3, 4, 5, 6, 7, 8, 9, 10, 11, 12, 13, 14, 15, 16, 17, 18, 19, 20, 21, 22, 23, 24, 25, 26, 27, 28, 29]","[1.3010053634643555, 1.368990421295166, 1.3437479734420776, 1.3285497426986694, 1.2648653984069824, 1.3722217082977295, 1.3160423040390015, 1.4071359634399414, 1.4538750648498535, 1.3728983402252197, 1.3438282012939453, 1.3483405113220215, 1.3827863931655884, 1.348939299583435, 1.4079854488372803, 1.355040192604065, 1.3397724628448486, 1.3987516164779663, 1.3556324243545532, 1.3580721616744995, 1.3721215724945068, 1.3782621622085571, 1.414882779121399, 1.392820954322815, 1.3601363897323608, 1.4022966623306274, 1.3539875745773315, 1.3788014650344849, 1.3924583196640015, 1.4074472188949585]",sae,Pre-64
1,beta,32,0.175,0.4555596844830426,0.4475674839123162,0.4655187818485291,0.5,0.5924839124839124,0.6294362934362935,30,"[0, 1, 2, 3, 4, 5, 6, 7, 8, 9, 10, 11, 12, 13, 14, 15, 16, 17, 18, 19, 20, 21, 22, 23, 24, 25, 26, 27, 28, 29]","[1.3365753889083862, 1.2422326803207397, 1.334205985069275, 1.2669832706451416, 1.2722280025482178, 1.3533562421798706, 1.280436396598816, 1.2551026344299316, 1.2557454109191895, 1.2584024667739868, 1.2545192241668701, 1.2473502159118652, 1.2787649631500244, 1.2005865573883057, 1.1902275085449219, 1.2079620361328125, 1.2374993562698364, 1.2764394283294678, 1.2215784788131714, 1.2597854137420654, 1.3402328491210938, 1.2589516639709473, 1.2086504697799683, 1.3362360000610352, 1.273552417755127, 1.2110174894332886, 1.3248889446258545, 1.1299033164978027, 1.3437364101409912, 1.3355358839035034]",sae,Pre-64
1,beta,49,0.13,0.462130925118617,0.4524487678230295,0.4490255189028532,0.5,0.6141152509743157,0.6819754542893366,30,"[0, 1, 2, 3, 4, 5, 6, 7, 8, 9, 10, 11, 12, 13, 14, 15, 16, 17, 18, 19, 20, 21, 22, 23, 24, 25, 26, 27, 28, 29]","[1.2774189710617065, 1.323340654373169, 1.321977972984314, 1.305588722229004, 1.2492674589157104, 1.2865630388259888, 1.3561663627624512, 1.2600152492523193, 1.3760608434677124, 1.3370327949523926, 1.2796149253845215, 1.2716143131256104, 1.328546404838562, 1.328927993774414, 1.3594090938568115, 1.3080037832260132, 1.403100609779358, 1.3833980560302734, 1.2522785663604736, 1.3357617855072021, 1.375594973564148, 1.292956829071045, 1.3825459480285645, 1.3239691257476807, 1.2900723218917847, 1.3277456760406494, 1.3252904415130615, 1.2920621633529663, 1.2094032764434814, 1.2842782735824585]",sae,Pre-64
1,beta,36,0.155,0.4642138821845151,0.4576483090311837,0.4565708580270359,0.5,0.6031055233182893,0.6748523184693398,30,"[0, 1, 2, 3, 4, 5, 6, 7, 8, 9, 10, 11, 12, 13, 14, 15, 16, 17, 18, 19, 20, 21, 22, 23, 24, 25, 26, 27, 28, 29]","[1.356318712234497, 1.3285439014434814, 1.2959685325622559, 1.3467150926589966, 1.2331653833389282, 1.3698208332061768, 1.3085659742355347, 1.3432139158248901, 1.3803462982177734, 1.2415385246276855, 1.2825654745101929, 1.383301019668579, 1.2870471477508545, 1.3076647520065308, 1.333715558052063, 1.3869370222091675, 1.3481519222259521, 1.3233048915863037, 1.37754225730896, 1.2821234464645386, 1.3319594860076904, 1.3038809299468994, 1.321175217628479, 1.2968215942382812, 1.3717130422592163, 1.3416415452957153, 1.3095722198486328, 1.321191668510437, 1.3679081201553345, 1.277658462524414]",sae,Pre-64
1,beta,25,0.11,0.4465066892532915,0.4352791138475453,0.4389201513840968,0.5,0.6270054355300688,0.6628416640256408,30,"[0, 1, 2, 3, 4, 5, 6, 7, 8, 9, 10, 11, 12, 13, 14, 15, 16, 17, 18, 19, 20, 21, 22, 23, 24, 25, 26, 27, 28, 29]","[1.3751025199890137, 1.3858314752578735, 1.2844091653823853, 1.408676028251648, 1.404695987701416, 1.39472234249115, 1.2813799381256104, 1.305152416229248, 1.3523263931274414, 1.2568491697311401, 1.4063072204589844, 1.3245400190353394, 1.3879175186157227, 1.313211441040039, 1.2963331937789917, 1.322898507118225, 1.1916847229003906, 1.2327570915222168, 1.2758897542953491, 1.301710605621338, 1.4182265996932983, 1.216719150543213, 1.3693068027496338, 1.3185458183288574, 1.352073073387146, 1.3037266731262207, 1.4327656030654907, 1.383833885192871, 1.4038947820663452, 1.2584905624389648]",sae,Pre-64
1,beta,23,0.12,0.4478205607315014,0.4344954522622479,0.4345301063025991,0.5,0.6150139710231751,0.6744607880958108,30,"[0, 1, 2, 3, 4, 5, 6, 7, 8, 9, 10, 11, 12, 13, 14, 15, 16, 17, 18, 19, 20, 21, 22, 23, 24, 25, 26, 27, 28, 29]","[1.3374395370483398, 1.3843047618865967, 1.3557566404342651, 1.4723554849624634, 1.2638258934020996, 1.3306936025619507, 1.4551074504852295, 1.3632807731628418, 1.3323495388031006, 1.4676928520202637, 1.4634138345718384, 1.4216676950454712, 1.4050036668777466, 1.2986434698104858, 1.3958706855773926, 1.4547240734100342, 1.1645134687423706, 1.374546766281128, 1.3188493251800537, 1.344902515411377, 1.4586166143417358, 1.480162501335144, 1.3292523622512817, 1.466288447380066, 1.4618439674377441, 1.3777523040771484, 1.337738037109375, 1.360782504081726, 1.3792632818222046, 1.476800799369812]",sae,Pre-64
1,beta,30,0.185,0.4638407167611665,0.4544841508273655,0.4368581832465081,0.5,0.6043368975359404,0.6928274999164267,30,"[0, 1, 2, 3, 4, 5, 6, 7, 8, 9, 10, 11, 12, 13, 14, 15, 16, 17, 18, 19, 20, 21, 22, 23, 24, 25, 26, 27, 28, 29]","[1.325736165046692, 1.2756335735321045, 1.3074092864990234, 1.2702568769454956, 1.2709757089614868, 1.2545526027679443, 1.2717833518981934, 1.2425402402877808, 1.2292203903198242, 1.2472378015518188, 1.3286727666854858, 1.2331626415252686, 1.2170054912567139, 1.2393707036972046, 1.2970830202102661, 1.3116339445114136, 1.254406452178955, 1.2582119703292847, 1.3334378004074097, 1.2573087215423584, 1.2342530488967896, 1.188609004020691, 1.2713791131973267, 1.2591367959976196, 1.368632197380066, 1.2563332319259644, 1.2945786714553833, 1.2531849145889282, 1.304239273071289, 1.279214859008789]",sae,Pre-64
1,beta,31,0.096,0.4497611378811508,0.4308970333737342,0.4311728208005844,0.5,0.642735734520437,0.7096880962016534,30,"[0, 1, 2, 3, 4, 5, 6, 7, 8, 9, 10, 11, 12, 13, 14, 15, 16, 17, 18, 19, 20, 21, 22, 23, 24, 25, 26, 27, 28, 29]","[1.4215714931488037, 1.3911842107772827, 1.3255454301834106, 1.3317068815231323, 1.3969416618347168, 1.4504457712173462, 1.346371054649353, 1.3999178409576416, 1.3750683069229126, 1.40630042552948, 1.3945038318634033, 1.3996702432632446, 1.4303371906280518, 1.2604845762252808, 1.4449660778045654, 1.3830041885375977, 1.4027605056762695, 1.3923345804214478, 1.4030462503433228, 1.3639968633651733, 1.4524234533309937, 1.399948239326477, 1.4425320625305176, 1.4195175170898438, 1.3938415050506592, 1.409909725189209, 1.3215855360031128, 1.4605180025100708, 1.325344204902649, 1.4186804294586182]",sae,Pre-64
1,beta,19,0.14,0.4469965829377276,0.435497383761294,0.4126882780877415,0.5,0.6104665954706788,0.7118509909853316,30,"[0, 1, 2, 3, 4, 5, 6, 7, 8, 9, 10, 11, 12, 13, 14, 15, 16, 17, 18, 19, 20, 21, 22, 23, 24, 25, 26, 27, 28, 29]","[1.250300645828247, 1.2599338293075562, 1.330876111984253, 1.2795817852020264, 1.1838054656982422, 1.2029590606689453, 1.248052716255188, 1.310957670211792, 1.2322578430175781, 1.3274532556533813, 1.3136860132217407, 1.3471436500549316, 1.248518705368042, 1.2597297430038452, 1.1641954183578491, 1.187694787979126, 1.319458246231079, 1.3520395755767822, 1.2040075063705444, 1.2371983528137207, 1.3603426218032837, 1.2458456754684448, 1.238786220550537, 1.240495204925537, 1.2398120164871216, 1.323244333267212, 1.3431352376937866, 1.2648237943649292, 1.2082905769348145, 1.2197591066360474]",sae,Pre-64
1,beta,49,0.19,0.462130925118617,0.4524487678230295,0.4487824850889516,0.5,0.6141152509743157,0.6819607808611542,30,"[0, 1, 2, 3, 4, 5, 6, 7, 8, 9, 10, 11, 12, 13, 14, 15, 16, 17, 18, 19, 20, 21, 22, 23, 24, 25, 26, 27, 28, 29]","[1.2758923768997192, 1.321816086769104, 1.320457100868225, 1.3040696382522583, 1.247749924659729, 1.2850425243377686, 1.3546468019485474, 1.2584987878799438, 1.374546766281128, 1.3355121612548828, 1.2780961990356445, 1.2700902223587036, 1.3270260095596313, 1.3274059295654297, 1.3578929901123047, 1.306484341621399, 1.4015847444534302, 1.3818825483322144, 1.2507634162902832, 1.3342387676239014, 1.3740731477737427, 1.2914414405822754, 1.3810272216796875, 1.322444200515747, 1.2885476350784302, 1.3262264728546143, 1.3237619400024414, 1.29053795337677, 1.2078864574432373, 1.2827588319778442]",sae,Pre-64
1,beta,45,0.15,0.4515599815008028,0.4347157609968581,0.4395628389519662,0.5,0.6289673345145609,0.6746020928929474,30,"[0, 1, 2, 3, 4, 5, 6, 7, 8, 9, 10, 11, 12, 13, 14, 15, 16, 17, 18, 19, 20, 21, 22, 23, 24, 25, 26, 27, 28, 29]","[1.2667948007583618, 1.254345417022705, 1.169324517250061, 1.3038660287857056, 1.3016010522842407, 1.1290485858917236, 1.320845365524292, 1.2543522119522095, 1.2086659669876099, 1.154870629310608, 1.234489917755127, 1.3155137300491333, 1.2629450559616089, 1.1639248132705688, 1.2104482650756836, 1.2376292943954468, 1.219170331954956, 1.1073873043060303, 1.2455074787139893, 1.2538976669311523, 1.2702603340148926, 1.1856788396835327, 1.2650556564331055, 1.1175557374954224, 1.1055808067321777, 1.2950941324234009, 1.2016938924789429, 1.2161036729812622, 1.1144615411758423, 1.3061981201171875]",sae,Pre-64
1,beta,14,0.16,0.4467366851483266,0.4421697276018216,0.4269936475169583,0.5,0.5934222168898753,0.6992381409439254,30,"[0, 1, 2, 3, 4, 5, 6, 7, 8, 9, 10, 11, 12, 13, 14, 15, 16, 17, 18, 19, 20, 21, 22, 23, 24, 25, 26, 27, 28, 29]","[1.2818498611450195, 1.1746710538864136, 1.233275055885315, 1.260612964630127, 1.2894370555877686, 1.2529841661453247, 1.243923544883728, 1.3175140619277954, 1.2549123764038086, 1.29694402217865, 1.2081921100616455, 1.1497195959091187, 1.1767003536224365, 1.3021466732025146, 1.304440975189209, 1.2562707662582397, 1.3235201835632324, 1.3116151094436646, 1.2358486652374268, 1.2400821447372437, 1.2763491868972778, 1.255329966545105, 1.312450885772705, 1.2122644186019897, 1.31391179561615, 1.3088330030441284, 1.2438570261001587, 1.3144739866256714, 1.2992554903030396, 1.1859090328216553]",sae,Pre-64
1,beta,9,0.098,0.448644851968101,0.4348910401892977,0.4491417362705669,0.5,0.6286670530281078,0.6738814836279339,30,"[0, 1, 2, 3, 4, 5, 6, 7, 8, 9, 10, 11, 12, 13, 14, 15, 16, 17, 18, 19, 20, 21, 22, 23, 24, 25, 26, 27, 28, 29]","[1.572202444076538, 1.4715406894683838, 1.5722688436508179, 1.543949007987976, 1.4619534015655518, 1.3029744625091553, 1.5528172254562378, 1.481492042541504, 1.5749164819717407, 1.4101845026016235, 1.5230756998062134, 1.4837270975112915, 1.4777677059173584, 1.5179744958877563, 1.5962101221084595, 1.4977103471755981, 1.4626960754394531, 1.5520962476730347, 1.5829194784164429, 1.4414910078048706, 1.5629090070724487, 1.5800590515136719, 1.4525812864303589, 1.5686415433883667, 1.5666037797927856, 1.5596051216125488, 1.408028483390808, 1.3860251903533936, 1.4581769704818726, 1.5904632806777954]",sae,Pre-64
1,beta,31,0.15,0.4497611378811508,0.4308970333737342,0.4285981848998714,0.5,0.642735734520437,0.7085217089668728,30,"[0, 1, 2, 3, 4, 5, 6, 7, 8, 9, 10, 11, 12, 13, 14, 15, 16, 17, 18, 19, 20, 21, 22, 23, 24, 25, 26, 27, 28, 29]","[1.2933188676834106, 1.2759449481964111, 1.2279739379882812, 1.2190855741500854, 1.2931917905807495, 1.3194037675857544, 1.2333394289016724, 1.2952090501785278, 1.2761720418930054, 1.2826180458068848, 1.2805099487304688, 1.2905471324920654, 1.3179551362991333, 1.1604058742523193, 1.3349487781524658, 1.2753185033798218, 1.282691478729248, 1.2666703462600708, 1.284337043762207, 1.2436150312423706, 1.3381277322769165, 1.2951384782791138, 1.3248772621154785, 1.3115577697753906, 1.2833973169326782, 1.2936654090881348, 1.2057918310165405, 1.341979742050171, 1.230703592300415, 1.3137675523757935]",sae,Pre-64
1,beta,43,0.16,0.4515364523902173,0.4432102910589974,0.4355113096213961,0.5,0.6060785767234989,0.6985203854707189,30,"[0, 1, 2, 3, 4, 5, 6, 7, 8, 9, 10, 11, 12, 13, 14, 15, 16, 17, 18, 19, 20, 21, 22, 23, 24, 25, 26, 27, 28, 29]","[1.326446294784546, 1.4142873287200928, 1.3453269004821777, 1.2817554473876953, 1.3205058574676514, 1.2547730207443237, 1.2981747388839722, 1.2774641513824463, 1.3778632879257202, 1.2769145965576172, 1.239014744758606, 1.384529709815979, 1.3289555311203003, 1.2787498235702515, 1.2756526470184326, 1.1861835718154907, 1.3650447130203247, 1.2917269468307495, 1.3630914688110352, 1.3487780094146729, 1.2753570079803467, 1.276169776916504, 1.3719240427017212, 1.3479664325714111, 1.2449795007705688, 1.3607310056686401, 1.3887488842010498, 1.2846561670303345, 1.3609899282455444, 1.397039771080017]",sae,Pre-64
1,beta,4,0.175,0.4589558369307028,0.4477177462853796,0.452905568890858,0.5,0.61034827708266,0.6592501962232791,30,"[0, 1, 2, 3, 4, 5, 6, 7, 8, 9, 10, 11, 12, 13, 14, 15, 16, 17, 18, 19, 20, 21, 22, 23, 24, 25, 26, 27, 28, 29]","[1.298295021057129, 1.2800602912902832, 1.2200815677642822, 1.3512709140777588, 1.1949423551559448, 1.2331081628799438, 1.265265941619873, 1.2165390253067017, 1.3106586933135986, 1.3194055557250977, 1.307051181793213, 1.2336781024932861, 1.3518539667129517, 1.2572133541107178, 1.2111061811447144, 1.2985756397247314, 1.2982511520385742, 1.2740578651428223, 1.235446810722351, 1.3262605667114258, 1.2870275974273682, 1.3432180881500244, 1.2950544357299805, 1.1994121074676514, 1.2907989025115967, 1.2246291637420654, 1.2518903017044067, 1.26713228225708, 1.3308653831481934, 1.211625576019287]",sae,Pre-64
1,beta,15,0.088,0.4529015220185267,0.4424399871594601,0.4354387499792829,0.5,0.6161071485640408,0.7111332238992432,30,"[0, 1, 2, 3, 4, 5, 6, 7, 8, 9, 10, 11, 12, 13, 14, 15, 16, 17, 18, 19, 20, 21, 22, 23, 24, 25, 26, 27, 28, 29]","[1.3984136581420898, 1.3688843250274658, 1.409993052482605, 1.4099690914154053, 1.4845441579818726, 1.380743384361267, 1.3753596544265747, 1.3996150493621826, 1.4580519199371338, 1.4558054208755493, 1.4439010620117188, 1.3586195707321167, 1.5172978639602661, 1.4608741998672485, 1.351628065109253, 1.4270137548446655, 1.3647972345352173, 1.5103909969329834, 1.3494902849197388, 1.4165877103805542, 1.5034109354019165, 1.4706209897994995, 1.3917640447616577, 1.4298983812332153, 1.3993041515350342, 1.2816187143325806, 1.4729876518249512, 1.5176143646240234, 1.4149386882781982, 1.4111374616622925]",sae,Pre-64
1,beta,20,0.09,0.4408022875601419,0.4262939306313442,0.4358975833132726,0.5,0.6176087118064704,0.6504840267785367,30,"[0, 1, 2, 3, 4, 5, 6, 7, 8, 9, 10, 11, 12, 13, 14, 15, 16, 17, 18, 19, 20, 21, 22, 23, 24, 25, 26, 27, 28, 29]","[1.4334183931350708, 1.5041595697402954, 1.4414955377578735, 1.5481899976730347, 1.4959180355072021, 1.5141215324401855, 1.5107704401016235, 1.431585431098938, 1.4776848554611206, 1.4363523721694946, 1.4495924711227417, 1.4422954320907593, 1.5602905750274658, 1.3923351764678955, 1.4481027126312256, 1.547163724899292, 1.4384533166885376, 1.4099946022033691, 1.478698492050171, 1.4780102968215942, 1.47213613986969, 1.3793076276779175, 1.4977164268493652, 1.5523062944412231, 1.5169695615768433, 1.4040729999542236, 1.4479130506515503, 1.4900891780853271, 1.4025752544403076, 1.5510817766189575]",sae,Pre-64
1,beta,4,0.115,0.4589558369307028,0.4477177462853796,0.4573170672974935,0.5,0.61034827708266,0.6590916785939641,30,"[0, 1, 2, 3, 4, 5, 6, 7, 8, 9, 10, 11, 12, 13, 14, 15, 16, 17, 18, 19, 20, 21, 22, 23, 24, 25, 26, 27, 28, 29]","[1.3381760120391846, 1.3226070404052734, 1.2545007467269897, 1.3885154724121094, 1.2291592359542847, 1.2694947719573975, 1.306207299232483, 1.2549686431884766, 1.3445807695388794, 1.3654747009277344, 1.3428441286087036, 1.276220440864563, 1.3883943557739258, 1.2867887020111084, 1.2513426542282104, 1.3353173732757568, 1.3371814489364624, 1.3113354444503784, 1.2712430953979492, 1.36497163772583, 1.3242112398147583, 1.383100986480713, 1.3276076316833496, 1.2391624450683594, 1.3239561319351196, 1.2610872983932495, 1.282922625541687, 1.300965666770935, 1.36783766746521, 1.2454583644866943]",sae,Pre-64
1,beta,33,0.14,0.4492211383258522,0.4377959816952598,0.4270558658544028,0.5,0.6165210074526608,0.6947887941396914,30,"[0, 1, 2, 3, 4, 5, 6, 7, 8, 9, 10, 11, 12, 13, 14, 15, 16, 17, 18, 19, 20, 21, 22, 23, 24, 25, 26, 27, 28, 29]","[1.3306705951690674, 1.4065946340560913, 1.3633853197097778, 1.3388702869415283, 1.295748233795166, 1.4286092519760132, 1.2876651287078857, 1.4000296592712402, 1.4058406352996826, 1.404210090637207, 1.349488377571106, 1.4069116115570068, 1.3490829467773438, 1.307337760925293, 1.3040236234664917, 1.3970509767532349, 1.3202502727508545, 1.327620029449463, 1.4083584547042847, 1.4048545360565186, 1.3348013162612915, 1.287524938583374, 1.4242339134216309, 1.378760814666748, 1.4227362871170044, 1.3082066774368286, 1.3271018266677856, 1.310002088546753, 1.2753607034683228, 1.3320984840393066]",sae,Pre-64
1,beta,25,0.095,0.4465066892532915,0.4352791138475453,0.4389283840835741,0.5,0.6270054355300688,0.662838674185119,30,"[0, 1, 2, 3, 4, 5, 6, 7, 8, 9, 10, 11, 12, 13, 14, 15, 16, 17, 18, 19, 20, 21, 22, 23, 24, 25, 26, 27, 28, 29]","[1.3757336139678955, 1.386460542678833, 1.2850396633148193, 1.409303903579712, 1.4053230285644531, 1.3953505754470825, 1.2820063829421997, 1.3057794570922852, 1.3529585599899292, 1.257475733757019, 1.4069358110427856, 1.3251675367355347, 1.3885473012924194, 1.313840389251709, 1.29696524143219, 1.3235284090042114, 1.1923097372055054, 1.233389139175415, 1.2765231132507324, 1.3023450374603271, 1.4188570976257324, 1.2173455953598022, 1.3699356317520142, 1.3191787004470825, 1.3527041673660278, 1.3043557405471802, 1.433394432067871, 1.384463906288147, 1.4045255184173584, 1.2591205835342407]",sae,Pre-64
1,beta,32,0.094,0.4555596844830426,0.4475674839123162,0.4708581566244982,0.5,0.5924839124839124,0.6331340319911749,30,"[0, 1, 2, 3, 4, 5, 6, 7, 8, 9, 10, 11, 12, 13, 14, 15, 16, 17, 18, 19, 20, 21, 22, 23, 24, 25, 26, 27, 28, 29]","[1.490295171737671, 1.4118635654449463, 1.49116051197052, 1.4257242679595947, 1.4349961280822754, 1.4995914697647095, 1.4308334589004517, 1.4111301898956299, 1.3877862691879272, 1.3967732191085815, 1.4121829271316528, 1.3868696689605713, 1.4304046630859375, 1.3500126600265503, 1.338842749595642, 1.3438125848770142, 1.3708621263504028, 1.4344490766525269, 1.3809266090393066, 1.4109234809875488, 1.4955064058303833, 1.4116894006729126, 1.3342970609664917, 1.4971195459365845, 1.4259389638900757, 1.3567285537719727, 1.4728155136108398, 1.2927918434143066, 1.501413106918335, 1.4942508935928345]",sae,Pre-64
1,beta,1,0.16,0.4560357198099471,0.4497423189216591,0.4457650311311069,0.5,0.5964054457666336,0.6820238348207961,30,"[0, 1, 2, 3, 4, 5, 6, 7, 8, 9, 10, 11, 12, 13, 14, 15, 16, 17, 18, 19, 20, 21, 22, 23, 24, 25, 26, 27, 28, 29]","[1.4070169925689697, 1.307725191116333, 1.3606468439102173, 1.247658610343933, 1.3433531522750854, 1.27043616771698, 1.2783620357513428, 1.3452626466751099, 1.251600980758667, 1.3075659275054932, 1.3062564134597778, 1.3491111993789673, 1.3999308347702026, 1.2769079208374023, 1.397304892539978, 1.2289321422576904, 1.2521843910217285, 1.3064830303192139, 1.3774043321609497, 1.4078550338745117, 1.3965331315994263, 1.3572298288345337, 1.3316718339920044, 1.3021039962768555, 1.2694100141525269, 1.2931948900222778, 1.3216416835784912, 1.3268259763717651, 1.4091567993164062, 1.3315352201461792]",sae,Pre-64
1,beta,18,0.175,0.4575117633693479,0.4471831599677374,0.4182839141236465,0.5,0.6052065040104606,0.7279783219994782,30,"[0, 1, 2, 3, 4, 5, 6, 7, 8, 9, 10, 11, 12, 13, 14, 15, 16, 17, 18, 19, 20, 21, 22, 23, 24, 25, 26, 27, 28, 29]","[1.08156156539917, 1.1808451414108276, 1.2274887561798096, 1.1775970458984375, 1.1839946508407593, 1.1783868074417114, 1.302558422088623, 1.1474957466125488, 1.2003755569458008, 1.1137614250183105, 1.279771089553833, 1.1947054862976074, 1.217077374458313, 1.243087649345398, 1.1674503087997437, 1.1044795513153076, 1.2428091764450073, 1.1572407484054565, 1.1403177976608276, 1.0754040479660034, 1.2844663858413696, 1.1361045837402344, 1.2445805072784424, 1.2017990350723267, 1.1962649822235107, 1.1700507402420044, 1.2117968797683716, 1.2385376691818237, 1.2291908264160156, 1.181313395500183]",sae,Pre-64
1,beta,32,0.115,0.4555596844830426,0.4475674839123162,0.4708078513240675,0.5,0.5924839124839124,0.6331237359808788,30,"[0, 1, 2, 3, 4, 5, 6, 7, 8, 9, 10, 11, 12, 13, 14, 15, 16, 17, 18, 19, 20, 21, 22, 23, 24, 25, 26, 27, 28, 29]","[1.4880796670913696, 1.4096556901931763, 1.4889456033706665, 1.4235012531280518, 1.4327837228775024, 1.4973690509796143, 1.4286129474639893, 1.408919334411621, 1.3855489492416382, 1.394540786743164, 1.4099594354629517, 1.3846404552459717, 1.428188681602478, 1.3477939367294312, 1.336620807647705, 1.3415796756744385, 1.3686237335205078, 1.4322311878204346, 1.3787081241607666, 1.4086999893188477, 1.4932903051376343, 1.4094678163528442, 1.3320502042770386, 1.4949030876159668, 1.4237176179885864, 1.3545070886611938, 1.4705901145935059, 1.2905795574188232, 1.4991995096206665, 1.4920350313186646]",sae,Pre-64
1,beta,11,0.145,0.4566976193509867,0.4496008864727478,0.4327245195943158,0.5,0.5995106990682213,0.710490120335253,30,"[0, 1, 2, 3, 4, 5, 6, 7, 8, 9, 10, 11, 12, 13, 14, 15, 16, 17, 18, 19, 20, 21, 22, 23, 24, 25, 26, 27, 28, 29]","[1.298683524131775, 1.1099923849105835, 1.2595438957214355, 1.1941287517547607, 1.332411289215088, 1.1941964626312256, 1.2181847095489502, 1.1186963319778442, 1.3156533241271973, 1.3258410692214966, 1.3365083932876587, 1.3461027145385742, 1.3494163751602173, 1.2585978507995605, 1.2355252504348755, 1.1981749534606934, 1.2749003171920776, 1.2206679582595825, 1.2547094821929932, 1.2994996309280396, 1.280848741531372, 1.2924814224243164, 1.330349326133728, 1.259937047958374, 1.2608022689819336, 1.3107272386550903, 1.3216581344604492, 1.2063688039779663, 1.2527265548706055, 1.2341316938400269]",sae,Pre-64
1,beta,20,0.105,0.4408022875601419,0.4262939306313442,0.4358686618393337,0.5,0.6176087118064704,0.6504705159124227,30,"[0, 1, 2, 3, 4, 5, 6, 7, 8, 9, 10, 11, 12, 13, 14, 15, 16, 17, 18, 19, 20, 21, 22, 23, 24, 25, 26, 27, 28, 29]","[1.4306554794311523, 1.501389503479004, 1.438720703125, 1.545444130897522, 1.493134617805481, 1.5113734006881714, 1.5080158710479736, 1.4288307428359985, 1.4748960733413696, 1.4335967302322388, 1.446835994720459, 1.439542531967163, 1.5575464963912964, 1.3895572423934937, 1.445349931716919, 1.5444080829620361, 1.43571937084198, 1.4072033166885376, 1.4759339094161987, 1.4752455949783325, 1.4693785905838013, 1.3765217065811157, 1.494940996170044, 1.5495480298995972, 1.5142143964767456, 1.4012895822525024, 1.4451544284820557, 1.4873361587524414, 1.3997783660888672, 1.5483413934707642]",sae,Pre-64
1,beta,0,0.1,0.4600628296558519,0.4487196928272481,0.4324312004041801,0.5,0.6146148452673732,0.7223497275239585,30,"[0, 1, 2, 3, 4, 5, 6, 7, 8, 9, 10, 11, 12, 13, 14, 15, 16, 17, 18, 19, 20, 21, 22, 23, 24, 25, 26, 27, 28, 29]","[1.3864487409591675, 1.4300459623336792, 1.4072009325027466, 1.4607470035552979, 1.3805246353149414, 1.4042575359344482, 1.4517534971237183, 1.4823901653289795, 1.4655009508132935, 1.4102683067321777, 1.4016083478927612, 1.4167999029159546, 1.4780089855194092, 1.4613641500473022, 1.478163480758667, 1.426985740661621, 1.4381930828094482, 1.3614223003387451, 1.3114076852798462, 1.461493968963623, 1.3823339939117432, 1.369391918182373, 1.4612548351287842, 1.4044296741485596, 1.3794044256210327, 1.3427485227584839, 1.4668906927108765, 1.3518962860107422, 1.4599485397338867, 1.3440980911254883]",sae,Pre-64
1,beta,12,0.17,0.4455148672091349,0.4361346773072694,0.4082161203168435,0.5,0.5892778403611032,0.7318275941048066,30,"[0, 1, 2, 3, 4, 5, 6, 7, 8, 9, 10, 11, 12, 13, 14, 15, 16, 17, 18, 19, 20, 21, 22, 23, 24, 25, 26, 27, 28, 29]","[1.2121388912200928, 1.2982624769210815, 1.224830985069275, 1.1266453266143799, 1.2813663482666016, 1.2269282341003418, 1.2332239151000977, 1.292810320854187, 1.3169013261795044, 1.2031023502349854, 1.2045871019363403, 1.3532763719558716, 1.2133032083511353, 1.2922474145889282, 1.1917471885681152, 1.3538004159927368, 1.164437174797058, 1.3180921077728271, 1.2609034776687622, 1.3327391147613525, 1.3260613679885864, 1.257614254951477, 1.237518310546875, 1.3516241312026978, 1.3271952867507935, 1.1922775506973267, 1.3301740884780884, 1.296215295791626, 1.2488031387329102, 1.3603737354278564]",sae,Pre-64
1,beta,26,0.092,0.4502231978181314,0.4442488029476733,0.4596927938409323,0.5,0.5832450787939482,0.6466967692191801,30,"[0, 1, 2, 3, 4, 5, 6, 7, 8, 9, 10, 11, 12, 13, 14, 15, 16, 17, 18, 19, 20, 21, 22, 23, 24, 25, 26, 27, 28, 29]","[1.4220263957977295, 1.4332383871078491, 1.59583580493927, 1.3879860639572144, 1.4588518142700195, 1.5009546279907227, 1.4872432947158813, 1.3858940601348877, 1.489841341972351, 1.456552267074585, 1.3723986148834229, 1.598002552986145, 1.533556342124939, 1.4719043970108032, 1.5472739934921265, 1.4334636926651, 1.4789937734603882, 1.364651083946228, 1.5088975429534912, 1.4591434001922607, 1.4187790155410767, 1.5727707147598267, 1.460517168045044, 1.5013328790664673, 1.578834056854248, 1.569916009902954, 1.4279611110687256, 1.4836840629577637, 1.2962887287139893, 1.419270634651184]",sae,Pre-64
1,beta,2,0.185,0.4419681213812466,0.4306250660512843,0.4199884228870526,0.5,0.6028191218064636,0.6885838317800342,30,"[0, 1, 2, 3, 4, 5, 6, 7, 8, 9, 10, 11, 12, 13, 14, 15, 16, 17, 18, 19, 20, 21, 22, 23, 24, 25, 26, 27, 28, 29]","[1.177575945854187, 1.191521167755127, 1.1720068454742432, 1.2240498065948486, 1.1620608568191528, 1.2321003675460815, 1.2029961347579956, 1.1968423128128052, 1.1483885049819946, 1.1551190614700317, 1.178501009941101, 1.1624667644500732, 1.1972463130950928, 1.2313791513442993, 1.221009612083435, 1.1849093437194824, 1.2126606702804565, 1.2674561738967896, 1.2568978071212769, 1.2425966262817383, 1.1858376264572144, 1.185736894607544, 1.2300366163253784, 1.2205467224121094, 1.1919605731964111, 1.1700071096420288, 1.2158206701278687, 1.2082847356796265, 1.0474992990493774, 1.2580279111862183]",sae,Pre-64
1,beta,44,0.125,0.4469012312759677,0.43811650775401,0.4572203481350469,0.5,0.5982762074796864,0.6215449022761956,30,"[0, 1, 2, 3, 4, 5, 6, 7, 8, 9, 10, 11, 12, 13, 14, 15, 16, 17, 18, 19, 20, 21, 22, 23, 24, 25, 26, 27, 28, 29]","[1.3507723808288574, 1.3545509576797485, 1.2986806631088257, 1.3280996084213257, 1.3441563844680786, 1.4006341695785522, 1.3770331144332886, 1.2962571382522583, 1.36370050907135, 1.4145082235336304, 1.343334674835205, 1.3196219205856323, 1.3489288091659546, 1.3156678676605225, 1.4177238941192627, 1.4167227745056152, 1.2856820821762085, 1.1937042474746704, 1.3593029975891113, 1.3460721969604492, 1.3178956508636475, 1.2925763130187988, 1.338722586631775, 1.3466577529907227, 1.4023785591125488, 1.301928997039795, 1.3233226537704468, 1.3461719751358032, 1.341408610343933, 1.3602064847946167]",sae,Pre-64
1,beta,43,0.1,0.4515364523902173,0.4432102910589974,0.4406193496125374,0.5,0.6060785767234989,0.699358042994811,30,"[0, 1, 2, 3, 4, 5, 6, 7, 8, 9, 10, 11, 12, 13, 14, 15, 16, 17, 18, 19, 20, 21, 22, 23, 24, 25, 26, 27, 28, 29]","[1.5100215673446655, 1.58330237865448, 1.5593427419662476, 1.4564591646194458, 1.4914934635162354, 1.4306187629699707, 1.461432933807373, 1.448304533958435, 1.5483360290527344, 1.4379037618637085, 1.403559923171997, 1.5938684940338135, 1.5224791765213013, 1.4649710655212402, 1.4648305177688599, 1.3524582386016846, 1.5504792928695679, 1.448431134223938, 1.5452475547790527, 1.5412907600402832, 1.4436451196670532, 1.4568790197372437, 1.5821751356124878, 1.5146150588989258, 1.437526822090149, 1.5183466672897339, 1.5848405361175537, 1.4480841159820557, 1.543910026550293, 1.5943752527236938]",sae,Pre-64
1,beta,9,0.155,0.448644851968101,0.4348910401892977,0.4421534838583524,0.5,0.6286670530281078,0.6714546508258475,30,"[0, 1, 2, 3, 4, 5, 6, 7, 8, 9, 10, 11, 12, 13, 14, 15, 16, 17, 18, 19, 20, 21, 22, 23, 24, 25, 26, 27, 28, 29]","[1.3255735635757446, 1.26117742061615, 1.345517635345459, 1.32329261302948, 1.2628964185714722, 1.127162218093872, 1.3193176984786987, 1.244117259979248, 1.3235841989517212, 1.2055094242095947, 1.3130173683166504, 1.2672991752624512, 1.2720153331756592, 1.3115533590316772, 1.3579634428024292, 1.280014991760254, 1.2419381141662598, 1.3335444927215576, 1.344341516494751, 1.241381049156189, 1.3307970762252808, 1.3392763137817383, 1.2445484399795532, 1.3301705121994019, 1.3456709384918213, 1.3296053409576416, 1.196925163269043, 1.1419790983200073, 1.2589360475540161, 1.3464820384979248]",sae,Pre-64
1,beta,25,0.145,0.4465066892532915,0.4352791138475453,0.4389010033950843,0.5,0.6270054355300688,0.6628282097432923,30,"[0, 1, 2, 3, 4, 5, 6, 7, 8, 9, 10, 11, 12, 13, 14, 15, 16, 17, 18, 19, 20, 21, 22, 23, 24, 25, 26, 27, 28, 29]","[1.3736283779144287, 1.3843635320663452, 1.28293776512146, 1.407211422920227, 1.4032326936721802, 1.3932561874389648, 1.279917597770691, 1.3036918640136719, 1.3508524894714355, 1.2553869485855103, 1.4048397541046143, 1.3230758905410767, 1.386448621749878, 1.3117445707321167, 1.2948589324951172, 1.321428656578064, 1.1902271509170532, 1.2312828302383423, 1.274411678314209, 1.3002299070358276, 1.4167550802230835, 1.2152572870254517, 1.3678390979766846, 1.3170689344406128, 1.3506006002426147, 1.3022587299346924, 1.4312984943389893, 1.3823635578155518, 1.4024215936660767, 1.257020354270935]",sae,Pre-64
1,beta,44,0.096,0.4469012312759677,0.43811650775401,0.4572410590975081,0.5,0.5982762074796864,0.621537536900532,30,"[0, 1, 2, 3, 4, 5, 6, 7, 8, 9, 10, 11, 12, 13, 14, 15, 16, 17, 18, 19, 20, 21, 22, 23, 24, 25, 26, 27, 28, 29]","[1.3519914150238037, 1.3557722568511963, 1.2998942136764526, 1.329312801361084, 1.3453797101974487, 1.4018522500991821, 1.3782461881637573, 1.2974797487258911, 1.3649208545684814, 1.4157211780548096, 1.3445565700531006, 1.3208367824554443, 1.3501501083374023, 1.3168865442276, 1.418941617012024, 1.4179390668869019, 1.2869032621383667, 1.194918155670166, 1.3605228662490845, 1.3472905158996582, 1.3191111087799072, 1.2937923669815063, 1.3399420976638794, 1.3478823900222778, 1.4035967588424683, 1.3031469583511353, 1.324534296989441, 1.3473933935165405, 1.3426265716552734, 1.3614264726638794]",sae,Pre-64
1,beta,21,0.13,0.4504746503440228,0.4381370334360364,0.4377444299717131,0.5,0.6200058082774133,0.6889049543370531,30,"[0, 1, 2, 3, 4, 5, 6, 7, 8, 9, 10, 11, 12, 13, 14, 15, 16, 17, 18, 19, 20, 21, 22, 23, 24, 25, 26, 27, 28, 29]","[1.3338614702224731, 1.3793061971664429, 1.4892150163650513, 1.4871536493301392, 1.4423387050628662, 1.4418628215789795, 1.371592402458191, 1.3801348209381104, 1.4660700559616089, 1.4091719388961792, 1.4756994247436523, 1.4586251974105835, 1.3731968402862549, 1.3912369012832642, 1.3785526752471924, 1.3811019659042358, 1.390487790107727, 1.3927040100097656, 1.3283469676971436, 1.4796465635299683, 1.3324577808380127, 1.4931538105010986, 1.3266617059707642, 1.331850528717041, 1.3951072692871094, 1.3423291444778442, 1.2961987257003784, 1.3725296258926392, 1.45211923122406, 1.4257804155349731]",sae,Pre-64
1,beta,49,0.165,0.462130925118617,0.4524487678230295,0.4490092908730608,0.5,0.6141152509743157,0.6819637155467906,30,"[0, 1, 2, 3, 4, 5, 6, 7, 8, 9, 10, 11, 12, 13, 14, 15, 16, 17, 18, 19, 20, 21, 22, 23, 24, 25, 26, 27, 28, 29]","[1.2765281200408936, 1.3224515914916992, 1.3210906982421875, 1.3047022819519043, 1.2483824491500854, 1.2856762409210205, 1.355279803276062, 1.259130597114563, 1.3751777410507202, 1.3361456394195557, 1.278728723526001, 1.2707253694534302, 1.3276596069335938, 1.3280401229858398, 1.3585245609283447, 1.3071179389953613, 1.4022163152694702, 1.3825139999389648, 1.2513946294784546, 1.3348733186721802, 1.3747072219848633, 1.2920726537704468, 1.381659984588623, 1.3230798244476318, 1.289183259010315, 1.326859474182129, 1.3243988752365112, 1.291172981262207, 1.208518624305725, 1.2833924293518066]",sae,Pre-64
1,beta,10,0.095,0.4493907433353129,0.4390813823454372,0.4434100554820011,0.5,0.6232207829487961,0.6760299974882485,30,"[0, 1, 2, 3, 4, 5, 6, 7, 8, 9, 10, 11, 12, 13, 14, 15, 16, 17, 18, 19, 20, 21, 22, 23, 24, 25, 26, 27, 28, 29]","[1.4000569581985474, 1.3113402128219604, 1.4749128818511963, 1.3981361389160156, 1.3909493684768677, 1.4021415710449219, 1.4902175664901733, 1.4167084693908691, 1.3000870943069458, 1.446927785873413, 1.407205581665039, 1.427368402481079, 1.4236477613449097, 1.4013493061065674, 1.4698199033737183, 1.4231568574905396, 1.432963490486145, 1.3438949584960938, 1.397028923034668, 1.3583006858825684, 1.3785076141357422, 1.4073729515075684, 1.4659910202026367, 1.470577597618103, 1.40287446975708, 1.3441932201385498, 1.4029021263122559, 1.411839246749878, 1.4028412103652954, 1.4549767971038818]",sae,Pre-64
1,beta,2,0.088,0.4419681213812466,0.4306250660512843,0.42721229637528,0.5,0.6028191218064636,0.6894568379932304,30,"[0, 1, 2, 3, 4, 5, 6, 7, 8, 9, 10, 11, 12, 13, 14, 15, 16, 17, 18, 19, 20, 21, 22, 23, 24, 25, 26, 27, 28, 29]","[1.3701919317245483, 1.3834398984909058, 1.359006643295288, 1.4275788068771362, 1.375032901763916, 1.4615823030471802, 1.3812627792358398, 1.3943721055984497, 1.330773115158081, 1.3521814346313477, 1.3891702890396118, 1.3320331573486328, 1.4122536182403564, 1.4656902551651, 1.4375967979431152, 1.383187174797058, 1.4429084062576294, 1.4971572160720825, 1.4893501996994019, 1.4668424129486084, 1.389803409576416, 1.3667900562286377, 1.4488164186477661, 1.4523333311080933, 1.3643323183059692, 1.3706556558609009, 1.4288249015808105, 1.4037935733795166, 1.2131441831588745, 1.489310383796692]",sae,Pre-64
1,beta,38,0.095,0.4455661720406026,0.4298851252298221,0.437074045180166,0.5,0.6303640517897944,0.6627220106626047,30,"[0, 1, 2, 3, 4, 5, 6, 7, 8, 9, 10, 11, 12, 13, 14, 15, 16, 17, 18, 19, 20, 21, 22, 23, 24, 25, 26, 27, 28, 29]","[1.313545823097229, 1.2932133674621582, 1.3254836797714233, 1.355761170387268, 1.322229266166687, 1.21152925491333, 1.3705848455429077, 1.3280171155929565, 1.1827958822250366, 1.3407647609710693, 1.3211966753005981, 1.3354506492614746, 1.3496787548065186, 1.3156952857971191, 1.3620445728302002, 1.2988767623901367, 1.30535089969635, 1.3794406652450562, 1.2692067623138428, 1.3341064453125, 1.3127604722976685, 1.3224462270736694, 1.3722063302993774, 1.2764509916305542, 1.3164918422698975, 1.3701635599136353, 1.267924189567566, 1.375127911567688, 1.3011879920959473, 1.3842390775680542]",sae,Pre-64
1,beta,26,0.17,0.4502231978181314,0.4442488029476733,0.4543279596191928,0.5,0.5832450787939482,0.6467159710436486,30,"[0, 1, 2, 3, 4, 5, 6, 7, 8, 9, 10, 11, 12, 13, 14, 15, 16, 17, 18, 19, 20, 21, 22, 23, 24, 25, 26, 27, 28, 29]","[1.1928520202636719, 1.240501046180725, 1.3458609580993652, 1.1563740968704224, 1.2403494119644165, 1.2882530689239502, 1.2576395273208618, 1.1637964248657227, 1.243652582168579, 1.2316745519638062, 1.142497181892395, 1.3435543775558472, 1.2970998287200928, 1.2433258295059204, 1.2939493656158447, 1.1718569993972778, 1.2391773462295532, 1.1536003351211548, 1.2687257528305054, 1.2480491399765015, 1.1860896348953247, 1.333504319190979, 1.2544944286346436, 1.2726666927337646, 1.3419350385665894, 1.341997504234314, 1.2190871238708496, 1.2665581703186035, 1.0913183689117432, 1.2032866477966309]",sae,Pre-64
1,beta,16,0.185,0.4519396108125126,0.4401978349795346,0.4284860633800419,0.5,0.6159012314439947,0.7162377096587623,30,"[0, 1, 2, 3, 4, 5, 6, 7, 8, 9, 10, 11, 12, 13, 14, 15, 16, 17, 18, 19, 20, 21, 22, 23, 24, 25, 26, 27, 28, 29]","[1.1816545724868774, 1.1549917459487915, 1.1471086740493774, 1.220467448234558, 1.2079838514328003, 1.1651005744934082, 1.2193742990493774, 1.2029826641082764, 1.1668646335601807, 1.2151521444320679, 1.2106668949127197, 1.199852466583252, 1.162083625793457, 1.187057614326477, 1.092728853225708, 1.1479017734527588, 1.2300398349761963, 1.0668379068374634, 1.17197847366333, 1.1980583667755127, 1.246576189994812, 1.2221885919570923, 1.2204759120941162, 1.2173185348510742, 1.1057361364364624, 1.1924773454666138, 1.1101664304733276, 1.170323133468628, 1.1249881982803345, 1.152998924255371]",sae,Pre-64
1,beta,10,0.18,0.4493907433353129,0.4390813823454372,0.4378373003843949,0.5,0.6232207829487961,0.6759510567296998,30,"[0, 1, 2, 3, 4, 5, 6, 7, 8, 9, 10, 11, 12, 13, 14, 15, 16, 17, 18, 19, 20, 21, 22, 23, 24, 25, 26, 27, 28, 29]","[1.209084391593933, 1.1358938217163086, 1.2758806943893433, 1.2240910530090332, 1.2156482934951782, 1.2389521598815918, 1.3099223375320435, 1.241482138633728, 1.122247338294983, 1.2583814859390259, 1.228785514831543, 1.2437299489974976, 1.2376751899719238, 1.2139774560928345, 1.3044116497039795, 1.2430633306503296, 1.2499275207519531, 1.1860960721969604, 1.2103766202926636, 1.186877965927124, 1.209986686706543, 1.2177848815917969, 1.2839452028274536, 1.279598355293274, 1.1833274364471436, 1.1917020082473755, 1.231173038482666, 1.2509950399398804, 1.2223191261291504, 1.2473316192626953]",sae,Pre-64
1,beta,6,0.14,0.4540822999211705,0.4457917896713532,0.441152026805915,0.5,0.5933447799067053,0.6658350173977785,30,"[0, 1, 2, 3, 4, 5, 6, 7, 8, 9, 10, 11, 12, 13, 14, 15, 16, 17, 18, 19, 20, 21, 22, 23, 24, 25, 26, 27, 28, 29]","[1.2872357368469238, 1.3158625364303589, 1.2502776384353638, 1.3191097974777222, 1.2383193969726562, 1.2142139673233032, 1.2371752262115479, 1.2920936346054077, 1.2308094501495361, 1.3091522455215454, 1.2435712814331055, 1.182504653930664, 1.2444146871566772, 1.199711561203003, 1.0762635469436646, 1.3068428039550781, 1.2018353939056396, 1.2764443159103394, 1.2518463134765625, 1.2740912437438965, 1.2439780235290527, 1.2230846881866455, 1.2963347434997559, 1.2777445316314697, 1.2155681848526, 1.252360463142395, 1.207046389579773, 1.2199714183807373, 1.2774746417999268, 1.2894084453582764]",sae,Pre-64
1,beta,37,0.098,0.4546908257221888,0.444978337644671,0.4309956491587064,0.5,0.6058579085235571,0.7187850822660278,30,"[0, 1, 2, 3, 4, 5, 6, 7, 8, 9, 10, 11, 12, 13, 14, 15, 16, 17, 18, 19, 20, 21, 22, 23, 24, 25, 26, 27, 28, 29]","[1.3578137159347534, 1.4263839721679688, 1.4027005434036255, 1.3774232864379883, 1.3201966285705566, 1.4309031963348389, 1.3752909898757935, 1.4623342752456665, 1.505219578742981, 1.4288181066513062, 1.3985645771026611, 1.4017294645309448, 1.4363421201705933, 1.41199791431427, 1.468382477760315, 1.4158360958099365, 1.3943684101104736, 1.4528733491897583, 1.4089504480361938, 1.4138373136520386, 1.4314045906066895, 1.4386271238327026, 1.4708173274993896, 1.4496175050735474, 1.4168592691421509, 1.45822274684906, 1.412101149559021, 1.435930848121643, 1.4517546892166138, 1.4680849313735962]",sae,Pre-64
1,beta,44,0.185,0.4469012312759677,0.43811650775401,0.4519678336002787,0.5,0.5982762074796864,0.6215449022761956,30,"[0, 1, 2, 3, 4, 5, 6, 7, 8, 9, 10, 11, 12, 13, 14, 15, 16, 17, 18, 19, 20, 21, 22, 23, 24, 25, 26, 27, 28, 29]","[1.348250150680542, 1.352023959159851, 1.2961692810058594, 1.325589895248413, 1.3416260480880737, 1.3981139659881592, 1.3745237588882446, 1.2937272787094116, 1.3611749410629272, 1.4119980335235596, 1.3408070802688599, 1.317107915878296, 1.3464035987854004, 1.3131474256515503, 1.4152047634124756, 1.414206624031067, 1.2831560373306274, 1.1911933422088623, 1.3567787408828735, 1.343551516532898, 1.3153811693191528, 1.2900606393814087, 1.3361997604370117, 1.3441252708435059, 1.3998587131500244, 1.299410104751587, 1.320815920829773, 1.3436449766159058, 1.3388886451721191, 1.3576831817626953]",sae,Pre-64
1,beta,27,0.135,0.4609757262074365,0.4537266978541116,0.4543084770420211,0.5,0.5914172664146189,0.6586986031018648,30,"[0, 1, 2, 3, 4, 5, 6, 7, 8, 9, 10, 11, 12, 13, 14, 15, 16, 17, 18, 19, 20, 21, 22, 23, 24, 25, 26, 27, 28, 29]","[1.3055511713027954, 1.346320390701294, 1.3079639673233032, 1.2905898094177246, 1.333428978919983, 1.25435209274292, 1.3442308902740479, 1.2279375791549683, 1.2914749383926392, 1.2834376096725464, 1.2436320781707764, 1.3464449644088745, 1.2842249870300293, 1.2506717443466187, 1.288612961769104, 1.2156107425689697, 1.2597942352294922, 1.3151276111602783, 1.279795527458191, 1.2688838243484497, 1.349073052406311, 1.326050043106079, 1.2491518259048462, 1.2020450830459595, 1.281395673751831, 1.3488235473632812, 1.2645553350448608, 1.3148127794265747, 1.2201323509216309, 1.2929136753082275]",sae,Pre-64
1,beta,49,0.105,0.462130925118617,0.4524487678230295,0.4490371336969942,0.5,0.6141152509743157,0.6833848370662535,30,"[0, 1, 2, 3, 4, 5, 6, 7, 8, 9, 10, 11, 12, 13, 14, 15, 16, 17, 18, 19, 20, 21, 22, 23, 24, 25, 26, 27, 28, 29]","[1.3330345153808594, 1.3842252492904663, 1.3817517757415771, 1.3666386604309082, 1.3133037090301514, 1.3452134132385254, 1.4228991270065308, 1.3271273374557495, 1.4521067142486572, 1.4006062746047974, 1.3519883155822754, 1.332371711730957, 1.3992666006088257, 1.389321208000183, 1.430594563484192, 1.3766658306121826, 1.468825101852417, 1.4544994831085205, 1.31801438331604, 1.401461124420166, 1.4443045854568481, 1.3551161289215088, 1.4507954120635986, 1.384761929512024, 1.3472009897232056, 1.3908743858337402, 1.3869446516036987, 1.3475220203399658, 1.2816730737686157, 1.3480017185211182]",sae,Pre-64
1,beta,43,0.088,0.4515364523902173,0.4432102910589974,0.4419778987582533,0.5,0.6060785767234989,0.6993802816901408,30,"[0, 1, 2, 3, 4, 5, 6, 7, 8, 9, 10, 11, 12, 13, 14, 15, 16, 17, 18, 19, 20, 21, 22, 23, 24, 25, 26, 27, 28, 29]","[1.5138113498687744, 1.5870730876922607, 1.5630788803100586, 1.4602551460266113, 1.4952791929244995, 1.4344335794448853, 1.4652466773986816, 1.4521162509918213, 1.5521187782287598, 1.4417275190353394, 1.407365322113037, 1.597611427307129, 1.526272177696228, 1.4687608480453491, 1.4685972929000854, 1.3562536239624023, 1.5542540550231934, 1.452257513999939, 1.5490247011184692, 1.5450077056884766, 1.4474586248397827, 1.4606640338897705, 1.5859296321868896, 1.5184000730514526, 1.4413059949874878, 1.5221531391143799, 1.5886094570159912, 1.4518986940383911, 1.5477104187011719, 1.5981557369232178]",sae,Pre-64
1,beta,38,0.18,0.4455661720406026,0.4298851252298221,0.4370165776669912,0.5,0.6303640517897944,0.6627418126428027,30,"[0, 1, 2, 3, 4, 5, 6, 7, 8, 9, 10, 11, 12, 13, 14, 15, 16, 17, 18, 19, 20, 21, 22, 23, 24, 25, 26, 27, 28, 29]","[1.3111870288848877, 1.290846824645996, 1.3231275081634521, 1.353403925895691, 1.3198586702346802, 1.2091532945632935, 1.3682256937026978, 1.3256580829620361, 1.1804360151290894, 1.3383954763412476, 1.3188396692276, 1.3330941200256348, 1.3473211526870728, 1.3133329153060913, 1.359689474105835, 1.2965114116668701, 1.3029800653457642, 1.3770822286605835, 1.2668490409851074, 1.3317384719848633, 1.3103909492492676, 1.320072889328003, 1.3698511123657227, 1.2740918397903442, 1.314118504524231, 1.3678053617477417, 1.265561819076538, 1.37276029586792, 1.2988204956054688, 1.3818734884262085]",sae,Pre-64
1,beta,30,0.088,0.4638407167611665,0.4544841508273655,0.439805902238336,0.5,0.6043368975359404,0.6949399147711445,30,"[0, 1, 2, 3, 4, 5, 6, 7, 8, 9, 10, 11, 12, 13, 14, 15, 16, 17, 18, 19, 20, 21, 22, 23, 24, 25, 26, 27, 28, 29]","[1.5280758142471313, 1.496881127357483, 1.5081695318222046, 1.4486585855484009, 1.4615306854248047, 1.439927577972412, 1.4507269859313965, 1.4270635843276978, 1.4197800159454346, 1.4381740093231201, 1.502604365348816, 1.4327776432037354, 1.4084532260894775, 1.430553674697876, 1.4975214004516602, 1.5015323162078857, 1.419695496559143, 1.441375494003296, 1.5232590436935425, 1.4478332996368408, 1.4245785474777222, 1.3898276090621948, 1.4887714385986328, 1.4436928033828735, 1.5594794750213623, 1.436309576034546, 1.4616825580596924, 1.4316288232803345, 1.498826503753662, 1.454149842262268]",sae,Pre-64
1,beta,17,0.15,0.4599327030141671,0.4513468217402507,0.4415763088531957,0.5,0.6120635717004715,0.6984500861225318,30,"[0, 1, 2, 3, 4, 5, 6, 7, 8, 9, 10, 11, 12, 13, 14, 15, 16, 17, 18, 19, 20, 21, 22, 23, 24, 25, 26, 27, 28, 29]","[1.3955357074737549, 1.2808642387390137, 1.3058035373687744, 1.34413743019104, 1.397283911705017, 1.2844083309173584, 1.3562711477279663, 1.2290046215057373, 1.31548273563385, 1.3142657279968262, 1.37195885181427, 1.3807042837142944, 1.3297404050827026, 1.3850327730178833, 1.3247292041778564, 1.3368611335754395, 1.4026764631271362, 1.3268568515777588, 1.3686113357543945, 1.3368421792984009, 1.2595880031585693, 1.3408699035644531, 1.1969548463821411, 1.3155319690704346, 1.3071093559265137, 1.3035457134246826, 1.2959877252578735, 1.3265466690063477, 1.2811235189437866, 1.373756766319275]",sae,Pre-64
1,beta,21,0.165,0.4504746503440228,0.4381370334360364,0.4349769318701341,0.5,0.6200058082774133,0.6869276684091498,30,"[0, 1, 2, 3, 4, 5, 6, 7, 8, 9, 10, 11, 12, 13, 14, 15, 16, 17, 18, 19, 20, 21, 22, 23, 24, 25, 26, 27, 28, 29]","[1.180465579032898, 1.2130097150802612, 1.3118122816085815, 1.3022550344467163, 1.2421894073486328, 1.2580852508544922, 1.212225079536438, 1.2140264511108398, 1.2774947881698608, 1.2382118701934814, 1.3011375665664673, 1.2548613548278809, 1.1992098093032837, 1.2129385471343994, 1.2157241106033325, 1.2089625597000122, 1.2285206317901611, 1.231325626373291, 1.17141592502594, 1.3057196140289307, 1.1832867860794067, 1.3058913946151733, 1.179660677909851, 1.1756858825683594, 1.2411471605300903, 1.1755259037017822, 1.118798017501831, 1.2166262865066528, 1.283038854598999, 1.247917652130127]",sae,Pre-64
1,beta,10,0.086,0.4493907433353129,0.4390813823454372,0.4434287399276222,0.5,0.6232207829487961,0.6760414797804011,30,"[0, 1, 2, 3, 4, 5, 6, 7, 8, 9, 10, 11, 12, 13, 14, 15, 16, 17, 18, 19, 20, 21, 22, 23, 24, 25, 26, 27, 28, 29]","[1.4013853073120117, 1.312667965888977, 1.47623872756958, 1.3994734287261963, 1.3922874927520752, 1.403477668762207, 1.491546869277954, 1.418046474456787, 1.3014236688613892, 1.4482622146606445, 1.4085419178009033, 1.428706169128418, 1.4249800443649292, 1.4026716947555542, 1.4711531400680542, 1.4244952201843262, 1.4343008995056152, 1.3452402353286743, 1.3983616828918457, 1.3596360683441162, 1.3798422813415527, 1.4087018966674805, 1.4673291444778442, 1.4719077348709106, 1.404191493988037, 1.3455408811569214, 1.404240369796753, 1.4131752252578735, 1.4041764736175537, 1.4562994241714478]",sae,Pre-64
1,beta,27,0.195,0.4609757262074365,0.4537266978541116,0.4543084770420211,0.5,0.5914172664146189,0.658690351266863,30,"[0, 1, 2, 3, 4, 5, 6, 7, 8, 9, 10, 11, 12, 13, 14, 15, 16, 17, 18, 19, 20, 21, 22, 23, 24, 25, 26, 27, 28, 29]","[1.304781198501587, 1.3455554246902466, 1.307195782661438, 1.2898212671279907, 1.3326635360717773, 1.2535847425460815, 1.343462586402893, 1.2271666526794434, 1.2907090187072754, 1.2826733589172363, 1.2428622245788574, 1.3456789255142212, 1.2834590673446655, 1.2499011754989624, 1.2878459692001343, 1.2148407697677612, 1.2590278387069702, 1.3143631219863892, 1.2790262699127197, 1.2681169509887695, 1.3483073711395264, 1.3252828121185303, 1.2483831644058228, 1.2012780904769897, 1.2806285619735718, 1.3480584621429443, 1.2637859582901, 1.314044713973999, 1.2193630933761597, 1.2921459674835205]",sae,Pre-64
1,beta,21,0.19,0.4504746503440228,0.4381370334360364,0.4349769318701341,0.5,0.6200058082774133,0.6869276684091498,30,"[0, 1, 2, 3, 4, 5, 6, 7, 8, 9, 10, 11, 12, 13, 14, 15, 16, 17, 18, 19, 20, 21, 22, 23, 24, 25, 26, 27, 28, 29]","[1.180456280708313, 1.2130004167556763, 1.311802864074707, 1.3022456169128418, 1.2421801090240479, 1.2580758333206177, 1.212215781211853, 1.2140170335769653, 1.2774853706359863, 1.2382025718688965, 1.3011281490325928, 1.254852056503296, 1.1992003917694092, 1.212929129600525, 1.215714693069458, 1.2089531421661377, 1.2285113334655762, 1.231316089630127, 1.171406626701355, 1.3057103157043457, 1.1832773685455322, 1.3058820962905884, 1.1796513795852661, 1.1756764650344849, 1.2411377429962158, 1.1755164861679077, 1.118788719177246, 1.2166169881820679, 1.283029556274414, 1.2479082345962524]",sae,Pre-64
1,beta,49,0.09,0.462130925118617,0.4524487678230295,0.4490440858371842,0.5,0.6141152509743157,0.6833870380804808,30,"[0, 1, 2, 3, 4, 5, 6, 7, 8, 9, 10, 11, 12, 13, 14, 15, 16, 17, 18, 19, 20, 21, 22, 23, 24, 25, 26, 27, 28, 29]","[1.3341600894927979, 1.3853477239608765, 1.3828709125518799, 1.3677533864974976, 1.3144186735153198, 1.3463302850723267, 1.4240155220031738, 1.328241229057312, 1.4532157182693481, 1.401724934577942, 1.3531001806259155, 1.3334921598434448, 1.4003806114196777, 1.390440821647644, 1.4317076206207275, 1.377780556678772, 1.4699393510818481, 1.4556128978729248, 1.3191269636154175, 1.4025795459747314, 1.445420503616333, 1.3562278747558594, 1.4519118070602417, 1.3858838081359863, 1.348323941230774, 1.3919912576675415, 1.3880678415298462, 1.3486462831497192, 1.2827850580215454, 1.3491169214248657]",sae,Pre-64
1,beta,15,0.1,0.4529015220185267,0.4424399871594601,0.4354168308598454,0.5,0.6161071485640408,0.7111230552448466,30,"[0, 1, 2, 3, 4, 5, 6, 7, 8, 9, 10, 11, 12, 13, 14, 15, 16, 17, 18, 19, 20, 21, 22, 23, 24, 25, 26, 27, 28, 29]","[1.396337628364563, 1.3668243885040283, 1.4079315662384033, 1.4078930616378784, 1.4825031757354736, 1.3786696195602417, 1.3733015060424805, 1.3975563049316406, 1.4559848308563232, 1.4537315368652344, 1.4418455362319946, 1.3565508127212524, 1.51524817943573, 1.458804726600647, 1.349557638168335, 1.4249552488327026, 1.3627128601074219, 1.5083516836166382, 1.34743070602417, 1.4145097732543945, 1.501358985900879, 1.4685568809509277, 1.3897008895874023, 1.4278303384780884, 1.3972585201263428, 1.2795641422271729, 1.4709386825561523, 1.5155631303787231, 1.412876009941101, 1.4090783596038818]",sae,Pre-64
1,beta,33,0.175,0.4492211383258522,0.4377959816952598,0.4223402424961981,0.5,0.6165210074526608,0.6954138560095032,30,"[0, 1, 2, 3, 4, 5, 6, 7, 8, 9, 10, 11, 12, 13, 14, 15, 16, 17, 18, 19, 20, 21, 22, 23, 24, 25, 26, 27, 28, 29]","[1.1849273443222046, 1.2562428712844849, 1.2136778831481934, 1.194433331489563, 1.149998426437378, 1.2687307596206665, 1.1574212312698364, 1.2470797300338745, 1.2527871131896973, 1.2536271810531616, 1.1950736045837402, 1.2495068311691284, 1.1756917238235474, 1.1588196754455566, 1.1325362920761108, 1.2413465976715088, 1.1629266738891602, 1.1944456100463867, 1.2464298009872437, 1.2438013553619385, 1.1899774074554443, 1.159067153930664, 1.2561681270599365, 1.2361953258514404, 1.2687146663665771, 1.1437739133834839, 1.1919195652008057, 1.171987533569336, 1.145799160003662, 1.191154956817627]",sae,Pre-64
1,beta,24,0.086,0.4501416387440968,0.4383559369047743,0.4491781465175704,0.5,0.6188330126613704,0.6423861097318769,30,"[0, 1, 2, 3, 4, 5, 6, 7, 8, 9, 10, 11, 12, 13, 14, 15, 16, 17, 18, 19, 20, 21, 22, 23, 24, 25, 26, 27, 28, 29]","[1.4926230907440186, 1.399808406829834, 1.4241710901260376, 1.5021241903305054, 1.5074583292007446, 1.4182205200195312, 1.426142930984497, 1.4254816770553589, 1.468101143836975, 1.353900671005249, 1.4578109979629517, 1.4062713384628296, 1.5013126134872437, 1.4863524436950684, 1.4243812561035156, 1.3949077129364014, 1.508048176765442, 1.3004043102264404, 1.4001970291137695, 1.5098520517349243, 1.4844892024993896, 1.5031770467758179, 1.4035544395446777, 1.4641211032867432, 1.3827321529388428, 1.3466931581497192, 1.4579777717590332, 1.3807581663131714, 1.5119177103042603, 1.417082667350769]",sae,Pre-64
1,beta,38,0.086,0.4455661720406026,0.4298851252298221,0.4370801307365733,0.5,0.6303640517897944,0.6627174409748666,30,"[0, 1, 2, 3, 4, 5, 6, 7, 8, 9, 10, 11, 12, 13, 14, 15, 16, 17, 18, 19, 20, 21, 22, 23, 24, 25, 26, 27, 28, 29]","[1.313795566558838, 1.2934640645980835, 1.3257328271865845, 1.3560105562210083, 1.322480320930481, 1.21178138256073, 1.370834231376648, 1.3282668590545654, 1.183045744895935, 1.3410155773162842, 1.321446180343628, 1.335699439048767, 1.349928617477417, 1.3159453868865967, 1.3622936010360718, 1.2991276979446411, 1.3056015968322754, 1.379690408706665, 1.269456148147583, 1.334356427192688, 1.313011646270752, 1.3226972818374634, 1.3724557161331177, 1.2767006158828735, 1.316743016242981, 1.3704133033752441, 1.2681739330291748, 1.375378131866455, 1.3014384508132935, 1.3844895362854004]",sae,Pre-64
1,beta,7,0.165,0.4564836922581216,0.4420418003909208,0.4350002262509514,0.5,0.6095136152062148,0.7014046463761834,30,"[0, 1, 2, 3, 4, 5, 6, 7, 8, 9, 10, 11, 12, 13, 14, 15, 16, 17, 18, 19, 20, 21, 22, 23, 24, 25, 26, 27, 28, 29]","[1.2833377122879028, 1.3124363422393799, 1.3318839073181152, 1.2895777225494385, 1.3496116399765015, 1.304237961769104, 1.2534453868865967, 1.3073585033416748, 1.3954437971115112, 1.3149248361587524, 1.227446436882019, 1.2756216526031494, 1.2356593608856201, 1.2554677724838257, 1.4080779552459717, 1.320555329322815, 1.2773531675338745, 1.2356480360031128, 1.3413147926330566, 1.3480746746063232, 1.3044568300247192, 1.3133258819580078, 1.3172533512115479, 1.2668458223342896, 1.3655654191970825, 1.3281662464141846, 1.3024494647979736, 1.1846694946289062, 1.386804223060608, 1.2749016284942627]",sae,Pre-64
1,beta,39,0.145,0.4461088087810431,0.4292341094433316,0.433207898676913,0.5,0.6205127278095635,0.6663970160675603,30,"[0, 1, 2, 3, 4, 5, 6, 7, 8, 9, 10, 11, 12, 13, 14, 15, 16, 17, 18, 19, 20, 21, 22, 23, 24, 25, 26, 27, 28, 29]","[1.2167822122573853, 1.2662339210510254, 1.216910481452942, 1.1913539171218872, 1.1658596992492676, 1.2375024557113647, 1.2048118114471436, 1.2446651458740234, 1.1872056722640991, 1.2308993339538574, 1.2083245515823364, 1.1263231039047241, 1.2334789037704468, 1.1612861156463623, 1.2300503253936768, 1.2844384908676147, 1.2191184759140015, 1.2492369413375854, 1.1748101711273193, 1.1100349426269531, 1.1900639533996582, 1.2503985166549683, 1.1461859941482544, 1.1576972007751465, 1.2477561235427856, 1.2323862314224243, 1.0786861181259155, 1.1811909675598145, 1.290177822113037, 1.1894201040267944]",sae,Pre-64
1,beta,29,0.16,0.4558655961502112,0.4409050416793991,0.4505630282302238,0.5,0.6296548282533407,0.6686513080500113,30,"[0, 1, 2, 3, 4, 5, 6, 7, 8, 9, 10, 11, 12, 13, 14, 15, 16, 17, 18, 19, 20, 21, 22, 23, 24, 25, 26, 27, 28, 29]","[1.2166928052902222, 1.1618356704711914, 1.0458192825317383, 1.2598636150360107, 1.2042497396469116, 1.1851669549942017, 1.2648065090179443, 1.1855242252349854, 1.250241994857788, 1.258133888244629, 1.2111040353775024, 1.2469571828842163, 1.2538039684295654, 1.2579989433288574, 1.1948764324188232, 1.2505344152450562, 1.1329683065414429, 1.1863033771514893, 1.1693556308746338, 1.2170790433883667, 1.2724558115005493, 1.2783668041229248, 1.2037038803100586, 1.2183759212493896, 1.2086052894592285, 1.1538333892822266, 1.218546748161316, 1.2635120153427124, 1.3130335807800293, 1.1893436908721924]",sae,Pre-64
1,beta,8,0.09,0.4517491928182039,0.4406431065890545,0.4394401378831833,0.5,0.6098144493254953,0.6783514781095477,30,"[0, 1, 2, 3, 4, 5, 6, 7, 8, 9, 10, 11, 12, 13, 14, 15, 16, 17, 18, 19, 20, 21, 22, 23, 24, 25, 26, 27, 28, 29]","[1.3872202634811401, 1.4990390539169312, 1.4158210754394531, 1.4469276666641235, 1.5079132318496704, 1.4433213472366333, 1.491797924041748, 1.4039548635482788, 1.4503014087677002, 1.4995439052581787, 1.5077173709869385, 1.431550145149231, 1.4150922298431396, 1.4481151103973389, 1.4770033359527588, 1.392524003982544, 1.4142310619354248, 1.4501720666885376, 1.3607717752456665, 1.4303206205368042, 1.4032254219055176, 1.3789862394332886, 1.4824421405792236, 1.4148885011672974, 1.4820035696029663, 1.4860776662826538, 1.3837099075317383, 1.481713056564331, 1.4525880813598633, 1.4527584314346313]",sae,Pre-64
1,beta,38,0.12,0.4455661720406026,0.4298851252298221,0.4370571347298308,0.5,0.6303640517897944,0.6627281035795887,30,"[0, 1, 2, 3, 4, 5, 6, 7, 8, 9, 10, 11, 12, 13, 14, 15, 16, 17, 18, 19, 20, 21, 22, 23, 24, 25, 26, 27, 28, 29]","[1.3128517866134644, 1.2925176620483398, 1.3247907161712646, 1.3550676107406616, 1.321532130241394, 1.210830807685852, 1.369890809059143, 1.327323079109192, 1.182102084159851, 1.3400681018829346, 1.3205032348632812, 1.3347572088241577, 1.3489855527877808, 1.3150005340576172, 1.361351728439331, 1.2981812953948975, 1.3046534061431885, 1.3787468671798706, 1.2685133218765259, 1.3334097862243652, 1.312063455581665, 1.32174813747406, 1.371513843536377, 1.2757573127746582, 1.3157938718795776, 1.3694701194763184, 1.2672289609909058, 1.3744312524795532, 1.3004915714263916, 1.383543610572815]",sae,Pre-64
1,beta,37,0.155,0.4546908257221888,0.444978337644671,0.4259700181712841,0.5,0.6058579085235571,0.7195923516133316,30,"[0, 1, 2, 3, 4, 5, 6, 7, 8, 9, 10, 11, 12, 13, 14, 15, 16, 17, 18, 19, 20, 21, 22, 23, 24, 25, 26, 27, 28, 29]","[1.219346523284912, 1.2907254695892334, 1.2642707824707031, 1.2552404403686523, 1.1852456331253052, 1.2908573150634766, 1.2309012413024902, 1.328806757926941, 1.3756062984466553, 1.290453314781189, 1.2647509574890137, 1.267849087715149, 1.3041080236434937, 1.2615466117858887, 1.329261302947998, 1.2702500820159912, 1.2645992040634155, 1.315964698791504, 1.2789932489395142, 1.284496545791626, 1.2858961820602417, 1.2908895015716553, 1.335831642150879, 1.3103618621826172, 1.2806845903396606, 1.3185398578643799, 1.2740232944488525, 1.2888777256011963, 1.311551809310913, 1.3290845155715942]",sae,Pre-64
1,beta,5,0.094,0.4445517550333296,0.4301735816232515,0.4289980298566151,0.5,0.6070910659257547,0.6831850884156441,30,"[0, 1, 2, 3, 4, 5, 6, 7, 8, 9, 10, 11, 12, 13, 14, 15, 16, 17, 18, 19, 20, 21, 22, 23, 24, 25, 26, 27, 28, 29]","[1.3837326765060425, 1.2792969942092896, 1.280942440032959, 1.3991920948028564, 1.3985704183578491, 1.3314183950424194, 1.3281456232070923, 1.3094196319580078, 1.369634985923767, 1.2909177541732788, 1.3797377347946167, 1.400742769241333, 1.3299483060836792, 1.3342311382293701, 1.4106563329696655, 1.358155369758606, 1.3636919260025024, 1.3905211687088013, 1.2701263427734375, 1.337031602859497, 1.4131629467010498, 1.34078049659729, 1.4093505144119263, 1.291555404663086, 1.3366930484771729, 1.4134869575500488, 1.2821242809295654, 1.31463623046875, 1.3901087045669556, 1.3383488655090332]",sae,Pre-64
1,beta,0,0.135,0.4600628296558519,0.4487196928272481,0.4296173038364927,0.5,0.6146148452673732,0.7222098012286138,30,"[0, 1, 2, 3, 4, 5, 6, 7, 8, 9, 10, 11, 12, 13, 14, 15, 16, 17, 18, 19, 20, 21, 22, 23, 24, 25, 26, 27, 28, 29]","[1.252734661102295, 1.2951390743255615, 1.2685679197311401, 1.3131558895111084, 1.238832950592041, 1.2696958780288696, 1.3006595373153687, 1.3351101875305176, 1.3152098655700684, 1.2851896286010742, 1.2694183588027954, 1.27543044090271, 1.32158362865448, 1.308483362197876, 1.325280785560608, 1.2695534229278564, 1.290307641029358, 1.2305810451507568, 1.1566822528839111, 1.3091471195220947, 1.2402279376983643, 1.236941933631897, 1.3180636167526245, 1.2611891031265259, 1.252103567123413, 1.197325348854065, 1.321241855621338, 1.2213777303695679, 1.3035075664520264, 1.2128320932388306]",sae,Pre-64
1,beta,6,0.105,0.4540822999211705,0.4457917896713532,0.448336556002345,0.5,0.5933447799067053,0.6641696929178126,30,"[0, 1, 2, 3, 4, 5, 6, 7, 8, 9, 10, 11, 12, 13, 14, 15, 16, 17, 18, 19, 20, 21, 22, 23, 24, 25, 26, 27, 28, 29]","[1.471163272857666, 1.5065358877182007, 1.420946717262268, 1.5173728466033936, 1.4022257328033447, 1.4134570360183716, 1.4081579446792603, 1.490722894668579, 1.4002021551132202, 1.4991074800491333, 1.425840973854065, 1.365511178970337, 1.4169790744781494, 1.3857210874557495, 1.2182997465133667, 1.4953162670135498, 1.381650447845459, 1.458563208580017, 1.443558692932129, 1.4570949077606201, 1.4349355697631836, 1.3970030546188354, 1.5074903964996338, 1.4405354261398315, 1.3808180093765259, 1.4479960203170776, 1.3983787298202515, 1.3827497959136963, 1.444854974746704, 1.4702112674713135]",sae,Pre-64
1,beta,16,0.125,0.4519396108125126,0.4401978349795346,0.4306346511312975,0.5,0.6159012314439947,0.7167573380566802,30,"[0, 1, 2, 3, 4, 5, 6, 7, 8, 9, 10, 11, 12, 13, 14, 15, 16, 17, 18, 19, 20, 21, 22, 23, 24, 25, 26, 27, 28, 29]","[1.2726244926452637, 1.2357522249221802, 1.2408301830291748, 1.319687008857727, 1.3121421337127686, 1.2547324895858765, 1.3179560899734497, 1.2942779064178467, 1.2652678489685059, 1.3200048208236694, 1.3204399347305298, 1.303907871246338, 1.259915828704834, 1.2809385061264038, 1.1992892026901245, 1.2493118047714233, 1.3289622068405151, 1.1554670333862305, 1.2666059732437134, 1.3014371395111084, 1.3497971296310425, 1.3174424171447754, 1.3231232166290283, 1.313686490058899, 1.203425407409668, 1.2922407388687134, 1.2140716314315796, 1.2686275243759155, 1.2249675989151, 1.2486881017684937]",sae,Pre-64
1,beta,15,0.16,0.4529015220185267,0.4424399871594601,0.4319524717334617,0.5,0.6161071485640408,0.7104410290678249,30,"[0, 1, 2, 3, 4, 5, 6, 7, 8, 9, 10, 11, 12, 13, 14, 15, 16, 17, 18, 19, 20, 21, 22, 23, 24, 25, 26, 27, 28, 29]","[1.2302018404006958, 1.1849560737609863, 1.2191985845565796, 1.2415058612823486, 1.263027310371399, 1.2152013778686523, 1.205106496810913, 1.2271796464920044, 1.2612758874893188, 1.2785840034484863, 1.2498102188110352, 1.1829890012741089, 1.3101611137390137, 1.276902437210083, 1.1985026597976685, 1.2443476915359497, 1.2042542695999146, 1.292135238647461, 1.1800974607467651, 1.2537463903427124, 1.3101897239685059, 1.2840633392333984, 1.2271192073822021, 1.25714111328125, 1.1927531957626343, 1.1092616319656372, 1.2688372135162354, 1.3171950578689575, 1.2300993204116821, 1.2436789274215698]",sae,Pre-64
1,beta,24,0.18,0.4501416387440968,0.4383559369047743,0.44621284551913,0.5,0.6188330126613704,0.6402619165839125,30,"[0, 1, 2, 3, 4, 5, 6, 7, 8, 9, 10, 11, 12, 13, 14, 15, 16, 17, 18, 19, 20, 21, 22, 23, 24, 25, 26, 27, 28, 29]","[1.3192461729049683, 1.264960527420044, 1.2811907529830933, 1.332657814025879, 1.3402528762817383, 1.2783291339874268, 1.2758625745773315, 1.2769525051116943, 1.298777461051941, 1.16802978515625, 1.3033926486968994, 1.2514749765396118, 1.3236019611358643, 1.3273265361785889, 1.2722446918487549, 1.2514832019805908, 1.3437659740447998, 1.1433327198028564, 1.2575063705444336, 1.345124363899231, 1.3230459690093994, 1.3338626623153687, 1.276269793510437, 1.2990350723266602, 1.2431645393371582, 1.2040603160858154, 1.2898106575012207, 1.248102068901062, 1.345765471458435, 1.266798734664917]",sae,Pre-64
1,beta,10,0.12,0.4493907433353129,0.4390813823454372,0.4433581146356758,0.5,0.6232207829487961,0.6760299974882487,30,"[0, 1, 2, 3, 4, 5, 6, 7, 8, 9, 10, 11, 12, 13, 14, 15, 16, 17, 18, 19, 20, 21, 22, 23, 24, 25, 26, 27, 28, 29]","[1.396368384361267, 1.3076517581939697, 1.4712309837341309, 1.3944236040115356, 1.3872319459915161, 1.3984309434890747, 1.4865256547927856, 1.4129905700683594, 1.296372890472412, 1.443221926689148, 1.4034936428070068, 1.423654317855835, 1.4199477434158325, 1.3976762294769287, 1.4661171436309814, 1.4194382429122925, 1.4292492866516113, 1.3401589393615723, 1.3933268785476685, 1.3545911312103271, 1.3747994899749756, 1.4036791324615479, 1.462274193763733, 1.466882348060608, 1.399217128753662, 1.3404496908187866, 1.3991841077804565, 1.4081265926361084, 1.399133324623108, 1.4513039588928223]",sae,Pre-64
1,beta,8,0.19,0.4517491928182039,0.4406431065890545,0.435087654693021,0.5,0.6098144493254953,0.6772224698117613,30,"[0, 1, 2, 3, 4, 5, 6, 7, 8, 9, 10, 11, 12, 13, 14, 15, 16, 17, 18, 19, 20, 21, 22, 23, 24, 25, 26, 27, 28, 29]","[1.1517361402511597, 1.2513353824615479, 1.2040634155273438, 1.224439024925232, 1.2732480764389038, 1.213565707206726, 1.2589035034179688, 1.1934521198272705, 1.2347304821014404, 1.2460592985153198, 1.266816258430481, 1.218621015548706, 1.21811044216156, 1.2344881296157837, 1.2522305250167847, 1.1921660900115967, 1.2113231420516968, 1.2265989780426025, 1.1558176279067993, 1.1810226440429688, 1.1780288219451904, 1.160094141960144, 1.259204387664795, 1.1913714408874512, 1.2543329000473022, 1.2590302228927612, 1.1687040328979492, 1.2548377513885498, 1.2269853353500366, 1.2008517980575562]",sae,Pre-64
1,beta,41,0.17,0.4543678569363413,0.4427951465832617,0.4476641749134908,0.5,0.6190905384235713,0.6738642460138629,30,"[0, 1, 2, 3, 4, 5, 6, 7, 8, 9, 10, 11, 12, 13, 14, 15, 16, 17, 18, 19, 20, 21, 22, 23, 24, 25, 26, 27, 28, 29]","[1.2571452856063843, 1.3108546733856201, 1.2081396579742432, 1.198610544204712, 1.1807423830032349, 1.3531641960144043, 1.2348418235778809, 1.2813409566879272, 1.2598576545715332, 1.316386103630066, 1.3176333904266357, 1.2783955335617065, 1.2858598232269287, 1.3248636722564697, 1.3329455852508545, 1.2731373310089111, 1.2232234477996826, 1.2835334539413452, 1.273168921470642, 1.2928837537765503, 1.2013368606567383, 1.2637921571731567, 1.277634620666504, 1.2800780534744263, 1.2764822244644165, 1.2616221904754639, 1.3087105751037598, 1.3139411211013794, 1.2696356773376465, 1.2188689708709717]",sae,Pre-64
1,beta,0,0.195,0.4600628296558519,0.4487196928272481,0.4296173038364927,0.5,0.6146148452673732,0.7222128431045994,30,"[0, 1, 2, 3, 4, 5, 6, 7, 8, 9, 10, 11, 12, 13, 14, 15, 16, 17, 18, 19, 20, 21, 22, 23, 24, 25, 26, 27, 28, 29]","[1.2518599033355713, 1.2942614555358887, 1.2676912546157837, 1.3122813701629639, 1.2379549741744995, 1.2688170671463013, 1.2997852563858032, 1.3342355489730835, 1.3143326044082642, 1.2843128442764282, 1.2685418128967285, 1.2745568752288818, 1.3207101821899414, 1.3076077699661255, 1.3244067430496216, 1.2686784267425537, 1.289433240890503, 1.2297033071517944, 1.1558058261871338, 1.308273196220398, 1.2393529415130615, 1.2360644340515137, 1.317188024520874, 1.2603121995925903, 1.2512246370315552, 1.1964492797851562, 1.320365071296692, 1.2205005884170532, 1.3026337623596191, 1.2119526863098145]",sae,Pre-64
1,beta,5,0.175,0.4445517550333296,0.4301735816232515,0.4289565544993179,0.5,0.6070910659257547,0.6831804004175444,30,"[0, 1, 2, 3, 4, 5, 6, 7, 8, 9, 10, 11, 12, 13, 14, 15, 16, 17, 18, 19, 20, 21, 22, 23, 24, 25, 26, 27, 28, 29]","[1.3446143865585327, 1.2456492185592651, 1.2480700016021729, 1.3638954162597656, 1.3626612424850464, 1.29449462890625, 1.294475793838501, 1.276119351387024, 1.3342244625091553, 1.2617205381393433, 1.3478070497512817, 1.3661044836044312, 1.2947883605957031, 1.298143744468689, 1.3765133619308472, 1.3205173015594482, 1.3255164623260498, 1.3530024290084839, 1.2352335453033447, 1.3014416694641113, 1.377765417098999, 1.308648705482483, 1.3703815937042236, 1.2588993310928345, 1.3001679182052612, 1.376579761505127, 1.2453614473342896, 1.2770037651062012, 1.3557665348052979, 1.3018038272857666]",sae,Pre-64
1,beta,46,0.115,0.4545712902572906,0.4417269056853911,0.4494848043972999,0.5,0.6270377926330811,0.6878276328601591,30,"[0, 1, 2, 3, 4, 5, 6, 7, 8, 9, 10, 11, 12, 13, 14, 15, 16, 17, 18, 19, 20, 21, 22, 23, 24, 25, 26, 27, 28, 29]","[1.3922828435897827, 1.489245891571045, 1.4889804124832153, 1.478388786315918, 1.3974493741989136, 1.5234347581863403, 1.4137449264526367, 1.5312960147857666, 1.47223961353302, 1.5741956233978271, 1.2944704294204712, 1.4067232608795166, 1.5375745296478271, 1.3895158767700195, 1.4547337293624878, 1.5333400964736938, 1.4694907665252686, 1.4848384857177734, 1.5432013273239136, 1.5275856256484985, 1.4473063945770264, 1.4454455375671387, 1.4781869649887085, 1.4761797189712524, 1.4865987300872803, 1.4971059560775757, 1.4656962156295776, 1.5242140293121338, 1.4487262964248657, 1.4693529605865479]",sae,Pre-64
1,beta,36,0.19,0.4642138821845151,0.4576483090311837,0.4548920672643469,0.5,0.6031055233182893,0.6751180580967815,30,"[0, 1, 2, 3, 4, 5, 6, 7, 8, 9, 10, 11, 12, 13, 14, 15, 16, 17, 18, 19, 20, 21, 22, 23, 24, 25, 26, 27, 28, 29]","[1.2348682880401611, 1.1980482339859009, 1.1872761249542236, 1.2196450233459473, 1.1170116662979126, 1.2456399202346802, 1.1952003240585327, 1.2179489135742188, 1.2561672925949097, 1.1290315389633179, 1.1651567220687866, 1.2594715356826782, 1.178202748298645, 1.1944860219955444, 1.2194631099700928, 1.2659482955932617, 1.2304127216339111, 1.1981205940246582, 1.25238037109375, 1.1749296188354492, 1.2296111583709717, 1.1840475797653198, 1.208656907081604, 1.1807537078857422, 1.2508013248443604, 1.2001444101333618, 1.202256202697754, 1.2018251419067383, 1.2351032495498657, 1.158322811126709]",sae,Pre-64
1,beta,14,0.195,0.4467366851483266,0.4421697276018216,0.4269936475169583,0.5,0.5934222168898753,0.6992411403890281,30,"[0, 1, 2, 3, 4, 5, 6, 7, 8, 9, 10, 11, 12, 13, 14, 15, 16, 17, 18, 19, 20, 21, 22, 23, 24, 25, 26, 27, 28, 29]","[1.281273365020752, 1.1740914583206177, 1.2326961755752563, 1.2600332498550415, 1.2888599634170532, 1.252403736114502, 1.2433465719223022, 1.3169360160827637, 1.2543323040008545, 1.2963662147521973, 1.2076154947280884, 1.149140477180481, 1.1761212348937988, 1.301567554473877, 1.3038626909255981, 1.2556910514831543, 1.3229421377182007, 1.311036467552185, 1.2352689504623413, 1.2395046949386597, 1.275771975517273, 1.2547510862350464, 1.3118736743927002, 1.211685061454773, 1.3133329153060913, 1.3082549571990967, 1.2432790994644165, 1.3138959407806396, 1.29867684841156, 1.1853315830230713]",sae,Pre-64
1,beta,5,0.115,0.4445517550333296,0.4301735816232515,0.4289872619331686,0.5,0.6070910659257547,0.6831569604270453,30,"[0, 1, 2, 3, 4, 5, 6, 7, 8, 9, 10, 11, 12, 13, 14, 15, 16, 17, 18, 19, 20, 21, 22, 23, 24, 25, 26, 27, 28, 29]","[1.3473175764083862, 1.2483434677124023, 1.2507671117782593, 1.3666069507598877, 1.3653746843338013, 1.2971872091293335, 1.2971819639205933, 1.278815507888794, 1.3369303941726685, 1.264421820640564, 1.3505181074142456, 1.3688162565231323, 1.2975001335144043, 1.3008594512939453, 1.3792277574539185, 1.3232215642929077, 1.3282300233840942, 1.355710744857788, 1.237921953201294, 1.3041595220565796, 1.3804744482040405, 1.311369776725769, 1.3730833530426025, 1.2615998983383179, 1.3028743267059326, 1.3792853355407715, 1.2480593919754028, 1.279710054397583, 1.3584758043289185, 1.304509162902832]",sae,Pre-64
1,beta,35,0.165,0.4566193215888805,0.4379483378046387,0.4291675369321771,0.5,0.637290178651746,0.7122606432422383,30,"[0, 1, 2, 3, 4, 5, 6, 7, 8, 9, 10, 11, 12, 13, 14, 15, 16, 17, 18, 19, 20, 21, 22, 23, 24, 25, 26, 27, 28, 29]","[1.232983112335205, 1.2751185894012451, 1.344876766204834, 1.2918273210525513, 1.2773114442825317, 1.2639880180358887, 1.204571008682251, 1.3628977537155151, 1.3658419847488403, 1.2887697219848633, 1.3298903703689575, 1.2210313081741333, 1.282470941543579, 1.1712785959243774, 1.272578477859497, 1.2285480499267578, 1.342634916305542, 1.217401146888733, 1.3151593208312988, 1.2118171453475952, 1.2318634986877441, 1.22539222240448, 1.2562756538391113, 1.1910274028778076, 1.2457245588302612, 1.2793902158737183, 1.2534468173980713, 1.3204935789108276, 1.330897331237793, 1.300550937652588]",sae,Pre-64
1,beta,26,0.11,0.4502231978181314,0.4442488029476733,0.4596504248599377,0.5,0.5832450787939482,0.6466775673947112,30,"[0, 1, 2, 3, 4, 5, 6, 7, 8, 9, 10, 11, 12, 13, 14, 15, 16, 17, 18, 19, 20, 21, 22, 23, 24, 25, 26, 27, 28, 29]","[1.4185926914215088, 1.42975914478302, 1.5924184322357178, 1.3845641613006592, 1.4554009437561035, 1.497499704360962, 1.483805775642395, 1.3824670314788818, 1.4864202737808228, 1.4531104564666748, 1.3689749240875244, 1.5945852994918823, 1.5301260948181152, 1.4684679508209229, 1.5438612699508667, 1.4300591945648193, 1.4755873680114746, 1.3612154722213745, 1.5054638385772705, 1.4556950330734253, 1.4153600931167603, 1.5693446397781372, 1.4570635557174683, 1.4978938102722168, 1.5754016637802124, 1.5664751529693604, 1.4245195388793945, 1.4802391529083252, 1.2928354740142822, 1.415844202041626]",sae,Pre-64
1,beta,45,0.125,0.4515599815008028,0.4347157609968581,0.4432096690705619,0.5,0.6289673345145609,0.6751503036360609,30,"[0, 1, 2, 3, 4, 5, 6, 7, 8, 9, 10, 11, 12, 13, 14, 15, 16, 17, 18, 19, 20, 21, 22, 23, 24, 25, 26, 27, 28, 29]","[1.3802101612091064, 1.3723113536834717, 1.2846041917800903, 1.431876540184021, 1.4285128116607666, 1.2632603645324707, 1.4466866254806519, 1.3971443176269531, 1.314846158027649, 1.2666035890579224, 1.3592967987060547, 1.4381734132766724, 1.3921055793762207, 1.297377109527588, 1.3235715627670288, 1.3506102561950684, 1.3482333421707153, 1.2153822183609009, 1.3635919094085693, 1.365147590637207, 1.3875993490219116, 1.3022950887680054, 1.3949404954910278, 1.2432130575180054, 1.2353075742721558, 1.4263468980789185, 1.306971788406372, 1.318679690361023, 1.2361458539962769, 1.4349594116210938]",sae,Pre-64
1,beta,22,0.098,0.4519005213187685,0.4442985770479847,0.4443665713974275,0.5,0.5939599289403404,0.6801374133813339,30,"[0, 1, 2, 3, 4, 5, 6, 7, 8, 9, 10, 11, 12, 13, 14, 15, 16, 17, 18, 19, 20, 21, 22, 23, 24, 25, 26, 27, 28, 29]","[1.4115098714828491, 1.4572960138320923, 1.470385193824768, 1.491926670074463, 1.53211510181427, 1.431850552558899, 1.4409910440444946, 1.42183518409729, 1.4174915552139282, 1.467789649963379, 1.4157404899597168, 1.5254311561584473, 1.458310842514038, 1.5116736888885498, 1.376291275024414, 1.497929573059082, 1.509507179260254, 1.4623606204986572, 1.3944909572601318, 1.4036571979522705, 1.482756495475769, 1.4811960458755493, 1.482521891593933, 1.4329639673233032, 1.4849002361297607, 1.5177687406539917, 1.417757272720337, 1.4060101509094238, 1.5466748476028442, 1.386763334274292]",sae,Pre-64
1,beta,33,0.115,0.4492211383258522,0.4377959816952598,0.4270676768929977,0.5,0.6165210074526608,0.6947930366410703,30,"[0, 1, 2, 3, 4, 5, 6, 7, 8, 9, 10, 11, 12, 13, 14, 15, 16, 17, 18, 19, 20, 21, 22, 23, 24, 25, 26, 27, 28, 29]","[1.3322370052337646, 1.4081623554229736, 1.3649568557739258, 1.3404316902160645, 1.297311544418335, 1.430172324180603, 1.2892423868179321, 1.4015936851501465, 1.4074081182479858, 1.405776858329773, 1.3510544300079346, 1.4084755182266235, 1.3506406545639038, 1.3088996410369873, 1.3055779933929443, 1.3986150026321411, 1.3218142986297607, 1.329193115234375, 1.4099215269088745, 1.406416893005371, 1.3363693952560425, 1.2891027927398682, 1.4257917404174805, 1.3803318738937378, 1.424303412437439, 1.3097662925720215, 1.3286744356155396, 1.311567783355713, 1.2769347429275513, 1.3336635828018188]",sae,Pre-64
1,beta,46,0.15,0.4545712902572906,0.4417269056853911,0.4477460521479227,0.5,0.6270377926330811,0.6861810037451901,30,"[0, 1, 2, 3, 4, 5, 6, 7, 8, 9, 10, 11, 12, 13, 14, 15, 16, 17, 18, 19, 20, 21, 22, 23, 24, 25, 26, 27, 28, 29]","[1.2620118856430054, 1.3468739986419678, 1.352751612663269, 1.3521320819854736, 1.2791790962219238, 1.3885492086410522, 1.2840832471847534, 1.3769890069961548, 1.3343722820281982, 1.4162765741348267, 1.158450961112976, 1.2713605165481567, 1.40535306930542, 1.2630081176757812, 1.3263177871704102, 1.388338565826416, 1.3399004936218262, 1.3568222522735596, 1.3818460702896118, 1.3913160562515259, 1.3084278106689453, 1.3192579746246338, 1.3542132377624512, 1.3416496515274048, 1.3634127378463745, 1.3646175861358643, 1.3339306116104126, 1.3892827033996582, 1.3221908807754517, 1.33722984790802]",sae,Pre-64
1,beta,16,0.096,0.4519396108125126,0.4401978349795346,0.4306503259107277,0.5,0.6159012314439947,0.7167618565644882,30,"[0, 1, 2, 3, 4, 5, 6, 7, 8, 9, 10, 11, 12, 13, 14, 15, 16, 17, 18, 19, 20, 21, 22, 23, 24, 25, 26, 27, 28, 29]","[1.2737587690353394, 1.236890196800232, 1.241963267326355, 1.3208168745040894, 1.3132699728012085, 1.2558672428131104, 1.3190869092941284, 1.2954126596450806, 1.266392707824707, 1.3211333751678467, 1.321565866470337, 1.3050371408462524, 1.2610479593276978, 1.2820650339126587, 1.2004166841506958, 1.2504403591156006, 1.3300858736038208, 1.1566011905670166, 1.2677338123321533, 1.3025659322738647, 1.3509225845336914, 1.318575382232666, 1.3242509365081787, 1.3148202896118164, 1.2045519351959229, 1.2933728694915771, 1.2151981592178345, 1.2697498798370361, 1.226090669631958, 1.2498209476470947]",sae,Pre-64
1,beta,42,0.195,0.4546678683050885,0.4407690563496341,0.4411572285621243,0.5,0.6336081445133979,0.6603511208928656,30,"[0, 1, 2, 3, 4, 5, 6, 7, 8, 9, 10, 11, 12, 13, 14, 15, 16, 17, 18, 19, 20, 21, 22, 23, 24, 25, 26, 27, 28, 29]","[1.2767118215560913, 1.1509020328521729, 1.2741888761520386, 1.2517021894454956, 1.16533625125885, 1.2553739547729492, 1.1647206544876099, 1.148014783859253, 1.1693377494812012, 1.2613091468811035, 1.2386943101882935, 1.2795376777648926, 1.1614588499069214, 1.0049147605895996, 1.2809103727340698, 1.1924101114273071, 1.141250491142273, 1.1302461624145508, 1.240049958229065, 1.2147595882415771, 1.1706880331039429, 1.1570767164230347, 1.171014428138733, 1.1616032123565674, 1.189007043838501, 1.1533206701278687, 1.2752232551574707, 1.16252863407135, 1.2145106792449951, 1.1530125141143799]",sae,Pre-64
1,beta,23,0.155,0.4478205607315014,0.4344954522622479,0.4317269217414636,0.5,0.6150139710231751,0.6708375503584659,30,"[0, 1, 2, 3, 4, 5, 6, 7, 8, 9, 10, 11, 12, 13, 14, 15, 16, 17, 18, 19, 20, 21, 22, 23, 24, 25, 26, 27, 28, 29]","[1.2235050201416016, 1.253599762916565, 1.215600848197937, 1.3415125608444214, 1.1526418924331665, 1.2241954803466797, 1.3201651573181152, 1.2633682489395142, 1.2191497087478638, 1.3444530963897705, 1.3363449573516846, 1.2943973541259766, 1.2836813926696777, 1.167510986328125, 1.2814240455627441, 1.3363150358200073, 1.068285584449768, 1.2666877508163452, 1.2140148878097534, 1.2293524742126465, 1.332779884338379, 1.3483878374099731, 1.21812903881073, 1.3432327508926392, 1.3299565315246582, 1.2750980854034424, 1.2362711429595947, 1.2225892543792725, 1.2577487230300903, 1.3489134311676025]",sae,Pre-64
1,beta,21,0.105,0.4504746503440228,0.4381370334360364,0.4377934970039892,0.5,0.6200058082774133,0.6889234913926272,30,"[0, 1, 2, 3, 4, 5, 6, 7, 8, 9, 10, 11, 12, 13, 14, 15, 16, 17, 18, 19, 20, 21, 22, 23, 24, 25, 26, 27, 28, 29]","[1.3364051580429077, 1.3818378448486328, 1.4917361736297607, 1.4896692037582397, 1.4448373317718506, 1.4443782567977905, 1.3741213083267212, 1.382653832435608, 1.4685860872268677, 1.4116876125335693, 1.4782204627990723, 1.4611269235610962, 1.3757131099700928, 1.39375638961792, 1.3810855150222778, 1.3836132287979126, 1.3930160999298096, 1.3952231407165527, 1.330889344215393, 1.4821722507476807, 1.3350048065185547, 1.4956632852554321, 1.329204797744751, 1.3343924283981323, 1.3976471424102783, 1.3448623418807983, 1.2987158298492432, 1.3750782012939453, 1.4546483755111694, 1.4283047914505005]",sae,Pre-64
1,beta,47,0.175,0.4460371044958436,0.4257646434940195,0.4038360844656299,0.5,0.6434257056516428,0.7299395614993892,30,"[0, 1, 2, 3, 4, 5, 6, 7, 8, 9, 10, 11, 12, 13, 14, 15, 16, 17, 18, 19, 20, 21, 22, 23, 24, 25, 26, 27, 28, 29]","[1.3220243453979492, 1.1735979318618774, 1.1991819143295288, 1.1897765398025513, 1.2710820436477661, 1.3101998567581177, 1.2691588401794434, 1.243507981300354, 1.255714774131775, 1.2169520854949951, 1.21798574924469, 1.1418076753616333, 1.1965712308883667, 1.3246454000473022, 1.1456656455993652, 1.2676624059677124, 1.1950969696044922, 1.2741878032684326, 1.1170707941055298, 1.172436237335205, 1.2066036462783813, 1.2560920715332031, 1.2581825256347656, 1.1766459941864014, 1.260895848274231, 1.1376348733901978, 1.1246250867843628, 1.2416735887527466, 1.1852591037750244, 1.244983434677124]",sae,Pre-64
1,beta,16,0.088,0.4519396108125126,0.4401978349795346,0.4306546337799621,0.5,0.6159012314439947,0.7167588442259495,30,"[0, 1, 2, 3, 4, 5, 6, 7, 8, 9, 10, 11, 12, 13, 14, 15, 16, 17, 18, 19, 20, 21, 22, 23, 24, 25, 26, 27, 28, 29]","[1.2740715742111206, 1.23720383644104, 1.242275595664978, 1.3211287260055542, 1.3135812282562256, 1.2561802864074707, 1.319399118423462, 1.2957258224487305, 1.266702651977539, 1.3214452266693115, 1.3218765258789062, 1.3053491115570068, 1.2613601684570312, 1.2823758125305176, 1.200727939605713, 1.2507518529891968, 1.3303959369659424, 1.156914234161377, 1.26804518699646, 1.3028770685195923, 1.3512330055236816, 1.3188872337341309, 1.3245618343353271, 1.3151326179504395, 1.2048627138137817, 1.2936854362487793, 1.2155088186264038, 1.2700594663619995, 1.2264008522033691, 1.2501333951950073]",sae,Pre-64
1,beta,31,0.185,0.4497611378811508,0.4308970333737342,0.4272938031397836,0.5,0.642735734520437,0.7085195409608602,30,"[0, 1, 2, 3, 4, 5, 6, 7, 8, 9, 10, 11, 12, 13, 14, 15, 16, 17, 18, 19, 20, 21, 22, 23, 24, 25, 26, 27, 28, 29]","[1.2927418947219849, 1.2753671407699585, 1.227394938468933, 1.2185066938400269, 1.2926124334335327, 1.3188291788101196, 1.2327617406845093, 1.2946306467056274, 1.275592565536499, 1.2820425033569336, 1.2799322605133057, 1.2899681329727173, 1.3173775672912598, 1.1598260402679443, 1.3343702554702759, 1.2747410535812378, 1.2821134328842163, 1.2660921812057495, 1.2837586402893066, 1.2430367469787598, 1.3375529050827026, 1.2945599555969238, 1.324301838874817, 1.3109797239303589, 1.2828172445297241, 1.2930870056152344, 1.2052137851715088, 1.3414028882980347, 1.2301232814788818, 1.3131903409957886]",sae,Pre-64
1,beta,12,0.145,0.4455148672091349,0.4361346773072694,0.411866283585004,0.5,0.5892778403611032,0.7320550754038182,30,"[0, 1, 2, 3, 4, 5, 6, 7, 8, 9, 10, 11, 12, 13, 14, 15, 16, 17, 18, 19, 20, 21, 22, 23, 24, 25, 26, 27, 28, 29]","[1.363474726676941, 1.4711179733276367, 1.3802597522735596, 1.2800278663635254, 1.4683576822280884, 1.4041718244552612, 1.39775812625885, 1.449886679649353, 1.4852148294448853, 1.3562196493148804, 1.358080506324768, 1.5264095067977905, 1.3845093250274658, 1.456982135772705, 1.3422071933746338, 1.530117392539978, 1.314663052558899, 1.5085848569869995, 1.4300239086151123, 1.5226961374282837, 1.4863693714141846, 1.4329299926757812, 1.3844518661499023, 1.5287774801254272, 1.5063122510910034, 1.3750536441802979, 1.5068057775497437, 1.4518433809280396, 1.405348539352417, 1.5372868776321411]",sae,Pre-64
1,beta,34,0.105,0.4568527557813058,0.4470225010708758,0.4459798563922196,0.5,0.6011606799053854,0.6769884858468851,30,"[0, 1, 2, 3, 4, 5, 6, 7, 8, 9, 10, 11, 12, 13, 14, 15, 16, 17, 18, 19, 20, 21, 22, 23, 24, 25, 26, 27, 28, 29]","[1.3147019147872925, 1.3980015516281128, 1.4010664224624634, 1.3505767583847046, 1.3104654550552368, 1.3156436681747437, 1.3523993492126465, 1.2663298845291138, 1.2869685888290405, 1.3201099634170532, 1.3730882406234741, 1.1788424253463745, 1.3807252645492554, 1.26786208152771, 1.281327486038208, 1.3100318908691406, 1.3942623138427734, 1.4163129329681396, 1.331101655960083, 1.307451605796814, 1.3330037593841553, 1.4155421257019043, 1.3475961685180664, 1.364478349685669, 1.3116445541381836, 1.2556815147399902, 1.4295068979263306, 1.411023497581482, 1.4019947052001953, 1.3814785480499268]",sae,Pre-64
1,beta,2,0.16,0.4419681213812466,0.4306250660512843,0.4214500830473406,0.5,0.6028191218064636,0.6885838317800342,30,"[0, 1, 2, 3, 4, 5, 6, 7, 8, 9, 10, 11, 12, 13, 14, 15, 16, 17, 18, 19, 20, 21, 22, 23, 24, 25, 26, 27, 28, 29]","[1.177594542503357, 1.1915397644042969, 1.1720255613327026, 1.224068522453308, 1.1620794534683228, 1.2321189641952515, 1.2030149698257446, 1.196860909461975, 1.148407220840454, 1.1551377773284912, 1.178519606590271, 1.1624854803085327, 1.1972649097442627, 1.2313977479934692, 1.221028208732605, 1.184928059577942, 1.212679386138916, 1.2674747705459595, 1.2569165229797363, 1.2426153421401978, 1.1858562231063843, 1.1857556104660034, 1.230055332183838, 1.2205654382705688, 1.1919792890548706, 1.1700259447097778, 1.2158395051956177, 1.208303451538086, 1.0475178956985474, 1.2580467462539673]",sae,Pre-64
1,beta,34,0.14,0.4568527557813058,0.4470225010708758,0.4459588062192746,0.5,0.6011606799053854,0.6769884858468851,30,"[0, 1, 2, 3, 4, 5, 6, 7, 8, 9, 10, 11, 12, 13, 14, 15, 16, 17, 18, 19, 20, 21, 22, 23, 24, 25, 26, 27, 28, 29]","[1.3126484155654907, 1.3959370851516724, 1.3990099430084229, 1.3485056161880493, 1.3083856105804443, 1.313584566116333, 1.350338101387024, 1.2642757892608643, 1.2848906517028809, 1.3180434703826904, 1.371023416519165, 1.1767804622650146, 1.3786710500717163, 1.2658092975616455, 1.2792750597000122, 1.3079637289047241, 1.3922011852264404, 1.4142564535140991, 1.329026222229004, 1.3053873777389526, 1.3309276103973389, 1.4134867191314697, 1.345530390739441, 1.362428069114685, 1.3095837831497192, 1.2536157369613647, 1.427450180053711, 1.4089621305465698, 1.3999325037002563, 1.3794225454330444]",sae,Pre-64
1,beta,45,0.185,0.4515599815008028,0.4347157609968581,0.4360912325385597,0.5,0.6289673345145609,0.6746020928929474,30,"[0, 1, 2, 3, 4, 5, 6, 7, 8, 9, 10, 11, 12, 13, 14, 15, 16, 17, 18, 19, 20, 21, 22, 23, 24, 25, 26, 27, 28, 29]","[1.2667815685272217, 1.254332184791565, 1.1693114042282104, 1.3038530349731445, 1.3015878200531006, 1.129035472869873, 1.3208322525024414, 1.2543390989303589, 1.2086528539657593, 1.1548575162887573, 1.2344766855239868, 1.3155006170272827, 1.2629320621490479, 1.1639117002487183, 1.210435152053833, 1.2376161813735962, 1.219157099723816, 1.1073741912841797, 1.2454944849014282, 1.2538845539093018, 1.270247220993042, 1.1856657266616821, 1.2650425434112549, 1.1175426244735718, 1.1055678129196167, 1.2950810194015503, 1.2016807794570923, 1.2160905599594116, 1.1144484281539917, 1.306185007095337]",sae,Pre-64
1,beta,40,0.11,0.44666181227492,0.4340193094910912,0.4316217409723988,0.5,0.6093636266731638,0.6691056662961214,30,"[0, 1, 2, 3, 4, 5, 6, 7, 8, 9, 10, 11, 12, 13, 14, 15, 16, 17, 18, 19, 20, 21, 22, 23, 24, 25, 26, 27, 28, 29]","[1.3559565544128418, 1.2995483875274658, 1.2986587285995483, 1.2388689517974854, 1.271720051765442, 1.3023381233215332, 1.3044216632843018, 1.3149023056030273, 1.329803705215454, 1.3346977233886719, 1.2775647640228271, 1.2847216129302979, 1.3514399528503418, 1.2395009994506836, 1.2576124668121338, 1.368908405303955, 1.267232060432434, 1.3048415184020996, 1.2570666074752808, 1.253305435180664, 1.263658046722412, 1.2733787298202515, 1.328418254852295, 1.2925775051116943, 1.3419862985610962, 1.2717082500457764, 1.3357263803482056, 1.2359422445297241, 1.3772492408752441, 1.2650409936904907]",sae,Pre-64
1,beta,22,0.13,0.4519005213187685,0.4442985770479847,0.4419871196380431,0.5,0.5939599289403404,0.6814109577759738,30,"[0, 1, 2, 3, 4, 5, 6, 7, 8, 9, 10, 11, 12, 13, 14, 15, 16, 17, 18, 19, 20, 21, 22, 23, 24, 25, 26, 27, 28, 29]","[1.3102344274520874, 1.3619391918182373, 1.373955488204956, 1.3757376670837402, 1.4273481369018555, 1.3410046100616455, 1.3390040397644043, 1.3303698301315308, 1.3153496980667114, 1.3497521877288818, 1.312278151512146, 1.4201924800872803, 1.375138282775879, 1.4059175252914429, 1.2972489595413208, 1.3892526626586914, 1.3989547491073608, 1.3714568614959717, 1.2968811988830566, 1.3183623552322388, 1.3808692693710327, 1.382379174232483, 1.381553292274475, 1.3443751335144043, 1.3702033758163452, 1.4154435396194458, 1.3110955953598022, 1.3102717399597168, 1.4527055025100708, 1.2970917224884033]",sae,Pre-64
1,beta,30,0.125,0.4638407167611665,0.4544841508273655,0.4368581832465081,0.5,0.6043368975359404,0.6928290917889621,30,"[0, 1, 2, 3, 4, 5, 6, 7, 8, 9, 10, 11, 12, 13, 14, 15, 16, 17, 18, 19, 20, 21, 22, 23, 24, 25, 26, 27, 28, 29]","[1.3265025615692139, 1.2763986587524414, 1.30817449092865, 1.2710247039794922, 1.271745204925537, 1.2553216218948364, 1.2725520133972168, 1.2433085441589355, 1.2299895286560059, 1.2480055093765259, 1.3294405937194824, 1.2339292764663696, 1.2177703380584717, 1.240138053894043, 1.2978507280349731, 1.312402367591858, 1.255174994468689, 1.2589787244796753, 1.3342045545578003, 1.2580771446228027, 1.2350190877914429, 1.1893764734268188, 1.2721434831619263, 1.259902834892273, 1.3693970441818237, 1.2571009397506714, 1.2953473329544067, 1.2539526224136353, 1.3050059080123901, 1.2799830436706543]",sae,Pre-64
1,beta,11,0.18,0.4566976193509867,0.4496008864727478,0.4327245195943158,0.5,0.5995106990682213,0.7104886571147633,30,"[0, 1, 2, 3, 4, 5, 6, 7, 8, 9, 10, 11, 12, 13, 14, 15, 16, 17, 18, 19, 20, 21, 22, 23, 24, 25, 26, 27, 28, 29]","[1.2980324029922485, 1.1093411445617676, 1.2588930130004883, 1.193479299545288, 1.3317629098892212, 1.1935503482818604, 1.2175323963165283, 1.1180436611175537, 1.315004587173462, 1.3251909017562866, 1.3358596563339233, 1.3454545736312866, 1.3487681150436401, 1.2579489946365356, 1.234872579574585, 1.1975284814834595, 1.2742501497268677, 1.2200214862823486, 1.2540606260299683, 1.298849105834961, 1.2802010774612427, 1.2918314933776855, 1.3297005891799927, 1.2592854499816895, 1.260154128074646, 1.3100764751434326, 1.3210102319717407, 1.2057172060012817, 1.2520750761032104, 1.2334823608398438]",sae,Pre-64
1,beta,17,0.185,0.4599327030141671,0.4513468217402507,0.439526174619726,0.5,0.6120635717004715,0.7004904827674721,30,"[0, 1, 2, 3, 4, 5, 6, 7, 8, 9, 10, 11, 12, 13, 14, 15, 16, 17, 18, 19, 20, 21, 22, 23, 24, 25, 26, 27, 28, 29]","[1.3040179014205933, 1.2029294967651367, 1.2211413383483887, 1.2619518041610718, 1.2990176677703857, 1.1946759223937988, 1.267639398574829, 1.157839059829712, 1.2256661653518677, 1.216896414756775, 1.272628664970398, 1.2881195545196533, 1.2387727499008179, 1.293874979019165, 1.2267948389053345, 1.2366299629211426, 1.298356056213379, 1.23565673828125, 1.2723135948181152, 1.247776985168457, 1.1759544610977173, 1.2501496076583862, 1.1150343418121338, 1.2319706678390503, 1.209333896636963, 1.21880304813385, 1.2135988473892212, 1.2390996217727661, 1.1952540874481201, 1.278271198272705]",sae,Pre-64
1,beta,27,0.17,0.4609757262074365,0.4537266978541116,0.4543084770420211,0.5,0.5914172664146189,0.6586958524901976,30,"[0, 1, 2, 3, 4, 5, 6, 7, 8, 9, 10, 11, 12, 13, 14, 15, 16, 17, 18, 19, 20, 21, 22, 23, 24, 25, 26, 27, 28, 29]","[1.3051021099090576, 1.3458740711212158, 1.3075159788131714, 1.2901417016983032, 1.3329824209213257, 1.2539043426513672, 1.3437825441360474, 1.227487564086914, 1.2910281419754028, 1.282991886138916, 1.2431830167770386, 1.3459980487823486, 1.2837783098220825, 1.250222086906433, 1.2881654500961304, 1.2151615619659424, 1.2593470811843872, 1.3146814107894897, 1.2793467044830322, 1.2684364318847656, 1.3486262559890747, 1.325602650642395, 1.2487034797668457, 1.2015976905822754, 1.2809484004974365, 1.3483775854110718, 1.2641065120697021, 1.3143647909164429, 1.2196835279464722, 1.2924659252166748]",sae,Pre-64
1,beta,18,0.115,0.4575117633693479,0.4471831599677374,0.4222816873577932,0.5,0.6052065040104606,0.730625515897658,30,"[0, 1, 2, 3, 4, 5, 6, 7, 8, 9, 10, 11, 12, 13, 14, 15, 16, 17, 18, 19, 20, 21, 22, 23, 24, 25, 26, 27, 28, 29]","[1.2510478496551514, 1.4010207653045654, 1.4297512769699097, 1.353522539138794, 1.359796404838562, 1.369761347770691, 1.5368465185165405, 1.3332123756408691, 1.4158756732940674, 1.3093156814575195, 1.5022447109222412, 1.4026843309402466, 1.4292596578598022, 1.4433982372283936, 1.3635691404342651, 1.3127156496047974, 1.4347200393676758, 1.359283447265625, 1.3410390615463257, 1.2722272872924805, 1.5203971862792969, 1.3396087884902954, 1.452835202217102, 1.4156302213668823, 1.4024291038513184, 1.3826894760131836, 1.4137701988220215, 1.4493852853775024, 1.4239310026168823, 1.3678255081176758]",sae,Pre-64
1,beta,33,0.094,0.4492211383258522,0.4377959816952598,0.4270776034955488,0.5,0.6165210074526608,0.6947902083068177,30,"[0, 1, 2, 3, 4, 5, 6, 7, 8, 9, 10, 11, 12, 13, 14, 15, 16, 17, 18, 19, 20, 21, 22, 23, 24, 25, 26, 27, 28, 29]","[1.3335531949996948, 1.4094797372817993, 1.3662768602371216, 1.3417433500289917, 1.2986253499984741, 1.4314861297607422, 1.2905666828155518, 1.4029072523117065, 1.4087245464324951, 1.407092809677124, 1.3523694276809692, 1.4097893238067627, 1.3519489765167236, 1.3102118968963623, 1.3068840503692627, 1.3999290466308594, 1.323128342628479, 1.3305151462554932, 1.411234736442566, 1.407729148864746, 1.3376868963241577, 1.2904282808303833, 1.427100658416748, 1.3816522359848022, 1.42561936378479, 1.311076283454895, 1.32999587059021, 1.312882900238037, 1.278256893157959, 1.3349778652191162]",sae,Pre-64
1,beta,7,0.14,0.4564836922581216,0.4420418003909208,0.4350144591888079,0.5,0.6095136152062148,0.7014016976066313,30,"[0, 1, 2, 3, 4, 5, 6, 7, 8, 9, 10, 11, 12, 13, 14, 15, 16, 17, 18, 19, 20, 21, 22, 23, 24, 25, 26, 27, 28, 29]","[1.2840995788574219, 1.313199758529663, 1.3326445817947388, 1.2903386354446411, 1.35037362575531, 1.3049991130828857, 1.2542051076889038, 1.3081172704696655, 1.3962037563323975, 1.31568443775177, 1.2282048463821411, 1.276387333869934, 1.2364212274551392, 1.256226658821106, 1.4088388681411743, 1.321317195892334, 1.278117060661316, 1.2364084720611572, 1.3420743942260742, 1.3488363027572632, 1.3052200078964233, 1.3140881061553955, 1.3180134296417236, 1.2676045894622803, 1.3663290739059448, 1.3289237022399902, 1.3032145500183105, 1.1854301691055298, 1.3875648975372314, 1.2756600379943848]",sae,Pre-64
1,beta,19,0.175,0.4469965829377276,0.435497383761294,0.4126882780877415,0.5,0.6104665954706788,0.7118462794861324,30,"[0, 1, 2, 3, 4, 5, 6, 7, 8, 9, 10, 11, 12, 13, 14, 15, 16, 17, 18, 19, 20, 21, 22, 23, 24, 25, 26, 27, 28, 29]","[1.2499109506607056, 1.2595441341400146, 1.3304874897003174, 1.2791926860809326, 1.1834181547164917, 1.2025703191757202, 1.2476632595062256, 1.3105697631835938, 1.2318681478500366, 1.3270654678344727, 1.313297986984253, 1.3467551469802856, 1.248130440711975, 1.2593419551849365, 1.1638072729110718, 1.18730628490448, 1.3190690279006958, 1.3516509532928467, 1.2036199569702148, 1.2368093729019165, 1.3599538803100586, 1.2454562187194824, 1.2383978366851807, 1.2401068210601807, 1.239424228668213, 1.3228555917739868, 1.342747449874878, 1.264435052871704, 1.2079017162322998, 1.2193690538406372]",sae,Pre-64
1,beta,45,0.096,0.4515599815008028,0.4347157609968581,0.4471634827301544,0.5,0.6289673345145609,0.6764511683552163,30,"[0, 1, 2, 3, 4, 5, 6, 7, 8, 9, 10, 11, 12, 13, 14, 15, 16, 17, 18, 19, 20, 21, 22, 23, 24, 25, 26, 27, 28, 29]","[1.54155695438385, 1.5334035158157349, 1.426694631576538, 1.6066067218780518, 1.6025999784469604, 1.4587913751602173, 1.6141542196273804, 1.590215802192688, 1.4692633152008057, 1.42954421043396, 1.5389988422393799, 1.618113398551941, 1.572553277015686, 1.4871388673782349, 1.4969509840011597, 1.5151536464691162, 1.5287574529647827, 1.4030128717422485, 1.5284085273742676, 1.5207675695419312, 1.5717551708221436, 1.4698498249053955, 1.5816863775253296, 1.4493504762649536, 1.428755760192871, 1.6077861785888672, 1.461195468902588, 1.4764937162399292, 1.4038951396942139, 1.6085681915283203]",sae,Pre-64
1,beta,0,0.092,0.4600628296558519,0.4487196928272481,0.4324412106375314,0.5,0.6146148452673732,0.722357332213923,30,"[0, 1, 2, 3, 4, 5, 6, 7, 8, 9, 10, 11, 12, 13, 14, 15, 16, 17, 18, 19, 20, 21, 22, 23, 24, 25, 26, 27, 28, 29]","[1.3876844644546509, 1.431277871131897, 1.408438801765442, 1.4619773626327515, 1.3817527294158936, 1.4054979085922241, 1.45298171043396, 1.4836208820343018, 1.466734528541565, 1.4115028381347656, 1.4028466939926147, 1.4180277585983276, 1.4792336225509644, 1.4625959396362305, 1.4793933629989624, 1.4282046556472778, 1.439427137374878, 1.3626604080200195, 1.3126342296600342, 1.4627236127853394, 1.383559226989746, 1.370628833770752, 1.4624873399734497, 1.4056593179702759, 1.3806450366973877, 1.3439825773239136, 1.4681227207183838, 1.3531348705291748, 1.4611753225326538, 1.3453365564346313]",sae,Pre-64
1,beta,1,0.1,0.4560357198099471,0.4497423189216591,0.4463068418070692,0.5,0.5964054457666336,0.6820120295603721,30,"[0, 1, 2, 3, 4, 5, 6, 7, 8, 9, 10, 11, 12, 13, 14, 15, 16, 17, 18, 19, 20, 21, 22, 23, 24, 25, 26, 27, 28, 29]","[1.409341812133789, 1.310071587562561, 1.3629745244979858, 1.2500096559524536, 1.345679521560669, 1.2727829217910767, 1.280697226524353, 1.3475960493087769, 1.2539523839950562, 1.3098974227905273, 1.308596134185791, 1.3514429330825806, 1.402263879776001, 1.2792469263076782, 1.3996332883834839, 1.2312582731246948, 1.2545126676559448, 1.308821678161621, 1.379738688468933, 1.4101886749267578, 1.3988661766052246, 1.359561562538147, 1.334014654159546, 1.3044520616531372, 1.2717506885528564, 1.2955355644226074, 1.3239654302597046, 1.3291518688201904, 1.4114861488342285, 1.3338631391525269]",sae,Pre-64
1,beta,36,0.09,0.4642138821845151,0.4576483090311837,0.4580880523864428,0.5,0.6031055233182893,0.6748668397604568,30,"[0, 1, 2, 3, 4, 5, 6, 7, 8, 9, 10, 11, 12, 13, 14, 15, 16, 17, 18, 19, 20, 21, 22, 23, 24, 25, 26, 27, 28, 29]","[1.359470009803772, 1.331679105758667, 1.2991135120391846, 1.3498610258102417, 1.23631751537323, 1.3729697465896606, 1.311708927154541, 1.3463389873504639, 1.3834888935089111, 1.2446976900100708, 1.2857167720794678, 1.3864476680755615, 1.2902125120162964, 1.310819387435913, 1.3368533849716187, 1.3900820016860962, 1.3513073921203613, 1.3264528512954712, 1.3806867599487305, 1.285290241241455, 1.3351117372512817, 1.3070331811904907, 1.3243236541748047, 1.2999578714370728, 1.3748630285263062, 1.344774842262268, 1.312736988067627, 1.3243484497070312, 1.371046543121338, 1.2808136940002441]",sae,Pre-64
1,beta,39,0.18,0.4461088087810431,0.4292341094433316,0.433207898676913,0.5,0.6205127278095635,0.6663970160675603,30,"[0, 1, 2, 3, 4, 5, 6, 7, 8, 9, 10, 11, 12, 13, 14, 15, 16, 17, 18, 19, 20, 21, 22, 23, 24, 25, 26, 27, 28, 29]","[1.2167692184448242, 1.2662208080291748, 1.2168973684310913, 1.1913409233093262, 1.165846586227417, 1.2374893426895142, 1.204798698425293, 1.2446520328521729, 1.1871925592422485, 1.2308861017227173, 1.2083114385604858, 1.1263099908828735, 1.2334657907485962, 1.1612730026245117, 1.2300372123718262, 1.2844254970550537, 1.2191054821014404, 1.2492238283157349, 1.1747970581054688, 1.1100218296051025, 1.190050721168518, 1.2503855228424072, 1.1461728811264038, 1.157684087753296, 1.247743010520935, 1.2323732376098633, 1.0786731243133545, 1.1811778545379639, 1.290164589881897, 1.1894071102142334]",sae,Pre-64
1,beta,28,0.1,0.4589844236982603,0.4495627040154577,0.4416786804754528,0.5,0.5987249917034086,0.6982203811691083,30,"[0, 1, 2, 3, 4, 5, 6, 7, 8, 9, 10, 11, 12, 13, 14, 15, 16, 17, 18, 19, 20, 21, 22, 23, 24, 25, 26, 27, 28, 29]","[1.4437282085418701, 1.3270628452301025, 1.3165351152420044, 1.5359464883804321, 1.4900113344192505, 1.4737555980682373, 1.4345918893814087, 1.3675326108932495, 1.468131184577942, 1.499826431274414, 1.4297033548355103, 1.4602621793746948, 1.5075968503952026, 1.5176678895950317, 1.4506837129592896, 1.3977245092391968, 1.4324952363967896, 1.4889017343521118, 1.4635733366012573, 1.463692545890808, 1.3983198404312134, 1.4184035062789917, 1.4203490018844604, 1.3685725927352905, 1.400101900100708, 1.4886655807495117, 1.5274415016174316, 1.4105591773986816, 1.3893131017684937, 1.401621699333191]",sae,Pre-64
1,beta,2,0.125,0.4419681213812466,0.4306250660512843,0.4248229625761026,0.5,0.6028191218064636,0.6887548105902537,30,"[0, 1, 2, 3, 4, 5, 6, 7, 8, 9, 10, 11, 12, 13, 14, 15, 16, 17, 18, 19, 20, 21, 22, 23, 24, 25, 26, 27, 28, 29]","[1.3001072406768799, 1.313711404800415, 1.2954679727554321, 1.3575797080993652, 1.2998765707015991, 1.377310037612915, 1.318094253540039, 1.3282406330108643, 1.2673282623291016, 1.2789818048477173, 1.3172743320465088, 1.27309250831604, 1.3335872888565063, 1.383954644203186, 1.3554027080535889, 1.3116954565048218, 1.3628904819488525, 1.4147298336029053, 1.4077562093734741, 1.3861274719238281, 1.315068006515503, 1.3079897165298462, 1.372025728225708, 1.3753986358642578, 1.3028137683868408, 1.3046096563339233, 1.3536012172698975, 1.3337939977645874, 1.1554627418518066, 1.410063624382019]",sae,Pre-64
1,beta,21,0.09,0.4504746503440228,0.4381370334360364,0.4402621811324799,0.5,0.6200058082774133,0.6872288955622289,30,"[0, 1, 2, 3, 4, 5, 6, 7, 8, 9, 10, 11, 12, 13, 14, 15, 16, 17, 18, 19, 20, 21, 22, 23, 24, 25, 26, 27, 28, 29]","[1.4386626482009888, 1.4893635511398315, 1.6140836477279663, 1.6087936162948608, 1.5896776914596558, 1.5703991651535034, 1.483893632888794, 1.4926620721817017, 1.5985727310180664, 1.5105915069580078, 1.5885344743728638, 1.597088098526001, 1.4760079383850098, 1.5030409097671509, 1.4990383386611938, 1.492771863937378, 1.4936761856079102, 1.5051857233047485, 1.4358036518096924, 1.60565185546875, 1.4306647777557373, 1.6136187314987183, 1.4255822896957397, 1.4436554908752441, 1.4991719722747803, 1.4572625160217285, 1.4248030185699463, 1.4794193506240845, 1.5668989419937134, 1.5518609285354614]",sae,Pre-64
1,beta,3,0.185,0.4557259332451328,0.444824285747971,0.4528068214623828,0.5,0.6042731979176,0.6513801247011826,30,"[0, 1, 2, 3, 4, 5, 6, 7, 8, 9, 10, 11, 12, 13, 14, 15, 16, 17, 18, 19, 20, 21, 22, 23, 24, 25, 26, 27, 28, 29]","[1.3574862480163574, 1.3887872695922852, 1.3713406324386597, 1.3198115825653076, 1.3606051206588745, 1.3909056186676025, 1.3577871322631836, 1.3993746042251587, 1.157299518585205, 1.4248449802398682, 1.3169137239456177, 1.4247381687164307, 1.3566640615463257, 1.3267802000045776, 1.435935616493225, 1.361575961112976, 1.3649318218231201, 1.384176254272461, 1.3160400390625, 1.3242093324661255, 1.2691396474838257, 1.3402985334396362, 1.3361108303070068, 1.447838544845581, 1.4140753746032715, 1.3501933813095093, 1.3532664775848389, 1.3446710109710693, 1.4106913805007935, 1.35154128074646]",sae,Pre-64
1,beta,13,0.17,0.4619123366083722,0.4531466051409948,0.4367075282311671,0.5,0.6127276801885291,0.7078491260660782,30,"[0, 1, 2, 3, 4, 5, 6, 7, 8, 9, 10, 11, 12, 13, 14, 15, 16, 17, 18, 19, 20, 21, 22, 23, 24, 25, 26, 27, 28, 29]","[1.3739396333694458, 1.1882251501083374, 1.3570945262908936, 1.2984371185302734, 1.271278977394104, 1.3600295782089233, 1.3005099296569824, 1.3049802780151367, 1.3232088088989258, 1.3055777549743652, 1.3686034679412842, 1.2976927757263184, 1.3120478391647339, 1.335442066192627, 1.333246111869812, 1.264838695526123, 1.251979112625122, 1.3283346891403198, 1.2952795028686523, 1.2969814538955688, 1.2691667079925537, 1.224143624305725, 1.2476482391357422, 1.273727297782898, 1.2895557880401611, 1.2457599639892578, 1.2886534929275513, 1.2605063915252686, 1.3033757209777832, 1.3052150011062622]",sae,Pre-64
1,beta,28,0.135,0.4589844236982603,0.4495627040154577,0.4395410746409706,0.5,0.5987249917034086,0.6968884819608401,30,"[0, 1, 2, 3, 4, 5, 6, 7, 8, 9, 10, 11, 12, 13, 14, 15, 16, 17, 18, 19, 20, 21, 22, 23, 24, 25, 26, 27, 28, 29]","[1.292614459991455, 1.207491159439087, 1.1715896129608154, 1.385676622390747, 1.340956449508667, 1.3469947576522827, 1.2819665670394897, 1.2376667261123657, 1.3448705673217773, 1.3665608167648315, 1.3102376461029053, 1.3347244262695312, 1.3604087829589844, 1.375031590461731, 1.2995822429656982, 1.269550085067749, 1.302940845489502, 1.3572115898132324, 1.3212536573410034, 1.330739974975586, 1.2770473957061768, 1.2857050895690918, 1.2705605030059814, 1.2233809232711792, 1.2640950679779053, 1.346234917640686, 1.395422339439392, 1.2857273817062378, 1.268264651298523, 1.2646658420562744]",sae,Pre-64
1,beta,11,0.086,0.4566976193509867,0.4496008864727478,0.4367881330810357,0.5,0.5995106990682213,0.7107183827316571,30,"[0, 1, 2, 3, 4, 5, 6, 7, 8, 9, 10, 11, 12, 13, 14, 15, 16, 17, 18, 19, 20, 21, 22, 23, 24, 25, 26, 27, 28, 29]","[1.4590266942977905, 1.2653783559799194, 1.4157559871673584, 1.3377649784088135, 1.493092656135559, 1.3593294620513916, 1.3668125867843628, 1.2465198040008545, 1.4780036211013794, 1.4795893430709839, 1.4951553344726562, 1.508796215057373, 1.5107632875442505, 1.4049997329711914, 1.375652551651001, 1.3800885677337646, 1.4321684837341309, 1.3599249124526978, 1.3891292810440063, 1.4500796794891357, 1.418947458267212, 1.434769868850708, 1.492620825767517, 1.410254716873169, 1.4000736474990845, 1.4659957885742188, 1.494960904121399, 1.3514577150344849, 1.3928866386413574, 1.3734532594680786]",sae,Pre-64
1,beta,8,0.13,0.4517491928182039,0.4406431065890545,0.4376427213299986,0.5,0.6098144493254953,0.6769649766912134,30,"[0, 1, 2, 3, 4, 5, 6, 7, 8, 9, 10, 11, 12, 13, 14, 15, 16, 17, 18, 19, 20, 21, 22, 23, 24, 25, 26, 27, 28, 29]","[1.2372578382492065, 1.3397458791732788, 1.2796550989151, 1.3083250522613525, 1.360464096069336, 1.2935738563537598, 1.3411039113998413, 1.267743706703186, 1.3183510303497314, 1.339992880821228, 1.3582439422607422, 1.2926623821258545, 1.2922357320785522, 1.3201844692230225, 1.3336840867996216, 1.2613106966018677, 1.285011649131775, 1.3065158128738403, 1.2318971157073975, 1.2736417055130005, 1.258906602859497, 1.240995168685913, 1.340212106704712, 1.2745587825775146, 1.3340983390808105, 1.337548017501831, 1.2442502975463867, 1.335153579711914, 1.3041086196899414, 1.2909514904022217]",sae,Pre-64
1,beta,48,0.094,0.4556814132376,0.4510566266980289,0.4877661925824356,0.5,0.5923878577171784,0.5906240444831998,30,"[0, 1, 2, 3, 4, 5, 6, 7, 8, 9, 10, 11, 12, 13, 14, 15, 16, 17, 18, 19, 20, 21, 22, 23, 24, 25, 26, 27, 28, 29]","[1.5235954523086548, 1.4696543216705322, 1.4561433792114258, 1.445006251335144, 1.4165741205215454, 1.3659327030181885, 1.461893916130066, 1.3861770629882812, 1.4183036088943481, 1.4116123914718628, 1.48518705368042, 1.4261083602905273, 1.4448062181472778, 1.4256113767623901, 1.378587007522583, 1.4661095142364502, 1.4878488779067993, 1.4667503833770752, 1.4972689151763916, 1.3434224128723145, 1.4203362464904785, 1.5058369636535645, 1.5079295635223389, 1.3304160833358765, 1.426857829093933, 1.4809143543243408, 1.5017406940460205, 1.4972795248031616, 1.4243977069854736, 1.4541690349578857]",sae,Pre-64
1,beta,27,0.092,0.4609757262074365,0.4537266978541116,0.4566142633430535,0.5,0.5914172664146189,0.6601096668871741,30,"[0, 1, 2, 3, 4, 5, 6, 7, 8, 9, 10, 11, 12, 13, 14, 15, 16, 17, 18, 19, 20, 21, 22, 23, 24, 25, 26, 27, 28, 29]","[1.406744360923767, 1.459656000137329, 1.412720799446106, 1.3897857666015625, 1.4452332258224487, 1.3549679517745972, 1.4566720724105835, 1.320801854133606, 1.402609944343567, 1.4114902019500732, 1.34401535987854, 1.4554091691970825, 1.3900295495986938, 1.3471174240112305, 1.3938173055648804, 1.30942964553833, 1.3734829425811768, 1.4237406253814697, 1.375058889389038, 1.3805361986160278, 1.4542875289916992, 1.423850655555725, 1.3522950410842896, 1.2984704971313477, 1.3843101263046265, 1.4621596336364746, 1.3664004802703857, 1.425634741783142, 1.31234610080719, 1.3999556303024292]",sae,Pre-64
1,beta,39,0.086,0.4461088087810431,0.4292341094433316,0.4375427429572984,0.5,0.6205127278095635,0.6695379182973749,30,"[0, 1, 2, 3, 4, 5, 6, 7, 8, 9, 10, 11, 12, 13, 14, 15, 16, 17, 18, 19, 20, 21, 22, 23, 24, 25, 26, 27, 28, 29]","[1.4222034215927124, 1.517155647277832, 1.457335352897644, 1.4509161710739136, 1.3773095607757568, 1.436894416809082, 1.4199342727661133, 1.4553391933441162, 1.3825212717056274, 1.4983464479446411, 1.425517201423645, 1.3701082468032837, 1.4583935737609863, 1.3747268915176392, 1.459877610206604, 1.5194463729858398, 1.4854636192321777, 1.4793230295181274, 1.3980131149291992, 1.3567309379577637, 1.3748533725738525, 1.4647786617279053, 1.4024196863174438, 1.4053372144699097, 1.4772248268127441, 1.4297499656677246, 1.3210856914520264, 1.4004764556884766, 1.5310169458389282, 1.4010013341903687]",sae,Pre-64
1,beta,12,0.11,0.4455148672091349,0.4361346773072694,0.4119383108888961,0.5,0.5892778403611032,0.7320332621285706,30,"[0, 1, 2, 3, 4, 5, 6, 7, 8, 9, 10, 11, 12, 13, 14, 15, 16, 17, 18, 19, 20, 21, 22, 23, 24, 25, 26, 27, 28, 29]","[1.3684500455856323, 1.4760994911193848, 1.3852382898330688, 1.2850029468536377, 1.473322868347168, 1.4091391563415527, 1.402762532234192, 1.4549046754837036, 1.4902317523956299, 1.361215353012085, 1.3630528450012207, 1.5313894748687744, 1.3895138502120972, 1.4619702100753784, 1.3471958637237549, 1.535091519355774, 1.3196617364883423, 1.5135300159454346, 1.4350206851959229, 1.5276514291763306, 1.4913907051086426, 1.4379158020019531, 1.3894636631011963, 1.5337649583816528, 1.5112895965576172, 1.3800370693206787, 1.5117923021316528, 1.456864595413208, 1.410366415977478, 1.5422800779342651]",sae,Pre-64
1,beta,44,0.088,0.4469012312759677,0.43811650775401,0.4572467621875837,0.5,0.5982762074796864,0.6215434292010629,30,"[0, 1, 2, 3, 4, 5, 6, 7, 8, 9, 10, 11, 12, 13, 14, 15, 16, 17, 18, 19, 20, 21, 22, 23, 24, 25, 26, 27, 28, 29]","[1.3523277044296265, 1.3561092615127563, 1.3002294301986694, 1.3296476602554321, 1.345717430114746, 1.4021879434585571, 1.378580927848816, 1.2978171110153198, 1.365257740020752, 1.4160557985305786, 1.3448935747146606, 1.3211719989776611, 1.3504868745803833, 1.3172228336334229, 1.419277548789978, 1.4182742834091187, 1.287239909172058, 1.1952532529830933, 1.3608592748641968, 1.34762704372406, 1.319446325302124, 1.2941277027130127, 1.34027898311615, 1.348219871520996, 1.4039326906204224, 1.3034824132919312, 1.3248685598373413, 1.3477301597595215, 1.3429625034332275, 1.361762523651123]",sae,Pre-64
1,beta,14,0.092,0.4467366851483266,0.4421697276018216,0.4320093884032924,0.5,0.5934222168898753,0.6976049430855291,30,"[0, 1, 2, 3, 4, 5, 6, 7, 8, 9, 10, 11, 12, 13, 14, 15, 16, 17, 18, 19, 20, 21, 22, 23, 24, 25, 26, 27, 28, 29]","[1.4065781831741333, 1.291418194770813, 1.3694437742233276, 1.39357328414917, 1.4189398288726807, 1.3806836605072021, 1.3658795356750488, 1.46377694606781, 1.3831851482391357, 1.44277024269104, 1.3415030241012573, 1.2995110750198364, 1.319983720779419, 1.4423667192459106, 1.4358491897583008, 1.387526273727417, 1.4633384943008423, 1.4582394361495972, 1.3783178329467773, 1.3757652044296265, 1.4017118215560913, 1.3930778503417969, 1.4517024755477905, 1.3391406536102295, 1.451818823814392, 1.4518156051635742, 1.3902398347854614, 1.459241271018982, 1.445069432258606, 1.341668963432312]",sae,Pre-64
1,beta,3,0.088,0.4557259332451328,0.444824285747971,0.4644313072425195,0.5,0.6042731979176,0.6522603173318456,30,"[0, 1, 2, 3, 4, 5, 6, 7, 8, 9, 10, 11, 12, 13, 14, 15, 16, 17, 18, 19, 20, 21, 22, 23, 24, 25, 26, 27, 28, 29]","[1.3994537591934204, 1.426369071006775, 1.411017894744873, 1.368991494178772, 1.4044232368469238, 1.4410640001296997, 1.3969976902008057, 1.4446080923080444, 1.1999378204345703, 1.4695395231246948, 1.3613348007202148, 1.4676001071929932, 1.4031563997268677, 1.379122018814087, 1.4784467220306396, 1.3980234861373901, 1.403761625289917, 1.4292032718658447, 1.363154649734497, 1.3660327196121216, 1.3114769458770752, 1.3774827718734741, 1.374215006828308, 1.489088773727417, 1.459848165512085, 1.388904333114624, 1.391996145248413, 1.3855299949645996, 1.454426646232605, 1.3916106224060059]",sae,Pre-64
1,beta,39,0.12,0.4461088087810431,0.4292341094433316,0.4355742441653039,0.5,0.6205127278095635,0.6673340142387567,30,"[0, 1, 2, 3, 4, 5, 6, 7, 8, 9, 10, 11, 12, 13, 14, 15, 16, 17, 18, 19, 20, 21, 22, 23, 24, 25, 26, 27, 28, 29]","[1.365535855293274, 1.4397186040878296, 1.389008641242981, 1.3706555366516113, 1.313957691192627, 1.3793953657150269, 1.3547732830047607, 1.3930509090423584, 1.3235256671905518, 1.4175362586975098, 1.3591763973236084, 1.2975693941116333, 1.390697956085205, 1.3108601570129395, 1.3885575532913208, 1.451216697692871, 1.4036738872528076, 1.40911066532135, 1.329391598701477, 1.2784887552261353, 1.3201944828033447, 1.4031509160995483, 1.3245322704315186, 1.3269215822219849, 1.407227873802185, 1.3772892951965332, 1.247924566268921, 1.3390402793884277, 1.4577970504760742, 1.336527943611145]",sae,Pre-64
1,beta,11,0.095,0.4566976193509867,0.4496008864727478,0.4367745038033043,0.5,0.5995106990682213,0.7107227723931264,30,"[0, 1, 2, 3, 4, 5, 6, 7, 8, 9, 10, 11, 12, 13, 14, 15, 16, 17, 18, 19, 20, 21, 22, 23, 24, 25, 26, 27, 28, 29]","[1.4573661088943481, 1.2637230157852173, 1.414096474647522, 1.3360964059829712, 1.49143648147583, 1.3576853275299072, 1.3651447296142578, 1.2448421716690063, 1.476345181465149, 1.477925181388855, 1.49349844455719, 1.5071431398391724, 1.5091091394424438, 1.403346061706543, 1.3739811182022095, 1.3784563541412354, 1.4305095672607422, 1.3582756519317627, 1.3874672651290894, 1.448413372039795, 1.4172918796539307, 1.4331014156341553, 1.4909672737121582, 1.4085888862609863, 1.398416519165039, 1.4643319845199585, 1.4933135509490967, 1.349794864654541, 1.3912144899368286, 1.371794581413269]",sae,Pre-64
1,beta,1,0.135,0.4560357198099471,0.4497423189216591,0.4462877102420278,0.5,0.5964054457666336,0.6820267861359021,30,"[0, 1, 2, 3, 4, 5, 6, 7, 8, 9, 10, 11, 12, 13, 14, 15, 16, 17, 18, 19, 20, 21, 22, 23, 24, 25, 26, 27, 28, 29]","[1.4079855680465698, 1.3087029457092285, 1.361616611480713, 1.2486382722854614, 1.3443224430084229, 1.2714142799377441, 1.2793347835540771, 1.346234917640686, 1.252581000328064, 1.3085377216339111, 1.3072316646575928, 1.3500828742980957, 1.4009032249450684, 1.2778825759887695, 1.3982750177383423, 1.2299011945724487, 1.2531543970108032, 1.3074575662612915, 1.378377079963684, 1.4088279008865356, 1.3975049257278442, 1.358201265335083, 1.3326481580734253, 1.3030824661254883, 1.2703856229782104, 1.2941699028015137, 1.3226096630096436, 1.3277952671051025, 1.4101271629333496, 1.3325048685073853]",sae,Pre-64
1,beta,28,0.195,0.4589844236982603,0.4495627040154577,0.4363597930098649,0.5,0.5987249917034086,0.6954499122931779,30,"[0, 1, 2, 3, 4, 5, 6, 7, 8, 9, 10, 11, 12, 13, 14, 15, 16, 17, 18, 19, 20, 21, 22, 23, 24, 25, 26, 27, 28, 29]","[1.1352343559265137, 1.0775038003921509, 1.0399432182312012, 1.2336927652359009, 1.179149866104126, 1.2072476148605347, 1.1323752403259277, 1.10542631149292, 1.2175010442733765, 1.2215855121612549, 1.176476240158081, 1.2057819366455078, 1.218854308128357, 1.2209949493408203, 1.1551659107208252, 1.1379764080047607, 1.1653257608413696, 1.2166705131530762, 1.183241605758667, 1.1995640993118286, 1.135400652885437, 1.153017282485962, 1.1304819583892822, 1.08482027053833, 1.1267801523208618, 1.205606460571289, 1.2566165924072266, 1.1601134538650513, 1.1428003311157227, 1.122060775756836]",sae,Pre-64
1,beta,30,0.16,0.4638407167611665,0.4544841508273655,0.4368581832465081,0.5,0.6043368975359404,0.6928298877252301,30,"[0, 1, 2, 3, 4, 5, 6, 7, 8, 9, 10, 11, 12, 13, 14, 15, 16, 17, 18, 19, 20, 21, 22, 23, 24, 25, 26, 27, 28, 29]","[1.3260555267333984, 1.2759523391723633, 1.3077281713485718, 1.2705765962600708, 1.2712962627410889, 1.2548727989196777, 1.2721036672592163, 1.2428605556488037, 1.2295408248901367, 1.2475576400756836, 1.3289927244186401, 1.2334818840026855, 1.2173240184783936, 1.2396903038024902, 1.29740309715271, 1.3119540214538574, 1.254726529121399, 1.2585314512252808, 1.3337572813034058, 1.2576287984848022, 1.2345722913742065, 1.1889288425445557, 1.2716976404190063, 1.259455919265747, 1.3689512014389038, 1.256653070449829, 1.2948988676071167, 1.2535045146942139, 1.304558515548706, 1.279534935951233]",sae,Pre-64
1,beta,40,0.145,0.44666181227492,0.4340193094910912,0.4316030805320949,0.5,0.6093636266731638,0.6691132802387734,30,"[0, 1, 2, 3, 4, 5, 6, 7, 8, 9, 10, 11, 12, 13, 14, 15, 16, 17, 18, 19, 20, 21, 22, 23, 24, 25, 26, 27, 28, 29]","[1.3549838066101074, 1.2985767126083374, 1.2976824045181274, 1.2378935813903809, 1.270748257637024, 1.3013631105422974, 1.3034428358078003, 1.313927412033081, 1.32882821559906, 1.3337223529815674, 1.2765923738479614, 1.2837485074996948, 1.3504680395126343, 1.2385268211364746, 1.256640911102295, 1.3679347038269043, 1.2662620544433594, 1.3038673400878906, 1.256090521812439, 1.252333641052246, 1.2626789808273315, 1.2724018096923828, 1.3274447917938232, 1.2916035652160645, 1.341013789176941, 1.270734429359436, 1.3347508907318115, 1.2349681854248047, 1.3762776851654053, 1.264060616493225]",sae,Pre-64
1,beta,22,0.19,0.4519005213187685,0.4442985770479847,0.4398732190737021,0.5,0.5939599289403404,0.681375663243097,30,"[0, 1, 2, 3, 4, 5, 6, 7, 8, 9, 10, 11, 12, 13, 14, 15, 16, 17, 18, 19, 20, 21, 22, 23, 24, 25, 26, 27, 28, 29]","[1.2002145051956177, 1.258508563041687, 1.2663673162460327, 1.254521369934082, 1.320236325263977, 1.2496827840805054, 1.2205010652542114, 1.2353113889694214, 1.2040451765060425, 1.2309311628341675, 1.2034111022949219, 1.3098716735839844, 1.264115810394287, 1.2951741218566895, 1.2017581462860107, 1.2735852003097534, 1.287967324256897, 1.2768288850784302, 1.2033504247665405, 1.2154818773269653, 1.278403639793396, 1.275296926498413, 1.2837995290756226, 1.245309829711914, 1.2505635023117065, 1.308205008506775, 1.2040294408798218, 1.2089426517486572, 1.340740442276001, 1.2065489292144775]",sae,Pre-64
1,beta,18,0.15,0.4575117633693479,0.4471831599677374,0.4182839141236465,0.5,0.6052065040104606,0.7279783219994782,30,"[0, 1, 2, 3, 4, 5, 6, 7, 8, 9, 10, 11, 12, 13, 14, 15, 16, 17, 18, 19, 20, 21, 22, 23, 24, 25, 26, 27, 28, 29]","[1.08156156539917, 1.1808451414108276, 1.2274887561798096, 1.1775970458984375, 1.1839946508407593, 1.1783868074417114, 1.302558422088623, 1.1474957466125488, 1.2003755569458008, 1.1137614250183105, 1.279771089553833, 1.1947054862976074, 1.217077374458313, 1.243087649345398, 1.1674503087997437, 1.1044795513153076, 1.2428091764450073, 1.1572407484054565, 1.1403177976608276, 1.0754040479660034, 1.2844663858413696, 1.1361045837402344, 1.2445805072784424, 1.2017990350723267, 1.1962649822235107, 1.1700507402420044, 1.2117968797683716, 1.2385376691818237, 1.2291908264160156, 1.181313395500183]",sae,Pre-64
1,beta,17,0.125,0.4599327030141671,0.4513468217402507,0.4415883051735199,0.5,0.6120635717004715,0.6984544615263449,30,"[0, 1, 2, 3, 4, 5, 6, 7, 8, 9, 10, 11, 12, 13, 14, 15, 16, 17, 18, 19, 20, 21, 22, 23, 24, 25, 26, 27, 28, 29]","[1.3966633081436157, 1.2820000648498535, 1.3069355487823486, 1.34526789188385, 1.3984102010726929, 1.2855405807495117, 1.3574000597000122, 1.2301419973373413, 1.3166108131408691, 1.315392255783081, 1.3730791807174683, 1.3818323612213135, 1.3308703899383545, 1.3861594200134277, 1.3258565664291382, 1.3379886150360107, 1.4038008451461792, 1.3279826641082764, 1.3697367906570435, 1.337975025177002, 1.260720133781433, 1.341999888420105, 1.1980841159820557, 1.316663384437561, 1.3082313537597656, 1.3046760559082031, 1.297121524810791, 1.327674150466919, 1.2822551727294922, 1.3748834133148193]",sae,Pre-64
1,beta,39,0.095,0.4461088087810431,0.4292341094433316,0.4355895017283597,0.5,0.6205127278095635,0.6673355206666848,30,"[0, 1, 2, 3, 4, 5, 6, 7, 8, 9, 10, 11, 12, 13, 14, 15, 16, 17, 18, 19, 20, 21, 22, 23, 24, 25, 26, 27, 28, 29]","[1.3677104711532593, 1.441896915435791, 1.3911733627319336, 1.3728224039077759, 1.3161516189575195, 1.3815773725509644, 1.3569625616073608, 1.395237684249878, 1.325718879699707, 1.4197031259536743, 1.361356258392334, 1.2997318506240845, 1.3928794860839844, 1.3130481243133545, 1.3907384872436523, 1.453393816947937, 1.4058350324630737, 1.411287546157837, 1.3315742015838623, 1.2806569337844849, 1.3223966360092163, 1.4053236246109009, 1.3266962766647339, 1.3290914297103882, 1.4094103574752808, 1.3794686794281006, 1.2500938177108765, 1.3412237167358398, 1.4599753618240356, 1.3387137651443481]",sae,Pre-64
1,beta,6,0.094,0.4540822999211705,0.4457917896713532,0.4483794789543869,0.5,0.5933447799067053,0.6641833680275934,30,"[0, 1, 2, 3, 4, 5, 6, 7, 8, 9, 10, 11, 12, 13, 14, 15, 16, 17, 18, 19, 20, 21, 22, 23, 24, 25, 26, 27, 28, 29]","[1.473630428314209, 1.509000539779663, 1.4234020709991455, 1.5198277235031128, 1.4047131538391113, 1.4159116744995117, 1.4106379747390747, 1.4931687116622925, 1.4026837348937988, 1.5015760660171509, 1.4283093214035034, 1.3679791688919067, 1.4194616079330444, 1.3881574869155884, 1.2208127975463867, 1.4977796077728271, 1.3841241598129272, 1.461037516593933, 1.4460127353668213, 1.4595493078231812, 1.4374045133590698, 1.3994778394699097, 1.5099380016326904, 1.4430029392242432, 1.3833048343658447, 1.4504588842391968, 1.4008387327194214, 1.3852189779281616, 1.4473130702972412, 1.4726911783218384]",sae,Pre-64
1,beta,11,0.12,0.4566976193509867,0.4496008864727478,0.4344011984958765,0.5,0.5995106990682213,0.7099428758720794,30,"[0, 1, 2, 3, 4, 5, 6, 7, 8, 9, 10, 11, 12, 13, 14, 15, 16, 17, 18, 19, 20, 21, 22, 23, 24, 25, 26, 27, 28, 29]","[1.3391835689544678, 1.1480529308319092, 1.3003203868865967, 1.2287020683288574, 1.3741445541381836, 1.2404327392578125, 1.2555893659591675, 1.1508662700653076, 1.3613452911376953, 1.3647059202194214, 1.379698395729065, 1.3874247074127197, 1.3900299072265625, 1.2966811656951904, 1.270672082901001, 1.2415059804916382, 1.3113911151885986, 1.2576888799667358, 1.2915890216827393, 1.3393698930740356, 1.312044382095337, 1.3284152746200562, 1.372444987297058, 1.2960002422332764, 1.2994111776351929, 1.3509278297424316, 1.3659257888793945, 1.2472584247589111, 1.2875605821609497, 1.2693983316421509]",sae,Pre-64
1,beta,1,0.195,0.4560357198099471,0.4497423189216591,0.4441570382956338,0.5,0.5964054457666336,0.6809407021768901,30,"[0, 1, 2, 3, 4, 5, 6, 7, 8, 9, 10, 11, 12, 13, 14, 15, 16, 17, 18, 19, 20, 21, 22, 23, 24, 25, 26, 27, 28, 29]","[1.3022907972335815, 1.2233529090881348, 1.2583339214324951, 1.166562557220459, 1.2354212999343872, 1.188306450843811, 1.1752086877822876, 1.2506344318389893, 1.1780389547348022, 1.2103325128555298, 1.209890365600586, 1.2456566095352173, 1.2999131679534912, 1.1907882690429688, 1.2936913967132568, 1.1284998655319214, 1.1523898839950562, 1.2117130756378174, 1.27717125415802, 1.309846043586731, 1.2979743480682373, 1.2629324197769165, 1.2399814128875732, 1.2208319902420044, 1.1818345785140991, 1.2000187635421753, 1.214017629623413, 1.225874662399292, 1.307836890220642, 1.2237834930419922]",sae,Pre-64
1,beta,4,0.096,0.4589558369307028,0.4477177462853796,0.4573300029120855,0.5,0.61034827708266,0.6589470120196378,30,"[0, 1, 2, 3, 4, 5, 6, 7, 8, 9, 10, 11, 12, 13, 14, 15, 16, 17, 18, 19, 20, 21, 22, 23, 24, 25, 26, 27, 28, 29]","[1.3945908546447754, 1.3794008493423462, 1.3007924556732178, 1.4439480304718018, 1.2736397981643677, 1.321056604385376, 1.368951678276062, 1.304276704788208, 1.389966607093811, 1.4255895614624023, 1.393463373184204, 1.335577368736267, 1.445556640625, 1.3321561813354492, 1.3003281354904175, 1.3875230550765991, 1.3914451599121094, 1.3594294786453247, 1.3179556131362915, 1.4134774208068848, 1.374908208847046, 1.4375524520874023, 1.3761199712753296, 1.2907415628433228, 1.371222734451294, 1.3103848695755005, 1.3280043601989746, 1.3413324356079102, 1.420392394065857, 1.2950103282928467]",sae,Pre-64
1,beta,42,0.092,0.4546678683050885,0.4407690563496341,0.4505223143742496,0.5,0.6336081445133979,0.6601181026603166,30,"[0, 1, 2, 3, 4, 5, 6, 7, 8, 9, 10, 11, 12, 13, 14, 15, 16, 17, 18, 19, 20, 21, 22, 23, 24, 25, 26, 27, 28, 29]","[1.4575849771499634, 1.3223578929901123, 1.4598134756088257, 1.4596385955810547, 1.3862106800079346, 1.4481213092803955, 1.3749525547027588, 1.3432502746582031, 1.3362414836883545, 1.4577041864395142, 1.434652328491211, 1.4767563343048096, 1.342508316040039, 1.1541839838027954, 1.474187970161438, 1.3799489736557007, 1.3192224502563477, 1.3012319803237915, 1.431029200553894, 1.4293853044509888, 1.361933946609497, 1.3513232469558716, 1.3670790195465088, 1.3246681690216064, 1.355863094329834, 1.3295866250991821, 1.4718931913375854, 1.3358900547027588, 1.4003276824951172, 1.319743275642395]",sae,Pre-64
1,beta,25,0.086,0.4465066892532915,0.4352791138475453,0.4389333066548536,0.5,0.6270054355300688,0.6628416640256409,30,"[0, 1, 2, 3, 4, 5, 6, 7, 8, 9, 10, 11, 12, 13, 14, 15, 16, 17, 18, 19, 20, 21, 22, 23, 24, 25, 26, 27, 28, 29]","[1.3761125802993774, 1.3868380784988403, 1.2854183912277222, 1.4096802473068237, 1.4056991338729858, 1.3957273960113525, 1.2823820114135742, 1.3061548471450806, 1.3533377647399902, 1.2578519582748413, 1.407313346862793, 1.3255438804626465, 1.3889251947402954, 1.3142175674438477, 1.2973445653915405, 1.3239060640335083, 1.1926847696304321, 1.233768105506897, 1.2769036293029785, 1.3027256727218628, 1.4192354679107666, 1.217721700668335, 1.3703134059906006, 1.3195583820343018, 1.3530826568603516, 1.3047327995300293, 1.4337716102600098, 1.3848419189453125, 1.4049044847488403, 1.2594983577728271]",sae,Pre-64
1,beta,9,0.09,0.448644851968101,0.4348910401892977,0.4491760897075577,0.5,0.6286670530281078,0.6738945233265721,30,"[0, 1, 2, 3, 4, 5, 6, 7, 8, 9, 10, 11, 12, 13, 14, 15, 16, 17, 18, 19, 20, 21, 22, 23, 24, 25, 26, 27, 28, 29]","[1.5745832920074463, 1.4739261865615845, 1.5746610164642334, 1.5463531017303467, 1.464361548423767, 1.3053972721099854, 1.5552103519439697, 1.4838701486587524, 1.577292799949646, 1.4125683307647705, 1.5254930257797241, 1.4861353635787964, 1.4801491498947144, 1.5203851461410522, 1.5985959768295288, 1.5001107454299927, 1.4650852680206299, 1.554495096206665, 1.5853033065795898, 1.44390070438385, 1.5652967691421509, 1.5824445486068726, 1.4549815654754639, 1.571028232574463, 1.5690042972564697, 1.5619968175888062, 1.410428524017334, 1.388378381729126, 1.460601568222046, 1.5928415060043335]",sae,Pre-64
1,beta,4,0.15,0.4589558369307028,0.4477177462853796,0.4572932478660873,0.5,0.61034827708266,0.6590962956122937,30,"[0, 1, 2, 3, 4, 5, 6, 7, 8, 9, 10, 11, 12, 13, 14, 15, 16, 17, 18, 19, 20, 21, 22, 23, 24, 25, 26, 27, 28, 29]","[1.3371140956878662, 1.3215481042861938, 1.2534321546554565, 1.3874515295028687, 1.2280900478363037, 1.2684305906295776, 1.305147409439087, 1.2539036273956299, 1.3435173034667969, 1.3644160032272339, 1.3417775630950928, 1.2751590013504028, 1.387332558631897, 1.2857202291488647, 1.2502772808074951, 1.334253191947937, 1.3361165523529053, 1.3102682828903198, 1.270174264907837, 1.363905429840088, 1.3231439590454102, 1.3820403814315796, 1.326542854309082, 1.2380977869033813, 1.3228868246078491, 1.2600232362747192, 1.281851887702942, 1.2998974323272705, 1.3667731285095215, 1.244389295578003]",sae,Pre-64
1,beta,8,0.165,0.4517491928182039,0.4406431065890545,0.4376236706735033,0.5,0.6098144493254953,0.6769522435149226,30,"[0, 1, 2, 3, 4, 5, 6, 7, 8, 9, 10, 11, 12, 13, 14, 15, 16, 17, 18, 19, 20, 21, 22, 23, 24, 25, 26, 27, 28, 29]","[1.2361955642700195, 1.338681936264038, 1.2785910367965698, 1.3072680234909058, 1.3594002723693848, 1.2925068140029907, 1.340039849281311, 1.2666735649108887, 1.3172903060913086, 1.3389347791671753, 1.3571813106536865, 1.2915935516357422, 1.2911735773086548, 1.3191200494766235, 1.3326184749603271, 1.2602427005767822, 1.2839503288269043, 1.3054487705230713, 1.2308369874954224, 1.2725799083709717, 1.2578444480895996, 1.2399332523345947, 1.339145541191101, 1.2734949588775635, 1.333032250404358, 1.3364794254302979, 1.243180513381958, 1.3340870141983032, 1.3030383586883545, 1.289891004562378]",sae,Pre-64
1,beta,27,0.11,0.4609757262074365,0.4537266978541116,0.456602759704404,0.5,0.5914172664146189,0.6600917879113368,30,"[0, 1, 2, 3, 4, 5, 6, 7, 8, 9, 10, 11, 12, 13, 14, 15, 16, 17, 18, 19, 20, 21, 22, 23, 24, 25, 26, 27, 28, 29]","[1.4051687717437744, 1.458093523979187, 1.4111521244049072, 1.3882108926773071, 1.4436712265014648, 1.3533954620361328, 1.4551018476486206, 1.3192176818847656, 1.4010422229766846, 1.4099351167678833, 1.3424408435821533, 1.4538440704345703, 1.388465404510498, 1.3455384969711304, 1.392251968383789, 1.30785071849823, 1.371914267539978, 1.422179102897644, 1.3734818696975708, 1.3789669275283813, 1.4527199268341064, 1.4222832918167114, 1.3507224321365356, 1.2968976497650146, 1.3827402591705322, 1.4605991840362549, 1.3648253679275513, 1.4240679740905762, 1.310767412185669, 1.3983858823776245]",sae,Pre-64
1,beta,31,0.088,0.4497611378811508,0.4308970333737342,0.4311870245631635,0.5,0.642735734520437,0.7096982135630456,30,"[0, 1, 2, 3, 4, 5, 6, 7, 8, 9, 10, 11, 12, 13, 14, 15, 16, 17, 18, 19, 20, 21, 22, 23, 24, 25, 26, 27, 28, 29]","[1.422452688217163, 1.3920671939849854, 1.3264365196228027, 1.3325937986373901, 1.3978321552276611, 1.4513224363327026, 1.3472497463226318, 1.400808334350586, 1.3759620189666748, 1.4071812629699707, 1.3953888416290283, 1.4005539417266846, 1.4312225580215454, 1.2613742351531982, 1.4458541870117188, 1.38388991355896, 1.403639793395996, 1.3932174444198608, 1.4039305448532104, 1.3648804426193237, 1.4533054828643799, 1.4008350372314453, 1.443411946296692, 1.4204007387161255, 1.3947312831878662, 1.4107952117919922, 1.3224678039550781, 1.4614008665084839, 1.3262377977371216, 1.4195702075958252]",sae,Pre-64
1,beta,36,0.165,0.4642138821845151,0.4576483090311837,0.4562606183214311,0.5,0.6031055233182893,0.6748537705984514,30,"[0, 1, 2, 3, 4, 5, 6, 7, 8, 9, 10, 11, 12, 13, 14, 15, 16, 17, 18, 19, 20, 21, 22, 23, 24, 25, 26, 27, 28, 29]","[1.355833888053894, 1.3280611038208008, 1.2954851388931274, 1.34623122215271, 1.2326804399490356, 1.3693360090255737, 1.3080825805664062, 1.3427331447601318, 1.379862904548645, 1.2410523891448975, 1.2820806503295898, 1.3828169107437134, 1.286559820175171, 1.3071794509887695, 1.3332328796386719, 1.3864537477493286, 1.3476667404174805, 1.3228209018707275, 1.3770586252212524, 1.2816357612609863, 1.331475019454956, 1.3033955097198486, 1.3206913471221924, 1.2963391542434692, 1.3712284564971924, 1.341159462928772, 1.3090850114822388, 1.3207058906555176, 1.3674256801605225, 1.277172565460205]",sae,Pre-64
1,beta,42,0.17,0.4546678683050885,0.4407690563496341,0.4434146594562683,0.5,0.6336081445133979,0.6603511208928656,30,"[0, 1, 2, 3, 4, 5, 6, 7, 8, 9, 10, 11, 12, 13, 14, 15, 16, 17, 18, 19, 20, 21, 22, 23, 24, 25, 26, 27, 28, 29]","[1.2767118215560913, 1.1509020328521729, 1.2741888761520386, 1.2517021894454956, 1.16533625125885, 1.2553739547729492, 1.1647206544876099, 1.148014783859253, 1.1693377494812012, 1.2613091468811035, 1.2386943101882935, 1.2795376777648926, 1.1614588499069214, 1.0049147605895996, 1.2809103727340698, 1.1924101114273071, 1.141250491142273, 1.1302461624145508, 1.240049958229065, 1.2147595882415771, 1.1706880331039429, 1.1570767164230347, 1.171014428138733, 1.1616032123565674, 1.189007043838501, 1.1533206701278687, 1.2752232551574707, 1.16252863407135, 1.2145106792449951, 1.1530125141143799]",sae,Pre-64
1,beta,48,0.14,0.4556814132376,0.4510566266980289,0.4850580721184767,0.5,0.5923878577171784,0.5888970363407813,30,"[0, 1, 2, 3, 4, 5, 6, 7, 8, 9, 10, 11, 12, 13, 14, 15, 16, 17, 18, 19, 20, 21, 22, 23, 24, 25, 26, 27, 28, 29]","[1.4213429689407349, 1.3680905103683472, 1.3560960292816162, 1.342181921005249, 1.3221919536590576, 1.2856682538986206, 1.3622466325759888, 1.2771244049072266, 1.3244489431381226, 1.3196275234222412, 1.3762930631637573, 1.3321059942245483, 1.3364416360855103, 1.3261419534683228, 1.2889366149902344, 1.3696341514587402, 1.3613635301589966, 1.364032506942749, 1.396722674369812, 1.2362463474273682, 1.3233978748321533, 1.3948941230773926, 1.398813247680664, 1.2320783138275146, 1.3341727256774902, 1.3699305057525635, 1.401178002357483, 1.3755913972854614, 1.3297175168991089, 1.3536185026168823]",sae,Pre-64
1,beta,14,0.135,0.4467366851483266,0.4421697276018216,0.4297983720095792,0.5,0.5934222168898753,0.6982798182336267,30,"[0, 1, 2, 3, 4, 5, 6, 7, 8, 9, 10, 11, 12, 13, 14, 15, 16, 17, 18, 19, 20, 21, 22, 23, 24, 25, 26, 27, 28, 29]","[1.3350579738616943, 1.2251909971237183, 1.2929998636245728, 1.3181569576263428, 1.3457127809524536, 1.3104350566864014, 1.3040447235107422, 1.3825387954711914, 1.3084427118301392, 1.361462950706482, 1.2653049230575562, 1.212092399597168, 1.2358030080795288, 1.3593703508377075, 1.3630573749542236, 1.3127949237823486, 1.382845401763916, 1.373479962348938, 1.29912531375885, 1.2944468259811401, 1.3359863758087158, 1.3151960372924805, 1.371185302734375, 1.2656811475753784, 1.3755102157592773, 1.3706157207489014, 1.3058186769485474, 1.376013159751892, 1.3616491556167603, 1.251250982284546]",sae,Pre-64
1,beta,36,0.13,0.4642138821845151,0.4576483090311837,0.4580639802698281,0.5,0.6031055233182893,0.6748450578237812,30,"[0, 1, 2, 3, 4, 5, 6, 7, 8, 9, 10, 11, 12, 13, 14, 15, 16, 17, 18, 19, 20, 21, 22, 23, 24, 25, 26, 27, 28, 29]","[1.3575305938720703, 1.329749345779419, 1.2971785068511963, 1.3479249477386475, 1.2343778610229492, 1.3710318803787231, 1.3097751140594482, 1.3444163799285889, 1.381555199623108, 1.2427536249160767, 1.2837775945663452, 1.3845112323760986, 1.2882648706436157, 1.3088783025741577, 1.3349220752716064, 1.3881466388702393, 1.349365472793579, 1.3245161771774292, 1.3787517547607422, 1.283341407775879, 1.333172082901001, 1.3050930500030518, 1.3223868608474731, 1.2980282306671143, 1.3729246854782104, 1.3428466320037842, 1.3107893466949463, 1.3224056959152222, 1.3691154718399048, 1.2788718938827515]",sae,Pre-64
1,beta,47,0.15,0.4460371044958436,0.4257646434940195,0.4051178231278931,0.5,0.6434257056516428,0.7317736128078185,30,"[0, 1, 2, 3, 4, 5, 6, 7, 8, 9, 10, 11, 12, 13, 14, 15, 16, 17, 18, 19, 20, 21, 22, 23, 24, 25, 26, 27, 28, 29]","[1.4577422142028809, 1.2987223863601685, 1.3097649812698364, 1.3233227729797363, 1.4058849811553955, 1.4434466361999512, 1.3926454782485962, 1.404982328414917, 1.3979191780090332, 1.3363054990768433, 1.3400733470916748, 1.2718175649642944, 1.3191331624984741, 1.4582973718643188, 1.2911666631698608, 1.4172780513763428, 1.3376635313034058, 1.4034006595611572, 1.246353030204773, 1.2901530265808105, 1.3359804153442383, 1.3844993114471436, 1.4090739488601685, 1.302608609199524, 1.3933813571929932, 1.2739561796188354, 1.2432079315185547, 1.3823169469833374, 1.2932395935058594, 1.3740559816360474]",sae,Pre-64
1,beta,17,0.088,0.4599327030141671,0.4513468217402507,0.4455286973525729,0.5,0.6120635717004715,0.696799100416976,30,"[0, 1, 2, 3, 4, 5, 6, 7, 8, 9, 10, 11, 12, 13, 14, 15, 16, 17, 18, 19, 20, 21, 22, 23, 24, 25, 26, 27, 28, 29]","[1.525633454322815, 1.401965856552124, 1.4362889528274536, 1.4599326848983765, 1.5410470962524414, 1.4235657453536987, 1.4866011142730713, 1.3308019638061523, 1.4444514513015747, 1.4547451734542847, 1.5087754726409912, 1.51759934425354, 1.4523022174835205, 1.5311251878738403, 1.4540486335754395, 1.4554964303970337, 1.5252461433410645, 1.454688549041748, 1.5080302953720093, 1.4755243062973022, 1.3970614671707153, 1.4735710620880127, 1.3139781951904297, 1.4421182870864868, 1.4516913890838623, 1.4460433721542358, 1.4185410737991333, 1.4529621601104736, 1.4187897443771362, 1.5088971853256226]",sae,Pre-64
1,beta,25,0.18,0.4465066892532915,0.4352791138475453,0.4388818545706637,0.5,0.6270054355300688,0.6628222300622484,30,"[0, 1, 2, 3, 4, 5, 6, 7, 8, 9, 10, 11, 12, 13, 14, 15, 16, 17, 18, 19, 20, 21, 22, 23, 24, 25, 26, 27, 28, 29]","[1.372154951095581, 1.382895588874817, 1.2814664840698242, 1.4057468175888062, 1.4017691612243652, 1.3917900323867798, 1.2784563302993774, 1.3022310733795166, 1.3493778705596924, 1.2539254426956177, 1.4033727645874023, 1.3216121196746826, 1.3849788904190063, 1.3102779388427734, 1.2933851480484009, 1.3199588060379028, 1.1887692213058472, 1.229809045791626, 1.272933006286621, 1.2987494468688965, 1.4152840375900269, 1.21379554271698, 1.3663710355758667, 1.3155921697616577, 1.3491283655166626, 1.3007910251617432, 1.4298313856124878, 1.3808927536010742, 1.400949239730835, 1.2555503845214844]",sae,Pre-64
1,beta,9,0.19,0.448644851968101,0.4348910401892977,0.4421534838583524,0.5,0.6286670530281078,0.6714503042596349,30,"[0, 1, 2, 3, 4, 5, 6, 7, 8, 9, 10, 11, 12, 13, 14, 15, 16, 17, 18, 19, 20, 21, 22, 23, 24, 25, 26, 27, 28, 29]","[1.325184941291809, 1.2607897520065308, 1.345129132270813, 1.3229036331176758, 1.2625068426132202, 1.1267718076705933, 1.3189290761947632, 1.2437292337417603, 1.323195457458496, 1.2051210403442383, 1.3126276731491089, 1.2669100761413574, 1.2716273069381714, 1.3111642599105835, 1.3575749397277832, 1.2796249389648438, 1.2415494918823242, 1.333155870437622, 1.3439528942108154, 1.2409911155700684, 1.3304084539413452, 1.3388874530792236, 1.2441585063934326, 1.3297818899154663, 1.345281958580017, 1.329216718673706, 1.196536660194397, 1.1415904760360718, 1.2585463523864746, 1.3460944890975952]",sae,Pre-64
1,beta,48,0.175,0.4556814132376,0.4510566266980289,0.4836256629878173,0.5,0.5923878577171784,0.5888842961167797,30,"[0, 1, 2, 3, 4, 5, 6, 7, 8, 9, 10, 11, 12, 13, 14, 15, 16, 17, 18, 19, 20, 21, 22, 23, 24, 25, 26, 27, 28, 29]","[1.4204577207565308, 1.3672033548355103, 1.3552093505859375, 1.341294288635254, 1.3213053941726685, 1.284777283668518, 1.3613595962524414, 1.2762393951416016, 1.3235597610473633, 1.3187367916107178, 1.3754085302352905, 1.3312195539474487, 1.335553765296936, 1.3252549171447754, 1.2880452871322632, 1.3687489032745361, 1.3604824542999268, 1.3631486892700195, 1.3958356380462646, 1.235361099243164, 1.3225085735321045, 1.3940109014511108, 1.397928237915039, 1.231192708015442, 1.3332867622375488, 1.3690483570098877, 1.4002934694290161, 1.3747109174728394, 1.3288308382034302, 1.3527315855026245]",sae,Pre-64
1,beta,24,0.155,0.4501416387440968,0.4383559369047743,0.44621284551913,0.5,0.6188330126613704,0.6402665714995035,30,"[0, 1, 2, 3, 4, 5, 6, 7, 8, 9, 10, 11, 12, 13, 14, 15, 16, 17, 18, 19, 20, 21, 22, 23, 24, 25, 26, 27, 28, 29]","[1.3197091817855835, 1.2654246091842651, 1.281655192375183, 1.3331211805343628, 1.34071683883667, 1.2787916660308838, 1.2763279676437378, 1.2774158716201782, 1.2992421388626099, 1.1684931516647339, 1.3038572072982788, 1.251938819885254, 1.3240631818771362, 1.3277904987335205, 1.2727077007293701, 1.2519487142562866, 1.344228744506836, 1.143795371055603, 1.2579692602157593, 1.3455873727798462, 1.3235092163085938, 1.3343267440795898, 1.2767335176467896, 1.29949951171875, 1.2436271905899048, 1.204522967338562, 1.2902748584747314, 1.2485648393630981, 1.3462284803390503, 1.2672635316848755]",sae,Pre-64
1,beta,7,0.105,0.4564836922581216,0.4420418003909208,0.4378022954705916,0.5,0.6095136152062148,0.7009756004063404,30,"[0, 1, 2, 3, 4, 5, 6, 7, 8, 9, 10, 11, 12, 13, 14, 15, 16, 17, 18, 19, 20, 21, 22, 23, 24, 25, 26, 27, 28, 29]","[1.3605343103408813, 1.4028786420822144, 1.4183578491210938, 1.3816972970962524, 1.4337245225906372, 1.391103744506836, 1.3491088151931763, 1.394220232963562, 1.489760160446167, 1.3985079526901245, 1.3191279172897339, 1.3606115579605103, 1.3242688179016113, 1.343849778175354, 1.50110924243927, 1.4141559600830078, 1.3489620685577393, 1.3299075365066528, 1.4350837469100952, 1.4332900047302246, 1.3974857330322266, 1.4119666814804077, 1.4188324213027954, 1.3660961389541626, 1.4551708698272705, 1.43527352809906, 1.3800331354141235, 1.2775541543960571, 1.4755691289901733, 1.3635598421096802]",sae,Pre-64
1,beta,3,0.16,0.4557259332451328,0.444824285747971,0.4564532839560947,0.5,0.6042731979176,0.6513656716202192,30,"[0, 1, 2, 3, 4, 5, 6, 7, 8, 9, 10, 11, 12, 13, 14, 15, 16, 17, 18, 19, 20, 21, 22, 23, 24, 25, 26, 27, 28, 29]","[1.3587005138397217, 1.3899954557418823, 1.372554063796997, 1.321014404296875, 1.3618184328079224, 1.3921089172363281, 1.358997106552124, 1.4005813598632812, 1.1585172414779663, 1.4260553121566772, 1.3181235790252686, 1.425947904586792, 1.3578732013702393, 1.3279796838760376, 1.4371453523635864, 1.3627907037734985, 1.3661412000656128, 1.385384440422058, 1.3172508478164673, 1.3254246711730957, 1.270346999168396, 1.34151029586792, 1.3373196125030518, 1.4490439891815186, 1.4152812957763672, 1.3514069318771362, 1.3544813394546509, 1.3458846807479858, 1.4119031429290771, 1.3527477979660034]",sae,Pre-64
1,beta,13,0.145,0.4619123366083722,0.4531466051409948,0.4367075282311671,0.5,0.6127276801885291,0.7078477166089023,30,"[0, 1, 2, 3, 4, 5, 6, 7, 8, 9, 10, 11, 12, 13, 14, 15, 16, 17, 18, 19, 20, 21, 22, 23, 24, 25, 26, 27, 28, 29]","[1.374303936958313, 1.188589334487915, 1.3574590682983398, 1.2988022565841675, 1.2716448307037354, 1.3603938817977905, 1.300873875617981, 1.3053457736968994, 1.3235734701156616, 1.3059431314468384, 1.3689682483673096, 1.2980568408966064, 1.3124115467071533, 1.3358074426651, 1.3336101770401, 1.2652028799057007, 1.2523442506790161, 1.3287010192871094, 1.2956429719924927, 1.2973464727401733, 1.2695311307907104, 1.224509358406067, 1.2480119466781616, 1.2740927934646606, 1.2899205684661865, 1.2461249828338623, 1.289018988609314, 1.2608726024627686, 1.303739070892334, 1.3055806159973145]",sae,Pre-64
1,beta,42,0.135,0.4546678683050885,0.4407690563496341,0.4451914840363594,0.5,0.6336081445133979,0.6603511208928656,30,"[0, 1, 2, 3, 4, 5, 6, 7, 8, 9, 10, 11, 12, 13, 14, 15, 16, 17, 18, 19, 20, 21, 22, 23, 24, 25, 26, 27, 28, 29]","[1.2767118215560913, 1.1509020328521729, 1.2741888761520386, 1.2517021894454956, 1.16533625125885, 1.2553739547729492, 1.1647206544876099, 1.148014783859253, 1.1693377494812012, 1.2613091468811035, 1.2386943101882935, 1.2795376777648926, 1.1614588499069214, 1.0049147605895996, 1.2809103727340698, 1.1924101114273071, 1.141250491142273, 1.1302461624145508, 1.240049958229065, 1.2147595882415771, 1.1706880331039429, 1.1570767164230347, 1.171014428138733, 1.1616032123565674, 1.189007043838501, 1.1533206701278687, 1.2752232551574707, 1.16252863407135, 1.2145106792449951, 1.1530125141143799]",sae,Pre-64
1,beta,32,0.185,0.4555596844830426,0.4475674839123162,0.4655187818485291,0.5,0.5924839124839124,0.6294348225776798,30,"[0, 1, 2, 3, 4, 5, 6, 7, 8, 9, 10, 11, 12, 13, 14, 15, 16, 17, 18, 19, 20, 21, 22, 23, 24, 25, 26, 27, 28, 29]","[1.336531162261963, 1.242188572883606, 1.334161400794983, 1.2669386863708496, 1.2721836566925049, 1.3533118963241577, 1.280392050743103, 1.2550585269927979, 1.2557010650634766, 1.2583578824996948, 1.2544747591018677, 1.2473058700561523, 1.2787206172943115, 1.2005423307418823, 1.1901832818984985, 1.2079178094863892, 1.2374550104141235, 1.2763950824737549, 1.2215341329574585, 1.2597413063049316, 1.3401882648468018, 1.2589069604873657, 1.2086060047149658, 1.3361916542053223, 1.273508071899414, 1.2109730243682861, 1.324844479560852, 1.1298588514328003, 1.3436920642852783, 1.33549165725708]",sae,Pre-64
1,beta,47,0.115,0.4460371044958436,0.4257646434940195,0.4051294277741327,0.5,0.6434257056516428,0.731780042435543,30,"[0, 1, 2, 3, 4, 5, 6, 7, 8, 9, 10, 11, 12, 13, 14, 15, 16, 17, 18, 19, 20, 21, 22, 23, 24, 25, 26, 27, 28, 29]","[1.460212230682373, 1.301175594329834, 1.3122495412826538, 1.3257789611816406, 1.4083504676818848, 1.4459173679351807, 1.3951200246810913, 1.4074299335479736, 1.400375247001648, 1.338783621788025, 1.3425500392913818, 1.274283766746521, 1.321596622467041, 1.4607654809951782, 1.2936122417449951, 1.4197336435317993, 1.3401134014129639, 1.405866026878357, 1.2488075494766235, 1.2926368713378906, 1.3384432792663574, 1.3869751691818237, 1.4115207195281982, 1.3050810098648071, 1.3958512544631958, 1.2764049768447876, 1.2456715106964111, 1.3847813606262207, 1.2957295179367065, 1.3765218257904053]",sae,Pre-64
1,beta,0,0.17,0.4600628296558519,0.4487196928272481,0.4296173038364927,0.5,0.6146148452673732,0.7222098012286138,30,"[0, 1, 2, 3, 4, 5, 6, 7, 8, 9, 10, 11, 12, 13, 14, 15, 16, 17, 18, 19, 20, 21, 22, 23, 24, 25, 26, 27, 28, 29]","[1.2522242069244385, 1.2946271896362305, 1.2680565118789673, 1.312645673751831, 1.2383207082748413, 1.2691830396652222, 1.3001495599746704, 1.3346000909805298, 1.3146981000900269, 1.284678339958191, 1.268906831741333, 1.274921178817749, 1.3210740089416504, 1.3079724311828613, 1.3247709274291992, 1.26904296875, 1.2897975444793701, 1.2300689220428467, 1.1561709642410278, 1.3086374998092651, 1.2397172451019287, 1.2364299297332764, 1.3175525665283203, 1.260677456855774, 1.2515907287597656, 1.1968146562576294, 1.320730447769165, 1.2208658456802368, 1.3029980659484863, 1.2123193740844727]",sae,Pre-64
1,beta,23,0.13,0.4478205607315014,0.4344954522622479,0.4345135255207525,0.5,0.6150139710231751,0.6744623009299391,30,"[0, 1, 2, 3, 4, 5, 6, 7, 8, 9, 10, 11, 12, 13, 14, 15, 16, 17, 18, 19, 20, 21, 22, 23, 24, 25, 26, 27, 28, 29]","[1.33642578125, 1.3832968473434448, 1.3547561168670654, 1.4713504314422607, 1.2628209590911865, 1.3296843767166138, 1.4541027545928955, 1.3622685670852661, 1.3313415050506592, 1.466680884361267, 1.462403655052185, 1.420657753944397, 1.4039925336837769, 1.2976371049880981, 1.39485764503479, 1.453708291053772, 1.163490653038025, 1.3735395669937134, 1.3178304433822632, 1.3438875675201416, 1.4576066732406616, 1.4791573286056519, 1.3282368183135986, 1.465279459953308, 1.4608405828475952, 1.3767341375350952, 1.3367265462875366, 1.3597780466079712, 1.378257155418396, 1.4757912158966064]",sae,Pre-64
1,beta,29,0.135,0.4558655961502112,0.4409050416793991,0.4526199288325127,0.5,0.6296548282533407,0.6714012327455338,30,"[0, 1, 2, 3, 4, 5, 6, 7, 8, 9, 10, 11, 12, 13, 14, 15, 16, 17, 18, 19, 20, 21, 22, 23, 24, 25, 26, 27, 28, 29]","[1.3490900993347168, 1.299006700515747, 1.1419227123260498, 1.4037246704101562, 1.334323763847351, 1.30843985080719, 1.4177906513214111, 1.3096424341201782, 1.3933640718460083, 1.4054442644119263, 1.3398290872573853, 1.3809305429458618, 1.3979800939559937, 1.3802502155303955, 1.3456411361694336, 1.3807646036148071, 1.2946336269378662, 1.3283607959747314, 1.301339864730835, 1.3460770845413208, 1.4229487180709839, 1.4326831102371216, 1.331043004989624, 1.3449152708053589, 1.3492225408554077, 1.2833575010299683, 1.3421677350997925, 1.4123586416244507, 1.4590907096862793, 1.313200831413269]",sae,Pre-64
1,beta,35,0.14,0.4566193215888805,0.4379483378046387,0.4310613516744833,0.5,0.637290178651746,0.7134765425879614,30,"[0, 1, 2, 3, 4, 5, 6, 7, 8, 9, 10, 11, 12, 13, 14, 15, 16, 17, 18, 19, 20, 21, 22, 23, 24, 25, 26, 27, 28, 29]","[1.3060102462768555, 1.3575125932693481, 1.4206215143203735, 1.3640532493591309, 1.3579548597335815, 1.3371574878692627, 1.278714895248413, 1.4419492483139038, 1.4526708126068115, 1.3654553890228271, 1.4135031700134277, 1.2939107418060303, 1.3554319143295288, 1.2497962713241577, 1.3469244241714478, 1.3023381233215332, 1.426692247390747, 1.2850611209869385, 1.386621356010437, 1.2909265756607056, 1.306662917137146, 1.2984896898269653, 1.3250621557235718, 1.282366394996643, 1.325752854347229, 1.3578405380249023, 1.3252471685409546, 1.390367865562439, 1.4199990034103394, 1.3782215118408203]",sae,Pre-64
1,beta,1,0.092,0.4560357198099471,0.4497423189216591,0.4463112322686875,0.5,0.5964054457666336,0.6820105539028191,30,"[0, 1, 2, 3, 4, 5, 6, 7, 8, 9, 10, 11, 12, 13, 14, 15, 16, 17, 18, 19, 20, 21, 22, 23, 24, 25, 26, 27, 28, 29]","[1.409651756286621, 1.3103845119476318, 1.363284945487976, 1.2503230571746826, 1.34598970413208, 1.273095965385437, 1.281008243560791, 1.3479076623916626, 1.2542659044265747, 1.310208797454834, 1.3089075088500977, 1.3517539501190186, 1.4025752544403076, 1.279558777809143, 1.399943470954895, 1.231568694114685, 1.2548229694366455, 1.309133529663086, 1.3800495862960815, 1.4105006456375122, 1.3991776704788208, 1.3598724603652954, 1.3343268632888794, 1.304764986038208, 1.2720632553100586, 1.2958472967147827, 1.324275016784668, 1.3294621706008911, 1.4117964506149292, 1.334173321723938]",sae,Pre-64
1,beta,17,0.096,0.4599327030141671,0.4513468217402507,0.4454993475043317,0.5,0.6120635717004715,0.6968122266284159,30,"[0, 1, 2, 3, 4, 5, 6, 7, 8, 9, 10, 11, 12, 13, 14, 15, 16, 17, 18, 19, 20, 21, 22, 23, 24, 25, 26, 27, 28, 29]","[1.5238388776779175, 1.40015709400177, 1.4344924688339233, 1.4581308364868164, 1.539259433746338, 1.4217729568481445, 1.484798550605774, 1.3289768695831299, 1.4426547288894653, 1.4529551267623901, 1.5069913864135742, 1.5158061981201172, 1.4504934549331665, 1.5293456315994263, 1.4522607326507568, 1.4537014961242676, 1.523460030555725, 1.452895164489746, 1.5062438249588013, 1.4737263917922974, 1.3952642679214478, 1.4717763662338257, 1.3121694326400757, 1.4403163194656372, 1.4499114751815796, 1.4442588090896606, 1.4167338609695435, 1.4511665105819702, 1.4169915914535522, 1.5071150064468384]",sae,Pre-64
1,beta,15,0.195,0.4529015220185267,0.4424399871594601,0.430116266123691,0.5,0.6161071485640408,0.7104388500704543,30,"[0, 1, 2, 3, 4, 5, 6, 7, 8, 9, 10, 11, 12, 13, 14, 15, 16, 17, 18, 19, 20, 21, 22, 23, 24, 25, 26, 27, 28, 29]","[1.2300076484680176, 1.1847621202468872, 1.2190051078796387, 1.2413119077682495, 1.262834072113037, 1.2150073051452637, 1.204912543296814, 1.226986050605774, 1.2610821723937988, 1.2783901691436768, 1.2496165037155151, 1.1827952861785889, 1.3099676370620728, 1.2767088413238525, 1.1983089447021484, 1.2441543340682983, 1.2040601968765259, 1.2919416427612305, 1.1799037456512451, 1.2535525560379028, 1.309996247291565, 1.2838692665100098, 1.2269254922866821, 1.2569475173950195, 1.1925594806671143, 1.1090680360794067, 1.2686436176300049, 1.3170015811920166, 1.2299057245254517, 1.243485450744629]",sae,Pre-64
1,beta,23,0.098,0.4478205607315014,0.4344954522622479,0.4345665577929878,0.5,0.6150139710231751,0.6749448950168757,30,"[0, 1, 2, 3, 4, 5, 6, 7, 8, 9, 10, 11, 12, 13, 14, 15, 16, 17, 18, 19, 20, 21, 22, 23, 24, 25, 26, 27, 28, 29]","[1.389782190322876, 1.4491628408432007, 1.4282554388046265, 1.5404820442199707, 1.3196401596069336, 1.3857258558273315, 1.521781086921692, 1.413000226020813, 1.3883264064788818, 1.522843837738037, 1.527962565422058, 1.482680320739746, 1.4719123840332031, 1.3669277429580688, 1.4604160785675049, 1.519761085510254, 1.2122646570205688, 1.4255541563034058, 1.3706529140472412, 1.4026583433151245, 1.5176570415496826, 1.539955496788025, 1.3906923532485962, 1.5328972339630127, 1.5257270336151123, 1.4332003593444824, 1.3890026807785034, 1.4304567575454712, 1.432804822921753, 1.5413234233856201]",sae,Pre-64
1,beta,24,0.12,0.4501416387440968,0.4383559369047743,0.44621284551913,0.5,0.6188330126613704,0.6402650198609732,30,"[0, 1, 2, 3, 4, 5, 6, 7, 8, 9, 10, 11, 12, 13, 14, 15, 16, 17, 18, 19, 20, 21, 22, 23, 24, 25, 26, 27, 28, 29]","[1.320357084274292, 1.266074299812317, 1.2823050022125244, 1.3337690830230713, 1.3413664102554321, 1.279438853263855, 1.2769800424575806, 1.2780648469924927, 1.2998921871185303, 1.1691426038742065, 1.3045073747634888, 1.2525880336761475, 1.3247098922729492, 1.3284398317337036, 1.2733571529388428, 1.252600073814392, 1.344877004623413, 1.144443392753601, 1.258617639541626, 1.3462353944778442, 1.3241580724716187, 1.3349764347076416, 1.2773826122283936, 1.3001494407653809, 1.244274616241455, 1.2051712274551392, 1.2909244298934937, 1.2492133378982544, 1.3468762636184692, 1.2679144144058228]",sae,Pre-64
1,beta,37,0.19,0.4546908257221888,0.444978337644671,0.4259700181712841,0.5,0.6058579085235571,0.7195923516133316,30,"[0, 1, 2, 3, 4, 5, 6, 7, 8, 9, 10, 11, 12, 13, 14, 15, 16, 17, 18, 19, 20, 21, 22, 23, 24, 25, 26, 27, 28, 29]","[1.2188341617584229, 1.2902147769927979, 1.2637580633163452, 1.2547303438186646, 1.1847339868545532, 1.2903474569320679, 1.2303909063339233, 1.3282945156097412, 1.3750971555709839, 1.2899417877197266, 1.2642395496368408, 1.2673377990722656, 1.3035976886749268, 1.2610355615615845, 1.3287510871887207, 1.2697381973266602, 1.2640879154205322, 1.3154549598693848, 1.2784812450408936, 1.28398597240448, 1.2853853702545166, 1.2903798818588257, 1.3353217840194702, 1.3098509311676025, 1.2801743745803833, 1.3180310726165771, 1.2735121250152588, 1.2883679866790771, 1.3110415935516357, 1.3285740613937378]",sae,Pre-64
1,beta,20,0.094,0.4408022875601419,0.4262939306313442,0.4358898916192187,0.5,0.6176087118064704,0.6504840267785366,30,"[0, 1, 2, 3, 4, 5, 6, 7, 8, 9, 10, 11, 12, 13, 14, 15, 16, 17, 18, 19, 20, 21, 22, 23, 24, 25, 26, 27, 28, 29]","[1.432681679725647, 1.5034215450286865, 1.4407556056976318, 1.5474575757980347, 1.4951761960983276, 1.513388752937317, 1.510035514831543, 1.430850625038147, 1.4769405126571655, 1.4356176853179932, 1.4488575458526611, 1.4415620565414429, 1.5595582723617554, 1.391594409942627, 1.4473685026168823, 1.5464287996292114, 1.4377243518829346, 1.4092506170272827, 1.4779616594314575, 1.477272868156433, 1.4714008569717407, 1.3785642385482788, 1.496976375579834, 1.551571011543274, 1.5162352323532104, 1.4033310413360596, 1.4471771717071533, 1.4893549680709839, 1.4018293619155884, 1.5503510236740112]",sae,Pre-64
1,beta,45,0.088,0.4515599815008028,0.4347157609968581,0.4472015701468972,0.5,0.6289673345145609,0.6764693410870323,30,"[0, 1, 2, 3, 4, 5, 6, 7, 8, 9, 10, 11, 12, 13, 14, 15, 16, 17, 18, 19, 20, 21, 22, 23, 24, 25, 26, 27, 28, 29]","[1.5444446802139282, 1.5362848043441772, 1.4295731782913208, 1.6094694137573242, 1.6054641008377075, 1.4616138935089111, 1.6170259714126587, 1.5930572748184204, 1.4721574783325195, 1.4323921203613281, 1.5418592691421509, 1.6209701299667358, 1.5754083395004272, 1.4899704456329346, 1.4998126029968262, 1.5180448293685913, 1.5316193103790283, 1.4058561325073242, 1.531280279159546, 1.5236546993255615, 1.5745998620986938, 1.4726799726486206, 1.5845452547073364, 1.4521745443344116, 1.4315780401229858, 1.6106446981430054, 1.4640511274337769, 1.4793823957443237, 1.4067177772521973, 1.6114312410354614]",sae,Pre-64
1,beta,0,0.11,0.4600628296558519,0.4487196928272481,0.4296173038364927,0.5,0.6146148452673732,0.7222052384146351,30,"[0, 1, 2, 3, 4, 5, 6, 7, 8, 9, 10, 11, 12, 13, 14, 15, 16, 17, 18, 19, 20, 21, 22, 23, 24, 25, 26, 27, 28, 29]","[1.2530993223190308, 1.2955049276351929, 1.2689332962036133, 1.313519835472107, 1.2391988039016724, 1.2700618505477905, 1.3010239601135254, 1.3354747295379639, 1.3155755996704102, 1.2855552434921265, 1.269783616065979, 1.275794506072998, 1.321947693824768, 1.3088481426239014, 1.325644612312317, 1.2699182033538818, 1.2906720638275146, 1.2309467792510986, 1.1570473909378052, 1.3095109462738037, 1.2405924797058105, 1.2373075485229492, 1.31842839717865, 1.2615547180175781, 1.2524696588516235, 1.1976908445358276, 1.321606993675232, 1.221743106842041, 1.3038718700408936, 1.2131985425949097]",sae,Pre-64
1,beta,32,0.096,0.4555596844830426,0.4475674839123162,0.4708533621075449,0.5,0.5924839124839124,0.6331355028497886,30,"[0, 1, 2, 3, 4, 5, 6, 7, 8, 9, 10, 11, 12, 13, 14, 15, 16, 17, 18, 19, 20, 21, 22, 23, 24, 25, 26, 27, 28, 29]","[1.4900836944580078, 1.4116533994674683, 1.490949034690857, 1.425512433052063, 1.4347848892211914, 1.4993799924850464, 1.4306219816207886, 1.4109197854995728, 1.3875732421875, 1.3965611457824707, 1.4119712114334106, 1.3866575956344604, 1.4301937818527222, 1.349801778793335, 1.3386313915252686, 1.3435994386672974, 1.3706486225128174, 1.4342377185821533, 1.3807156085968018, 1.4107118844985962, 1.495295524597168, 1.4114776849746704, 1.3340833187103271, 1.4969085454940796, 1.4257272481918335, 1.35651695728302, 1.4726040363311768, 1.2925812005996704, 1.5012022256851196, 1.4940392971038818]",sae,Pre-64
1,beta,46,0.096,0.4545712902572906,0.4417269056853911,0.4495256287956221,0.5,0.6270377926330811,0.6878205045955921,30,"[0, 1, 2, 3, 4, 5, 6, 7, 8, 9, 10, 11, 12, 13, 14, 15, 16, 17, 18, 19, 20, 21, 22, 23, 24, 25, 26, 27, 28, 29]","[1.3956753015518188, 1.4926080703735352, 1.492372989654541, 1.4817886352539062, 1.4008618593215942, 1.5267897844314575, 1.417136311531067, 1.5346465110778809, 1.4756104946136475, 1.5775450468063354, 1.2978330850601196, 1.4100819826126099, 1.5409610271453857, 1.3929165601730347, 1.4581341743469238, 1.5367099046707153, 1.4728846549987793, 1.4882309436798096, 1.5465490818023682, 1.530963659286499, 1.4506664276123047, 1.448849081993103, 1.48158860206604, 1.4795690774917603, 1.489972472190857, 1.5005018711090088, 1.4690790176391602, 1.5275789499282837, 1.452132225036621, 1.4727319478988647]",sae,Pre-64
1,beta,41,0.145,0.4543678569363413,0.4427951465832617,0.4490818146684491,0.5,0.6190905384235713,0.673864246013863,30,"[0, 1, 2, 3, 4, 5, 6, 7, 8, 9, 10, 11, 12, 13, 14, 15, 16, 17, 18, 19, 20, 21, 22, 23, 24, 25, 26, 27, 28, 29]","[1.257663369178772, 1.311372995376587, 1.2086544036865234, 1.1991268396377563, 1.1812587976455688, 1.3536800146102905, 1.2353578805923462, 1.281859278678894, 1.2603766918182373, 1.316901445388794, 1.3181504011154175, 1.278914451599121, 1.2863786220550537, 1.3253803253173828, 1.3334630727767944, 1.2736523151397705, 1.2237383127212524, 1.2840509414672852, 1.273685336112976, 1.2934019565582275, 1.2018545866012573, 1.264310359954834, 1.2781544923782349, 1.2805964946746826, 1.276999831199646, 1.2621395587921143, 1.3092281818389893, 1.3144581317901611, 1.270153522491455, 1.2193851470947266]",sae,Pre-64
1,beta,10,0.098,0.4493907433353129,0.4390813823454372,0.443403821557447,0.5,0.6232207829487961,0.6760292798449891,30,"[0, 1, 2, 3, 4, 5, 6, 7, 8, 9, 10, 11, 12, 13, 14, 15, 16, 17, 18, 19, 20, 21, 22, 23, 24, 25, 26, 27, 28, 29]","[1.3996145725250244, 1.3108974695205688, 1.4744720458984375, 1.3976908922195435, 1.3905035257339478, 1.4016962051391602, 1.4897748231887817, 1.416262149810791, 1.2996408939361572, 1.4464828968048096, 1.4067602157592773, 1.4269227981567383, 1.4232038259506226, 1.400908350944519, 1.4693756103515625, 1.4227104187011719, 1.4325177669525146, 1.3434464931488037, 1.3965840339660645, 1.3578555583953857, 1.378062129020691, 1.4069292545318604, 1.4655448198318481, 1.4701344966888428, 1.4024357795715332, 1.343743920326233, 1.4024561643600464, 1.4113935232162476, 1.4023962020874023, 1.4545364379882812]",sae,Pre-64
1,beta,26,0.095,0.4502231978181314,0.4442488029476733,0.4596857110046387,0.5,0.5832450787939482,0.6466893839020766,30,"[0, 1, 2, 3, 4, 5, 6, 7, 8, 9, 10, 11, 12, 13, 14, 15, 16, 17, 18, 19, 20, 21, 22, 23, 24, 25, 26, 27, 28, 29]","[1.4214544296264648, 1.4326584339141846, 1.5952658653259277, 1.3874154090881348, 1.4582767486572266, 1.500378966331482, 1.486669898033142, 1.3853228092193604, 1.4892706871032715, 1.455978512763977, 1.3718279600143433, 1.5974326133728027, 1.5329844951629639, 1.4713317155838013, 1.5467051267623901, 1.4328961372375488, 1.4784260988235474, 1.3640786409378052, 1.5083248615264893, 1.458568811416626, 1.4182090759277344, 1.5721993446350098, 1.459942102432251, 1.5007600784301758, 1.5782620906829834, 1.5693422555923462, 1.4273873567581177, 1.4831093549728394, 1.2957136631011963, 1.4186992645263672]",sae,Pre-64
1,beta,43,0.195,0.4515364523902173,0.4432102910589974,0.433843660933418,0.5,0.6060785767234989,0.6967279466271312,30,"[0, 1, 2, 3, 4, 5, 6, 7, 8, 9, 10, 11, 12, 13, 14, 15, 16, 17, 18, 19, 20, 21, 22, 23, 24, 25, 26, 27, 28, 29]","[1.2137269973754883, 1.2966495752334595, 1.2138888835906982, 1.1676738262176514, 1.2102769613265991, 1.1480684280395508, 1.1920170783996582, 1.177064299583435, 1.259727120399475, 1.1724348068237305, 1.1425949335098267, 1.2585235834121704, 1.2058279514312744, 1.1739577054977417, 1.1621994972229004, 1.0888837575912476, 1.250617504119873, 1.1916553974151611, 1.2415788173675537, 1.2100411653518677, 1.173439860343933, 1.1695396900177002, 1.238284707069397, 1.2358100414276123, 1.1332714557647705, 1.2508617639541626, 1.267849326133728, 1.178114891052246, 1.2484055757522583, 1.2684884071350098]",sae,Pre-64
1,beta,38,0.098,0.4455661720406026,0.4298851252298221,0.4370720166425342,0.5,0.6303640517897944,0.6627235338918507,30,"[0, 1, 2, 3, 4, 5, 6, 7, 8, 9, 10, 11, 12, 13, 14, 15, 16, 17, 18, 19, 20, 21, 22, 23, 24, 25, 26, 27, 28, 29]","[1.313462734222412, 1.2931299209594727, 1.3253999948501587, 1.355677604675293, 1.322145700454712, 1.2114458084106445, 1.3705012798309326, 1.3279335498809814, 1.1827129125595093, 1.3406811952590942, 1.3211133480072021, 1.3353670835494995, 1.3495957851409912, 1.3156120777130127, 1.3619613647460938, 1.2987933158874512, 1.305267095565796, 1.3793574571609497, 1.2691231966018677, 1.3340224027633667, 1.3126767873764038, 1.3223624229431152, 1.372123122215271, 1.2763679027557373, 1.3164079189300537, 1.3700801134109497, 1.2678403854370117, 1.3750437498092651, 1.3011045455932617, 1.384155511856079]",sae,Pre-64
1,beta,4,0.185,0.4589558369307028,0.4477177462853796,0.452905568890858,0.5,0.61034827708266,0.6592455792049496,30,"[0, 1, 2, 3, 4, 5, 6, 7, 8, 9, 10, 11, 12, 13, 14, 15, 16, 17, 18, 19, 20, 21, 22, 23, 24, 25, 26, 27, 28, 29]","[1.2981674671173096, 1.2799328565597534, 1.2199534177780151, 1.3511431217193604, 1.1948139667510986, 1.2329802513122559, 1.2651385068893433, 1.2164111137390137, 1.3105307817459106, 1.3192778825759888, 1.3069231510162354, 1.2335504293441772, 1.3517264127731323, 1.257084846496582, 1.2109777927398682, 1.298447608947754, 1.2981234788894653, 1.2739298343658447, 1.2353183031082153, 1.3261326551437378, 1.2868996858596802, 1.343090534210205, 1.294926643371582, 1.1992841958999634, 1.2906709909439087, 1.224501371383667, 1.25176203250885, 1.267004132270813, 1.330737590789795, 1.2114975452423096]",sae,Pre-64
1,beta,14,0.17,0.4467366851483266,0.4421697276018216,0.4269936475169583,0.5,0.5934222168898753,0.699236641221374,30,"[0, 1, 2, 3, 4, 5, 6, 7, 8, 9, 10, 11, 12, 13, 14, 15, 16, 17, 18, 19, 20, 21, 22, 23, 24, 25, 26, 27, 28, 29]","[1.28168523311615, 1.1745054721832275, 1.2331098318099976, 1.260447382926941, 1.2892719507217407, 1.2528181076049805, 1.2437591552734375, 1.3173490762710571, 1.254746437072754, 1.2967791557312012, 1.2080272436141968, 1.1495541334152222, 1.1765347719192505, 1.3019808530807495, 1.3042755126953125, 1.2561051845550537, 1.323354959487915, 1.311449646949768, 1.2356829643249512, 1.239917278289795, 1.27618408203125, 1.2551645040512085, 1.3122856616973877, 1.2120987176895142, 1.313746452331543, 1.308667778968811, 1.2436920404434204, 1.314309000968933, 1.2990902662277222, 1.1857436895370483]",sae,Pre-64
1,beta,29,0.195,0.4558655961502112,0.4409050416793991,0.4505630282302238,0.5,0.6296548282533407,0.6686498094534469,30,"[0, 1, 2, 3, 4, 5, 6, 7, 8, 9, 10, 11, 12, 13, 14, 15, 16, 17, 18, 19, 20, 21, 22, 23, 24, 25, 26, 27, 28, 29]","[1.216666579246521, 1.1618095636367798, 1.045793056488037, 1.2598375082015991, 1.2042236328125, 1.1851409673690796, 1.2647802829742432, 1.1854979991912842, 1.250215768814087, 1.2581077814102173, 1.2110778093338013, 1.2469309568405151, 1.2537779808044434, 1.2579728364944458, 1.1948504447937012, 1.250508427619934, 1.1329421997070312, 1.1862772703170776, 1.1693295240402222, 1.2170528173446655, 1.2724297046661377, 1.2783405780792236, 1.2036775350570679, 1.2183496952056885, 1.2085793018341064, 1.153807282447815, 1.2185206413269043, 1.2634859085083008, 1.3130074739456177, 1.1893175840377808]",sae,Pre-64
1,beta,41,0.11,0.4543678569363413,0.4427951465832617,0.4506516533110563,0.5,0.6190905384235713,0.6750960321036933,30,"[0, 1, 2, 3, 4, 5, 6, 7, 8, 9, 10, 11, 12, 13, 14, 15, 16, 17, 18, 19, 20, 21, 22, 23, 24, 25, 26, 27, 28, 29]","[1.3015778064727783, 1.3608418703079224, 1.2701727151870728, 1.241815447807312, 1.2378251552581787, 1.4079439640045166, 1.2853151559829712, 1.3331111669540405, 1.3078562021255493, 1.3737257719039917, 1.370015025138855, 1.3296455144882202, 1.3375903367996216, 1.3822839260101318, 1.3863191604614258, 1.3188687562942505, 1.2796152830123901, 1.336655855178833, 1.3345122337341309, 1.3420573472976685, 1.2535111904144287, 1.3086144924163818, 1.323393702507019, 1.330402135848999, 1.3262253999710083, 1.3066658973693848, 1.3614643812179565, 1.3696637153625488, 1.3244032859802246, 1.2776662111282349]",sae,Pre-64
1,beta,22,0.09,0.4519005213187685,0.4442985770479847,0.4443821474297253,0.5,0.5939599289403404,0.6801462370145531,30,"[0, 1, 2, 3, 4, 5, 6, 7, 8, 9, 10, 11, 12, 13, 14, 15, 16, 17, 18, 19, 20, 21, 22, 23, 24, 25, 26, 27, 28, 29]","[1.4130786657333374, 1.458869218826294, 1.4719557762145996, 1.4934942722320557, 1.533690094947815, 1.433441400527954, 1.4425634145736694, 1.4234224557876587, 1.4190698862075806, 1.4693539142608643, 1.4173176288604736, 1.5270055532455444, 1.4598876237869263, 1.5132482051849365, 1.37788987159729, 1.4995030164718628, 1.5110782384872437, 1.4639525413513184, 1.396073818206787, 1.4052355289459229, 1.4843369722366333, 1.4827779531478882, 1.4841063022613525, 1.4345554113388062, 1.4864654541015625, 1.5193455219268799, 1.4193233251571655, 1.4075945615768433, 1.5482560396194458, 1.3883569240570068]",sae,Pre-64
1,beta,44,0.16,0.4469012312759677,0.43811650775401,0.4540509923853729,0.5,0.5982762074796864,0.6215478484264612,30,"[0, 1, 2, 3, 4, 5, 6, 7, 8, 9, 10, 11, 12, 13, 14, 15, 16, 17, 18, 19, 20, 21, 22, 23, 24, 25, 26, 27, 28, 29]","[1.3493013381958008, 1.353076696395874, 1.2972157001495361, 1.3266352415084839, 1.342680811882019, 1.399164080619812, 1.375569224357605, 1.2947813272476196, 1.3622270822525024, 1.4130439758300781, 1.3418606519699097, 1.3181555271148682, 1.3474555015563965, 1.3141975402832031, 1.4162545204162598, 1.415255069732666, 1.2842086553573608, 1.1922396421432495, 1.35783052444458, 1.3446017503738403, 1.3164290189743042, 1.2911086082458496, 1.337250828742981, 1.3451803922653198, 1.4009085893630981, 1.3004595041275024, 1.3218601942062378, 1.3446979522705078, 1.3399385213851929, 1.3587346076965332]",sae,Pre-64
1,beta,28,0.092,0.4589844236982603,0.4495627040154577,0.4416991080959332,0.5,0.5987249917034086,0.6982114919641588,30,"[0, 1, 2, 3, 4, 5, 6, 7, 8, 9, 10, 11, 12, 13, 14, 15, 16, 17, 18, 19, 20, 21, 22, 23, 24, 25, 26, 27, 28, 29]","[1.445920467376709, 1.329291582107544, 1.3187165260314941, 1.538144588470459, 1.4922082424163818, 1.4759780168533325, 1.4367845058441162, 1.3697203397750854, 1.4703636169433594, 1.502038598060608, 1.4319411516189575, 1.4624959230422974, 1.509800910949707, 1.519876480102539, 1.4528796672821045, 1.3999223709106445, 1.4346860647201538, 1.491122841835022, 1.4657838344573975, 1.4659078121185303, 1.4005154371261597, 1.4206262826919556, 1.422541618347168, 1.370756983757019, 1.402294397354126, 1.4908735752105713, 1.5296581983566284, 1.412795901298523, 1.391543984413147, 1.4038004875183105]",sae,Pre-64
1,beta,32,0.15,0.4555596844830426,0.4475674839123162,0.4655187818485291,0.5,0.5924839124839124,0.6294377642949072,30,"[0, 1, 2, 3, 4, 5, 6, 7, 8, 9, 10, 11, 12, 13, 14, 15, 16, 17, 18, 19, 20, 21, 22, 23, 24, 25, 26, 27, 28, 29]","[1.3366860151290894, 1.2423436641693115, 1.3343168497085571, 1.2670941352844238, 1.2723387479782104, 1.3534672260284424, 1.280547022819519, 1.2552134990692139, 1.2558563947677612, 1.2585134506225586, 1.2546300888061523, 1.2474613189697266, 1.278875708580017, 1.2006977796554565, 1.1903386116027832, 1.2080731391906738, 1.2376104593276978, 1.27655029296875, 1.2216893434524536, 1.2598962783813477, 1.3403432369232178, 1.2590625286102295, 1.2087615728378296, 1.3363468647003174, 1.2736634016036987, 1.2111283540725708, 1.3249999284744263, 1.130014181137085, 1.3438471555709839, 1.3356467485427856]",sae,Pre-64
1,beta,34,0.094,0.4568527557813058,0.4470225010708758,0.4484156520186673,0.5,0.6011606799053854,0.6782594723234734,30,"[0, 1, 2, 3, 4, 5, 6, 7, 8, 9, 10, 11, 12, 13, 14, 15, 16, 17, 18, 19, 20, 21, 22, 23, 24, 25, 26, 27, 28, 29]","[1.384260654449463, 1.4691492319107056, 1.4746047258377075, 1.4198018312454224, 1.369372010231018, 1.384824275970459, 1.4259636402130127, 1.3435970544815063, 1.3475127220153809, 1.3886780738830566, 1.4437932968139648, 1.2477436065673828, 1.4547545909881592, 1.3455851078033447, 1.3542273044586182, 1.3782190084457397, 1.47100031375885, 1.4867109060287476, 1.3955270051956177, 1.3847270011901855, 1.4026223421096802, 1.4889647960662842, 1.4226806163787842, 1.4468119144439697, 1.3740633726119995, 1.3209214210510254, 1.5004565715789795, 1.4853687286376953, 1.4728084802627563, 1.4571452140808105]",sae,Pre-64
1,beta,19,0.15,0.4469965829377276,0.435497383761294,0.4126882780877415,0.5,0.6104665954706788,0.7118509909853316,30,"[0, 1, 2, 3, 4, 5, 6, 7, 8, 9, 10, 11, 12, 13, 14, 15, 16, 17, 18, 19, 20, 21, 22, 23, 24, 25, 26, 27, 28, 29]","[1.2501893043518066, 1.2598222494125366, 1.3307650089263916, 1.2794708013534546, 1.1836947202682495, 1.2028478384017944, 1.247941255569458, 1.3108469247817993, 1.2321466207504272, 1.3273423910140991, 1.3135751485824585, 1.3470327854156494, 1.2484077215194702, 1.2596187591552734, 1.1640849113464355, 1.1875838041305542, 1.3193472623825073, 1.351928472518921, 1.2038968801498413, 1.2370872497558594, 1.3602313995361328, 1.2457343339920044, 1.2386754751205444, 1.2403842210769653, 1.2397010326385498, 1.323133111000061, 1.3430246114730835, 1.264712929725647, 1.2081793546676636, 1.2196474075317383]",sae,Pre-64
1,beta,4,0.088,0.4589558369307028,0.4477177462853796,0.457335427941293,0.5,0.61034827708266,0.6589393169890885,30,"[0, 1, 2, 3, 4, 5, 6, 7, 8, 9, 10, 11, 12, 13, 14, 15, 16, 17, 18, 19, 20, 21, 22, 23, 24, 25, 26, 27, 28, 29]","[1.3951516151428223, 1.3799599409103394, 1.3013583421707153, 1.4445101022720337, 1.274206519126892, 1.3216184377670288, 1.3695100545883179, 1.304839849472046, 1.3905298709869385, 1.4261491298675537, 1.3940281867980957, 1.3361377716064453, 1.4461170434951782, 1.3327218294143677, 1.3008908033370972, 1.3880852460861206, 1.3920083045959473, 1.3599947690963745, 1.3185217380523682, 1.4140419960021973, 1.3754724264144897, 1.4381120204925537, 1.3766831159591675, 1.2913044691085815, 1.3717896938323975, 1.310948133468628, 1.3285715579986572, 1.3418993949890137, 1.4209550619125366, 1.2955764532089233]",sae,Pre-64
1,beta,31,0.16,0.4497611378811508,0.4308970333737342,0.4283202178718403,0.5,0.642735734520437,0.7085245996415563,30,"[0, 1, 2, 3, 4, 5, 6, 7, 8, 9, 10, 11, 12, 13, 14, 15, 16, 17, 18, 19, 20, 21, 22, 23, 24, 25, 26, 27, 28, 29]","[1.2931543588638306, 1.2757798433303833, 1.2278087139129639, 1.2189199924468994, 1.2930262088775635, 1.3192397356033325, 1.233174443244934, 1.295043706893921, 1.2760064601898193, 1.2824536561965942, 1.2803449630737305, 1.2903817892074585, 1.317790150642395, 1.1602396965026855, 1.3347834348678589, 1.275153636932373, 1.2825261354446411, 1.266505241394043, 1.2841717004776, 1.2434496879577637, 1.3379637002944946, 1.2949731349945068, 1.3247127532958984, 1.3113924264907837, 1.2832316160202026, 1.2935004234313965, 1.2056264877319336, 1.3418149948120117, 1.2305376529693604, 1.3136025667190552]",sae,Pre-64
1,beta,2,0.1,0.4419681213812466,0.4306250660512843,0.4254920747424564,0.5,0.6028191218064636,0.6887548105902536,30,"[0, 1, 2, 3, 4, 5, 6, 7, 8, 9, 10, 11, 12, 13, 14, 15, 16, 17, 18, 19, 20, 21, 22, 23, 24, 25, 26, 27, 28, 29]","[1.301774501800537, 1.315372347831726, 1.2971240282058716, 1.3592458963394165, 1.3015363216400146, 1.3789678812026978, 1.3197588920593262, 1.3299061059951782, 1.2689988613128662, 1.2806518077850342, 1.3189347982406616, 1.2747710943222046, 1.3352527618408203, 1.385608434677124, 1.3570657968521118, 1.3133573532104492, 1.36454439163208, 1.4163898229599, 1.4094115495681763, 1.387789011001587, 1.3167345523834229, 1.3096494674682617, 1.3736882209777832, 1.377052664756775, 1.3044766187667847, 1.306262731552124, 1.3552634716033936, 1.3354641199111938, 1.157137155532837, 1.4117202758789062]",sae,Pre-64
1,beta,40,0.095,0.44666181227492,0.4340193094910912,0.4316297503866462,0.5,0.6093636266731638,0.6690797788911056,30,"[0, 1, 2, 3, 4, 5, 6, 7, 8, 9, 10, 11, 12, 13, 14, 15, 16, 17, 18, 19, 20, 21, 22, 23, 24, 25, 26, 27, 28, 29]","[1.3760920763015747, 1.3200303316116333, 1.3159507513046265, 1.2582824230194092, 1.2914623022079468, 1.320959448814392, 1.3207707405090332, 1.3340240716934204, 1.347683310508728, 1.3549474477767944, 1.2941110134124756, 1.3028756380081177, 1.36985182762146, 1.2561852931976318, 1.2753010988235474, 1.3859708309173584, 1.289389967918396, 1.3235102891921997, 1.2740405797958374, 1.2725958824157715, 1.2773784399032593, 1.2904874086380005, 1.3481074571609497, 1.3115754127502441, 1.3600152730941772, 1.289719581604004, 1.353417992591858, 1.2532241344451904, 1.3959189653396606, 1.2780159711837769]",sae,Pre-64
1,beta,26,0.145,0.4502231978181314,0.4442488029476733,0.4543279596191928,0.5,0.5832450787939482,0.6467159710436486,30,"[0, 1, 2, 3, 4, 5, 6, 7, 8, 9, 10, 11, 12, 13, 14, 15, 16, 17, 18, 19, 20, 21, 22, 23, 24, 25, 26, 27, 28, 29]","[1.1928706169128418, 1.2405197620391846, 1.3458795547485352, 1.1563928127288818, 1.2403680086135864, 1.2882717847824097, 1.2576581239700317, 1.1638150215148926, 1.2436712980270386, 1.231693148612976, 1.1425158977508545, 1.343572974205017, 1.2971186637878418, 1.2433445453643799, 1.2939679622650146, 1.1718757152557373, 1.2391959428787231, 1.1536189317703247, 1.2687443494796753, 1.2480677366256714, 1.1861082315444946, 1.3335230350494385, 1.254513144493103, 1.2726855278015137, 1.3419536352157593, 1.3420162200927734, 1.219105839729309, 1.2665767669677734, 1.0913370847702026, 1.2033052444458008]",sae,Pre-64
1,beta,7,0.094,0.4564836922581216,0.4420418003909208,0.4378236186802798,0.5,0.6095136152062148,0.7009785491758926,30,"[0, 1, 2, 3, 4, 5, 6, 7, 8, 9, 10, 11, 12, 13, 14, 15, 16, 17, 18, 19, 20, 21, 22, 23, 24, 25, 26, 27, 28, 29]","[1.3618160486221313, 1.4041565656661987, 1.4196345806121826, 1.3829708099365234, 1.4350024461746216, 1.3923813104629517, 1.3503782749176025, 1.3954918384552002, 1.491031289100647, 1.399778127670288, 1.3203942775726318, 1.361894130706787, 1.325546383857727, 1.34512197971344, 1.5023844242095947, 1.4154314994812012, 1.350245714187622, 1.331179141998291, 1.4363493919372559, 1.4345686435699463, 1.3987623453140259, 1.4132384061813354, 1.4201029539108276, 1.3673627376556396, 1.4564499855041504, 1.4365370273590088, 1.3813176155090332, 1.2788244485855103, 1.4768441915512085, 1.364828109741211]",sae,Pre-64
1,beta,23,0.19,0.4478205607315014,0.4344954522622479,0.4317269217414636,0.5,0.6150139710231751,0.6708345246902094,30,"[0, 1, 2, 3, 4, 5, 6, 7, 8, 9, 10, 11, 12, 13, 14, 15, 16, 17, 18, 19, 20, 21, 22, 23, 24, 25, 26, 27, 28, 29]","[1.223170518875122, 1.2532652616500854, 1.2152681350708008, 1.3411787748336792, 1.152308464050293, 1.2238616943359375, 1.3198319673538208, 1.263034462928772, 1.2188154458999634, 1.3441188335418701, 1.3360108137130737, 1.294063687324524, 1.2833471298217773, 1.1671772003173828, 1.2810893058776855, 1.3359812498092651, 1.0679502487182617, 1.2663546800613403, 1.2136802673339844, 1.2290180921554565, 1.332445740699768, 1.3480545282363892, 1.2177950143814087, 1.342898964881897, 1.3296233415603638, 1.2747639417648315, 1.2359371185302734, 1.2222555875778198, 1.2574150562286377, 1.34857976436615]",sae,Pre-64
1,beta,20,0.175,0.4408022875601419,0.4262939306313442,0.4313548941822207,0.5,0.6176087118064704,0.6484219308378764,30,"[0, 1, 2, 3, 4, 5, 6, 7, 8, 9, 10, 11, 12, 13, 14, 15, 16, 17, 18, 19, 20, 21, 22, 23, 24, 25, 26, 27, 28, 29]","[1.2498066425323486, 1.3252042531967163, 1.271064281463623, 1.3527499437332153, 1.3282496929168701, 1.3138337135314941, 1.3207697868347168, 1.2499942779541016, 1.3185615539550781, 1.2660496234893799, 1.2720377445220947, 1.2616311311721802, 1.3566210269927979, 1.223031997680664, 1.2535905838012695, 1.3555991649627686, 1.2390965223312378, 1.256472110748291, 1.2976490259170532, 1.2920050621032715, 1.3002759218215942, 1.2271227836608887, 1.3186614513397217, 1.3658254146575928, 1.3227007389068604, 1.2381688356399536, 1.2654929161071777, 1.301830768585205, 1.2520627975463867, 1.3467098474502563]",sae,Pre-64
1,beta,29,0.1,0.4558655961502112,0.4409050416793991,0.4552446314512445,0.5,0.6296548282533407,0.6719077583842731,30,"[0, 1, 2, 3, 4, 5, 6, 7, 8, 9, 10, 11, 12, 13, 14, 15, 16, 17, 18, 19, 20, 21, 22, 23, 24, 25, 26, 27, 28, 29]","[1.3895328044891357, 1.3503221273422241, 1.1698969602584839, 1.4540761709213257, 1.3815730810165405, 1.3545401096343994, 1.4691334962844849, 1.3503552675247192, 1.436224341392517, 1.4599289894104004, 1.382851481437683, 1.4279760122299194, 1.4449028968811035, 1.4222153425216675, 1.4014122486114502, 1.4212239980697632, 1.3522428274154663, 1.3841893672943115, 1.3502824306488037, 1.3932002782821655, 1.4714930057525635, 1.4874722957611084, 1.376075267791748, 1.3887016773223877, 1.3998461961746216, 1.3246018886566162, 1.3840490579605103, 1.4665603637695312, 1.5072439908981323, 1.3586407899856567]",sae,Pre-64
1,beta,9,0.165,0.448644851968101,0.4348910401892977,0.4421534838583524,0.5,0.6286670530281078,0.6714560996812518,30,"[0, 1, 2, 3, 4, 5, 6, 7, 8, 9, 10, 11, 12, 13, 14, 15, 16, 17, 18, 19, 20, 21, 22, 23, 24, 25, 26, 27, 28, 29]","[1.3254624605178833, 1.2610666751861572, 1.3454066514968872, 1.3231815099716187, 1.2627851963043213, 1.127050757408142, 1.319206714630127, 1.2440065145492554, 1.3234732151031494, 1.2053985595703125, 1.31290602684021, 1.2671881914138794, 1.271904468536377, 1.311442255973816, 1.357852578163147, 1.279903531074524, 1.2418268918991089, 1.3334336280822754, 1.3442306518554688, 1.241269826889038, 1.3306858539581299, 1.3391650915145874, 1.2444372177124023, 1.3300594091415405, 1.34555983543396, 1.3294944763183594, 1.1968145370483398, 1.141867995262146, 1.2588247060775757, 1.3463716506958008]",sae,Pre-64
1,beta,12,0.095,0.4455148672091349,0.4361346773072694,0.4119692017145407,0.5,0.5892778403611032,0.7320285878553032,30,"[0, 1, 2, 3, 4, 5, 6, 7, 8, 9, 10, 11, 12, 13, 14, 15, 16, 17, 18, 19, 20, 21, 22, 23, 24, 25, 26, 27, 28, 29]","[1.3705830574035645, 1.4782352447509766, 1.3873727321624756, 1.2871354818344116, 1.4754513502120972, 1.4112679958343506, 1.4049077033996582, 1.4570560455322266, 1.4923816919326782, 1.363356590270996, 1.3651838302612305, 1.533524990081787, 1.3916592597961426, 1.4641081094741821, 1.3493342399597168, 1.537223219871521, 1.3218040466308594, 1.5156499147415161, 1.437162160873413, 1.5297753810882568, 1.4935433864593506, 1.4400534629821777, 1.3916113376617432, 1.535902738571167, 1.5134226083755493, 1.3821735382080078, 1.5139297246932983, 1.4590167999267578, 1.412517786026001, 1.5444200038909912]",sae,Pre-64
1,beta,44,0.1,0.4469012312759677,0.43811650775401,0.4572381749363012,0.5,0.5982762074796864,0.6215404830507975,30,"[0, 1, 2, 3, 4, 5, 6, 7, 8, 9, 10, 11, 12, 13, 14, 15, 16, 17, 18, 19, 20, 21, 22, 23, 24, 25, 26, 27, 28, 29]","[1.3518235683441162, 1.3556036949157715, 1.2997276782989502, 1.3291454315185547, 1.3452110290527344, 1.4016841650009155, 1.3780784606933594, 1.2973110675811768, 1.3647522926330566, 1.4155538082122803, 1.3443878889083862, 1.3206692934036255, 1.3499817848205566, 1.316718339920044, 1.4187735319137573, 1.4177714586257935, 1.2867344617843628, 1.1947507858276367, 1.3603547811508179, 1.3471229076385498, 1.3189432621002197, 1.2936244010925293, 1.3397741317749023, 1.3477129936218262, 1.4034287929534912, 1.3029788732528687, 1.3243669271469116, 1.3472250699996948, 1.342458724975586, 1.3612574338912964]",sae,Pre-64
1,beta,19,0.115,0.4469965829377276,0.435497383761294,0.4137503509001382,0.5,0.6104665954706788,0.7133476772308949,30,"[0, 1, 2, 3, 4, 5, 6, 7, 8, 9, 10, 11, 12, 13, 14, 15, 16, 17, 18, 19, 20, 21, 22, 23, 24, 25, 26, 27, 28, 29]","[1.3298394680023193, 1.3431626558303833, 1.4193133115768433, 1.3629945516586304, 1.2817186117172241, 1.2960309982299805, 1.3345108032226562, 1.4058482646942139, 1.3110144138336182, 1.4254108667373657, 1.4183560609817505, 1.4455764293670654, 1.3328295946121216, 1.3469852209091187, 1.261897087097168, 1.281097650527954, 1.4088053703308105, 1.4424854516983032, 1.2944663763046265, 1.3217533826828003, 1.4582327604293823, 1.324214220046997, 1.330671787261963, 1.3257838487625122, 1.322072148323059, 1.4201332330703735, 1.4326509237289429, 1.3490983247756958, 1.303928017616272, 1.2988961935043335]",sae,Pre-64
1,beta,31,0.125,0.4497611378811508,0.4308970333737342,0.4285981848998714,0.5,0.642735734520437,0.7085274903162397,30,"[0, 1, 2, 3, 4, 5, 6, 7, 8, 9, 10, 11, 12, 13, 14, 15, 16, 17, 18, 19, 20, 21, 22, 23, 24, 25, 26, 27, 28, 29]","[1.293731689453125, 1.2763572931289673, 1.2283879518508911, 1.2194989919662476, 1.2936052083969116, 1.3198143243789673, 1.2337517738342285, 1.2956221103668213, 1.2765856981277466, 1.2830291986465454, 1.2809226512908936, 1.290960669517517, 1.3183679580688477, 1.1608197689056396, 1.3353614807128906, 1.2757313251495361, 1.2831043004989624, 1.2670832872390747, 1.2847501039505005, 1.244027853012085, 1.3385387659072876, 1.2955518960952759, 1.3252880573272705, 1.3119707107543945, 1.283811330795288, 1.2940789461135864, 1.2062047719955444, 1.342392086982727, 1.231118083000183, 1.3141801357269287]",sae,Pre-64
1,beta,10,0.155,0.4493907433353129,0.4390813823454372,0.4401215450158841,0.5,0.6232207829487961,0.675778822347411,30,"[0, 1, 2, 3, 4, 5, 6, 7, 8, 9, 10, 11, 12, 13, 14, 15, 16, 17, 18, 19, 20, 21, 22, 23, 24, 25, 26, 27, 28, 29]","[1.28701913356781, 1.2122211456298828, 1.3601161241531372, 1.296444058418274, 1.2909456491470337, 1.3106322288513184, 1.3934071063995361, 1.31772780418396, 1.1985721588134766, 1.3372596502304077, 1.3079198598861694, 1.3259493112564087, 1.3156899213790894, 1.2986013889312744, 1.3801641464233398, 1.3192933797836304, 1.327958583831787, 1.2531040906906128, 1.2872830629348755, 1.2623544931411743, 1.2770111560821533, 1.291831135749817, 1.361429214477539, 1.360922932624817, 1.2745606899261475, 1.255350947380066, 1.3016215562820435, 1.318752408027649, 1.2978447675704956, 1.335872769355774]",sae,Pre-64
1,beta,9,0.13,0.448644851968101,0.4348910401892977,0.4421534838583524,0.5,0.6286670530281078,0.6714589973920602,30,"[0, 1, 2, 3, 4, 5, 6, 7, 8, 9, 10, 11, 12, 13, 14, 15, 16, 17, 18, 19, 20, 21, 22, 23, 24, 25, 26, 27, 28, 29]","[1.325851321220398, 1.2614541053771973, 1.3457951545715332, 1.3235708475112915, 1.2631745338439941, 1.1274409294128418, 1.3195953369140625, 1.2443946599960327, 1.3238617181777954, 1.2057870626449585, 1.313295602798462, 1.2675769329071045, 1.2722926139831543, 1.3118315935134888, 1.3582412004470825, 1.2802937030792236, 1.242215633392334, 1.3338221311569214, 1.3446193933486938, 1.2416601181030273, 1.3310747146606445, 1.3395538330078125, 1.244827151298523, 1.3304479122161865, 1.3459491729736328, 1.3298829793930054, 1.197203278541565, 1.142256259918213, 1.2592142820358276, 1.3467588424682617]",sae,Pre-64
1,beta,38,0.155,0.4455661720406026,0.4298851252298221,0.4370334896866299,0.5,0.6303640517897944,0.6627357197258188,30,"[0, 1, 2, 3, 4, 5, 6, 7, 8, 9, 10, 11, 12, 13, 14, 15, 16, 17, 18, 19, 20, 21, 22, 23, 24, 25, 26, 27, 28, 29]","[1.3118808269500732, 1.2915430068969727, 1.3238204717636108, 1.3540970087051392, 1.3205559253692627, 1.2098524570465088, 1.3689196109771729, 1.3263516426086426, 1.1811301708221436, 1.3390926122665405, 1.3195327520370483, 1.333787202835083, 1.348014235496521, 1.3140276670455933, 1.3603821992874146, 1.2972073554992676, 1.3036772012710571, 1.3777756690979004, 1.2675423622131348, 1.3324350118637085, 1.3110874891281128, 1.3207707405090332, 1.370544195175171, 1.2747859954833984, 1.3148167133331299, 1.3684990406036377, 1.2662570476531982, 1.373456597328186, 1.2995169162750244, 1.382569432258606]",sae,Pre-64
1,beta,20,0.14,0.4408022875601419,0.4262939306313442,0.431989054490434,0.5,0.6176087118064704,0.6484219308378764,30,"[0, 1, 2, 3, 4, 5, 6, 7, 8, 9, 10, 11, 12, 13, 14, 15, 16, 17, 18, 19, 20, 21, 22, 23, 24, 25, 26, 27, 28, 29]","[1.250140905380249, 1.3255385160446167, 1.271398663520813, 1.3530826568603516, 1.328583836555481, 1.314166784286499, 1.3211032152175903, 1.2503273487091064, 1.318895697593689, 1.2663829326629639, 1.2723703384399414, 1.261964201927185, 1.3569543361663818, 1.2233657836914062, 1.2539234161376953, 1.3559329509735107, 1.239428997039795, 1.25680673122406, 1.2979828119277954, 1.2923393249511719, 1.3006089925765991, 1.2274571657180786, 1.3189959526062012, 1.366159439086914, 1.3230341672897339, 1.238503098487854, 1.2658274173736572, 1.3021650314331055, 1.2523972988128662, 1.3470430374145508]",sae,Pre-64
1,beta,26,0.086,0.4502231978181314,0.4442488029476733,0.4597068943571769,0.5,0.5832450787939482,0.646701200409442,30,"[0, 1, 2, 3, 4, 5, 6, 7, 8, 9, 10, 11, 12, 13, 14, 15, 16, 17, 18, 19, 20, 21, 22, 23, 24, 25, 26, 27, 28, 29]","[1.4231709241867065, 1.434397578239441, 1.5969747304916382, 1.3891270160675049, 1.4600019454956055, 1.5021060705184937, 1.4883891344070435, 1.3870370388031006, 1.4909818172454834, 1.4576996564865112, 1.3735405206680298, 1.5991419553756714, 1.53469979763031, 1.4730504751205444, 1.5484123229980469, 1.4345985651016235, 1.480129361152649, 1.365796685218811, 1.5100414752960205, 1.4602932929992676, 1.4199185371398926, 1.5739126205444336, 1.4616690874099731, 1.502480387687683, 1.579978108406067, 1.5710629224777222, 1.4291083812713623, 1.4848321676254272, 1.2974400520324707, 1.4204124212265015]",sae,Pre-64
1,beta,3,0.125,0.4557259332451328,0.444824285747971,0.462862198999035,0.5,0.6042731979176,0.6522689891804236,30,"[0, 1, 2, 3, 4, 5, 6, 7, 8, 9, 10, 11, 12, 13, 14, 15, 16, 17, 18, 19, 20, 21, 22, 23, 24, 25, 26, 27, 28, 29]","[1.3963795900344849, 1.423309326171875, 1.4079405069351196, 1.365950584411621, 1.4013553857803345, 1.4380217790603638, 1.3939334154129028, 1.4415528774261475, 1.1968616247177124, 1.4664772748947144, 1.3582711219787598, 1.4645346403121948, 1.4000977277755737, 1.3760935068130493, 1.475386142730713, 1.3949395418167114, 1.4007000923156738, 1.4261425733566284, 1.3600903749465942, 1.3629560470581055, 1.3084226846694946, 1.3744114637374878, 1.3711528778076172, 1.4860351085662842, 1.4567989110946655, 1.3858277797698975, 1.3889175653457642, 1.3824520111083984, 1.4513598680496216, 1.388553261756897]",sae,Pre-64
1,beta,43,0.17,0.4515364523902173,0.4432102910589974,0.4348387499901149,0.5,0.6060785767234989,0.6985263157894736,30,"[0, 1, 2, 3, 4, 5, 6, 7, 8, 9, 10, 11, 12, 13, 14, 15, 16, 17, 18, 19, 20, 21, 22, 23, 24, 25, 26, 27, 28, 29]","[1.3261152505874634, 1.4139561653137207, 1.3449970483779907, 1.2814247608184814, 1.3201745748519897, 1.2544399499893188, 1.2978417873382568, 1.2771315574645996, 1.3775320053100586, 1.2765823602676392, 1.2386804819107056, 1.3841990232467651, 1.3286242485046387, 1.2784175872802734, 1.27532160282135, 1.1858506202697754, 1.3647133111953735, 1.2913943529129028, 1.3627592325210571, 1.3484492301940918, 1.275024652481079, 1.2758370637893677, 1.371595025062561, 1.3476349115371704, 1.2446472644805908, 1.360398769378662, 1.3884186744689941, 1.2843234539031982, 1.3606582880020142, 1.3967094421386719]",sae,Pre-64
1,beta,49,0.094,0.462130925118617,0.4524487678230295,0.4490422441112416,0.5,0.6141152509743157,0.6833841033948445,30,"[0, 1, 2, 3, 4, 5, 6, 7, 8, 9, 10, 11, 12, 13, 14, 15, 16, 17, 18, 19, 20, 21, 22, 23, 24, 25, 26, 27, 28, 29]","[1.3338596820831299, 1.3850480318069458, 1.3825722932815552, 1.3674557209014893, 1.3141212463378906, 1.3460325002670288, 1.4237178564071655, 1.3279443979263306, 1.4529199600219727, 1.4014265537261963, 1.3528034687042236, 1.3331941366195679, 1.4000836610794067, 1.3901423215866089, 1.431410551071167, 1.377483606338501, 1.4696425199508667, 1.4553157091140747, 1.318830132484436, 1.4022818803787231, 1.4451230764389038, 1.3559316396713257, 1.4516141414642334, 1.3855843544006348, 1.3480243682861328, 1.3916935920715332, 1.387768030166626, 1.3483459949493408, 1.282488465309143, 1.3488199710845947]",sae,Pre-64
1,beta,37,0.165,0.4546908257221888,0.444978337644671,0.4259700181712841,0.5,0.6058579085235571,0.7195923516133316,30,"[0, 1, 2, 3, 4, 5, 6, 7, 8, 9, 10, 11, 12, 13, 14, 15, 16, 17, 18, 19, 20, 21, 22, 23, 24, 25, 26, 27, 28, 29]","[1.2192000150680542, 1.2905797958374023, 1.2641240358352661, 1.2550945281982422, 1.185099482536316, 1.290711522102356, 1.23075532913208, 1.328660249710083, 1.3754608631134033, 1.2903072834014893, 1.2646048069000244, 1.2677031755447388, 1.3039623498916626, 1.2614004611968994, 1.3291152715682983, 1.2701035737991333, 1.2644531726837158, 1.3158191442489624, 1.2788468599319458, 1.2843507528305054, 1.2857502698898315, 1.2907439470291138, 1.3356860876083374, 1.310215711593628, 1.28053879737854, 1.3183945417404175, 1.2738770246505737, 1.2887321710586548, 1.311406135559082, 1.3289388418197632]",sae,Pre-64
1,beta,35,0.105,0.4566193215888805,0.4379483378046387,0.4310785318960563,0.5,0.637290178651746,0.7134810403660593,30,"[0, 1, 2, 3, 4, 5, 6, 7, 8, 9, 10, 11, 12, 13, 14, 15, 16, 17, 18, 19, 20, 21, 22, 23, 24, 25, 26, 27, 28, 29]","[1.3087581396102905, 1.3602670431137085, 1.4233729839324951, 1.3668169975280762, 1.3607088327407837, 1.339926838874817, 1.28146231174469, 1.4446990489959717, 1.4554132223129272, 1.3682082891464233, 1.4162410497665405, 1.2966785430908203, 1.3581994771957397, 1.2525423765182495, 1.3496851921081543, 1.3050936460494995, 1.4294413328170776, 1.2878341674804688, 1.389386773109436, 1.2936699390411377, 1.309415340423584, 1.301234483718872, 1.3278344869613647, 1.2850984334945679, 1.3285105228424072, 1.3605942726135254, 1.3279949426651, 1.3931411504745483, 1.4227362871170044, 1.3809804916381836]",sae,Pre-64
1,beta,10,0.09,0.4493907433353129,0.4390813823454372,0.4434204227581403,0.5,0.6232207829487961,0.6760357386343248,30,"[0, 1, 2, 3, 4, 5, 6, 7, 8, 9, 10, 11, 12, 13, 14, 15, 16, 17, 18, 19, 20, 21, 22, 23, 24, 25, 26, 27, 28, 29]","[1.400794506072998, 1.3120777606964111, 1.4756495952606201, 1.398879051208496, 1.391692876815796, 1.4028836488723755, 1.4909565448760986, 1.4174513816833496, 1.3008296489715576, 1.4476691484451294, 1.4079477787017822, 1.4281113147735596, 1.4243882894515991, 1.4020839929580688, 1.4705610275268555, 1.4239006042480469, 1.4337068796157837, 1.3446416854858398, 1.3977689743041992, 1.3590422868728638, 1.3792489767074585, 1.408111333847046, 1.466734528541565, 1.4713165760040283, 1.4036056995391846, 1.3449417352676392, 1.4036459922790527, 1.4125813245773315, 1.4035829305648804, 1.455711841583252]",sae,Pre-64
1,beta,25,0.155,0.4465066892532915,0.4352791138475453,0.4388955372378573,0.5,0.6270054355300688,0.6628282097432923,30,"[0, 1, 2, 3, 4, 5, 6, 7, 8, 9, 10, 11, 12, 13, 14, 15, 16, 17, 18, 19, 20, 21, 22, 23, 24, 25, 26, 27, 28, 29]","[1.3732075691223145, 1.3839441537857056, 1.282517671585083, 1.4067929983139038, 1.402814507484436, 1.3928370475769043, 1.2795003652572632, 1.3032747507095337, 1.3504308462142944, 1.254969596862793, 1.404420256614685, 1.322657585144043, 1.3860284090042114, 1.3113254308700562, 1.2944378852844238, 1.3210086822509766, 1.1898103952407837, 1.230861783027649, 1.273989200592041, 1.299806833267212, 1.4163347482681274, 1.2148396968841553, 1.3674196004867554, 1.316646933555603, 1.3501800298690796, 1.3018392324447632, 1.4308795928955078, 1.3819433450698853, 1.4020010232925415, 1.2566004991531372]",sae,Pre-64
1,beta,32,0.088,0.4555596844830426,0.4475674839123162,0.4708725398824461,0.5,0.5924839124839124,0.6331428571428571,30,"[0, 1, 2, 3, 4, 5, 6, 7, 8, 9, 10, 11, 12, 13, 14, 15, 16, 17, 18, 19, 20, 21, 22, 23, 24, 25, 26, 27, 28, 29]","[1.4909281730651855, 1.412494421005249, 1.4917927980422974, 1.4263595342636108, 1.4356279373168945, 1.5002264976501465, 1.4314677715301514, 1.411761999130249, 1.3884254693984985, 1.397411584854126, 1.412818193435669, 1.3875064849853516, 1.4310381412506104, 1.350647211074829, 1.3394776582717896, 1.3444503545761108, 1.3715007305145264, 1.435083031654358, 1.3815613985061646, 1.4115585088729858, 1.496139407157898, 1.4123238325119019, 1.3349390029907227, 1.4977524280548096, 1.4265738725662231, 1.3573633432388306, 1.4734516143798828, 1.2934238910675049, 1.5020452737808228, 1.4948837757110596]",sae,Pre-64
1,beta,22,0.165,0.4519005213187685,0.4442985770479847,0.4419663007423297,0.5,0.5939599289403404,0.6814138989870469,30,"[0, 1, 2, 3, 4, 5, 6, 7, 8, 9, 10, 11, 12, 13, 14, 15, 16, 17, 18, 19, 20, 21, 22, 23, 24, 25, 26, 27, 28, 29]","[1.3081773519515991, 1.3598814010620117, 1.3718996047973633, 1.3736814260482788, 1.425287127494812, 1.3389278650283813, 1.3369536399841309, 1.3282967805862427, 1.313291072845459, 1.3477002382278442, 1.3102178573608398, 1.418134093284607, 1.373084306716919, 1.4038578271865845, 1.2951737642288208, 1.3871963024139404, 1.3968932628631592, 1.3693835735321045, 1.2948116064071655, 1.3163049221038818, 1.3788031339645386, 1.380314826965332, 1.3794808387756348, 1.342305064201355, 1.368155837059021, 1.413380742073059, 1.3090366125106812, 1.3082019090652466, 1.4506499767303467, 1.295013189315796]",sae,Pre-64
1,beta,49,0.175,0.462130925118617,0.4524487678230295,0.4490046447033646,0.5,0.6141152509743157,0.6819637155467906,30,"[0, 1, 2, 3, 4, 5, 6, 7, 8, 9, 10, 11, 12, 13, 14, 15, 16, 17, 18, 19, 20, 21, 22, 23, 24, 25, 26, 27, 28, 29]","[1.2762738466262817, 1.322197437286377, 1.3208370208740234, 1.3044496774673462, 1.2481294870376587, 1.2854228019714355, 1.3550268411636353, 1.2588777542114258, 1.374924898147583, 1.3358925580978394, 1.2784756422042847, 1.2704713344573975, 1.3274060487747192, 1.3277864456176758, 1.3582717180252075, 1.3068642616271973, 1.401963710784912, 1.3822615146636963, 1.2511425018310547, 1.3346192836761475, 1.3744537830352783, 1.2918200492858887, 1.3814072608947754, 1.322825312614441, 1.2889289855957031, 1.3266063928604126, 1.3241441249847412, 1.2909189462661743, 1.2082661390304565, 1.2831387519836426]",sae,Pre-64
1,beta,13,0.11,0.4619123366083722,0.4531466051409948,0.4391929873765213,0.5,0.6127276801885291,0.7109104670518243,30,"[0, 1, 2, 3, 4, 5, 6, 7, 8, 9, 10, 11, 12, 13, 14, 15, 16, 17, 18, 19, 20, 21, 22, 23, 24, 25, 26, 27, 28, 29]","[1.4777321815490723, 1.297625184059143, 1.466031789779663, 1.3973546028137207, 1.3721728324890137, 1.4737043380737305, 1.4061063528060913, 1.403532862663269, 1.4388892650604248, 1.4060142040252686, 1.4756433963775635, 1.3874014616012573, 1.4282748699188232, 1.447160243988037, 1.4445403814315796, 1.3585152626037598, 1.3587028980255127, 1.4339816570281982, 1.4085689783096313, 1.4151175022125244, 1.384766936302185, 1.329452633857727, 1.3693617582321167, 1.3652877807617188, 1.3921679258346558, 1.334343433380127, 1.4023572206497192, 1.3521162271499634, 1.4127192497253418, 1.4019299745559692]",sae,Pre-64
1,beta,37,0.09,0.4546908257221888,0.444978337644671,0.4310069719323768,0.5,0.6058579085235571,0.7187775376926884,30,"[0, 1, 2, 3, 4, 5, 6, 7, 8, 9, 10, 11, 12, 13, 14, 15, 16, 17, 18, 19, 20, 21, 22, 23, 24, 25, 26, 27, 28, 29]","[1.3589565753936768, 1.4275250434875488, 1.4038326740264893, 1.3785628080368042, 1.3213417530059814, 1.432042121887207, 1.376425862312317, 1.4634743928909302, 1.5063562393188477, 1.4299620389938354, 1.3997104167938232, 1.4028719663619995, 1.4374802112579346, 1.4131336212158203, 1.4695215225219727, 1.4169765710830688, 1.3955134153366089, 1.454012155532837, 1.4100966453552246, 1.4149713516235352, 1.432543396949768, 1.4397633075714111, 1.4719583988189697, 1.4507577419281006, 1.4179987907409668, 1.459358811378479, 1.4132410287857056, 1.437069296836853, 1.4528920650482178, 1.4692237377166748]",sae,Pre-64
1,beta,16,0.1,0.4519396108125126,0.4401978349795346,0.4306481460086709,0.5,0.6159012314439947,0.7167633627337575,30,"[0, 1, 2, 3, 4, 5, 6, 7, 8, 9, 10, 11, 12, 13, 14, 15, 16, 17, 18, 19, 20, 21, 22, 23, 24, 25, 26, 27, 28, 29]","[1.2736021280288696, 1.2367334365844727, 1.2418065071105957, 1.3206610679626465, 1.3131146430969238, 1.255710482597351, 1.318930983543396, 1.2952561378479004, 1.2662371397018433, 1.320978045463562, 1.3214107751846313, 1.3048814535140991, 1.2608915567398071, 1.281909465789795, 1.2002609968185425, 1.2502847909927368, 1.3299311399459839, 1.156445026397705, 1.2675782442092896, 1.3024102449417114, 1.3507670164108276, 1.3184188604354858, 1.324095368385315, 1.3146636486053467, 1.2043966054916382, 1.2932164669036865, 1.2150429487228394, 1.2695951461791992, 1.2259360551834106, 1.2496649026870728]",sae,Pre-64
1,beta,15,0.092,0.4529015220185267,0.4424399871594601,0.4354314608395355,0.5,0.6161071485640408,0.7111288659045019,30,"[0, 1, 2, 3, 4, 5, 6, 7, 8, 9, 10, 11, 12, 13, 14, 15, 16, 17, 18, 19, 20, 21, 22, 23, 24, 25, 26, 27, 28, 29]","[1.397721290588379, 1.3681977987289429, 1.4093055725097656, 1.409277081489563, 1.4838634729385376, 1.380051851272583, 1.3746739625930786, 1.3989285230636597, 1.4573625326156616, 1.4551138877868652, 1.4432162046432495, 1.3579297065734863, 1.5166144371032715, 1.4601848125457764, 1.3509376049041748, 1.4263279438018799, 1.3641021251678467, 1.5097112655639648, 1.3488041162490845, 1.4158953428268433, 1.5027265548706055, 1.4699327945709229, 1.391075611114502, 1.4292088747024536, 1.3986217975616455, 1.2809339761734009, 1.4723047018051147, 1.5169308185577393, 1.4142508506774902, 1.4104509353637695]",sae,Pre-64
1,beta,6,0.115,0.4540822999211705,0.4457917896713532,0.441152026805915,0.5,0.5933447799067053,0.6658350173977785,30,"[0, 1, 2, 3, 4, 5, 6, 7, 8, 9, 10, 11, 12, 13, 14, 15, 16, 17, 18, 19, 20, 21, 22, 23, 24, 25, 26, 27, 28, 29]","[1.2875559329986572, 1.3161818981170654, 1.2505972385406494, 1.3194292783737183, 1.2386400699615479, 1.214533805847168, 1.2374955415725708, 1.2924128770828247, 1.2311298847198486, 1.3094717264175415, 1.243890643119812, 1.1828244924545288, 1.2447354793548584, 1.20003080368042, 1.076585054397583, 1.3071625232696533, 1.2021557092666626, 1.2767645120620728, 1.2521655559539795, 1.2744110822677612, 1.244297981262207, 1.2234047651290894, 1.2966541051864624, 1.278064250946045, 1.2158886194229126, 1.2526795864105225, 1.207366704940796, 1.2202908992767334, 1.2777936458587646, 1.2897289991378784]",sae,Pre-64
1,beta,6,0.175,0.4540822999211705,0.4457917896713532,0.441152026805915,0.5,0.5933447799067053,0.6658304590278517,30,"[0, 1, 2, 3, 4, 5, 6, 7, 8, 9, 10, 11, 12, 13, 14, 15, 16, 17, 18, 19, 20, 21, 22, 23, 24, 25, 26, 27, 28, 29]","[1.2867873907089233, 1.3154149055480957, 1.249830722808838, 1.3186625242233276, 1.2378711700439453, 1.2137662172317505, 1.236727237701416, 1.29164719581604, 1.2303599119186401, 1.3087047338485718, 1.2431236505508423, 1.1820564270019531, 1.2439663410186768, 1.1992650032043457, 1.0758132934570312, 1.3063949346542358, 1.2013869285583496, 1.275996208190918, 1.2513989210128784, 1.2736434936523438, 1.2435296773910522, 1.222636103630066, 1.2958874702453613, 1.277297019958496, 1.215119481086731, 1.2519135475158691, 1.2065984010696411, 1.2195234298706055, 1.27702796459198, 1.2889600992202759]",sae,Pre-64
1,beta,26,0.18,0.4502231978181314,0.4442488029476733,0.4543279596191928,0.5,0.5832450787939482,0.6467144939802281,30,"[0, 1, 2, 3, 4, 5, 6, 7, 8, 9, 10, 11, 12, 13, 14, 15, 16, 17, 18, 19, 20, 21, 22, 23, 24, 25, 26, 27, 28, 29]","[1.1928446292877197, 1.2404935359954834, 1.345853328704834, 1.1563667058944702, 1.2403419017791748, 1.288245677947998, 1.2576320171356201, 1.163788914680481, 1.2436450719833374, 1.2316670417785645, 1.1424897909164429, 1.3435468673706055, 1.297092318534851, 1.2433184385299683, 1.293941855430603, 1.1718494892120361, 1.239169955253601, 1.1535929441452026, 1.2687183618545532, 1.2480417490005493, 1.1860820055007935, 1.3334966897964478, 1.2544869184494019, 1.2726593017578125, 1.3419275283813477, 1.3419901132583618, 1.2190797328948975, 1.2665506601333618, 1.0913108587265015, 1.2032790184020996]",sae,Pre-64
1,beta,10,0.19,0.4493907433353129,0.4390813823454372,0.4378373003843949,0.5,0.6232207829487961,0.6759539273027378,30,"[0, 1, 2, 3, 4, 5, 6, 7, 8, 9, 10, 11, 12, 13, 14, 15, 16, 17, 18, 19, 20, 21, 22, 23, 24, 25, 26, 27, 28, 29]","[1.2090498208999634, 1.1358592510223389, 1.2758461236953735, 1.224056363105774, 1.215613842010498, 1.2389174699783325, 1.3098877668380737, 1.2414473295211792, 1.1222126483917236, 1.2583467960357666, 1.2287508249282837, 1.2436953783035278, 1.2376407384872437, 1.2139426469802856, 1.3043770790100098, 1.2430287599563599, 1.2498928308486938, 1.1860613822937012, 1.2103419303894043, 1.1868433952331543, 1.2099522352218628, 1.2177503108978271, 1.2839106321334839, 1.2795637845993042, 1.1832928657531738, 1.1916675567626953, 1.2311382293701172, 1.2509604692459106, 1.2222845554351807, 1.2472971677780151]",sae,Pre-64
1,beta,33,0.185,0.4492211383258522,0.4377959816952598,0.4223402424961981,0.5,0.6165210074526608,0.6954138560095032,30,"[0, 1, 2, 3, 4, 5, 6, 7, 8, 9, 10, 11, 12, 13, 14, 15, 16, 17, 18, 19, 20, 21, 22, 23, 24, 25, 26, 27, 28, 29]","[1.1849273443222046, 1.2562428712844849, 1.2136778831481934, 1.194433331489563, 1.149998426437378, 1.2687307596206665, 1.1574212312698364, 1.2470797300338745, 1.2527871131896973, 1.2536271810531616, 1.1950736045837402, 1.2495068311691284, 1.1756917238235474, 1.1588196754455566, 1.1325362920761108, 1.2413465976715088, 1.1629266738891602, 1.1944456100463867, 1.2464298009872437, 1.2438013553619385, 1.1899774074554443, 1.159067153930664, 1.2561681270599365, 1.2361953258514404, 1.2687146663665771, 1.1437739133834839, 1.1919195652008057, 1.171987533569336, 1.145799160003662, 1.191154956817627]",sae,Pre-64
1,beta,16,0.16,0.4519396108125126,0.4401978349795346,0.4302177278849157,0.5,0.6159012314439947,0.7167483010410641,30,"[0, 1, 2, 3, 4, 5, 6, 7, 8, 9, 10, 11, 12, 13, 14, 15, 16, 17, 18, 19, 20, 21, 22, 23, 24, 25, 26, 27, 28, 29]","[1.2712559700012207, 1.2343788146972656, 1.2394628524780273, 1.3183236122131348, 1.3107808828353882, 1.253363013267517, 1.3165916204452515, 1.2929080724716187, 1.2639104127883911, 1.3186432123184204, 1.31908118724823, 1.3025442361831665, 1.2585502862930298, 1.279578685760498, 1.197928547859192, 1.2479498386383057, 1.327605962753296, 1.1540981531143188, 1.2652443647384644, 1.3000752925872803, 1.3484383821487427, 1.3160760402679443, 1.3217624425888062, 1.312319040298462, 1.2020655870437622, 1.29087495803833, 1.2127121686935425, 1.2672728300094604, 1.2236117124557495, 1.2473211288452148]",sae,Pre-64
1,beta,46,0.125,0.4545712902572906,0.4417269056853911,0.4494633050405901,0.5,0.6270377926330811,0.6884378123070913,30,"[0, 1, 2, 3, 4, 5, 6, 7, 8, 9, 10, 11, 12, 13, 14, 15, 16, 17, 18, 19, 20, 21, 22, 23, 24, 25, 26, 27, 28, 29]","[1.3374104499816895, 1.4338899850845337, 1.4348623752593994, 1.4285656213760376, 1.3498761653900146, 1.466943383216858, 1.3608191013336182, 1.4706742763519287, 1.4158577919006348, 1.5120960474014282, 1.238578200340271, 1.3518775701522827, 1.48300302028656, 1.3361552953720093, 1.4043084383010864, 1.4738284349441528, 1.4179362058639526, 1.429477572441101, 1.4761236906051636, 1.4709320068359375, 1.3893855810165405, 1.3940175771713257, 1.4271444082260132, 1.4212374687194824, 1.4369641542434692, 1.4450873136520386, 1.4099388122558594, 1.4724637269973755, 1.3949207067489624, 1.4164581298828125]",sae,Pre-64
1,beta,5,0.096,0.4445517550333296,0.4301735816232515,0.4289969878113197,0.5,0.6070910659257547,0.6831850884156441,30,"[0, 1, 2, 3, 4, 5, 6, 7, 8, 9, 10, 11, 12, 13, 14, 15, 16, 17, 18, 19, 20, 21, 22, 23, 24, 25, 26, 27, 28, 29]","[1.3835841417312622, 1.2791483402252197, 1.2807939052581787, 1.3990429639816284, 1.3984214067459106, 1.3312702178955078, 1.327996850013733, 1.3092716932296753, 1.369485855102539, 1.2907686233520508, 1.3795886039733887, 1.4005942344665527, 1.3297990560531616, 1.3340821266174316, 1.4105075597763062, 1.3580065965652466, 1.3635423183441162, 1.390372395515442, 1.269978404045105, 1.3368828296661377, 1.4130139350891113, 1.3406310081481934, 1.4092028141021729, 1.2914072275161743, 1.336544156074524, 1.413338541984558, 1.2819759845733643, 1.314487338066101, 1.3899598121643066, 1.3382000923156738]",sae,Pre-64
1,beta,43,0.092,0.4515364523902173,0.4432102910589974,0.4417182697284086,0.5,0.6060785767234989,0.6993787991104523,30,"[0, 1, 2, 3, 4, 5, 6, 7, 8, 9, 10, 11, 12, 13, 14, 15, 16, 17, 18, 19, 20, 21, 22, 23, 24, 25, 26, 27, 28, 29]","[1.5125479698181152, 1.5858155488967896, 1.5618329048156738, 1.458989143371582, 1.494017243385315, 1.4331618547439575, 1.4639756679534912, 1.4508455991744995, 1.550857663154602, 1.4404528141021729, 1.4060965776443481, 1.5963637828826904, 1.5250074863433838, 1.4674969911575317, 1.4673408269882202, 1.3549884557724, 1.552996039390564, 1.4509822130203247, 1.547766089439392, 1.5437686443328857, 1.4461876153945923, 1.4594017267227173, 1.5846784114837646, 1.517137885093689, 1.4400453567504883, 1.5208848714828491, 1.5873525142669678, 1.4506278038024902, 1.5464434623718262, 1.5968958139419556]",sae,Pre-64
1,beta,49,0.14,0.462130925118617,0.4524487678230295,0.4490208729010738,0.5,0.6141152509743157,0.6819710522608818,30,"[0, 1, 2, 3, 4, 5, 6, 7, 8, 9, 10, 11, 12, 13, 14, 15, 16, 17, 18, 19, 20, 21, 22, 23, 24, 25, 26, 27, 28, 29]","[1.2771646976470947, 1.3230866193771362, 1.3217244148254395, 1.3053354024887085, 1.2490147352218628, 1.2863097190856934, 1.3559128046035767, 1.2597622871398926, 1.3758084774017334, 1.336779236793518, 1.2793617248535156, 1.2713603973388672, 1.3282928466796875, 1.32867431640625, 1.3591562509536743, 1.3077504634857178, 1.4028480052947998, 1.3831453323364258, 1.2520262002944946, 1.335508108139038, 1.3753411769866943, 1.2927041053771973, 1.3822929859161377, 1.323715090751648, 1.2898181676864624, 1.3274924755096436, 1.325035572052002, 1.2918078899383545, 1.2091505527496338, 1.2840253114700317]",sae,Pre-64
1,beta,48,0.115,0.4556814132376,0.4510566266980289,0.4850791611908437,0.5,0.5923878577171784,0.5888956207603366,30,"[0, 1, 2, 3, 4, 5, 6, 7, 8, 9, 10, 11, 12, 13, 14, 15, 16, 17, 18, 19, 20, 21, 22, 23, 24, 25, 26, 27, 28, 29]","[1.4219753742218018, 1.3687242269515991, 1.3567296266555786, 1.3428164720535278, 1.322825312614441, 1.2863049507141113, 1.3628807067871094, 1.2777565717697144, 1.3250840902328491, 1.3202632665634155, 1.3769252300262451, 1.332738995552063, 1.3370754718780518, 1.3267751932144165, 1.289572834968567, 1.370266318321228, 1.3619928359985352, 1.3646639585494995, 1.397356629371643, 1.2368792295455933, 1.3240324258804321, 1.3955252170562744, 1.3994451761245728, 1.2327109575271606, 1.3348053693771362, 1.3705604076385498, 1.401809573173523, 1.3762203454971313, 1.3303511142730713, 1.3542523384094238]",sae,Pre-64
1,beta,38,0.19,0.4455661720406026,0.4298851252298221,0.4365085368845541,0.5,0.6303640517897944,0.6627418126428027,30,"[0, 1, 2, 3, 4, 5, 6, 7, 8, 9, 10, 11, 12, 13, 14, 15, 16, 17, 18, 19, 20, 21, 22, 23, 24, 25, 26, 27, 28, 29]","[1.3109097480773926, 1.2905685901641846, 1.3228501081466675, 1.3531262874603271, 1.319579839706421, 1.208873987197876, 1.367948055267334, 1.3253806829452515, 1.1801583766937256, 1.3381171226501465, 1.318562388420105, 1.3328168392181396, 1.3470433950424194, 1.3130549192428589, 1.359412670135498, 1.2962336540222168, 1.3027011156082153, 1.3768048286437988, 1.2665718793869019, 1.3314599990844727, 1.3101123571395874, 1.3197933435440063, 1.3695740699768066, 1.2738144397735596, 1.3138394355773926, 1.3675283193588257, 1.2652841806411743, 1.372482180595398, 1.2985421419143677, 1.3815953731536865]",sae,Pre-64
1,beta,29,0.092,0.4558655961502112,0.4409050416793991,0.4552595570926416,0.5,0.6296548282533407,0.6719152513670947,30,"[0, 1, 2, 3, 4, 5, 6, 7, 8, 9, 10, 11, 12, 13, 14, 15, 16, 17, 18, 19, 20, 21, 22, 23, 24, 25, 26, 27, 28, 29]","[1.390540599822998, 1.3513250350952148, 1.170928716659546, 1.4550809860229492, 1.3825854063034058, 1.355550765991211, 1.4701379537582397, 1.3513706922531128, 1.4372339248657227, 1.4609298706054688, 1.3838634490966797, 1.4289861917495728, 1.4459128379821777, 1.4232243299484253, 1.402414321899414, 1.422235131263733, 1.3532390594482422, 1.385190725326538, 1.351292371749878, 1.394210696220398, 1.4725013971328735, 1.488473653793335, 1.3770873546600342, 1.389717698097229, 1.4008524417877197, 1.3256158828735352, 1.3850585222244263, 1.4675630331039429, 1.5082513093948364, 1.3596502542495728]",sae,Pre-64
1,beta,34,0.175,0.4568527557813058,0.4470225010708758,0.4459377550526713,0.5,0.6011606799053854,0.6769884858468853,30,"[0, 1, 2, 3, 4, 5, 6, 7, 8, 9, 10, 11, 12, 13, 14, 15, 16, 17, 18, 19, 20, 21, 22, 23, 24, 25, 26, 27, 28, 29]","[1.3105950355529785, 1.3938734531402588, 1.3969539403915405, 1.3464347124099731, 1.3063063621520996, 1.311525821685791, 1.3482768535614014, 1.2622220516204834, 1.2828119993209839, 1.3159774541854858, 1.3689584732055664, 1.174718976020813, 1.3766173124313354, 1.2637568712234497, 1.2772232294082642, 1.3058955669403076, 1.3901398181915283, 1.4122008085250854, 1.3269504308700562, 1.3033239841461182, 1.3288511037826538, 1.411431908607483, 1.3434642553329468, 1.360377311706543, 1.3075237274169922, 1.2515498399734497, 1.4253942966461182, 1.4069005250930786, 1.397870421409607, 1.3773666620254517]",sae,Pre-64
1,beta,22,0.105,0.4519005213187685,0.4442985770479847,0.4443529398253762,0.5,0.5939599289403404,0.6801462370145531,30,"[0, 1, 2, 3, 4, 5, 6, 7, 8, 9, 10, 11, 12, 13, 14, 15, 16, 17, 18, 19, 20, 21, 22, 23, 24, 25, 26, 27, 28, 29]","[1.4101362228393555, 1.4559201002120972, 1.4690113067626953, 1.4905543327331543, 1.530737042427063, 1.4304585456848145, 1.43961501121521, 1.4204460382461548, 1.4161105155944824, 1.4664212465286255, 1.414360523223877, 1.5240535736083984, 1.456931471824646, 1.5102970600128174, 1.3748925924301147, 1.4965534210205078, 1.508133053779602, 1.4609676599502563, 1.3931059837341309, 1.4022761583328247, 1.4813735485076904, 1.479811668395996, 1.4811370372772217, 1.4315712451934814, 1.4835313558578491, 1.5163888931274414, 1.416387915611267, 1.404624104499817, 1.5452911853790283, 1.385369062423706]",sae,Pre-64
1,beta,8,0.105,0.4517491928182039,0.4406431065890545,0.4393952734273233,0.5,0.6098144493254953,0.678338744933257,30,"[0, 1, 2, 3, 4, 5, 6, 7, 8, 9, 10, 11, 12, 13, 14, 15, 16, 17, 18, 19, 20, 21, 22, 23, 24, 25, 26, 27, 28, 29]","[1.3839755058288574, 1.4957958459854126, 1.4125856161117554, 1.4436931610107422, 1.504651427268982, 1.4400582313537598, 1.4885480403900146, 1.4006762504577637, 1.4470409154891968, 1.4963178634643555, 1.5044645071029663, 1.4282755851745605, 1.4118317365646362, 1.4448400735855103, 1.4737443923950195, 1.3892468214035034, 1.4109816551208496, 1.4468964338302612, 1.3575291633605957, 1.427083134651184, 1.3999714851379395, 1.3757456541061401, 1.479172945022583, 1.4116193056106567, 1.4787522554397583, 1.482818841934204, 1.3804394006729126, 1.4784513711929321, 1.4493160247802734, 1.449528694152832]",sae,Pre-64
1,beta,5,0.15,0.4445517550333296,0.4301735816232515,0.4289693379515195,0.5,0.6070910659257547,0.6831725870873779,30,"[0, 1, 2, 3, 4, 5, 6, 7, 8, 9, 10, 11, 12, 13, 14, 15, 16, 17, 18, 19, 20, 21, 22, 23, 24, 25, 26, 27, 28, 29]","[1.3457404375076294, 1.2467719316482544, 1.2491934299468994, 1.3650254011154175, 1.363791823387146, 1.2956165075302124, 1.2956031560897827, 1.2772431373596191, 1.3353523015975952, 1.2628462314605713, 1.3489364385604858, 1.3672343492507935, 1.2959184646606445, 1.2992749214172363, 1.377644658088684, 1.3216443061828613, 1.3266476392745972, 1.354130744934082, 1.2363531589508057, 1.3025745153427124, 1.3788942098617554, 1.3097829818725586, 1.3715072870254517, 1.2600243091583252, 1.3012958765029907, 1.37770676612854, 1.2464852333068848, 1.2781312465667725, 1.356895089149475, 1.3029310703277588]",sae,Pre-64
1,beta,47,0.096,0.4460371044958436,0.4257646434940195,0.4051357357070413,0.5,0.6434257056516428,0.7317945090979233,30,"[0, 1, 2, 3, 4, 5, 6, 7, 8, 9, 10, 11, 12, 13, 14, 15, 16, 17, 18, 19, 20, 21, 22, 23, 24, 25, 26, 27, 28, 29]","[1.4615525007247925, 1.3025082349777222, 1.313597559928894, 1.327112078666687, 1.4096894264221191, 1.4472590684890747, 1.3964632749557495, 1.4087588787078857, 1.4017084836959839, 1.3401292562484741, 1.3438944816589355, 1.2756229639053345, 1.3229330778121948, 1.4621050357818604, 1.2949401140213013, 1.4210668802261353, 1.3414430618286133, 1.407204270362854, 1.2501399517059326, 1.29398512840271, 1.339780569076538, 1.3883190155029297, 1.4128495454788208, 1.3064230680465698, 1.3971927165985107, 1.2777341604232788, 1.2470091581344604, 1.3861194849014282, 1.2970809936523438, 1.3778605461120605]",sae,Pre-64
1,beta,41,0.095,0.4543678569363413,0.4427951465832617,0.450660895109722,0.5,0.6190905384235713,0.6749071868495032,30,"[0, 1, 2, 3, 4, 5, 6, 7, 8, 9, 10, 11, 12, 13, 14, 15, 16, 17, 18, 19, 20, 21, 22, 23, 24, 25, 26, 27, 28, 29]","[1.310139536857605, 1.3694971799850464, 1.279273509979248, 1.251233458518982, 1.249342679977417, 1.4166321754455566, 1.2931536436080933, 1.3409956693649292, 1.315372109413147, 1.384232521057129, 1.3786702156066895, 1.3396449089050293, 1.3459562063217163, 1.3920979499816895, 1.396593689918518, 1.3263390064239502, 1.2898590564727783, 1.3453203439712524, 1.3453028202056885, 1.3505070209503174, 1.2626112699508667, 1.317200779914856, 1.331113338470459, 1.3399254083633423, 1.335471272468567, 1.3157978057861328, 1.370896816253662, 1.3791582584381104, 1.3328431844711304, 1.2847256660461426]",sae,Pre-64
1,beta,5,0.185,0.4445517550333296,0.4301735816232515,0.4289514132209066,0.5,0.6070910659257547,0.6831741497534113,30,"[0, 1, 2, 3, 4, 5, 6, 7, 8, 9, 10, 11, 12, 13, 14, 15, 16, 17, 18, 19, 20, 21, 22, 23, 24, 25, 26, 27, 28, 29]","[1.3441640138626099, 1.2452000379562378, 1.2476204633712769, 1.3634439706802368, 1.3622088432312012, 1.2940456867218018, 1.2940242290496826, 1.2756696939468384, 1.333773136138916, 1.26127028465271, 1.347354769706726, 1.3656525611877441, 1.2943363189697266, 1.2976911067962646, 1.3760613203048706, 1.3200663328170776, 1.3250644207000732, 1.352550983428955, 1.2347854375839233, 1.300989031791687, 1.3773139715194702, 1.3081953525543213, 1.369931697845459, 1.2584494352340698, 1.2997167110443115, 1.3761295080184937, 1.244911789894104, 1.2765531539916992, 1.355315089225769, 1.3013527393341064]",sae,Pre-64
1,beta,15,0.17,0.4529015220185267,0.4424399871594601,0.4313841528174362,0.5,0.6161071485640408,0.710440302735368,30,"[0, 1, 2, 3, 4, 5, 6, 7, 8, 9, 10, 11, 12, 13, 14, 15, 16, 17, 18, 19, 20, 21, 22, 23, 24, 25, 26, 27, 28, 29]","[1.2301464080810547, 1.1849006414413452, 1.219143271446228, 1.241450548171997, 1.2629719972610474, 1.2151458263397217, 1.205051064491272, 1.2271243333816528, 1.2612205743789673, 1.2785285711288452, 1.249754786491394, 1.1829335689544678, 1.310105562210083, 1.2768471240997314, 1.1984472274780273, 1.2442923784255981, 1.2041987180709839, 1.2920799255371094, 1.1800421476364136, 1.2536910772323608, 1.3101344108581543, 1.2840077877044678, 1.2270638942718506, 1.2570856809616089, 1.1926980018615723, 1.109206199645996, 1.2687820196151733, 1.317139744758606, 1.2300441265106201, 1.2436237335205078]",sae,Pre-64
1,beta,15,0.135,0.4529015220185267,0.4424399871594601,0.4338062040814386,0.5,0.6161071485640408,0.711134676564157,30,"[0, 1, 2, 3, 4, 5, 6, 7, 8, 9, 10, 11, 12, 13, 14, 15, 16, 17, 18, 19, 20, 21, 22, 23, 24, 25, 26, 27, 28, 29]","[1.3902853727340698, 1.360816240310669, 1.4019206762313843, 1.4018383026123047, 1.476552128791809, 1.3726218938827515, 1.3672986030578613, 1.3915530443191528, 1.4499554634094238, 1.4476829767227173, 1.4358488321304321, 1.3505173921585083, 1.5092709064483643, 1.4527692794799805, 1.3435206413269043, 1.4189531803131104, 1.356635332107544, 1.5024065971374512, 1.341424584388733, 1.4084515571594238, 1.495376706123352, 1.462536334991455, 1.3836877346038818, 1.4218007326126099, 1.3912934064865112, 1.2735745906829834, 1.4649641513824463, 1.5095804929733276, 1.4068604707717896, 1.4030743837356567]",sae,Pre-64
1,beta,18,0.096,0.4575117633693479,0.4471831599677374,0.4223047822340493,0.5,0.6052065040104606,0.7306438250197204,30,"[0, 1, 2, 3, 4, 5, 6, 7, 8, 9, 10, 11, 12, 13, 14, 15, 16, 17, 18, 19, 20, 21, 22, 23, 24, 25, 26, 27, 28, 29]","[1.253470778465271, 1.4034132957458496, 1.4321540594100952, 1.3559423685073853, 1.3622153997421265, 1.3721699714660645, 1.539229393005371, 1.3356120586395264, 1.4182602167129517, 1.311710000038147, 1.5046378374099731, 1.4050835371017456, 1.4316538572311401, 1.445802092552185, 1.36597740650177, 1.3150933980941772, 1.4371355772018433, 1.3616684675216675, 1.3434255123138428, 1.2746130228042603, 1.5227848291397095, 1.3420093059539795, 1.45523202419281, 1.4180303812026978, 1.4048340320587158, 1.3850799798965454, 1.416171908378601, 1.4517788887023926, 1.4263408184051514, 1.3702312707901]",sae,Pre-64
1,beta,16,0.195,0.4519396108125126,0.4401978349795346,0.4284860633800419,0.5,0.6159012314439947,0.7162377096587623,30,"[0, 1, 2, 3, 4, 5, 6, 7, 8, 9, 10, 11, 12, 13, 14, 15, 16, 17, 18, 19, 20, 21, 22, 23, 24, 25, 26, 27, 28, 29]","[1.1816471815109253, 1.1549842357635498, 1.1471014022827148, 1.2204599380493164, 1.2079763412475586, 1.165093183517456, 1.2193666696548462, 1.2029751539230347, 1.1668572425842285, 1.2151447534561157, 1.2106595039367676, 1.1998450756072998, 1.1620762348175049, 1.1870501041412354, 1.0927213430404663, 1.1478941440582275, 1.2300323247909546, 1.0668305158615112, 1.1719709634780884, 1.198050856590271, 1.2465687990188599, 1.222180962562561, 1.220468521118164, 1.217310905456543, 1.1057286262512207, 1.1924697160720825, 1.1101590394973755, 1.1703157424926758, 1.1249808073043823, 1.152991533279419]",sae,Pre-64
1,beta,3,0.1,0.4557259332451328,0.444824285747971,0.4644207351979116,0.5,0.6042731979176,0.652253090791364,30,"[0, 1, 2, 3, 4, 5, 6, 7, 8, 9, 10, 11, 12, 13, 14, 15, 16, 17, 18, 19, 20, 21, 22, 23, 24, 25, 26, 27, 28, 29]","[1.3984568119049072, 1.4253767728805542, 1.4100199937820435, 1.3680051565170288, 1.403428077697754, 1.4400771856307983, 1.3960039615631104, 1.4436172246932983, 1.1989402770996094, 1.468545913696289, 1.3603405952453613, 1.4666064977645874, 1.4021642208099365, 1.3781399726867676, 1.4774539470672607, 1.39702308177948, 1.4027689695358276, 1.4282106161117554, 1.3621604442596436, 1.365035057067871, 1.3104863166809082, 1.3764872550964355, 1.3732216358184814, 1.4880982637405396, 1.4588589668273926, 1.3879066705703735, 1.3909976482391357, 1.3845316171646118, 1.4534319639205933, 1.390619158744812]",sae,Pre-64
1,beta,23,0.09,0.4478205607315014,0.4344954522622479,0.4345798105637778,0.5,0.6150139710231751,0.674950946353389,30,"[0, 1, 2, 3, 4, 5, 6, 7, 8, 9, 10, 11, 12, 13, 14, 15, 16, 17, 18, 19, 20, 21, 22, 23, 24, 25, 26, 27, 28, 29]","[1.3913687467575073, 1.450736403465271, 1.4298138618469238, 1.5420488119125366, 1.321210503578186, 1.3873026371002197, 1.5233514308929443, 1.4145878553390503, 1.389899492263794, 1.5244295597076416, 1.529539704322815, 1.4842610359191895, 1.4734891653060913, 1.3684983253479004, 1.4619941711425781, 1.5213403701782227, 1.2138657569885254, 1.4271312952041626, 1.3722481727600098, 1.4042434692382812, 1.5192369222640991, 1.5415258407592773, 1.3922797441482544, 1.5344674587249756, 1.5272953510284424, 1.4347928762435913, 1.3905826807022095, 1.4320223331451416, 1.4343782663345337, 1.5428993701934814]",sae,Pre-64
1,beta,24,0.098,0.4501416387440968,0.4383559369047743,0.4491580756303012,0.5,0.6188330126613704,0.6423954195630586,30,"[0, 1, 2, 3, 4, 5, 6, 7, 8, 9, 10, 11, 12, 13, 14, 15, 16, 17, 18, 19, 20, 21, 22, 23, 24, 25, 26, 27, 28, 29]","[1.4714308977127075, 1.3852683305740356, 1.4058998823165894, 1.4838402271270752, 1.4881609678268433, 1.400962471961975, 1.4101420640945435, 1.4086953401565552, 1.4487777948379517, 1.3297728300094604, 1.4387818574905396, 1.3874181509017944, 1.4796679019927979, 1.467041015625, 1.406638503074646, 1.3787099123001099, 1.4883191585540771, 1.276584267616272, 1.3816543817520142, 1.4914840459823608, 1.4642068147659302, 1.4840348958969116, 1.388654112815857, 1.4468047618865967, 1.3686617612838745, 1.330890417098999, 1.4394696950912476, 1.3670967817306519, 1.4911428689956665, 1.3981401920318604]",sae,Pre-64
1,beta,42,0.11,0.4546678683050885,0.4407690563496341,0.4505099109656022,0.5,0.6336081445133979,0.6604307980949633,30,"[0, 1, 2, 3, 4, 5, 6, 7, 8, 9, 10, 11, 12, 13, 14, 15, 16, 17, 18, 19, 20, 21, 22, 23, 24, 25, 26, 27, 28, 29]","[1.3833898305892944, 1.2533189058303833, 1.3885172605514526, 1.3784589767456055, 1.296883463859558, 1.36807382106781, 1.291890025138855, 1.2643494606018066, 1.2689000368118286, 1.3767186403274536, 1.3543641567230225, 1.39521062374115, 1.2712007761001587, 1.0952929258346558, 1.3991299867630005, 1.3082414865493774, 1.2473162412643433, 1.2336807250976562, 1.35467529296875, 1.3411799669265747, 1.2847416400909424, 1.271087884902954, 1.288572072982788, 1.2554943561553955, 1.289369821548462, 1.2614431381225586, 1.3905829191207886, 1.271782398223877, 1.3281080722808838, 1.254432201385498]",sae,Pre-64
1,beta,37,0.13,0.4546908257221888,0.444978337644671,0.4288711422307826,0.5,0.6058579085235571,0.7180834369454739,30,"[0, 1, 2, 3, 4, 5, 6, 7, 8, 9, 10, 11, 12, 13, 14, 15, 16, 17, 18, 19, 20, 21, 22, 23, 24, 25, 26, 27, 28, 29]","[1.3002984523773193, 1.3682860136032104, 1.3430455923080444, 1.3278462886810303, 1.2641587257385254, 1.371518850326538, 1.3153398036956787, 1.4064306020736694, 1.4531744718551636, 1.372193455696106, 1.3431212902069092, 1.3476351499557495, 1.3820830583572388, 1.348237156867981, 1.4072812795639038, 1.3543347120285034, 1.3390662670135498, 1.39805006980896, 1.3549245595932007, 1.3573696613311768, 1.3714182376861572, 1.377559781074524, 1.4141786098480225, 1.3921172618865967, 1.3594332933425903, 1.4015958309173584, 1.3532835245132446, 1.3781001567840576, 1.3917564153671265, 1.4067431688308716]",sae,Pre-64
1,beta,5,0.088,0.4445517550333296,0.4301735816232515,0.4290010865082131,0.5,0.6070910659257547,0.6831819630835777,30,"[0, 1, 2, 3, 4, 5, 6, 7, 8, 9, 10, 11, 12, 13, 14, 15, 16, 17, 18, 19, 20, 21, 22, 23, 24, 25, 26, 27, 28, 29]","[1.3841782808303833, 1.279741883277893, 1.281388282775879, 1.3996398448944092, 1.3990182876586914, 1.3318626880645752, 1.3285928964614868, 1.3098647594451904, 1.3700816631317139, 1.2913645505905151, 1.3801864385604858, 1.401189923286438, 1.3303954601287842, 1.334678292274475, 1.4111042022705078, 1.3586007356643677, 1.3641390800476074, 1.3909677267074585, 1.2705689668655396, 1.337480068206787, 1.4136098623275757, 1.3412296772003174, 1.4097959995269775, 1.2920005321502686, 1.3371388912200928, 1.4139330387115479, 1.2825688123703003, 1.3150821924209595, 1.3905558586120605, 1.3387953042984009]",sae,Pre-64
1,beta,44,0.195,0.4469012312759677,0.43811650775401,0.4513547617490701,0.5,0.5982762074796864,0.6191953474395008,30,"[0, 1, 2, 3, 4, 5, 6, 7, 8, 9, 10, 11, 12, 13, 14, 15, 16, 17, 18, 19, 20, 21, 22, 23, 24, 25, 26, 27, 28, 29]","[1.2328553199768066, 1.2432650327682495, 1.1659786701202393, 1.2068979740142822, 1.2343679666519165, 1.280558705329895, 1.2432564496994019, 1.186105728149414, 1.2501494884490967, 1.2800973653793335, 1.2281321287155151, 1.1968262195587158, 1.234690546989441, 1.2085994482040405, 1.295788049697876, 1.2916831970214844, 1.1771498918533325, 1.0729707479476929, 1.241995096206665, 1.2252833843231201, 1.2023677825927734, 1.1831666231155396, 1.2204128503799438, 1.2380675077438354, 1.2853065729141235, 1.177289605140686, 1.2010583877563477, 1.2346776723861694, 1.215809941291809, 1.2455826997756958]",sae,Pre-64
1,beta,13,0.095,0.4619123366083722,0.4531466051409948,0.4392131234822683,0.5,0.6127276801885291,0.7109146954233516,30,"[0, 1, 2, 3, 4, 5, 6, 7, 8, 9, 10, 11, 12, 13, 14, 15, 16, 17, 18, 19, 20, 21, 22, 23, 24, 25, 26, 27, 28, 29]","[1.479178786277771, 1.2990641593933105, 1.4674749374389648, 1.3988032341003418, 1.373626708984375, 1.4751434326171875, 1.4075511693954468, 1.4049824476242065, 1.4403254985809326, 1.407463550567627, 1.477088451385498, 1.3888499736785889, 1.4297096729278564, 1.4486002922058105, 1.4459818601608276, 1.359963297843933, 1.360151767730713, 1.4354336261749268, 1.410009741783142, 1.4165544509887695, 1.3862096071243286, 1.3309036493301392, 1.3707938194274902, 1.366744875907898, 1.3936094045639038, 1.3357937335968018, 1.403798222541809, 1.3535720109939575, 1.4141565561294556, 1.4033842086791992]",sae,Pre-64
1,beta,46,0.185,0.4545712902572906,0.4417269056853911,0.4477238535805499,0.5,0.6270377926330811,0.6861909833155839,30,"[0, 1, 2, 3, 4, 5, 6, 7, 8, 9, 10, 11, 12, 13, 14, 15, 16, 17, 18, 19, 20, 21, 22, 23, 24, 25, 26, 27, 28, 29]","[1.2610374689102173, 1.3459060192108154, 1.3517777919769287, 1.351156234741211, 1.2781997919082642, 1.3875802755355835, 1.2831052541732788, 1.3760182857513428, 1.3334004878997803, 1.4153062105178833, 1.1574746370315552, 1.270389437675476, 1.4043792486190796, 1.262030839920044, 1.3253417015075684, 1.3873673677444458, 1.3389266729354858, 1.3558461666107178, 1.3808772563934326, 1.3903440237045288, 1.307453989982605, 1.318281650543213, 1.3532373905181885, 1.3406754732131958, 1.3624407052993774, 1.3636388778686523, 1.3329553604125977, 1.3883113861083984, 1.3212131261825562, 1.3362572193145752]",sae,Pre-64
1,beta,34,0.115,0.4568527557813058,0.4470225010708758,0.4459738421584779,0.5,0.6011606799053854,0.6769841430684915,30,"[0, 1, 2, 3, 4, 5, 6, 7, 8, 9, 10, 11, 12, 13, 14, 15, 16, 17, 18, 19, 20, 21, 22, 23, 24, 25, 26, 27, 28, 29]","[1.3141157627105713, 1.3974117040634155, 1.4004788398742676, 1.349985122680664, 1.3098708391189575, 1.315055251121521, 1.3518104553222656, 1.2657428979873657, 1.2863751649856567, 1.3195194005966187, 1.3724983930587769, 1.178253412246704, 1.3801385164260864, 1.2672754526138306, 1.2807410955429077, 1.3094407320022583, 1.393673300743103, 1.4157253503799438, 1.3305085897445679, 1.3068616390228271, 1.3324108123779297, 1.414954662322998, 1.34700608253479, 1.3638923168182373, 1.3110560178756714, 1.2550911903381348, 1.4289191961288452, 1.4104342460632324, 1.4014058113098145, 1.38089120388031]",sae,Pre-64
1,beta,35,0.094,0.4566193215888805,0.4379483378046387,0.4310839243395092,0.5,0.637290178651746,0.7134705455504979,30,"[0, 1, 2, 3, 4, 5, 6, 7, 8, 9, 10, 11, 12, 13, 14, 15, 16, 17, 18, 19, 20, 21, 22, 23, 24, 25, 26, 27, 28, 29]","[1.3096216917037964, 1.3611327409744263, 1.4242384433746338, 1.3676846027374268, 1.3615742921829224, 1.3407973051071167, 1.2823258638381958, 1.4455631971359253, 1.456275224685669, 1.3690738677978516, 1.4171020984649658, 1.2975490093231201, 1.3590692281723022, 1.2534054517745972, 1.3505527973175049, 1.3059601783752441, 1.4303053617477417, 1.2887063026428223, 1.3902558088302612, 1.2945319414138794, 1.3102799654006958, 1.3020970821380615, 1.328705906867981, 1.2859572172164917, 1.3293778896331787, 1.3614598512649536, 1.3288581371307373, 1.3940129280090332, 1.4235962629318237, 1.3818477392196655]",sae,Pre-64
1,beta,30,0.1,0.4638407167611665,0.4544841508273655,0.4397799145736483,0.5,0.6043368975359404,0.6949128529380395,30,"[0, 1, 2, 3, 4, 5, 6, 7, 8, 9, 10, 11, 12, 13, 14, 15, 16, 17, 18, 19, 20, 21, 22, 23, 24, 25, 26, 27, 28, 29]","[1.5253174304962158, 1.4941397905349731, 1.5054103136062622, 1.4458688497543335, 1.4587507247924805, 1.4371435642242432, 1.447934865951538, 1.4242966175079346, 1.4170204401016235, 1.4354047775268555, 1.4998282194137573, 1.4300063848495483, 1.4057146310806274, 1.4277796745300293, 1.4947525262832642, 1.4987562894821167, 1.4168951511383057, 1.4386053085327148, 1.5204858779907227, 1.4450767040252686, 1.4218122959136963, 1.3870725631713867, 1.4860330820083618, 1.440926432609558, 1.5567265748977661, 1.4335238933563232, 1.4588977098464966, 1.4288443326950073, 1.4960585832595825, 1.4513630867004395]",sae,Pre-64
1,beta,43,0.135,0.4515364523902173,0.4432102910589974,0.437102750535391,0.5,0.6060785767234989,0.6985218680504076,30,"[0, 1, 2, 3, 4, 5, 6, 7, 8, 9, 10, 11, 12, 13, 14, 15, 16, 17, 18, 19, 20, 21, 22, 23, 24, 25, 26, 27, 28, 29]","[1.327274203300476, 1.415114402770996, 1.346152663230896, 1.2825828790664673, 1.3213331699371338, 1.2556054592132568, 1.2990065813064575, 1.2782959938049316, 1.378692388534546, 1.2777458429336548, 1.2398500442504883, 1.38535475730896, 1.3297832012176514, 1.2795798778533936, 1.2764804363250732, 1.1870161294937134, 1.3658726215362549, 1.292557954788208, 1.363922119140625, 1.3496001958847046, 1.2761890888214111, 1.2769999504089355, 1.3727473020553589, 1.3487956523895264, 1.245811104774475, 1.3615608215332031, 1.3895753622055054, 1.2854869365692139, 1.3618197441101074, 1.3978652954101562]",sae,Pre-64
1,beta,28,0.17,0.4589844236982603,0.4495627040154577,0.4363597930098649,0.5,0.5987249917034086,0.6954499122931779,30,"[0, 1, 2, 3, 4, 5, 6, 7, 8, 9, 10, 11, 12, 13, 14, 15, 16, 17, 18, 19, 20, 21, 22, 23, 24, 25, 26, 27, 28, 29]","[1.1352343559265137, 1.0775038003921509, 1.0399432182312012, 1.2336927652359009, 1.179149866104126, 1.2072476148605347, 1.1323752403259277, 1.10542631149292, 1.2175010442733765, 1.2215855121612549, 1.176476240158081, 1.2057819366455078, 1.218854308128357, 1.2209949493408203, 1.1551659107208252, 1.1379764080047607, 1.1653257608413696, 1.2166705131530762, 1.183241605758667, 1.1995640993118286, 1.135400652885437, 1.153017282485962, 1.1304819583892822, 1.08482027053833, 1.1267801523208618, 1.205606460571289, 1.2566165924072266, 1.1601134538650513, 1.1428003311157227, 1.122060775756836]",sae,Pre-64
1,beta,40,0.18,0.44666181227492,0.4340193094910912,0.4315844365482896,0.5,0.6093636266731638,0.6691087118731822,30,"[0, 1, 2, 3, 4, 5, 6, 7, 8, 9, 10, 11, 12, 13, 14, 15, 16, 17, 18, 19, 20, 21, 22, 23, 24, 25, 26, 27, 28, 29]","[1.3540112972259521, 1.297605037689209, 1.2967053651809692, 1.2369179725646973, 1.2697765827178955, 1.300388216972351, 1.302464246749878, 1.3129531145095825, 1.3278532028198242, 1.3327478170394897, 1.2756201028823853, 1.2827763557434082, 1.3494956493377686, 1.2375527620315552, 1.2556687593460083, 1.3669610023498535, 1.2652924060821533, 1.3028932809829712, 1.255114197731018, 1.25136137008667, 1.2617007493972778, 1.2714250087738037, 1.3264714479446411, 1.2906301021575928, 1.3400413990020752, 1.2697604894638062, 1.3337754011154175, 1.2339940071105957, 1.3753060102462769, 1.2630804777145386]",sae,Pre-64
1,beta,21,0.175,0.4504746503440228,0.4381370334360364,0.4349769318701341,0.5,0.6200058082774133,0.6869276684091498,30,"[0, 1, 2, 3, 4, 5, 6, 7, 8, 9, 10, 11, 12, 13, 14, 15, 16, 17, 18, 19, 20, 21, 22, 23, 24, 25, 26, 27, 28, 29]","[1.1804618835449219, 1.2130059003829956, 1.3118085861206055, 1.3022512197494507, 1.2421855926513672, 1.2580815553665161, 1.212221384048462, 1.2140226364135742, 1.2774909734725952, 1.2382081747055054, 1.3011337518692017, 1.2548575401306152, 1.1992061138153076, 1.2129348516464233, 1.2157204151153564, 1.2089588642120361, 1.2285168170928955, 1.2313218116760254, 1.1714121103286743, 1.3057159185409546, 1.1832829713821411, 1.3058878183364868, 1.179656982421875, 1.1756820678710938, 1.2411433458328247, 1.1755222082138062, 1.1187944412231445, 1.2166224718093872, 1.283035159111023, 1.2479139566421509]",sae,Pre-64
1,beta,40,0.086,0.44666181227492,0.4340193094910912,0.4316345490593291,0.5,0.6093636266731638,0.6690782561025751,30,"[0, 1, 2, 3, 4, 5, 6, 7, 8, 9, 10, 11, 12, 13, 14, 15, 16, 17, 18, 19, 20, 21, 22, 23, 24, 25, 26, 27, 28, 29]","[1.3764420747756958, 1.320379376411438, 1.316301941871643, 1.2586332559585571, 1.2918109893798828, 1.3213104009628296, 1.3211230039596558, 1.3343744277954102, 1.3480340242385864, 1.3552976846694946, 1.2944602966308594, 1.3032246828079224, 1.3702017068862915, 1.2565356492996216, 1.2756507396697998, 1.3863213062286377, 1.289737582206726, 1.3238599300384521, 1.274392008781433, 1.2729456424713135, 1.2777305841445923, 1.2908389568328857, 1.3484570980072021, 1.3119248151779175, 1.3603655099868774, 1.2900689840316772, 1.3537689447402954, 1.2535744905471802, 1.3962684869766235, 1.2783690690994263]",sae,Pre-64
1,beta,27,0.086,0.4609757262074365,0.4537266978541116,0.4611416219268106,0.5,0.5914172664146189,0.6603668490780636,30,"[0, 1, 2, 3, 4, 5, 6, 7, 8, 9, 10, 11, 12, 13, 14, 15, 16, 17, 18, 19, 20, 21, 22, 23, 24, 25, 26, 27, 28, 29]","[1.527469515800476, 1.6005520820617676, 1.5288702249526978, 1.5130380392074585, 1.5815335512161255, 1.4896692037582397, 1.5915663242340088, 1.4565966129302979, 1.561699628829956, 1.5707311630249023, 1.476401925086975, 1.6034584045410156, 1.5161324739456177, 1.4760255813598633, 1.5152510404586792, 1.4285107851028442, 1.5199588537216187, 1.564711570739746, 1.5081653594970703, 1.5290199518203735, 1.59524405002594, 1.5306329727172852, 1.4835357666015625, 1.438854694366455, 1.501489520072937, 1.6088262796401978, 1.4925627708435059, 1.5435385704040527, 1.4336735010147095, 1.5411605834960938]",sae,Pre-64
1,beta,0,0.095,0.4600628296558519,0.4487196928272481,0.432437454673521,0.5,0.6146148452673732,0.7223618950279016,30,"[0, 1, 2, 3, 4, 5, 6, 7, 8, 9, 10, 11, 12, 13, 14, 15, 16, 17, 18, 19, 20, 21, 22, 23, 24, 25, 26, 27, 28, 29]","[1.3872212171554565, 1.4308158159255981, 1.4079742431640625, 1.46151602268219, 1.3812919855117798, 1.4050328731536865, 1.4525212049484253, 1.483159065246582, 1.4662718772888184, 1.4110395908355713, 1.4023826122283936, 1.4175673723220825, 1.4787743091583252, 1.4621340036392212, 1.47893226146698, 1.4277472496032715, 1.4389641284942627, 1.3621958494186401, 1.3121740818023682, 1.4622628688812256, 1.3830995559692383, 1.3701649904251099, 1.4620249271392822, 1.405198574066162, 1.3801798820495605, 1.3435195684432983, 1.4676605463027954, 1.3526701927185059, 1.4607150554656982, 1.3448721170425415]",sae,Pre-64
1,beta,25,0.12,0.4465066892532915,0.4352791138475453,0.4389146854653352,0.5,0.6270054355300688,0.6628371792648581,30,"[0, 1, 2, 3, 4, 5, 6, 7, 8, 9, 10, 11, 12, 13, 14, 15, 16, 17, 18, 19, 20, 21, 22, 23, 24, 25, 26, 27, 28, 29]","[1.3746814727783203, 1.3854122161865234, 1.2839887142181396, 1.4082576036453247, 1.404278039932251, 1.3943032026290894, 1.2809622287750244, 1.3047356605529785, 1.3519055843353271, 1.2564316987991333, 1.4058880805969238, 1.3241215944290161, 1.3874977827072144, 1.312792420387268, 1.2959121465682983, 1.3224785327911377, 1.1912686824798584, 1.2323360443115234, 1.2754675149917603, 1.3012871742248535, 1.417806625366211, 1.2163012027740479, 1.368886947631836, 1.318123698234558, 1.3516522645950317, 1.3033069372177124, 1.432346224784851, 1.3834136724472046, 1.4034737348556519, 1.2580701112747192]",sae,Pre-64
1,beta,11,0.09,0.4566976193509867,0.4496008864727478,0.4367820775720917,0.5,0.5995106990682213,0.7107169195111673,30,"[0, 1, 2, 3, 4, 5, 6, 7, 8, 9, 10, 11, 12, 13, 14, 15, 16, 17, 18, 19, 20, 21, 22, 23, 24, 25, 26, 27, 28, 29]","[1.4582886695861816, 1.2646431922912598, 1.4150186777114868, 1.3370232582092285, 1.4923566579818726, 1.3585985898971558, 1.366071343421936, 1.2457740306854248, 1.477266788482666, 1.4788494110107422, 1.4944188594818115, 1.5080612897872925, 1.51002836227417, 1.40426504611969, 1.3749098777770996, 1.3793625831604004, 1.4314305782318115, 1.35919189453125, 1.3883906602859497, 1.4493391513824463, 1.4182114601135254, 1.4340283870697021, 1.4918859004974365, 1.409514307975769, 1.3993369340896606, 1.4652565717697144, 1.494228482246399, 1.3507187366485596, 1.3921440839767456, 1.3727158308029175]",sae,Pre-64
1,beta,1,0.17,0.4560357198099471,0.4497423189216591,0.44525599539467,0.5,0.5964054457666336,0.6820275239646787,30,"[0, 1, 2, 3, 4, 5, 6, 7, 8, 9, 10, 11, 12, 13, 14, 15, 16, 17, 18, 19, 20, 21, 22, 23, 24, 25, 26, 27, 28, 29]","[1.4066295623779297, 1.3073339462280273, 1.3602588176727295, 1.2472666501998901, 1.3429653644561768, 1.2700453996658325, 1.2779731750488281, 1.3448734283447266, 1.2512091398239136, 1.3071775436401367, 1.3058667182922363, 1.3487229347229004, 1.3995417356491089, 1.2765185832977295, 1.3969167470932007, 1.228543996810913, 1.2517969608306885, 1.306093454360962, 1.3770157098770142, 1.4074660539627075, 1.3961442708969116, 1.3568412065505981, 1.3312819004058838, 1.3017126321792603, 1.2690201997756958, 1.2928045988082886, 1.3212544918060303, 1.3264381885528564, 1.408768653869629, 1.3311470746994019]",sae,Pre-64
1,beta,4,0.125,0.4589558369307028,0.4477177462853796,0.4573102735095313,0.5,0.61034827708266,0.6590886005817442,30,"[0, 1, 2, 3, 4, 5, 6, 7, 8, 9, 10, 11, 12, 13, 14, 15, 16, 17, 18, 19, 20, 21, 22, 23, 24, 25, 26, 27, 28, 29]","[1.3378725051879883, 1.3223042488098145, 1.254195213317871, 1.3882114887237549, 1.2288539409637451, 1.2691909074783325, 1.305904507637024, 1.2546641826629639, 1.344276785850525, 1.3651719093322754, 1.3425394296646118, 1.275917410850525, 1.3880912065505981, 1.2864834070205688, 1.2510385513305664, 1.3350133895874023, 1.3368769884109497, 1.3110302686691284, 1.2709375619888306, 1.3646668195724487, 1.3239063024520874, 1.3827978372573853, 1.327303171157837, 1.2388582229614258, 1.323650598526001, 1.2607834339141846, 1.2826168537139893, 1.3006606101989746, 1.3675336837768555, 1.2451531887054443]",sae,Pre-64
1,beta,18,0.185,0.4575117633693479,0.4471831599677374,0.4182839141236465,0.5,0.6052065040104606,0.7279783219994782,30,"[0, 1, 2, 3, 4, 5, 6, 7, 8, 9, 10, 11, 12, 13, 14, 15, 16, 17, 18, 19, 20, 21, 22, 23, 24, 25, 26, 27, 28, 29]","[1.08156156539917, 1.1808451414108276, 1.2274887561798096, 1.1775970458984375, 1.1839946508407593, 1.1783868074417114, 1.302558422088623, 1.1474957466125488, 1.2003755569458008, 1.1137614250183105, 1.279771089553833, 1.1947054862976074, 1.217077374458313, 1.243087649345398, 1.1674503087997437, 1.1044795513153076, 1.2428091764450073, 1.1572407484054565, 1.1403177976608276, 1.0754040479660034, 1.2844663858413696, 1.1361045837402344, 1.2445805072784424, 1.2017990350723267, 1.1962649822235107, 1.1700507402420044, 1.2117968797683716, 1.2385376691818237, 1.2291908264160156, 1.181313395500183]",sae,Pre-64
1,beta,32,0.125,0.4555596844830426,0.4475674839123162,0.4707838756894469,0.5,0.5924839124839124,0.6331090273947417,30,"[0, 1, 2, 3, 4, 5, 6, 7, 8, 9, 10, 11, 12, 13, 14, 15, 16, 17, 18, 19, 20, 21, 22, 23, 24, 25, 26, 27, 28, 29]","[1.4870243072509766, 1.408604621887207, 1.487891674041748, 1.4224423170089722, 1.431730031967163, 1.4963103532791138, 1.4275556802749634, 1.4078668355941772, 1.3844834566116333, 1.3934783935546875, 1.4089003801345825, 1.3835792541503906, 1.4271334409713745, 1.3467366695404053, 1.3355627059936523, 1.3405159711837769, 1.3675581216812134, 1.4311751127243042, 1.3776518106460571, 1.4076411724090576, 1.4922348260879517, 1.408409833908081, 1.3309801816940308, 1.4938478469848633, 1.4226596355438232, 1.3534489870071411, 1.4695311784744263, 1.2895259857177734, 1.4981461763381958, 1.490979790687561]",sae,Pre-64
1,beta,40,0.12,0.44666181227492,0.4340193094910912,0.4316163897723005,0.5,0.6093636266731638,0.6691071890846517,30,"[0, 1, 2, 3, 4, 5, 6, 7, 8, 9, 10, 11, 12, 13, 14, 15, 16, 17, 18, 19, 20, 21, 22, 23, 24, 25, 26, 27, 28, 29]","[1.355678677558899, 1.299270749092102, 1.29837965965271, 1.2385900020599365, 1.2714425325393677, 1.3020597696304321, 1.304141640663147, 1.3146237134933472, 1.3295252323150635, 1.334418773651123, 1.2772871255874634, 1.2844434976577759, 1.3511619567871094, 1.2392228841781616, 1.2573350667953491, 1.368630051612854, 1.2669551372528076, 1.3045629262924194, 1.2567875385284424, 1.2530277967453003, 1.2633781433105469, 1.2730995416641235, 1.3281400203704834, 1.2922991514205933, 1.3417081832885742, 1.2714298963546753, 1.3354476690292358, 1.2356637716293335, 1.3769716024398804, 1.2647608518600464]",sae,Pre-64
1,beta,33,0.088,0.4492211383258522,0.4377959816952598,0.4270804471019199,0.5,0.6165210074526608,0.6947887941396915,30,"[0, 1, 2, 3, 4, 5, 6, 7, 8, 9, 10, 11, 12, 13, 14, 15, 16, 17, 18, 19, 20, 21, 22, 23, 24, 25, 26, 27, 28, 29]","[1.333929181098938, 1.409855842590332, 1.3666536808013916, 1.342118263244629, 1.2990003824234009, 1.431861400604248, 1.2909456491470337, 1.4032827615737915, 1.4091006517410278, 1.4074686765670776, 1.3527452945709229, 1.4101645946502686, 1.3523229360580444, 1.3105865716934204, 1.3072571754455566, 1.4003044366836548, 1.3235034942626953, 1.3308926820755005, 1.4116095304489136, 1.4081039428710938, 1.3380637168884277, 1.2908071279525757, 1.427474856376648, 1.3820292949676514, 1.4259957075119019, 1.3114503622055054, 1.3303738832473755, 1.313258171081543, 1.2786346673965454, 1.3353533744812012]",sae,Pre-64
1,beta,36,0.105,0.4642138821845151,0.4576483090311837,0.4580790092261166,0.5,0.6031055233182893,0.6748508663402281,30,"[0, 1, 2, 3, 4, 5, 6, 7, 8, 9, 10, 11, 12, 13, 14, 15, 16, 17, 18, 19, 20, 21, 22, 23, 24, 25, 26, 27, 28, 29]","[1.3587429523468018, 1.3309550285339355, 1.2983876466751099, 1.3491348028182983, 1.2355892658233643, 1.37224280834198, 1.3109843730926514, 1.3456178903579712, 1.3827637434005737, 1.2439690828323364, 1.284989833831787, 1.3857215642929077, 1.2894822359085083, 1.310091495513916, 1.3361291885375977, 1.389356017112732, 1.3505793809890747, 1.3257266283035278, 1.379961371421814, 1.2845591306686401, 1.3343839645385742, 1.3063056468963623, 1.3235974311828613, 1.2992347478866577, 1.3741357326507568, 1.3440520763397217, 1.312006950378418, 1.3236198425292969, 1.370322346687317, 1.2800852060317993]",sae,Pre-64
1,beta,10,0.13,0.4493907433353129,0.4390813823454372,0.4433373601211911,0.5,0.6232207829487961,0.6760314327747676,30,"[0, 1, 2, 3, 4, 5, 6, 7, 8, 9, 10, 11, 12, 13, 14, 15, 16, 17, 18, 19, 20, 21, 22, 23, 24, 25, 26, 27, 28, 29]","[1.3948934078216553, 1.3061763048171997, 1.4697580337524414, 1.3929389715194702, 1.3857457637786865, 1.3969467878341675, 1.4850491285324097, 1.4115039110183716, 1.294887661933899, 1.4417399168014526, 1.4020096063613892, 1.422168254852295, 1.41846764087677, 1.3962074518203735, 1.464635968208313, 1.417951226234436, 1.4277639389038086, 1.3386648893356323, 1.3918453454971313, 1.3531076908111572, 1.3733168840408325, 1.4022014141082764, 1.4607878923416138, 1.4654048681259155, 1.397754192352295, 1.3389532566070557, 1.3976980447769165, 1.4066417217254639, 1.397649884223938, 1.4498355388641357]",sae,Pre-64
1,beta,45,0.16,0.4515599815008028,0.4347157609968581,0.4383165369091327,0.5,0.6289673345145609,0.6746020928929474,30,"[0, 1, 2, 3, 4, 5, 6, 7, 8, 9, 10, 11, 12, 13, 14, 15, 16, 17, 18, 19, 20, 21, 22, 23, 24, 25, 26, 27, 28, 29]","[1.2667911052703857, 1.2543416023254395, 1.1693207025527954, 1.3038623332977295, 1.3015973567962646, 1.1290448904037476, 1.320841670036316, 1.2543485164642334, 1.2086622714996338, 1.1548668146133423, 1.2344862222671509, 1.3155099153518677, 1.2629413604736328, 1.1639209985733032, 1.210444450378418, 1.2376254796981812, 1.2191665172576904, 1.1073836088180542, 1.2455037832260132, 1.2538938522338867, 1.270256519317627, 1.185675024986267, 1.2650519609451294, 1.1175520420074463, 1.1055771112442017, 1.2950903177261353, 1.2016901969909668, 1.2160998582839966, 1.1144578456878662, 1.3061943054199219]",sae,Pre-64
1,beta,12,0.18,0.4455148672091349,0.4361346773072694,0.4082161203168435,0.5,0.5892778403611032,0.7318275941048066,30,"[0, 1, 2, 3, 4, 5, 6, 7, 8, 9, 10, 11, 12, 13, 14, 15, 16, 17, 18, 19, 20, 21, 22, 23, 24, 25, 26, 27, 28, 29]","[1.2120944261550903, 1.2982182502746582, 1.2247867584228516, 1.126600742340088, 1.2813218832015991, 1.2268840074539185, 1.2331796884536743, 1.2927662134170532, 1.316856861114502, 1.2030577659606934, 1.2045427560806274, 1.3532319068908691, 1.2132586240768433, 1.2922030687332153, 1.1917028427124023, 1.353756070137024, 1.1643927097320557, 1.3180476427078247, 1.2608591318130493, 1.3326951265335083, 1.3260167837142944, 1.257569670677185, 1.2374738454818726, 1.3515799045562744, 1.3271514177322388, 1.1922329664230347, 1.330129623413086, 1.2961708307266235, 1.2487589120864868, 1.360329508781433]",sae,Pre-64
1,beta,38,0.09,0.4455661720406026,0.4298851252298221,0.4370774203731762,0.5,0.6303640517897944,0.6627189642041127,30,"[0, 1, 2, 3, 4, 5, 6, 7, 8, 9, 10, 11, 12, 13, 14, 15, 16, 17, 18, 19, 20, 21, 22, 23, 24, 25, 26, 27, 28, 29]","[1.3136845827102661, 1.293352484703064, 1.3256219625473022, 1.3558995723724365, 1.3223687410354614, 1.2116693258285522, 1.3707232475280762, 1.3281558752059937, 1.1829346418380737, 1.3409042358398438, 1.3213351964950562, 1.335588812828064, 1.3498175144195557, 1.3158345222473145, 1.3621832132339478, 1.2990161180496216, 1.3054903745651245, 1.3795791864395142, 1.2693449258804321, 1.3342454433441162, 1.3128999471664429, 1.3225857019424438, 1.372344732284546, 1.276589274406433, 1.3166314363479614, 1.3703020811080933, 1.268062710762024, 1.375266671180725, 1.3013272285461426, 1.3843780755996704]",sae,Pre-64
1,beta,1,0.11,0.4560357198099471,0.4497423189216591,0.4463013828839094,0.5,0.5964054457666336,0.682017932190584,30,"[0, 1, 2, 3, 4, 5, 6, 7, 8, 9, 10, 11, 12, 13, 14, 15, 16, 17, 18, 19, 20, 21, 22, 23, 24, 25, 26, 27, 28, 29]","[1.4089542627334595, 1.309680461883545, 1.3625866174697876, 1.2496180534362793, 1.3452918529510498, 1.27239191532135, 1.2803080081939697, 1.3472073078155518, 1.2535607814788818, 1.309509038925171, 1.3082060813903809, 1.3510547876358032, 1.4018750190734863, 1.2788571119308472, 1.3992455005645752, 1.2308706045150757, 1.2541245222091675, 1.3084321022033691, 1.3793498277664185, 1.4097999334335327, 1.3984771966934204, 1.3591728210449219, 1.3336241245269775, 1.3040608167648315, 1.2713606357574463, 1.2951451539993286, 1.323578119277954, 1.3287643194198608, 1.4110978841781616, 1.3334752321243286]",sae,Pre-64
1,beta,11,0.098,0.4566976193509867,0.4496008864727478,0.4367699492439743,0.5,0.5995106990682213,0.7107227723931264,30,"[0, 1, 2, 3, 4, 5, 6, 7, 8, 9, 10, 11, 12, 13, 14, 15, 16, 17, 18, 19, 20, 21, 22, 23, 24, 25, 26, 27, 28, 29]","[1.4568122625350952, 1.263171911239624, 1.4135441780090332, 1.3355402946472168, 1.49088454246521, 1.3571372032165527, 1.364588737487793, 1.2442835569381714, 1.4757922887802124, 1.4773705005645752, 1.492945909500122, 1.5065926313400269, 1.508557677268982, 1.4027960300445557, 1.3734240531921387, 1.3779113292694092, 1.429956316947937, 1.357725739479065, 1.386913537979126, 1.447858214378357, 1.4167399406433105, 1.4325456619262695, 1.4904167652130127, 1.408033847808838, 1.3978639841079712, 1.4637774229049683, 1.4927645921707153, 1.3492405414581299, 1.3906574249267578, 1.3712419271469116]",sae,Pre-64
1,beta,33,0.096,0.4492211383258522,0.4377959816952598,0.4270766788832632,0.5,0.6165210074526608,0.694791622473944,30,"[0, 1, 2, 3, 4, 5, 6, 7, 8, 9, 10, 11, 12, 13, 14, 15, 16, 17, 18, 19, 20, 21, 22, 23, 24, 25, 26, 27, 28, 29]","[1.333428144454956, 1.409354329109192, 1.3661508560180664, 1.3416184186935425, 1.2984998226165771, 1.4313613176345825, 1.2904404401779175, 1.4027817249298096, 1.4085991382598877, 1.4069674015045166, 1.35224449634552, 1.4096641540527344, 1.3518242835998535, 1.3100873231887817, 1.3067595958709717, 1.3998043537139893, 1.3230031728744507, 1.330389142036438, 1.411109447479248, 1.4076042175292969, 1.337561845779419, 1.290302038192749, 1.4269760847091675, 1.3815265893936157, 1.4254939556121826, 1.3109511137008667, 1.3298697471618652, 1.3127573728561401, 1.278131365776062, 1.3348525762557983]",sae,Pre-64
1,beta,39,0.098,0.4461088087810431,0.4292341094433316,0.435587688637861,0.5,0.6205127278095635,0.6673400399504686,30,"[0, 1, 2, 3, 4, 5, 6, 7, 8, 9, 10, 11, 12, 13, 14, 15, 16, 17, 18, 19, 20, 21, 22, 23, 24, 25, 26, 27, 28, 29]","[1.367449402809143, 1.441635251045227, 1.3909133672714233, 1.3725632429122925, 1.3158886432647705, 1.38131582736969, 1.3566994667053223, 1.3949761390686035, 1.3254554271697998, 1.4194427728652954, 1.3610947132110596, 1.299472689628601, 1.3926175832748413, 1.312785267829895, 1.3904768228530884, 1.4531328678131104, 1.4055756330490112, 1.4110264778137207, 1.3313117027282715, 1.2803966999053955, 1.3221322298049927, 1.4050626754760742, 1.3264364004135132, 1.3288302421569824, 1.4091485738754272, 1.379206895828247, 1.249833106994629, 1.3409616947174072, 1.4597142934799194, 1.3384517431259155]",sae,Pre-64
1,beta,14,0.11,0.4467366851483266,0.4421697276018216,0.4298144066410396,0.5,0.5934222168898753,0.6989306978209032,30,"[0, 1, 2, 3, 4, 5, 6, 7, 8, 9, 10, 11, 12, 13, 14, 15, 16, 17, 18, 19, 20, 21, 22, 23, 24, 25, 26, 27, 28, 29]","[1.3552422523498535, 1.2435383796691895, 1.3150464296340942, 1.3389619588851929, 1.3692666292190552, 1.3289587497711182, 1.3202506303787231, 1.4062639474868774, 1.3288590908050537, 1.3846265077590942, 1.2869735956192017, 1.2335249185562134, 1.2597013711929321, 1.380420207977295, 1.3838207721710205, 1.3321900367736816, 1.404477596282959, 1.395734429359436, 1.3223179578781128, 1.3184586763381958, 1.3538734912872314, 1.3366968631744385, 1.3924202919006348, 1.283510446548462, 1.3961502313613892, 1.3927913904190063, 1.329599380493164, 1.3994206190109253, 1.3845447301864624, 1.2760391235351562]",sae,Pre-64
1,beta,20,0.115,0.4408022875601419,0.4262939306313442,0.435849345601737,0.5,0.6176087118064704,0.6504561606171764,30,"[0, 1, 2, 3, 4, 5, 6, 7, 8, 9, 10, 11, 12, 13, 14, 15, 16, 17, 18, 19, 20, 21, 22, 23, 24, 25, 26, 27, 28, 29]","[1.4288134574890137, 1.499542474746704, 1.4368720054626465, 1.5436129570007324, 1.4912786483764648, 1.5095410346984863, 1.5061800479888916, 1.4269940853118896, 1.4730371236801147, 1.4317591190338135, 1.4449986219406128, 1.437707543373108, 1.55571711063385, 1.387705683708191, 1.4435150623321533, 1.5425713062286377, 1.4338974952697754, 1.40534245967865, 1.4740906953811646, 1.473402976989746, 1.4675406217575073, 1.374664545059204, 1.4930903911590576, 1.5477087497711182, 1.5123772621154785, 1.3994334936141968, 1.4433156251907349, 1.4855012893676758, 1.3979138135910034, 1.5465145111083984]",sae,Pre-64
1,beta,12,0.086,0.4455148672091349,0.4361346773072694,0.4119877206305771,0.5,0.5892778403611032,0.7320207973998576,30,"[0, 1, 2, 3, 4, 5, 6, 7, 8, 9, 10, 11, 12, 13, 14, 15, 16, 17, 18, 19, 20, 21, 22, 23, 24, 25, 26, 27, 28, 29]","[1.3718630075454712, 1.4795167446136475, 1.3886533975601196, 1.288415551185608, 1.4767287969589233, 1.412545084953308, 1.406195044517517, 1.4583467245101929, 1.4936715364456177, 1.3646413087844849, 1.3664629459381104, 1.5348055362701416, 1.392945408821106, 1.4653912782669067, 1.3506178855895996, 1.538502812385559, 1.323089599609375, 1.5169223546981812, 1.4384475946426392, 1.5310499668121338, 1.494834542274475, 1.441335916519165, 1.392901062965393, 1.5371853113174438, 1.5147026777267456, 1.3834553956985474, 1.5152122974395752, 1.4603080749511719, 1.4138084650039673, 1.5457038879394531]",sae,Pre-64
1,beta,27,0.095,0.4609757262074365,0.4537266978541116,0.4566123542486117,0.5,0.5914172664146189,0.6601096668871741,30,"[0, 1, 2, 3, 4, 5, 6, 7, 8, 9, 10, 11, 12, 13, 14, 15, 16, 17, 18, 19, 20, 21, 22, 23, 24, 25, 26, 27, 28, 29]","[1.4064816236495972, 1.4593952894210815, 1.412459373474121, 1.3895237445831299, 1.4449729919433594, 1.354705810546875, 1.4564101696014404, 1.3205375671386719, 1.4023491144180298, 1.4112308025360107, 1.3437526226043701, 1.4551482200622559, 1.389769196510315, 1.3468540906906128, 1.3935562372207642, 1.3091667890548706, 1.3732213973999023, 1.4234802722930908, 1.374795913696289, 1.3802741765975952, 1.4540259838104248, 1.4235888719558716, 1.3520334959030151, 1.2982083559036255, 1.3840479850769043, 1.4618995189666748, 1.366137981414795, 1.4253740310668945, 1.3120828866958618, 1.3996940851211548]",sae,Pre-64
1,beta,45,0.1,0.4515599815008028,0.4347157609968581,0.4471444378051868,0.5,0.6289673345145609,0.6764541971438522,30,"[0, 1, 2, 3, 4, 5, 6, 7, 8, 9, 10, 11, 12, 13, 14, 15, 16, 17, 18, 19, 20, 21, 22, 23, 24, 25, 26, 27, 28, 29]","[1.5401134490966797, 1.5319639444351196, 1.4252549409866333, 1.6051758527755737, 1.6011680364608765, 1.4573800563812256, 1.6127182245254517, 1.5887962579727173, 1.467818021774292, 1.4281197786331177, 1.5375690460205078, 1.616684913635254, 1.571126103401184, 1.4857228994369507, 1.4955203533172607, 1.5137083530426025, 1.5273267030715942, 1.4015918970108032, 1.5269726514816284, 1.519323468208313, 1.5703331232070923, 1.468435525894165, 1.5802562236785889, 1.447938323020935, 1.4273446798324585, 1.6063562631607056, 1.4597676992416382, 1.4750498533248901, 1.4024837017059326, 1.6071361303329468]",sae,Pre-64
1,beta,21,0.094,0.4504746503440228,0.4381370334360364,0.4402459854720609,0.5,0.6200058082774133,0.6872319850714913,30,"[0, 1, 2, 3, 4, 5, 6, 7, 8, 9, 10, 11, 12, 13, 14, 15, 16, 17, 18, 19, 20, 21, 22, 23, 24, 25, 26, 27, 28, 29]","[1.4373581409454346, 1.488063931465149, 1.612791895866394, 1.6075031757354736, 1.5884068012237549, 1.569115400314331, 1.482598900794983, 1.4913681745529175, 1.5972901582717896, 1.5092957019805908, 1.5872383117675781, 1.595810055732727, 1.474716305732727, 1.501745581626892, 1.4977424144744873, 1.4914863109588623, 1.4923757314682007, 1.5039006471633911, 1.4344959259033203, 1.6043612957000732, 1.4293524026870728, 1.6123288869857788, 1.424271821975708, 1.4423513412475586, 1.4978657960891724, 1.4559625387191772, 1.4235191345214844, 1.4781105518341064, 1.565600037574768, 1.5505671501159668]",sae,Pre-64
1,beta,33,0.15,0.4492211383258522,0.4377959816952598,0.4270511553047613,0.5,0.6165210074526608,0.6947916224739439,30,"[0, 1, 2, 3, 4, 5, 6, 7, 8, 9, 10, 11, 12, 13, 14, 15, 16, 17, 18, 19, 20, 21, 22, 23, 24, 25, 26, 27, 28, 29]","[1.3300436735153198, 1.4059674739837646, 1.362756609916687, 1.3382458686828613, 1.295122504234314, 1.4279841184616089, 1.2870341539382935, 1.3994042873382568, 1.4052133560180664, 1.403583288192749, 1.348862648010254, 1.406286358833313, 1.3484607934951782, 1.3067126274108887, 1.3034014701843262, 1.396425485610962, 1.3196245431900024, 1.3269908428192139, 1.4077332019805908, 1.4042303562164307, 1.3341741561889648, 1.2868939638137817, 1.4236104488372803, 1.3781324625015259, 1.4221097230911255, 1.307582974433899, 1.326472282409668, 1.3093758821487427, 1.2747308015823364, 1.331473469734192]",sae,Pre-64
1,beta,27,0.18,0.4609757262074365,0.4537266978541116,0.4543084770420211,0.5,0.5914172664146189,0.658690351266863,30,"[0, 1, 2, 3, 4, 5, 6, 7, 8, 9, 10, 11, 12, 13, 14, 15, 16, 17, 18, 19, 20, 21, 22, 23, 24, 25, 26, 27, 28, 29]","[1.304973840713501, 1.345746636390686, 1.3073875904083252, 1.2900134325027466, 1.3328551054000854, 1.2537765502929688, 1.3436545133590698, 1.2273591756820679, 1.2909005880355835, 1.2828642129898071, 1.2430546283721924, 1.3458704948425293, 1.283650517463684, 1.2500938177108765, 1.2880375385284424, 1.2150335311889648, 1.2592192888259888, 1.3145540952682495, 1.2792189121246338, 1.2683089971542358, 1.3484987020492554, 1.325474500656128, 1.2485753297805786, 1.201469898223877, 1.280820369720459, 1.3482500314712524, 1.2639782428741455, 1.3142366409301758, 1.219555139541626, 1.2923381328582764]",sae,Pre-64
1,beta,18,0.125,0.4575117633693479,0.4471831599677374,0.4222695307237813,0.5,0.6052065040104606,0.7306072067755959,30,"[0, 1, 2, 3, 4, 5, 6, 7, 8, 9, 10, 11, 12, 13, 14, 15, 16, 17, 18, 19, 20, 21, 22, 23, 24, 25, 26, 27, 28, 29]","[1.2497726678848267, 1.3997613191604614, 1.4284864664077759, 1.352249026298523, 1.3585236072540283, 1.3684931993484497, 1.535593032836914, 1.331949234008789, 1.4146203994750977, 1.3080555200576782, 1.500985026359558, 1.4014215469360352, 1.42799973487854, 1.4421329498291016, 1.3623019456863403, 1.3114641904830933, 1.4334484338760376, 1.3580279350280762, 1.3397831916809082, 1.2709717750549316, 1.519140601158142, 1.3383454084396362, 1.4515742063522339, 1.4143669605255127, 1.4011634588241577, 1.381432294845581, 1.412506341934204, 1.4481263160705566, 1.4226629734039307, 1.3665597438812256]",sae,Pre-64
1,beta,11,0.19,0.4566976193509867,0.4496008864727478,0.4327245195943158,0.5,0.5995106990682213,0.7104886571147633,30,"[0, 1, 2, 3, 4, 5, 6, 7, 8, 9, 10, 11, 12, 13, 14, 15, 16, 17, 18, 19, 20, 21, 22, 23, 24, 25, 26, 27, 28, 29]","[1.2978464365005493, 1.1091554164886475, 1.258707046508789, 1.1932933330535889, 1.3315776586532593, 1.1933656930923462, 1.2173463106155396, 1.1178569793701172, 1.3148189783096313, 1.3250048160552979, 1.3356740474700928, 1.3452694416046143, 1.3485827445983887, 1.2577637434005737, 1.2346863746643066, 1.1973435878753662, 1.274064302444458, 1.2198364734649658, 1.25387442111969, 1.2986632585525513, 1.2800157070159912, 1.2916455268859863, 1.3295150995254517, 1.259098768234253, 1.2599687576293945, 1.3098907470703125, 1.320825219154358, 1.2055306434631348, 1.2518889904022217, 1.2332967519760132]",sae,Pre-64
1,beta,8,0.14,0.4517491928182039,0.4406431065890545,0.4376372905303043,0.5,0.6098144493254953,0.6769635618938478,30,"[0, 1, 2, 3, 4, 5, 6, 7, 8, 9, 10, 11, 12, 13, 14, 15, 16, 17, 18, 19, 20, 21, 22, 23, 24, 25, 26, 27, 28, 29]","[1.2369543313980103, 1.3394418954849243, 1.279350996017456, 1.3080230951309204, 1.3601601123809814, 1.2932692766189575, 1.3407995700836182, 1.26743745803833, 1.3180480003356934, 1.3396905660629272, 1.3579405546188354, 1.292357087135315, 1.2919317483901978, 1.3198800086975098, 1.3333795070648193, 1.2610056400299072, 1.2847082614898682, 1.3062108755111694, 1.2315940856933594, 1.2733383178710938, 1.2586030960083008, 1.2406917810440063, 1.3399076461791992, 1.2742546796798706, 1.3337937593460083, 1.337242841720581, 1.2439446449279785, 1.3348485231399536, 1.3038026094436646, 1.2906485795974731]",sae,Pre-64
1,beta,16,0.092,0.4519396108125126,0.4401978349795346,0.4306524712003915,0.5,0.6159012314439947,0.7167618565644882,30,"[0, 1, 2, 3, 4, 5, 6, 7, 8, 9, 10, 11, 12, 13, 14, 15, 16, 17, 18, 19, 20, 21, 22, 23, 24, 25, 26, 27, 28, 29]","[1.2739148139953613, 1.2370470762252808, 1.2421196699142456, 1.3209724426269531, 1.313425898551941, 1.2560234069824219, 1.3192428350448608, 1.2955691814422607, 1.2665477991104126, 1.3212896585464478, 1.321720838546753, 1.3051929473876953, 1.2612038850784302, 1.2822201251983643, 1.2005722522735596, 1.2505964040756226, 1.3302409648895264, 1.1567575931549072, 1.2678896188735962, 1.3027215003967285, 1.3510777950286865, 1.3187313079833984, 1.3244065046310425, 1.3149760961532593, 1.2047072649002075, 1.2935289144515991, 1.2153534889221191, 1.2699047327041626, 1.2262455224990845, 1.2499771118164062]",sae,Pre-64
1,beta,28,0.11,0.4589844236982603,0.4495627040154577,0.4395508890548062,0.5,0.5987249917034086,0.6969862632152847,30,"[0, 1, 2, 3, 4, 5, 6, 7, 8, 9, 10, 11, 12, 13, 14, 15, 16, 17, 18, 19, 20, 21, 22, 23, 24, 25, 26, 27, 28, 29]","[1.3344796895980835, 1.2372053861618042, 1.2086743116378784, 1.4269154071807861, 1.3803660869598389, 1.378583550453186, 1.3187222480773926, 1.274878978729248, 1.376499056816101, 1.3996875286102295, 1.3437459468841553, 1.3678531646728516, 1.400480031967163, 1.4147496223449707, 1.3381479978561401, 1.306281328201294, 1.3371275663375854, 1.3897976875305176, 1.358469843864441, 1.3643220663070679, 1.3100576400756836, 1.319453239440918, 1.30863618850708, 1.2606041431427002, 1.2993794679641724, 1.3831762075424194, 1.431061029434204, 1.3213565349578857, 1.3001165390014648, 1.3037317991256714]",sae,Pre-64
1,beta,0,0.145,0.4600628296558519,0.4487196928272481,0.4296173038364927,0.5,0.6146148452673732,0.7222098012286137,30,"[0, 1, 2, 3, 4, 5, 6, 7, 8, 9, 10, 11, 12, 13, 14, 15, 16, 17, 18, 19, 20, 21, 22, 23, 24, 25, 26, 27, 28, 29]","[1.2525889873504639, 1.2949928045272827, 1.2684217691421509, 1.3130102157592773, 1.2386865615844727, 1.2695492506027222, 1.300513744354248, 1.3349645137786865, 1.315063714981079, 1.2850435972213745, 1.2692720890045166, 1.2752848863601685, 1.3214383125305176, 1.3083373308181763, 1.3251351118087769, 1.2694076299667358, 1.2901623249053955, 1.230434775352478, 1.1565359830856323, 1.3090012073516846, 1.2400819063186646, 1.2367956638336182, 1.3179175853729248, 1.261042833328247, 1.251956820487976, 1.1971795558929443, 1.321095585823059, 1.22123122215271, 1.3033621311187744, 1.2126855850219727]",sae,Pre-64
1,beta,27,0.145,0.4609757262074365,0.4537266978541116,0.4543084770420211,0.5,0.5914172664146189,0.6586972277960311,30,"[0, 1, 2, 3, 4, 5, 6, 7, 8, 9, 10, 11, 12, 13, 14, 15, 16, 17, 18, 19, 20, 21, 22, 23, 24, 25, 26, 27, 28, 29]","[1.3054227828979492, 1.3461928367614746, 1.3078361749649048, 1.2904618978500366, 1.333301067352295, 1.254224181175232, 1.3441026210784912, 1.227808952331543, 1.2913470268249512, 1.2833105325698853, 1.2435039281845093, 1.3463172912597656, 1.2840973138809204, 1.2505433559417725, 1.2884854078292847, 1.2154827117919922, 1.2596666812896729, 1.315000057220459, 1.2796671390533447, 1.2687562704086304, 1.3489453792572021, 1.3259221315383911, 1.2490235567092896, 1.2019174098968506, 1.2812678813934326, 1.3486961126327515, 1.2644270658493042, 1.3146847486495972, 1.2200040817260742, 1.29278564453125]",sae,Pre-64
1,beta,9,0.105,0.448644851968101,0.4348910401892977,0.4452190803113729,0.5,0.6286670530281078,0.6725977977397856,30,"[0, 1, 2, 3, 4, 5, 6, 7, 8, 9, 10, 11, 12, 13, 14, 15, 16, 17, 18, 19, 20, 21, 22, 23, 24, 25, 26, 27, 28, 29]","[1.4401326179504395, 1.3632868528366089, 1.4498368501663208, 1.4215906858444214, 1.356070876121521, 1.2039258480072021, 1.424554467201233, 1.358621597290039, 1.435341477394104, 1.3023582696914673, 1.4068057537078857, 1.3616479635238647, 1.3665282726287842, 1.4058252573013306, 1.4624789953231812, 1.371360421180725, 1.3420512676239014, 1.4350897073745728, 1.454793095588684, 1.3311673402786255, 1.4329777956008911, 1.4471347332000732, 1.3349182605743408, 1.4332908391952515, 1.444170594215393, 1.433656096458435, 1.2908952236175537, 1.2511965036392212, 1.3485159873962402, 1.4607772827148438]",sae,Pre-64
1,beta,12,0.12,0.4455148672091349,0.4361346773072694,0.4119177458640492,0.5,0.5892778403611032,0.7320379364018379,30,"[0, 1, 2, 3, 4, 5, 6, 7, 8, 9, 10, 11, 12, 13, 14, 15, 16, 17, 18, 19, 20, 21, 22, 23, 24, 25, 26, 27, 28, 29]","[1.3670282363891602, 1.474676251411438, 1.3838157653808594, 1.283581256866455, 1.471903920173645, 1.4077199697494507, 1.4013326168060303, 1.4534707069396973, 1.4887975454330444, 1.3597880601882935, 1.3616317510604858, 1.5299668312072754, 1.3880836963653564, 1.4605445861816406, 1.3457704782485962, 1.5336699485778809, 1.3182334899902344, 1.5121171474456787, 1.4335933923721313, 1.5262354612350464, 1.4899559020996094, 1.4364912509918213, 1.3880314826965332, 1.5323394536972046, 1.5098674297332764, 1.3786132335662842, 1.5103676319122314, 1.4554296731948853, 1.408933162689209, 1.5408527851104736]",sae,Pre-64
1,beta,11,0.155,0.4566976193509867,0.4496008864727478,0.4327245195943158,0.5,0.5995106990682213,0.7104871938942735,30,"[0, 1, 2, 3, 4, 5, 6, 7, 8, 9, 10, 11, 12, 13, 14, 15, 16, 17, 18, 19, 20, 21, 22, 23, 24, 25, 26, 27, 28, 29]","[1.298497200012207, 1.1098064184188843, 1.2593579292297363, 1.1939427852630615, 1.332226276397705, 1.1940116882324219, 1.217998743057251, 1.1185097694396973, 1.3154679536819458, 1.3256551027297974, 1.3363230228424072, 1.3459174633026123, 1.3492308855056763, 1.2584123611450195, 1.2353386878967285, 1.1979902982711792, 1.2747145891189575, 1.2204831838607788, 1.2545242309570312, 1.2993136644363403, 1.2806637287139893, 1.2922959327697754, 1.3301637172698975, 1.2597509622573853, 1.2606171369552612, 1.3105412721633911, 1.3214728832244873, 1.2061827182769775, 1.2525405883789062, 1.2339463233947754]",sae,Pre-64
1,beta,49,0.115,0.462130925118617,0.4524487678230295,0.4490324712228691,0.5,0.6141152509743157,0.6833973094802084,30,"[0, 1, 2, 3, 4, 5, 6, 7, 8, 9, 10, 11, 12, 13, 14, 15, 16, 17, 18, 19, 20, 21, 22, 23, 24, 25, 26, 27, 28, 29]","[1.3322839736938477, 1.3834770917892456, 1.3810056447982788, 1.3658957481384277, 1.3125605583190918, 1.344468116760254, 1.4221551418304443, 1.3263849020004272, 1.4513680934906006, 1.3998597860336304, 1.3512476682662964, 1.3316243886947632, 1.3985240459442139, 1.3885747194290161, 1.4298521280288696, 1.3759225606918335, 1.4680827856063843, 1.4537570476531982, 1.3172720670700073, 1.4007154703140259, 1.4435607194900513, 1.354374885559082, 1.4500516653060913, 1.3840142488479614, 1.3464528322219849, 1.3901302814483643, 1.3861953020095825, 1.3467730283737183, 1.2809315919876099, 1.3472586870193481]",sae,Pre-64
1,beta,2,0.135,0.4419681213812466,0.4306250660512843,0.4236255988091192,0.5,0.6028191218064636,0.6887519126443177,30,"[0, 1, 2, 3, 4, 5, 6, 7, 8, 9, 10, 11, 12, 13, 14, 15, 16, 17, 18, 19, 20, 21, 22, 23, 24, 25, 26, 27, 28, 29]","[1.2994407415390015, 1.313047170639038, 1.294805884361267, 1.3569138050079346, 1.2992125749588013, 1.3766471147537231, 1.3174282312393188, 1.3275742530822754, 1.266660213470459, 1.2783137559890747, 1.3166099786758423, 1.2724217176437378, 1.3329217433929443, 1.3832935094833374, 1.3547383546829224, 1.3110312223434448, 1.3622286319732666, 1.4140657186508179, 1.4070936441421509, 1.3854628801345825, 1.3144015073776245, 1.307326078414917, 1.3713613748550415, 1.37473726272583, 1.302148461341858, 1.3039487600326538, 1.3529362678527832, 1.3331260681152344, 1.1547929048538208, 1.409401774406433]",sae,Pre-64
1,beta,6,0.096,0.4540822999211705,0.4457917896713532,0.448371685661358,0.5,0.5933447799067053,0.6641727318310973,30,"[0, 1, 2, 3, 4, 5, 6, 7, 8, 9, 10, 11, 12, 13, 14, 15, 16, 17, 18, 19, 20, 21, 22, 23, 24, 25, 26, 27, 28, 29]","[1.4731824398040771, 1.5085526704788208, 1.4229556322097778, 1.5193811655044556, 1.4042607545852661, 1.415465235710144, 1.410186767578125, 1.4927234649658203, 1.40223228931427, 1.5011272430419922, 1.4278600215911865, 1.3675295114517212, 1.4190107583999634, 1.3877145051956177, 1.2203553915023804, 1.4973318576812744, 1.3836742639541626, 1.460587501525879, 1.445566177368164, 1.459104061126709, 1.4369555711746216, 1.3990280628204346, 1.5094932317733765, 1.4425541162490845, 1.3828529119491577, 1.4500110149383545, 1.400390863418579, 1.3847697973251343, 1.4468661546707153, 1.4722397327423096]",sae,Pre-64
1,beta,39,0.155,0.4461088087810431,0.4292341094433316,0.433207898676913,0.5,0.6205127278095635,0.6663970160675603,30,"[0, 1, 2, 3, 4, 5, 6, 7, 8, 9, 10, 11, 12, 13, 14, 15, 16, 17, 18, 19, 20, 21, 22, 23, 24, 25, 26, 27, 28, 29]","[1.2167785167694092, 1.2662302255630493, 1.2169066667556763, 1.1913503408432007, 1.165855884552002, 1.2374987602233887, 1.204807996749878, 1.2446614503860474, 1.1872018575668335, 1.2308955192565918, 1.2083208560943604, 1.126319408416748, 1.2334752082824707, 1.1612824201583862, 1.2300466299057007, 1.2844347953796387, 1.2191147804260254, 1.2492332458496094, 1.1748063564300537, 1.1100311279296875, 1.1900601387023926, 1.2503948211669922, 1.1461821794509888, 1.1576935052871704, 1.24775230884552, 1.2323826551437378, 1.0786824226379395, 1.1811872720718384, 1.2901740074157715, 1.1894164085388184]",sae,Pre-64
1,beta,48,0.15,0.4556814132376,0.4510566266980289,0.4850496239444339,0.5,0.5923878577171784,0.5888913740190028,30,"[0, 1, 2, 3, 4, 5, 6, 7, 8, 9, 10, 11, 12, 13, 14, 15, 16, 17, 18, 19, 20, 21, 22, 23, 24, 25, 26, 27, 28, 29]","[1.4210898876190186, 1.3678369522094727, 1.3558428287506104, 1.3419283628463745, 1.3219385147094727, 1.2854137420654297, 1.3619931936264038, 1.2768712043762207, 1.3241949081420898, 1.3193730115890503, 1.3760406970977783, 1.3318527936935425, 1.336187720298767, 1.3258885145187378, 1.2886818647384644, 1.369381308555603, 1.3611118793487549, 1.3637800216674805, 1.3964691162109375, 1.23599374294281, 1.3231436014175415, 1.3946418762207031, 1.3985602855682373, 1.231825351715088, 1.333919644355774, 1.3696786165237427, 1.4009250402450562, 1.3753397464752197, 1.3294639587402344, 1.3533653020858765]",sae,Pre-64
1,beta,39,0.19,0.4461088087810431,0.4292341094433316,0.4331899773380065,0.5,0.6205127278095635,0.6663970160675603,30,"[0, 1, 2, 3, 4, 5, 6, 7, 8, 9, 10, 11, 12, 13, 14, 15, 16, 17, 18, 19, 20, 21, 22, 23, 24, 25, 26, 27, 28, 29]","[1.2167654037475586, 1.2662171125411987, 1.2168935537338257, 1.1913371086120605, 1.165842890739441, 1.237485647201538, 1.204795002937317, 1.2446483373641968, 1.1871888637542725, 1.2308824062347412, 1.2083077430725098, 1.1263062953948975, 1.2334620952606201, 1.1612693071365356, 1.2300333976745605, 1.284421682357788, 1.2191016674041748, 1.2492201328277588, 1.1747933626174927, 1.110018014907837, 1.190047025680542, 1.2503817081451416, 1.1461690664291382, 1.1576803922653198, 1.2477391958236694, 1.2323694229125977, 1.0786693096160889, 1.1811741590499878, 1.290160894393921, 1.1894032955169678]",sae,Pre-64
1,beta,25,0.098,0.4465066892532915,0.4352791138475453,0.4389267375560319,0.5,0.6270054355300688,0.6628401691053799,30,"[0, 1, 2, 3, 4, 5, 6, 7, 8, 9, 10, 11, 12, 13, 14, 15, 16, 17, 18, 19, 20, 21, 22, 23, 24, 25, 26, 27, 28, 29]","[1.3756076097488403, 1.3863353729248047, 1.2849135398864746, 1.4091782569885254, 1.4051973819732666, 1.395224690437317, 1.2818809747695923, 1.305653691291809, 1.352832317352295, 1.2573503255844116, 1.4068100452423096, 1.3250417709350586, 1.388421654701233, 1.313714861869812, 1.2968388795852661, 1.3234025239944458, 1.192184567451477, 1.2332626581192017, 1.27639639377594, 1.3022178411483765, 1.4187312126159668, 1.217220664024353, 1.3698099851608276, 1.3190522193908691, 1.3525776863098145, 1.304229736328125, 1.4332687854766846, 1.3843379020690918, 1.4043993949890137, 1.2589941024780273]",sae,Pre-64
1,beta,14,0.145,0.4467366851483266,0.4421697276018216,0.4297919406541748,0.5,0.5934222168898753,0.6982948154591402,30,"[0, 1, 2, 3, 4, 5, 6, 7, 8, 9, 10, 11, 12, 13, 14, 15, 16, 17, 18, 19, 20, 21, 22, 23, 24, 25, 26, 27, 28, 29]","[1.3345059156417847, 1.224636197090149, 1.2924469709396362, 1.3176007270812988, 1.345160961151123, 1.3098788261413574, 1.3034931421279907, 1.3819862604141235, 1.3078858852386475, 1.3609107732772827, 1.2647545337677002, 1.2115392684936523, 1.2352486848831177, 1.358815312385559, 1.3625034093856812, 1.3122389316558838, 1.3822910785675049, 1.3729252815246582, 1.298570990562439, 1.2938950061798096, 1.335435390472412, 1.3146414756774902, 1.3706321716308594, 1.2651251554489136, 1.3749563694000244, 1.3700629472732544, 1.3052655458450317, 1.3754594326019287, 1.3610955476760864, 1.2506991624832153]",sae,Pre-64
1,beta,4,0.16,0.4589558369307028,0.4477177462853796,0.452905568890858,0.5,0.61034827708266,0.659251735229389,30,"[0, 1, 2, 3, 4, 5, 6, 7, 8, 9, 10, 11, 12, 13, 14, 15, 16, 17, 18, 19, 20, 21, 22, 23, 24, 25, 26, 27, 28, 29]","[1.2984864711761475, 1.2802512645721436, 1.2202739715576172, 1.3514622449874878, 1.1951347589492798, 1.233299970626831, 1.2654571533203125, 1.2167309522628784, 1.3108506202697754, 1.319596529006958, 1.3072434663772583, 1.2338694334030151, 1.3520454168319702, 1.2574055194854736, 1.2112982273101807, 1.298767328262329, 1.29844331741333, 1.2742502689361572, 1.2356394529342651, 1.326452612876892, 1.2872200012207031, 1.3434091806411743, 1.2952464818954468, 1.1996041536331177, 1.2909915447235107, 1.2248204946517944, 1.2520828247070312, 1.2673243284225464, 1.3310573101043701, 1.2118183374404907]",sae,Pre-64
1,beta,6,0.15,0.4540822999211705,0.4457917896713532,0.441152026805915,0.5,0.5933447799067053,0.6658319784844939,30,"[0, 1, 2, 3, 4, 5, 6, 7, 8, 9, 10, 11, 12, 13, 14, 15, 16, 17, 18, 19, 20, 21, 22, 23, 24, 25, 26, 27, 28, 29]","[1.2871077060699463, 1.3157345056533813, 1.2501498460769653, 1.3189820051193237, 1.2381916046142578, 1.2140862941741943, 1.2370473146438599, 1.291966199874878, 1.2306807041168213, 1.3090243339538574, 1.2434433698654175, 1.1823766231536865, 1.2442866563796997, 1.1995841264724731, 1.0761346817016602, 1.3067145347595215, 1.2017072439193726, 1.2763162851333618, 1.251718282699585, 1.2739630937576294, 1.2438496351242065, 1.222956657409668, 1.296207070350647, 1.2776165008544922, 1.215439796447754, 1.2522327899932861, 1.2069185972213745, 1.2198435068130493, 1.2773470878601074, 1.2892804145812988]",sae,Pre-64
1,beta,44,0.092,0.4469012312759677,0.43811650775401,0.4572438780623503,0.5,0.5982762074796864,0.6215404830507976,30,"[0, 1, 2, 3, 4, 5, 6, 7, 8, 9, 10, 11, 12, 13, 14, 15, 16, 17, 18, 19, 20, 21, 22, 23, 24, 25, 26, 27, 28, 29]","[1.3521595001220703, 1.355940818786621, 1.3000619411468506, 1.3294801712036133, 1.345548391342163, 1.4020204544067383, 1.3784135580062866, 1.2976486682891846, 1.3650892972946167, 1.4158883094787598, 1.344725251197815, 1.3210043907165527, 1.3503183126449585, 1.3170545101165771, 1.4191094636917114, 1.4181065559387207, 1.287071943283081, 1.1950852870941162, 1.3606908321380615, 1.3474586009979248, 1.3192788362503052, 1.2939598560333252, 1.3401103019714355, 1.3480509519577026, 1.4037646055221558, 1.3033146858215332, 1.3247013092041016, 1.3475617170333862, 1.3427942991256714, 1.3615942001342773]",sae,Pre-64
1,beta,2,0.195,0.4419681213812466,0.4306250660512843,0.4195405692658465,0.5,0.6028191218064636,0.6885838317800342,30,"[0, 1, 2, 3, 4, 5, 6, 7, 8, 9, 10, 11, 12, 13, 14, 15, 16, 17, 18, 19, 20, 21, 22, 23, 24, 25, 26, 27, 28, 29]","[1.1775685548782349, 1.1915136575698853, 1.1719993352890015, 1.2240424156188965, 1.1620534658432007, 1.2320928573608398, 1.202988862991333, 1.1968348026275635, 1.1483811140060425, 1.1551116704940796, 1.1784934997558594, 1.162459373474121, 1.1972389221191406, 1.2313717603683472, 1.2210019826889038, 1.1849019527435303, 1.2126531600952148, 1.2674487829208374, 1.2568904161453247, 1.2425891160964966, 1.1858302354812622, 1.1857295036315918, 1.2300292253494263, 1.2205392122268677, 1.1919530630111694, 1.1699997186660767, 1.2158132791519165, 1.2082773447036743, 1.0474916696548462, 1.2580205202102661]",sae,Pre-64
1,beta,19,0.096,0.4469965829377276,0.435497383761294,0.4137581480439804,0.5,0.6104665954706788,0.7133523887300939,30,"[0, 1, 2, 3, 4, 5, 6, 7, 8, 9, 10, 11, 12, 13, 14, 15, 16, 17, 18, 19, 20, 21, 22, 23, 24, 25, 26, 27, 28, 29]","[1.3311872482299805, 1.3445056676864624, 1.4206522703170776, 1.3643375635147095, 1.2830450534820557, 1.2973668575286865, 1.3358516693115234, 1.4071805477142334, 1.3123605251312256, 1.4267443418502808, 1.4196841716766357, 1.4469095468521118, 1.3341697454452515, 1.348319411277771, 1.2632274627685547, 1.2824342250823975, 1.4101496934890747, 1.4438227415084839, 1.2957971096038818, 1.3230925798416138, 1.4595673084259033, 1.3255579471588135, 1.332007646560669, 1.327115774154663, 1.3234061002731323, 1.4214692115783691, 1.4339896440505981, 1.3504400253295898, 1.3052663803100586, 1.3002430200576782]",sae,Pre-64
1,beta,17,0.195,0.4599327030141671,0.4513468217402507,0.439526174619726,0.5,0.6120635717004715,0.7004904827674721,30,"[0, 1, 2, 3, 4, 5, 6, 7, 8, 9, 10, 11, 12, 13, 14, 15, 16, 17, 18, 19, 20, 21, 22, 23, 24, 25, 26, 27, 28, 29]","[1.303983449935913, 1.2028952836990356, 1.221106767654419, 1.261916995048523, 1.298983097076416, 1.1946414709091187, 1.2676045894622803, 1.1578044891357422, 1.225631833076477, 1.2168618440628052, 1.2725942134857178, 1.288084864616394, 1.2387382984161377, 1.2938405275344849, 1.2267601490020752, 1.2365952730178833, 1.2983213663101196, 1.2356222867965698, 1.272278904914856, 1.2477424144744873, 1.175919771194458, 1.2501150369644165, 1.1149998903274536, 1.2319362163543701, 1.2092992067337036, 1.2187684774398804, 1.213564395904541, 1.239065170288086, 1.1952195167541504, 1.2782365083694458]",sae,Pre-64
1,beta,18,0.088,0.4575117633693479,0.4471831599677374,0.4241711331615101,0.5,0.6052065040104606,0.7328317651061701,30,"[0, 1, 2, 3, 4, 5, 6, 7, 8, 9, 10, 11, 12, 13, 14, 15, 16, 17, 18, 19, 20, 21, 22, 23, 24, 25, 26, 27, 28, 29]","[1.3636198043823242, 1.5343446731567383, 1.5540316104888916, 1.4505106210708618, 1.4683908224105835, 1.4832308292388916, 1.6628918647766113, 1.4393845796585083, 1.5484368801116943, 1.4244449138641357, 1.633741021156311, 1.521417260169983, 1.5510671138763428, 1.554428219795227, 1.4825258255004883, 1.4411150217056274, 1.5382859706878662, 1.4729098081588745, 1.4555480480194092, 1.3978633880615234, 1.6499719619750977, 1.4621219635009766, 1.5845063924789429, 1.5433069467544556, 1.5202152729034424, 1.4874370098114014, 1.531575322151184, 1.5829044580459595, 1.5373200178146362, 1.47779381275177]",sae,Pre-64
1,beta,38,0.13,0.4455661720406026,0.4298851252298221,0.4370504010518443,0.5,0.6303640517897944,0.6627311500380807,30,"[0, 1, 2, 3, 4, 5, 6, 7, 8, 9, 10, 11, 12, 13, 14, 15, 16, 17, 18, 19, 20, 21, 22, 23, 24, 25, 26, 27, 28, 29]","[1.3125745058059692, 1.2922389507293701, 1.3245134353637695, 1.354790210723877, 1.3212530612945557, 1.210551142692566, 1.3696130514144897, 1.3270454406738281, 1.1818242073059082, 1.3397891521453857, 1.3202259540557861, 1.3344799280166626, 1.3487080335617065, 1.3147228956222534, 1.3610749244689941, 1.2979028224945068, 1.3043744564056396, 1.378469705581665, 1.2682358026504517, 1.333131194114685, 1.3117848634719849, 1.3214689493179321, 1.371236801147461, 1.275479793548584, 1.3155146837234497, 1.369192361831665, 1.2669512033462524, 1.3741525411605835, 1.300213098526001, 1.3832651376724243]",sae,Pre-64
1,beta,45,0.195,0.4515599815008028,0.4347157609968581,0.4353474900477476,0.5,0.6289673345145609,0.6746020928929474,30,"[0, 1, 2, 3, 4, 5, 6, 7, 8, 9, 10, 11, 12, 13, 14, 15, 16, 17, 18, 19, 20, 21, 22, 23, 24, 25, 26, 27, 28, 29]","[1.2667778730392456, 1.2543286085128784, 1.1693077087402344, 1.303849220275879, 1.301584243774414, 1.129031777381897, 1.3208285570144653, 1.2543352842330933, 1.2086491584777832, 1.1548538208007812, 1.2344731092453003, 1.315496802330017, 1.2629282474517822, 1.1639080047607422, 1.210431456565857, 1.2376123666763306, 1.2191532850265503, 1.1073704957962036, 1.2454906702041626, 1.2538808584213257, 1.2702434062957764, 1.185662031173706, 1.2650388479232788, 1.1175388097763062, 1.105563998222351, 1.2950773239135742, 1.2016769647598267, 1.2160868644714355, 1.1144447326660156, 1.3061811923980713]",sae,Pre-64
1,beta,21,0.14,0.4504746503440228,0.4381370334360364,0.4377247880018247,0.5,0.6200058082774133,0.6889095886009466,30,"[0, 1, 2, 3, 4, 5, 6, 7, 8, 9, 10, 11, 12, 13, 14, 15, 16, 17, 18, 19, 20, 21, 22, 23, 24, 25, 26, 27, 28, 29]","[1.3328449726104736, 1.3782938718795776, 1.4882067441940308, 1.486147403717041, 1.4413387775421143, 1.440857172012329, 1.3705811500549316, 1.379127025604248, 1.4650635719299316, 1.408165693283081, 1.4746911525726318, 1.4576244354248047, 1.3721904754638672, 1.39022958278656, 1.3775393962860107, 1.3800971508026123, 1.3894765377044678, 1.3916972875595093, 1.3273296356201172, 1.4786361455917358, 1.3314388990402222, 1.4921503067016602, 1.325644612312317, 1.330834150314331, 1.3940911293029785, 1.3413162231445312, 1.2951921224594116, 1.3715097904205322, 1.4511076211929321, 1.4247705936431885]",sae,Pre-64
1,beta,17,0.1,0.4599327030141671,0.4513468217402507,0.4454846634927594,0.5,0.6120635717004715,0.6968195189681047,30,"[0, 1, 2, 3, 4, 5, 6, 7, 8, 9, 10, 11, 12, 13, 14, 15, 16, 17, 18, 19, 20, 21, 22, 23, 24, 25, 26, 27, 28, 29]","[1.5229413509368896, 1.399253010749817, 1.433593988418579, 1.4572302103042603, 1.5383656024932861, 1.4208766222000122, 1.4838975667953491, 1.328065037727356, 1.4417580366134644, 1.4520604610443115, 1.5060995817184448, 1.5149096250534058, 1.4495900869369507, 1.5284568071365356, 1.4513665437698364, 1.4528049230575562, 1.522566318511963, 1.4519984722137451, 1.5053510665893555, 1.4728275537490845, 1.3943655490875244, 1.4708791971206665, 1.3112647533416748, 1.4394158124923706, 1.4490214586257935, 1.4433668851852417, 1.4158307313919067, 1.4502689838409424, 1.4160929918289185, 1.5062240362167358]",sae,Pre-64
1,beta,43,0.11,0.4515364523902173,0.4432102910589974,0.4386914582607217,0.5,0.6060785767234989,0.6985233506300963,30,"[0, 1, 2, 3, 4, 5, 6, 7, 8, 9, 10, 11, 12, 13, 14, 15, 16, 17, 18, 19, 20, 21, 22, 23, 24, 25, 26, 27, 28, 29]","[1.3281018733978271, 1.415941596031189, 1.3469783067703247, 1.2834107875823975, 1.3221603631973267, 1.2564380168914795, 1.2998384237289429, 1.279127836227417, 1.3795208930969238, 1.278577208518982, 1.2406851053237915, 1.3861804008483887, 1.330610752105713, 1.2804100513458252, 1.2773079872131348, 1.187848687171936, 1.366701364517212, 1.2933893203735352, 1.3647526502609253, 1.3504225015640259, 1.2770209312438965, 1.2778304815292358, 1.3735703229904175, 1.3496243953704834, 1.2466421127319336, 1.3623908758163452, 1.3904019594192505, 1.286318302154541, 1.362649917602539, 1.398691177368164]",sae,Pre-64
1,beta,30,0.135,0.4638407167611665,0.4544841508273655,0.4368581832465081,0.5,0.6043368975359404,0.6928306836614979,30,"[0, 1, 2, 3, 4, 5, 6, 7, 8, 9, 10, 11, 12, 13, 14, 15, 16, 17, 18, 19, 20, 21, 22, 23, 24, 25, 26, 27, 28, 29]","[1.3263750076293945, 1.2762713432312012, 1.3080469369888306, 1.2708966732025146, 1.2716169357299805, 1.2551934719085693, 1.2724241018295288, 1.2431806325912476, 1.2298613786697388, 1.2478777170181274, 1.329312801361084, 1.2338013648986816, 1.217643141746521, 1.2400100231170654, 1.297722578048706, 1.3122743368148804, 1.2550469636917114, 1.2588508129119873, 1.3340767621994019, 1.2579492330551147, 1.2348917722702026, 1.1892485618591309, 1.272016167640686, 1.2597750425338745, 1.3692694902420044, 1.256973147392273, 1.2952193021774292, 1.2538245916366577, 1.3048779964447021, 1.2798551321029663]",sae,Pre-64
1,beta,36,0.14,0.4642138821845151,0.4576483090311837,0.4574491106715779,0.5,0.6031055233182893,0.6748479620820046,30,"[0, 1, 2, 3, 4, 5, 6, 7, 8, 9, 10, 11, 12, 13, 14, 15, 16, 17, 18, 19, 20, 21, 22, 23, 24, 25, 26, 27, 28, 29]","[1.3570454120635986, 1.3292670249938965, 1.2966941595077515, 1.3474411964416504, 1.2338929176330566, 1.3705471754074097, 1.3092914819717407, 1.3439348936080933, 1.3810714483261108, 1.2422674894332886, 1.283292531967163, 1.3840267658233643, 1.2877777814865112, 1.308392882347107, 1.3344396352767944, 1.3876628875732422, 1.3488801717758179, 1.3240314722061157, 1.3782683610916138, 1.2828538417816162, 1.3326869010925293, 1.3046081066131592, 1.3219020366668701, 1.2975451946258545, 1.3724398612976074, 1.3423646688461304, 1.3103026151657104, 1.3219200372695923, 1.3686325550079346, 1.2783865928649902]",sae,Pre-64
1,beta,16,0.135,0.4519396108125126,0.4401978349795346,0.4306292530619371,0.5,0.6159012314439947,0.7167558318874108,30,"[0, 1, 2, 3, 4, 5, 6, 7, 8, 9, 10, 11, 12, 13, 14, 15, 16, 17, 18, 19, 20, 21, 22, 23, 24, 25, 26, 27, 28, 29]","[1.2722336053848267, 1.2353594303131104, 1.2404396533966064, 1.3192976713180542, 1.3117530345916748, 1.2543411254882812, 1.3175663948059082, 1.2938865423202515, 1.2648800611495972, 1.3196156024932861, 1.3200515508651733, 1.3035184144973755, 1.2595256567001343, 1.2805498838424683, 1.1989003419876099, 1.2489229440689087, 1.3285750150680542, 1.1550757884979248, 1.2662171125411987, 1.3010481595993042, 1.3494083881378174, 1.3170521259307861, 1.3227347135543823, 1.3132957220077515, 1.203036904335022, 1.2918509244918823, 1.2136832475662231, 1.2682403326034546, 1.2245798110961914, 1.2482978105545044]",sae,Pre-64
1,beta,23,0.165,0.4478205607315014,0.4344954522622479,0.4317269217414636,0.5,0.6150139710231751,0.6708375503584659,30,"[0, 1, 2, 3, 4, 5, 6, 7, 8, 9, 10, 11, 12, 13, 14, 15, 16, 17, 18, 19, 20, 21, 22, 23, 24, 25, 26, 27, 28, 29]","[1.2234094142913818, 1.2535041570663452, 1.215505838394165, 1.3414174318313599, 1.1525466442108154, 1.224100112915039, 1.3200700283050537, 1.2632728815078735, 1.2190543413162231, 1.3443574905395508, 1.3362494707107544, 1.2943021059036255, 1.2835862636566162, 1.1674156188964844, 1.281328558921814, 1.3362197875976562, 1.0681897401809692, 1.2665926218032837, 1.2139192819595337, 1.2292568683624268, 1.3326843976974487, 1.348292589187622, 1.2180334329605103, 1.343137502670288, 1.3298614025115967, 1.2750025987625122, 1.2361758947372437, 1.222494125366211, 1.2576537132263184, 1.348818063735962]",sae,Pre-64
1,beta,31,0.1,0.4497611378811508,0.4308970333737342,0.4311657187438285,0.5,0.642735734520437,0.7096808695149448,30,"[0, 1, 2, 3, 4, 5, 6, 7, 8, 9, 10, 11, 12, 13, 14, 15, 16, 17, 18, 19, 20, 21, 22, 23, 24, 25, 26, 27, 28, 29]","[1.4211304187774658, 1.390742301940918, 1.325100302696228, 1.3312636613845825, 1.3964961767196655, 1.4500070810317993, 1.3459320068359375, 1.3994728326797485, 1.3746215105056763, 1.4058606624603271, 1.39406156539917, 1.3992280960083008, 1.429894208908081, 1.2600398063659668, 1.4445213079452515, 1.3825616836547852, 1.4023208618164062, 1.3918931484222412, 1.402604341506958, 1.3635550737380981, 1.4519822597503662, 1.3995052576065063, 1.4420921802520752, 1.4190759658813477, 1.3933963775634766, 1.4094666242599487, 1.3211448192596436, 1.460076093673706, 1.3248976469039917, 1.4182358980178833]",sae,Pre-64
1,beta,7,0.115,0.4564836922581216,0.4420418003909208,0.4377828943615295,0.5,0.6095136152062148,0.7009726516367882,30,"[0, 1, 2, 3, 4, 5, 6, 7, 8, 9, 10, 11, 12, 13, 14, 15, 16, 17, 18, 19, 20, 21, 22, 23, 24, 25, 26, 27, 28, 29]","[1.3593684434890747, 1.4017163515090942, 1.417197346687317, 1.380540132522583, 1.432563304901123, 1.3899422883987427, 1.347955584526062, 1.3930639028549194, 1.4886045455932617, 1.3973537683486938, 1.3179763555526733, 1.3594449758529663, 1.3231068849563599, 1.3426933288574219, 1.4999504089355469, 1.4129960536956787, 1.3477933406829834, 1.328751564025879, 1.4339330196380615, 1.4321279525756836, 1.396325707435608, 1.4108097553253174, 1.4176775217056274, 1.364943504333496, 1.4540079832077026, 1.434125304222107, 1.378865122795105, 1.2763991355895996, 1.4744101762771606, 1.3624076843261719]",sae,Pre-64
1,beta,46,0.088,0.4545712902572906,0.4417269056853911,0.4495428160345324,0.5,0.6270377926330811,0.6878148019839386,30,"[0, 1, 2, 3, 4, 5, 6, 7, 8, 9, 10, 11, 12, 13, 14, 15, 16, 17, 18, 19, 20, 21, 22, 23, 24, 25, 26, 27, 28, 29]","[1.3971039056777954, 1.4940237998962402, 1.4938013553619385, 1.483220100402832, 1.402298927307129, 1.5282031297683716, 1.4185632467269897, 1.5360573530197144, 1.4770300388336182, 1.5789556503295898, 1.2992488145828247, 1.4114965200424194, 1.5423862934112549, 1.3943482637405396, 1.459566593170166, 1.538130283355713, 1.4743138551712036, 1.4896599054336548, 1.547959327697754, 1.5323866605758667, 1.4520816802978516, 1.4502829313278198, 1.4830217361450195, 1.4809964895248413, 1.491392970085144, 1.5019322633743286, 1.4705040454864502, 1.5289957523345947, 1.4535667896270752, 1.474155306816101]",sae,Pre-64
1,beta,30,0.195,0.4638407167611665,0.4544841508273655,0.4368581832465081,0.5,0.6043368975359404,0.6928274999164267,30,"[0, 1, 2, 3, 4, 5, 6, 7, 8, 9, 10, 11, 12, 13, 14, 15, 16, 17, 18, 19, 20, 21, 22, 23, 24, 25, 26, 27, 28, 29]","[1.3256083726882935, 1.2755060195922852, 1.3072816133499146, 1.270128846168518, 1.2708473205566406, 1.2544242143630981, 1.2716552019119263, 1.2424122095108032, 1.2290923595428467, 1.2471097707748413, 1.3285444974899292, 1.2330348491668701, 1.2168776988983154, 1.2392427921295166, 1.2969552278518677, 1.3115060329437256, 1.2542786598205566, 1.2580840587615967, 1.3333097696304321, 1.2571804523468018, 1.2341253757476807, 1.188481092453003, 1.2712517976760864, 1.2590093612670898, 1.3685047626495361, 1.2562052011489868, 1.2944507598876953, 1.2530571222305298, 1.304111361503601, 1.2790865898132324]",sae,Pre-64
1,beta,7,0.175,0.4564836922581216,0.4420418003909208,0.4349945397966077,0.5,0.6095136152062148,0.7014031719914071,30,"[0, 1, 2, 3, 4, 5, 6, 7, 8, 9, 10, 11, 12, 13, 14, 15, 16, 17, 18, 19, 20, 21, 22, 23, 24, 25, 26, 27, 28, 29]","[1.2830325365066528, 1.3121312856674194, 1.331579566001892, 1.289273738861084, 1.349306583404541, 1.3039332628250122, 1.2531417608261108, 1.3070549964904785, 1.395139455795288, 1.3146209716796875, 1.2271437644958496, 1.2753161191940308, 1.2353546619415283, 1.2551640272140503, 1.4077731370925903, 1.320250391960144, 1.2770472764968872, 1.2353439331054688, 1.3410108089447021, 1.3477694988250732, 1.3041518926620483, 1.313020944595337, 1.3169496059417725, 1.2665425539016724, 1.3652600049972534, 1.3278629779815674, 1.3021436929702759, 1.1843653917312622, 1.3865002393722534, 1.274598240852356]",sae,Pre-64
1,beta,17,0.16,0.4599327030141671,0.4513468217402507,0.4415715169829615,0.5,0.6120635717004715,0.6984559199942828,30,"[0, 1, 2, 3, 4, 5, 6, 7, 8, 9, 10, 11, 12, 13, 14, 15, 16, 17, 18, 19, 20, 21, 22, 23, 24, 25, 26, 27, 28, 29]","[1.3950845003128052, 1.2804102897644043, 1.3053513765335083, 1.3436851501464844, 1.3968331813812256, 1.2839555740356445, 1.355819582939148, 1.2285503149032593, 1.3150312900543213, 1.3138147592544556, 1.3715113401412964, 1.3802530765533447, 1.3292887210845947, 1.3845821619033813, 1.324278473854065, 1.3364105224609375, 1.4022270441055298, 1.3264060020446777, 1.3681608438491821, 1.3363888263702393, 1.2591350078582764, 1.3404176235198975, 1.1965030431747437, 1.3150793313980103, 1.306660532951355, 1.3030931949615479, 1.2955341339111328, 1.3260955810546875, 1.2806710004806519, 1.3733065128326416]",sae,Pre-64
1,beta,1,0.095,0.4560357198099471,0.4497423189216591,0.4463095795904858,0.5,0.5964054457666336,0.6820105539028192,30,"[0, 1, 2, 3, 4, 5, 6, 7, 8, 9, 10, 11, 12, 13, 14, 15, 16, 17, 18, 19, 20, 21, 22, 23, 24, 25, 26, 27, 28, 29]","[1.4095356464385986, 1.3102669715881348, 1.363168478012085, 1.2502057552337646, 1.345873475074768, 1.2729789018630981, 1.2808918952941895, 1.3477908372879028, 1.2541484832763672, 1.3100917339324951, 1.3087910413742065, 1.3516372442245483, 1.4024583101272583, 1.2794419527053833, 1.3998275995254517, 1.2314523458480835, 1.2547063827514648, 1.3090167045593262, 1.37993323802948, 1.4103835821151733, 1.399060606956482, 1.3597559928894043, 1.3342100381851196, 1.3046482801437378, 1.271945834159851, 1.2957301139831543, 1.3241592645645142, 1.329345941543579, 1.4116803407669067, 1.3340569734573364]",sae,Pre-64
1,beta,24,0.13,0.4501416387440968,0.4383559369047743,0.44621284551913,0.5,0.6188330126613704,0.6402650198609732,30,"[0, 1, 2, 3, 4, 5, 6, 7, 8, 9, 10, 11, 12, 13, 14, 15, 16, 17, 18, 19, 20, 21, 22, 23, 24, 25, 26, 27, 28, 29]","[1.3201719522476196, 1.2658889293670654, 1.2821193933486938, 1.3335837125778198, 1.3411808013916016, 1.2792539596557617, 1.2767938375473022, 1.2778794765472412, 1.2997065782546997, 1.168956995010376, 1.304321527481079, 1.2524023056030273, 1.324525237083435, 1.328254222869873, 1.2731717824935913, 1.2524139881134033, 1.3446917533874512, 1.1442581415176392, 1.2584322690963745, 1.3460502624511719, 1.3239727020263672, 1.334790825843811, 1.2771968841552734, 1.2999639511108398, 1.2440897226333618, 1.2049860954284668, 1.2907387018203735, 1.2490280866622925, 1.3466908931732178, 1.267728328704834]",sae,Pre-64
1,beta,42,0.145,0.4546678683050885,0.4407690563496341,0.4451914840363594,0.5,0.6336081445133979,0.6603511208928656,30,"[0, 1, 2, 3, 4, 5, 6, 7, 8, 9, 10, 11, 12, 13, 14, 15, 16, 17, 18, 19, 20, 21, 22, 23, 24, 25, 26, 27, 28, 29]","[1.2767118215560913, 1.1509020328521729, 1.2741888761520386, 1.2517021894454956, 1.16533625125885, 1.2553739547729492, 1.1647206544876099, 1.148014783859253, 1.1693377494812012, 1.2613091468811035, 1.2386943101882935, 1.2795376777648926, 1.1614588499069214, 1.0049147605895996, 1.2809103727340698, 1.1924101114273071, 1.141250491142273, 1.1302461624145508, 1.240049958229065, 1.2147595882415771, 1.1706880331039429, 1.1570767164230347, 1.171014428138733, 1.1616032123565674, 1.189007043838501, 1.1533206701278687, 1.2752232551574707, 1.16252863407135, 1.2145106792449951, 1.1530125141143799]",sae,Pre-64
1,beta,47,0.125,0.4460371044958436,0.4257646434940195,0.4051260990585772,0.5,0.6434257056516428,0.7317784350286117,30,"[0, 1, 2, 3, 4, 5, 6, 7, 8, 9, 10, 11, 12, 13, 14, 15, 16, 17, 18, 19, 20, 21, 22, 23, 24, 25, 26, 27, 28, 29]","[1.4595062732696533, 1.3004748821258545, 1.3115394115447998, 1.3250772953033447, 1.4076462984085083, 1.4452115297317505, 1.3944133520126343, 1.4067302942276, 1.3996737003326416, 1.3380755186080933, 1.3418426513671875, 1.2735795974731445, 1.3208929300308228, 1.4600602388381958, 1.292913794517517, 1.419032335281372, 1.3394131660461426, 1.4051611423492432, 1.2481058835983276, 1.291927456855774, 1.33773934841156, 1.3862676620483398, 1.4108219146728516, 1.3043746948242188, 1.3951457738876343, 1.2757052183151245, 1.2449676990509033, 1.3840770721435547, 1.2950176000595093, 1.3758174180984497]",sae,Pre-64
1,beta,14,0.2,0.4467366851483266,0.4421697276018216,0.4269936475169583,0.5,0.5934222168898753,0.7000367432025075,30,"[0, 1, 2, 3, 4, 5, 6, 7, 8, 9, 10, 11, 12, 13, 14, 15, 16, 17, 18, 19, 20, 21, 22, 23, 24, 25, 26, 27, 28, 29]","[1.2401208877563477, 1.1357574462890625, 1.191758394241333, 1.2203203439712524, 1.2505728006362915, 1.2157588005065918, 1.2012596130371094, 1.2729548215866089, 1.2168018817901611, 1.2541521787643433, 1.1646301746368408, 1.1075999736785889, 1.1355695724487305, 1.2605056762695312, 1.2618764638900757, 1.217698097229004, 1.2777791023254395, 1.2701729536056519, 1.1954792737960815, 1.2069257497787476, 1.2329661846160889, 1.2121003866195679, 1.2658517360687256, 1.171263575553894, 1.2715861797332764, 1.2642029523849487, 1.1984184980392456, 1.2701201438903809, 1.2566778659820557, 1.1405401229858398]",sae,Pre-64
1,beta,5,0.125,0.4445517550333296,0.4301735816232515,0.4289821557588684,0.5,0.6070910659257547,0.6831694617553116,30,"[0, 1, 2, 3, 4, 5, 6, 7, 8, 9, 10, 11, 12, 13, 14, 15, 16, 17, 18, 19, 20, 21, 22, 23, 24, 25, 26, 27, 28, 29]","[1.3468667268753052, 1.2478948831558228, 1.2503178119659424, 1.3661550283432007, 1.3649226427078247, 1.2967376708984375, 1.2967314720153809, 1.2783660888671875, 1.3364795446395874, 1.2639716863632202, 1.350066065788269, 1.3683642148971558, 1.2970480918884277, 1.3004066944122314, 1.3787751197814941, 1.3227710723876953, 1.3277778625488281, 1.355258822441101, 1.2374738454818726, 1.3037066459655762, 1.3800227642059326, 1.310916543006897, 1.3726332187652588, 1.261149525642395, 1.302423119544983, 1.3788340091705322, 1.2476093769073486, 1.2792589664459229, 1.3580243587493896, 1.30405855178833]",sae,Pre-64
1,beta,33,0.125,0.4492211383258522,0.4377959816952598,0.4270629664736332,0.5,0.6165210074526608,0.6947944508081966,30,"[0, 1, 2, 3, 4, 5, 6, 7, 8, 9, 10, 11, 12, 13, 14, 15, 16, 17, 18, 19, 20, 21, 22, 23, 24, 25, 26, 27, 28, 29]","[1.3316102027893066, 1.4075350761413574, 1.3643279075622559, 1.3398070335388184, 1.2966865301132202, 1.4295474290847778, 1.2886114120483398, 1.400968313217163, 1.4067809581756592, 1.4051505327224731, 1.3504279851913452, 1.4078500270843506, 1.3500179052352905, 1.308274745941162, 1.3049561977386475, 1.397989273071289, 1.3211885690689087, 1.3285638093948364, 1.4092965126037598, 1.405792236328125, 1.335742473602295, 1.2884718179702759, 1.425168514251709, 1.3797036409378052, 1.4236761331558228, 1.3091418743133545, 1.3280448913574219, 1.3109415769577026, 1.2763049602508545, 1.3330377340316772]",sae,Pre-64
1,beta,11,0.13,0.4566976193509867,0.4496008864727478,0.4343968591747319,0.5,0.5995106990682213,0.7099428758720794,30,"[0, 1, 2, 3, 4, 5, 6, 7, 8, 9, 10, 11, 12, 13, 14, 15, 16, 17, 18, 19, 20, 21, 22, 23, 24, 25, 26, 27, 28, 29]","[1.338762640953064, 1.1476320028305054, 1.2998995780944824, 1.2282812595367432, 1.3737252950668335, 1.240015983581543, 1.2551673650741577, 1.150443196296692, 1.3609263896942139, 1.3642849922180176, 1.3792794942855835, 1.38700532913208, 1.3896105289459229, 1.2962619066238403, 1.2702499628067017, 1.2410889863967896, 1.310969591140747, 1.25727117061615, 1.29116952419281, 1.3389488458633423, 1.3116254806518555, 1.327994465827942, 1.372025728225708, 1.295577883720398, 1.2989925146102905, 1.3505077362060547, 1.365507960319519, 1.2468374967575073, 1.2871389389038086, 1.2689777612686157]",sae,Pre-64
1,beta,38,0.165,0.4455661720406026,0.4298851252298221,0.4370267385959821,0.5,0.6303640517897944,0.6627357197258187,30,"[0, 1, 2, 3, 4, 5, 6, 7, 8, 9, 10, 11, 12, 13, 14, 15, 16, 17, 18, 19, 20, 21, 22, 23, 24, 25, 26, 27, 28, 29]","[1.3116035461425781, 1.291264295578003, 1.3235431909561157, 1.353819727897644, 1.3202770948410034, 1.2095729112625122, 1.368641972541809, 1.3260741233825684, 1.1808526515960693, 1.3388135433197021, 1.3192554712295532, 1.3335095643997192, 1.3477370738983154, 1.3137497901916504, 1.360105037689209, 1.2969292402267456, 1.3033982515335083, 1.3774981498718262, 1.2672650814056396, 1.3321566581726074, 1.3108088970184326, 1.3204916715621948, 1.3702666759490967, 1.2745082378387451, 1.3145370483398438, 1.3682215213775635, 1.2659791707992554, 1.3731783628463745, 1.2992383241653442, 1.3822910785675049]",sae,Pre-64
1,beta,2,0.092,0.4419681213812466,0.4306250660512843,0.4272048319919253,0.5,0.6028191218064636,0.6894503176148746,30,"[0, 1, 2, 3, 4, 5, 6, 7, 8, 9, 10, 11, 12, 13, 14, 15, 16, 17, 18, 19, 20, 21, 22, 23, 24, 25, 26, 27, 28, 29]","[1.3695517778396606, 1.3828006982803345, 1.3583688735961914, 1.426937222480774, 1.3743946552276611, 1.46094810962677, 1.3806215524673462, 1.3937309980392456, 1.3301293849945068, 1.3515381813049316, 1.38853120803833, 1.3313840627670288, 1.4116147756576538, 1.4650555849075317, 1.436959981918335, 1.382548451423645, 1.4422733783721924, 1.496520757675171, 1.4887139797210693, 1.4662045240402222, 1.3891626596450806, 1.3661506175994873, 1.4481778144836426, 1.451696515083313, 1.363692283630371, 1.3700200319290161, 1.4281870126724243, 1.4031505584716797, 1.2124990224838257, 1.488673210144043]",sae,Pre-64
1,beta,39,0.09,0.4461088087810431,0.4292341094433316,0.4375347225851615,0.5,0.6205127278095635,0.669534905441519,30,"[0, 1, 2, 3, 4, 5, 6, 7, 8, 9, 10, 11, 12, 13, 14, 15, 16, 17, 18, 19, 20, 21, 22, 23, 24, 25, 26, 27, 28, 29]","[1.4214651584625244, 1.5164228677749634, 1.4566020965576172, 1.4501866102218628, 1.3765677213668823, 1.436155915260315, 1.4191943407058716, 1.4546000957489014, 1.381779432296753, 1.4976156949996948, 1.4247814416885376, 1.3693764209747314, 1.4576565027236938, 1.373986005783081, 1.459141492843628, 1.5187108516693115, 1.484735131263733, 1.47858726978302, 1.3972777128219604, 1.3560011386871338, 1.3741066455841064, 1.4640426635742188, 1.4016906023025513, 1.4046076536178589, 1.4764877557754517, 1.4290106296539307, 1.3203552961349487, 1.3997360467910767, 1.5302811861038208, 1.400262713432312]",sae,Pre-64
1,beta,44,0.135,0.4469012312759677,0.43811650775401,0.4569890907600696,0.5,0.5982762074796864,0.6215449022761957,30,"[0, 1, 2, 3, 4, 5, 6, 7, 8, 9, 10, 11, 12, 13, 14, 15, 16, 17, 18, 19, 20, 21, 22, 23, 24, 25, 26, 27, 28, 29]","[1.3503519296646118, 1.3541300296783447, 1.2982622385025024, 1.3276811838150024, 1.3437350988388062, 1.4002137184143066, 1.3766149282455444, 1.295835256576538, 1.3632794618606567, 1.4140894412994385, 1.3429136276245117, 1.3192030191421509, 1.3485081195831299, 1.3152480125427246, 1.4173041582107544, 1.4163036346435547, 1.2852613925933838, 1.193285346031189, 1.358882188796997, 1.3456523418426514, 1.3174766302108765, 1.2921571731567383, 1.3383018970489502, 1.346235990524292, 1.4019585847854614, 1.3015092611312866, 1.3229047060012817, 1.3457509279251099, 1.3409887552261353, 1.3597856760025024]",sae,Pre-64
1,beta,0,0.18,0.4600628296558519,0.4487196928272481,0.4296173038364927,0.5,0.6146148452673732,0.7222143640425923,30,"[0, 1, 2, 3, 4, 5, 6, 7, 8, 9, 10, 11, 12, 13, 14, 15, 16, 17, 18, 19, 20, 21, 22, 23, 24, 25, 26, 27, 28, 29]","[1.2520782947540283, 1.2944809198379517, 1.2679104804992676, 1.3125, 1.238174319267273, 1.2690367698669434, 1.3000036478042603, 1.3344541788101196, 1.314551591873169, 1.284532070159912, 1.2687609195709229, 1.2747752666473389, 1.320928692817688, 1.3078265190124512, 1.3246252536773682, 1.268897533416748, 1.289651870727539, 1.2299227714538574, 1.1560249328613281, 1.308491826057434, 1.2395715713500977, 1.2362840175628662, 1.3174066543579102, 1.2605313062667847, 1.2514442205429077, 1.1966686248779297, 1.3205845355987549, 1.220719814300537, 1.3028521537780762, 1.212172508239746]",sae,Pre-64
1,beta,26,0.12,0.4502231978181314,0.4442488029476733,0.4596268722417201,0.5,0.5832450787939482,0.6466731362044492,30,"[0, 1, 2, 3, 4, 5, 6, 7, 8, 9, 10, 11, 12, 13, 14, 15, 16, 17, 18, 19, 20, 21, 22, 23, 24, 25, 26, 27, 28, 29]","[1.416685700416565, 1.4278275966644287, 1.5905208587646484, 1.382663607597351, 1.4534841775894165, 1.4955806732177734, 1.481896996498108, 1.3805639743804932, 1.4845197200775146, 1.451198697090149, 1.3670727014541626, 1.592686414718628, 1.528220295906067, 1.4665589332580566, 1.5419654846191406, 1.4281682968139648, 1.473695993423462, 1.3593071699142456, 1.5035569667816162, 1.4537792205810547, 1.4134612083435059, 1.567441701889038, 1.455143928527832, 1.4959821701049805, 1.5734952688217163, 1.5645643472671509, 1.4226086139678955, 1.4783263206481934, 1.2909175157546997, 1.4139419794082642]",sae,Pre-64
1,beta,37,0.105,0.4546908257221888,0.444978337644671,0.4309857609359407,0.5,0.6058579085235571,0.7187760287780205,30,"[0, 1, 2, 3, 4, 5, 6, 7, 8, 9, 10, 11, 12, 13, 14, 15, 16, 17, 18, 19, 20, 21, 22, 23, 24, 25, 26, 27, 28, 29]","[1.356813669204712, 1.4253854751586914, 1.4017109870910645, 1.3764268159866333, 1.3191947937011719, 1.4299075603485107, 1.3742988109588623, 1.461336612701416, 1.5042245388031006, 1.4278178215026855, 1.39756178855896, 1.400729775428772, 1.4353461265563965, 1.4110040664672852, 1.4673856496810913, 1.4148390293121338, 1.3933662176132202, 1.451877236366272, 1.4079482555389404, 1.4128445386886597, 1.4304078817367554, 1.437633991241455, 1.4698195457458496, 1.4486197233200073, 1.4158629179000854, 1.4572285413742065, 1.411103367805481, 1.434935450553894, 1.4507591724395752, 1.4670875072479248]",sae,Pre-64
1,beta,15,0.11,0.4529015220185267,0.4424399871594601,0.435398572640101,0.5,0.6161071485640408,0.7111259605746743,30,"[0, 1, 2, 3, 4, 5, 6, 7, 8, 9, 10, 11, 12, 13, 14, 15, 16, 17, 18, 19, 20, 21, 22, 23, 24, 25, 26, 27, 28, 29]","[1.3946086168289185, 1.3651068210601807, 1.4062141180038452, 1.406163215637207, 1.4808024168014526, 1.3769409656524658, 1.3715860843658447, 1.3958407640457153, 1.4542615413665771, 1.4520032405853271, 1.4401313066482544, 1.3548270463943481, 1.5135399103164673, 1.4570800065994263, 1.3478318452835083, 1.423240065574646, 1.3609763383865356, 1.5066527128219604, 1.3457142114639282, 1.4127790927886963, 1.4996494054794312, 1.4668368101119995, 1.3879826068878174, 1.4261072874069214, 1.3955539464950562, 1.2778527736663818, 1.4692316055297852, 1.5138534307479858, 1.4111568927764893, 1.407362937927246]",sae,Pre-64
1,beta,23,0.105,0.4478205607315014,0.4344954522622479,0.4345549505711769,0.5,0.6150139710231751,0.674941869348619,30,"[0, 1, 2, 3, 4, 5, 6, 7, 8, 9, 10, 11, 12, 13, 14, 15, 16, 17, 18, 19, 20, 21, 22, 23, 24, 25, 26, 27, 28, 29]","[1.3883943557739258, 1.4477858543395996, 1.426892638206482, 1.5391117334365845, 1.31826651096344, 1.3843446969985962, 1.5204075574874878, 1.4116121530532837, 1.3869496583938599, 1.5214561223983765, 1.52658212184906, 1.4812965393066406, 1.4705322980880737, 1.3655537366867065, 1.4590353965759277, 1.518379807472229, 1.2108633518218994, 1.4241739511489868, 1.3692578077316284, 1.401271104812622, 1.516273856163025, 1.5385818481445312, 1.3893038034439087, 1.5315234661102295, 1.5243555307388306, 1.4318068027496338, 1.3876196146011353, 1.4290874004364014, 1.4314271211624146, 1.5399442911148071]",sae,Pre-64
1,beta,41,0.086,0.4543678569363413,0.4427951465832617,0.4506664169526443,0.5,0.6190905384235713,0.6749100481412333,30,"[0, 1, 2, 3, 4, 5, 6, 7, 8, 9, 10, 11, 12, 13, 14, 15, 16, 17, 18, 19, 20, 21, 22, 23, 24, 25, 26, 27, 28, 29]","[1.3107041120529175, 1.370063304901123, 1.2798322439193726, 1.2517962455749512, 1.2499032020568848, 1.4171944856643677, 1.2937155961990356, 1.3415615558624268, 1.3159382343292236, 1.3847928047180176, 1.3792345523834229, 1.340210199356079, 1.3465222120285034, 1.3926584720611572, 1.3971573114395142, 1.3269010782241821, 1.290419340133667, 1.345884084701538, 1.3458634614944458, 1.3510733842849731, 1.263175129890442, 1.3177653551101685, 1.3316807746887207, 1.340491533279419, 1.336035966873169, 1.3163613080978394, 1.3714613914489746, 1.3797211647033691, 1.3334071636199951, 1.2852869033813477]",sae,Pre-64
1,beta,21,0.115,0.4504746503440228,0.4381370334360364,0.4377738742548776,0.5,0.6200058082774133,0.6889188571287337,30,"[0, 1, 2, 3, 4, 5, 6, 7, 8, 9, 10, 11, 12, 13, 14, 15, 16, 17, 18, 19, 20, 21, 22, 23, 24, 25, 26, 27, 28, 29]","[1.3353875875473022, 1.3808252811431885, 1.4907275438308716, 1.488662600517273, 1.4438377618789673, 1.4433718919754028, 1.3731101751327515, 1.3816455602645874, 1.4675791263580322, 1.4106814861297607, 1.4772120714187622, 1.4601258039474487, 1.374706506729126, 1.3927483558654785, 1.3800721168518066, 1.3826086521148682, 1.3920048475265503, 1.3942155838012695, 1.3298723697662354, 1.481162190437317, 1.333985447883606, 1.4946597814559937, 1.3281878232955933, 1.3333760499954224, 1.3966312408447266, 1.3438493013381958, 1.2977086305618286, 1.3740583658218384, 1.4536365270614624, 1.4272949695587158]",sae,Pre-64
1,beta,46,0.16,0.4545712902572906,0.4417269056853911,0.4477396955491821,0.5,0.6270377926330811,0.6861824293981036,30,"[0, 1, 2, 3, 4, 5, 6, 7, 8, 9, 10, 11, 12, 13, 14, 15, 16, 17, 18, 19, 20, 21, 22, 23, 24, 25, 26, 27, 28, 29]","[1.2617336511611938, 1.34659743309021, 1.3524731397628784, 1.3518531322479248, 1.2788994312286377, 1.3882724046707153, 1.2838037014007568, 1.3767117261886597, 1.3340944051742554, 1.4159992933273315, 1.1581722497940063, 1.2710827589035034, 1.4050748348236084, 1.2627290487289429, 1.3260389566421509, 1.3880614042282104, 1.339622139930725, 1.3565434217453003, 1.3815690279006958, 1.391038417816162, 1.3081492185592651, 1.3189791440963745, 1.353934645652771, 1.3413711786270142, 1.3631353378295898, 1.3643380403518677, 1.3336520195007324, 1.3890053033828735, 1.3219116926193237, 1.3369519710540771]",sae,Pre-64
1,beta,41,0.18,0.4543678569363413,0.4427951465832617,0.4472452350616375,0.5,0.6190905384235713,0.6738671073055931,30,"[0, 1, 2, 3, 4, 5, 6, 7, 8, 9, 10, 11, 12, 13, 14, 15, 16, 17, 18, 19, 20, 21, 22, 23, 24, 25, 26, 27, 28, 29]","[1.2569382190704346, 1.3106470108032227, 1.2079335451126099, 1.1984041929244995, 1.1805356740951538, 1.3529574871063232, 1.2346354722976685, 1.2811335325241089, 1.2596502304077148, 1.3161793947219849, 1.3174265623092651, 1.2781882286071777, 1.2856519222259521, 1.3246568441390991, 1.3327386379241943, 1.2729312181472778, 1.2230175733566284, 1.283326506614685, 1.2729624509811401, 1.2926766872406006, 1.2011297941207886, 1.2635846138000488, 1.277427077293396, 1.279870629310608, 1.276275396347046, 1.2614156007766724, 1.3085033893585205, 1.3137344121932983, 1.2694283723831177, 1.2186627388000488]",sae,Pre-64
1,beta,17,0.092,0.4599327030141671,0.4513468217402507,0.445514014308363,0.5,0.6120635717004715,0.6968078512246026,30,"[0, 1, 2, 3, 4, 5, 6, 7, 8, 9, 10, 11, 12, 13, 14, 15, 16, 17, 18, 19, 20, 21, 22, 23, 24, 25, 26, 27, 28, 29]","[1.5247365236282349, 1.4010615348815918, 1.4353907108306885, 1.4590320587158203, 1.5401533842086792, 1.4226691722869873, 1.48569917678833, 1.3298897743225098, 1.443552851676941, 1.453850507736206, 1.5078833103179932, 1.5167027711868286, 1.4513977766036987, 1.530235767364502, 1.453154444694519, 1.454599380493164, 1.5243533849716187, 1.453791618347168, 1.5071364641189575, 1.474625587463379, 1.3961626291275024, 1.4726738929748535, 1.3130742311477661, 1.4412175416946411, 1.450800895690918, 1.44515061378479, 1.4176377058029175, 1.452064871788025, 1.4178906679153442, 1.5080058574676514]",sae,Pre-64
1,beta,32,0.16,0.4555596844830426,0.4475674839123162,0.4655187818485291,0.5,0.5924839124839124,0.6294377642949072,30,"[0, 1, 2, 3, 4, 5, 6, 7, 8, 9, 10, 11, 12, 13, 14, 15, 16, 17, 18, 19, 20, 21, 22, 23, 24, 25, 26, 27, 28, 29]","[1.3366419076919556, 1.2422990798950195, 1.3342723846435547, 1.2670496702194214, 1.2722944021224976, 1.35342276096344, 1.2805029153823853, 1.255169153213501, 1.2558120489120483, 1.2584689855575562, 1.25458562374115, 1.2474168539047241, 1.2788313627243042, 1.200653314590454, 1.1902942657470703, 1.2080286741256714, 1.2375661134719849, 1.2765058279037476, 1.2216449975967407, 1.2598519325256348, 1.3402990102767944, 1.259018063545227, 1.2087172269821167, 1.3363025188446045, 1.2736191749572754, 1.211084008216858, 1.3249555826187134, 1.129969835281372, 1.343802809715271, 1.3356022834777832]",sae,Pre-64
1,beta,42,0.2,0.4546678683050885,0.4407690563496341,0.4408497129142357,0.5,0.6336081445133979,0.6603511208928656,30,"[0, 1, 2, 3, 4, 5, 6, 7, 8, 9, 10, 11, 12, 13, 14, 15, 16, 17, 18, 19, 20, 21, 22, 23, 24, 25, 26, 27, 28, 29]","[1.2767118215560913, 1.1509020328521729, 1.2741888761520386, 1.2517021894454956, 1.16533625125885, 1.2553739547729492, 1.1647206544876099, 1.148014783859253, 1.1693377494812012, 1.2613091468811035, 1.2386943101882935, 1.2795376777648926, 1.1614588499069214, 1.0049147605895996, 1.2809103727340698, 1.1924101114273071, 1.141250491142273, 1.1302461624145508, 1.240049958229065, 1.2147595882415771, 1.1706880331039429, 1.1570767164230347, 1.171014428138733, 1.1616032123565674, 1.189007043838501, 1.1533206701278687, 1.2752232551574707, 1.16252863407135, 1.2145106792449951, 1.1530125141143799]",sae,Pre-64
1,beta,1,0.145,0.4560357198099471,0.4497423189216591,0.4462822510848508,0.5,0.5964054457666336,0.6820208835056902,30,"[0, 1, 2, 3, 4, 5, 6, 7, 8, 9, 10, 11, 12, 13, 14, 15, 16, 17, 18, 19, 20, 21, 22, 23, 24, 25, 26, 27, 28, 29]","[1.4075980186462402, 1.3083115816116333, 1.3612288236618042, 1.2482459545135498, 1.3439346551895142, 1.2710232734680176, 1.2789456844329834, 1.3458458185195923, 1.2521886825561523, 1.308148980140686, 1.3068418502807617, 1.3496943712234497, 1.400514006614685, 1.2774930000305176, 1.397886872291565, 1.2295136451721191, 1.252766728401184, 1.30706787109375, 1.377988576889038, 1.4084384441375732, 1.3971160650253296, 1.3578126430511475, 1.3322575092315674, 1.3026907444000244, 1.2699953317642212, 1.2937802076339722, 1.3222224712371826, 1.3274073600769043, 1.4097387790679932, 1.3321170806884766]",sae,Pre-64
1,beta,29,0.17,0.4558655961502112,0.4409050416793991,0.4505630282302238,0.5,0.6296548282533407,0.6686513080500113,30,"[0, 1, 2, 3, 4, 5, 6, 7, 8, 9, 10, 11, 12, 13, 14, 15, 16, 17, 18, 19, 20, 21, 22, 23, 24, 25, 26, 27, 28, 29]","[1.216685175895691, 1.1618281602859497, 1.0458118915557861, 1.259856104850769, 1.2042423486709595, 1.1851595640182495, 1.2647989988327026, 1.1855167150497437, 1.2502344846725464, 1.2581263780593872, 1.2110965251922607, 1.2469496726989746, 1.2537965774536133, 1.2579916715621948, 1.194869041442871, 1.250527024269104, 1.1329607963562012, 1.186295986175537, 1.169348120689392, 1.2170714139938354, 1.2724484205245972, 1.2783594131469727, 1.203696370124817, 1.2183682918548584, 1.2085978984832764, 1.1538259983062744, 1.2185392379760742, 1.2635045051574707, 1.3130261898040771, 1.1893361806869507]",sae,Pre-64
1,beta,40,0.098,0.44666181227492,0.4340193094910912,0.4316281278017991,0.5,0.6093636266731638,0.6690767333140448,30,"[0, 1, 2, 3, 4, 5, 6, 7, 8, 9, 10, 11, 12, 13, 14, 15, 16, 17, 18, 19, 20, 21, 22, 23, 24, 25, 26, 27, 28, 29]","[1.3759757280349731, 1.319913625717163, 1.3158338069915771, 1.2581651210784912, 1.2913455963134766, 1.3208421468734741, 1.3206530809402466, 1.3339073657989502, 1.3475664854049683, 1.3548305034637451, 1.2939945459365845, 1.302759051322937, 1.3697354793548584, 1.256068229675293, 1.2751848697662354, 1.3858541250228882, 1.2892740964889526, 1.32339346408844, 1.2739237546920776, 1.2724796533584595, 1.2772608995437622, 1.2903703451156616, 1.3479902744293213, 1.3114588260650635, 1.3598989248275757, 1.289602518081665, 1.3533011674880981, 1.2531076669692993, 1.395802617073059, 1.2778984308242798]",sae,Pre-64
1,beta,2,0.17,0.4419681213812466,0.4306250660512843,0.4208238362981243,0.5,0.6028191218064636,0.6885838317800342,30,"[0, 1, 2, 3, 4, 5, 6, 7, 8, 9, 10, 11, 12, 13, 14, 15, 16, 17, 18, 19, 20, 21, 22, 23, 24, 25, 26, 27, 28, 29]","[1.1775871515274048, 1.1915322542190552, 1.1720179319381714, 1.224061131477356, 1.1620720624923706, 1.2321115732192993, 1.203007459640503, 1.196853518486023, 1.1483997106552124, 1.1551302671432495, 1.1785122156143188, 1.162477970123291, 1.1972575187683105, 1.231390357017517, 1.2210208177566528, 1.1849206686019897, 1.2126718759536743, 1.2674673795700073, 1.2569090127944946, 1.242607831954956, 1.1858488321304321, 1.1857481002807617, 1.2300478219985962, 1.2205578088760376, 1.1919716596603394, 1.1700184345245361, 1.215831995010376, 1.2082959413528442, 1.0475105047225952, 1.258039116859436]",sae,Pre-64
1,beta,10,0.165,0.4493907433353129,0.4390813823454372,0.4401155184423561,0.5,0.6232207829487961,0.6757730812013348,30,"[0, 1, 2, 3, 4, 5, 6, 7, 8, 9, 10, 11, 12, 13, 14, 15, 16, 17, 18, 19, 20, 21, 22, 23, 24, 25, 26, 27, 28, 29]","[1.2866593599319458, 1.2118613719940186, 1.359757423400879, 1.2960829734802246, 1.2905856370925903, 1.310272455215454, 1.3930485248565674, 1.3173680305480957, 1.1982120275497437, 1.336899757385254, 1.3075603246688843, 1.325589656829834, 1.315329909324646, 1.2982429265975952, 1.3798052072525024, 1.3189334869384766, 1.3275983333587646, 1.2527427673339844, 1.2869234085083008, 1.2619941234588623, 1.2766495943069458, 1.2914707660675049, 1.361068844795227, 1.3605632781982422, 1.2742030620574951, 1.2549887895584106, 1.3012607097625732, 1.3183917999267578, 1.2974843978881836, 1.3355146646499634]",sae,Pre-64
1,beta,45,0.092,0.4515599815008028,0.4347157609968581,0.4471825435051852,0.5,0.6289673345145609,0.6764693410870323,30,"[0, 1, 2, 3, 4, 5, 6, 7, 8, 9, 10, 11, 12, 13, 14, 15, 16, 17, 18, 19, 20, 21, 22, 23, 24, 25, 26, 27, 28, 29]","[1.5430008172988892, 1.534844160079956, 1.4281333684921265, 1.6080384254455566, 1.6040319204330444, 1.4602018594741821, 1.615590214729309, 1.5916368961334229, 1.4707108736038208, 1.4309678077697754, 1.5404289960861206, 1.6195414066314697, 1.5739810466766357, 1.4885544776916504, 1.4983813762664795, 1.5165995359420776, 1.530188798904419, 1.404434323310852, 1.5298445224761963, 1.5222110748291016, 1.5731772184371948, 1.4712649583816528, 1.5831153392791748, 1.4507625102996826, 1.4301663637161255, 1.6092157363891602, 1.4626230001449585, 1.4779376983642578, 1.4053059816360474, 1.609999656677246]",sae,Pre-64
1,beta,24,0.19,0.4501416387440968,0.4383559369047743,0.4458874621316716,0.5,0.6188330126613704,0.6402634682224428,30,"[0, 1, 2, 3, 4, 5, 6, 7, 8, 9, 10, 11, 12, 13, 14, 15, 16, 17, 18, 19, 20, 21, 22, 23, 24, 25, 26, 27, 28, 29]","[1.3190611600875854, 1.2647749185562134, 1.2810053825378418, 1.332472801208496, 1.3400673866271973, 1.2781442403793335, 1.2756764888763428, 1.2767671346664429, 1.2985920906066895, 1.1678440570831299, 1.3032068014144897, 1.2512892484664917, 1.323417067527771, 1.3271408081054688, 1.2720595598220825, 1.251297116279602, 1.3435804843902588, 1.1431472301483154, 1.2573208808898926, 1.3449389934539795, 1.3228604793548584, 1.333677053451538, 1.2760844230651855, 1.298849105834961, 1.2429794073104858, 1.2038748264312744, 1.2896250486373901, 1.2479166984558105, 1.3455801010131836, 1.2666126489639282]",sae,Pre-64
1,beta,41,0.12,0.4543678569363413,0.4427951465832617,0.449141437677752,0.5,0.6190905384235713,0.6738599540762676,30,"[0, 1, 2, 3, 4, 5, 6, 7, 8, 9, 10, 11, 12, 13, 14, 15, 16, 17, 18, 19, 20, 21, 22, 23, 24, 25, 26, 27, 28, 29]","[1.2581815719604492, 1.3118914365768433, 1.2091692686080933, 1.1996432542800903, 1.1817747354507446, 1.3541960716247559, 1.2358741760253906, 1.282378077507019, 1.2608963251113892, 1.3174172639846802, 1.3186678886413574, 1.2794334888458252, 1.2868975400924683, 1.325897216796875, 1.333980679512024, 1.2741674184799194, 1.224253535270691, 1.284568428993225, 1.2742019891738892, 1.2939201593399048, 1.2023720741271973, 1.2648284435272217, 1.2786736488342285, 1.281115174293518, 1.2775171995162964, 1.262656331062317, 1.3097459077835083, 1.3149750232696533, 1.2706713676452637, 1.2199009656906128]",sae,Pre-64
1,beta,7,0.096,0.4564836922581216,0.4420418003909208,0.4378197387162242,0.5,0.6095136152062148,0.7009697028672359,30,"[0, 1, 2, 3, 4, 5, 6, 7, 8, 9, 10, 11, 12, 13, 14, 15, 16, 17, 18, 19, 20, 21, 22, 23, 24, 25, 26, 27, 28, 29]","[1.3615833520889282, 1.4039243459701538, 1.4194024801254272, 1.3827390670776367, 1.434770107269287, 1.3921489715576172, 1.3501471281051636, 1.3952608108520508, 1.490799903869629, 1.3995468616485596, 1.3201639652252197, 1.3616607189178467, 1.3253145217895508, 1.3448905944824219, 1.5021525621414185, 1.4151997566223145, 1.3500124216079712, 1.3309476375579834, 1.4361190795898438, 1.4343358278274536, 1.3985302448272705, 1.4130074977874756, 1.41987144947052, 1.367132306098938, 1.4562172889709473, 1.4363068342208862, 1.3810838460922241, 1.27859365940094, 1.4766123294830322, 1.364598035812378]",sae,Pre-64
1,beta,35,0.175,0.4566193215888805,0.4379483378046387,0.4291675369321771,0.5,0.637290178651746,0.7122591439828724,30,"[0, 1, 2, 3, 4, 5, 6, 7, 8, 9, 10, 11, 12, 13, 14, 15, 16, 17, 18, 19, 20, 21, 22, 23, 24, 25, 26, 27, 28, 29]","[1.2327977418899536, 1.2749332189559937, 1.3446916341781616, 1.2916412353515625, 1.2771259546279907, 1.2638016939163208, 1.2043856382369995, 1.3627123832702637, 1.3656564950942993, 1.2885838747024536, 1.3297054767608643, 1.220845341682434, 1.2822850942611694, 1.1710923910140991, 1.2723926305770874, 1.2283622026443481, 1.342449426651001, 1.2172144651412964, 1.31497323513031, 1.2116320133209229, 1.2316778898239136, 1.2252073287963867, 1.256089448928833, 1.1908423900604248, 1.2455388307571411, 1.2792044878005981, 1.253261685371399, 1.3203071355819702, 1.3307126760482788, 1.30036461353302]",sae,Pre-64
1,beta,26,0.155,0.4502231978181314,0.4442488029476733,0.4543279596191928,0.5,0.5832450787939482,0.6467159710436486,30,"[0, 1, 2, 3, 4, 5, 6, 7, 8, 9, 10, 11, 12, 13, 14, 15, 16, 17, 18, 19, 20, 21, 22, 23, 24, 25, 26, 27, 28, 29]","[1.1928632259368896, 1.2405122518539429, 1.345871925354004, 1.1563854217529297, 1.2403604984283447, 1.2882643938064575, 1.2576507329940796, 1.1638076305389404, 1.2436637878417969, 1.2316856384277344, 1.1425083875656128, 1.3435654640197754, 1.2971110343933105, 1.2433370351791382, 1.2939605712890625, 1.171868085861206, 1.239188551902771, 1.1536115407943726, 1.2687369585037231, 1.2480603456497192, 1.1861008405685425, 1.3335156440734863, 1.2545056343078613, 1.272678017616272, 1.3419463634490967, 1.3420088291168213, 1.2190983295440674, 1.2665693759918213, 1.0913294553756714, 1.203297734260559]",sae,Pre-64
1,beta,46,0.1,0.4545712902572906,0.4417269056853911,0.449517043217052,0.5,0.6270377926330811,0.6878233559014191,30,"[0, 1, 2, 3, 4, 5, 6, 7, 8, 9, 10, 11, 12, 13, 14, 15, 16, 17, 18, 19, 20, 21, 22, 23, 24, 25, 26, 27, 28, 29]","[1.3949611186981201, 1.4918999671936035, 1.4916588068008423, 1.4810725450515747, 1.4001433849334717, 1.5260839462280273, 1.4164223670959473, 1.5339412689208984, 1.4749009609222412, 1.5768394470214844, 1.2971256971359253, 1.409374475479126, 1.5402480363845825, 1.3922008275985718, 1.4574182033538818, 1.5360006093978882, 1.4721702337265015, 1.4875168800354004, 1.5458441972732544, 1.5302528142929077, 1.4499590396881104, 1.4481323957443237, 1.4808720350265503, 1.4788562059402466, 1.4892619848251343, 1.4997869729995728, 1.4683669805526733, 1.5268707275390625, 1.4514153003692627, 1.4720205068588257]",sae,Pre-64
1,beta,39,0.13,0.4461088087810431,0.4292341094433316,0.433207898676913,0.5,0.6205127278095635,0.6663970160675603,30,"[0, 1, 2, 3, 4, 5, 6, 7, 8, 9, 10, 11, 12, 13, 14, 15, 16, 17, 18, 19, 20, 21, 22, 23, 24, 25, 26, 27, 28, 29]","[1.2167878150939941, 1.2662395238876343, 1.2169160842895508, 1.1913596391677856, 1.1658653020858765, 1.2375081777572632, 1.2048174142837524, 1.2446707487106323, 1.187211275100708, 1.2309048175811768, 1.2083302736282349, 1.126328706741333, 1.2334845066070557, 1.1612918376922607, 1.2300559282302856, 1.2844440937042236, 1.2191240787506104, 1.2492425441741943, 1.1748157739639282, 1.110040545463562, 1.190069556236267, 1.2504042387008667, 1.1461914777755737, 1.1577028036117554, 1.2477617263793945, 1.2323919534683228, 1.0786917209625244, 1.1811965703964233, 1.2901833057403564, 1.1894258260726929]",sae,Pre-64
1,beta,12,0.098,0.4455148672091349,0.4361346773072694,0.4119630165004956,0.5,0.5892778403611032,0.7320301459463923,30,"[0, 1, 2, 3, 4, 5, 6, 7, 8, 9, 10, 11, 12, 13, 14, 15, 16, 17, 18, 19, 20, 21, 22, 23, 24, 25, 26, 27, 28, 29]","[1.3701560497283936, 1.4778083562850952, 1.386945366859436, 1.286709189414978, 1.4750255346298218, 1.4108420610427856, 1.4044791460037231, 1.4566256999969482, 1.491951584815979, 1.3629283905029297, 1.3647575378417969, 1.5330978631973267, 1.3912303447723389, 1.4636802673339844, 1.3489069938659668, 1.5367975234985352, 1.3213757276535034, 1.5152264833450317, 1.4367341995239258, 1.5293506383895874, 1.4931119680404663, 1.4396264553070068, 1.3911820650100708, 1.5354747772216797, 1.5129963159561157, 1.3817466497421265, 1.513502597808838, 1.4585860967636108, 1.4120869636535645, 1.5439918041229248]",sae,Pre-64
1,beta,7,0.15,0.4564836922581216,0.4420418003909208,0.4350087557930914,0.5,0.6095136152062148,0.7014046463761834,30,"[0, 1, 2, 3, 4, 5, 6, 7, 8, 9, 10, 11, 12, 13, 14, 15, 16, 17, 18, 19, 20, 21, 22, 23, 24, 25, 26, 27, 28, 29]","[1.28379487991333, 1.312894344329834, 1.3323402404785156, 1.2900344133377075, 1.3500691652297974, 1.3046948909759521, 1.253901481628418, 1.3078140020370483, 1.395899772644043, 1.315380573272705, 1.2279013395309448, 1.2760807275772095, 1.2361164093017578, 1.2559231519699097, 1.4085347652435303, 1.321012258529663, 1.2778112888336182, 1.2361040115356445, 1.3417705297470093, 1.3485313653945923, 1.3049150705337524, 1.3137831687927246, 1.3177095651626587, 1.267301082611084, 1.3660237789154053, 1.3286206722259521, 1.3029083013534546, 1.1851258277893066, 1.3872606754302979, 1.2753568887710571]",sae,Pre-64
1,beta,28,0.095,0.4589844236982603,0.4495627040154577,0.4416914499575025,0.5,0.5987249917034086,0.6982188996349501,30,"[0, 1, 2, 3, 4, 5, 6, 7, 8, 9, 10, 11, 12, 13, 14, 15, 16, 17, 18, 19, 20, 21, 22, 23, 24, 25, 26, 27, 28, 29]","[1.445098876953125, 1.3284549713134766, 1.3178985118865967, 1.5373198986053467, 1.4913841485977173, 1.4751442670822144, 1.4359619617462158, 1.3688991069793701, 1.4695265293121338, 1.501209020614624, 1.4311021566390991, 1.4616588354110718, 1.5089741945266724, 1.5190482139587402, 1.4520560503005981, 1.3990980386734009, 1.4338643550872803, 1.4902899265289307, 1.4649553298950195, 1.4650770425796509, 1.3996918201446533, 1.4197931289672852, 1.4217193126678467, 1.3699378967285156, 1.401472568511963, 1.4900456666946411, 1.5288269519805908, 1.4119569063186646, 1.3907071352005005, 1.4029841423034668]",sae,Pre-64
1,beta,2,0.11,0.4419681213812466,0.4306250660512843,0.4254865238765403,0.5,0.6028191218064636,0.6887533616172856,30,"[0, 1, 2, 3, 4, 5, 6, 7, 8, 9, 10, 11, 12, 13, 14, 15, 16, 17, 18, 19, 20, 21, 22, 23, 24, 25, 26, 27, 28, 29]","[1.3011077642440796, 1.31470787525177, 1.296461820602417, 1.3585798740386963, 1.300872802734375, 1.3783047199249268, 1.3190929889678955, 1.329239845275879, 1.2683308124542236, 1.2799835205078125, 1.3182708024978638, 1.2740998268127441, 1.3345867395401, 1.3849472999572754, 1.356400489807129, 1.3126927614212036, 1.363883137702942, 1.4157259464263916, 1.4087494611740112, 1.3871243000030518, 1.3160679340362549, 1.3089851140975952, 1.3730227947235107, 1.376391053199768, 1.3038114309310913, 1.3056012392044067, 1.3545986413955688, 1.3347957134246826, 1.1564669609069824, 1.411057710647583]",sae,Pre-64
1,beta,44,0.17,0.4469012312759677,0.43811650775401,0.4532017971598706,0.5,0.5982762074796864,0.6215449022761956,30,"[0, 1, 2, 3, 4, 5, 6, 7, 8, 9, 10, 11, 12, 13, 14, 15, 16, 17, 18, 19, 20, 21, 22, 23, 24, 25, 26, 27, 28, 29]","[1.3488805294036865, 1.3526556491851807, 1.2967970371246338, 1.326217532157898, 1.3422590494155884, 1.3987442255020142, 1.3751507997512817, 1.2943593263626099, 1.361806035041809, 1.412625789642334, 1.3414390087127686, 1.3177363872528076, 1.3470345735549927, 1.3137774467468262, 1.4158345460891724, 1.4148355722427368, 1.2837872505187988, 1.1918209791183472, 1.3574098348617554, 1.344181776046753, 1.3160099983215332, 1.2906898260116577, 1.3368302583694458, 1.34475839138031, 1.400489091873169, 1.300039529800415, 1.3214424848556519, 1.3442765474319458, 1.3395190238952637, 1.358313798904419]",sae,Pre-64
1,beta,47,0.185,0.4460371044958436,0.4257646434940195,0.4038360844656299,0.5,0.6434257056516428,0.7299395614993892,30,"[0, 1, 2, 3, 4, 5, 6, 7, 8, 9, 10, 11, 12, 13, 14, 15, 16, 17, 18, 19, 20, 21, 22, 23, 24, 25, 26, 27, 28, 29]","[1.322011947631836, 1.1735855340957642, 1.199169397354126, 1.1897640228271484, 1.2710696458816528, 1.3101874589920044, 1.2691465616226196, 1.2434953451156616, 1.2557023763656616, 1.2169398069381714, 1.2179733514785767, 1.1417953968048096, 1.1965587139129639, 1.3246327638626099, 1.1456531286239624, 1.2676500082015991, 1.1950846910476685, 1.2741752862930298, 1.1170583963394165, 1.1724237203598022, 1.2065913677215576, 1.2560796737670898, 1.2581701278686523, 1.176633596420288, 1.2608834505081177, 1.1376224756240845, 1.1246126890182495, 1.2416610717773438, 1.1852465867996216, 1.2449709177017212]",sae,Pre-64
1,beta,17,0.135,0.4599327030141671,0.4513468217402507,0.4415834965610484,0.5,0.6120635717004715,0.6984530030584072,30,"[0, 1, 2, 3, 4, 5, 6, 7, 8, 9, 10, 11, 12, 13, 14, 15, 16, 17, 18, 19, 20, 21, 22, 23, 24, 25, 26, 27, 28, 29]","[1.3962124586105347, 1.2815455198287964, 1.3064827919006348, 1.344815969467163, 1.3979601860046387, 1.2850878238677979, 1.3569484949111938, 1.229686975479126, 1.3161593675613403, 1.3149417638778687, 1.3726310729980469, 1.3813809156417847, 1.330418348312378, 1.3857088088989258, 1.3254059553146362, 1.337537407875061, 1.4033511877059937, 1.327532410621643, 1.369287133216858, 1.3375216722488403, 1.2602672576904297, 1.341547966003418, 1.1976324319839478, 1.316210389137268, 1.3077826499938965, 1.304223895072937, 1.2966676950454712, 1.327223300933838, 1.2818022966384888, 1.374432921409607]",sae,Pre-64
1,beta,8,0.094,0.4517491928182039,0.4406431065890545,0.4394281846492661,0.5,0.6098144493254953,0.6783415745279882,30,"[0, 1, 2, 3, 4, 5, 6, 7, 8, 9, 10, 11, 12, 13, 14, 15, 16, 17, 18, 19, 20, 21, 22, 23, 24, 25, 26, 27, 28, 29]","[1.3863550424575806, 1.498173713684082, 1.4149584770202637, 1.4460655450820923, 1.507043480873108, 1.4424511194229126, 1.4909309148788452, 1.4030802249908447, 1.449432611465454, 1.4986833333969116, 1.5068494081497192, 1.430676817893982, 1.414222002029419, 1.4472417831420898, 1.4761345386505127, 1.391650915145874, 1.4133652448654175, 1.4492980241775513, 1.3599071502685547, 1.4294567108154297, 1.4023573398590088, 1.378121256828308, 1.4815704822540283, 1.4140167236328125, 1.4811367988586426, 1.4852087497711182, 1.3828376531600952, 1.4808429479599, 1.4517155885696411, 1.451897144317627]",sae,Pre-64
1,beta,22,0.094,0.4519005213187685,0.4442985770479847,0.4443743678650471,0.5,0.5939599289403404,0.6801418251979436,30,"[0, 1, 2, 3, 4, 5, 6, 7, 8, 9, 10, 11, 12, 13, 14, 15, 16, 17, 18, 19, 20, 21, 22, 23, 24, 25, 26, 27, 28, 29]","[1.4122940301895142, 1.4580827951431274, 1.471170425415039, 1.4927104711532593, 1.5329031944274902, 1.4326461553573608, 1.4417766332626343, 1.4226291179656982, 1.4182806015014648, 1.4685721397399902, 1.4165292978286743, 1.5262187719345093, 1.4590997695922852, 1.5124611854553223, 1.377090573310852, 1.4987163543701172, 1.510292410850525, 1.4631563425064087, 1.39528226852417, 1.4044461250305176, 1.4835468530654907, 1.4819867610931396, 1.4833146333694458, 1.4337592124938965, 1.4856832027435303, 1.5185577869415283, 1.4185404777526855, 1.4068024158477783, 1.5474653244018555, 1.3875600099563599]",sae,Pre-64
1,beta,34,0.096,0.4568527557813058,0.4470225010708758,0.4484117473956787,0.5,0.6011606799053854,0.6782609199162712,30,"[0, 1, 2, 3, 4, 5, 6, 7, 8, 9, 10, 11, 12, 13, 14, 15, 16, 17, 18, 19, 20, 21, 22, 23, 24, 25, 26, 27, 28, 29]","[1.3839654922485352, 1.4688514471054077, 1.4743088483810425, 1.4195044040679932, 1.3690718412399292, 1.3845285177230835, 1.4256681203842163, 1.3433021306991577, 1.3472121953964233, 1.3883823156356812, 1.4434967041015625, 1.2474488019943237, 1.4544591903686523, 1.345291256904602, 1.3539332151412964, 1.3779205083847046, 1.4707047939300537, 1.4864144325256348, 1.3952282667160034, 1.3844330310821533, 1.402323603630066, 1.4886689186096191, 1.4223837852478027, 1.446516990661621, 1.3737674951553345, 1.320624589920044, 1.500160574913025, 1.4850728511810303, 1.4725120067596436, 1.4568499326705933]",sae,Pre-64
1,beta,20,0.15,0.4408022875601419,0.4262939306313442,0.431989054490434,0.5,0.6176087118064704,0.6484219308378764,30,"[0, 1, 2, 3, 4, 5, 6, 7, 8, 9, 10, 11, 12, 13, 14, 15, 16, 17, 18, 19, 20, 21, 22, 23, 24, 25, 26, 27, 28, 29]","[1.2500452995300293, 1.325442910194397, 1.2713028192520142, 1.3529876470565796, 1.3284882307052612, 1.314071536064148, 1.3210079669952393, 1.2502321004867554, 1.3188003301620483, 1.266287922859192, 1.2722753286361694, 1.2618690729141235, 1.3568589687347412, 1.2232705354690552, 1.2538282871246338, 1.3558377027511597, 1.2393341064453125, 1.2567113637924194, 1.2978875637054443, 1.2922433614730835, 1.3005138635635376, 1.2273614406585693, 1.318900465965271, 1.3660640716552734, 1.3229387998580933, 1.2384076118469238, 1.2657318115234375, 1.3020694255828857, 1.252301812171936, 1.3469476699829102]",sae,Pre-64
1,beta,19,0.185,0.4469965829377276,0.435497383761294,0.4126882780877415,0.5,0.6104665954706788,0.7118447089863995,30,"[0, 1, 2, 3, 4, 5, 6, 7, 8, 9, 10, 11, 12, 13, 14, 15, 16, 17, 18, 19, 20, 21, 22, 23, 24, 25, 26, 27, 28, 29]","[1.2497992515563965, 1.2594325542449951, 1.330376386642456, 1.2790814638137817, 1.1833076477050781, 1.2024589776992798, 1.2475519180297852, 1.3104586601257324, 1.2317568063735962, 1.3269544839859009, 1.3131870031356812, 1.3466441631317139, 1.2480193376541138, 1.2592309713363647, 1.1636964082717896, 1.1871951818466187, 1.3189575672149658, 1.3515400886535645, 1.203508973121643, 1.2366981506347656, 1.3598428964614868, 1.2453447580337524, 1.2382867336273193, 1.2399959564208984, 1.2393134832382202, 1.3227444887161255, 1.3426364660263062, 1.2643238306045532, 1.207790732383728, 1.2192575931549072]",sae,Pre-64
1,beta,35,0.115,0.4566193215888805,0.4379483378046387,0.4310736233311894,0.5,0.637290178651746,0.7134810403660592,30,"[0, 1, 2, 3, 4, 5, 6, 7, 8, 9, 10, 11, 12, 13, 14, 15, 16, 17, 18, 19, 20, 21, 22, 23, 24, 25, 26, 27, 28, 29]","[1.3079729080200195, 1.3594797849655151, 1.422587275505066, 1.3660268783569336, 1.3599218130111694, 1.3391355276107788, 1.280677080154419, 1.4439133405685425, 1.4546289443969727, 1.3674218654632568, 1.4154589176177979, 1.2958881855010986, 1.3574086427688599, 1.2517575025558472, 1.3488965034484863, 1.3043067455291748, 1.4286558628082275, 1.2870420217514038, 1.3885962963104248, 1.2928862571716309, 1.3086289167404175, 1.3004504442214966, 1.3270424604415894, 1.2843178510665894, 1.3277230262756348, 1.3598071336746216, 1.3272095918655396, 1.3923485279083252, 1.4219539165496826, 1.3801920413970947]",sae,Pre-64
1,beta,13,0.18,0.4619123366083722,0.4531466051409948,0.4367075282311671,0.5,0.6127276801885291,0.7078477166089023,30,"[0, 1, 2, 3, 4, 5, 6, 7, 8, 9, 10, 11, 12, 13, 14, 15, 16, 17, 18, 19, 20, 21, 22, 23, 24, 25, 26, 27, 28, 29]","[1.3737939596176147, 1.1880797147750854, 1.3569490909576416, 1.2982913255691528, 1.2711325883865356, 1.3598839044570923, 1.3003642559051514, 1.304834008216858, 1.3230628967285156, 1.3054317235946655, 1.3684574365615845, 1.2975468635559082, 1.3119022846221924, 1.3352962732315063, 1.3331000804901123, 1.2646929025650024, 1.251833438873291, 1.328188180923462, 1.2951337099075317, 1.2968355417251587, 1.2690207958221436, 1.2239974737167358, 1.2475024461746216, 1.2735809087753296, 1.2894102334976196, 1.2456142902374268, 1.288507103919983, 1.2603602409362793, 1.3032302856445312, 1.3050686120986938]",sae,Pre-64
1,beta,30,0.092,0.4638407167611665,0.4544841508273655,0.4397972285601008,0.5,0.6043368975359404,0.6949335472810021,30,"[0, 1, 2, 3, 4, 5, 6, 7, 8, 9, 10, 11, 12, 13, 14, 15, 16, 17, 18, 19, 20, 21, 22, 23, 24, 25, 26, 27, 28, 29]","[1.5271564722061157, 1.4959666728973389, 1.5072495937347412, 1.4477287530899048, 1.460603952407837, 1.4389994144439697, 1.449796199798584, 1.4261412620544434, 1.4188601970672607, 1.4372504949569702, 1.5016790628433228, 1.4318537712097168, 1.4075403213500977, 1.4296290874481201, 1.4965986013412476, 1.5006065368652344, 1.41876220703125, 1.4404518604278564, 1.5223342180252075, 1.4469150304794312, 1.4236558675765991, 1.388909101486206, 1.4878575801849365, 1.442771315574646, 1.55856192111969, 1.4353808164596558, 1.460754632949829, 1.430700421333313, 1.49790358543396, 1.453221082687378]",sae,Pre-64
1,beta,28,0.145,0.4589844236982603,0.4495627040154577,0.4363597930098649,0.5,0.5987249917034086,0.6954499122931779,30,"[0, 1, 2, 3, 4, 5, 6, 7, 8, 9, 10, 11, 12, 13, 14, 15, 16, 17, 18, 19, 20, 21, 22, 23, 24, 25, 26, 27, 28, 29]","[1.1352343559265137, 1.0775038003921509, 1.0399432182312012, 1.2336927652359009, 1.179149866104126, 1.2072476148605347, 1.1323752403259277, 1.10542631149292, 1.2175010442733765, 1.2215855121612549, 1.176476240158081, 1.2057819366455078, 1.218854308128357, 1.2209949493408203, 1.1551659107208252, 1.1379764080047607, 1.1653257608413696, 1.2166705131530762, 1.183241605758667, 1.1995640993118286, 1.135400652885437, 1.153017282485962, 1.1304819583892822, 1.08482027053833, 1.1267801523208618, 1.205606460571289, 1.2566165924072266, 1.1601134538650513, 1.1428003311157227, 1.122060775756836]",sae,Pre-64
1,beta,40,0.155,0.44666181227492,0.4340193094910912,0.4315977463634224,0.5,0.6093636266731638,0.6691148030273035,30,"[0, 1, 2, 3, 4, 5, 6, 7, 8, 9, 10, 11, 12, 13, 14, 15, 16, 17, 18, 19, 20, 21, 22, 23, 24, 25, 26, 27, 28, 29]","[1.354705810546875, 1.2982991933822632, 1.29740309715271, 1.2376148700714111, 1.2704707384109497, 1.3010847568511963, 1.3031631708145142, 1.31364905834198, 1.3285497426986694, 1.3334441184997559, 1.276314616203308, 1.283470630645752, 1.3501901626586914, 1.2382487058639526, 1.256363034248352, 1.3676563501358032, 1.2659852504730225, 1.3035893440246582, 1.2558115720748901, 1.2520558834075928, 1.262399673461914, 1.2721229791641235, 1.3271663188934326, 1.2913254499435425, 1.3407360315322876, 1.2704559564590454, 1.3344719409942627, 1.2346898317337036, 1.376000165939331, 1.2637803554534912]",sae,Pre-64
1,beta,0,0.2,0.4600628296558519,0.4487196928272481,0.4296173038364927,0.5,0.6146148452673732,0.7222143640425923,30,"[0, 1, 2, 3, 4, 5, 6, 7, 8, 9, 10, 11, 12, 13, 14, 15, 16, 17, 18, 19, 20, 21, 22, 23, 24, 25, 26, 27, 28, 29]","[1.2517865896224976, 1.2941882610321045, 1.2676180601119995, 1.3122082948684692, 1.2378818988800049, 1.268743872642517, 1.2997124195098877, 1.3341628313064575, 1.314259648323059, 1.2842397689819336, 1.2684686183929443, 1.2744842767715454, 1.320637583732605, 1.3075345754623413, 1.324333906173706, 1.2686054706573486, 1.289360523223877, 1.229630470275879, 1.1557328701019287, 1.308200478553772, 1.239280104637146, 1.2359915971755981, 1.3171147108078003, 1.2602388858795166, 1.251151442527771, 1.1963762044906616, 1.3202922344207764, 1.2204276323318481, 1.302560806274414, 1.2118793725967407]",sae,Pre-64
1,beta,45,0.135,0.4515599815008028,0.4347157609968581,0.440710329356324,0.5,0.6289673345145609,0.6746020928929474,30,"[0, 1, 2, 3, 4, 5, 6, 7, 8, 9, 10, 11, 12, 13, 14, 15, 16, 17, 18, 19, 20, 21, 22, 23, 24, 25, 26, 27, 28, 29]","[1.2668004035949707, 1.2543509006500244, 1.16933012008667, 1.3038716316223145, 1.3016066551208496, 1.1290541887283325, 1.3208510875701904, 1.2543578147888184, 1.2086715698242188, 1.1548763513565063, 1.2344955205917358, 1.3155192136764526, 1.2629507780075073, 1.1639304161071777, 1.210453748703003, 1.2376348972320557, 1.2191758155822754, 1.1073929071426392, 1.2455130815505981, 1.2539032697677612, 1.270265817642212, 1.185684323310852, 1.2650612592697144, 1.1175613403320312, 1.1055864095687866, 1.2950996160507202, 1.2016994953155518, 1.2161093950271606, 1.1144671440124512, 1.3062037229537964]",sae,Pre-64
1,beta,13,0.086,0.4619123366083722,0.4531466051409948,0.4416286110977342,0.5,0.6127276801885291,0.7101944628065393,30,"[0, 1, 2, 3, 4, 5, 6, 7, 8, 9, 10, 11, 12, 13, 14, 15, 16, 17, 18, 19, 20, 21, 22, 23, 24, 25, 26, 27, 28, 29]","[1.596189260482788, 1.4260457754135132, 1.5807918310165405, 1.5022556781768799, 1.4833012819290161, 1.5896652936935425, 1.5228314399719238, 1.51172935962677, 1.5456140041351318, 1.5145361423492432, 1.5896658897399902, 1.4943400621414185, 1.5571205615997314, 1.5484423637390137, 1.570949912071228, 1.4587078094482422, 1.480483889579773, 1.5488864183425903, 1.5324628353118896, 1.5282626152038574, 1.5037671327590942, 1.443905234336853, 1.4985039234161377, 1.4680018424987793, 1.4995465278625488, 1.4413496255874634, 1.5118310451507568, 1.4509690999984741, 1.5419925451278687, 1.505739450454712]",sae,Pre-64
1,beta,34,0.15,0.4568527557813058,0.4470225010708758,0.4459527749945386,0.5,0.6011606799053854,0.6769899334396832,30,"[0, 1, 2, 3, 4, 5, 6, 7, 8, 9, 10, 11, 12, 13, 14, 15, 16, 17, 18, 19, 20, 21, 22, 23, 24, 25, 26, 27, 28, 29]","[1.3120617866516113, 1.3953477144241333, 1.3984229564666748, 1.347914218902588, 1.3077917098999023, 1.3129961490631104, 1.3497495651245117, 1.2636892795562744, 1.2842966318130493, 1.317453145980835, 1.3704336881637573, 1.176191806793213, 1.3780841827392578, 1.2652229070663452, 1.2786887884140015, 1.3073726892471313, 1.3916124105453491, 1.4136689901351929, 1.3284326791763306, 1.3047981262207031, 1.330334186553955, 1.4128998517990112, 1.344939947128296, 1.361842155456543, 1.3089951276779175, 1.2530255317687988, 1.4268629550933838, 1.4083726406097412, 1.3993431329727173, 1.3788347244262695]",sae,Pre-64
1,beta,9,0.14,0.448644851968101,0.4348910401892977,0.4421534838583524,0.5,0.6286670530281078,0.6714575485366561,30,"[0, 1, 2, 3, 4, 5, 6, 7, 8, 9, 10, 11, 12, 13, 14, 15, 16, 17, 18, 19, 20, 21, 22, 23, 24, 25, 26, 27, 28, 29]","[1.325740098953247, 1.2613433599472046, 1.3456841707229614, 1.3234593868255615, 1.2630635499954224, 1.1273294687271118, 1.3194843530654907, 1.2442837953567505, 1.3237508535385132, 1.2056760787963867, 1.3131842613220215, 1.2674659490585327, 1.2721818685531616, 1.3117202520370483, 1.3581300973892212, 1.2801822423934937, 1.2421046495437622, 1.3337111473083496, 1.344508171081543, 1.2415486574172974, 1.3309636116027832, 1.3394428491592407, 1.2447155714035034, 1.3303370475769043, 1.3458378314971924, 1.329771876335144, 1.197092056274414, 1.1421455144882202, 1.2591029405593872, 1.3466482162475586]",sae,Pre-64
1,beta,29,0.11,0.4558655961502112,0.4409050416793991,0.4526335748030393,0.5,0.6296548282533407,0.6713997341489695,30,"[0, 1, 2, 3, 4, 5, 6, 7, 8, 9, 10, 11, 12, 13, 14, 15, 16, 17, 18, 19, 20, 21, 22, 23, 24, 25, 26, 27, 28, 29]","[1.3508509397506714, 1.3007609844207764, 1.1437102556228638, 1.4054803848266602, 1.3360905647277832, 1.3102024793624878, 1.419542908668518, 1.31141197681427, 1.3951232433319092, 1.4071955680847168, 1.3415929079055786, 1.3826940059661865, 1.3997397422790527, 1.3820104598999023, 1.3473938703536987, 1.382523536682129, 1.2963769435882568, 1.3301122188568115, 1.3031020164489746, 1.3478384017944336, 1.4247066974639893, 1.4344333410263062, 1.3328076601028442, 1.3466837406158447, 1.3509811162948608, 1.2851234674453735, 1.3439310789108276, 1.414110779762268, 1.460848093032837, 1.3149607181549072]",sae,Pre-64
1,beta,12,0.155,0.4455148672091349,0.4361346773072694,0.411845696872851,0.5,0.5892778403611032,0.7320527382671845,30,"[0, 1, 2, 3, 4, 5, 6, 7, 8, 9, 10, 11, 12, 13, 14, 15, 16, 17, 18, 19, 20, 21, 22, 23, 24, 25, 26, 27, 28, 29]","[1.362053394317627, 1.4696944952011108, 1.3788368701934814, 1.2786070108413696, 1.4669389724731445, 1.4027527570724487, 1.396328091621399, 1.4484529495239258, 1.4837815761566162, 1.3547927141189575, 1.3566601276397705, 1.524986743927002, 1.3830795288085938, 1.4555578231811523, 1.3407821655273438, 1.5286965370178223, 1.3132350444793701, 1.5071721076965332, 1.4285964965820312, 1.52128005027771, 1.4849354028701782, 1.4315050840377808, 1.3830205202102661, 1.5273531675338745, 1.5048905611038208, 1.3736296892166138, 1.5053812265396118, 1.450408935546875, 1.4039154052734375, 1.5358607769012451]",sae,Pre-64
1,beta,4,0.1,0.4589558369307028,0.4477177462853796,0.4573272822275626,0.5,0.61034827708266,0.6590901395878542,30,"[0, 1, 2, 3, 4, 5, 6, 7, 8, 9, 10, 11, 12, 13, 14, 15, 16, 17, 18, 19, 20, 21, 22, 23, 24, 25, 26, 27, 28, 29]","[1.3386311531066895, 1.3230602741241455, 1.2549585103988647, 1.3889715671539307, 1.2296175956726074, 1.269951343536377, 1.3066612482070923, 1.255424976348877, 1.345036506652832, 1.365928292274475, 1.3433009386062622, 1.2766754627227783, 1.3888498544692993, 1.2872469425201416, 1.2517997026443481, 1.3357737064361572, 1.3376374244689941, 1.3117927312850952, 1.271701455116272, 1.365427851676941, 1.3246688842773438, 1.3835554122924805, 1.328064203262329, 1.2396186590194702, 1.3244142532348633, 1.26154363155365, 1.283381700515747, 1.3014235496520996, 1.3682938814163208, 1.245916724205017]",sae,Pre-64
1,beta,15,0.2,0.4529015220185267,0.4424399871594601,0.4299752745616778,0.5,0.6161071485640408,0.7104388500704543,30,"[0, 1, 2, 3, 4, 5, 6, 7, 8, 9, 10, 11, 12, 13, 14, 15, 16, 17, 18, 19, 20, 21, 22, 23, 24, 25, 26, 27, 28, 29]","[1.2299801111221313, 1.1847343444824219, 1.2189772129058838, 1.2412837743759155, 1.2628064155578613, 1.214979648590088, 1.2048848867416382, 1.2269583940505981, 1.261054515838623, 1.2783626317977905, 1.2495888471603394, 1.1827675104141235, 1.309939980506897, 1.2766811847686768, 1.1982814073562622, 1.244126796722412, 1.204032301902771, 1.2919141054153442, 1.1798762083053589, 1.253524899482727, 1.3099684715270996, 1.2838414907455444, 1.2268978357315063, 1.2569197416305542, 1.1925318241119385, 1.109040379524231, 1.268615961074829, 1.31697416305542, 1.2298779487609863, 1.2434579133987427]",sae,Pre-64
1,beta,48,0.096,0.4556814132376,0.4510566266980289,0.4877607546871526,0.5,0.5923878577171784,0.5906183821614215,30,"[0, 1, 2, 3, 4, 5, 6, 7, 8, 9, 10, 11, 12, 13, 14, 15, 16, 17, 18, 19, 20, 21, 22, 23, 24, 25, 26, 27, 28, 29]","[1.5233646631240845, 1.469422459602356, 1.4559119939804077, 1.4447754621505737, 1.416342854499817, 1.365698218345642, 1.4616621732711792, 1.385947346687317, 1.4180713891983032, 1.4113800525665283, 1.4849570989608765, 1.4258769750595093, 1.4445743560791016, 1.4253801107406616, 1.3783540725708008, 1.4658786058425903, 1.4876201152801514, 1.4665192365646362, 1.497037649154663, 1.3431915044784546, 1.4201046228408813, 1.505607008934021, 1.507698893547058, 1.3301845788955688, 1.4266263246536255, 1.4806848764419556, 1.501509428024292, 1.4970511198043823, 1.4241669178009033, 1.453937292098999]",sae,Pre-64
1,beta,6,0.185,0.4540822999211705,0.4457917896713532,0.4384936900712481,0.5,0.5933447799067053,0.6652910519198336,30,"[0, 1, 2, 3, 4, 5, 6, 7, 8, 9, 10, 11, 12, 13, 14, 15, 16, 17, 18, 19, 20, 21, 22, 23, 24, 25, 26, 27, 28, 29]","[1.2093437910079956, 1.2324018478393555, 1.1689670085906982, 1.2286028861999512, 1.1660292148590088, 1.1364821195602417, 1.1552339792251587, 1.210248351097107, 1.1588280200958252, 1.2276009321212769, 1.1634801626205444, 1.1048387289047241, 1.1711478233337402, 1.1197253465652466, 1.0116533041000366, 1.2269690036773682, 1.129739761352539, 1.1970460414886475, 1.1658244132995605, 1.1922228336334229, 1.1664220094680786, 1.1494638919830322, 1.2115159034729004, 1.2004733085632324, 1.147264838218689, 1.1653865575790405, 1.1267348527908325, 1.1380363702774048, 1.188260555267334, 1.2108981609344482]",sae,Pre-64
1,beta,27,0.12,0.4609757262074365,0.4537266978541116,0.4565963469119399,0.5,0.5914172664146189,0.6601000397463386,30,"[0, 1, 2, 3, 4, 5, 6, 7, 8, 9, 10, 11, 12, 13, 14, 15, 16, 17, 18, 19, 20, 21, 22, 23, 24, 25, 26, 27, 28, 29]","[1.4042936563491821, 1.4572254419326782, 1.4102805852890015, 1.3873355388641357, 1.4428033828735352, 1.3525214195251465, 1.4542293548583984, 1.3183372020721436, 1.400170922279358, 1.4090715646743774, 1.3415664434432983, 1.452974557876587, 1.3875962495803833, 1.3446608781814575, 1.391382098197937, 1.306973934173584, 1.371043086051941, 1.4213117361068726, 1.3726060390472412, 1.378095030784607, 1.4518489837646484, 1.4214128255844116, 1.349848985671997, 1.2960232496261597, 1.3818682432174683, 1.459731936454773, 1.3639498949050903, 1.4231970310211182, 1.3098896741867065, 1.39751398563385]",sae,Pre-64
1,beta,19,0.125,0.4469965829377276,0.435497383761294,0.4126882780877415,0.5,0.6104665954706788,0.7118447089863995,30,"[0, 1, 2, 3, 4, 5, 6, 7, 8, 9, 10, 11, 12, 13, 14, 15, 16, 17, 18, 19, 20, 21, 22, 23, 24, 25, 26, 27, 28, 29]","[1.2504677772521973, 1.2601004838943481, 1.331042766571045, 1.2797486782073975, 1.1839711666107178, 1.2031257152557373, 1.2482197284698486, 1.3111242055892944, 1.2324244976043701, 1.3276196718215942, 1.3138524293899536, 1.3473100662231445, 1.2486851215362549, 1.2598956823349, 1.1643617153167725, 1.1878613233566284, 1.3196252584457397, 1.3522061109542847, 1.2041735649108887, 1.2373648881912231, 1.360508918762207, 1.246012806892395, 1.238952875137329, 1.240661382675171, 1.2399781942367554, 1.3234107494354248, 1.3433016538619995, 1.2649906873703003, 1.2084569931030273, 1.219925880432129]",sae,Pre-64
1,beta,42,0.095,0.4546678683050885,0.4407690563496341,0.4505202306254623,0.5,0.6336081445133979,0.6604307980949631,30,"[0, 1, 2, 3, 4, 5, 6, 7, 8, 9, 10, 11, 12, 13, 14, 15, 16, 17, 18, 19, 20, 21, 22, 23, 24, 25, 26, 27, 28, 29]","[1.3838082551956177, 1.2537373304367065, 1.3889353275299072, 1.3788751363754272, 1.2972980737686157, 1.368490219116211, 1.292305827140808, 1.2647664546966553, 1.269320011138916, 1.377135992050171, 1.354782223701477, 1.3956278562545776, 1.2716178894042969, 1.0957130193710327, 1.3995461463928223, 1.308659315109253, 1.2477333545684814, 1.2340977191925049, 1.355093002319336, 1.341596245765686, 1.2851591110229492, 1.271504521369934, 1.2889883518218994, 1.255914568901062, 1.2897884845733643, 1.2618597745895386, 1.3910002708435059, 1.2721997499465942, 1.3285257816314697, 1.2548521757125854]",sae,Pre-64
1,beta,14,0.095,0.4467366851483266,0.4421697276018216,0.4298240271327925,0.5,0.5934222168898753,0.6989306978209031,30,"[0, 1, 2, 3, 4, 5, 6, 7, 8, 9, 10, 11, 12, 13, 14, 15, 16, 17, 18, 19, 20, 21, 22, 23, 24, 25, 26, 27, 28, 29]","[1.356357455253601, 1.2446593046188354, 1.316162109375, 1.3400845527648926, 1.3703782558441162, 1.330084204673767, 1.321365237236023, 1.407378911972046, 1.3299834728240967, 1.385741949081421, 1.2880849838256836, 1.234642505645752, 1.2608188390731812, 1.3815401792526245, 1.3849389553070068, 1.3333134651184082, 1.4055966138839722, 1.3968546390533447, 1.323435664176941, 1.319573163986206, 1.3549872636795044, 1.3378174304962158, 1.3935364484786987, 1.2846341133117676, 1.3972680568695068, 1.3939090967178345, 1.330715537071228, 1.4005372524261475, 1.3856621980667114, 1.2771528959274292]",sae,Pre-64
1,beta,36,0.094,0.4642138821845151,0.4576483090311837,0.4580856452317052,0.5,0.6031055233182893,0.67486103124401,30,"[0, 1, 2, 3, 4, 5, 6, 7, 8, 9, 10, 11, 12, 13, 14, 15, 16, 17, 18, 19, 20, 21, 22, 23, 24, 25, 26, 27, 28, 29]","[1.359276294708252, 1.3314858675003052, 1.298919677734375, 1.3496670722961426, 1.2361232042312622, 1.3727757930755615, 1.3115155696868896, 1.346147060394287, 1.3832956552505493, 1.244503378868103, 1.2855231761932373, 1.3862535953521729, 1.2900179624557495, 1.3106253147125244, 1.3366599082946777, 1.3898882865905762, 1.3511133193969727, 1.3262590169906616, 1.3804932832717896, 1.28509521484375, 1.3349179029464722, 1.3068392276763916, 1.3241299390792847, 1.2997652292251587, 1.3746691942214966, 1.3445823192596436, 1.312542200088501, 1.324154257774353, 1.3708535432815552, 1.2806196212768555]",sae,Pre-64
1,beta,41,0.098,0.4543678569363413,0.4427951465832617,0.4506590434586242,0.5,0.6190905384235713,0.6751003240412885,30,"[0, 1, 2, 3, 4, 5, 6, 7, 8, 9, 10, 11, 12, 13, 14, 15, 16, 17, 18, 19, 20, 21, 22, 23, 24, 25, 26, 27, 28, 29]","[1.3022427558898926, 1.361507773399353, 1.2708308696746826, 1.2424784898757935, 1.23848557472229, 1.408605933189392, 1.2859774827957153, 1.3337771892547607, 1.3085228204727173, 1.3743860721588135, 1.370678424835205, 1.3303114175796509, 1.3382558822631836, 1.3829444646835327, 1.3869826793670654, 1.3195297718048096, 1.2802753448486328, 1.3373191356658936, 1.3351720571517944, 1.3427239656448364, 1.2541749477386475, 1.3092790842056274, 1.324061632156372, 1.331068992614746, 1.3268908262252808, 1.307329535484314, 1.3621279001235962, 1.3703261613845825, 1.3250677585601807, 1.2783259153366089]",sae,Pre-64
1,beta,22,0.14,0.4519005213187685,0.4442985770479847,0.4419811522167786,0.5,0.5939599289403404,0.6814065459593641,30,"[0, 1, 2, 3, 4, 5, 6, 7, 8, 9, 10, 11, 12, 13, 14, 15, 16, 17, 18, 19, 20, 21, 22, 23, 24, 25, 26, 27, 28, 29]","[1.3096463680267334, 1.3613516092300415, 1.3733681440353394, 1.375150203704834, 1.4267592430114746, 1.3404109477996826, 1.3384184837341309, 1.3297772407531738, 1.314761757850647, 1.3491660356521606, 1.3116892576217651, 1.419604778289795, 1.374551773071289, 1.4053288698196411, 1.2966562509536743, 1.3886648416519165, 1.3983657360076904, 1.3708645105361938, 1.2962899208068848, 1.3177742958068848, 1.3802790641784668, 1.3817890882492065, 1.3809609413146973, 1.3437836170196533, 1.3696186542510986, 1.4148540496826172, 1.3105071783065796, 1.3096802234649658, 1.452118158340454, 1.2964978218078613]",sae,Pre-64
1,beta,16,0.17,0.4519396108125126,0.4401978349795346,0.4284860633800419,0.5,0.6159012314439947,0.7162377096587623,30,"[0, 1, 2, 3, 4, 5, 6, 7, 8, 9, 10, 11, 12, 13, 14, 15, 16, 17, 18, 19, 20, 21, 22, 23, 24, 25, 26, 27, 28, 29]","[1.1816658973693848, 1.1550028324127197, 1.1471199989318848, 1.2204785346984863, 1.2079949378967285, 1.165111780166626, 1.2193855047225952, 1.2029938697814941, 1.166875958442688, 1.2151633501052856, 1.210678219795227, 1.1998637914657593, 1.1620948314666748, 1.1870687007904053, 1.0927399396896362, 1.1479129791259766, 1.2300509214401245, 1.0668492317199707, 1.1719896793365479, 1.1980695724487305, 1.2465873956680298, 1.2221996784210205, 1.220487117767334, 1.2173296213150024, 1.1057473421096802, 1.192488431930542, 1.110177755355835, 1.1703344583511353, 1.1249994039535522, 1.1530102491378784]",sae,Pre-64
1,beta,34,0.185,0.4568527557813058,0.4470225010708758,0.4459317068353226,0.5,0.6011606799053854,0.6769884858468851,30,"[0, 1, 2, 3, 4, 5, 6, 7, 8, 9, 10, 11, 12, 13, 14, 15, 16, 17, 18, 19, 20, 21, 22, 23, 24, 25, 26, 27, 28, 29]","[1.310007929801941, 1.393283724784851, 1.3963662385940552, 1.3458433151245117, 1.305712103843689, 1.310937762260437, 1.3476884365081787, 1.2616355419158936, 1.2822179794311523, 1.31538724899292, 1.3683687448501587, 1.174129843711853, 1.3760300874710083, 1.2631704807281494, 1.2766364812850952, 1.3053046464920044, 1.3895509243011475, 1.4116131067276, 1.3263574838638306, 1.3027344942092896, 1.3282585144042969, 1.4108450412750244, 1.3428744077682495, 1.3597921133041382, 1.3069348335266113, 1.2509597539901733, 1.424806833267212, 1.4063113927841187, 1.3972810506820679, 1.376779317855835]",sae,Pre-64
1,beta,3,0.135,0.4557259332451328,0.444824285747971,0.4608317593340123,0.5,0.6042731979176,0.6522617626399421,30,"[0, 1, 2, 3, 4, 5, 6, 7, 8, 9, 10, 11, 12, 13, 14, 15, 16, 17, 18, 19, 20, 21, 22, 23, 24, 25, 26, 27, 28, 29]","[1.3955485820770264, 1.4224827289581299, 1.4071085453033447, 1.3651286363601685, 1.4005255699157715, 1.437199354171753, 1.3931046724319458, 1.4407273530960083, 1.196030616760254, 1.4656498432159424, 1.35744309425354, 1.463706612586975, 1.3992713689804077, 1.3752747774124146, 1.4745583534240723, 1.3941059112548828, 1.3998725414276123, 1.4253157377243042, 1.3592621088027954, 1.3621243238449097, 1.3075976371765137, 1.3735822439193726, 1.3703254461288452, 1.4852099418640137, 1.455974817276001, 1.3849965333938599, 1.388085126876831, 1.3816196918487549, 1.450530767440796, 1.3877267837524414]",sae,Pre-64
1,beta,13,0.12,0.4619123366083722,0.4531466051409948,0.4391795684480425,0.5,0.6127276801885291,0.7109330183666365,30,"[0, 1, 2, 3, 4, 5, 6, 7, 8, 9, 10, 11, 12, 13, 14, 15, 16, 17, 18, 19, 20, 21, 22, 23, 24, 25, 26, 27, 28, 29]","[1.4767680168151855, 1.2966660261154175, 1.4650694131851196, 1.396389126777649, 1.371203899383545, 1.4727455377578735, 1.4051432609558105, 1.4025663137435913, 1.4379310607910156, 1.4050482511520386, 1.4746805429458618, 1.3864365816116333, 1.4273182153701782, 1.4462007284164429, 1.4435794353485107, 1.3575505018234253, 1.3577369451522827, 1.433013916015625, 1.407608151435852, 1.4141591787338257, 1.383805513381958, 1.3284857273101807, 1.3684067726135254, 1.3643158674240112, 1.3912063837051392, 1.3333768844604492, 1.4013956785202026, 1.3511449098587036, 1.411760687828064, 1.4009599685668945]",sae,Pre-64
1,beta,18,0.1,0.4575117633693479,0.4471831599677374,0.4222999304740879,0.5,0.6052065040104606,0.7306407734993767,30,"[0, 1, 2, 3, 4, 5, 6, 7, 8, 9, 10, 11, 12, 13, 14, 15, 16, 17, 18, 19, 20, 21, 22, 23, 24, 25, 26, 27, 28, 29]","[1.2529610395431519, 1.4029096364974976, 1.4316474199295044, 1.3554329872131348, 1.3617057800292969, 1.3716620206832886, 1.5387279987335205, 1.3351068496704102, 1.4177582263946533, 1.3112059831619263, 1.504134178161621, 1.404578447341919, 1.4311494827270508, 1.4452959299087524, 1.3654707670211792, 1.3145931959152222, 1.4366271495819092, 1.3611661195755005, 1.3429231643676758, 1.2741103172302246, 1.5222821235656738, 1.3415039777755737, 1.454727292060852, 1.4175249338150024, 1.4043279886245728, 1.3845760822296143, 1.4156663417816162, 1.4512749910354614, 1.4258334636688232, 1.3697248697280884]",sae,Pre-64
1,beta,47,0.16,0.4460371044958436,0.4257646434940195,0.4038360844656299,0.5,0.6434257056516428,0.7299395614993892,30,"[0, 1, 2, 3, 4, 5, 6, 7, 8, 9, 10, 11, 12, 13, 14, 15, 16, 17, 18, 19, 20, 21, 22, 23, 24, 25, 26, 27, 28, 29]","[1.3220430612564087, 1.1736165285110474, 1.1992006301879883, 1.1897951364517212, 1.271100640296936, 1.3102185726165771, 1.2691776752471924, 1.2435264587402344, 1.2557333707809448, 1.2169708013534546, 1.2180044651031494, 1.1418263912200928, 1.1965899467468262, 1.3246638774871826, 1.1456841230392456, 1.2676810026168823, 1.195115566253662, 1.2742063999176025, 1.1170893907546997, 1.172455072402954, 1.2066223621368408, 1.2561109066009521, 1.2582011222839355, 1.1766645908355713, 1.2609144449234009, 1.1376537084579468, 1.1246435642242432, 1.241692066192627, 1.1852779388427734, 1.2450019121170044]",sae,Pre-64
1,beta,24,0.09,0.4501416387440968,0.4383559369047743,0.4491714618505931,0.5,0.6188330126613704,0.6423845580933466,30,"[0, 1, 2, 3, 4, 5, 6, 7, 8, 9, 10, 11, 12, 13, 14, 15, 16, 17, 18, 19, 20, 21, 22, 23, 24, 25, 26, 27, 28, 29]","[1.491864562034607, 1.3990403413772583, 1.423405647277832, 1.501364827156067, 1.5066981315612793, 1.4174575805664062, 1.425376296043396, 1.4247205257415771, 1.4673404693603516, 1.3531460762023926, 1.4570460319519043, 1.4055100679397583, 1.5005569458007812, 1.4855899810791016, 1.4236178398132324, 1.3941395282745361, 1.507288932800293, 1.2996495962142944, 1.399434208869934, 1.5090913772583008, 1.4837276935577393, 1.502415418624878, 1.4027869701385498, 1.4633592367172241, 1.3819690942764282, 1.345932126045227, 1.4572157859802246, 1.3799948692321777, 1.511157751083374, 1.4163155555725098]",sae,Pre-64
1,beta,49,0.15,0.462130925118617,0.4524487678230295,0.4490162434443426,0.5,0.6141152509743157,0.6819725196037001,30,"[0, 1, 2, 3, 4, 5, 6, 7, 8, 9, 10, 11, 12, 13, 14, 15, 16, 17, 18, 19, 20, 21, 22, 23, 24, 25, 26, 27, 28, 29]","[1.2769101858139038, 1.3228325843811035, 1.3214714527130127, 1.3050822019577026, 1.2487618923187256, 1.286056399345398, 1.3556597232818604, 1.259509563446045, 1.375556230545044, 1.3365260362625122, 1.2791086435317993, 1.271106243133545, 1.3280396461486816, 1.328420639038086, 1.3589032888412476, 1.307497501373291, 1.4025952816009521, 1.3828930854797363, 1.2517735958099365, 1.3352539539337158, 1.3750877380371094, 1.2924513816833496, 1.3820397853851318, 1.3234609365463257, 1.2895641326904297, 1.3272391557693481, 1.3247811794281006, 1.2915538549423218, 1.2088978290557861, 1.2837716341018677]",sae,Pre-64
1,beta,3,0.17,0.4557259332451328,0.444824285747971,0.4549132281658707,0.5,0.6042731979176,0.6513656716202192,30,"[0, 1, 2, 3, 4, 5, 6, 7, 8, 9, 10, 11, 12, 13, 14, 15, 16, 17, 18, 19, 20, 21, 22, 23, 24, 25, 26, 27, 28, 29]","[1.3582147359848022, 1.389512062072754, 1.3720688819885254, 1.3205331563949585, 1.3613330125808716, 1.391627550125122, 1.3585132360458374, 1.4000990390777588, 1.1580299139022827, 1.425571084022522, 1.317639708518982, 1.4254639148712158, 1.3573894500732422, 1.3275001049041748, 1.4366614818572998, 1.362304449081421, 1.3656575679779053, 1.3849016427993774, 1.316766619682312, 1.3249386548995972, 1.2698638439178467, 1.341025948524475, 1.336836338043213, 1.4485617876052856, 1.4147987365722656, 1.3509215116500854, 1.3539952039718628, 1.345399260520935, 1.4114185571670532, 1.3522650003433228]",sae,Pre-64
1,beta,43,0.2,0.4515364523902173,0.4432102910589974,0.4335954511454435,0.5,0.6060785767234989,0.6967279466271312,30,"[0, 1, 2, 3, 4, 5, 6, 7, 8, 9, 10, 11, 12, 13, 14, 15, 16, 17, 18, 19, 20, 21, 22, 23, 24, 25, 26, 27, 28, 29]","[1.2137269973754883, 1.2966495752334595, 1.2138888835906982, 1.1676738262176514, 1.2102769613265991, 1.1480684280395508, 1.1920170783996582, 1.177064299583435, 1.259727120399475, 1.1724348068237305, 1.1425949335098267, 1.2585235834121704, 1.2058279514312744, 1.1739577054977417, 1.1621994972229004, 1.0888837575912476, 1.250617504119873, 1.1916553974151611, 1.2415788173675537, 1.2100411653518677, 1.173439860343933, 1.1695396900177002, 1.238284707069397, 1.2358100414276123, 1.1332714557647705, 1.2508617639541626, 1.267849326133728, 1.178114891052246, 1.2484055757522583, 1.2684884071350098]",sae,Pre-64
1,beta,22,0.175,0.4519005213187685,0.4442985770479847,0.4398732190737021,0.5,0.5939599289403404,0.681375663243097,30,"[0, 1, 2, 3, 4, 5, 6, 7, 8, 9, 10, 11, 12, 13, 14, 15, 16, 17, 18, 19, 20, 21, 22, 23, 24, 25, 26, 27, 28, 29]","[1.2002661228179932, 1.258560299873352, 1.2664190530776978, 1.2545732259750366, 1.320288062095642, 1.2497345209121704, 1.2205528020858765, 1.2353633642196655, 1.204096794128418, 1.2309828996658325, 1.2034629583358765, 1.3099236488342285, 1.2641675472259521, 1.295225977897644, 1.201810359954834, 1.2736369371414185, 1.2880191802978516, 1.2768807411193848, 1.203402042388916, 1.2155333757400513, 1.278455376625061, 1.2753490209579468, 1.2838516235351562, 1.2453616857528687, 1.250615119934082, 1.3082566261291504, 1.2040812969207764, 1.208994746208191, 1.3407922983169556, 1.2066010236740112]",sae,Pre-64
1,beta,29,0.095,0.4558655961502112,0.4409050416793991,0.4552539600344624,0.5,0.6296548282533407,0.671912254173966,30,"[0, 1, 2, 3, 4, 5, 6, 7, 8, 9, 10, 11, 12, 13, 14, 15, 16, 17, 18, 19, 20, 21, 22, 23, 24, 25, 26, 27, 28, 29]","[1.390162706375122, 1.3509488105773926, 1.1705427169799805, 1.4547045230865479, 1.382205843925476, 1.3551721572875977, 1.4697610139846802, 1.350989818572998, 1.4368560314178467, 1.460554838180542, 1.383484125137329, 1.4286072254180908, 1.445534110069275, 1.4228459596633911, 1.4020394086837769, 1.4218559265136719, 1.3528658151626587, 1.384814977645874, 1.3509137630462646, 1.3938319683074951, 1.4721232652664185, 1.488098382949829, 1.3767081499099731, 1.3893364667892456, 1.4004757404327393, 1.3252359628677368, 1.384680151939392, 1.4671870470046997, 1.5078731775283813, 1.3592716455459595]",sae,Pre-64
1,beta,24,0.165,0.4501416387440968,0.4383559369047743,0.44621284551913,0.5,0.6188330126613704,0.6402634682224428,30,"[0, 1, 2, 3, 4, 5, 6, 7, 8, 9, 10, 11, 12, 13, 14, 15, 16, 17, 18, 19, 20, 21, 22, 23, 24, 25, 26, 27, 28, 29]","[1.3195241689682007, 1.2652392387390137, 1.2814695835113525, 1.3329359292984009, 1.3405309915542603, 1.2786067724227905, 1.276141881942749, 1.2772305011749268, 1.2990561723709106, 1.1683077812194824, 1.3036714792251587, 1.2517532110214233, 1.3238788843154907, 1.3276050090789795, 1.2725228071212769, 1.2517625093460083, 1.344043493270874, 1.1436103582382202, 1.2577840089797974, 1.3454022407531738, 1.3233238458633423, 1.3341411352157593, 1.2765482664108276, 1.2993135452270508, 1.2434420585632324, 1.2043375968933105, 1.2900890111923218, 1.2483798265457153, 1.3460429906845093, 1.2670776844024658]",sae,Pre-64
1,beta,0,0.12,0.4600628296558519,0.4487196928272481,0.4296173038364927,0.5,0.6146148452673732,0.7222082802906209,30,"[0, 1, 2, 3, 4, 5, 6, 7, 8, 9, 10, 11, 12, 13, 14, 15, 16, 17, 18, 19, 20, 21, 22, 23, 24, 25, 26, 27, 28, 29]","[1.2529538869857788, 1.2953585386276245, 1.2687870264053345, 1.313374400138855, 1.239052414894104, 1.2699158191680908, 1.3008781671524048, 1.3353290557861328, 1.3154293298721313, 1.2854089736938477, 1.2696378231048584, 1.275648593902588, 1.3218022584915161, 1.3087023496627808, 1.3254989385604858, 1.2697725296020508, 1.2905265092849731, 1.2308001518249512, 1.156901478767395, 1.3093652725219727, 1.2404465675354004, 1.2371612787246704, 1.3182823657989502, 1.2614085674285889, 1.2523232698440552, 1.1975445747375488, 1.3214609622955322, 1.2215968370437622, 1.303726077079773, 1.2130519151687622]",sae,Pre-64
1,beta,28,0.2,0.4589844236982603,0.4495627040154577,0.4363597930098649,0.5,0.5987249917034086,0.6954499122931779,30,"[0, 1, 2, 3, 4, 5, 6, 7, 8, 9, 10, 11, 12, 13, 14, 15, 16, 17, 18, 19, 20, 21, 22, 23, 24, 25, 26, 27, 28, 29]","[1.1352343559265137, 1.0775038003921509, 1.0399432182312012, 1.2336927652359009, 1.179149866104126, 1.2072476148605347, 1.1323752403259277, 1.10542631149292, 1.2175010442733765, 1.2215855121612549, 1.176476240158081, 1.2057819366455078, 1.218854308128357, 1.2209949493408203, 1.1551659107208252, 1.1379764080047607, 1.1653257608413696, 1.2166705131530762, 1.183241605758667, 1.1995640993118286, 1.135400652885437, 1.153017282485962, 1.1304819583892822, 1.08482027053833, 1.1267801523208618, 1.205606460571289, 1.2566165924072266, 1.1601134538650513, 1.1428003311157227, 1.122060775756836]",sae,Pre-64
1,beta,13,0.098,0.4619123366083722,0.4531466051409948,0.4392091031204241,0.5,0.6127276801885291,0.7109132859661758,30,"[0, 1, 2, 3, 4, 5, 6, 7, 8, 9, 10, 11, 12, 13, 14, 15, 16, 17, 18, 19, 20, 21, 22, 23, 24, 25, 26, 27, 28, 29]","[1.4788895845413208, 1.298776388168335, 1.4671860933303833, 1.3985140323638916, 1.3733357191085815, 1.474855899810791, 1.4072619676589966, 1.4046920537948608, 1.440038800239563, 1.4071738719940186, 1.4767996072769165, 1.3885598182678223, 1.4294229745864868, 1.4483122825622559, 1.4456936120986938, 1.3596733808517456, 1.3598616123199463, 1.4351427555084229, 1.4097214937210083, 1.416266918182373, 1.3859210014343262, 1.3306130170822144, 1.3705075979232788, 1.3664531707763672, 1.3933212757110596, 1.3355035781860352, 1.4035102128982544, 1.3532811403274536, 1.4138686656951904, 1.4030940532684326]",sae,Pre-64
1,beta,3,0.11,0.4557259332451328,0.444824285747971,0.4644119436937798,0.5,0.6042731979176,0.6522660985642309,30,"[0, 1, 2, 3, 4, 5, 6, 7, 8, 9, 10, 11, 12, 13, 14, 15, 16, 17, 18, 19, 20, 21, 22, 23, 24, 25, 26, 27, 28, 29]","[1.3976258039474487, 1.42454993724823, 1.4091882705688477, 1.367182970046997, 1.4025989770889282, 1.439254879951477, 1.3951752185821533, 1.4427918195724487, 1.1981086730957031, 1.4677188396453857, 1.3595128059387207, 1.46577787399292, 1.4013373851776123, 1.3773212432861328, 1.4766266345977783, 1.3961899280548096, 1.4019410610198975, 1.4273834228515625, 1.3613324165344238, 1.3642030954360962, 1.3096609115600586, 1.3756567239761353, 1.3723937273025513, 1.4872733354568481, 1.4580353498458862, 1.387074589729309, 1.3901655673980713, 1.3836995363235474, 1.4526028633117676, 1.389792561531067]",sae,Pre-64
1,beta,3,0.195,0.4557259332451328,0.444824285747971,0.4518532170259603,0.5,0.6042731979176,0.6513801247011826,30,"[0, 1, 2, 3, 4, 5, 6, 7, 8, 9, 10, 11, 12, 13, 14, 15, 16, 17, 18, 19, 20, 21, 22, 23, 24, 25, 26, 27, 28, 29]","[1.357000708580017, 1.3883044719696045, 1.3708550930023193, 1.3193303346633911, 1.3601202964782715, 1.3904240131378174, 1.3573030233383179, 1.3988920450210571, 1.156812071800232, 1.4243605136871338, 1.3164302110671997, 1.424254298210144, 1.3561806678771973, 1.326300859451294, 1.4354521036148071, 1.3610901832580566, 1.3644484281539917, 1.3836926221847534, 1.3155553340911865, 1.3237230777740479, 1.268656611442566, 1.3398137092590332, 1.3356274366378784, 1.4473565816879272, 1.413593053817749, 1.349707841873169, 1.352780818939209, 1.3441855907440186, 1.410206913948059, 1.3510587215423584]",sae,Pre-64
1,beta,47,0.1,0.4460371044958436,0.4257646434940195,0.4051343932105969,0.5,0.6434257056516428,0.7317945090979232,30,"[0, 1, 2, 3, 4, 5, 6, 7, 8, 9, 10, 11, 12, 13, 14, 15, 16, 17, 18, 19, 20, 21, 22, 23, 24, 25, 26, 27, 28, 29]","[1.4612706899642944, 1.30222749710083, 1.313313603401184, 1.3268319368362427, 1.409407138824463, 1.4469770193099976, 1.396180510520935, 1.4084792137145996, 1.401427984237671, 1.3398460149765015, 1.343611240386963, 1.2753407955169678, 1.3226525783538818, 1.461822748184204, 1.2946605682373047, 1.4207864999771118, 1.3411628007888794, 1.4069222211837769, 1.2498594522476196, 1.293700933456421, 1.3394988775253296, 1.3880358934402466, 1.4125697612762451, 1.306140422821045, 1.3969100713729858, 1.2774542570114136, 1.2467273473739624, 1.385837435722351, 1.2967959642410278, 1.3775783777236938]",sae,Pre-64
1,beta,19,0.088,0.4469965829377276,0.435497383761294,0.4137614253215513,0.5,0.6104665954706788,0.713353959229827,30,"[0, 1, 2, 3, 4, 5, 6, 7, 8, 9, 10, 11, 12, 13, 14, 15, 16, 17, 18, 19, 20, 21, 22, 23, 24, 25, 26, 27, 28, 29]","[1.3317548036575317, 1.3450714349746704, 1.4212158918380737, 1.3649028539657593, 1.2836034297943115, 1.297929048538208, 1.336416244506836, 1.4077422618865967, 1.3129264116287231, 1.427305817604065, 1.4202443361282349, 1.4474711418151855, 1.334734320640564, 1.348880410194397, 1.2637877464294434, 1.2829965353012085, 1.4107158184051514, 1.4443855285644531, 1.2963569164276123, 1.3236567974090576, 1.4601291418075562, 1.326123833656311, 1.33256995677948, 1.3276762962341309, 1.3239680528640747, 1.4220317602157593, 1.4345535039901733, 1.35100519657135, 1.305829644203186, 1.3008102178573608]",sae,Pre-64
1,beta,48,0.125,0.4556814132376,0.4510566266980289,0.4850707287438782,0.5,0.5923878577171784,0.588894205179892,30,"[0, 1, 2, 3, 4, 5, 6, 7, 8, 9, 10, 11, 12, 13, 14, 15, 16, 17, 18, 19, 20, 21, 22, 23, 24, 25, 26, 27, 28, 29]","[1.4217227697372437, 1.3684706687927246, 1.3564761877059937, 1.3425625562667847, 1.3225717544555664, 1.2860503196716309, 1.3626270294189453, 1.2775039672851562, 1.3248302936553955, 1.3200088739395142, 1.376672625541687, 1.3324859142303467, 1.3368219137191772, 1.326521873474121, 1.2893184423446655, 1.3700133562088013, 1.3617407083511353, 1.3644112348556519, 1.397103190422058, 1.2366260290145874, 1.3237782716751099, 1.3952724933624268, 1.3991918563842773, 1.2324578762054443, 1.3345524072647095, 1.370308518409729, 1.4015568494796753, 1.3759686946868896, 1.3300977945327759, 1.3539988994598389]",sae,Pre-64
1,beta,18,0.16,0.4575117633693479,0.4471831599677374,0.4182839141236465,0.5,0.6052065040104606,0.7279783219994782,30,"[0, 1, 2, 3, 4, 5, 6, 7, 8, 9, 10, 11, 12, 13, 14, 15, 16, 17, 18, 19, 20, 21, 22, 23, 24, 25, 26, 27, 28, 29]","[1.08156156539917, 1.1808451414108276, 1.2274887561798096, 1.1775970458984375, 1.1839946508407593, 1.1783868074417114, 1.302558422088623, 1.1474957466125488, 1.2003755569458008, 1.1137614250183105, 1.279771089553833, 1.1947054862976074, 1.217077374458313, 1.243087649345398, 1.1674503087997437, 1.1044795513153076, 1.2428091764450073, 1.1572407484054565, 1.1403177976608276, 1.0754040479660034, 1.2844663858413696, 1.1361045837402344, 1.2445805072784424, 1.2017990350723267, 1.1962649822235107, 1.1700507402420044, 1.2117968797683716, 1.2385376691818237, 1.2291908264160156, 1.181313395500183]",sae,Pre-64
1,beta,15,0.145,0.4529015220185267,0.4424399871594601,0.4320229093219047,0.5,0.6161071485640408,0.7104432080651956,30,"[0, 1, 2, 3, 4, 5, 6, 7, 8, 9, 10, 11, 12, 13, 14, 15, 16, 17, 18, 19, 20, 21, 22, 23, 24, 25, 26, 27, 28, 29]","[1.2302850484848022, 1.1850389242172241, 1.2192813158035278, 1.241589069366455, 1.2631102800369263, 1.2152843475341797, 1.20518958568573, 1.2272627353668213, 1.2613590955734253, 1.2786670923233032, 1.249893307685852, 1.1830722093582153, 1.3102443218231201, 1.2769854068756104, 1.1985853910446167, 1.244430661201477, 1.204337239265442, 1.2922179698944092, 1.1801801919937134, 1.2538295984268188, 1.3102725744247437, 1.2841464281082153, 1.2272018194198608, 1.257224202156067, 1.1928361654281616, 1.1093443632125854, 1.2689200639724731, 1.3172779083251953, 1.230182409286499, 1.2437618970870972]",sae,Pre-64
1,beta,5,0.16,0.4445517550333296,0.4301735816232515,0.4289641968263221,0.5,0.6070910659257547,0.6831725870873782,30,"[0, 1, 2, 3, 4, 5, 6, 7, 8, 9, 10, 11, 12, 13, 14, 15, 16, 17, 18, 19, 20, 21, 22, 23, 24, 25, 26, 27, 28, 29]","[1.3452895879745483, 1.2463229894638062, 1.2487441301345825, 1.364573359489441, 1.3633395433425903, 1.2951678037643433, 1.2951523065567017, 1.2767934799194336, 1.3349010944366455, 1.2623955011367798, 1.3484845161437988, 1.3667821884155273, 1.295466423034668, 1.2988227605819702, 1.3771920204162598, 1.3211934566497803, 1.3261951208114624, 1.3536796569824219, 1.235905408859253, 1.302121639251709, 1.3784428834915161, 1.3093292713165283, 1.3710570335388184, 1.2595746517181396, 1.3008441925048828, 1.3772560358047485, 1.246036171913147, 1.2776803970336914, 1.356444001197815, 1.3024803400039673]",sae,Pre-64
1,beta,23,0.094,0.4478205607315014,0.4344954522622479,0.4345731928011991,0.5,0.6150139710231751,0.6749517027704531,30,"[0, 1, 2, 3, 4, 5, 6, 7, 8, 9, 10, 11, 12, 13, 14, 15, 16, 17, 18, 19, 20, 21, 22, 23, 24, 25, 26, 27, 28, 29]","[1.3905754089355469, 1.4499491453170776, 1.4290351867675781, 1.541265606880188, 1.3204253911972046, 1.386513590812683, 1.5225659608840942, 1.4137941598892212, 1.3891130685806274, 1.5236366987228394, 1.528751015663147, 1.4834707975387573, 1.4727007150650024, 1.3677129745483398, 1.4612051248550415, 1.5205506086349487, 1.213065266609192, 1.4263430833816528, 1.371450424194336, 1.4034509658813477, 1.5184471607208252, 1.5407402515411377, 1.3914861679077148, 1.5336823463439941, 1.526511549949646, 1.4339964389801025, 1.389792799949646, 1.431239366531372, 1.433591604232788, 1.5421109199523926]",sae,Pre-64
1,beta,41,0.155,0.4543678569363413,0.4427951465832617,0.4483904624486973,0.5,0.6190905384235713,0.673864246013863,30,"[0, 1, 2, 3, 4, 5, 6, 7, 8, 9, 10, 11, 12, 13, 14, 15, 16, 17, 18, 19, 20, 21, 22, 23, 24, 25, 26, 27, 28, 29]","[1.2574564218521118, 1.3111655712127686, 1.2084485292434692, 1.198920488357544, 1.1810517311096191, 1.3534736633300781, 1.2351516485214233, 1.2816517353057861, 1.260169506072998, 1.316695213317871, 1.3179436922073364, 1.278706669807434, 1.2861710786819458, 1.3251734972000122, 1.3332561254501343, 1.2734462022781372, 1.2235326766967773, 1.283843994140625, 1.2734787464141846, 1.2931945323944092, 1.2016475200653076, 1.2641030550003052, 1.2779465913772583, 1.2803893089294434, 1.2767927646636963, 1.2619324922561646, 1.30902099609375, 1.3142513036727905, 1.2699463367462158, 1.2191789150238037]",sae,Pre-64
1,beta,29,0.145,0.4558655961502112,0.4409050416793991,0.4526144637446228,0.5,0.6296548282533407,0.6714042299386624,30,"[0, 1, 2, 3, 4, 5, 6, 7, 8, 9, 10, 11, 12, 13, 14, 15, 16, 17, 18, 19, 20, 21, 22, 23, 24, 25, 26, 27, 28, 29]","[1.3483858108520508, 1.298304796218872, 1.1412074565887451, 1.4030226469039917, 1.3336164951324463, 1.3077346086502075, 1.4170893430709839, 1.308934211730957, 1.3926608562469482, 1.4047443866729736, 1.3391234874725342, 1.3802250623703003, 1.3972760438919067, 1.379546046257019, 1.3449393510818481, 1.3800618648529053, 1.293935775756836, 1.3276604413986206, 1.3006349802017212, 1.345371961593628, 1.4222460985183716, 1.431983470916748, 1.3303370475769043, 1.344207763671875, 1.3485194444656372, 1.2826510667800903, 1.3414627313613892, 1.411657691001892, 1.4583877325057983, 1.3124964237213135]",sae,Pre-64
1,beta,31,0.135,0.4497611378811508,0.4308970333737342,0.4285981848998714,0.5,0.642735734520437,0.7085260449788982,30,"[0, 1, 2, 3, 4, 5, 6, 7, 8, 9, 10, 11, 12, 13, 14, 15, 16, 17, 18, 19, 20, 21, 22, 23, 24, 25, 26, 27, 28, 29]","[1.2935667037963867, 1.276192545890808, 1.2282222509384155, 1.219333291053772, 1.2934401035308838, 1.3196501731872559, 1.2335869073867798, 1.2954566478729248, 1.2764203548431396, 1.2828648090362549, 1.2807574272155762, 1.2907952070236206, 1.3182028532028198, 1.160654067993164, 1.3351964950561523, 1.2755661010742188, 1.2829391956329346, 1.2669181823730469, 1.2845849990844727, 1.2438626289367676, 1.3383744955062866, 1.2953866720199585, 1.32512366771698, 1.3118054866790771, 1.283645749092102, 1.293913722038269, 1.2060399055480957, 1.3422272205352783, 1.2309521436691284, 1.3140151500701904]",sae,Pre-64
1,beta,35,0.096,0.4566193215888805,0.4379483378046387,0.4310829737534133,0.5,0.637290178651746,0.7134705455504982,30,"[0, 1, 2, 3, 4, 5, 6, 7, 8, 9, 10, 11, 12, 13, 14, 15, 16, 17, 18, 19, 20, 21, 22, 23, 24, 25, 26, 27, 28, 29]","[1.309464454650879, 1.3609755039215088, 1.4240808486938477, 1.3675272464752197, 1.3614170551300049, 1.3406389951705933, 1.2821686267852783, 1.4454063177108765, 1.456118106842041, 1.3689156770706177, 1.4169450998306274, 1.2973909378051758, 1.358911395072937, 1.2532483339309692, 1.3503953218460083, 1.3058022260665894, 1.4301483631134033, 1.288547158241272, 1.390097737312317, 1.2943757772445679, 1.310123085975647, 1.3019402027130127, 1.3285472393035889, 1.2858006954193115, 1.3292200565338135, 1.3613020181655884, 1.3287012577056885, 1.3938541412353516, 1.4234397411346436, 1.3816906213760376]",sae,Pre-64
1,beta,8,0.115,0.4517491928182039,0.4406431065890545,0.4376508929392237,0.5,0.6098144493254953,0.6773130168431627,30,"[0, 1, 2, 3, 4, 5, 6, 7, 8, 9, 10, 11, 12, 13, 14, 15, 16, 17, 18, 19, 20, 21, 22, 23, 24, 25, 26, 27, 28, 29]","[1.253986120223999, 1.358619213104248, 1.296519160270691, 1.3224180936813354, 1.3776040077209473, 1.3109456300735474, 1.3596808910369873, 1.2847882509231567, 1.335866928100586, 1.3603663444519043, 1.3782141208648682, 1.3072091341018677, 1.309120774269104, 1.3352653980255127, 1.3495982885360718, 1.2755430936813354, 1.2993546724319458, 1.3226935863494873, 1.2456897497177124, 1.2929320335388184, 1.278674840927124, 1.258958101272583, 1.3604094982147217, 1.291463851928711, 1.3513106107711792, 1.354027271270752, 1.2611558437347412, 1.3543486595153809, 1.3212270736694336, 1.3085218667984009]",sae,Pre-64
1,beta,28,0.18,0.4589844236982603,0.4495627040154577,0.4363597930098649,0.5,0.5987249917034086,0.6954499122931779,30,"[0, 1, 2, 3, 4, 5, 6, 7, 8, 9, 10, 11, 12, 13, 14, 15, 16, 17, 18, 19, 20, 21, 22, 23, 24, 25, 26, 27, 28, 29]","[1.1352343559265137, 1.0775038003921509, 1.0399432182312012, 1.2336927652359009, 1.179149866104126, 1.2072476148605347, 1.1323752403259277, 1.10542631149292, 1.2175010442733765, 1.2215855121612549, 1.176476240158081, 1.2057819366455078, 1.218854308128357, 1.2209949493408203, 1.1551659107208252, 1.1379764080047607, 1.1653257608413696, 1.2166705131530762, 1.183241605758667, 1.1995640993118286, 1.135400652885437, 1.153017282485962, 1.1304819583892822, 1.08482027053833, 1.1267801523208618, 1.205606460571289, 1.2566165924072266, 1.1601134538650513, 1.1428003311157227, 1.122060775756836]",sae,Pre-64
1,beta,13,0.155,0.4619123366083722,0.4531466051409948,0.4367075282311671,0.5,0.6127276801885291,0.7078477166089023,30,"[0, 1, 2, 3, 4, 5, 6, 7, 8, 9, 10, 11, 12, 13, 14, 15, 16, 17, 18, 19, 20, 21, 22, 23, 24, 25, 26, 27, 28, 29]","[1.374158263206482, 1.1884437799453735, 1.3573135137557983, 1.2986561059951782, 1.2714985609054565, 1.3602482080459595, 1.300728440284729, 1.3051997423171997, 1.323427438735962, 1.3057971000671387, 1.3688223361968994, 1.297911286354065, 1.3122658729553223, 1.3356611728668213, 1.3334646224975586, 1.2650569677352905, 1.2521981000900269, 1.328554391860962, 1.2954975366592407, 1.297200322151184, 1.2693854570388794, 1.224363088607788, 1.2478663921356201, 1.273946762084961, 1.2897746562957764, 1.2459787130355835, 1.2888725996017456, 1.2607263326644897, 1.3035935163497925, 1.3054341077804565]",sae,Pre-64
1,beta,25,0.13,0.4465066892532915,0.4352791138475453,0.4389092194785041,0.5,0.6270054355300688,0.6628356843445969,30,"[0, 1, 2, 3, 4, 5, 6, 7, 8, 9, 10, 11, 12, 13, 14, 15, 16, 17, 18, 19, 20, 21, 22, 23, 24, 25, 26, 27, 28, 29]","[1.3742603063583374, 1.3849928379058838, 1.2835683822631836, 1.4078391790390015, 1.4038593769073486, 1.3938841819763184, 1.2805442810058594, 1.3043179512023926, 1.3514840602874756, 1.2560137510299683, 1.4054687023162842, 1.3237032890319824, 1.3870779275894165, 1.3123732805252075, 1.2954909801483154, 1.3220586776733398, 1.1908518075942993, 1.2319146394729614, 1.2750450372695923, 1.3008641004562378, 1.4173860549926758, 1.2158836126327515, 1.3684675693511963, 1.3177016973495483, 1.3512318134307861, 1.3028875589370728, 1.4319274425506592, 1.382993459701538, 1.403052806854248, 1.2576501369476318]",sae,Pre-64
1,beta,8,0.175,0.4517491928182039,0.4406431065890545,0.4376182226120947,0.5,0.6098144493254953,0.6769494139201914,30,"[0, 1, 2, 3, 4, 5, 6, 7, 8, 9, 10, 11, 12, 13, 14, 15, 16, 17, 18, 19, 20, 21, 22, 23, 24, 25, 26, 27, 28, 29]","[1.2358920574188232, 1.3383784294128418, 1.2782869338989258, 1.306965708732605, 1.3590965270996094, 1.2922016382217407, 1.339735984802246, 1.2663679122924805, 1.3169875144958496, 1.3386330604553223, 1.3568779230117798, 1.2912877798080444, 1.2908700704574585, 1.3188163042068481, 1.332313895225525, 1.2599374055862427, 1.2836474180221558, 1.30514395236969, 1.2305337190628052, 1.2722771167755127, 1.2575407028198242, 1.239629864692688, 1.3388408422470093, 1.273190975189209, 1.3327276706695557, 1.3361742496490479, 1.2428752183914185, 1.3337823152542114, 1.3027323484420776, 1.2895874977111816]",sae,Pre-64
1,beta,40,0.19,0.44666181227492,0.4340193094910912,0.4315790848856494,0.5,0.6093636266731638,0.6691071890846518,30,"[0, 1, 2, 3, 4, 5, 6, 7, 8, 9, 10, 11, 12, 13, 14, 15, 16, 17, 18, 19, 20, 21, 22, 23, 24, 25, 26, 27, 28, 29]","[1.3537334203720093, 1.2973270416259766, 1.2964261770248413, 1.236639380455017, 1.2694988250732422, 1.3001095056533813, 1.3021844625473022, 1.3126744031906128, 1.3275740146636963, 1.3324689865112305, 1.2753419876098633, 1.2824982404708862, 1.3492181301116943, 1.2372745275497437, 1.2553914785385132, 1.3666831254959106, 1.2650152444839478, 1.3026151657104492, 1.2548352479934692, 1.2510836124420166, 1.2614210844039917, 1.2711458206176758, 1.3261933326721191, 1.2903519868850708, 1.3397635221481323, 1.2694822549819946, 1.3334966897964478, 1.2337156534194946, 1.3750282526016235, 1.2628002166748047]",sae,Pre-64
1,beta,35,0.15,0.4566193215888805,0.4379483378046387,0.4291675369321771,0.5,0.637290178651746,0.7122606432422385,30,"[0, 1, 2, 3, 4, 5, 6, 7, 8, 9, 10, 11, 12, 13, 14, 15, 16, 17, 18, 19, 20, 21, 22, 23, 24, 25, 26, 27, 28, 29]","[1.233260989189148, 1.2753971815109253, 1.3451546430587769, 1.2921055555343628, 1.2775896787643433, 1.2642673254013062, 1.204849123954773, 1.3631761074066162, 1.3661197423934937, 1.2890483140945435, 1.3301680088043213, 1.2213108539581299, 1.2827495336532593, 1.1715569496154785, 1.2728570699691772, 1.228826880455017, 1.342913269996643, 1.2176806926727295, 1.3154374361038208, 1.2120946645736694, 1.2321419715881348, 1.2256699800491333, 1.2565546035766602, 1.191305160522461, 1.2460036277770996, 1.2796682119369507, 1.2537245750427246, 1.3207730054855347, 1.3311748504638672, 1.3008298873901367]",sae,Pre-64
1,beta,37,0.14,0.4546908257221888,0.444978337644671,0.4259700181712841,0.5,0.6058579085235571,0.7195908426986638,30,"[0, 1, 2, 3, 4, 5, 6, 7, 8, 9, 10, 11, 12, 13, 14, 15, 16, 17, 18, 19, 20, 21, 22, 23, 24, 25, 26, 27, 28, 29]","[1.219565510749817, 1.2909448146820068, 1.2644902467727661, 1.255459189414978, 1.1854652166366577, 1.2910757064819336, 1.2311203479766846, 1.3290261030197144, 1.3758245706558228, 1.2906723022460938, 1.264970064163208, 1.2680684328079224, 1.3043264150619507, 1.2617653608322144, 1.329479694366455, 1.2704694271087646, 1.2648183107376099, 1.316183090209961, 1.2792127132415771, 1.284716010093689, 1.286115050315857, 1.2911081314086914, 1.3360506296157837, 1.3105804920196533, 1.2809031009674072, 1.3187580108642578, 1.2742424011230469, 1.2890963554382324, 1.3117704391479492, 1.3293036222457886]",sae,Pre-64
1,beta,30,0.17,0.4638407167611665,0.4544841508273655,0.4368581832465081,0.5,0.6043368975359404,0.6928290917889622,30,"[0, 1, 2, 3, 4, 5, 6, 7, 8, 9, 10, 11, 12, 13, 14, 15, 16, 17, 18, 19, 20, 21, 22, 23, 24, 25, 26, 27, 28, 29]","[1.3259276151657104, 1.2758249044418335, 1.3076006174087524, 1.2704488039016724, 1.2711678743362427, 1.2547447681427002, 1.2719755172729492, 1.242732286453247, 1.2294126749038696, 1.2474298477172852, 1.328864574432373, 1.2333544492721558, 1.2171967029571533, 1.2395623922348022, 1.2972747087478638, 1.3118257522583008, 1.2545987367630005, 1.2584035396575928, 1.3336293697357178, 1.2575006484985352, 1.2344447374343872, 1.1888008117675781, 1.2715704441070557, 1.2593284845352173, 1.3688232898712158, 1.2565250396728516, 1.2947708368301392, 1.2533767223358154, 1.304430365562439, 1.2794066667556763]",sae,Pre-64
1,beta,10,0.105,0.4493907433353129,0.4390813823454372,0.4433892865951044,0.5,0.6232207829487961,0.6760299974882487,30,"[0, 1, 2, 3, 4, 5, 6, 7, 8, 9, 10, 11, 12, 13, 14, 15, 16, 17, 18, 19, 20, 21, 22, 23, 24, 25, 26, 27, 28, 29]","[1.3985815048217773, 1.3098646402359009, 1.4734399318695068, 1.3966516256332397, 1.3894627094268799, 1.4006574153900146, 1.4887409210205078, 1.415220856666565, 1.2986019849777222, 1.4454458951950073, 1.4057207107543945, 1.4258829355239868, 1.4221676588058472, 1.399879813194275, 1.4683390855789185, 1.4216692447662354, 1.4314783811569214, 1.3424004316329956, 1.39554762840271, 1.3568167686462402, 1.3770244121551514, 1.40589439868927, 1.464504361152649, 1.469099760055542, 1.4014114141464233, 1.3426953554153442, 1.4014151096343994, 1.4103541374206543, 1.401357889175415, 1.4535077810287476]",sae,Pre-64
1,beta,19,0.1,0.4469965829377276,0.435497383761294,0.4137565274026223,0.5,0.6104665954706788,0.7133492477306279,30,"[0, 1, 2, 3, 4, 5, 6, 7, 8, 9, 10, 11, 12, 13, 14, 15, 16, 17, 18, 19, 20, 21, 22, 23, 24, 25, 26, 27, 28, 29]","[1.3309032917022705, 1.3442226648330688, 1.4203702211380005, 1.3640546798706055, 1.2827659845352173, 1.2970856428146362, 1.3355692625045776, 1.406900405883789, 1.3120769262313843, 1.426463007926941, 1.4194051027297974, 1.4466289281845093, 1.3338881731033325, 1.3480383157730103, 1.2629470825195312, 1.282152533531189, 1.409866452217102, 1.4435410499572754, 1.2955163717269897, 1.3228107690811157, 1.4592864513397217, 1.3252750635147095, 1.3317265510559082, 1.3268353939056396, 1.3231251239776611, 1.4211881160736084, 1.4337079524993896, 1.3501577377319336, 1.3049843311309814, 1.299959421157837]",sae,Pre-64
1,beta,31,0.195,0.4497611378811508,0.4308970333737342,0.4268453582425048,0.5,0.642735734520437,0.7085188182921894,30,"[0, 1, 2, 3, 4, 5, 6, 7, 8, 9, 10, 11, 12, 13, 14, 15, 16, 17, 18, 19, 20, 21, 22, 23, 24, 25, 26, 27, 28, 29]","[1.2925769090652466, 1.2752020359039307, 1.2272295951843262, 1.218341588973999, 1.2924468517303467, 1.3186649084091187, 1.2325968742370605, 1.294465184211731, 1.2754267454147339, 1.281877875328064, 1.2797671556472778, 1.2898025512695312, 1.3172125816345215, 1.1596603393554688, 1.3342050313949585, 1.27457594871521, 1.281948208808899, 1.2659270763397217, 1.2835934162139893, 1.2428717613220215, 1.3373887538909912, 1.2943944931030273, 1.3241372108459473, 1.310814619064331, 1.282651662826538, 1.292921781539917, 1.205048680305481, 1.341238021850586, 1.2299575805664062, 1.3130252361297607]",sae,Pre-64
1,beta,12,0.19,0.4455148672091349,0.4361346773072694,0.4082161203168435,0.5,0.5892778403611032,0.7318275941048066,30,"[0, 1, 2, 3, 4, 5, 6, 7, 8, 9, 10, 11, 12, 13, 14, 15, 16, 17, 18, 19, 20, 21, 22, 23, 24, 25, 26, 27, 28, 29]","[1.2120500802993774, 1.2981737852096558, 1.2247421741485596, 1.126556396484375, 1.2812776565551758, 1.2268396615982056, 1.2331352233886719, 1.2927217483520508, 1.3168126344680786, 1.2030134201049805, 1.204498291015625, 1.353187918663025, 1.21321439743042, 1.2921589612960815, 1.1916584968566895, 1.353711724281311, 1.1643483638763428, 1.318003535270691, 1.2608147859573364, 1.3326506614685059, 1.3259724378585815, 1.257525086402893, 1.2374293804168701, 1.351535677909851, 1.3271069526672363, 1.1921887397766113, 1.3300853967666626, 1.2961264848709106, 1.2487142086029053, 1.3602850437164307]",sae,Pre-64
1,beta,23,0.14,0.4478205607315014,0.4344954522622479,0.4317269217414636,0.5,0.6150139710231751,0.6708436016949794,30,"[0, 1, 2, 3, 4, 5, 6, 7, 8, 9, 10, 11, 12, 13, 14, 15, 16, 17, 18, 19, 20, 21, 22, 23, 24, 25, 26, 27, 28, 29]","[1.2236486673355103, 1.2537425756454468, 1.2157436609268188, 1.3416553735733032, 1.152784824371338, 1.2243385314941406, 1.320307970046997, 1.2635115385055542, 1.2192927598953247, 1.3445963859558105, 1.3364880084991455, 1.294540524482727, 1.2838252782821655, 1.167654037475586, 1.2815673351287842, 1.336458444595337, 1.0684289932250977, 1.2668304443359375, 1.214158296585083, 1.229495882987976, 1.3329230546951294, 1.348530650138855, 1.2182722091674805, 1.3433754444122314, 1.33009934425354, 1.275241494178772, 1.2364140748977661, 1.2227325439453125, 1.2578918933868408, 1.349056363105774]",sae,Pre-64
1,beta,24,0.105,0.4501416387440968,0.4383559369047743,0.449146381022127,0.5,0.6188330126613704,0.6423861097318768,30,"[0, 1, 2, 3, 4, 5, 6, 7, 8, 9, 10, 11, 12, 13, 14, 15, 16, 17, 18, 19, 20, 21, 22, 23, 24, 25, 26, 27, 28, 29]","[1.4703179597854614, 1.3841426372528076, 1.4047770500183105, 1.4827278852462769, 1.4870452880859375, 1.3998444080352783, 1.409019112586975, 1.4075791835784912, 1.447662353515625, 1.3286659717559814, 1.4376602172851562, 1.3863019943237305, 1.4785594940185547, 1.4659228324890137, 1.4055202007293701, 1.3775851726531982, 1.4872047901153564, 1.2754735946655273, 1.3805358409881592, 1.4903688430786133, 1.4630897045135498, 1.4829187393188477, 1.3875305652618408, 1.4456889629364014, 1.3675460815429688, 1.3297746181488037, 1.438353419303894, 1.3659782409667969, 1.4900275468826294, 1.3970153331756592]",sae,Pre-64
1,beta,26,0.098,0.4502231978181314,0.4442488029476733,0.4596786766839224,0.5,0.5832450787939482,0.6466805215215528,30,"[0, 1, 2, 3, 4, 5, 6, 7, 8, 9, 10, 11, 12, 13, 14, 15, 16, 17, 18, 19, 20, 21, 22, 23, 24, 25, 26, 27, 28, 29]","[1.420881748199463, 1.4320787191390991, 1.5946968793869019, 1.3868454694747925, 1.4577014446258545, 1.499803066253662, 1.486096978187561, 1.3847519159317017, 1.4887006282806396, 1.4554051160812378, 1.371256947517395, 1.5968631505966187, 1.5324121713638306, 1.4707591533660889, 1.546136498451233, 1.432328701019287, 1.4778584241867065, 1.3635059595108032, 1.5077522993087769, 1.4579941034317017, 1.4176397323608398, 1.5716286897659302, 1.4593658447265625, 1.5001864433288574, 1.5776898860931396, 1.5687695741653442, 1.4268141984939575, 1.4825353622436523, 1.2951381206512451, 1.4181278944015503]",sae,Pre-64
1,beta,48,0.21,0.4556814132376,0.4510566266980289,0.4804725336685686,0.5,0.5923878577171784,0.5888857116972244,30,"[0, 1, 2, 3, 4, 5, 6, 7, 8, 9, 10, 11, 12, 13, 14, 15, 16, 17, 18, 19, 20, 21, 22, 23, 24, 25, 26, 27, 28, 29]","[1.4195724725723267, 1.366316318511963, 1.3543226718902588, 1.3404064178466797, 1.3204189538955688, 1.2838857173919678, 1.3604717254638672, 1.275354266166687, 1.322670578956604, 1.3178465366363525, 1.374523639678955, 1.3303334712982178, 1.3346668481826782, 1.3243680000305176, 1.2871540784835815, 1.3678637742996216, 1.3596018552780151, 1.36226487159729, 1.3949488401412964, 1.2344753742218018, 1.3216198682785034, 1.39312744140625, 1.3970437049865723, 1.2303069829940796, 1.3324010372161865, 1.3681665658950806, 1.3994085788726807, 1.3738304376602173, 1.3279447555541992, 1.351844072341919]",sae,Pre-64
1,beta,47,0.088,0.4460371044958436,0.4257646434940195,0.4057991386997601,0.5,0.6434257056516428,0.7319632868256928,30,"[0, 1, 2, 3, 4, 5, 6, 7, 8, 9, 10, 11, 12, 13, 14, 15, 16, 17, 18, 19, 20, 21, 22, 23, 24, 25, 26, 27, 28, 29]","[1.4889575242996216, 1.3291658163070679, 1.3382130861282349, 1.3548979759216309, 1.4368500709533691, 1.4735043048858643, 1.4233566522598267, 1.4411754608154297, 1.4301612377166748, 1.3664137125015259, 1.3702318668365479, 1.304027795791626, 1.3505891561508179, 1.4914186000823975, 1.3197243213653564, 1.4533179998397827, 1.3653805255889893, 1.4373654127120972, 1.276679515838623, 1.3207515478134155, 1.3687375783920288, 1.4138048887252808, 1.4434767961502075, 1.3319072723388672, 1.4247710704803467, 1.3071812391281128, 1.2695914506912231, 1.4145692586898804, 1.3188765048980713, 1.4039578437805176]",sae,Pre-64
1,beta,42,0.18,0.4546678683050885,0.4407690563496341,0.4424380674233255,0.5,0.6336081445133979,0.6603511208928656,30,"[0, 1, 2, 3, 4, 5, 6, 7, 8, 9, 10, 11, 12, 13, 14, 15, 16, 17, 18, 19, 20, 21, 22, 23, 24, 25, 26, 27, 28, 29]","[1.2767118215560913, 1.1509020328521729, 1.2741888761520386, 1.2517021894454956, 1.16533625125885, 1.2553739547729492, 1.1647206544876099, 1.148014783859253, 1.1693377494812012, 1.2613091468811035, 1.2386943101882935, 1.2795376777648926, 1.1614588499069214, 1.0049147605895996, 1.2809103727340698, 1.1924101114273071, 1.141250491142273, 1.1302461624145508, 1.240049958229065, 1.2147595882415771, 1.1706880331039429, 1.1570767164230347, 1.171014428138733, 1.1616032123565674, 1.189007043838501, 1.1533206701278687, 1.2752232551574707, 1.16252863407135, 1.2145106792449951, 1.1530125141143799]",sae,Pre-64
1,beta,25,0.165,0.4465066892532915,0.4352791138475453,0.438890071012552,0.5,0.6270054355300688,0.6628237249825094,30,"[0, 1, 2, 3, 4, 5, 6, 7, 8, 9, 10, 11, 12, 13, 14, 15, 16, 17, 18, 19, 20, 21, 22, 23, 24, 25, 26, 27, 28, 29]","[1.3727868795394897, 1.3835244178771973, 1.2820971012115479, 1.406374454498291, 1.4023962020874023, 1.392418384552002, 1.2790825366973877, 1.3028571605682373, 1.350009560585022, 1.2545517683029175, 1.4040017127990723, 1.3222391605377197, 1.3856086730957031, 1.3109065294265747, 1.2940168380737305, 1.3205885887145996, 1.189394235610962, 1.230440378189087, 1.2735663652420044, 1.2993844747543335, 1.4159144163131714, 1.2144221067428589, 1.3670001029968262, 1.316225290298462, 1.349759578704834, 1.301419973373413, 1.4304602146148682, 1.3815232515335083, 1.4015804529190063, 1.2561805248260498]",sae,Pre-64
1,beta,36,0.175,0.4642138821845151,0.4576483090311837,0.4561764474918248,0.5,0.6031055233182893,0.6748581269857865,30,"[0, 1, 2, 3, 4, 5, 6, 7, 8, 9, 10, 11, 12, 13, 14, 15, 16, 17, 18, 19, 20, 21, 22, 23, 24, 25, 26, 27, 28, 29]","[1.3553484678268433, 1.3275789022445679, 1.2950009107589722, 1.345747470855713, 1.232195496559143, 1.3688517808914185, 1.3075988292694092, 1.342252492904663, 1.3793796300888062, 1.240566611289978, 1.2815959453582764, 1.382332444190979, 1.286073088645935, 1.3066937923431396, 1.3327499628067017, 1.385969638824463, 1.3471812009811401, 1.322336196899414, 1.3765753507614136, 1.281148910522461, 1.3309897184371948, 1.302910566329956, 1.3202075958251953, 1.2958565950393677, 1.3707435131072998, 1.340677261352539, 1.308598518371582, 1.320220708847046, 1.3669426441192627, 1.2766873836517334]",sae,Pre-64
1,beta,3,0.092,0.4557259332451328,0.444824285747971,0.4644277939493868,0.5,0.6042731979176,0.6522603173318455,30,"[0, 1, 2, 3, 4, 5, 6, 7, 8, 9, 10, 11, 12, 13, 14, 15, 16, 17, 18, 19, 20, 21, 22, 23, 24, 25, 26, 27, 28, 29]","[1.399121880531311, 1.4260385036468506, 1.4106851816177368, 1.3686628341674805, 1.404091715812683, 1.440734624862671, 1.3966662883758545, 1.4442780017852783, 1.1996054649353027, 1.4692084789276123, 1.3610031604766846, 1.467268705368042, 1.4028257131576538, 1.3787951469421387, 1.4781155586242676, 1.3976894617080688, 1.403430700302124, 1.4288727045059204, 1.362823486328125, 1.365700125694275, 1.311146855354309, 1.3771507740020752, 1.373883843421936, 1.4887588024139404, 1.459518551826477, 1.3885716199874878, 1.3916634321212769, 1.3851970434188843, 1.4540952444076538, 1.3912802934646606]",sae,Pre-64
1,beta,42,0.12,0.4546678683050885,0.4407690563496341,0.4503059499503806,0.5,0.6336081445133979,0.6604307980949632,30,"[0, 1, 2, 3, 4, 5, 6, 7, 8, 9, 10, 11, 12, 13, 14, 15, 16, 17, 18, 19, 20, 21, 22, 23, 24, 25, 26, 27, 28, 29]","[1.3831110000610352, 1.2530403137207031, 1.3882390260696411, 1.378182053565979, 1.296606183052063, 1.3677963018417358, 1.2916126251220703, 1.2640713453292847, 1.2686207294464111, 1.3764400482177734, 1.3540852069854736, 1.3949331045150757, 1.2709226608276367, 1.09501314163208, 1.398851990699768, 1.307963252067566, 1.2470383644104004, 1.2334026098251343, 1.354397177696228, 1.3409024477005005, 1.284463882446289, 1.2708102464675903, 1.2882936000823975, 1.2552143335342407, 1.2890901565551758, 1.2611651420593262, 1.3903050422668457, 1.2715046405792236, 1.3278295993804932, 1.2541524171829224]",sae,Pre-64
1,beta,46,0.195,0.4545712902572906,0.4417269056853911,0.4450798430768721,0.5,0.6270377926330811,0.6841223609382507,30,"[0, 1, 2, 3, 4, 5, 6, 7, 8, 9, 10, 11, 12, 13, 14, 15, 16, 17, 18, 19, 20, 21, 22, 23, 24, 25, 26, 27, 28, 29]","[1.1605839729309082, 1.2325963973999023, 1.2481722831726074, 1.249533772468567, 1.1887978315353394, 1.2818208932876587, 1.1905152797698975, 1.2588187456130981, 1.227943778038025, 1.2995549440383911, 1.0653156042099, 1.1619406938552856, 1.3013006448745728, 1.1704630851745605, 1.2270970344543457, 1.2811660766601562, 1.2396571636199951, 1.2584072351455688, 1.2591217756271362, 1.277535080909729, 1.2051252126693726, 1.2233694791793823, 1.2517229318618774, 1.2378768920898438, 1.2598581314086914, 1.2671061754226685, 1.2359105348587036, 1.2851537466049194, 1.2299818992614746, 1.2298767566680908]",sae,Pre-64
1,beta,43,0.145,0.4515364523902173,0.4432102910589974,0.4363804013211101,0.5,0.6060785767234989,0.6985174203113418,30,"[0, 1, 2, 3, 4, 5, 6, 7, 8, 9, 10, 11, 12, 13, 14, 15, 16, 17, 18, 19, 20, 21, 22, 23, 24, 25, 26, 27, 28, 29]","[1.3269426822662354, 1.4147838354110718, 1.3458224534988403, 1.2822520732879639, 1.3210022449493408, 1.2552725076675415, 1.2986741065979004, 1.2779632806777954, 1.3783602714538574, 1.2774136066436768, 1.239516258239746, 1.385024905204773, 1.3294521570205688, 1.2792478799819946, 1.2761491537094116, 1.1866834163665771, 1.365541696548462, 1.2922253608703613, 1.363590121269226, 1.349271297454834, 1.2758561372756958, 1.276667833328247, 1.3724175691604614, 1.3484638929367065, 1.2454782724380493, 1.361228585243225, 1.3892452716827393, 1.2851545810699463, 1.3614882230758667, 1.397534966468811]",sae,Pre-64
1,beta,20,0.21,0.4408022875601419,0.4262939306313442,0.4291677452586178,0.5,0.6176087118064704,0.6484219308378764,30,"[0, 1, 2, 3, 4, 5, 6, 7, 8, 9, 10, 11, 12, 13, 14, 15, 16, 17, 18, 19, 20, 21, 22, 23, 24, 25, 26, 27, 28, 29]","[1.2494728565216064, 1.3248703479766846, 1.2707301378250122, 1.3524168729782104, 1.3279156684875488, 1.3135002851486206, 1.3204360008239746, 1.2496616840362549, 1.318227767944336, 1.2657159566879272, 1.2717056274414062, 1.2612977027893066, 1.3562877178192139, 1.2226982116699219, 1.2532577514648438, 1.3552653789520264, 1.2387644052505493, 1.2561378479003906, 1.297315001487732, 1.291670799255371, 1.299942135810852, 1.2267885208129883, 1.3183274269104004, 1.3654919862747192, 1.3223671913146973, 1.2378337383270264, 1.2651585340499878, 1.3014967441558838, 1.2517280578613281, 1.3463767766952515]",sae,Pre-64
1,beta,39,0.165,0.4461088087810431,0.4292341094433316,0.433207898676913,0.5,0.6205127278095635,0.6663970160675603,30,"[0, 1, 2, 3, 4, 5, 6, 7, 8, 9, 10, 11, 12, 13, 14, 15, 16, 17, 18, 19, 20, 21, 22, 23, 24, 25, 26, 27, 28, 29]","[1.2167747020721436, 1.2662264108657837, 1.2169029712677002, 1.191346526145935, 1.1658521890640259, 1.2374950647354126, 1.2048043012619019, 1.2446576356887817, 1.1871981620788574, 1.2308918237686157, 1.2083170413970947, 1.1263155937194824, 1.233471393585205, 1.1612786054611206, 1.2300429344177246, 1.284430980682373, 1.2191109657287598, 1.2492294311523438, 1.1748026609420776, 1.1100274324417114, 1.1900564432144165, 1.2503910064697266, 1.1461784839630127, 1.1576896905899048, 1.2477487325668335, 1.2323788404464722, 1.0786786079406738, 1.1811835765838623, 1.2901703119277954, 1.1894125938415527]",sae,Pre-64
1,beta,26,0.22,0.4502231978181314,0.4442488029476733,0.4543279596191928,0.5,0.5832450787939482,0.6467130169168074,30,"[0, 1, 2, 3, 4, 5, 6, 7, 8, 9, 10, 11, 12, 13, 14, 15, 16, 17, 18, 19, 20, 21, 22, 23, 24, 25, 26, 27, 28, 29]","[1.192814588546753, 1.2404636144638062, 1.3458235263824463, 1.156336784362793, 1.2403119802474976, 1.2882158756256104, 1.2576020956039429, 1.1637591123580933, 1.2436151504516602, 1.2316371202468872, 1.1424599885940552, 1.3435169458389282, 1.2970625162124634, 1.243288516998291, 1.2939120531082153, 1.1718195676803589, 1.2391401529312134, 1.1535630226135254, 1.268688440322876, 1.248011827468872, 1.1860520839691162, 1.33346688747406, 1.2544569969177246, 1.2726293802261353, 1.34189772605896, 1.3419603109359741, 1.2190498113632202, 1.2665208578109741, 1.0912810564041138, 1.2032490968704224]",sae,Pre-64
1,beta,49,0.125,0.462130925118617,0.4524487678230295,0.4490278418857161,0.5,0.6141152509743157,0.6819754542893366,30,"[0, 1, 2, 3, 4, 5, 6, 7, 8, 9, 10, 11, 12, 13, 14, 15, 16, 17, 18, 19, 20, 21, 22, 23, 24, 25, 26, 27, 28, 29]","[1.2775462865829468, 1.3234676122665405, 1.3221049308776855, 1.3057150840759277, 1.2493940591812134, 1.2866896390914917, 1.3562930822372437, 1.2601417303085327, 1.3761873245239258, 1.3371596336364746, 1.2797415256500244, 1.2717411518096924, 1.3286736011505127, 1.329054832458496, 1.3595353364944458, 1.3081305027008057, 1.4032264947891235, 1.3835242986679077, 1.2524046897888184, 1.3358886241912842, 1.3757219314575195, 1.2930830717086792, 1.3826725482940674, 1.3240962028503418, 1.2901995182037354, 1.3278720378875732, 1.3254178762435913, 1.2921890020370483, 1.2095298767089844, 1.2844048738479614]",sae,Pre-64
1,beta,1,0.18,0.4560357198099471,0.4497423189216591,0.4447132730152778,0.5,0.5964054457666336,0.6820341644236672,30,"[0, 1, 2, 3, 4, 5, 6, 7, 8, 9, 10, 11, 12, 13, 14, 15, 16, 17, 18, 19, 20, 21, 22, 23, 24, 25, 26, 27, 28, 29]","[1.4062421321868896, 1.3069432973861694, 1.3598709106445312, 1.2468751668930054, 1.3425774574279785, 1.2696539163589478, 1.2775835990905762, 1.344484567642212, 1.2508175373077393, 1.3067888021469116, 1.3054770231246948, 1.3483341932296753, 1.3991525173187256, 1.276128888130188, 1.3965280055999756, 1.2281566858291626, 1.2514088153839111, 1.30570387840271, 1.3766266107559204, 1.4070773124694824, 1.3957551717758179, 1.3564527034759521, 1.330891489982605, 1.301321029663086, 1.2686302661895752, 1.2924150228500366, 1.3208671808242798, 1.3260506391525269, 1.4083805084228516, 1.3307586908340454]",sae,Pre-64
1,beta,19,0.16,0.4469965829377276,0.435497383761294,0.4126882780877415,0.5,0.6104665954706788,0.7118478499858656,30,"[0, 1, 2, 3, 4, 5, 6, 7, 8, 9, 10, 11, 12, 13, 14, 15, 16, 17, 18, 19, 20, 21, 22, 23, 24, 25, 26, 27, 28, 29]","[1.2500778436660767, 1.2597109079360962, 1.3306539058685303, 1.2793594598770142, 1.1835839748382568, 1.2027369737625122, 1.2478302717208862, 1.310736060142517, 1.2320348024368286, 1.3272312879562378, 1.3134642839431763, 1.346921682357788, 1.2482967376708984, 1.2595081329345703, 1.1639736890792847, 1.1874728202819824, 1.3192358016967773, 1.3518176078796387, 1.2037861347198486, 1.236975908279419, 1.3601205348968506, 1.2456233501434326, 1.2385642528533936, 1.240273356437683, 1.2395902872085571, 1.3230220079421997, 1.3429135084152222, 1.2646015882492065, 1.2080682516098022, 1.2195359468460083]",sae,Pre-64
1,beta,18,0.195,0.4575117633693479,0.4471831599677374,0.4182839141236465,0.5,0.6052065040104606,0.7279783219994782,30,"[0, 1, 2, 3, 4, 5, 6, 7, 8, 9, 10, 11, 12, 13, 14, 15, 16, 17, 18, 19, 20, 21, 22, 23, 24, 25, 26, 27, 28, 29]","[1.08156156539917, 1.1808451414108276, 1.2274887561798096, 1.1775970458984375, 1.1839946508407593, 1.1783868074417114, 1.302558422088623, 1.1474957466125488, 1.2003755569458008, 1.1137614250183105, 1.279771089553833, 1.1947054862976074, 1.217077374458313, 1.243087649345398, 1.1674503087997437, 1.1044795513153076, 1.2428091764450073, 1.1572407484054565, 1.1403177976608276, 1.0754040479660034, 1.2844663858413696, 1.1361045837402344, 1.2445805072784424, 1.2017990350723267, 1.1962649822235107, 1.1700507402420044, 1.2117968797683716, 1.2385376691818237, 1.2291908264160156, 1.181313395500183]",sae,Pre-64
1,beta,44,0.11,0.4469012312759677,0.43811650775401,0.4572310377812039,0.5,0.5982762074796864,0.6215449022761956,30,"[0, 1, 2, 3, 4, 5, 6, 7, 8, 9, 10, 11, 12, 13, 14, 15, 16, 17, 18, 19, 20, 21, 22, 23, 24, 25, 26, 27, 28, 29]","[1.351402997970581, 1.3551825284957886, 1.2993086576461792, 1.328727126121521, 1.3447891473770142, 1.4012640714645386, 1.3776605129241943, 1.296889305114746, 1.3643314838409424, 1.4151352643966675, 1.3439668416976929, 1.320250391960144, 1.3495608568191528, 1.3162983655929565, 1.4183539152145386, 1.4173521995544434, 1.2863138914108276, 1.1943317651748657, 1.359933853149414, 1.3467024564743042, 1.3185245990753174, 1.2932050228118896, 1.3393539190292358, 1.3472908735275269, 1.4030088186264038, 1.3025587797164917, 1.3239489793777466, 1.3468031883239746, 1.342038869857788, 1.3608373403549194]",sae,Pre-64
1,beta,38,0.105,0.4455661720406026,0.4298851252298221,0.437067260622434,0.5,0.6303640517897944,0.6627235338918507,30,"[0, 1, 2, 3, 4, 5, 6, 7, 8, 9, 10, 11, 12, 13, 14, 15, 16, 17, 18, 19, 20, 21, 22, 23, 24, 25, 26, 27, 28, 29]","[1.3132684230804443, 1.2929348945617676, 1.3252062797546387, 1.3554837703704834, 1.3219503164291382, 1.2112503051757812, 1.3703067302703857, 1.3277392387390137, 1.1825183629989624, 1.3404861688613892, 1.3209190368652344, 1.3351730108261108, 1.349401593208313, 1.3154172897338867, 1.3617675304412842, 1.2985986471176147, 1.3050719499588013, 1.3791625499725342, 1.268929362297058, 1.3338277339935303, 1.3124817609786987, 1.322166919708252, 1.371929407119751, 1.27617347240448, 1.3162126541137695, 1.3698859214782715, 1.2676459550857544, 1.3748489618301392, 1.300909399986267, 1.3839609622955322]",sae,Pre-64
1,beta,48,0.185,0.4556814132376,0.4510566266980289,0.48256983785259,0.5,0.5923878577171784,0.5888871272776689,30,"[0, 1, 2, 3, 4, 5, 6, 7, 8, 9, 10, 11, 12, 13, 14, 15, 16, 17, 18, 19, 20, 21, 22, 23, 24, 25, 26, 27, 28, 29]","[1.420204758644104, 1.366950273513794, 1.3549559116363525, 1.3410406112670898, 1.321052074432373, 1.2845224142074585, 1.3611059188842773, 1.2759864330291748, 1.3233060836791992, 1.318482518196106, 1.3751556873321533, 1.3309664726257324, 1.3353004455566406, 1.32500159740448, 1.2877904176712036, 1.3684959411621094, 1.360230803489685, 1.3628965616226196, 1.3955821990966797, 1.2351077795028687, 1.3222546577453613, 1.3937582969665527, 1.397675633430481, 1.2309397459030151, 1.3330339193344116, 1.368796706199646, 1.4000405073165894, 1.3744597434997559, 1.3285777568817139, 1.3524779081344604]",sae,Pre-64
1,beta,25,0.19,0.4465066892532915,0.4352791138475453,0.4388763711984499,0.5,0.6270054355300688,0.6628207351419875,30,"[0, 1, 2, 3, 4, 5, 6, 7, 8, 9, 10, 11, 12, 13, 14, 15, 16, 17, 18, 19, 20, 21, 22, 23, 24, 25, 26, 27, 28, 29]","[1.3717342615127563, 1.3824763298034668, 1.2810460329055786, 1.4053281545639038, 1.4013512134552002, 1.391371250152588, 1.278038501739502, 1.3018136024475098, 1.3489567041397095, 1.2535077333450317, 1.4029536247253418, 1.3211934566497803, 1.3845587968826294, 1.3098584413528442, 1.2929638624191284, 1.319538950920105, 1.1883525848388672, 1.2293875217437744, 1.2725111246109009, 1.2983263731002808, 1.4148637056350708, 1.2133780717849731, 1.365951657295227, 1.315170407295227, 1.348708152770996, 1.3003712892532349, 1.4294120073318481, 1.3804731369018555, 1.4005285501480103, 1.255130648612976]",sae,Pre-64
1,beta,9,0.115,0.448644851968101,0.4348910401892977,0.4452125202845454,0.5,0.6286670530281078,0.6724094465372356,30,"[0, 1, 2, 3, 4, 5, 6, 7, 8, 9, 10, 11, 12, 13, 14, 15, 16, 17, 18, 19, 20, 21, 22, 23, 24, 25, 26, 27, 28, 29]","[1.4275020360946655, 1.3497570753097534, 1.4368960857391357, 1.4091638326644897, 1.342973232269287, 1.193825125694275, 1.412746787071228, 1.3462214469909668, 1.4207414388656616, 1.2898428440093994, 1.395116925239563, 1.349554419517517, 1.355076551437378, 1.3943026065826416, 1.4503278732299805, 1.3619236946105957, 1.3298404216766357, 1.424047827720642, 1.4405043125152588, 1.3205103874206543, 1.4193118810653687, 1.4331622123718262, 1.3238977193832397, 1.4199384450912476, 1.4331122636795044, 1.4204306602478027, 1.2814576625823975, 1.237005591392517, 1.3361281156539917, 1.4449169635772705]",sae,Pre-64
1,beta,36,0.115,0.4642138821845151,0.4576483090311837,0.4580729911967512,0.5,0.6031055233182893,0.6748436056946695,30,"[0, 1, 2, 3, 4, 5, 6, 7, 8, 9, 10, 11, 12, 13, 14, 15, 16, 17, 18, 19, 20, 21, 22, 23, 24, 25, 26, 27, 28, 29]","[1.35825777053833, 1.3304730653762817, 1.2979036569595337, 1.3486509323120117, 1.2351045608520508, 1.3717584609985352, 1.3105003833770752, 1.3451367616653442, 1.3822801113128662, 1.2434824705123901, 1.2845048904418945, 1.3852375745773315, 1.2889950275421143, 1.3096060752868652, 1.3356465101242065, 1.3888721466064453, 1.3500934839248657, 1.325242280960083, 1.3794773817062378, 1.2840715646743774, 1.3338996171951294, 1.3058205842971802, 1.3231130838394165, 1.298751711845398, 1.3736512660980225, 1.3435699939727783, 1.311519980430603, 1.323134183883667, 1.3698394298553467, 1.2796000242233276]",sae,Pre-64
1,beta,6,0.21,0.4540822999211705,0.4457917896713532,0.4384936900712481,0.5,0.5933447799067053,0.6652910519198336,30,"[0, 1, 2, 3, 4, 5, 6, 7, 8, 9, 10, 11, 12, 13, 14, 15, 16, 17, 18, 19, 20, 21, 22, 23, 24, 25, 26, 27, 28, 29]","[1.2093437910079956, 1.2324018478393555, 1.1689670085906982, 1.2286028861999512, 1.1660292148590088, 1.1364821195602417, 1.1552339792251587, 1.210248351097107, 1.1588280200958252, 1.2276009321212769, 1.1634801626205444, 1.1048387289047241, 1.1711478233337402, 1.1197253465652466, 1.0116533041000366, 1.2269690036773682, 1.129739761352539, 1.1970460414886475, 1.1658244132995605, 1.1922228336334229, 1.1664220094680786, 1.1494638919830322, 1.2115159034729004, 1.2004733085632324, 1.147264838218689, 1.1653865575790405, 1.1267348527908325, 1.1380363702774048, 1.188260555267334, 1.2108981609344482]",sae,Pre-64
1,beta,6,0.125,0.4540822999211705,0.4457917896713532,0.441152026805915,0.5,0.5933447799067053,0.6658350173977785,30,"[0, 1, 2, 3, 4, 5, 6, 7, 8, 9, 10, 11, 12, 13, 14, 15, 16, 17, 18, 19, 20, 21, 22, 23, 24, 25, 26, 27, 28, 29]","[1.2874281406402588, 1.3160539865493774, 1.250469446182251, 1.3193014860153198, 1.2385116815567017, 1.214406132698059, 1.2373671531677246, 1.2922853231430054, 1.2310014963150024, 1.3093438148498535, 1.2437629699707031, 1.1826964616775513, 1.2446070909500122, 1.199903130531311, 1.0764564275741577, 1.3070346117019653, 1.202027678489685, 1.2766367197036743, 1.2520376443862915, 1.2742829322814941, 1.24416983127594, 1.2232766151428223, 1.2965264320373535, 1.277936339378357, 1.215760588645935, 1.2525521516799927, 1.2072385549545288, 1.220163106918335, 1.2776659727096558, 1.2896009683609009]",sae,Pre-64
1,beta,32,0.1,0.4555596844830426,0.4475674839123162,0.470843788751064,0.5,0.5924839124839124,0.6331296194153337,30,"[0, 1, 2, 3, 4, 5, 6, 7, 8, 9, 10, 11, 12, 13, 14, 15, 16, 17, 18, 19, 20, 21, 22, 23, 24, 25, 26, 27, 28, 29]","[1.4896621704101562, 1.4112324714660645, 1.490527629852295, 1.4250890016555786, 1.4343634843826294, 1.4989562034606934, 1.4301992654800415, 1.4104984998703003, 1.387147068977356, 1.396135926246643, 1.4115477800369263, 1.386232614517212, 1.4297713041305542, 1.349379062652588, 1.3382083177566528, 1.3431739807128906, 1.3702223300933838, 1.433815360069275, 1.3802932500839233, 1.4102883338928223, 1.494873046875, 1.411054253578186, 1.3336553573608398, 1.4964860677719116, 1.4253039360046387, 1.3560940027236938, 1.4721801280975342, 1.292159914970398, 1.5007810592651367, 1.4936177730560303]",sae,Pre-64
1,beta,14,0.18,0.4467366851483266,0.4421697276018216,0.4269936475169583,0.5,0.5934222168898753,0.6992351414988228,30,"[0, 1, 2, 3, 4, 5, 6, 7, 8, 9, 10, 11, 12, 13, 14, 15, 16, 17, 18, 19, 20, 21, 22, 23, 24, 25, 26, 27, 28, 29]","[1.2815206050872803, 1.174340009689331, 1.232944369316101, 1.2602814435958862, 1.289107322692871, 1.2526525259017944, 1.2435940504074097, 1.3171837329864502, 1.2545807361602783, 1.2966138124465942, 1.2078624963760376, 1.1493889093399048, 1.1763694286346436, 1.3018159866333008, 1.3041102886199951, 1.2559396028518677, 1.3231903314590454, 1.311284065246582, 1.2355173826217651, 1.2397520542144775, 1.2760190963745117, 1.2549992799758911, 1.312121033668518, 1.2119331359863281, 1.3135809898376465, 1.3085026741027832, 1.2435266971588135, 1.3141437768936157, 1.2989249229431152, 1.1855790615081787]",sae,Pre-64
1,beta,33,0.16,0.4492211383258522,0.4377959816952598,0.4223402424961981,0.5,0.6165210074526608,0.6954138560095032,30,"[0, 1, 2, 3, 4, 5, 6, 7, 8, 9, 10, 11, 12, 13, 14, 15, 16, 17, 18, 19, 20, 21, 22, 23, 24, 25, 26, 27, 28, 29]","[1.1849273443222046, 1.2562428712844849, 1.2136778831481934, 1.194433331489563, 1.149998426437378, 1.2687307596206665, 1.1574212312698364, 1.2470797300338745, 1.2527871131896973, 1.2536271810531616, 1.1950736045837402, 1.2495068311691284, 1.1756917238235474, 1.1588196754455566, 1.1325362920761108, 1.2413465976715088, 1.1629266738891602, 1.1944456100463867, 1.2464298009872437, 1.2438013553619385, 1.1899774074554443, 1.159067153930664, 1.2561681270599365, 1.2361953258514404, 1.2687146663665771, 1.1437739133834839, 1.1919195652008057, 1.171987533569336, 1.145799160003662, 1.191154956817627]",sae,Pre-64
1,beta,9,0.175,0.448644851968101,0.4348910401892977,0.4421534838583524,0.5,0.6286670530281078,0.671451753115039,30,"[0, 1, 2, 3, 4, 5, 6, 7, 8, 9, 10, 11, 12, 13, 14, 15, 16, 17, 18, 19, 20, 21, 22, 23, 24, 25, 26, 27, 28, 29]","[1.325351595878601, 1.2609559297561646, 1.3452956676483154, 1.3230704069137573, 1.2626737356185913, 1.126938819885254, 1.3190956115722656, 1.2438955307006836, 1.3233619928359985, 1.2052876949310303, 1.3127949237823486, 1.267076849937439, 1.2717934846878052, 1.311330795288086, 1.3577414751052856, 1.2797919511795044, 1.2417160272598267, 1.3333224058151245, 1.3441195487976074, 1.241158366203308, 1.3305747509002686, 1.339053988456726, 1.2443255186080933, 1.3299486637115479, 1.345448613166809, 1.3293832540512085, 1.1967031955718994, 1.1417571306228638, 1.2587132453918457, 1.346260666847229]",sae,Pre-64
1,beta,45,0.17,0.4515599815008028,0.4347157609968581,0.4373043338012627,0.5,0.6289673345145609,0.6746020928929474,30,"[0, 1, 2, 3, 4, 5, 6, 7, 8, 9, 10, 11, 12, 13, 14, 15, 16, 17, 18, 19, 20, 21, 22, 23, 24, 25, 26, 27, 28, 29]","[1.2667872905731201, 1.2543379068374634, 1.1693170070648193, 1.3038585186004639, 1.301593542098999, 1.129041075706482, 1.3208378553390503, 1.2543448209762573, 1.2086584568023682, 1.1548631191253662, 1.2344824075698853, 1.3155062198638916, 1.2629377841949463, 1.1639173030853271, 1.210440754890442, 1.237621784210205, 1.2191628217697144, 1.1073797941207886, 1.2454999685287476, 1.2538901567459106, 1.2702528238296509, 1.185671329498291, 1.2650481462478638, 1.1175483465194702, 1.105573296546936, 1.2950866222381592, 1.2016863822937012, 1.2160961627960205, 1.1144540309906006, 1.3061907291412354]",sae,Pre-64
1,beta,11,0.165,0.4566976193509867,0.4496008864727478,0.4327245195943158,0.5,0.5995106990682213,0.7104886571147633,30,"[0, 1, 2, 3, 4, 5, 6, 7, 8, 9, 10, 11, 12, 13, 14, 15, 16, 17, 18, 19, 20, 21, 22, 23, 24, 25, 26, 27, 28, 29]","[1.2983115911483765, 1.109620213508606, 1.2591720819473267, 1.1937575340270996, 1.3320411443710327, 1.1938272714614868, 1.217812180519104, 1.1183230876922607, 1.3152824640274048, 1.3254694938659668, 1.3361375331878662, 1.3457322120666504, 1.349045753479004, 1.2582272291183472, 1.2351521253585815, 1.1978052854537964, 1.2745287418365479, 1.2202985286712646, 1.2543386220932007, 1.2991278171539307, 1.2804783582687378, 1.2921100854873657, 1.3299787044525146, 1.259564757347107, 1.2604318857192993, 1.310355544090271, 1.3212878704071045, 1.2059963941574097, 1.2523540258407593, 1.2337604761123657]",sae,Pre-64
1,beta,9,0.094,0.448644851968101,0.4348910401892977,0.449158905023573,0.5,0.6286670530281078,0.6738843813387423,30,"[0, 1, 2, 3, 4, 5, 6, 7, 8, 9, 10, 11, 12, 13, 14, 15, 16, 17, 18, 19, 20, 21, 22, 23, 24, 25, 26, 27, 28, 29]","[1.5733928680419922, 1.4727333784103394, 1.5734652280807495, 1.545150876045227, 1.4631576538085938, 1.304186463356018, 1.5540138483047485, 1.4826809167861938, 1.5761052370071411, 1.4113764762878418, 1.524284839630127, 1.484931468963623, 1.4789584875106812, 1.519180417060852, 1.5974023342132568, 1.4989101886749268, 1.4638900756835938, 1.5532958507537842, 1.5841110944747925, 1.44269597530365, 1.564103364944458, 1.581251859664917, 1.4537817239761353, 1.5698338747024536, 1.5678035020828247, 1.56080162525177, 1.4092285633087158, 1.3872023820877075, 1.4593887329101562, 1.5916517972946167]",sae,Pre-64
1,beta,20,0.096,0.4408022875601419,0.4262939306313442,0.4358860286283381,0.5,0.6176087118064704,0.6504823379202724,30,"[0, 1, 2, 3, 4, 5, 6, 7, 8, 9, 10, 11, 12, 13, 14, 15, 16, 17, 18, 19, 20, 21, 22, 23, 24, 25, 26, 27, 28, 29]","[1.4323129653930664, 1.5030514001846313, 1.4403858184814453, 1.5470917224884033, 1.4948049783706665, 1.5130215883255005, 1.5096685886383057, 1.4304834604263306, 1.4765691757202148, 1.435250163078308, 1.4484895467758179, 1.4411941766738892, 1.5591925382614136, 1.3912235498428345, 1.4470020532608032, 1.5460617542266846, 1.43735933303833, 1.4088778495788574, 1.4775922298431396, 1.4769043922424316, 1.4710332155227661, 1.3781925439834595, 1.496605634689331, 1.5512025356292725, 1.5158673524856567, 1.4029594659805298, 1.4468092918395996, 1.4889880418777466, 1.4014564752578735, 1.549985647201538]",sae,Pre-64
1,beta,30,0.11,0.4638407167611665,0.4544841508273655,0.4397582457183019,0.5,0.6043368975359404,0.6948873829774702,30,"[0, 1, 2, 3, 4, 5, 6, 7, 8, 9, 10, 11, 12, 13, 14, 15, 16, 17, 18, 19, 20, 21, 22, 23, 24, 25, 26, 27, 28, 29]","[1.52301824092865, 1.4918546676635742, 1.5031119585037231, 1.4435439109802246, 1.456434965133667, 1.434823989868164, 1.4456089735031128, 1.4219907522201538, 1.414721131324768, 1.4330976009368896, 1.4975146055221558, 1.427697777748108, 1.4034315347671509, 1.4254685640335083, 1.492444396018982, 1.4964431524276733, 1.41456139087677, 1.436297059059143, 1.5181748867034912, 1.4427794218063354, 1.419508695602417, 1.3847769498825073, 1.483751654624939, 1.438622236251831, 1.5544322729110718, 1.4312033653259277, 1.4565774202346802, 1.42652428150177, 1.493752121925354, 1.449041724205017]",sae,Pre-64
1,beta,31,0.17,0.4497611378811508,0.4308970333737342,0.427808537433516,0.5,0.642735734520437,0.7085231543042145,30,"[0, 1, 2, 3, 4, 5, 6, 7, 8, 9, 10, 11, 12, 13, 14, 15, 16, 17, 18, 19, 20, 21, 22, 23, 24, 25, 26, 27, 28, 29]","[1.2929892539978027, 1.275614619255066, 1.2276430130004883, 1.2187548875808716, 1.292860746383667, 1.319075345993042, 1.2330092191696167, 1.294878363609314, 1.2758406400680542, 1.2822890281677246, 1.2801800966262817, 1.2902165651321411, 1.3176250457763672, 1.1600743532180786, 1.334618330001831, 1.2749882936477661, 1.2823609113693237, 1.266339898109436, 1.2840065956115723, 1.243284821510315, 1.3377995491027832, 1.2948079109191895, 1.3245482444763184, 1.311227560043335, 1.283065676689148, 1.2933350801467896, 1.2054612636566162, 1.3416498899459839, 1.2303718328475952, 1.313437819480896]",sae,Pre-64
1,beta,25,0.105,0.4465066892532915,0.4352791138475453,0.4389229012926438,0.5,0.6270054355300688,0.6628431589459018,30,"[0, 1, 2, 3, 4, 5, 6, 7, 8, 9, 10, 11, 12, 13, 14, 15, 16, 17, 18, 19, 20, 21, 22, 23, 24, 25, 26, 27, 28, 29]","[1.3753126859664917, 1.3860411643981934, 1.2846193313598633, 1.4088852405548096, 1.404905080795288, 1.394931435585022, 1.2815884351730347, 1.3053617477416992, 1.3525373935699463, 1.2570579051971436, 1.4065169095993042, 1.3247491121292114, 1.3881274461746216, 1.3134210109710693, 1.2965439558029175, 1.323108434677124, 1.1918928623199463, 1.232967734336853, 1.276100993156433, 1.3019218444824219, 1.4184367656707764, 1.2169283628463745, 1.369516372680664, 1.3187565803527832, 1.352283239364624, 1.303936243057251, 1.4329752922058105, 1.3840436935424805, 1.404105305671692, 1.2587002515792847]",sae,Pre-64
1,beta,22,0.115,0.4519005213187685,0.4442985770479847,0.4419960200488735,0.5,0.5939599289403404,0.6814036047482911,30,"[0, 1, 2, 3, 4, 5, 6, 7, 8, 9, 10, 11, 12, 13, 14, 15, 16, 17, 18, 19, 20, 21, 22, 23, 24, 25, 26, 27, 28, 29]","[1.3111152648925781, 1.3628214597702026, 1.374837040901184, 1.3766192197799683, 1.4282317161560059, 1.3418939113616943, 1.339882731437683, 1.3312580585479736, 1.3162323236465454, 1.3506313562393188, 1.3131611347198486, 1.4210747480392456, 1.37601900100708, 1.406800389289856, 1.2981386184692383, 1.3901338577270508, 1.3998379707336426, 1.3723456859588623, 1.2977685928344727, 1.3192437887191772, 1.3817543983459473, 1.3832634687423706, 1.3824414014816284, 1.3452622890472412, 1.3710812330245972, 1.4163275957107544, 1.3119781017303467, 1.3111590147018433, 1.4535866975784302, 1.2979822158813477]",sae,Pre-64
1,beta,27,0.155,0.4609757262074365,0.4537266978541116,0.4543084770420211,0.5,0.5914172664146189,0.6586944771843639,30,"[0, 1, 2, 3, 4, 5, 6, 7, 8, 9, 10, 11, 12, 13, 14, 15, 16, 17, 18, 19, 20, 21, 22, 23, 24, 25, 26, 27, 28, 29]","[1.3052946329116821, 1.3460655212402344, 1.3077081441879272, 1.29033362865448, 1.3331737518310547, 1.254096269607544, 1.3439745903015137, 1.2276804447174072, 1.2912195920944214, 1.2831828594207764, 1.2433756589889526, 1.3461893796920776, 1.283969759941101, 1.2504149675369263, 1.2883574962615967, 1.2153542041778564, 1.2595386505126953, 1.3148727416992188, 1.2795391082763672, 1.2686283588409424, 1.3488179445266724, 1.3257942199707031, 1.2488956451416016, 1.201789379119873, 1.2811399698257446, 1.3485687971115112, 1.2642990350723267, 1.3145567178726196, 1.219875693321228, 1.2926576137542725]",sae,Pre-64
1,beta,12,0.13,0.4455148672091349,0.4361346773072694,0.4118971436355436,0.5,0.5892778403611032,0.7320410525840162,30,"[0, 1, 2, 3, 4, 5, 6, 7, 8, 9, 10, 11, 12, 13, 14, 15, 16, 17, 18, 19, 20, 21, 22, 23, 24, 25, 26, 27, 28, 29]","[1.3656070232391357, 1.4732528924942017, 1.38239324092865, 1.2821600437164307, 1.4704855680465698, 1.4063007831573486, 1.3999028205871582, 1.4520370960235596, 1.4873642921447754, 1.3583606481552124, 1.3602114915847778, 1.5285439491271973, 1.3866537809371948, 1.4591197967529297, 1.344345211982727, 1.532249093055725, 1.316805362701416, 1.5107042789459229, 1.4321659803390503, 1.5248194932937622, 1.4885221719741821, 1.4350662231445312, 1.3865996599197388, 1.5309149026870728, 1.5084455013275146, 1.3771892786026, 1.5089428424835205, 1.4539953470230103, 1.4074989557266235, 1.5394264459609985]",sae,Pre-64
1,beta,16,0.11,0.4519396108125126,0.4401978349795346,0.4306427654095379,0.5,0.6159012314439947,0.7167603503952188,30,"[0, 1, 2, 3, 4, 5, 6, 7, 8, 9, 10, 11, 12, 13, 14, 15, 16, 17, 18, 19, 20, 21, 22, 23, 24, 25, 26, 27, 28, 29]","[1.2732113599777222, 1.236341118812561, 1.241416335105896, 1.3202714920043945, 1.3127257823944092, 1.2553192377090454, 1.3185409307479858, 1.294864535331726, 1.2658494710922241, 1.3205890655517578, 1.3210229873657227, 1.3044917583465576, 1.2605013847351074, 1.2815210819244385, 1.199872374534607, 1.249895691871643, 1.3295435905456543, 1.1560537815093994, 1.2671891450881958, 1.3020212650299072, 1.3503793478012085, 1.3180283308029175, 1.3237063884735107, 1.3142728805541992, 1.2040079832077026, 1.292826533317566, 1.2146546840667725, 1.2692080736160278, 1.225548505783081, 1.2492741346359253]",sae,Pre-64
1,beta,49,0.21,0.462130925118617,0.4524487678230295,0.4462707482384424,0.5,0.6141152509743157,0.6820620275156126,30,"[0, 1, 2, 3, 4, 5, 6, 7, 8, 9, 10, 11, 12, 13, 14, 15, 16, 17, 18, 19, 20, 21, 22, 23, 24, 25, 26, 27, 28, 29]","[1.195615530014038, 1.2339788675308228, 1.2274779081344604, 1.2182005643844604, 1.1577926874160767, 1.2040140628814697, 1.2636585235595703, 1.161646842956543, 1.2683178186416626, 1.2436554431915283, 1.1828620433807373, 1.1839975118637085, 1.2312813997268677, 1.2395992279052734, 1.2554264068603516, 1.2154163122177124, 1.3021340370178223, 1.2758995294570923, 1.1539500951766968, 1.2446435689926147, 1.2854342460632324, 1.2034380435943604, 1.2803997993469238, 1.2391196489334106, 1.20649254322052, 1.2346571683883667, 1.2449707984924316, 1.2066329717636108, 1.1109951734542847, 1.1994061470031738]",sae,Pre-64
1,beta,10,0.14,0.4493907433353129,0.4390813823454372,0.443316571022142,0.5,0.6232207829487961,0.6760386092073629,30,"[0, 1, 2, 3, 4, 5, 6, 7, 8, 9, 10, 11, 12, 13, 14, 15, 16, 17, 18, 19, 20, 21, 22, 23, 24, 25, 26, 27, 28, 29]","[1.393417477607727, 1.3047016859054565, 1.4682859182357788, 1.3914545774459839, 1.3842586278915405, 1.3954628705978394, 1.4835726022720337, 1.4100173711776733, 1.2934019565582275, 1.4402576684951782, 1.4005253314971924, 1.4206827878952026, 1.4169878959655762, 1.3947383165359497, 1.4631551504135132, 1.4164648056030273, 1.4262785911560059, 1.3371710777282715, 1.3903648853302002, 1.35162353515625, 1.3718340396881104, 1.40072500705719, 1.459301233291626, 1.4639275074005127, 1.396290898323059, 1.3374563455581665, 1.3962109088897705, 1.4051573276519775, 1.3961671590805054, 1.4483660459518433]",sae,Pre-64
1,beta,40,0.13,0.44666181227492,0.4340193094910912,0.4316110730303693,0.5,0.6093636266731638,0.6691087118731822,30,"[0, 1, 2, 3, 4, 5, 6, 7, 8, 9, 10, 11, 12, 13, 14, 15, 16, 17, 18, 19, 20, 21, 22, 23, 24, 25, 26, 27, 28, 29]","[1.355400562286377, 1.2989932298660278, 1.2981005907058716, 1.238311529159546, 1.271164894104004, 1.301781177520752, 1.3038619756698608, 1.3143452405929565, 1.3292465209960938, 1.334140419960022, 1.27700936794281, 1.2841655015945435, 1.3508845567703247, 1.23894464969635, 1.2570570707321167, 1.368351697921753, 1.2666782140731812, 1.3042850494384766, 1.2565085887908936, 1.2527501583099365, 1.2630982398986816, 1.2728203535079956, 1.3278617858886719, 1.2920209169387817, 1.3414306640625, 1.2711517810821533, 1.335168719291687, 1.2353851795196533, 1.3766940832138062, 1.2644808292388916]",sae,Pre-64
1,beta,43,0.18,0.4515364523902173,0.4432102910589974,0.4343318842340147,0.5,0.6060785767234989,0.6985322461082283,30,"[0, 1, 2, 3, 4, 5, 6, 7, 8, 9, 10, 11, 12, 13, 14, 15, 16, 17, 18, 19, 20, 21, 22, 23, 24, 25, 26, 27, 28, 29]","[1.325783610343933, 1.4136253595352173, 1.3446670770645142, 1.281093716621399, 1.3198438882827759, 1.2541072368621826, 1.2975093126296997, 1.2767986059188843, 1.3772002458572388, 1.276249647140503, 1.2383465766906738, 1.3838690519332886, 1.3282933235168457, 1.2780853509902954, 1.2749905586242676, 1.18551766872406, 1.3643821477890015, 1.2910617589950562, 1.3624272346496582, 1.3481202125549316, 1.2746919393539429, 1.2755049467086792, 1.3712655305862427, 1.3473029136657715, 1.2443146705627441, 1.3600667715072632, 1.3880876302719116, 1.2839913368225098, 1.3603264093399048, 1.3963792324066162]",sae,Pre-64
1,beta,0,0.155,0.4600628296558519,0.4487196928272481,0.4296173038364927,0.5,0.6146148452673732,0.7222113221666066,30,"[0, 1, 2, 3, 4, 5, 6, 7, 8, 9, 10, 11, 12, 13, 14, 15, 16, 17, 18, 19, 20, 21, 22, 23, 24, 25, 26, 27, 28, 29]","[1.2524430751800537, 1.2948466539382935, 1.2682756185531616, 1.3128644227981567, 1.238540530204773, 1.2694028615951538, 1.300368070602417, 1.334818720817566, 1.3149174451828003, 1.2848975658416748, 1.2691261768341064, 1.2751392126083374, 1.3212926387786865, 1.308191180229187, 1.3249891996383667, 1.2692618370056152, 1.2900164127349854, 1.2302883863449097, 1.1563900709152222, 1.3088557720184326, 1.2399362325668335, 1.2366496324539185, 1.317771553993225, 1.2608968019485474, 1.2518104314804077, 1.1970332860946655, 1.3209495544433594, 1.2210850715637207, 1.3032164573669434, 1.2125391960144043]",sae,Pre-64
1,beta,20,0.185,0.4408022875601419,0.4262939306313442,0.4305778122946566,0.5,0.6176087118064704,0.6484227752670085,30,"[0, 1, 2, 3, 4, 5, 6, 7, 8, 9, 10, 11, 12, 13, 14, 15, 16, 17, 18, 19, 20, 21, 22, 23, 24, 25, 26, 27, 28, 29]","[1.249711513519287, 1.3251090049743652, 1.2709687948226929, 1.3526544570922852, 1.3281540870666504, 1.313738226890564, 1.3206745386123657, 1.24989914894104, 1.318466067314148, 1.2659541368484497, 1.2719428539276123, 1.2615357637405396, 1.3565257787704468, 1.2229366302490234, 1.2534953355789185, 1.3555041551589966, 1.239001750946045, 1.2563765048980713, 1.2975534200668335, 1.2919095754623413, 1.300180435180664, 1.227027177810669, 1.318566083908081, 1.3657301664352417, 1.3226056098937988, 1.2380731105804443, 1.265397310256958, 1.301735281944275, 1.2519673109054565, 1.3466144800186157]",sae,Pre-64
1,beta,37,0.175,0.4546908257221888,0.444978337644671,0.4259700181712841,0.5,0.6058579085235571,0.7195938605279995,30,"[0, 1, 2, 3, 4, 5, 6, 7, 8, 9, 10, 11, 12, 13, 14, 15, 16, 17, 18, 19, 20, 21, 22, 23, 24, 25, 26, 27, 28, 29]","[1.219053864479065, 1.2904337644577026, 1.2639776468276978, 1.2549487352371216, 1.1849530935287476, 1.2905657291412354, 1.2306095361709595, 1.3285138607025146, 1.375315546989441, 1.2901611328125, 1.2644588947296143, 1.267557144165039, 1.303816795349121, 1.2612545490264893, 1.3289697170257568, 1.2699573040008545, 1.264306902885437, 1.3156734704971313, 1.278700590133667, 1.2842044830322266, 1.2856042385101318, 1.2905980348587036, 1.3355401754379272, 1.3100700378417969, 1.2803927659988403, 1.318248987197876, 1.2737313508987427, 1.2885864973068237, 1.3112603425979614, 1.3287928104400635]",sae,Pre-64
1,beta,43,0.12,0.4515364523902173,0.4432102910589974,0.4386136832496359,0.5,0.6060785767234989,0.6985203854707192,30,"[0, 1, 2, 3, 4, 5, 6, 7, 8, 9, 10, 11, 12, 13, 14, 15, 16, 17, 18, 19, 20, 21, 22, 23, 24, 25, 26, 27, 28, 29]","[1.3277710676193237, 1.415610909461975, 1.3466473817825317, 1.2830793857574463, 1.3218296766281128, 1.256104826927185, 1.2995057106018066, 1.278794765472412, 1.379189133644104, 1.2782446146011353, 1.2403514385223389, 1.385850191116333, 1.3302795886993408, 1.2800780534744263, 1.2769769430160522, 1.1875154972076416, 1.3663700819015503, 1.2930567264556885, 1.3644204139709473, 1.3500937223434448, 1.2766879796981812, 1.2774981260299683, 1.3732410669326782, 1.3492927551269531, 1.246309757232666, 1.3620586395263672, 1.3900712728500366, 1.285986065864563, 1.3623178005218506, 1.3983604907989502]",sae,Pre-64
1,beta,34,0.125,0.4568527557813058,0.4470225010708758,0.4459678278436296,0.5,0.6011606799053854,0.6769819716792944,30,"[0, 1, 2, 3, 4, 5, 6, 7, 8, 9, 10, 11, 12, 13, 14, 15, 16, 17, 18, 19, 20, 21, 22, 23, 24, 25, 26, 27, 28, 29]","[1.3135285377502441, 1.3968220949172974, 1.3998911380767822, 1.3493930101394653, 1.309277057647705, 1.3144670724868774, 1.3512213230133057, 1.2651562690734863, 1.285780906677246, 1.3189290761947632, 1.3719085454940796, 1.1776642799377441, 1.3795514106750488, 1.2666890621185303, 1.2801543474197388, 1.3088501691818237, 1.3930842876434326, 1.4151376485824585, 1.3299157619476318, 1.3062725067138672, 1.3318177461624146, 1.41436767578125, 1.3464155197143555, 1.3633065223693848, 1.3104671239852905, 1.2545005083084106, 1.4283318519592285, 1.4098455905914307, 1.4008163213729858, 1.3803032636642456]",sae,Pre-64
1,beta,4,0.23,0.4589558369307028,0.4477177462853796,0.452905568890858,0.5,0.61034827708266,0.6592455792049495,30,"[0, 1, 2, 3, 4, 5, 6, 7, 8, 9, 10, 11, 12, 13, 14, 15, 16, 17, 18, 19, 20, 21, 22, 23, 24, 25, 26, 27, 28, 29]","[1.2975932359695435, 1.2793593406677246, 1.219376564025879, 1.3505686521530151, 1.194236159324646, 1.2324047088623047, 1.2645652294158936, 1.215835452079773, 1.3099555969238281, 1.3187037706375122, 1.3063465356826782, 1.2329754829406738, 1.351151943206787, 1.2565085887908936, 1.210401177406311, 1.2978720664978027, 1.2975475788116455, 1.2733532190322876, 1.2347407341003418, 1.3255566358566284, 1.2863233089447021, 1.3425164222717285, 1.29435133934021, 1.1987082958221436, 1.290094256401062, 1.2239264249801636, 1.2511842250823975, 1.2664275169372559, 1.330162763595581, 1.2109202146530151]",sae,Pre-64
1,beta,31,0.092,0.4497611378811508,0.4308970333737342,0.4311799227403608,0.5,0.642735734520437,0.7096924322136786,30,"[0, 1, 2, 3, 4, 5, 6, 7, 8, 9, 10, 11, 12, 13, 14, 15, 16, 17, 18, 19, 20, 21, 22, 23, 24, 25, 26, 27, 28, 29]","[1.4220119714736938, 1.3916258811950684, 1.325990915298462, 1.332149863243103, 1.3973870277404785, 1.450884461402893, 1.3468105792999268, 1.4003629684448242, 1.3755152225494385, 1.406740665435791, 1.394946575164795, 1.4001119136810303, 1.4307795763015747, 1.2609295845031738, 1.4454100131988525, 1.383447289466858, 1.403200626373291, 1.3927758932113647, 1.4034888744354248, 1.3644382953643799, 1.4528640508651733, 1.400391697883606, 1.4429714679718018, 1.4199587106704712, 1.3942861557006836, 1.4103527069091797, 1.3220267295837402, 1.4609593152999878, 1.3257910013198853, 1.4191251993179321]",sae,Pre-64
1,beta,4,0.135,0.4589558369307028,0.4477177462853796,0.4573034633282186,0.5,0.61034827708266,0.6590886005817442,30,"[0, 1, 2, 3, 4, 5, 6, 7, 8, 9, 10, 11, 12, 13, 14, 15, 16, 17, 18, 19, 20, 21, 22, 23, 24, 25, 26, 27, 28, 29]","[1.3375691175460815, 1.3220019340515137, 1.253890037536621, 1.3879072666168213, 1.2285486459732056, 1.2688864469528198, 1.305601716041565, 1.2543599605560303, 1.34397292137146, 1.3648697137832642, 1.3422346115112305, 1.2756140232086182, 1.3877876996994019, 1.2861783504486084, 1.2507336139678955, 1.3347090482711792, 1.3365730047225952, 1.3107255697250366, 1.2706323862075806, 1.3643625974655151, 1.3236010074615479, 1.3824946880340576, 1.3269987106323242, 1.2385541200637817, 1.3233450651168823, 1.2604790925979614, 1.2823107242584229, 1.3003556728363037, 1.3672295808792114, 1.2448474168777466]",sae,Pre-64
1,beta,14,0.12,0.4467366851483266,0.4421697276018216,0.4298079755255666,0.5,0.5934222168898753,0.6982873168463833,30,"[0, 1, 2, 3, 4, 5, 6, 7, 8, 9, 10, 11, 12, 13, 14, 15, 16, 17, 18, 19, 20, 21, 22, 23, 24, 25, 26, 27, 28, 29]","[1.3358854055404663, 1.2260233163833618, 1.2938294410705566, 1.3189908266067505, 1.3465406894683838, 1.3112690448760986, 1.3048714399337769, 1.383367896080017, 1.309277892112732, 1.3622920513153076, 1.2661315202713013, 1.2129215002059937, 1.2366342544555664, 1.3602018356323242, 1.3638875484466553, 1.3136277198791504, 1.3836761713027954, 1.3743114471435547, 1.299956202507019, 1.2952749729156494, 1.3368123769760132, 1.3160284757614136, 1.3720145225524902, 1.2665151357650757, 1.3763400316238403, 1.3714457750320435, 1.3066482543945312, 1.3768432140350342, 1.3624792098999023, 1.252078652381897]",sae,Pre-64
1,beta,49,0.096,0.462130925118617,0.4524487678230295,0.4490413149493408,0.5,0.6141152509743157,0.6833797013663898,30,"[0, 1, 2, 3, 4, 5, 6, 7, 8, 9, 10, 11, 12, 13, 14, 15, 16, 17, 18, 19, 20, 21, 22, 23, 24, 25, 26, 27, 28, 29]","[1.333709478378296, 1.3848985433578491, 1.3824228048324585, 1.3673076629638672, 1.3139727115631104, 1.3458836078643799, 1.4235690832138062, 1.3277957439422607, 1.4527722597122192, 1.4012773036956787, 1.3526551723480225, 1.333044171333313, 1.3999348878860474, 1.3899931907653809, 1.4312620162963867, 1.377334713935852, 1.4694936275482178, 1.455167531967163, 1.3186821937561035, 1.402132272720337, 1.4449740648269653, 1.3557833433151245, 1.4514654874801636, 1.3854351043701172, 1.3478745222091675, 1.3915448188781738, 1.3876181840896606, 1.3481966257095337, 1.282340168952942, 1.3486709594726562]",sae,Pre-64
1,beta,1,0.2,0.4560357198099471,0.4497423189216591,0.4440029531468736,0.5,0.5964054457666336,0.6809407021768901,30,"[0, 1, 2, 3, 4, 5, 6, 7, 8, 9, 10, 11, 12, 13, 14, 15, 16, 17, 18, 19, 20, 21, 22, 23, 24, 25, 26, 27, 28, 29]","[1.3022843599319458, 1.2233468294143677, 1.258327603340149, 1.1665562391281128, 1.235414981842041, 1.1883002519607544, 1.175202488899231, 1.2506282329559326, 1.178032636642456, 1.2103263139724731, 1.2098842859268188, 1.2456505298614502, 1.2999069690704346, 1.1907819509506226, 1.2936850786209106, 1.1284935474395752, 1.1523836851119995, 1.2117071151733398, 1.277165174484253, 1.3098399639129639, 1.2979680299758911, 1.2629263401031494, 1.2399752140045166, 1.2208256721496582, 1.1818283796310425, 1.200012445449829, 1.214011549949646, 1.2258684635162354, 1.3078306913375854, 1.223777413368225]",sae,Pre-64
1,beta,27,0.22,0.4609757262074365,0.4537266978541116,0.4543084770420211,0.5,0.5914172664146189,0.6586931018785301,30,"[0, 1, 2, 3, 4, 5, 6, 7, 8, 9, 10, 11, 12, 13, 14, 15, 16, 17, 18, 19, 20, 21, 22, 23, 24, 25, 26, 27, 28, 29]","[1.3044606447219849, 1.3452365398406982, 1.306875467300415, 1.2895011901855469, 1.3323450088500977, 1.2532647848129272, 1.3431422710418701, 1.226845622062683, 1.2903896570205688, 1.282354712486267, 1.2425413131713867, 1.3453598022460938, 1.283139944076538, 1.2495801448822021, 1.2875263690948486, 1.21451997756958, 1.2587083578109741, 1.3140442371368408, 1.2787055969238281, 1.2677974700927734, 1.347988247871399, 1.324963092803955, 1.2480628490447998, 1.2009583711624146, 1.2803089618682861, 1.3477401733398438, 1.2634652853012085, 1.3137245178222656, 1.2190425395965576, 1.2918267250061035]",sae,Pre-64
1,beta,2,0.145,0.4419681213812466,0.4306250660512843,0.4226473520015691,0.5,0.6028191218064636,0.6887417698335421,30,"[0, 1, 2, 3, 4, 5, 6, 7, 8, 9, 10, 11, 12, 13, 14, 15, 16, 17, 18, 19, 20, 21, 22, 23, 24, 25, 26, 27, 28, 29]","[1.2987741231918335, 1.3123828172683716, 1.2941439151763916, 1.3562469482421875, 1.2985483407974243, 1.3759840726852417, 1.316762089729309, 1.3269085884094238, 1.2659921646118164, 1.2776457071304321, 1.3159459829330444, 1.271750569343567, 1.332255482673645, 1.3826320171356201, 1.354073166847229, 1.3103667497634888, 1.3615670204162598, 1.413401484489441, 1.4064314365386963, 1.3847980499267578, 1.313734769821167, 1.3066620826721191, 1.3706964254379272, 1.3740752935409546, 1.301483392715454, 1.3032875061035156, 1.3522711992263794, 1.3324580192565918, 1.1541234254837036, 1.408739447593689]",sae,Pre-64
1,beta,21,0.21,0.4504746503440228,0.4381370334360364,0.4349769318701341,0.5,0.6200058082774133,0.6869276684091498,30,"[0, 1, 2, 3, 4, 5, 6, 7, 8, 9, 10, 11, 12, 13, 14, 15, 16, 17, 18, 19, 20, 21, 22, 23, 24, 25, 26, 27, 28, 29]","[1.1804487705230713, 1.2129929065704346, 1.3117954730987549, 1.3022382259368896, 1.2421725988388062, 1.2580684423446655, 1.2122082710266113, 1.2140095233917236, 1.2774778604507446, 1.2381950616836548, 1.301120638847351, 1.2548445463180542, 1.1991928815841675, 1.2129217386245728, 1.2157073020935059, 1.2089457511901855, 1.2285038232803345, 1.2313086986541748, 1.1713991165161133, 1.305702805519104, 1.18326997756958, 1.3058745861053467, 1.1796438694000244, 1.1756690740585327, 1.2411302328109741, 1.175508975982666, 1.1187812089920044, 1.2166094779968262, 1.2830220460891724, 1.2479008436203003]",sae,Pre-64
1,beta,21,0.15,0.4504746503440228,0.4381370334360364,0.437705145150505,0.5,0.6200058082774133,0.688904954337053,30,"[0, 1, 2, 3, 4, 5, 6, 7, 8, 9, 10, 11, 12, 13, 14, 15, 16, 17, 18, 19, 20, 21, 22, 23, 24, 25, 26, 27, 28, 29]","[1.3318276405334473, 1.3772813081741333, 1.4871982336044312, 1.4851410388946533, 1.4403396844863892, 1.4398510456085205, 1.3695697784423828, 1.378119707107544, 1.4640564918518066, 1.4071592092514038, 1.4736827611923218, 1.4566237926483154, 1.3711843490600586, 1.3892219066619873, 1.3765263557434082, 1.3790929317474365, 1.3884657621383667, 1.3906900882720947, 1.326312780380249, 1.4776263236999512, 1.3304203748703003, 1.4911465644836426, 1.32462739944458, 1.3298178911209106, 1.3930754661560059, 1.3403029441833496, 1.2941856384277344, 1.3704909086227417, 1.450095772743225, 1.4237608909606934]",sae,Pre-64
1,beta,49,0.185,0.462130925118617,0.4524487678230295,0.4488666149398343,0.5,0.6141152509743157,0.6819622482039724,30,"[0, 1, 2, 3, 4, 5, 6, 7, 8, 9, 10, 11, 12, 13, 14, 15, 16, 17, 18, 19, 20, 21, 22, 23, 24, 25, 26, 27, 28, 29]","[1.276019811630249, 1.3219430446624756, 1.3205835819244385, 1.3041962385177612, 1.247876524925232, 1.2851693630218506, 1.3547736406326294, 1.2586251497268677, 1.3746731281280518, 1.3356389999389648, 1.2782227993011475, 1.2702172994613647, 1.327152967453003, 1.3275330066680908, 1.3580191135406494, 1.3066108226776123, 1.4017114639282227, 1.3820089101791382, 1.250889778137207, 1.334365725517273, 1.3742001056671143, 1.2915675640106201, 1.38115394115448, 1.3225715160369873, 1.2886747121810913, 1.3263530731201172, 1.3238890171051025, 1.2906649112701416, 1.2080131769180298, 1.2828854322433472]",sae,Pre-64
1,beta,12,0.22,0.4455148672091349,0.4361346773072694,0.4067994034030875,0.5,0.5892778403611032,0.732179722690948,30,"[0, 1, 2, 3, 4, 5, 6, 7, 8, 9, 10, 11, 12, 13, 14, 15, 16, 17, 18, 19, 20, 21, 22, 23, 24, 25, 26, 27, 28, 29]","[1.1510069370269775, 1.238104224205017, 1.1669384241104126, 1.0727007389068604, 1.2094347476959229, 1.160822868347168, 1.1686755418777466, 1.231000304222107, 1.250001072883606, 1.1482594013214111, 1.1463829278945923, 1.2851383686065674, 1.1506091356277466, 1.2207391262054443, 1.1269334554672241, 1.2875975370407104, 1.111490249633789, 1.2468537092208862, 1.1965770721435547, 1.2625105381011963, 1.2613308429718018, 1.1978631019592285, 1.1764955520629883, 1.2832802534103394, 1.261273980140686, 1.1248352527618408, 1.2639222145080566, 1.2385042905807495, 1.1889654397964478, 1.2939741611480713]",sae,Pre-64
1,beta,34,0.21,0.4568527557813058,0.4470225010708758,0.4452355803597034,0.5,0.6011606799053854,0.6760851879409729,30,"[0, 1, 2, 3, 4, 5, 6, 7, 8, 9, 10, 11, 12, 13, 14, 15, 16, 17, 18, 19, 20, 21, 22, 23, 24, 25, 26, 27, 28, 29]","[1.179006576538086, 1.253799557685852, 1.252231240272522, 1.2207375764846802, 1.184562087059021, 1.1816468238830566, 1.213038682937622, 1.1185699701309204, 1.1681187152862549, 1.1960382461547852, 1.2360514402389526, 1.0515823364257812, 1.2267602682113647, 1.1228952407836914, 1.143659234046936, 1.1776390075683594, 1.2513753175735474, 1.2690099477767944, 1.2095755338668823, 1.1716375350952148, 1.2115432024002075, 1.2705532312393188, 1.209030032157898, 1.2097046375274658, 1.185254693031311, 1.1289243698120117, 1.283995509147644, 1.2700568437576294, 1.26724112033844, 1.2279655933380127]",sae,Pre-64
1,beta,18,0.135,0.4575117633693479,0.4471831599677374,0.4222573913844269,0.5,0.6052065040104606,0.7306072067755958,30,"[0, 1, 2, 3, 4, 5, 6, 7, 8, 9, 10, 11, 12, 13, 14, 15, 16, 17, 18, 19, 20, 21, 22, 23, 24, 25, 26, 27, 28, 29]","[1.2484976053237915, 1.3985021114349365, 1.4272215366363525, 1.350975513458252, 1.3572511672973633, 1.3672258853912354, 1.5343393087387085, 1.3306864500045776, 1.4133656024932861, 1.3067957162857056, 1.499725103378296, 1.4001582860946655, 1.426740050315857, 1.440867304801941, 1.361034631729126, 1.31021249294281, 1.4321777820587158, 1.3567732572555542, 1.3385279178619385, 1.2697162628173828, 1.5178841352462769, 1.3370827436447144, 1.4503133296966553, 1.4131038188934326, 1.3998984098434448, 1.3801747560501099, 1.411242127418518, 1.446866512298584, 1.421394944190979, 1.3652944564819336]",sae,Pre-64
1,beta,25,0.09,0.4465066892532915,0.4352791138475453,0.4389310999917966,0.5,0.6270054355300688,0.6628416640256409,30,"[0, 1, 2, 3, 4, 5, 6, 7, 8, 9, 10, 11, 12, 13, 14, 15, 16, 17, 18, 19, 20, 21, 22, 23, 24, 25, 26, 27, 28, 29]","[1.3759443759918213, 1.3866702318191528, 1.2852500677108765, 1.4095128774642944, 1.405531883239746, 1.3955597877502441, 1.2822152376174927, 1.30598783493042, 1.353169322013855, 1.257684588432312, 1.407145619392395, 1.3253767490386963, 1.3887574672698975, 1.3140501976013184, 1.297175645828247, 1.323738694190979, 1.1925181150436401, 1.2335997819900513, 1.2767343521118164, 1.3025563955307007, 1.4190672636032104, 1.2175543308258057, 1.3701454401016235, 1.3193894624710083, 1.3529142141342163, 1.304565191268921, 1.4336042404174805, 1.384673833847046, 1.404735803604126, 1.259330153465271]",sae,Pre-64
1,beta,5,0.1,0.4445517550333296,0.4301735816232515,0.4289949558157134,0.5,0.6070910659257547,0.6831553977610121,30,"[0, 1, 2, 3, 4, 5, 6, 7, 8, 9, 10, 11, 12, 13, 14, 15, 16, 17, 18, 19, 20, 21, 22, 23, 24, 25, 26, 27, 28, 29]","[1.3479928970336914, 1.249017596244812, 1.251441478729248, 1.3672847747802734, 1.3660532236099243, 1.2978602647781372, 1.2978588342666626, 1.2794896364212036, 1.3376069068908691, 1.2650972604751587, 1.3511958122253418, 1.369494080543518, 1.2981784343719482, 1.301538109779358, 1.3799062967300415, 1.3238979578018188, 1.3289084434509277, 1.3563874959945679, 1.2385941743850708, 1.304839015007019, 1.3811520338058472, 1.3120503425598145, 1.3737585544586182, 1.2622750997543335, 1.3035513162612915, 1.3799617290496826, 1.248733639717102, 1.2803858518600464, 1.359153151512146, 1.3051855564117432]",sae,Pre-64
1,beta,46,0.135,0.4545712902572906,0.4417269056853911,0.4477555535971519,0.5,0.6270377926330811,0.6861838550510171,30,"[0, 1, 2, 3, 4, 5, 6, 7, 8, 9, 10, 11, 12, 13, 14, 15, 16, 17, 18, 19, 20, 21, 22, 23, 24, 25, 26, 27, 28, 29]","[1.26242995262146, 1.3472890853881836, 1.3531689643859863, 1.3525503873825073, 1.2795989513397217, 1.388964295387268, 1.2845021486282349, 1.3774049282073975, 1.3347887992858887, 1.4166924953460693, 1.1588696241378784, 1.2717764377593994, 1.4057705402374268, 1.2634270191192627, 1.3267357349395752, 1.3887548446655273, 1.340317726135254, 1.357240915298462, 1.3822611570358276, 1.3917324542999268, 1.3088451623916626, 1.3196762800216675, 1.3546319007873535, 1.3420668840408325, 1.3638291358947754, 1.3650367259979248, 1.334348440170288, 1.3896996974945068, 1.3226100206375122, 1.337646722793579]",sae,Pre-64
1,beta,37,0.115,0.4546908257221888,0.444978337644671,0.428877517905164,0.5,0.6058579085235571,0.7180743834574667,30,"[0, 1, 2, 3, 4, 5, 6, 7, 8, 9, 10, 11, 12, 13, 14, 15, 16, 17, 18, 19, 20, 21, 22, 23, 24, 25, 26, 27, 28, 29]","[1.3013588190078735, 1.3693420886993408, 1.3440992832183838, 1.3289010524749756, 1.2652190923690796, 1.3725730180740356, 1.316393494606018, 1.4074883460998535, 1.454225778579712, 1.3732514381408691, 1.3441816568374634, 1.3486934900283813, 1.3831380605697632, 1.3492907285690308, 1.408337116241455, 1.3553922176361084, 1.3401256799697876, 1.3991020917892456, 1.3559858798980713, 1.3584238290786743, 1.3724733591079712, 1.3786133527755737, 1.4152344465255737, 1.3931727409362793, 1.3604881763458252, 1.4026470184326172, 1.3543397188186646, 1.3791520595550537, 1.3928093910217285, 1.4077988862991333]",sae,Pre-64
1,beta,40,0.22,0.44666181227492,0.4340193094910912,0.4315631158204212,0.5,0.6093636266731638,0.6691087118731822,30,"[0, 1, 2, 3, 4, 5, 6, 7, 8, 9, 10, 11, 12, 13, 14, 15, 16, 17, 18, 19, 20, 21, 22, 23, 24, 25, 26, 27, 28, 29]","[1.3528997898101807, 1.2964943647384644, 1.2955894470214844, 1.235803246498108, 1.2686656713485718, 1.2992736101150513, 1.3013454675674438, 1.3118393421173096, 1.326737880706787, 1.3316335678100586, 1.2745087146759033, 1.2816643714904785, 1.3483847379684448, 1.2364397048950195, 1.2545582056045532, 1.3658488988876343, 1.2641838788986206, 1.3017799854278564, 1.2539986371994019, 1.2502505779266357, 1.260582447052002, 1.270308256149292, 1.3253586292266846, 1.2895176410675049, 1.3389304876327515, 1.26864755153656, 1.3326600790023804, 1.2328805923461914, 1.3741958141326904, 1.2619595527648926]",sae,Pre-64
1,beta,20,0.125,0.4408022875601419,0.4262939306313442,0.431989054490434,0.5,0.6176087118064704,0.648420241979612,30,"[0, 1, 2, 3, 4, 5, 6, 7, 8, 9, 10, 11, 12, 13, 14, 15, 16, 17, 18, 19, 20, 21, 22, 23, 24, 25, 26, 27, 28, 29]","[1.2502837181091309, 1.3256815671920776, 1.271541714668274, 1.3532251119613647, 1.3287266492843628, 1.3143095970153809, 1.3212463855743408, 1.2504700422286987, 1.3190388679504395, 1.2665261030197144, 1.2725125551223755, 1.2621068954467773, 1.3570972681045532, 1.2235091924667358, 1.254065990447998, 1.3560760021209717, 1.2395716905593872, 1.2569501399993896, 1.2981261014938354, 1.2924823760986328, 1.3007516860961914, 1.22760009765625, 1.3191392421722412, 1.366302251815796, 1.3231768608093262, 1.2386466264724731, 1.2659709453582764, 1.3023080825805664, 1.252540946006775, 1.347185730934143]",sae,Pre-64
1,beta,15,0.18,0.4529015220185267,0.4424399871594601,0.4308202032299562,0.5,0.6161071485640408,0.710440302735368,30,"[0, 1, 2, 3, 4, 5, 6, 7, 8, 9, 10, 11, 12, 13, 14, 15, 16, 17, 18, 19, 20, 21, 22, 23, 24, 25, 26, 27, 28, 29]","[1.230090856552124, 1.184845209121704, 1.219087839126587, 1.2413947582244873, 1.262916922569275, 1.2150905132293701, 1.2049957513809204, 1.2270690202713013, 1.2611652612686157, 1.278473138809204, 1.249699592590332, 1.1828783750534058, 1.3100504875183105, 1.2767916917800903, 1.1983920335769653, 1.2442371845245361, 1.2041432857513428, 1.2920247316360474, 1.1799867153167725, 1.2536355257034302, 1.3100792169570923, 1.2839523553848267, 1.227008581161499, 1.2570302486419678, 1.1926425695419312, 1.109151005744934, 1.2687265872955322, 1.3170844316482544, 1.2299888134002686, 1.2435684204101562]",sae,Pre-64
1,beta,43,0.095,0.4515364523902173,0.4432102910589974,0.4412749947717186,0.5,0.6060785767234989,0.6993699036323202,30,"[0, 1, 2, 3, 4, 5, 6, 7, 8, 9, 10, 11, 12, 13, 14, 15, 16, 17, 18, 19, 20, 21, 22, 23, 24, 25, 26, 27, 28, 29]","[1.5116004943847656, 1.5848731994628906, 1.5608991384506226, 1.458040475845337, 1.4930706024169922, 1.4322084188461304, 1.4630213975906372, 1.4498926401138306, 1.5499123334884644, 1.4394973516464233, 1.4051450490951538, 1.5954281091690063, 1.5240596532821655, 1.4665499925613403, 1.4663995504379272, 1.354039192199707, 1.5520520210266113, 1.450026035308838, 1.5468215942382812, 1.542839765548706, 1.4452338218688965, 1.4584559202194214, 1.5837396383285522, 1.516191005706787, 1.439100980758667, 1.5199332237243652, 1.586410641670227, 1.4496734142303467, 1.545493483543396, 1.5959503650665283]",sae,Pre-64
1,beta,4,0.195,0.4589558369307028,0.4477177462853796,0.452905568890858,0.5,0.61034827708266,0.6592486572171693,30,"[0, 1, 2, 3, 4, 5, 6, 7, 8, 9, 10, 11, 12, 13, 14, 15, 16, 17, 18, 19, 20, 21, 22, 23, 24, 25, 26, 27, 28, 29]","[1.2980397939682007, 1.2798051834106445, 1.2198251485824585, 1.351015567779541, 1.194685697555542, 1.2328522205352783, 1.265011191368103, 1.2162832021713257, 1.3104029893875122, 1.3191502094268799, 1.3067951202392578, 1.2334223985671997, 1.3515987396240234, 1.2569568157196045, 1.210849642753601, 1.2983198165893555, 1.2979952096939087, 1.2738016843795776, 1.2351901531219482, 1.3260045051574707, 1.2867716550827026, 1.3429627418518066, 1.2947988510131836, 1.1991561651229858, 1.290542721748352, 1.224373459815979, 1.2516335248947144, 1.2668758630752563, 1.3306097984313965, 1.211369276046753]",sae,Pre-64
1,beta,7,0.185,0.4564836922581216,0.4420418003909208,0.4349888361397163,0.5,0.6095136152062148,0.7014016976066311,30,"[0, 1, 2, 3, 4, 5, 6, 7, 8, 9, 10, 11, 12, 13, 14, 15, 16, 17, 18, 19, 20, 21, 22, 23, 24, 25, 26, 27, 28, 29]","[1.2827274799346924, 1.3118257522583008, 1.331275463104248, 1.288969874382019, 1.3490020036697388, 1.30362868309021, 1.252837896347046, 1.3067519664764404, 1.3948355913162231, 1.3143173456192017, 1.226840615272522, 1.2750097513198853, 1.2350496053695679, 1.254860520362854, 1.407468557357788, 1.3199453353881836, 1.2767419815063477, 1.2350398302078247, 1.3407069444656372, 1.3474650382995605, 1.303847074508667, 1.312716007232666, 1.316645622253418, 1.266239047050476, 1.3649547100067139, 1.3275600671768188, 1.3018375635147095, 1.18406081199646, 1.3861955404281616, 1.2742948532104492]",sae,Pre-64
1,beta,31,0.11,0.4497611378811508,0.4308970333737342,0.431148023572902,0.5,0.642735734520437,0.7096779788402613,30,"[0, 1, 2, 3, 4, 5, 6, 7, 8, 9, 10, 11, 12, 13, 14, 15, 16, 17, 18, 19, 20, 21, 22, 23, 24, 25, 26, 27, 28, 29]","[1.4200289249420166, 1.3896384239196777, 1.3239859342575073, 1.330155372619629, 1.3953840732574463, 1.4489113092422485, 1.344834566116333, 1.398360013961792, 1.3735045194625854, 1.4047598838806152, 1.3929551839828491, 1.3981235027313232, 1.4287880659103394, 1.2589277029037476, 1.4434118270874023, 1.3814542293548584, 1.401221513748169, 1.3907893896102905, 1.40149986743927, 1.3624497652053833, 1.450879693031311, 1.3983968496322632, 1.440993070602417, 1.4179725646972656, 1.3922834396362305, 1.4083595275878906, 1.3200414180755615, 1.458971619606018, 1.3237810134887695, 1.4171240329742432]",sae,Pre-64
1,beta,15,0.095,0.4529015220185267,0.4424399871594601,0.435425968238125,0.5,0.6161071485640408,0.7111259605746743,30,"[0, 1, 2, 3, 4, 5, 6, 7, 8, 9, 10, 11, 12, 13, 14, 15, 16, 17, 18, 19, 20, 21, 22, 23, 24, 25, 26, 27, 28, 29]","[1.3972022533416748, 1.367682933807373, 1.4087904691696167, 1.408758282661438, 1.4833532571792603, 1.3795337677001953, 1.3741594552993774, 1.398414134979248, 1.4568456411361694, 1.4545961618423462, 1.4427014589309692, 1.3574128150939941, 1.5161020755767822, 1.4596672058105469, 1.3504199981689453, 1.42581307888031, 1.3635809421539307, 1.509201169013977, 1.3482892513275146, 1.4153757095336914, 1.5022138357162476, 1.4694170951843262, 1.3905606269836426, 1.4286922216415405, 1.3981103897094727, 1.2804200649261475, 1.471792459487915, 1.5164180994033813, 1.4137353897094727, 1.409936547279358]",sae,Pre-64
1,beta,28,0.12,0.4589844236982603,0.4495627040154577,0.4395469565353326,0.5,0.5987249917034086,0.6969670032712274,30,"[0, 1, 2, 3, 4, 5, 6, 7, 8, 9, 10, 11, 12, 13, 14, 15, 16, 17, 18, 19, 20, 21, 22, 23, 24, 25, 26, 27, 28, 29]","[1.3336117267608643, 1.2363256216049194, 1.207805871963501, 1.426045536994934, 1.3794959783554077, 1.3777059316635132, 1.3178520202636719, 1.2740094661712646, 1.375617504119873, 1.398812174797058, 1.342867136001587, 1.366974115371704, 1.39960515499115, 1.413878083229065, 1.3372777700424194, 1.305411696434021, 1.3362582921981812, 1.3889213800430298, 1.357594609260559, 1.3634459972381592, 1.3091895580291748, 1.3185752630233765, 1.307763934135437, 1.2597355842590332, 1.298509120941162, 1.382300615310669, 1.4301848411560059, 1.3204766511917114, 1.2992374897003174, 1.3028690814971924]",sae,Pre-64
1,beta,17,0.17,0.4599327030141671,0.4513468217402507,0.4415667419337828,0.5,0.6120635717004715,0.6984493568885628,30,"[0, 1, 2, 3, 4, 5, 6, 7, 8, 9, 10, 11, 12, 13, 14, 15, 16, 17, 18, 19, 20, 21, 22, 23, 24, 25, 26, 27, 28, 29]","[1.394633412361145, 1.2799558639526367, 1.3048980236053467, 1.3432331085205078, 1.396382212638855, 1.2835026979446411, 1.3553677797317505, 1.2280954122543335, 1.3145804405212402, 1.3133643865585327, 1.371063470840454, 1.3798019886016846, 1.3288365602493286, 1.384131908416748, 1.3238275051116943, 1.3359594345092773, 1.4017776250839233, 1.3259552717208862, 1.3677104711532593, 1.3359354734420776, 1.258682131767273, 1.3399659395217896, 1.1960511207580566, 1.3146271705627441, 1.3062114715576172, 1.3026413917541504, 1.295080542564392, 1.3256443738937378, 1.2802183628082275, 1.372855544090271]",sae,Pre-64
1,beta,8,0.15,0.4517491928182039,0.4406431065890545,0.4376318256136804,0.5,0.6098144493254953,0.6769607322991165,30,"[0, 1, 2, 3, 4, 5, 6, 7, 8, 9, 10, 11, 12, 13, 14, 15, 16, 17, 18, 19, 20, 21, 22, 23, 24, 25, 26, 27, 28, 29]","[1.2366509437561035, 1.3391377925872803, 1.2790467739105225, 1.3077207803726196, 1.359856128692627, 1.2929638624191284, 1.3404958248138428, 1.267132043838501, 1.317744493484497, 1.3393884897232056, 1.357636570930481, 1.2920517921447754, 1.2916287183761597, 1.3195761442184448, 1.3330751657485962, 1.2607002258300781, 1.284404993057251, 1.3059059381484985, 1.2312909364700317, 1.2730351686477661, 1.258299469947815, 1.2403883934020996, 1.3396023511886597, 1.2739508152008057, 1.3334892988204956, 1.336937427520752, 1.2436392307281494, 1.334544062614441, 1.3034968376159668, 1.290345549583435]",sae,Pre-64
1,beta,38,0.25,0.4455661720406026,0.4298851252298221,0.4334835909187451,0.5,0.6303640517897944,0.6625034272658036,30,"[0, 1, 2, 3, 4, 5, 6, 7, 8, 9, 10, 11, 12, 13, 14, 15, 16, 17, 18, 19, 20, 21, 22, 23, 24, 25, 26, 27, 28, 29]","[1.2232816219329834, 1.2071574926376343, 1.2369459867477417, 1.2571697235107422, 1.2369637489318848, 1.1340166330337524, 1.2764772176742554, 1.2397764921188354, 1.0962121486663818, 1.2575628757476807, 1.242897868156433, 1.2425016164779663, 1.2526472806930542, 1.2270888090133667, 1.26109778881073, 1.2112858295440674, 1.2224675416946411, 1.2837361097335815, 1.1811542510986328, 1.2478232383728027, 1.2298163175582886, 1.2408605813980103, 1.2785590887069702, 1.1933863162994385, 1.2356233596801758, 1.2747732400894165, 1.1834547519683838, 1.291050910949707, 1.2158046960830688, 1.2933794260025024]",sae,Pre-64
1,beta,29,0.2,0.4558655961502112,0.4409050416793991,0.4505630282302238,0.5,0.6296548282533407,0.6686498094534469,30,"[0, 1, 2, 3, 4, 5, 6, 7, 8, 9, 10, 11, 12, 13, 14, 15, 16, 17, 18, 19, 20, 21, 22, 23, 24, 25, 26, 27, 28, 29]","[1.2166630029678345, 1.1618058681488037, 1.045789361000061, 1.2598339319229126, 1.2042198181152344, 1.1851370334625244, 1.2647767066955566, 1.1854944229125977, 1.2502121925354004, 1.2581042051315308, 1.2110741138458252, 1.246927261352539, 1.2537741661071777, 1.2579691410064697, 1.1948466300964355, 1.250504493713379, 1.1329383850097656, 1.1862735748291016, 1.1693257093429565, 1.2170491218566895, 1.2724260091781616, 1.2783368825912476, 1.2036739587783813, 1.2183459997177124, 1.2085753679275513, 1.1538035869598389, 1.2185169458389282, 1.2634820938110352, 1.313003659248352, 1.1893137693405151]",sae,Pre-64
1,beta,16,0.2,0.4519396108125126,0.4401978349795346,0.4284860633800419,0.5,0.6159012314439947,0.7162377096587623,30,"[0, 1, 2, 3, 4, 5, 6, 7, 8, 9, 10, 11, 12, 13, 14, 15, 16, 17, 18, 19, 20, 21, 22, 23, 24, 25, 26, 27, 28, 29]","[1.1816433668136597, 1.1549805402755737, 1.1470975875854492, 1.2204562425613403, 1.2079726457595825, 1.16508948802948, 1.2193630933761597, 1.2029714584350586, 1.166853666305542, 1.2151411771774292, 1.210655689239502, 1.1998412609100342, 1.1620725393295288, 1.1870464086532593, 1.0927176475524902, 1.147890567779541, 1.2300286293029785, 1.0668268203735352, 1.1719671487808228, 1.198047161102295, 1.2465651035308838, 1.2221773862838745, 1.2204645872116089, 1.217307209968567, 1.1057250499725342, 1.1924660205841064, 1.1101553440093994, 1.1703120470046997, 1.1249769926071167, 1.1529878377914429]",sae,Pre-64
1,beta,6,0.16,0.4540822999211705,0.4457917896713532,0.441152026805915,0.5,0.5933447799067053,0.6658289395712094,30,"[0, 1, 2, 3, 4, 5, 6, 7, 8, 9, 10, 11, 12, 13, 14, 15, 16, 17, 18, 19, 20, 21, 22, 23, 24, 25, 26, 27, 28, 29]","[1.2869794368743896, 1.3156068325042725, 1.250022292137146, 1.3188543319702148, 1.2380633354187012, 1.2139582633972168, 1.2369192838668823, 1.2918386459350586, 1.2305525541305542, 1.3088966608047485, 1.24331533908844, 1.182248592376709, 1.244158387184143, 1.1994566917419434, 1.0760061740875244, 1.306586742401123, 1.2015790939331055, 1.2761883735656738, 1.251590609550476, 1.273835301399231, 1.243721604347229, 1.2228283882141113, 1.2960790395736694, 1.2774887084960938, 1.2153116464614868, 1.2521048784255981, 1.2067903280258179, 1.2197155952453613, 1.2772194147109985, 1.2891522645950317]",sae,Pre-64
1,beta,37,0.094,0.4546908257221888,0.444978337644671,0.4310013192260626,0.5,0.6058579085235571,0.7187835733513599,30,"[0, 1, 2, 3, 4, 5, 6, 7, 8, 9, 10, 11, 12, 13, 14, 15, 16, 17, 18, 19, 20, 21, 22, 23, 24, 25, 26, 27, 28, 29]","[1.3583855628967285, 1.426954746246338, 1.4032665491104126, 1.3779929876327515, 1.320769190788269, 1.4314731359481812, 1.375859022140503, 1.4629040956497192, 1.5057882070541382, 1.4293899536132812, 1.399137020111084, 1.4023007154464722, 1.4369109869003296, 1.4125661849975586, 1.4689518213272095, 1.416406273841858, 1.3949408531188965, 1.4534425735473633, 1.4095237255096436, 1.4144045114517212, 1.431974172592163, 1.4391952753067017, 1.471388339996338, 1.450187087059021, 1.4174290895462036, 1.458790898323059, 1.4126713275909424, 1.4364995956420898, 1.4523229598999023, 1.4686542749404907]",sae,Pre-64
1,beta,11,0.14,0.4566976193509867,0.4496008864727478,0.4327245195943158,0.5,0.5995106990682213,0.710490120335253,30,"[0, 1, 2, 3, 4, 5, 6, 7, 8, 9, 10, 11, 12, 13, 14, 15, 16, 17, 18, 19, 20, 21, 22, 23, 24, 25, 26, 27, 28, 29]","[1.2987762689590454, 1.110085368156433, 1.2596369981765747, 1.1942214965820312, 1.3325040340423584, 1.194288969039917, 1.2182778120040894, 1.118789792060852, 1.3157461881637573, 1.3259339332580566, 1.3366011381149292, 1.3461953401565552, 1.3495091199874878, 1.2586904764175415, 1.2356185913085938, 1.1982671022415161, 1.2749934196472168, 1.2207602262496948, 1.2548024654388428, 1.29959237575531, 1.280941128730774, 1.292574405670166, 1.330442190170288, 1.2600301504135132, 1.260895013809204, 1.3108201026916504, 1.3217507600784302, 1.206462025642395, 1.2528194189071655, 1.2342243194580078]",sae,Pre-64
1,beta,4,0.17,0.4589558369307028,0.4477177462853796,0.452905568890858,0.5,0.61034827708266,0.659251735229389,30,"[0, 1, 2, 3, 4, 5, 6, 7, 8, 9, 10, 11, 12, 13, 14, 15, 16, 17, 18, 19, 20, 21, 22, 23, 24, 25, 26, 27, 28, 29]","[1.2983589172363281, 1.2801240682601929, 1.22014582157135, 1.351334810256958, 1.1950064897537231, 1.233172059059143, 1.2653297185897827, 1.2166029214859009, 1.3107227087020874, 1.3194693326950073, 1.3071153163909912, 1.233742117881775, 1.3519178628921509, 1.257277488708496, 1.2111701965332031, 1.2986395359039307, 1.2983152866363525, 1.274121880531311, 1.235511064529419, 1.3263248205184937, 1.2870917320251465, 1.343281626701355, 1.2951184511184692, 1.1994761228561401, 1.2908629179000854, 1.2246928215026855, 1.2519545555114746, 1.2671964168548584, 1.3309293985366821, 1.2116899490356445]",sae,Pre-64
1,beta,38,0.14,0.4455661720406026,0.4298851252298221,0.4370436331747483,0.5,0.6303640517897944,0.6627311500380807,30,"[0, 1, 2, 3, 4, 5, 6, 7, 8, 9, 10, 11, 12, 13, 14, 15, 16, 17, 18, 19, 20, 21, 22, 23, 24, 25, 26, 27, 28, 29]","[1.3122968673706055, 1.29196035861969, 1.3242360353469849, 1.3545128107070923, 1.3209741115570068, 1.2102715969085693, 1.369335651397705, 1.326768159866333, 1.1815468072891235, 1.3395105600357056, 1.3199487924575806, 1.3342026472091675, 1.3484305143356323, 1.3144450187683105, 1.3607975244522095, 1.297624945640564, 1.30409574508667, 1.3781919479370117, 1.2679585218429565, 1.3328527212142944, 1.3115061521530151, 1.3211896419525146, 1.370959758758545, 1.2752020359039307, 1.3152353763580322, 1.368915319442749, 1.2666735649108887, 1.3738744258880615, 1.2999345064163208, 1.3829865455627441]",sae,Pre-64
1,beta,1,0.155,0.4560357198099471,0.4497423189216591,0.4460579338326411,0.5,0.5964054457666336,0.6820223591632432,30,"[0, 1, 2, 3, 4, 5, 6, 7, 8, 9, 10, 11, 12, 13, 14, 15, 16, 17, 18, 19, 20, 21, 22, 23, 24, 25, 26, 27, 28, 29]","[1.4072107076644897, 1.3079206943511963, 1.3608407974243164, 1.247854471206665, 1.3435471057891846, 1.270632028579712, 1.2785563468933105, 1.3454569578170776, 1.2517971992492676, 1.3077601194381714, 1.306451678276062, 1.349305510520935, 1.4001253843307495, 1.2771031856536865, 1.3974988460540771, 1.2291258573532104, 1.2523785829544067, 1.306678295135498, 1.3775990009307861, 1.408049464225769, 1.3967273235321045, 1.3574239015579224, 1.3318674564361572, 1.302299976348877, 1.2696053981781006, 1.293389916419983, 1.3218353986740112, 1.327020287513733, 1.4093507528305054, 1.3317290544509888]",sae,Pre-64
1,beta,1,0.12,0.4560357198099471,0.4497423189216591,0.4462959071997169,0.5,0.5964054457666336,0.6820223591632432,30,"[0, 1, 2, 3, 4, 5, 6, 7, 8, 9, 10, 11, 12, 13, 14, 15, 16, 17, 18, 19, 20, 21, 22, 23, 24, 25, 26, 27, 28, 29]","[1.408566951751709, 1.3092892169952393, 1.3621983528137207, 1.2492259740829468, 1.3449040651321411, 1.272000789642334, 1.2799187898635864, 1.3468183279037476, 1.2531683444976807, 1.3091202974319458, 1.3078161478042603, 1.3506659269332886, 1.4014861583709717, 1.2784671783447266, 1.3988571166992188, 1.230483055114746, 1.2537364959716797, 1.3080421686172485, 1.3789606094360352, 1.409411072731018, 1.3980880975723267, 1.3587839603424072, 1.3332335948944092, 1.3036692142486572, 1.2709705829620361, 1.2947553396224976, 1.3231909275054932, 1.3283766508102417, 1.4107096195220947, 1.33308744430542]",sae,Pre-64
1,beta,32,0.23,0.4555596844830426,0.4475674839123162,0.4644392321075226,0.5,0.5924839124839124,0.629437764294907,30,"[0, 1, 2, 3, 4, 5, 6, 7, 8, 9, 10, 11, 12, 13, 14, 15, 16, 17, 18, 19, 20, 21, 22, 23, 24, 25, 26, 27, 28, 29]","[1.336331844329834, 1.2419888973236084, 1.3339622020721436, 1.2667392492294312, 1.2719842195510864, 1.3531123399734497, 1.280192494392395, 1.254859209060669, 1.2555012702941895, 1.2581579685211182, 1.2542754411697388, 1.2471063137054443, 1.2785210609436035, 1.2003424167633057, 1.1899833679199219, 1.2077174186706543, 1.2372549772262573, 1.2761955261230469, 1.2213343381881714, 1.259541630744934, 1.339989185333252, 1.2587072849273682, 1.20840585231781, 1.3359920978546143, 1.2733086347579956, 1.2107737064361572, 1.324644684791565, 1.1296591758728027, 1.3434929847717285, 1.3352923393249512]",sae,Pre-64
1,beta,48,0.16,0.4556814132376,0.4510566266980289,0.4850412063446801,0.5,0.5923878577171784,0.588887127277669,30,"[0, 1, 2, 3, 4, 5, 6, 7, 8, 9, 10, 11, 12, 13, 14, 15, 16, 17, 18, 19, 20, 21, 22, 23, 24, 25, 26, 27, 28, 29]","[1.4208370447158813, 1.3675838708877563, 1.355589509010315, 1.3416746854782104, 1.3216854333877563, 1.2851592302322388, 1.3617397546768188, 1.2766185998916626, 1.3239409923553467, 1.3191187381744385, 1.3757877349853516, 1.331599473953247, 1.3359342813491821, 1.3256350755691528, 1.2884269952774048, 1.3691281080245972, 1.360859990119934, 1.363527774810791, 1.396215796470642, 1.2357406616210938, 1.3228899240493774, 1.3943893909454346, 1.3983074426651, 1.231572151184082, 1.3336663246154785, 1.3694264888763428, 1.400672435760498, 1.3750886917114258, 1.3292113542556763, 1.353111743927002]",sae,Pre-64
1,beta,10,0.25,0.4493907433353129,0.4390813823454372,0.4378373003843949,0.5,0.6232207829487961,0.6759553625892569,30,"[0, 1, 2, 3, 4, 5, 6, 7, 8, 9, 10, 11, 12, 13, 14, 15, 16, 17, 18, 19, 20, 21, 22, 23, 24, 25, 26, 27, 28, 29]","[1.2088425159454346, 1.135651707649231, 1.2756389379501343, 1.2238487005233765, 1.2154064178466797, 1.238709807395935, 1.3096803426742554, 1.2412399053573608, 1.1220051050186157, 1.258139729499817, 1.2285436391830444, 1.243488073348999, 1.2374334335327148, 1.2137353420257568, 1.304169774055481, 1.2428213357925415, 1.249685287475586, 1.1858538389205933, 1.210134744644165, 1.1866358518600464, 1.2097442150115967, 1.2175426483154297, 1.2837028503417969, 1.2793563604354858, 1.1830860376358032, 1.1914597749710083, 1.2309309244155884, 1.2507529258728027, 1.2220771312713623, 1.2470898628234863]",sae,Pre-64
1,beta,16,0.145,0.4519396108125126,0.4401978349795346,0.4306238549249094,0.5,0.6159012314439947,0.7167513133796029,30,"[0, 1, 2, 3, 4, 5, 6, 7, 8, 9, 10, 11, 12, 13, 14, 15, 16, 17, 18, 19, 20, 21, 22, 23, 24, 25, 26, 27, 28, 29]","[1.2718425989151, 1.234967589378357, 1.240048885345459, 1.3189079761505127, 1.3113641738891602, 1.2539499998092651, 1.317176342010498, 1.2934950590133667, 1.2644920349121094, 1.3192263841629028, 1.3196635246276855, 1.3031286001205444, 1.259135365486145, 1.2801612615585327, 1.1985116004943848, 1.248533844947815, 1.3281872272491455, 1.1546844244003296, 1.265828013420105, 1.3006591796875, 1.3490204811096191, 1.3166613578796387, 1.3223457336425781, 1.312905192375183, 1.2026485204696655, 1.2914602756500244, 1.2132948637008667, 1.2678534984588623, 1.2241926193237305, 1.2479066848754883]",sae,Pre-64
1,beta,21,0.185,0.4504746503440228,0.4381370334360364,0.4349769318701341,0.5,0.6200058082774133,0.6869276684091498,30,"[0, 1, 2, 3, 4, 5, 6, 7, 8, 9, 10, 11, 12, 13, 14, 15, 16, 17, 18, 19, 20, 21, 22, 23, 24, 25, 26, 27, 28, 29]","[1.1804581880569458, 1.2130022048950195, 1.3118047714233398, 1.3022475242614746, 1.2421820163726807, 1.2580777406692505, 1.2122175693511963, 1.2140189409255981, 1.2774873971939087, 1.2382043600082397, 1.3011300563812256, 1.2548538446426392, 1.199202299118042, 1.2129310369491577, 1.2157166004180908, 1.2089550495147705, 1.2285131216049194, 1.2313181161880493, 1.1714084148406982, 1.3057122230529785, 1.183279275894165, 1.3058841228485107, 1.179653286933899, 1.1756783723831177, 1.2411396503448486, 1.1755183935165405, 1.118790626525879, 1.2166187763214111, 1.2830313444137573, 1.2479101419448853]",sae,Pre-64
1,beta,5,0.23,0.4445517550333296,0.4301735816232515,0.4267032160632633,0.5,0.6070910659257547,0.6834022989942682,30,"[0, 1, 2, 3, 4, 5, 6, 7, 8, 9, 10, 11, 12, 13, 14, 15, 16, 17, 18, 19, 20, 21, 22, 23, 24, 25, 26, 27, 28, 29]","[1.2465322017669678, 1.1569138765335083, 1.1651437282562256, 1.2729390859603882, 1.2756723165512085, 1.1893558502197266, 1.2088594436645508, 1.193099856376648, 1.2418146133422852, 1.1767853498458862, 1.2547951936721802, 1.2725636959075928, 1.2048366069793701, 1.209648609161377, 1.285263180732727, 1.2289094924926758, 1.2331061363220215, 1.2589466571807861, 1.1369163990020752, 1.2140247821807861, 1.283632516860962, 1.22281813621521, 1.273600459098816, 1.1753473281860352, 1.2075464725494385, 1.280333399772644, 1.1568409204483032, 1.1863614320755005, 1.264901876449585, 1.204485297203064]",sae,Pre-64
1,beta,5,0.135,0.4445517550333296,0.4301735816232515,0.4289770321555384,0.5,0.6070910659257547,0.6831678990892782,30,"[0, 1, 2, 3, 4, 5, 6, 7, 8, 9, 10, 11, 12, 13, 14, 15, 16, 17, 18, 19, 20, 21, 22, 23, 24, 25, 26, 27, 28, 29]","[1.3464162349700928, 1.2474457025527954, 1.2498680353164673, 1.3657032251358032, 1.3644702434539795, 1.2962892055511475, 1.2962801456451416, 1.277916669845581, 1.3360286951065063, 1.2635213136672974, 1.3496142625808716, 1.3679125308990479, 1.2965961694717407, 1.2999542951583862, 1.378322720527649, 1.3223204612731934, 1.3273255825042725, 1.35480797290802, 1.2370256185531616, 1.3032538890838623, 1.3795710802078247, 1.3104627132415771, 1.3721829652786255, 1.2606995105743408, 1.3019723892211914, 1.3783833980560303, 1.247159719467163, 1.2788076400756836, 1.3575724363327026, 1.3036072254180908]",sae,Pre-64
1,beta,15,0.12,0.4529015220185267,0.4424399871594601,0.4352391271925761,0.5,0.6161071485640408,0.7111346765641569,30,"[0, 1, 2, 3, 4, 5, 6, 7, 8, 9, 10, 11, 12, 13, 14, 15, 16, 17, 18, 19, 20, 21, 22, 23, 24, 25, 26, 27, 28, 29]","[1.392878770828247, 1.3633906841278076, 1.4044971466064453, 1.404433250427246, 1.4791024923324585, 1.375213861465454, 1.3698707818984985, 1.3941256999969482, 1.4525392055511475, 1.4502750635147095, 1.4384185075759888, 1.353102684020996, 1.511832356452942, 1.4553560018539429, 1.3461073637008667, 1.421525239944458, 1.3592395782470703, 1.5049540996551514, 1.3439981937408447, 1.4110479354858398, 1.497939944267273, 1.4651163816452026, 1.3862643241882324, 1.4243848323822021, 1.3938496112823486, 1.2761412858963013, 1.4675244092941284, 1.5121439695358276, 1.4094383716583252, 1.405646800994873]",sae,Pre-64
1,beta,29,0.18,0.4558655961502112,0.4409050416793991,0.4505630282302238,0.5,0.6296548282533407,0.6686498094534469,30,"[0, 1, 2, 3, 4, 5, 6, 7, 8, 9, 10, 11, 12, 13, 14, 15, 16, 17, 18, 19, 20, 21, 22, 23, 24, 25, 26, 27, 28, 29]","[1.2166779041290283, 1.1618207693099976, 1.0458043813705444, 1.2598488330841064, 1.2042347192764282, 1.1851520538330078, 1.2647916078567505, 1.1855093240737915, 1.2502269744873047, 1.2581188678741455, 1.2110891342163086, 1.2469422817230225, 1.2537890672683716, 1.2579841613769531, 1.1948615312576294, 1.2505193948745728, 1.132953405380249, 1.1862884759902954, 1.16934072971344, 1.2170640230178833, 1.272441029548645, 1.2783517837524414, 1.2036888599395752, 1.2183609008789062, 1.2085903882980347, 1.1538184881210327, 1.218531847000122, 1.263496994972229, 1.3130186796188354, 1.1893287897109985]",sae,Pre-64
1,beta,23,0.175,0.4478205607315014,0.4344954522622479,0.4317269217414636,0.5,0.6150139710231751,0.670837550358466,30,"[0, 1, 2, 3, 4, 5, 6, 7, 8, 9, 10, 11, 12, 13, 14, 15, 16, 17, 18, 19, 20, 21, 22, 23, 24, 25, 26, 27, 28, 29]","[1.2233139276504517, 1.253408670425415, 1.2154107093811035, 1.3413218259811401, 1.1524513959884644, 1.2240046262741089, 1.3199748992919922, 1.263177514076233, 1.2189584970474243, 1.3442621231079102, 1.3361542224884033, 1.2942066192626953, 1.2834903001785278, 1.1673203706741333, 1.2812327146530151, 1.3361241817474365, 1.0680938959121704, 1.266497254371643, 1.2138234376907349, 1.229161262512207, 1.332589030265808, 1.3481974601745605, 1.2179383039474487, 1.3430418968200684, 1.329766035079956, 1.274907112121582, 1.2360804080963135, 1.2223986387252808, 1.2575582265853882, 1.3487226963043213]",sae,Pre-64
1,beta,41,0.19,0.4543678569363413,0.4427951465832617,0.4469272049507793,0.5,0.6190905384235713,0.6738671073055931,30,"[0, 1, 2, 3, 4, 5, 6, 7, 8, 9, 10, 11, 12, 13, 14, 15, 16, 17, 18, 19, 20, 21, 22, 23, 24, 25, 26, 27, 28, 29]","[1.2567310333251953, 1.3104398250579834, 1.207727313041687, 1.1981974840164185, 1.1803295612335205, 1.3527510166168213, 1.2344294786453247, 1.2809258699417114, 1.2594424486160278, 1.3159730434417725, 1.3172191381454468, 1.2779805660247803, 1.2854446172714233, 1.3244506120681763, 1.3325313329696655, 1.2727251052856445, 1.2228115797042847, 1.283119559288025, 1.272755742073059, 1.2924689054489136, 1.2009226083755493, 1.2633775472640991, 1.2772191762924194, 1.2796630859375, 1.2760682106018066, 1.2612087726593018, 1.3082963228225708, 1.3135277032852173, 1.2692208290100098, 1.218456506729126]",sae,Pre-64
1,beta,26,0.13,0.4502231978181314,0.4442488029476733,0.4573756330589465,0.5,0.5832450787939482,0.6466199619213049,30,"[0, 1, 2, 3, 4, 5, 6, 7, 8, 9, 10, 11, 12, 13, 14, 15, 16, 17, 18, 19, 20, 21, 22, 23, 24, 25, 26, 27, 28, 29]","[1.285583257675171, 1.3241082429885864, 1.456347107887268, 1.2588695287704468, 1.340348482131958, 1.3832414150238037, 1.3570791482925415, 1.2640080451965332, 1.3522688150405884, 1.3286274671554565, 1.244498610496521, 1.4606060981750488, 1.4052613973617554, 1.3406323194503784, 1.4062137603759766, 1.28351628780365, 1.3418080806732178, 1.2471116781234741, 1.3744068145751953, 1.3416798114776611, 1.293365716934204, 1.4414849281311035, 1.3415517807006836, 1.3756052255630493, 1.449523687362671, 1.44364595413208, 1.3095985651016235, 1.3570688962936401, 1.1784732341766357, 1.292967438697815]",sae,Pre-64
1,beta,32,0.135,0.4555596844830426,0.4475674839123162,0.4707598988337557,0.5,0.5924839124839124,0.6331002022430594,30,"[0, 1, 2, 3, 4, 5, 6, 7, 8, 9, 10, 11, 12, 13, 14, 15, 16, 17, 18, 19, 20, 21, 22, 23, 24, 25, 26, 27, 28, 29]","[1.485968828201294, 1.4075528383255005, 1.4868371486663818, 1.421384334564209, 1.4306769371032715, 1.4952527284622192, 1.4264990091323853, 1.406813621520996, 1.3834185600280762, 1.392414927482605, 1.407841682434082, 1.38251793384552, 1.426078200340271, 1.3456798791885376, 1.3345050811767578, 1.3394529819488525, 1.3664928674697876, 1.4301187992095947, 1.3765957355499268, 1.406581997871399, 1.4911799430847168, 1.4073519706726074, 1.3299098014831543, 1.4927926063537598, 1.421601414680481, 1.3523913621902466, 1.4684712886810303, 1.2884724140167236, 1.497092366218567, 1.4899240732192993]",sae,Pre-64
1,beta,35,0.185,0.4566193215888805,0.4379483378046387,0.4291675369321771,0.5,0.637290178651746,0.7122621425016042,30,"[0, 1, 2, 3, 4, 5, 6, 7, 8, 9, 10, 11, 12, 13, 14, 15, 16, 17, 18, 19, 20, 21, 22, 23, 24, 25, 26, 27, 28, 29]","[1.2326126098632812, 1.274747371673584, 1.344506025314331, 1.2914557456970215, 1.276940107345581, 1.263615608215332, 1.2042003870010376, 1.3625272512435913, 1.365471601486206, 1.2883983850479126, 1.32952082157135, 1.2206588983535767, 1.2820991277694702, 1.1709071397781372, 1.2722069025039673, 1.2281768321990967, 1.342264175415039, 1.2170283794403076, 1.314787745475769, 1.2114465236663818, 1.2314919233322144, 1.2250220775604248, 1.2559036016464233, 1.1906569004058838, 1.245352864265442, 1.2790193557739258, 1.2530760765075684, 1.320120930671692, 1.3305277824401855, 1.3001787662506104]",sae,Pre-64
1,beta,44,0.2,0.4469012312759677,0.43811650775401,0.4510614169101046,0.5,0.5982762074796864,0.6191953474395008,30,"[0, 1, 2, 3, 4, 5, 6, 7, 8, 9, 10, 11, 12, 13, 14, 15, 16, 17, 18, 19, 20, 21, 22, 23, 24, 25, 26, 27, 28, 29]","[1.2328547239303589, 1.2432644367218018, 1.1659780740737915, 1.2068973779678345, 1.2343672513961792, 1.2805579900741577, 1.2432557344436646, 1.1861051321029663, 1.250148892402649, 1.2800967693328857, 1.2281315326690674, 1.196825623512268, 1.2346899509429932, 1.2085988521575928, 1.2957873344421387, 1.2916826009750366, 1.1771492958068848, 1.0729701519012451, 1.2419945001602173, 1.2252827882766724, 1.2023670673370361, 1.1831659078598022, 1.2204121351242065, 1.2380669116973877, 1.2853058576583862, 1.1772890090942383, 1.2010576725006104, 1.2346770763397217, 1.2158093452453613, 1.245582103729248]",sae,Pre-64
1,beta,30,0.145,0.4638407167611665,0.4544841508273655,0.4368581832465081,0.5,0.6043368975359404,0.6928290917889621,30,"[0, 1, 2, 3, 4, 5, 6, 7, 8, 9, 10, 11, 12, 13, 14, 15, 16, 17, 18, 19, 20, 21, 22, 23, 24, 25, 26, 27, 28, 29]","[1.3262474536895752, 1.2761436700820923, 1.3079193830490112, 1.2707685232162476, 1.2714884281158447, 1.2550653219223022, 1.2722959518432617, 1.2430524826049805, 1.2297331094741821, 1.2477495670318604, 1.3291847705841064, 1.2336738109588623, 1.217515468597412, 1.2398823499679565, 1.2975949048995972, 1.3121463060379028, 1.2549188137054443, 1.258723258972168, 1.333949089050293, 1.2578210830688477, 1.2347639799118042, 1.1891207695007324, 1.2718888521194458, 1.259647250175476, 1.3691424131393433, 1.2568448781967163, 1.2950910329818726, 1.2536966800689697, 1.3047499656677246, 1.2797272205352783]",sae,Pre-64
1,beta,46,0.23,0.4545712902572906,0.4417269056853911,0.4450798430768721,0.5,0.6270377926330811,0.6841223609382507,30,"[0, 1, 2, 3, 4, 5, 6, 7, 8, 9, 10, 11, 12, 13, 14, 15, 16, 17, 18, 19, 20, 21, 22, 23, 24, 25, 26, 27, 28, 29]","[1.1605839729309082, 1.2325963973999023, 1.2481722831726074, 1.249533772468567, 1.1887978315353394, 1.2818208932876587, 1.1905152797698975, 1.2588187456130981, 1.227943778038025, 1.2995549440383911, 1.0653156042099, 1.1619406938552856, 1.3013006448745728, 1.1704630851745605, 1.2270970344543457, 1.2811660766601562, 1.2396571636199951, 1.2584072351455688, 1.2591217756271362, 1.277535080909729, 1.2051252126693726, 1.2233694791793823, 1.2517229318618774, 1.2378768920898438, 1.2598581314086914, 1.2671061754226685, 1.2359105348587036, 1.2851537466049194, 1.2299818992614746, 1.2298767566680908]",sae,Pre-64
1,beta,18,0.23,0.4575117633693479,0.4471831599677374,0.4182839141236465,0.5,0.6052065040104606,0.7279783219994782,30,"[0, 1, 2, 3, 4, 5, 6, 7, 8, 9, 10, 11, 12, 13, 14, 15, 16, 17, 18, 19, 20, 21, 22, 23, 24, 25, 26, 27, 28, 29]","[1.08156156539917, 1.1808451414108276, 1.2274887561798096, 1.1775970458984375, 1.1839946508407593, 1.1783868074417114, 1.302558422088623, 1.1474957466125488, 1.2003755569458008, 1.1137614250183105, 1.279771089553833, 1.1947054862976074, 1.217077374458313, 1.243087649345398, 1.1674503087997437, 1.1044795513153076, 1.2428091764450073, 1.1572407484054565, 1.1403177976608276, 1.0754040479660034, 1.2844663858413696, 1.1361045837402344, 1.2445805072784424, 1.2017990350723267, 1.1962649822235107, 1.1700507402420044, 1.2117968797683716, 1.2385376691818237, 1.2291908264160156, 1.181313395500183]",sae,Pre-64
1,beta,40,0.165,0.44666181227492,0.4340193094910912,0.4315924121288235,0.5,0.6093636266731638,0.6691132802387733,30,"[0, 1, 2, 3, 4, 5, 6, 7, 8, 9, 10, 11, 12, 13, 14, 15, 16, 17, 18, 19, 20, 21, 22, 23, 24, 25, 26, 27, 28, 29]","[1.3544282913208008, 1.2980215549468994, 1.2971242666244507, 1.2373361587524414, 1.270193099975586, 1.3008064031600952, 1.3028836250305176, 1.313370704650879, 1.3282707929611206, 1.3331655263900757, 1.2760365009307861, 1.2831928730010986, 1.3499122858047485, 1.2379703521728516, 1.2560853958129883, 1.3673783540725708, 1.2657079696655273, 1.3033108711242676, 1.2555326223373413, 1.2517778873443604, 1.262120008468628, 1.2718437910079956, 1.3268885612487793, 1.2910476922988892, 1.3404581546783447, 1.2701778411865234, 1.334193229675293, 1.2344114780426025, 1.3757225275039673, 1.2635002136230469]",sae,Pre-64
1,beta,21,0.125,0.4504746503440228,0.4381370334360364,0.4377542336061499,0.5,0.6200058082774133,0.6889003200731596,30,"[0, 1, 2, 3, 4, 5, 6, 7, 8, 9, 10, 11, 12, 13, 14, 15, 16, 17, 18, 19, 20, 21, 22, 23, 24, 25, 26, 27, 28, 29]","[1.334370493888855, 1.3798123598098755, 1.4897189140319824, 1.487656831741333, 1.4428383111953735, 1.4423658847808838, 1.3720983266830444, 1.3806387186050415, 1.4665731191635132, 1.409675121307373, 1.4762039184570312, 1.4591253995895386, 1.3737000226974487, 1.391741156578064, 1.3790591955184937, 1.3816040754318237, 1.3909932374954224, 1.3932079076766968, 1.3288555145263672, 1.480151891708374, 1.3329670429229736, 1.4936559200286865, 1.3271708488464355, 1.3323591947555542, 1.3956152200698853, 1.342835783958435, 1.296702265739441, 1.3730388879776, 1.4526246786117554, 1.426284909248352]",sae,Pre-64
1,beta,16,0.3,0.4519396108125126,0.4401978349795346,0.4272562254658057,0.5,0.6159012314439947,0.716236203489493,30,"[0, 1, 2, 3, 4, 5, 6, 7, 8, 9, 10, 11, 12, 13, 14, 15, 16, 17, 18, 19, 20, 21, 22, 23, 24, 25, 26, 27, 28, 29]","[1.1815686225891113, 1.154905915260315, 1.1470229625701904, 1.2203816175460815, 1.2078980207443237, 1.165014624595642, 1.2192883491516113, 1.2028967142105103, 1.1667789220809937, 1.2150663137435913, 1.2105809450149536, 1.199766755104065, 1.1619977951049805, 1.186971664428711, 1.0926430225372314, 1.1478158235549927, 1.2299540042877197, 1.0667520761489868, 1.171892523765564, 1.1979725360870361, 1.2464903593063354, 1.2221026420593262, 1.22038996219635, 1.2172324657440186, 1.1056503057479858, 1.192391276359558, 1.1100807189941406, 1.170237421989441, 1.1249024868011475, 1.152913212776184]",sae,Pre-64
1,beta,14,0.155,0.4467366851483266,0.4421697276018216,0.4269936475169583,0.5,0.5934222168898753,0.699241140389028,30,"[0, 1, 2, 3, 4, 5, 6, 7, 8, 9, 10, 11, 12, 13, 14, 15, 16, 17, 18, 19, 20, 21, 22, 23, 24, 25, 26, 27, 28, 29]","[1.2819325923919678, 1.1747537851333618, 1.2333579063415527, 1.2606956958770752, 1.2895195484161377, 1.2530672550201416, 1.2440062761306763, 1.3175963163375854, 1.2549951076507568, 1.297026515007019, 1.208274483680725, 1.1498019695281982, 1.1767828464508057, 1.302229404449463, 1.3045231103897095, 1.256353497505188, 1.3236029148101807, 1.3116979598999023, 1.235931396484375, 1.2401645183563232, 1.2764315605163574, 1.2554126977920532, 1.3125333786010742, 1.2123467922210693, 1.3139945268630981, 1.308915138244629, 1.2439395189285278, 1.3145568370819092, 1.299338459968567, 1.1859912872314453]",sae,Pre-64
1,beta,11,0.105,0.4566976193509867,0.4496008864727478,0.4367593388129455,0.5,0.5995106990682213,0.7107242356136161,30,"[0, 1, 2, 3, 4, 5, 6, 7, 8, 9, 10, 11, 12, 13, 14, 15, 16, 17, 18, 19, 20, 21, 22, 23, 24, 25, 26, 27, 28, 29]","[1.4555213451385498, 1.2618845701217651, 1.4122531414031982, 1.3342430591583252, 1.489595890045166, 1.355857491493225, 1.3632912635803223, 1.2429792881011963, 1.4745023250579834, 1.4760761260986328, 1.4916563034057617, 1.5053069591522217, 1.5072717666625977, 1.4015090465545654, 1.3721239566802979, 1.3766425848007202, 1.4286664724349976, 1.3564432859420776, 1.3856208324432373, 1.4465625286102295, 1.4154521226882935, 1.4312483072280884, 1.4891303777694702, 1.40673828125, 1.396574854850769, 1.4624829292297363, 1.4914839267730713, 1.3479468822479248, 1.3893563747406006, 1.3699514865875244]",sae,Pre-64
1,beta,42,0.155,0.4546678683050885,0.4407690563496341,0.4450433653961058,0.5,0.6336081445133979,0.6603511208928656,30,"[0, 1, 2, 3, 4, 5, 6, 7, 8, 9, 10, 11, 12, 13, 14, 15, 16, 17, 18, 19, 20, 21, 22, 23, 24, 25, 26, 27, 28, 29]","[1.2767118215560913, 1.1509020328521729, 1.2741888761520386, 1.2517021894454956, 1.16533625125885, 1.2553739547729492, 1.1647206544876099, 1.148014783859253, 1.1693377494812012, 1.2613091468811035, 1.2386943101882935, 1.2795376777648926, 1.1614588499069214, 1.0049147605895996, 1.2809103727340698, 1.1924101114273071, 1.141250491142273, 1.1302461624145508, 1.240049958229065, 1.2147595882415771, 1.1706880331039429, 1.1570767164230347, 1.171014428138733, 1.1616032123565674, 1.189007043838501, 1.1533206701278687, 1.2752232551574707, 1.16252863407135, 1.2145106792449951, 1.1530125141143799]",sae,Pre-64
1,beta,32,0.195,0.4555596844830426,0.4475674839123162,0.4655187818485291,0.5,0.5924839124839124,0.6294348225776798,30,"[0, 1, 2, 3, 4, 5, 6, 7, 8, 9, 10, 11, 12, 13, 14, 15, 16, 17, 18, 19, 20, 21, 22, 23, 24, 25, 26, 27, 28, 29]","[1.3364866971969604, 1.2421441078186035, 1.33411705493927, 1.2668944597244263, 1.2721394300460815, 1.3532676696777344, 1.2803478240966797, 1.255014181137085, 1.2556564807891846, 1.2583136558532715, 1.2544305324554443, 1.247261643409729, 1.2786762714385986, 1.2004978656768799, 1.1901386976242065, 1.2078731060028076, 1.237410545349121, 1.276350736618042, 1.221489667892456, 1.2596967220306396, 1.340144157409668, 1.2588627338409424, 1.2085615396499634, 1.3361473083496094, 1.2734639644622803, 1.2109289169311523, 1.3248000144958496, 1.1298145055770874, 1.343647837638855, 1.3354473114013672]",sae,Pre-64
1,beta,5,0.195,0.4445517550333296,0.4301735816232515,0.4289462892503685,0.5,0.6070910659257547,0.6831710244213448,30,"[0, 1, 2, 3, 4, 5, 6, 7, 8, 9, 10, 11, 12, 13, 14, 15, 16, 17, 18, 19, 20, 21, 22, 23, 24, 25, 26, 27, 28, 29]","[1.343713402748108, 1.244751214981079, 1.2471710443496704, 1.3629916906356812, 1.361756443977356, 1.2935973405838013, 1.2935733795166016, 1.2752207517623901, 1.333322525024414, 1.260819911956787, 1.3469027280807495, 1.3652006387710571, 1.2938843965530396, 1.2972385883331299, 1.3756086826324463, 1.3196154832839966, 1.3246116638183594, 1.3520991802215576, 1.2343372106552124, 1.300535798072815, 1.3768624067306519, 1.3077419996261597, 1.3694812059402466, 1.2579994201660156, 1.2992658615112305, 1.3756781816482544, 1.2444623708724976, 1.2761015892028809, 1.3548632860183716, 1.3009017705917358]",sae,Pre-64
1,beta,24,0.25,0.4501416387440968,0.4383559369047743,0.4434152475517279,0.5,0.6188330126613704,0.6395171300893744,30,"[0, 1, 2, 3, 4, 5, 6, 7, 8, 9, 10, 11, 12, 13, 14, 15, 16, 17, 18, 19, 20, 21, 22, 23, 24, 25, 26, 27, 28, 29]","[1.2124673128128052, 1.1755998134613037, 1.1868178844451904, 1.2273244857788086, 1.242689609527588, 1.1841548681259155, 1.1860560178756714, 1.1832525730133057, 1.2021790742874146, 1.0739104747772217, 1.2058616876602173, 1.1563575267791748, 1.2078834772109985, 1.2294706106185913, 1.1749554872512817, 1.1637247800827026, 1.237532138824463, 1.0551373958587646, 1.169660210609436, 1.2379261255264282, 1.2216182947158813, 1.238648533821106, 1.1921476125717163, 1.2000505924224854, 1.1518317461013794, 1.1153621673583984, 1.1851884126663208, 1.1612211465835571, 1.239385962486267, 1.1791527271270752]",sae,Pre-64
1,beta,36,0.15,0.4642138821845151,0.4576483090311837,0.4567845159443765,0.5,0.6031055233182893,0.6748523184693398,30,"[0, 1, 2, 3, 4, 5, 6, 7, 8, 9, 10, 11, 12, 13, 14, 15, 16, 17, 18, 19, 20, 21, 22, 23, 24, 25, 26, 27, 28, 29]","[1.3565608263015747, 1.3287848234176636, 1.296210527420044, 1.3469569683074951, 1.233407735824585, 1.3700631856918335, 1.308807373046875, 1.3434544801712036, 1.3805879354476929, 1.24178147315979, 1.28280770778656, 1.3835431337356567, 1.2872905731201172, 1.307907223701477, 1.3339568376541138, 1.387178897857666, 1.348394751548767, 1.323547124862671, 1.3777846097946167, 1.2823665142059326, 1.3322020769119263, 1.304123044013977, 1.3214178085327148, 1.2970631122589111, 1.3719552755355835, 1.3418824672698975, 1.3098152875900269, 1.3214342594146729, 1.3681496381759644, 1.2779009342193604]",sae,Pre-64
1,beta,39,0.25,0.4461088087810431,0.4292341094433316,0.4311752918050657,0.5,0.6205127278095635,0.6663970160675603,30,"[0, 1, 2, 3, 4, 5, 6, 7, 8, 9, 10, 11, 12, 13, 14, 15, 16, 17, 18, 19, 20, 21, 22, 23, 24, 25, 26, 27, 28, 29]","[1.2167428731918335, 1.2661945819854736, 1.2168712615966797, 1.191314697265625, 1.1658203601837158, 1.2374632358551025, 1.2047725915908813, 1.2446258068084717, 1.187166452407837, 1.2308599948883057, 1.2082853317260742, 1.126283884048462, 1.233439564704895, 1.1612468957901, 1.230010986328125, 1.284399151802063, 1.2190791368484497, 1.2491976022720337, 1.1747709512710571, 1.109995722770691, 1.1900246143341064, 1.250359296798706, 1.1461466550827026, 1.1576579809188843, 1.2477167844772339, 1.232347011566162, 1.0786468982696533, 1.1811517477035522, 1.2901383638381958, 1.1893808841705322]",sae,Pre-64
1,beta,13,0.19,0.4619123366083722,0.4531466051409948,0.4367075282311671,0.5,0.6127276801885291,0.7078491260660782,30,"[0, 1, 2, 3, 4, 5, 6, 7, 8, 9, 10, 11, 12, 13, 14, 15, 16, 17, 18, 19, 20, 21, 22, 23, 24, 25, 26, 27, 28, 29]","[1.3736482858657837, 1.1879338026046753, 1.356803297996521, 1.298145055770874, 1.2709863185882568, 1.3597378730773926, 1.3002187013626099, 1.3046882152557373, 1.3229172229766846, 1.3052853345870972, 1.3683115243911743, 1.2974014282226562, 1.3117568492889404, 1.335150122642517, 1.3329545259475708, 1.2645474672317505, 1.2516874074935913, 1.3280415534973145, 1.2949882745742798, 1.2966896295547485, 1.2688748836517334, 1.2238510847091675, 1.2473570108413696, 1.2734345197677612, 1.2892640829086304, 1.2454683780670166, 1.2883609533309937, 1.2602134943008423, 1.3030846118927002, 1.304922342300415]",sae,Pre-64
1,beta,45,0.11,0.4515599815008028,0.4347157609968581,0.4442560312712875,0.5,0.6289673345145609,0.6751533324246967,30,"[0, 1, 2, 3, 4, 5, 6, 7, 8, 9, 10, 11, 12, 13, 14, 15, 16, 17, 18, 19, 20, 21, 22, 23, 24, 25, 26, 27, 28, 29]","[1.3809388875961304, 1.3730391263961792, 1.2853288650512695, 1.4326025247573853, 1.4292386770248413, 1.2639820575714111, 1.4474122524261475, 1.3978654146194458, 1.3155770301818848, 1.267329216003418, 1.3600239753723145, 1.4389007091522217, 1.392830729484558, 1.298099398612976, 1.3243016004562378, 1.3513400554656982, 1.3489590883255005, 1.2161115407943726, 1.3643193244934082, 1.3658759593963623, 1.3883253335952759, 1.3030157089233398, 1.3956689834594727, 1.2439372539520264, 1.2360291481018066, 1.427073359489441, 1.3076978921890259, 1.3194109201431274, 1.2368671894073486, 1.4356850385665894]",sae,Pre-64
1,beta,44,0.145,0.4469012312759677,0.43811650775401,0.4556638852547089,0.5,0.5982762074796864,0.6215478484264612,30,"[0, 1, 2, 3, 4, 5, 6, 7, 8, 9, 10, 11, 12, 13, 14, 15, 16, 17, 18, 19, 20, 21, 22, 23, 24, 25, 26, 27, 28, 29]","[1.3499314785003662, 1.3537083864212036, 1.2978436946868896, 1.327263355255127, 1.3433128595352173, 1.3997937440872192, 1.3761963844299316, 1.295413851737976, 1.3628586530685425, 1.4136713743209839, 1.3424924612045288, 1.3187839984893799, 1.3480875492095947, 1.314827561378479, 1.4168840646743774, 1.415884017944336, 1.2848402261734009, 1.1928671598434448, 1.3584614992141724, 1.3452322483062744, 1.3170573711395264, 1.291737675666809, 1.3378818035125732, 1.3458137512207031, 1.4015390872955322, 1.3010894060134888, 1.3224865198135376, 1.3453295230865479, 1.3405685424804688, 1.3593652248382568]",sae,Pre-64
1,beta,27,0.098,0.4609757262074365,0.4537266978541116,0.4566104451461881,0.5,0.5914172664146189,0.6601041656638394,30,"[0, 1, 2, 3, 4, 5, 6, 7, 8, 9, 10, 11, 12, 13, 14, 15, 16, 17, 18, 19, 20, 21, 22, 23, 24, 25, 26, 27, 28, 29]","[1.406219244003296, 1.4591351747512817, 1.4121983051300049, 1.389261245727539, 1.4447128772735596, 1.3544435501098633, 1.4561487436294556, 1.3202742338180542, 1.4020870923995972, 1.410972237586975, 1.3434902429580688, 1.4548876285552979, 1.3895082473754883, 1.3465911149978638, 1.3932956457138062, 1.308903455734253, 1.3729603290557861, 1.423220157623291, 1.3745334148406982, 1.3800129890441895, 1.453764796257019, 1.4233282804489136, 1.3517711162567139, 1.2979463338851929, 1.3837870359420776, 1.461639642715454, 1.3658751249313354, 1.4251126050949097, 1.3118197917938232, 1.3994324207305908]",sae,Pre-64
1,beta,44,0.3,0.4469012312759677,0.43811650775401,0.4476293226202196,0.5,0.5982762074796864,0.6191953474395008,30,"[0, 1, 2, 3, 4, 5, 6, 7, 8, 9, 10, 11, 12, 13, 14, 15, 16, 17, 18, 19, 20, 21, 22, 23, 24, 25, 26, 27, 28, 29]","[1.232842206954956, 1.243251919746399, 1.1659655570983887, 1.2068848609924316, 1.234354853630066, 1.2805454730987549, 1.2432433366775513, 1.1860926151275635, 1.250136375427246, 1.280084252357483, 1.2281190156936646, 1.1968131065368652, 1.2346774339675903, 1.20858633518219, 1.2957749366760254, 1.2916700839996338, 1.177136778831482, 1.0729576349258423, 1.2419819831848145, 1.2252702713012695, 1.2023546695709229, 1.183153510093689, 1.2203996181488037, 1.2380543947219849, 1.285293459892273, 1.1772764921188354, 1.201045274734497, 1.2346645593643188, 1.2157968282699585, 1.2455695867538452]",sae,Pre-64
1,beta,7,0.16,0.4564836922581216,0.4420418003909208,0.4350030694502477,0.5,0.6095136152062148,0.7014046463761834,30,"[0, 1, 2, 3, 4, 5, 6, 7, 8, 9, 10, 11, 12, 13, 14, 15, 16, 17, 18, 19, 20, 21, 22, 23, 24, 25, 26, 27, 28, 29]","[1.2834899425506592, 1.3125892877578735, 1.332036018371582, 1.2897299528121948, 1.3497638702392578, 1.3043900728225708, 1.2535974979400635, 1.3075101375579834, 1.395595669746399, 1.3150767087936401, 1.2275983095169067, 1.2757753133773804, 1.235811710357666, 1.2556194067001343, 1.4082298278808594, 1.3207075595855713, 1.2775053977966309, 1.2358006238937378, 1.3414666652679443, 1.3482266664505005, 1.3046095371246338, 1.3134783506393433, 1.3174057006835938, 1.2669973373413086, 1.365717887878418, 1.328317403793335, 1.3026025295257568, 1.1848214864730835, 1.3869563341140747, 1.2750535011291504]",sae,Pre-64
1,beta,30,0.3,0.4638407167611665,0.4544841508273655,0.4349917136696578,0.5,0.6043368975359404,0.6920299717760999,30,"[0, 1, 2, 3, 4, 5, 6, 7, 8, 9, 10, 11, 12, 13, 14, 15, 16, 17, 18, 19, 20, 21, 22, 23, 24, 25, 26, 27, 28, 29]","[1.234999656677246, 1.1741113662719727, 1.2121046781539917, 1.183706521987915, 1.188236951828003, 1.1696803569793701, 1.186059832572937, 1.151381492614746, 1.14472234249115, 1.1600751876831055, 1.2435591220855713, 1.1388177871704102, 1.1140148639678955, 1.1526716947555542, 1.2056300640106201, 1.2250553369522095, 1.1707159280776978, 1.1746101379394531, 1.240835428237915, 1.1718575954437256, 1.142357349395752, 1.105589747428894, 1.171762228012085, 1.1619601249694824, 1.262255311012268, 1.1716129779815674, 1.202602505683899, 1.1705881357192993, 1.21686589717865, 1.1907846927642822]",sae,Pre-64
1,beta,39,0.14,0.4461088087810431,0.4292341094433316,0.433207898676913,0.5,0.6205127278095635,0.6663970160675603,30,"[0, 1, 2, 3, 4, 5, 6, 7, 8, 9, 10, 11, 12, 13, 14, 15, 16, 17, 18, 19, 20, 21, 22, 23, 24, 25, 26, 27, 28, 29]","[1.2167840003967285, 1.2662358283996582, 1.2169123888015747, 1.1913559436798096, 1.1658614873886108, 1.2375043630599976, 1.2048137187957764, 1.2446669340133667, 1.187207579612732, 1.2309011220932007, 1.2083264589309692, 1.126325011253357, 1.2334808111190796, 1.1612880229949951, 1.2300522327423096, 1.2844403982162476, 1.2191203832626343, 1.2492387294769287, 1.1748120784759521, 1.110036849975586, 1.1900657415390015, 1.250400424003601, 1.1461879014968872, 1.1576991081237793, 1.2477580308914185, 1.2323882579803467, 1.078688144683838, 1.1811928749084473, 1.2901796102523804, 1.1894221305847168]",sae,Pre-64
1,beta,26,0.19,0.4502231978181314,0.4442488029476733,0.4543279596191928,0.5,0.5832450787939482,0.6467144939802281,30,"[0, 1, 2, 3, 4, 5, 6, 7, 8, 9, 10, 11, 12, 13, 14, 15, 16, 17, 18, 19, 20, 21, 22, 23, 24, 25, 26, 27, 28, 29]","[1.1928369998931885, 1.2404860258102417, 1.3458459377288818, 1.156359314918518, 1.240334391593933, 1.2882381677627563, 1.2576245069503784, 1.1637814044952393, 1.2436375617980957, 1.2316595315933228, 1.1424823999404907, 1.3435394763946533, 1.2970850467681885, 1.2433109283447266, 1.2939344644546509, 1.171842098236084, 1.2391624450683594, 1.153585433959961, 1.2687108516693115, 1.2480342388153076, 1.1860746145248413, 1.3334894180297852, 1.2544795274734497, 1.2726519107818604, 1.341920018196106, 1.3419826030731201, 1.2190722227096558, 1.2665432691574097, 1.0913033485412598, 1.2032716274261475]",sae,Pre-64
1,beta,17,0.145,0.4599327030141671,0.4513468217402507,0.4415787047688129,0.5,0.6120635717004715,0.6984500861225318,30,"[0, 1, 2, 3, 4, 5, 6, 7, 8, 9, 10, 11, 12, 13, 14, 15, 16, 17, 18, 19, 20, 21, 22, 23, 24, 25, 26, 27, 28, 29]","[1.395761489868164, 1.281091570854187, 1.3060299158096313, 1.344363808631897, 1.3975093364715576, 1.2846348285675049, 1.3564971685409546, 1.2292324304580688, 1.3157083988189697, 1.3144910335540771, 1.372182846069336, 1.3809300661087036, 1.3299665451049805, 1.3852583169937134, 1.3249552249908447, 1.3370864391326904, 1.4029017686843872, 1.3270817995071411, 1.3688364028930664, 1.337068796157837, 1.2598146200180054, 1.3410956859588623, 1.1971808671951294, 1.3157581090927124, 1.3073337078094482, 1.3037718534469604, 1.29621422290802, 1.3267719745635986, 1.2813501358032227, 1.373982310295105]",sae,Pre-64
1,beta,11,0.25,0.4566976193509867,0.4496008864727478,0.4314025118568114,0.5,0.5995106990682213,0.709773142295266,30,"[0, 1, 2, 3, 4, 5, 6, 7, 8, 9, 10, 11, 12, 13, 14, 15, 16, 17, 18, 19, 20, 21, 22, 23, 24, 25, 26, 27, 28, 29]","[1.197404384613037, 1.0159912109375, 1.1595122814178467, 1.0947496891021729, 1.2204711437225342, 1.0870051383972168, 1.1269891262054443, 1.0375356674194336, 1.2077991962432861, 1.2207576036453247, 1.2321844100952148, 1.2301312685012817, 1.2398982048034668, 1.1524134874343872, 1.143661618232727, 1.0850900411605835, 1.17250657081604, 1.1216024160385132, 1.160549521446228, 1.1942617893218994, 1.178363561630249, 1.1898934841156006, 1.2164463996887207, 1.1637935638427734, 1.1526267528533936, 1.2090473175048828, 1.2035871744155884, 1.1137361526489258, 1.1602522134780884, 1.1377544403076172]",sae,Pre-64
1,beta,33,0.23,0.4492211383258522,0.4377959816952598,0.4223402424961981,0.5,0.6165210074526608,0.6954138560095032,30,"[0, 1, 2, 3, 4, 5, 6, 7, 8, 9, 10, 11, 12, 13, 14, 15, 16, 17, 18, 19, 20, 21, 22, 23, 24, 25, 26, 27, 28, 29]","[1.1849273443222046, 1.2562428712844849, 1.2136778831481934, 1.194433331489563, 1.149998426437378, 1.2687307596206665, 1.1574212312698364, 1.2470797300338745, 1.2527871131896973, 1.2536271810531616, 1.1950736045837402, 1.2495068311691284, 1.1756917238235474, 1.1588196754455566, 1.1325362920761108, 1.2413465976715088, 1.1629266738891602, 1.1944456100463867, 1.2464298009872437, 1.2438013553619385, 1.1899774074554443, 1.159067153930664, 1.2561681270599365, 1.2361953258514404, 1.2687146663665771, 1.1437739133834839, 1.1919195652008057, 1.171987533569336, 1.145799160003662, 1.191154956817627]",sae,Pre-64
1,beta,26,0.165,0.4502231978181314,0.4442488029476733,0.4543279596191928,0.5,0.5832450787939482,0.6467159710436486,30,"[0, 1, 2, 3, 4, 5, 6, 7, 8, 9, 10, 11, 12, 13, 14, 15, 16, 17, 18, 19, 20, 21, 22, 23, 24, 25, 26, 27, 28, 29]","[1.192855715751648, 1.2405047416687012, 1.3458646535873413, 1.156377911567688, 1.240352988243103, 1.2882570028305054, 1.257643222808838, 1.1638002395629883, 1.2436562776565552, 1.2316782474517822, 1.1425011157989502, 1.3435580730438232, 1.2971036434173584, 1.2433295249938965, 1.2939531803131104, 1.171860694885254, 1.2391811609268188, 1.1536040306091309, 1.2687294483184814, 1.2480528354644775, 1.1860932111740112, 1.333508014678955, 1.2544981241226196, 1.2726705074310303, 1.3419387340545654, 1.3420013189315796, 1.2190909385681152, 1.2665619850158691, 1.0913220643997192, 1.2032902240753174]",sae,Pre-64
1,beta,2,0.3,0.4419681213812466,0.4306250660512843,0.417940103137428,0.5,0.6028191218064636,0.6885860052394862,30,"[0, 1, 2, 3, 4, 5, 6, 7, 8, 9, 10, 11, 12, 13, 14, 15, 16, 17, 18, 19, 20, 21, 22, 23, 24, 25, 26, 27, 28, 29]","[1.177489995956421, 1.1914353370666504, 1.1719210147857666, 1.2239640951156616, 1.1619751453399658, 1.232014536857605, 1.202910304069519, 1.196756362915039, 1.148302674293518, 1.1550333499908447, 1.1784149408340454, 1.1623809337615967, 1.1971603631973267, 1.2312932014465332, 1.220923662185669, 1.1848236322402954, 1.21257483959198, 1.2673702239990234, 1.2568120956420898, 1.2425107955932617, 1.1857517957687378, 1.1856513023376465, 1.2299509048461914, 1.2204607725143433, 1.191874623298645, 1.1699212789535522, 1.2157349586486816, 1.2081987857818604, 1.0474133491516113, 1.2579420804977417]",sae,Pre-64
1,beta,22,0.4,0.4519005213187685,0.4442985770479847,0.4387801888396471,0.5,0.5939599289403404,0.6813433099212932,30,"[0, 1, 2, 3, 4, 5, 6, 7, 8, 9, 10, 11, 12, 13, 14, 15, 16, 17, 18, 19, 20, 21, 22, 23, 24, 25, 26, 27, 28, 29]","[1.1822024583816528, 1.2426570653915405, 1.2513184547424316, 1.238182783126831, 1.3044650554656982, 1.2356276512145996, 1.2046902179718018, 1.2213480472564697, 1.1876277923583984, 1.2129299640655518, 1.189244031906128, 1.2947925329208374, 1.2504504919052124, 1.2785192728042603, 1.1881617307662964, 1.2583706378936768, 1.271337628364563, 1.2628573179244995, 1.18915593624115, 1.1993861198425293, 1.2614402770996094, 1.2612110376358032, 1.2712806463241577, 1.2307555675506592, 1.2337318658828735, 1.2913662195205688, 1.1904155015945435, 1.1917051076889038, 1.324378490447998, 1.1943567991256714]",sae,Pre-64
1,beta,2,0.18,0.4419681213812466,0.4306250660512843,0.4202349183475679,0.5,0.6028191218064636,0.6885838317800342,30,"[0, 1, 2, 3, 4, 5, 6, 7, 8, 9, 10, 11, 12, 13, 14, 15, 16, 17, 18, 19, 20, 21, 22, 23, 24, 25, 26, 27, 28, 29]","[1.177579641342163, 1.191524863243103, 1.1720105409622192, 1.2240536212921143, 1.1620646715164185, 1.2321040630340576, 1.2029999494552612, 1.1968460083007812, 1.1483922004699707, 1.1551228761672974, 1.1785045862197876, 1.1624705791473389, 1.1972500085830688, 1.2313827276229858, 1.2210133075714111, 1.1849132776260376, 1.2126643657684326, 1.2674598693847656, 1.256901502609253, 1.242600440979004, 1.1858413219451904, 1.1857408285140991, 1.230040431022644, 1.2205504179000854, 1.1919642686843872, 1.1700109243392944, 1.2158244848251343, 1.208288550376892, 1.0475029945373535, 1.2580317258834839]",sae,Pre-64
1,beta,0,0.5,0.4600628296558519,0.4487196928272481,0.4294260616841683,0.5,0.6146148452673732,0.7212500893551071,30,"[0, 1, 2, 3, 4, 5, 6, 7, 8, 9, 10, 11, 12, 13, 14, 15, 16, 17, 18, 19, 20, 21, 22, 23, 24, 25, 26, 27, 28, 29]","[1.1609565019607544, 1.205399990081787, 1.1734585762023926, 1.2161903381347656, 1.1425961256027222, 1.1842118501663208, 1.2070008516311646, 1.2379403114318848, 1.2223178148269653, 1.1959354877471924, 1.181226134300232, 1.1726235151290894, 1.2236276865005493, 1.2120070457458496, 1.218804955482483, 1.1687568426132202, 1.1801352500915527, 1.143155813217163, 1.0709192752838135, 1.2054029703140259, 1.1369202136993408, 1.1508759260177612, 1.2216984033584595, 1.1585367918014526, 1.1669466495513916, 1.1062743663787842, 1.2285964488983154, 1.136776089668274, 1.1998835802078247, 1.1328357458114624]",sae,Pre-64
1,beta,24,0.14,0.4501416387440968,0.4383559369047743,0.44621284551913,0.5,0.6188330126613704,0.6402650198609732,30,"[0, 1, 2, 3, 4, 5, 6, 7, 8, 9, 10, 11, 12, 13, 14, 15, 16, 17, 18, 19, 20, 21, 22, 23, 24, 25, 26, 27, 28, 29]","[1.3199868202209473, 1.2657030820846558, 1.2819337844848633, 1.333398699760437, 1.3409950733184814, 1.279069185256958, 1.276607632637024, 1.2776941061019897, 1.299520492553711, 1.1687716245651245, 1.3041356801986694, 1.252217173576355, 1.3243404626846313, 1.328068494796753, 1.2729862928390503, 1.2522279024124146, 1.3445065021514893, 1.1440733671188354, 1.2582470178604126, 1.3458651304244995, 1.3237875699996948, 1.3346052169799805, 1.2770118713378906, 1.299777865409851, 1.243904709815979, 1.2048008441925049, 1.290553092956543, 1.2488429546356201, 1.3465059995651245, 1.2675424814224243]",sae,Pre-64
1,beta,46,0.17,0.4545712902572906,0.4417269056853911,0.4477333555008599,0.5,0.6270377926330811,0.6861838550510169,30,"[0, 1, 2, 3, 4, 5, 6, 7, 8, 9, 10, 11, 12, 13, 14, 15, 16, 17, 18, 19, 20, 21, 22, 23, 24, 25, 26, 27, 28, 29]","[1.2614550590515137, 1.346320629119873, 1.3521952629089355, 1.351574420928955, 1.2786192893981934, 1.3879953622817993, 1.2835241556167603, 1.376434326171875, 1.3338170051574707, 1.4157218933105469, 1.1578933000564575, 1.2708052396774292, 1.4047964811325073, 1.2624502182006836, 1.3257601261138916, 1.3877837657928467, 1.3393440246582031, 1.356264591217041, 1.3812923431396484, 1.3907605409622192, 1.3078713417053223, 1.3187004327774048, 1.3536553382873535, 1.341092824935913, 1.3628575801849365, 1.364058494567871, 1.3333736658096313, 1.3887276649475098, 1.3216321468353271, 1.336674451828003]",sae,Pre-64
1,beta,39,0.105,0.4461088087810431,0.4292341094433316,0.4355833953463039,0.5,0.6205127278095635,0.6673385335225406,30,"[0, 1, 2, 3, 4, 5, 6, 7, 8, 9, 10, 11, 12, 13, 14, 15, 16, 17, 18, 19, 20, 21, 22, 23, 24, 25, 26, 27, 28, 29]","[1.3668406009674072, 1.4410252571105957, 1.3903076648712158, 1.3719558715820312, 1.3152737617492676, 1.380704641342163, 1.356087327003479, 1.3943634033203125, 1.3248411417007446, 1.4188364744186401, 1.3604843616485596, 1.298867106437683, 1.392006278038025, 1.3121730089187622, 1.3898662328720093, 1.4525229930877686, 1.4049702882766724, 1.410416841506958, 1.3307011127471924, 1.2797898054122925, 1.321515679359436, 1.4044544696807861, 1.325830340385437, 1.3282232284545898, 1.408537745475769, 1.3785970211029053, 1.2492260932922363, 1.34035062789917, 1.4591044187545776, 1.3378392457962036]",sae,Pre-64
1,beta,47,0.195,0.4460371044958436,0.4257646434940195,0.4038360844656299,0.5,0.6434257056516428,0.7299395614993892,30,"[0, 1, 2, 3, 4, 5, 6, 7, 8, 9, 10, 11, 12, 13, 14, 15, 16, 17, 18, 19, 20, 21, 22, 23, 24, 25, 26, 27, 28, 29]","[1.3219995498657227, 1.1735730171203613, 1.1991571187973022, 1.1897516250610352, 1.27105712890625, 1.3101751804351807, 1.2691341638565063, 1.243483066558838, 1.2556899785995483, 1.2169272899627686, 1.217961072921753, 1.1417828798294067, 1.1965464353561401, 1.3246204853057861, 1.1456407308578491, 1.2676374912261963, 1.1950721740722656, 1.274163007736206, 1.1170458793640137, 1.172411322593689, 1.2065788507461548, 1.256067156791687, 1.258157730102539, 1.1766210794448853, 1.2608709335327148, 1.1376101970672607, 1.1246001720428467, 1.24164879322052, 1.1852344274520874, 1.2449584007263184]",sae,Pre-64
1,beta,19,0.195,0.4469965829377276,0.435497383761294,0.4126882780877415,0.5,0.6104665954706788,0.7118431384866665,30,"[0, 1, 2, 3, 4, 5, 6, 7, 8, 9, 10, 11, 12, 13, 14, 15, 16, 17, 18, 19, 20, 21, 22, 23, 24, 25, 26, 27, 28, 29]","[1.2496877908706665, 1.2593214511871338, 1.3302651643753052, 1.2789703607559204, 1.183197021484375, 1.2023481130599976, 1.2474406957626343, 1.3103476762771606, 1.2316457033157349, 1.326843500137329, 1.3130760192871094, 1.3465330600738525, 1.247908592224121, 1.2591204643249512, 1.1635856628417969, 1.1870838403701782, 1.3188461065292358, 1.351428747177124, 1.2033984661102295, 1.2365872859954834, 1.3597320318222046, 1.2452335357666016, 1.238175630569458, 1.2398849725723267, 1.2392023801803589, 1.3226333856582642, 1.342525601387024, 1.2642128467559814, 1.207679271697998, 1.2191463708877563]",sae,Pre-64
1,beta,33,0.135,0.4492211383258522,0.4377959816952598,0.4270582385560265,0.5,0.6165210074526608,0.694791622473944,30,"[0, 1, 2, 3, 4, 5, 6, 7, 8, 9, 10, 11, 12, 13, 14, 15, 16, 17, 18, 19, 20, 21, 22, 23, 24, 25, 26, 27, 28, 29]","[1.3309836387634277, 1.4069080352783203, 1.3636995553970337, 1.3391828536987305, 1.2960608005523682, 1.4289218187332153, 1.287980556488037, 1.4003427028656006, 1.4061535596847534, 1.404523253440857, 1.3498018980026245, 1.4072247743606567, 1.3493949174880981, 1.3076497316360474, 1.3043339252471924, 1.3973631858825684, 1.3205631971359253, 1.3279343843460083, 1.4086706638336182, 1.4051673412322998, 1.3351150751113892, 1.2878410816192627, 1.4245452880859375, 1.3790751695632935, 1.4230499267578125, 1.308518648147583, 1.3274158239364624, 1.3103152513504028, 1.2756751775741577, 1.3324118852615356]",sae,Pre-64
1,beta,27,0.13,0.4609757262074365,0.4537266978541116,0.4543084770420211,0.5,0.5914172664146189,0.6586999784076983,30,"[0, 1, 2, 3, 4, 5, 6, 7, 8, 9, 10, 11, 12, 13, 14, 15, 16, 17, 18, 19, 20, 21, 22, 23, 24, 25, 26, 27, 28, 29]","[1.3056151866912842, 1.3463841676712036, 1.3080283403396606, 1.290653944015503, 1.3334925174713135, 1.2544161081314087, 1.3442946672439575, 1.228001594543457, 1.2915387153625488, 1.2835012674331665, 1.2436962127685547, 1.3465088605880737, 1.284289002418518, 1.2507359981536865, 1.2886769771575928, 1.2156749963760376, 1.259858250617981, 1.3151911497116089, 1.2798595428466797, 1.2689478397369385, 1.3491368293762207, 1.3261139392852783, 1.2492159605026245, 1.2021090984344482, 1.281459927558899, 1.34888756275177, 1.26461923122406, 1.3148770332336426, 1.2201964855194092, 1.2929774522781372]",sae,Pre-64
1,beta,12,0.165,0.4455148672091349,0.4361346773072694,0.4117762769723184,0.5,0.5892778403611032,0.732064423950353,30,"[0, 1, 2, 3, 4, 5, 6, 7, 8, 9, 10, 11, 12, 13, 14, 15, 16, 17, 18, 19, 20, 21, 22, 23, 24, 25, 26, 27, 28, 29]","[1.360632061958313, 1.4682722091674805, 1.3774149417877197, 1.2771854400634766, 1.4655205011367798, 1.4013347625732422, 1.3948988914489746, 1.4470195770263672, 1.4823477268218994, 1.3533660173416138, 1.3552403450012207, 1.5235639810562134, 1.3816500902175903, 1.4541327953338623, 1.3393571376800537, 1.5272748470306396, 1.311807632446289, 1.5057600736618042, 1.427169680595398, 1.5198646783828735, 1.4835011959075928, 1.4300811290740967, 1.3815892934799194, 1.5259287357330322, 1.5034693479537964, 1.372206211090088, 1.5039563179016113, 1.4489747285842896, 1.4024810791015625, 1.5344346761703491]",sae,Pre-64
1,beta,33,0.1,0.4492211383258522,0.4377959816952598,0.4270747773158558,0.5,0.6165210074526608,0.69478172330406,30,"[0, 1, 2, 3, 4, 5, 6, 7, 8, 9, 10, 11, 12, 13, 14, 15, 16, 17, 18, 19, 20, 21, 22, 23, 24, 25, 26, 27, 28, 29]","[1.3331772089004517, 1.4091030359268188, 1.3658998012542725, 1.3413689136505127, 1.2982500791549683, 1.4311109781265259, 1.2901885509490967, 1.4025321006774902, 1.4083483219146729, 1.4067167043685913, 1.3519939184188843, 1.409414291381836, 1.3515748977661133, 1.3098371028900146, 1.3065110445022583, 1.399553894996643, 1.322752833366394, 1.330137848854065, 1.4108589887619019, 1.4073542356491089, 1.3373106718063354, 1.2900495529174805, 1.4267265796661377, 1.381274700164795, 1.4252430200576782, 1.310701847076416, 1.3296188116073608, 1.3125070333480835, 1.277879238128662, 1.3346019983291626]",sae,Pre-64
1,beta,28,0.155,0.4589844236982603,0.4495627040154577,0.4363597930098649,0.5,0.5987249917034086,0.6954499122931779,30,"[0, 1, 2, 3, 4, 5, 6, 7, 8, 9, 10, 11, 12, 13, 14, 15, 16, 17, 18, 19, 20, 21, 22, 23, 24, 25, 26, 27, 28, 29]","[1.1352343559265137, 1.0775038003921509, 1.0399432182312012, 1.2336927652359009, 1.179149866104126, 1.2072476148605347, 1.1323752403259277, 1.10542631149292, 1.2175010442733765, 1.2215855121612549, 1.176476240158081, 1.2057819366455078, 1.218854308128357, 1.2209949493408203, 1.1551659107208252, 1.1379764080047607, 1.1653257608413696, 1.2166705131530762, 1.183241605758667, 1.1995640993118286, 1.135400652885437, 1.153017282485962, 1.1304819583892822, 1.08482027053833, 1.1267801523208618, 1.205606460571289, 1.2566165924072266, 1.1601134538650513, 1.1428003311157227, 1.122060775756836]",sae,Pre-64
1,beta,0,0.22,0.4600628296558519,0.4487196928272481,0.4296173038364927,0.5,0.6146148452673732,0.7222143640425923,30,"[0, 1, 2, 3, 4, 5, 6, 7, 8, 9, 10, 11, 12, 13, 14, 15, 16, 17, 18, 19, 20, 21, 22, 23, 24, 25, 26, 27, 28, 29]","[1.2514950037002563, 1.2938958406448364, 1.2673256397247314, 1.3119168281555176, 1.2375890016555786, 1.2684508562088013, 1.2994208335876465, 1.3338712453842163, 1.3139668703079224, 1.2839475870132446, 1.2681764364242554, 1.274193286895752, 1.3203465938568115, 1.3072428703308105, 1.324042797088623, 1.2683141231536865, 1.2890688180923462, 1.2293379306793213, 1.1554402112960815, 1.3079092502593994, 1.2389886379241943, 1.23569917678833, 1.316823124885559, 1.2599467039108276, 1.2508585453033447, 1.1960843801498413, 1.3199999332427979, 1.22013521194458, 1.3022695779800415, 1.2115862369537354]",sae,Pre-64
1,beta,34,0.16,0.4568527557813058,0.4470225010708758,0.4459467603955654,0.5,0.6011606799053854,0.6769899334396832,30,"[0, 1, 2, 3, 4, 5, 6, 7, 8, 9, 10, 11, 12, 13, 14, 15, 16, 17, 18, 19, 20, 21, 22, 23, 24, 25, 26, 27, 28, 29]","[1.3114749193191528, 1.3947577476501465, 1.3978351354599, 1.3473223447799683, 1.3071972131729126, 1.3124080896377563, 1.3491607904434204, 1.263102412223816, 1.2837024927139282, 1.3168628215789795, 1.3698434829711914, 1.1756023168563843, 1.3774971961975098, 1.2646363973617554, 1.2781023979187012, 1.3067816495895386, 1.3910233974456787, 1.4130818843841553, 1.327839970588684, 1.3042083978652954, 1.32974112033844, 1.412312626838684, 1.34434974193573, 1.3612561225891113, 1.3084063529968262, 1.2524352073669434, 1.426275610923767, 1.40778386592865, 1.3987540006637573, 1.3782474994659424]",sae,Pre-64
1,beta,41,0.13,0.4543678569363413,0.4427951465832617,0.449141437677752,0.5,0.6190905384235713,0.6738585234304026,30,"[0, 1, 2, 3, 4, 5, 6, 7, 8, 9, 10, 11, 12, 13, 14, 15, 16, 17, 18, 19, 20, 21, 22, 23, 24, 25, 26, 27, 28, 29]","[1.2579741477966309, 1.3116838932037354, 1.2089632749557495, 1.199436902999878, 1.1815682649612427, 1.3539897203445435, 1.2356675863265991, 1.2821706533432007, 1.2606885433197021, 1.3172109127044678, 1.3184611797332764, 1.2792259454727173, 1.28669011592865, 1.3256901502609253, 1.3337737321853638, 1.2739611864089966, 1.2240474224090576, 1.2843616008758545, 1.2739951610565186, 1.293712854385376, 1.2021652460098267, 1.2646211385726929, 1.2784658670425415, 1.2809078693389893, 1.2773102521896362, 1.2624493837356567, 1.3095388412475586, 1.3147683143615723, 1.270464301109314, 1.2196946144104004]",sae,Pre-64
1,beta,41,0.165,0.4543678569363413,0.4427951465832617,0.4478327058864145,0.5,0.6190905384235713,0.6738642460138629,30,"[0, 1, 2, 3, 4, 5, 6, 7, 8, 9, 10, 11, 12, 13, 14, 15, 16, 17, 18, 19, 20, 21, 22, 23, 24, 25, 26, 27, 28, 29]","[1.257249116897583, 1.3109580278396606, 1.2082421779632568, 1.1987135410308838, 1.1808456182479858, 1.3532670736312866, 1.2349451780319214, 1.281444787979126, 1.259961485862732, 1.3164891004562378, 1.3177367448806763, 1.2784992456436157, 1.285963535308838, 1.3249671459197998, 1.3330492973327637, 1.273240089416504, 1.2233266830444336, 1.2836369276046753, 1.273272156715393, 1.2929872274398804, 1.201440453529358, 1.2638956308364868, 1.2777388095855713, 1.280181884765625, 1.2765858173370361, 1.2617257833480835, 1.3088144063949585, 1.31404447555542, 1.2697392702102661, 1.2189723253250122]",sae,Pre-64
1,beta,36,0.4,0.4642138821845151,0.4576483090311837,0.4548920672643469,0.5,0.6031055233182893,0.675115153838558,30,"[0, 1, 2, 3, 4, 5, 6, 7, 8, 9, 10, 11, 12, 13, 14, 15, 16, 17, 18, 19, 20, 21, 22, 23, 24, 25, 26, 27, 28, 29]","[1.2347896099090576, 1.197969675064087, 1.1871975660324097, 1.2195664644241333, 1.1169331073760986, 1.2455613613128662, 1.1951217651367188, 1.2178703546524048, 1.2560887336730957, 1.128952980041504, 1.1650781631469727, 1.2593929767608643, 1.178124189376831, 1.1944074630737305, 1.2193845510482788, 1.2658697366714478, 1.2303341627120972, 1.1980419158935547, 1.2523016929626465, 1.1748510599136353, 1.2295325994491577, 1.1839690208435059, 1.20857834815979, 1.1806751489639282, 1.2507227659225464, 1.2000658512115479, 1.20217764377594, 1.2017465829849243, 1.2350246906280518, 1.158244252204895]",sae,Pre-64
1,beta,7,0.21,0.4564836922581216,0.4420418003909208,0.4347041920378404,0.5,0.6095136152062148,0.7014061207609594,30,"[0, 1, 2, 3, 4, 5, 6, 7, 8, 9, 10, 11, 12, 13, 14, 15, 16, 17, 18, 19, 20, 21, 22, 23, 24, 25, 26, 27, 28, 29]","[1.2819650173187256, 1.3110624551773071, 1.3305144309997559, 1.2882088422775269, 1.3482402563095093, 1.3028674125671387, 1.2520781755447388, 1.3059933185577393, 1.3940752744674683, 1.3135578632354736, 1.2260828018188477, 1.2742445468902588, 1.234287977218628, 1.2541011571884155, 1.406707525253296, 1.319183111190796, 1.2759782075881958, 1.2342796325683594, 1.33994722366333, 1.3467034101486206, 1.3030840158462524, 1.311954140663147, 1.3158857822418213, 1.2654800415039062, 1.3641911745071411, 1.3268022537231445, 1.3010727167129517, 1.1833003759384155, 1.3854353427886963, 1.2735360860824585]",sae,Pre-64
1,beta,7,0.125,0.4564836922581216,0.4420418003909208,0.4350230398324772,0.5,0.6095136152062148,0.7014016976066312,30,"[0, 1, 2, 3, 4, 5, 6, 7, 8, 9, 10, 11, 12, 13, 14, 15, 16, 17, 18, 19, 20, 21, 22, 23, 24, 25, 26, 27, 28, 29]","[1.2845572233200073, 1.3136579990386963, 1.333101511001587, 1.2907947301864624, 1.350831151008606, 1.305456519126892, 1.2546613216400146, 1.30857253074646, 1.3966600894927979, 1.3161401748657227, 1.2286592721939087, 1.2768460512161255, 1.2368786334991455, 1.2566821575164795, 1.4092960357666016, 1.3217747211456299, 1.27857506275177, 1.2368645668029785, 1.3425300121307373, 1.34929358959198, 1.3056776523590088, 1.3145455121994019, 1.318469524383545, 1.2680599689483643, 1.366787314414978, 1.3293782472610474, 1.3036731481552124, 1.1858865022659302, 1.388021469116211, 1.2761155366897583]",sae,Pre-64
1,beta,17,0.3,0.4599327030141671,0.4513468217402507,0.439526174619726,0.5,0.6120635717004715,0.7004890242995343,30,"[0, 1, 2, 3, 4, 5, 6, 7, 8, 9, 10, 11, 12, 13, 14, 15, 16, 17, 18, 19, 20, 21, 22, 23, 24, 25, 26, 27, 28, 29]","[1.3036205768585205, 1.2025318145751953, 1.2207437753677368, 1.2615540027618408, 1.2986208200454712, 1.1942778825759888, 1.2672415971755981, 1.1574409008026123, 1.2252691984176636, 1.2164993286132812, 1.2722322940826416, 1.2877225875854492, 1.238375186920166, 1.293478012084961, 1.226396918296814, 1.2362316846847534, 1.2979586124420166, 1.2352596521377563, 1.2719165086746216, 1.247378945350647, 1.1755567789077759, 1.2497516870498657, 1.1146368980407715, 1.2315729856491089, 1.2089370489120483, 1.2184056043624878, 1.2132008075714111, 1.2387022972106934, 1.1948562860488892, 1.2778728008270264]",sae,Pre-64
1,beta,10,0.175,0.4493907433353129,0.4390813823454372,0.4378373003843949,0.5,0.6232207829487961,0.6759510567296998,30,"[0, 1, 2, 3, 4, 5, 6, 7, 8, 9, 10, 11, 12, 13, 14, 15, 16, 17, 18, 19, 20, 21, 22, 23, 24, 25, 26, 27, 28, 29]","[1.2091017961502075, 1.1359111070632935, 1.2758980989456177, 1.224108099937439, 1.2156656980514526, 1.238969326019287, 1.3099396228790283, 1.2414993047714233, 1.1222647428512573, 1.2583986520767212, 1.2288026809692383, 1.243747353553772, 1.2376927137374878, 1.2139945030212402, 1.3044289350509644, 1.2430806159973145, 1.2499446868896484, 1.1861133575439453, 1.2103937864303589, 1.1868952512741089, 1.2100039720535278, 1.2178020477294922, 1.2839627265930176, 1.2796156406402588, 1.183344841003418, 1.19171941280365, 1.2311900854110718, 1.2510122060775757, 1.2223365306854248, 1.2473487854003906]",sae,Pre-64
1,beta,38,0.175,0.4455661720406026,0.4298851252298221,0.4370199874010433,0.5,0.6303640517897944,0.6627372429550648,30,"[0, 1, 2, 3, 4, 5, 6, 7, 8, 9, 10, 11, 12, 13, 14, 15, 16, 17, 18, 19, 20, 21, 22, 23, 24, 25, 26, 27, 28, 29]","[1.3113259077072144, 1.290986180305481, 1.3232659101486206, 1.3535422086715698, 1.3199983835220337, 1.2092931270599365, 1.3683644533157349, 1.3257967233657837, 1.1805751323699951, 1.3385347127914429, 1.3189784288406372, 1.3332327604293823, 1.3474595546722412, 1.313471794128418, 1.3598281145095825, 1.2966505289077759, 1.303119421005249, 1.3772209882736206, 1.2669875621795654, 1.3318774700164795, 1.310530185699463, 1.3202123641967773, 1.3699898719787598, 1.27423095703125, 1.3142578601837158, 1.3679442405700684, 1.2657009363174438, 1.3728997707366943, 1.298959732055664, 1.3820126056671143]",sae,Pre-64
1,beta,33,0.195,0.4492211383258522,0.4377959816952598,0.4223402424961981,0.5,0.6165210074526608,0.6954138560095032,30,"[0, 1, 2, 3, 4, 5, 6, 7, 8, 9, 10, 11, 12, 13, 14, 15, 16, 17, 18, 19, 20, 21, 22, 23, 24, 25, 26, 27, 28, 29]","[1.1849273443222046, 1.2562428712844849, 1.2136778831481934, 1.194433331489563, 1.149998426437378, 1.2687307596206665, 1.1574212312698364, 1.2470797300338745, 1.2527871131896973, 1.2536271810531616, 1.1950736045837402, 1.2495068311691284, 1.1756917238235474, 1.1588196754455566, 1.1325362920761108, 1.2413465976715088, 1.1629266738891602, 1.1944456100463867, 1.2464298009872437, 1.2438013553619385, 1.1899774074554443, 1.159067153930664, 1.2561681270599365, 1.2361953258514404, 1.2687146663665771, 1.1437739133834839, 1.1919195652008057, 1.171987533569336, 1.145799160003662, 1.191154956817627]",sae,Pre-64
1,beta,45,0.145,0.4515599815008028,0.4347157609968581,0.4402583565056985,0.5,0.6289673345145609,0.6746020928929474,30,"[0, 1, 2, 3, 4, 5, 6, 7, 8, 9, 10, 11, 12, 13, 14, 15, 16, 17, 18, 19, 20, 21, 22, 23, 24, 25, 26, 27, 28, 29]","[1.266796588897705, 1.2543472051620483, 1.1693263053894043, 1.3038679361343384, 1.301602840423584, 1.129050374031067, 1.3208472728729248, 1.2543541193008423, 1.2086677551269531, 1.1548725366592407, 1.2344917058944702, 1.3155155181884766, 1.2629470825195312, 1.1639267206192017, 1.2104500532150269, 1.2376312017440796, 1.2191721200942993, 1.1073890924453735, 1.245509386062622, 1.2538994550704956, 1.2702621221542358, 1.1856807470321655, 1.2650574445724487, 1.1175576448440552, 1.1055827140808105, 1.2950959205627441, 1.2016957998275757, 1.216105580329895, 1.1144633293151855, 1.3062000274658203]",sae,Pre-64
1,beta,17,0.11,0.4599327030141671,0.4513468217402507,0.4454479680721395,0.5,0.6120635717004715,0.6968355621154201,30,"[0, 1, 2, 3, 4, 5, 6, 7, 8, 9, 10, 11, 12, 13, 14, 15, 16, 17, 18, 19, 20, 21, 22, 23, 24, 25, 26, 27, 28, 29]","[1.5206983089447021, 1.3969930410385132, 1.4313479661941528, 1.4549787044525146, 1.5361318588256836, 1.4186351299285889, 1.4816452264785767, 1.3257834911346436, 1.4395134449005127, 1.449823260307312, 1.5038703680038452, 1.5126677751541138, 1.4473299980163574, 1.5262336730957031, 1.449133276939392, 1.4505621194839478, 1.520332932472229, 1.4497567415237427, 1.503118634223938, 1.4705803394317627, 1.3921189308166504, 1.4686365127563477, 1.3090018033981323, 1.437164068222046, 1.4467971324920654, 1.4411369562149048, 1.4135719537734985, 1.4480246305465698, 1.413845181465149, 1.5039962530136108]",sae,Pre-64
1,beta,13,0.13,0.4619123366083722,0.4531466051409948,0.4367075282311671,0.5,0.6127276801885291,0.7078491260660781,30,"[0, 1, 2, 3, 4, 5, 6, 7, 8, 9, 10, 11, 12, 13, 14, 15, 16, 17, 18, 19, 20, 21, 22, 23, 24, 25, 26, 27, 28, 29]","[1.3745226860046387, 1.1888078451156616, 1.3576778173446655, 1.2990213632583618, 1.2718640565872192, 1.3606126308441162, 1.3010926246643066, 1.3055647611618042, 1.3237923383712769, 1.3061621189117432, 1.369187355041504, 1.2982754707336426, 1.3126294612884521, 1.3360265493392944, 1.3338289260864258, 1.2654212713241577, 1.2525628805160522, 1.328920602798462, 1.2958612442016602, 1.2975654602050781, 1.2697497606277466, 1.2247289419174194, 1.2482304573059082, 1.2743123769760132, 1.2901396751403809, 1.246343731880188, 1.2892380952835083, 1.2610920667648315, 1.303957223892212, 1.3057997226715088]",sae,Pre-64
1,beta,45,0.3,0.4515599815008028,0.4347157609968581,0.4315525500167733,0.5,0.6289673345145609,0.6746036072872654,30,"[0, 1, 2, 3, 4, 5, 6, 7, 8, 9, 10, 11, 12, 13, 14, 15, 16, 17, 18, 19, 20, 21, 22, 23, 24, 25, 26, 27, 28, 29]","[1.2667386531829834, 1.254289150238037, 1.1692684888839722, 1.3038098812103271, 1.3015449047088623, 1.1289925575256348, 1.3207893371582031, 1.254296064376831, 1.2086098194122314, 1.154814600944519, 1.2344337701797485, 1.3154574632644653, 1.26288902759552, 1.16386878490448, 1.2103919982910156, 1.2375731468200684, 1.219114065170288, 1.1073311567306519, 1.2454513311386108, 1.253841519355774, 1.2702040672302246, 1.1856226921081543, 1.264999508857727, 1.117499589920044, 1.1055247783660889, 1.295037865638733, 1.2016377449035645, 1.2160476446151733, 1.1144055128097534, 1.306141972541809]",sae,Pre-64
1,beta,28,0.5,0.4589844236982603,0.4495627040154577,0.4363597930098649,0.5,0.5987249917034086,0.6954499122931779,30,"[0, 1, 2, 3, 4, 5, 6, 7, 8, 9, 10, 11, 12, 13, 14, 15, 16, 17, 18, 19, 20, 21, 22, 23, 24, 25, 26, 27, 28, 29]","[1.1352343559265137, 1.0775038003921509, 1.0399432182312012, 1.2336927652359009, 1.179149866104126, 1.2072476148605347, 1.1323752403259277, 1.10542631149292, 1.2175010442733765, 1.2215855121612549, 1.176476240158081, 1.2057819366455078, 1.218854308128357, 1.2209949493408203, 1.1551659107208252, 1.1379764080047607, 1.1653257608413696, 1.2166705131530762, 1.183241605758667, 1.1995640993118286, 1.135400652885437, 1.153017282485962, 1.1304819583892822, 1.08482027053833, 1.1267801523208618, 1.205606460571289, 1.2566165924072266, 1.1601134538650513, 1.1428003311157227, 1.122060775756836]",sae,Pre-64
1,beta,8,0.4,0.4517491928182039,0.4406431065890545,0.4326960575723772,0.5,0.6098144493254953,0.6772260068051754,30,"[0, 1, 2, 3, 4, 5, 6, 7, 8, 9, 10, 11, 12, 13, 14, 15, 16, 17, 18, 19, 20, 21, 22, 23, 24, 25, 26, 27, 28, 29]","[1.1187007427215576, 1.218583345413208, 1.1729588508605957, 1.1930103302001953, 1.2442059516906738, 1.182166576385498, 1.2270926237106323, 1.164693832397461, 1.2057322263717651, 1.212062120437622, 1.2319320440292358, 1.18947172164917, 1.188055396080017, 1.2018784284591675, 1.2228853702545166, 1.1608076095581055, 1.179728627204895, 1.1950958967208862, 1.1249150037765503, 1.1465964317321777, 1.1464855670928955, 1.1299797296524048, 1.2297531366348267, 1.1591399908065796, 1.2222727537155151, 1.227508783340454, 1.1398975849151611, 1.22318696975708, 1.2009252309799194, 1.166541337966919]",sae,Pre-64
1,beta,21,0.096,0.4504746503440228,0.4381370334360364,0.4402378620324392,0.5,0.6200058082774133,0.6872242612983354,30,"[0, 1, 2, 3, 4, 5, 6, 7, 8, 9, 10, 11, 12, 13, 14, 15, 16, 17, 18, 19, 20, 21, 22, 23, 24, 25, 26, 27, 28, 29]","[1.4367057085037231, 1.4874134063720703, 1.6121468544006348, 1.606858253479004, 1.587772011756897, 1.568474531173706, 1.4819509983062744, 1.490721583366394, 1.5966495275497437, 1.5086476802825928, 1.5865898132324219, 1.5951706171035767, 1.4740700721740723, 1.5010981559753418, 1.497096061706543, 1.490843653678894, 1.4917263984680176, 1.5032587051391602, 1.4338411092758179, 1.6037163734436035, 1.4286962747573853, 1.611685037612915, 1.4236164093017578, 1.4416989088058472, 1.4972127676010132, 1.4553132057189941, 1.4228763580322266, 1.4774558544158936, 1.5649505853652954, 1.549920916557312]",sae,Pre-64
1,beta,0,0.19,0.4600628296558519,0.4487196928272481,0.4296173038364927,0.5,0.6146148452673732,0.7222128431045994,30,"[0, 1, 2, 3, 4, 5, 6, 7, 8, 9, 10, 11, 12, 13, 14, 15, 16, 17, 18, 19, 20, 21, 22, 23, 24, 25, 26, 27, 28, 29]","[1.2519323825836182, 1.2943347692489624, 1.2677643299102783, 1.3123542070388794, 1.2380279302597046, 1.2688902616500854, 1.2998580932617188, 1.3343085050582886, 1.3144056797027588, 1.2843858003616333, 1.2686147689819336, 1.2746299505233765, 1.3207831382751465, 1.3076804876327515, 1.3244792222976685, 1.2687513828277588, 1.2895060777664185, 1.22977614402771, 1.1558787822723389, 1.308346152305603, 1.2394258975982666, 1.2361376285552979, 1.3172607421875, 1.260385274887085, 1.2512977123260498, 1.1965222358703613, 1.320438027381897, 1.2205736637115479, 1.3027067184448242, 1.2120261192321777]",sae,Pre-64
1,beta,20,0.16,0.4408022875601419,0.4262939306313442,0.431989054490434,0.5,0.6176087118064704,0.6484219308378764,30,"[0, 1, 2, 3, 4, 5, 6, 7, 8, 9, 10, 11, 12, 13, 14, 15, 16, 17, 18, 19, 20, 21, 22, 23, 24, 25, 26, 27, 28, 29]","[1.2499501705169678, 1.3253473043441772, 1.271207571029663, 1.352892279624939, 1.3283928632736206, 1.3139760494232178, 1.3209128379821777, 1.2501369714736938, 1.3187048435211182, 1.2661924362182617, 1.272180199623108, 1.2617738246917725, 1.3567639589309692, 1.223175048828125, 1.2537329196929932, 1.3557422161102295, 1.2392390966415405, 1.256615400314331, 1.2977920770645142, 1.2921478748321533, 1.3004186153411865, 1.2272660732269287, 1.3188049793243408, 1.3659685850143433, 1.3228435516357422, 1.2383121252059937, 1.2656364440917969, 1.3019739389419556, 1.2522062063217163, 1.3468526601791382]",sae,Pre-64
1,beta,22,0.15,0.4519005213187685,0.4442985770479847,0.4419752184298696,0.5,0.5939599289403404,0.6814153695925834,30,"[0, 1, 2, 3, 4, 5, 6, 7, 8, 9, 10, 11, 12, 13, 14, 15, 16, 17, 18, 19, 20, 21, 22, 23, 24, 25, 26, 27, 28, 29]","[1.3090587854385376, 1.3607635498046875, 1.372780680656433, 1.3745626211166382, 1.426169753074646, 1.339818000793457, 1.3378320932388306, 1.3291853666305542, 1.3141735792160034, 1.34857976436615, 1.3111008405685425, 1.4190162420272827, 1.3739650249481201, 1.4047404527664185, 1.2960628271102905, 1.388077735900879, 1.3977763652801514, 1.3702722787857056, 1.2956987619400024, 1.317186713218689, 1.3796886205673218, 1.3811994791030884, 1.3803690671920776, 1.3431916236877441, 1.3690335750579834, 1.4142647981643677, 1.3099193572998047, 1.3090888261795044, 1.4515310525894165, 1.2959039211273193]",sae,Pre-64
1,beta,32,0.17,0.4555596844830426,0.4475674839123162,0.4655187818485291,0.5,0.5924839124839124,0.6294362934362935,30,"[0, 1, 2, 3, 4, 5, 6, 7, 8, 9, 10, 11, 12, 13, 14, 15, 16, 17, 18, 19, 20, 21, 22, 23, 24, 25, 26, 27, 28, 29]","[1.3365976810455322, 1.2422548532485962, 1.3342280387878418, 1.267005205154419, 1.2722501754760742, 1.3533785343170166, 1.2804585695266724, 1.255124807357788, 1.255767583847046, 1.2584247589111328, 1.254541277885437, 1.2473725080490112, 1.2787871360778809, 1.2006089687347412, 1.1902496814727783, 1.207984447479248, 1.2375214099884033, 1.2764616012573242, 1.2216005325317383, 1.2598077058792114, 1.3402546644210815, 1.2589735984802246, 1.2086727619171143, 1.336258053779602, 1.273574709892273, 1.211039662361145, 1.324911117553711, 1.1299253702163696, 1.3437585830688477, 1.3355580568313599]",sae,Pre-64
1,beta,23,0.115,0.4478205607315014,0.4344954522622479,0.4345383707373188,0.5,0.6150139710231751,0.6749206896708223,30,"[0, 1, 2, 3, 4, 5, 6, 7, 8, 9, 10, 11, 12, 13, 14, 15, 16, 17, 18, 19, 20, 21, 22, 23, 24, 25, 26, 27, 28, 29]","[1.3864119052886963, 1.4458187818527222, 1.4249447584152222, 1.5371538400650024, 1.316305160522461, 1.3823739290237427, 1.5184451341629028, 1.4096282720565796, 1.3849830627441406, 1.519474983215332, 1.5246107578277588, 1.4793199300765991, 1.468560814857483, 1.3635910749435425, 1.4570629596710205, 1.516405701637268, 1.2088627815246582, 1.422203540802002, 1.367264747619629, 1.3992902040481567, 1.5142980813980103, 1.5366194248199463, 1.3873201608657837, 1.5295616388320923, 1.5223956108093262, 1.4298160076141357, 1.3856452703475952, 1.4271318912506104, 1.429460048675537, 1.5379749536514282]",sae,Pre-64
1,beta,41,0.22,0.4543678569363413,0.4427951465832617,0.44627799389759,0.5,0.6190905384235713,0.6723234404171763,30,"[0, 1, 2, 3, 4, 5, 6, 7, 8, 9, 10, 11, 12, 13, 14, 15, 16, 17, 18, 19, 20, 21, 22, 23, 24, 25, 26, 27, 28, 29]","[1.2140142917633057, 1.266570806503296, 1.1530401706695557, 1.1539440155029297, 1.1336814165115356, 1.3034999370574951, 1.19071364402771, 1.2382500171661377, 1.2182446718215942, 1.2676230669021606, 1.2723525762557983, 1.236972451210022, 1.2418334484100342, 1.2726942300796509, 1.2850830554962158, 1.2278740406036377, 1.167623519897461, 1.2384254932403564, 1.221526026725769, 1.2495405673980713, 1.1575462818145752, 1.217099666595459, 1.2354246377944946, 1.2357289791107178, 1.2314504384994507, 1.220558762550354, 1.261475682258606, 1.2645792961120605, 1.2263706922531128, 1.174828052520752]",sae,Pre-64
1,beta,14,0.5,0.4467366851483266,0.4421697276018216,0.4228469813144951,0.5,0.5934222168898753,0.7004071746726857,30,"[0, 1, 2, 3, 4, 5, 6, 7, 8, 9, 10, 11, 12, 13, 14, 15, 16, 17, 18, 19, 20, 21, 22, 23, 24, 25, 26, 27, 28, 29]","[1.1700234413146973, 1.0681921243667603, 1.1210544109344482, 1.148490071296692, 1.1765847206115723, 1.143620252609253, 1.1391699314117432, 1.1990078687667847, 1.1443272829055786, 1.177550196647644, 1.0939750671386719, 1.0375179052352905, 1.0638422966003418, 1.1846389770507812, 1.1842373609542847, 1.1451287269592285, 1.202758550643921, 1.1907190084457397, 1.1267846822738647, 1.1308374404907227, 1.1608028411865234, 1.1382582187652588, 1.1897944211959839, 1.1014028787612915, 1.1924012899398804, 1.182306170463562, 1.1216769218444824, 1.1922364234924316, 1.183416485786438, 1.0683033466339111]",sae,Pre-64
1,beta,27,0.19,0.4609757262074365,0.4537266978541116,0.4543084770420211,0.5,0.5914172664146189,0.658690351266863,30,"[0, 1, 2, 3, 4, 5, 6, 7, 8, 9, 10, 11, 12, 13, 14, 15, 16, 17, 18, 19, 20, 21, 22, 23, 24, 25, 26, 27, 28, 29]","[1.3048455715179443, 1.3456193208694458, 1.3072597980499268, 1.289885401725769, 1.3327274322509766, 1.2536484003067017, 1.3435264825820923, 1.2272312641143799, 1.2907729148864746, 1.282737135887146, 1.2429264783859253, 1.34574294090271, 1.2835230827331543, 1.2499654293060303, 1.287909746170044, 1.2149052619934082, 1.259091854095459, 1.3144265413284302, 1.279090404510498, 1.2681809663772583, 1.3483712673187256, 1.325346827507019, 1.2484474182128906, 1.2013417482376099, 1.2806925773620605, 1.348122477531433, 1.2638499736785889, 1.3141086101531982, 1.2194273471832275, 1.292210340499878]",sae,Pre-64
1,beta,6,0.75,0.4540822999211705,0.4457917896713532,0.4375038487401337,0.5,0.5933447799067053,0.6652910519198336,30,"[0, 1, 2, 3, 4, 5, 6, 7, 8, 9, 10, 11, 12, 13, 14, 15, 16, 17, 18, 19, 20, 21, 22, 23, 24, 25, 26, 27, 28, 29]","[1.2093437910079956, 1.2324018478393555, 1.1689670085906982, 1.2286028861999512, 1.1660292148590088, 1.1364821195602417, 1.1552339792251587, 1.210248351097107, 1.1588280200958252, 1.2276009321212769, 1.1634801626205444, 1.1048387289047241, 1.1711478233337402, 1.1197253465652466, 1.0116533041000366, 1.2269690036773682, 1.129739761352539, 1.1970460414886475, 1.1658244132995605, 1.1922228336334229, 1.1664220094680786, 1.1494638919830322, 1.2115159034729004, 1.2004733085632324, 1.147264838218689, 1.1653865575790405, 1.1267348527908325, 1.1380363702774048, 1.188260555267334, 1.2108981609344482]",sae,Pre-64
1,beta,3,0.145,0.4557259332451328,0.444824285747971,0.4590279741073601,0.5,0.6042731979176,0.6522545360994603,30,"[0, 1, 2, 3, 4, 5, 6, 7, 8, 9, 10, 11, 12, 13, 14, 15, 16, 17, 18, 19, 20, 21, 22, 23, 24, 25, 26, 27, 28, 29]","[1.394717812538147, 1.4216554164886475, 1.406276822090149, 1.3643066883087158, 1.3996965885162354, 1.4363770484924316, 1.3922767639160156, 1.4399017095565796, 1.1951996088027954, 1.4648220539093018, 1.3566150665283203, 1.4628788232803345, 1.3984442949295044, 1.3744562864303589, 1.4737310409545898, 1.3932729959487915, 1.3990455865859985, 1.42448890209198, 1.3584342002868652, 1.3612929582595825, 1.3067717552185059, 1.3727525472640991, 1.3694980144500732, 1.484384536743164, 1.4551507234573364, 1.384164571762085, 1.3872531652450562, 1.3807874917984009, 1.449702262878418, 1.3869006633758545]",sae,Pre-64
1,beta,3,0.18,0.4557259332451328,0.444824285747971,0.4534154651580121,0.5,0.6042731979176,0.6513714528526047,30,"[0, 1, 2, 3, 4, 5, 6, 7, 8, 9, 10, 11, 12, 13, 14, 15, 16, 17, 18, 19, 20, 21, 22, 23, 24, 25, 26, 27, 28, 29]","[1.357729196548462, 1.3890289068222046, 1.371583342552185, 1.320052146911621, 1.360848069190979, 1.391146183013916, 1.3580293655395508, 1.3996164798736572, 1.1575430631637573, 1.4250866174697876, 1.3171560764312744, 1.4249799251556396, 1.3569060564041138, 1.3270200490951538, 1.4361774921417236, 1.361818790435791, 1.3651738166809082, 1.3844177722930908, 1.3162819147109985, 1.3244526386260986, 1.269380807876587, 1.340540885925293, 1.3363525867462158, 1.448080062866211, 1.4143166542053223, 1.3504363298416138, 1.353509545326233, 1.3449138402938843, 1.4109337329864502, 1.3517825603485107]",sae,Pre-64
1,beta,2,0.2,0.4419681213812466,0.4306250660512843,0.4193470591405939,0.5,0.6028191218064636,0.6885838317800342,30,"[0, 1, 2, 3, 4, 5, 6, 7, 8, 9, 10, 11, 12, 13, 14, 15, 16, 17, 18, 19, 20, 21, 22, 23, 24, 25, 26, 27, 28, 29]","[1.1775647401809692, 1.1915099620819092, 1.1719956398010254, 1.2240387201309204, 1.162049651145935, 1.2320891618728638, 1.2029850482940674, 1.1968309879302979, 1.1483774185180664, 1.1551079750061035, 1.1784896850585938, 1.1624555587768555, 1.1972352266311646, 1.2313679456710815, 1.2209984064102173, 1.1848982572555542, 1.2126494646072388, 1.2674448490142822, 1.2568867206573486, 1.2425854206085205, 1.1858264207839966, 1.1857259273529053, 1.2300255298614502, 1.2205355167388916, 1.1919493675231934, 1.1699960231781006, 1.2158095836639404, 1.2082735300064087, 1.0474880933761597, 1.25801682472229]",sae,Pre-64
1,beta,44,0.18,0.4469012312759677,0.43811650775401,0.4523608077659262,0.5,0.5982762074796864,0.6215449022761956,30,"[0, 1, 2, 3, 4, 5, 6, 7, 8, 9, 10, 11, 12, 13, 14, 15, 16, 17, 18, 19, 20, 21, 22, 23, 24, 25, 26, 27, 28, 29]","[1.3484605550765991, 1.3522347211837769, 1.296378493309021, 1.3257988691329956, 1.3418370485305786, 1.3983237743377686, 1.3747327327728271, 1.293938159942627, 1.3613852262496948, 1.4122073650360107, 1.3410179615020752, 1.3173171281814575, 1.3466142416000366, 1.3133575916290283, 1.415414810180664, 1.4144163131713867, 1.2833666801452637, 1.1914026737213135, 1.3569889068603516, 1.3437615633010864, 1.315590739250183, 1.2902705669403076, 1.3364102840423584, 1.3443363904953003, 1.4000685214996338, 1.2996200323104858, 1.321024775505066, 1.3438552618026733, 1.3390988111495972, 1.3578929901123047]",sae,Pre-64
1,beta,1,0.5,0.4560357198099471,0.4497423189216591,0.441058975940803,0.5,0.5964054457666336,0.680939226519337,30,"[0, 1, 2, 3, 4, 5, 6, 7, 8, 9, 10, 11, 12, 13, 14, 15, 16, 17, 18, 19, 20, 21, 22, 23, 24, 25, 26, 27, 28, 29]","[1.3019121885299683, 1.2229739427566528, 1.2579553127288818, 1.1661834716796875, 1.235042691230774, 1.18792724609375, 1.1748298406600952, 1.2502557039260864, 1.1776597499847412, 1.2099535465240479, 1.209511399269104, 1.2452778816223145, 1.299534559249878, 1.1904096603393555, 1.2933127880096436, 1.128121018409729, 1.1520112752914429, 1.2113343477249146, 1.2767926454544067, 1.3094671964645386, 1.2975956201553345, 1.2625534534454346, 1.2396024465560913, 1.2204530239105225, 1.1814554929733276, 1.1996397972106934, 1.2136389017105103, 1.2254960536956787, 1.3074581623077393, 1.2234050035476685]",sae,Pre-64
1,beta,23,0.4,0.4478205607315014,0.4344954522622479,0.4293385389136565,0.5,0.6150139710231751,0.6687422750907323,30,"[0, 1, 2, 3, 4, 5, 6, 7, 8, 9, 10, 11, 12, 13, 14, 15, 16, 17, 18, 19, 20, 21, 22, 23, 24, 25, 26, 27, 28, 29]","[1.1367353200912476, 1.1628820896148682, 1.1104114055633545, 1.2438031435012817, 1.0608277320861816, 1.1336368322372437, 1.211327075958252, 1.1689966917037964, 1.136163353919983, 1.248887538909912, 1.2434972524642944, 1.19732666015625, 1.1961266994476318, 1.0783805847167969, 1.1963282823562622, 1.2420802116394043, 0.9979529976844788, 1.167960286140442, 1.1316879987716675, 1.1474251747131348, 1.2360974550247192, 1.2508002519607544, 1.1319223642349243, 1.2472549676895142, 1.2268574237823486, 1.1909486055374146, 1.1608943939208984, 1.1226544380187988, 1.1709887981414795, 1.2530566453933716]",sae,Pre-64
1,beta,47,0.17,0.4460371044958436,0.4257646434940195,0.4038360844656299,0.5,0.6434257056516428,0.7299395614993892,30,"[0, 1, 2, 3, 4, 5, 6, 7, 8, 9, 10, 11, 12, 13, 14, 15, 16, 17, 18, 19, 20, 21, 22, 23, 24, 25, 26, 27, 28, 29]","[1.3220306634902954, 1.173603892326355, 1.1991881132125854, 1.1897826194763184, 1.2710881233215332, 1.3102061748504639, 1.2691651582717896, 1.243514060974121, 1.2557209730148315, 1.2169582843780518, 1.2179919481277466, 1.14181387424469, 1.196577548980713, 1.3246513605117798, 1.1456717252731323, 1.2676684856414795, 1.1951031684875488, 1.2741940021514893, 1.1170768737792969, 1.1724424362182617, 1.2066099643707275, 1.2560982704162598, 1.2581888437271118, 1.1766523122787476, 1.2609020471572876, 1.137641191482544, 1.1246311664581299, 1.2416797876358032, 1.1852654218673706, 1.2449895143508911]",sae,Pre-64
1,beta,29,0.12,0.4558655961502112,0.4409050416793991,0.4526281098799126,0.5,0.6296548282533407,0.6713997341489696,30,"[0, 1, 2, 3, 4, 5, 6, 7, 8, 9, 10, 11, 12, 13, 14, 15, 16, 17, 18, 19, 20, 21, 22, 23, 24, 25, 26, 27, 28, 29]","[1.3501468896865845, 1.3000588417053223, 1.1429953575134277, 1.404778003692627, 1.3353837728500366, 1.309497594833374, 1.4188417196273804, 1.3107041120529175, 1.39441978931427, 1.406495213508606, 1.340887188911438, 1.381988525390625, 1.399035930633545, 1.3813060522079468, 1.3466929197311401, 1.3818206787109375, 1.2956798076629639, 1.329411506652832, 1.3023974895477295, 1.3471342325210571, 1.4240034818649292, 1.4337331056594849, 1.3321020603179932, 1.3459763526916504, 1.3502769470214844, 1.2844175100326538, 1.3432257175445557, 1.4134094715118408, 1.4601454734802246, 1.3142571449279785]",sae,Pre-64
1,beta,19,0.135,0.4469965829377276,0.435497383761294,0.4126882780877415,0.5,0.6104665954706788,0.7118494204855985,30,"[0, 1, 2, 3, 4, 5, 6, 7, 8, 9, 10, 11, 12, 13, 14, 15, 16, 17, 18, 19, 20, 21, 22, 23, 24, 25, 26, 27, 28, 29]","[1.2503564357757568, 1.2599891424179077, 1.330931544303894, 1.2796376943588257, 1.1838605403900146, 1.203014612197876, 1.2481085062026978, 1.3110135793685913, 1.2323133945465088, 1.327508568763733, 1.313741683959961, 1.3471990823745728, 1.2485742568969727, 1.2597851753234863, 1.1642510890960693, 1.1877504587173462, 1.319514274597168, 1.3520950078964233, 1.2040627002716064, 1.2372539043426514, 1.3603978157043457, 1.245901346206665, 1.2388418912887573, 1.2405503988265991, 1.2398674488067627, 1.323299765586853, 1.3431906700134277, 1.2648793458938599, 1.2083461284637451, 1.219814658164978]",sae,Pre-64
1,beta,28,0.22,0.4589844236982603,0.4495627040154577,0.4363597930098649,0.5,0.5987249917034086,0.6954499122931779,30,"[0, 1, 2, 3, 4, 5, 6, 7, 8, 9, 10, 11, 12, 13, 14, 15, 16, 17, 18, 19, 20, 21, 22, 23, 24, 25, 26, 27, 28, 29]","[1.1352343559265137, 1.0775038003921509, 1.0399432182312012, 1.2336927652359009, 1.179149866104126, 1.2072476148605347, 1.1323752403259277, 1.10542631149292, 1.2175010442733765, 1.2215855121612549, 1.176476240158081, 1.2057819366455078, 1.218854308128357, 1.2209949493408203, 1.1551659107208252, 1.1379764080047607, 1.1653257608413696, 1.2166705131530762, 1.183241605758667, 1.1995640993118286, 1.135400652885437, 1.153017282485962, 1.1304819583892822, 1.08482027053833, 1.1267801523208618, 1.205606460571289, 1.2566165924072266, 1.1601134538650513, 1.1428003311157227, 1.122060775756836]",sae,Pre-64
1,beta,30,0.2,0.4638407167611665,0.4544841508273655,0.4368581832465081,0.5,0.6043368975359404,0.6928274999164267,30,"[0, 1, 2, 3, 4, 5, 6, 7, 8, 9, 10, 11, 12, 13, 14, 15, 16, 17, 18, 19, 20, 21, 22, 23, 24, 25, 26, 27, 28, 29]","[1.3255445957183838, 1.275442123413086, 1.3072178363800049, 1.2700650691986084, 1.2707833051681519, 1.2543600797653198, 1.2715911865234375, 1.2423481941223145, 1.2290282249450684, 1.2470457553863525, 1.3284804821014404, 1.2329707145690918, 1.2168138027191162, 1.2391787767410278, 1.296891450881958, 1.3114420175552368, 1.2542146444320679, 1.2580201625823975, 1.333245873451233, 1.257116675376892, 1.234061360359192, 1.1884170770645142, 1.2711879014968872, 1.2589452266693115, 1.3684412240982056, 1.2561410665512085, 1.2943865060806274, 1.2529927492141724, 1.3040472269058228, 1.2790225744247437]",sae,Pre-64
1,beta,22,0.21,0.4519005213187685,0.4442985770479847,0.4398732190737021,0.5,0.5939599289403404,0.681375663243097,30,"[0, 1, 2, 3, 4, 5, 6, 7, 8, 9, 10, 11, 12, 13, 14, 15, 16, 17, 18, 19, 20, 21, 22, 23, 24, 25, 26, 27, 28, 29]","[1.2001454830169678, 1.2584396600723267, 1.2662982940673828, 1.2544522285461426, 1.3201671838760376, 1.2496135234832764, 1.220431923866272, 1.2352421283721924, 1.203976035118103, 1.230862021446228, 1.203342080116272, 1.3098026514053345, 1.264046549797058, 1.29510498046875, 1.2016891241073608, 1.2735159397125244, 1.287898302078247, 1.2767596244812012, 1.2032809257507324, 1.2154126167297363, 1.278334617614746, 1.2752279043197632, 1.2837302684783936, 1.2452406883239746, 1.2504942417144775, 1.3081358671188354, 1.2039602994918823, 1.2088736295700073, 1.3406715393066406, 1.2064796686172485]",sae,Pre-64
1,beta,13,0.22,0.4619123366083722,0.4531466051409948,0.4367075282311671,0.5,0.6127276801885291,0.7078519449804297,30,"[0, 1, 2, 3, 4, 5, 6, 7, 8, 9, 10, 11, 12, 13, 14, 15, 16, 17, 18, 19, 20, 21, 22, 23, 24, 25, 26, 27, 28, 29]","[1.3732109069824219, 1.1874971389770508, 1.3563657999038696, 1.2977068424224854, 1.2705472707748413, 1.3593003749847412, 1.2997814416885376, 1.304249882698059, 1.322479486465454, 1.304847002029419, 1.3678739070892334, 1.296964168548584, 1.3113206624984741, 1.334712028503418, 1.3325176239013672, 1.2641103267669678, 1.2512493133544922, 1.3276022672653198, 1.2945517301559448, 1.296251893043518, 1.268437147140503, 1.2234123945236206, 1.2469204664230347, 1.272995948791504, 1.2888259887695312, 1.2450305223464966, 1.2879221439361572, 1.2597742080688477, 1.3026487827301025, 1.3044838905334473]",sae,Pre-64
1,beta,29,0.155,0.4558655961502112,0.4409050416793991,0.452608998590744,0.5,0.6296548282533407,0.6714012327455339,30,"[0, 1, 2, 3, 4, 5, 6, 7, 8, 9, 10, 11, 12, 13, 14, 15, 16, 17, 18, 19, 20, 21, 22, 23, 24, 25, 26, 27, 28, 29]","[1.3476810455322266, 1.2976031303405762, 1.1404924392700195, 1.4023205041885376, 1.3329095840454102, 1.3070296049118042, 1.4163882732391357, 1.308226227760315, 1.3919572830200195, 1.4040443897247314, 1.3384183645248413, 1.3795198202133179, 1.3965723514556885, 1.3788418769836426, 1.3442379236221313, 1.379358172416687, 1.2932385206222534, 1.3269596099853516, 1.2999303340911865, 1.3446677923202515, 1.4215425252914429, 1.4312834739685059, 1.3296310901641846, 1.3435007333755493, 1.347815752029419, 1.281944990158081, 1.3407574892044067, 1.4109569787979126, 1.4576842784881592, 1.311792016029358]",sae,Pre-64
1,beta,13,0.165,0.4619123366083722,0.4531466051409948,0.4367075282311671,0.5,0.6127276801885291,0.7078477166089023,30,"[0, 1, 2, 3, 4, 5, 6, 7, 8, 9, 10, 11, 12, 13, 14, 15, 16, 17, 18, 19, 20, 21, 22, 23, 24, 25, 26, 27, 28, 29]","[1.3740129470825195, 1.1882981061935425, 1.3571674823760986, 1.298509955406189, 1.271351933479309, 1.3601022958755493, 1.3005828857421875, 1.3050535917282104, 1.3232818841934204, 1.3056508302688599, 1.3686761856079102, 1.2977652549743652, 1.3121205568313599, 1.3355152606964111, 1.3333189487457275, 1.2649116516113281, 1.2520520687103271, 1.3284080028533936, 1.2953519821166992, 1.2970545291900635, 1.2692396640777588, 1.2242168188095093, 1.2477208375930786, 1.2738003730773926, 1.289628505706787, 1.2458330392837524, 1.2887264490127563, 1.2605795860290527, 1.3034480810165405, 1.3052880764007568]",sae,Pre-64
1,beta,9,0.15,0.448644851968101,0.4348910401892977,0.4421534838583524,0.5,0.6286670530281078,0.6714560996812519,30,"[0, 1, 2, 3, 4, 5, 6, 7, 8, 9, 10, 11, 12, 13, 14, 15, 16, 17, 18, 19, 20, 21, 22, 23, 24, 25, 26, 27, 28, 29]","[1.3256291151046753, 1.2612329721450806, 1.3455731868743896, 1.323348045349121, 1.2629519701004028, 1.1272181272506714, 1.319373369216919, 1.2441726922988892, 1.3236397504806519, 1.2055649757385254, 1.3130732774734497, 1.2673544883728027, 1.2720707654953003, 1.3116090297698975, 1.3580191135406494, 1.2800706624984741, 1.24199378490448, 1.3336000442504883, 1.344396948814392, 1.2414371967315674, 1.3308525085449219, 1.3393316268920898, 1.2446041107177734, 1.3302258253097534, 1.3457266092300415, 1.3296610116958618, 1.1969807147979736, 1.1420345306396484, 1.2589918375015259, 1.3465375900268555]",sae,Pre-64
1,beta,42,0.5,0.4546678683050885,0.4407690563496341,0.4364933285154201,0.5,0.6336081445133979,0.6603511208928656,30,"[0, 1, 2, 3, 4, 5, 6, 7, 8, 9, 10, 11, 12, 13, 14, 15, 16, 17, 18, 19, 20, 21, 22, 23, 24, 25, 26, 27, 28, 29]","[1.2767118215560913, 1.1509020328521729, 1.2741888761520386, 1.2517021894454956, 1.16533625125885, 1.2553739547729492, 1.1647206544876099, 1.148014783859253, 1.1693377494812012, 1.2613091468811035, 1.2386943101882935, 1.2795376777648926, 1.1614588499069214, 1.0049147605895996, 1.2809103727340698, 1.1924101114273071, 1.141250491142273, 1.1302461624145508, 1.240049958229065, 1.2147595882415771, 1.1706880331039429, 1.1570767164230347, 1.171014428138733, 1.1616032123565674, 1.189007043838501, 1.1533206701278687, 1.2752232551574707, 1.16252863407135, 1.2145106792449951, 1.1530125141143799]",sae,Pre-64
1,beta,18,0.17,0.4575117633693479,0.4471831599677374,0.4182839141236465,0.5,0.6052065040104606,0.7279783219994782,30,"[0, 1, 2, 3, 4, 5, 6, 7, 8, 9, 10, 11, 12, 13, 14, 15, 16, 17, 18, 19, 20, 21, 22, 23, 24, 25, 26, 27, 28, 29]","[1.08156156539917, 1.1808451414108276, 1.2274887561798096, 1.1775970458984375, 1.1839946508407593, 1.1783868074417114, 1.302558422088623, 1.1474957466125488, 1.2003755569458008, 1.1137614250183105, 1.279771089553833, 1.1947054862976074, 1.217077374458313, 1.243087649345398, 1.1674503087997437, 1.1044795513153076, 1.2428091764450073, 1.1572407484054565, 1.1403177976608276, 1.0754040479660034, 1.2844663858413696, 1.1361045837402344, 1.2445805072784424, 1.2017990350723267, 1.1962649822235107, 1.1700507402420044, 1.2117968797683716, 1.2385376691818237, 1.2291908264160156, 1.181313395500183]",sae,Pre-64
1,beta,35,0.125,0.4566193215888805,0.4379483378046387,0.4310686974264542,0.5,0.637290178651746,0.7134900359222545,30,"[0, 1, 2, 3, 4, 5, 6, 7, 8, 9, 10, 11, 12, 13, 14, 15, 16, 17, 18, 19, 20, 21, 22, 23, 24, 25, 26, 27, 28, 29]","[1.3071879148483276, 1.3586937189102173, 1.4218008518218994, 1.3652374744415283, 1.359135389328003, 1.3383444547653198, 1.2798919677734375, 1.443128228187561, 1.4538459777832031, 1.3666349649429321, 1.4146764278411865, 1.2950968742370605, 1.3566179275512695, 1.2509734630584717, 1.3481078147888184, 1.303519606590271, 1.4278701543807983, 1.2862497568130493, 1.3878066539764404, 1.2921024560928345, 1.3078422546386719, 1.299665927886963, 1.3262500762939453, 1.2835376262664795, 1.3269351720809937, 1.359020471572876, 1.3264247179031372, 1.3915561437606812, 1.4211721420288086, 1.379404067993164]",sae,Pre-64
1,beta,40,1.0,0.44666181227492,0.4340193094910912,0.4265424765613664,0.5,0.6093636266731638,0.6687813123391555,30,"[0, 1, 2, 3, 4, 5, 6, 7, 8, 9, 10, 11, 12, 13, 14, 15, 16, 17, 18, 19, 20, 21, 22, 23, 24, 25, 26, 27, 28, 29]","[1.2192795276641846, 1.1627495288848877, 1.1719245910644531, 1.11849045753479, 1.135270118713379, 1.1779391765594482, 1.1913443803787231, 1.1937462091445923, 1.2064859867095947, 1.201514720916748, 1.149951457977295, 1.1584373712539673, 1.2228493690490723, 1.112459421157837, 1.1239572763442993, 1.2368988990783691, 1.1208115816116333, 1.179778814315796, 1.1400268077850342, 1.1179053783416748, 1.1553407907485962, 1.1589585542678833, 1.194280743598938, 1.1646192073822021, 1.205991506576538, 1.145589828491211, 1.2156630754470825, 1.108210802078247, 1.2394895553588867, 1.1593530178070068]",sae,Pre-64
1,beta,35,0.16,0.4566193215888805,0.4379483378046387,0.4291675369321771,0.5,0.637290178651746,0.7122591439828725,30,"[0, 1, 2, 3, 4, 5, 6, 7, 8, 9, 10, 11, 12, 13, 14, 15, 16, 17, 18, 19, 20, 21, 22, 23, 24, 25, 26, 27, 28, 29]","[1.233075737953186, 1.275211215019226, 1.344969391822815, 1.2919199466705322, 1.2774043083190918, 1.2640810012817383, 1.204663872718811, 1.3629906177520752, 1.3659346103668213, 1.2888624668121338, 1.3299829959869385, 1.2211244106292725, 1.2825636863708496, 1.1713712215423584, 1.2726713418960571, 1.2286409139633179, 1.3427278995513916, 1.217494249343872, 1.3152519464492798, 1.2119096517562866, 1.2319564819335938, 1.22548508644104, 1.256368637084961, 1.1911201477050781, 1.2458171844482422, 1.2794829607009888, 1.2535393238067627, 1.3205866813659668, 1.330989956855774, 1.300643801689148]",sae,Pre-64
1,beta,47,0.135,0.4460371044958436,0.4257646434940195,0.405122788706591,0.5,0.6434257056516428,0.7317720054008872,30,"[0, 1, 2, 3, 4, 5, 6, 7, 8, 9, 10, 11, 12, 13, 14, 15, 16, 17, 18, 19, 20, 21, 22, 23, 24, 25, 26, 27, 28, 29]","[1.4588007926940918, 1.2997734546661377, 1.3108296394348145, 1.3243757486343384, 1.4069416522979736, 1.4445058107376099, 1.3937058448791504, 1.4060311317443848, 1.3989717960357666, 1.3373678922653198, 1.3411346673965454, 1.272874355316162, 1.3201892375946045, 1.459355115890503, 1.2922149896621704, 1.4183306694030762, 1.3387137651443481, 1.4044572114944458, 1.2474051713943481, 1.2912180423736572, 1.3370356559753418, 1.3855600357055664, 1.4101225137710571, 1.3036681413650513, 1.3944401741027832, 1.2750053405761719, 1.2442632913589478, 1.3833727836608887, 1.2943063974380493, 1.3751128911972046]",sae,Pre-64
1,beta,16,0.18,0.4519396108125126,0.4401978349795346,0.4284860633800419,0.5,0.6159012314439947,0.7162377096587623,30,"[0, 1, 2, 3, 4, 5, 6, 7, 8, 9, 10, 11, 12, 13, 14, 15, 16, 17, 18, 19, 20, 21, 22, 23, 24, 25, 26, 27, 28, 29]","[1.1816582679748535, 1.1549954414367676, 1.147112488746643, 1.2204711437225342, 1.207987666130066, 1.1651043891906738, 1.219377875328064, 1.202986240386963, 1.1668685674667358, 1.215155839920044, 1.2106707096099854, 1.1998562812805176, 1.1620874404907227, 1.1870613098144531, 1.092732548713684, 1.1479054689407349, 1.230043649673462, 1.0668418407440186, 1.1719821691513062, 1.1980621814727783, 1.2465800046920776, 1.2221921682357788, 1.2204794883728027, 1.2173221111297607, 1.105739951133728, 1.1924809217453003, 1.1101703643798828, 1.170327067375183, 1.1249918937683105, 1.1530028581619263]",sae,Pre-64
1,beta,29,0.5,0.4558655961502112,0.4409050416793991,0.4468932121407101,0.5,0.6296548282533407,0.6689000750796879,30,"[0, 1, 2, 3, 4, 5, 6, 7, 8, 9, 10, 11, 12, 13, 14, 15, 16, 17, 18, 19, 20, 21, 22, 23, 24, 25, 26, 27, 28, 29]","[1.194935917854309, 1.1385749578475952, 1.0295852422714233, 1.238612413406372, 1.1851270198822021, 1.162545919418335, 1.2411545515060425, 1.166039228439331, 1.2299060821533203, 1.2362966537475586, 1.1895782947540283, 1.2295013666152954, 1.231622576713562, 1.2365245819091797, 1.1724414825439453, 1.2314629554748535, 1.110655665397644, 1.1652898788452148, 1.1510244607925415, 1.1959142684936523, 1.249851107597351, 1.2568353414535522, 1.1828466653823853, 1.198325514793396, 1.1877683401107788, 1.1336921453475952, 1.1967061758041382, 1.2367507219314575, 1.2920050621032715, 1.1695195436477661]",sae,Pre-64
1,beta,30,0.18,0.4638407167611665,0.4544841508273655,0.4368581832465081,0.5,0.6043368975359404,0.6928290917889622,30,"[0, 1, 2, 3, 4, 5, 6, 7, 8, 9, 10, 11, 12, 13, 14, 15, 16, 17, 18, 19, 20, 21, 22, 23, 24, 25, 26, 27, 28, 29]","[1.3258002996444702, 1.2756973505020142, 1.3074729442596436, 1.270321011543274, 1.2710394859313965, 1.254616618156433, 1.2718474864959717, 1.242604374885559, 1.229284405708313, 1.2473018169403076, 1.328736662864685, 1.2332264184951782, 1.2170690298080444, 1.2394343614578247, 1.2971469163894653, 1.311698079109192, 1.2544705867767334, 1.2582758665084839, 1.3335015773773193, 1.2573728561401367, 1.2343169450759888, 1.1886730194091797, 1.2714430093765259, 1.2592005729675293, 1.3686960935592651, 1.256397008895874, 1.2946428060531616, 1.253248691558838, 1.3043030500411987, 1.2792787551879883]",sae,Pre-64
1,beta,34,0.75,0.4568527557813058,0.4470225010708758,0.439914715261022,0.5,0.6011606799053854,0.6760287318218534,30,"[0, 1, 2, 3, 4, 5, 6, 7, 8, 9, 10, 11, 12, 13, 14, 15, 16, 17, 18, 19, 20, 21, 22, 23, 24, 25, 26, 27, 28, 29]","[1.137890338897705, 1.2171109914779663, 1.2127997875213623, 1.1824638843536377, 1.152029275894165, 1.1444475650787354, 1.1735047101974487, 1.0769213438034058, 1.1361875534057617, 1.1606651544570923, 1.2005587816238403, 1.015907645225525, 1.1853113174438477, 1.0790728330612183, 1.1112900972366333, 1.1400375366210938, 1.2139219045639038, 1.2259365320205688, 1.1806495189666748, 1.1336230039596558, 1.175050139427185, 1.2325819730758667, 1.1709409952163696, 1.1730239391326904, 1.1460753679275513, 1.094346284866333, 1.2428449392318726, 1.229536533355713, 1.2293792963027954, 1.190686821937561]",sae,Pre-64
1,beta,12,1.0,0.4455148672091349,0.4361346773072694,0.4025706419942397,0.5,0.5892778403611032,0.732179722690948,30,"[0, 1, 2, 3, 4, 5, 6, 7, 8, 9, 10, 11, 12, 13, 14, 15, 16, 17, 18, 19, 20, 21, 22, 23, 24, 25, 26, 27, 28, 29]","[1.1510069370269775, 1.238104224205017, 1.1669384241104126, 1.0727007389068604, 1.2094347476959229, 1.160822868347168, 1.1686755418777466, 1.231000304222107, 1.250001072883606, 1.1482594013214111, 1.1463829278945923, 1.2851383686065674, 1.1506091356277466, 1.2207391262054443, 1.1269334554672241, 1.2875975370407104, 1.111490249633789, 1.2468537092208862, 1.1965770721435547, 1.2625105381011963, 1.2613308429718018, 1.1978631019592285, 1.1764955520629883, 1.2832802534103394, 1.261273980140686, 1.1248352527618408, 1.2639222145080566, 1.2385042905807495, 1.1889654397964478, 1.2939741611480713]",sae,Pre-64
1,beta,48,0.75,0.4556814132376,0.4510566266980289,0.4662193971976268,0.5,0.5923878577171784,0.5876994552846448,30,"[0, 1, 2, 3, 4, 5, 6, 7, 8, 9, 10, 11, 12, 13, 14, 15, 16, 17, 18, 19, 20, 21, 22, 23, 24, 25, 26, 27, 28, 29]","[1.314848780632019, 1.2628027200698853, 1.241004228591919, 1.2374732494354248, 1.2198200225830078, 1.1986083984375, 1.2501070499420166, 1.1745821237564087, 1.2252157926559448, 1.2332372665405273, 1.2725598812103271, 1.2326319217681885, 1.2322970628738403, 1.2276474237442017, 1.1980329751968384, 1.24959397315979, 1.2403693199157715, 1.2576123476028442, 1.2807153463363647, 1.1356396675109863, 1.2306994199752808, 1.2764241695404053, 1.2865550518035889, 1.136379361152649, 1.2335848808288574, 1.253692626953125, 1.2959669828414917, 1.2499793767929077, 1.2189946174621582, 1.252404808998108]",sae,Pre-64
1,beta,36,0.185,0.4642138821845151,0.4576483090311837,0.4562390789919688,0.5,0.6031055233182893,0.674850866340228,30,"[0, 1, 2, 3, 4, 5, 6, 7, 8, 9, 10, 11, 12, 13, 14, 15, 16, 17, 18, 19, 20, 21, 22, 23, 24, 25, 26, 27, 28, 29]","[1.3548636436462402, 1.3270965814590454, 1.2945172786712646, 1.3452633619308472, 1.23171067237854, 1.3683677911758423, 1.3071155548095703, 1.3417714834213257, 1.3788959980010986, 1.2400803565979004, 1.2811111211776733, 1.3818483352661133, 1.2855859994888306, 1.306208610534668, 1.3322675228118896, 1.385486125946045, 1.346695899963379, 1.321852207183838, 1.3760915994644165, 1.2806615829467773, 1.3305047750473022, 1.3024259805679321, 1.3197228908538818, 1.2953741550445557, 1.3702592849731445, 1.3401949405670166, 1.308111548423767, 1.3197349309921265, 1.3664594888687134, 1.276201605796814]",sae,Pre-64
1,beta,8,0.185,0.4517491928182039,0.4406431065890545,0.435087654693021,0.5,0.6098144493254953,0.6772224698117613,30,"[0, 1, 2, 3, 4, 5, 6, 7, 8, 9, 10, 11, 12, 13, 14, 15, 16, 17, 18, 19, 20, 21, 22, 23, 24, 25, 26, 27, 28, 29]","[1.1517425775527954, 1.251341700553894, 1.20406973361969, 1.2244453430175781, 1.27325439453125, 1.2135720252990723, 1.2589097023010254, 1.1934584379196167, 1.234736680984497, 1.246065616607666, 1.2668225765228271, 1.2186272144317627, 1.2181164026260376, 1.2344942092895508, 1.2522367238998413, 1.1921721696853638, 1.2113295793533325, 1.2266050577163696, 1.155824065208435, 1.1810288429260254, 1.1780351400375366, 1.1601004600524902, 1.2592108249664307, 1.1913775205612183, 1.2543390989303589, 1.2590365409851074, 1.1687102317810059, 1.254843831062317, 1.2269915342330933, 1.2008578777313232]",sae,Pre-64
1,beta,17,0.2,0.4599327030141671,0.4513468217402507,0.439526174619726,0.5,0.6120635717004715,0.7004904827674721,30,"[0, 1, 2, 3, 4, 5, 6, 7, 8, 9, 10, 11, 12, 13, 14, 15, 16, 17, 18, 19, 20, 21, 22, 23, 24, 25, 26, 27, 28, 29]","[1.3039659261703491, 1.2028779983520508, 1.2210893630981445, 1.2618999481201172, 1.2989658117294312, 1.1946241855621338, 1.267587423324585, 1.1577870845794678, 1.225614309310913, 1.2168444395065308, 1.2725770473480225, 1.2880678176879883, 1.2387210130691528, 1.2938231229782104, 1.2267428636550903, 1.2365779876708984, 1.2983040809631348, 1.2356051206588745, 1.2722617387771606, 1.247725009918213, 1.1759026050567627, 1.2500977516174316, 1.1149826049804688, 1.2319189310073853, 1.2092821598052979, 1.218751072883606, 1.2135471105575562, 1.2390477657318115, 1.195202112197876, 1.278219223022461]",sae,Pre-64
1,beta,49,0.16,0.462130925118617,0.4524487678230295,0.449011580753296,0.5,0.6141152509743157,0.6819666502324271,30,"[0, 1, 2, 3, 4, 5, 6, 7, 8, 9, 10, 11, 12, 13, 14, 15, 16, 17, 18, 19, 20, 21, 22, 23, 24, 25, 26, 27, 28, 29]","[1.2766554355621338, 1.3225785493850708, 1.3212175369262695, 1.3048291206359863, 1.2485089302062988, 1.2858026027679443, 1.355406641960144, 1.2592569589614868, 1.3753033876419067, 1.3362722396850586, 1.2788554430007935, 1.2708525657653809, 1.3277866840362549, 1.328167200088501, 1.3586509227752686, 1.3072441816329956, 1.4023425579071045, 1.3826402425765991, 1.2515207529067993, 1.3350003957748413, 1.3748340606689453, 1.2921990156173706, 1.381786584854126, 1.3232067823410034, 1.2893102169036865, 1.3269859552383423, 1.324526309967041, 1.2912997007369995, 1.208644986152649, 1.28351891040802]",sae,Pre-64
1,beta,23,0.15,0.4478205607315014,0.4344954522622479,0.4317269217414636,0.5,0.6150139710231751,0.6708405760267226,30,"[0, 1, 2, 3, 4, 5, 6, 7, 8, 9, 10, 11, 12, 13, 14, 15, 16, 17, 18, 19, 20, 21, 22, 23, 24, 25, 26, 27, 28, 29]","[1.2235528230667114, 1.2536472082138062, 1.2156482934951782, 1.341559886932373, 1.1526894569396973, 1.2242431640625, 1.320212721824646, 1.263415813446045, 1.2191972732543945, 1.3445007801055908, 1.3363925218582153, 1.2944451570510864, 1.2837295532226562, 1.1675584316253662, 1.281471848487854, 1.3363629579544067, 1.0683335065841675, 1.266735553741455, 1.2140628099441528, 1.229400396347046, 1.3328278064727783, 1.3484355211257935, 1.2181769609451294, 1.3432801961898804, 1.330004096031189, 1.2751458883285522, 1.2363187074661255, 1.2226368188858032, 1.2577964067459106, 1.3489609956741333]",sae,Pre-64
1,beta,26,1.0,0.4502231978181314,0.4442488029476733,0.4449946959318742,0.5,0.5832450787939482,0.6475593742568525,30,"[0, 1, 2, 3, 4, 5, 6, 7, 8, 9, 10, 11, 12, 13, 14, 15, 16, 17, 18, 19, 20, 21, 22, 23, 24, 25, 26, 27, 28, 29]","[1.1555442810058594, 1.2041875123977661, 1.299892783164978, 1.115403652191162, 1.1977704763412476, 1.2426538467407227, 1.2137271165847778, 1.1166235208511353, 1.202622890472412, 1.1893163919448853, 1.098173975944519, 1.2942622900009155, 1.250457763671875, 1.2013744115829468, 1.2439463138580322, 1.1272211074829102, 1.1953763961791992, 1.1167938709259033, 1.2241944074630737, 1.2015106678009033, 1.1450039148330688, 1.2828484773635864, 1.2133245468139648, 1.2307840585708618, 1.2933491468429565, 1.3005832433700562, 1.1806293725967407, 1.226503849029541, 1.0538688898086548, 1.1579833030700684]",sae,Pre-64
1,beta,4,1.5,0.4589558369307028,0.4477177462853796,0.4492621691079363,0.5,0.61034827708266,0.6615802514735983,30,"[0, 1, 2, 3, 4, 5, 6, 7, 8, 9, 10, 11, 12, 13, 14, 15, 16, 17, 18, 19, 20, 21, 22, 23, 24, 25, 26, 27, 28, 29]","[1.1777721643447876, 1.1554479598999023, 1.123734712600708, 1.2367613315582275, 1.1010112762451172, 1.1309430599212646, 1.145643711090088, 1.1165508031845093, 1.1993235349655151, 1.1947863101959229, 1.1990617513656616, 1.1123532056808472, 1.2366323471069336, 1.1637712717056274, 1.1139233112335205, 1.1837881803512573, 1.1833724975585938, 1.168279767036438, 1.1406776905059814, 1.2084177732467651, 1.1869065761566162, 1.2237598896026611, 1.1760855913162231, 1.0962145328521729, 1.1903668642044067, 1.1116077899932861, 1.1601639986038208, 1.1707360744476318, 1.2161426544189453, 1.1170037984848022]",sae,Pre-64
1,beta,35,0.21,0.4566193215888805,0.4379483378046387,0.4288840150889058,0.5,0.637290178651746,0.71226364176097,30,"[0, 1, 2, 3, 4, 5, 6, 7, 8, 9, 10, 11, 12, 13, 14, 15, 16, 17, 18, 19, 20, 21, 22, 23, 24, 25, 26, 27, 28, 29]","[1.2321497201919556, 1.274283766746521, 1.3440431356430054, 1.2909913063049316, 1.2764760255813599, 1.2631498575210571, 1.2037369012832642, 1.362064003944397, 1.3650083541870117, 1.28793466091156, 1.3290584087371826, 1.2201932668685913, 1.2816340923309326, 1.1704429388046265, 1.2717424631118774, 1.2277123928070068, 1.3418009281158447, 1.2165625095367432, 1.3143235445022583, 1.2109835147857666, 1.2310280799865723, 1.2245590686798096, 1.2554380893707275, 1.190194010734558, 1.2448885440826416, 1.2785552740097046, 1.252612829208374, 1.3196550607681274, 1.3300654888153076, 1.2997132539749146]",sae,Pre-64
1,beta,18,1.5,0.4575117633693479,0.4471831599677374,0.4178657939705857,0.5,0.6052065040104606,0.7279783219994782,30,"[0, 1, 2, 3, 4, 5, 6, 7, 8, 9, 10, 11, 12, 13, 14, 15, 16, 17, 18, 19, 20, 21, 22, 23, 24, 25, 26, 27, 28, 29]","[1.08156156539917, 1.1808451414108276, 1.2274887561798096, 1.1775970458984375, 1.1839946508407593, 1.1783868074417114, 1.302558422088623, 1.1474957466125488, 1.2003755569458008, 1.1137614250183105, 1.279771089553833, 1.1947054862976074, 1.217077374458313, 1.243087649345398, 1.1674503087997437, 1.1044795513153076, 1.2428091764450073, 1.1572407484054565, 1.1403177976608276, 1.0754040479660034, 1.2844663858413696, 1.1361045837402344, 1.2445805072784424, 1.2017990350723267, 1.1962649822235107, 1.1700507402420044, 1.2117968797683716, 1.2385376691818237, 1.2291908264160156, 1.181313395500183]",sae,Pre-64
1,beta,46,1.5,0.4545712902572906,0.4417269056853911,0.437555684224424,0.5,0.6270377926330811,0.6841009761445498,30,"[0, 1, 2, 3, 4, 5, 6, 7, 8, 9, 10, 11, 12, 13, 14, 15, 16, 17, 18, 19, 20, 21, 22, 23, 24, 25, 26, 27, 28, 29]","[1.154767394065857, 1.227081537246704, 1.2429275512695312, 1.2448883056640625, 1.1829752922058105, 1.2766703367233276, 1.184883952140808, 1.2525430917739868, 1.2228230237960815, 1.2935329675674438, 1.0590815544128418, 1.1557743549346924, 1.295918583869934, 1.1653231382369995, 1.2226365804672241, 1.2752548456192017, 1.2336431741714478, 1.2529560327529907, 1.253047227859497, 1.2707768678665161, 1.200863003730774, 1.2171014547348022, 1.2470494508743286, 1.232546091079712, 1.2547560930252075, 1.260716199874878, 1.2299758195877075, 1.279518485069275, 1.224043607711792, 1.2248477935791016]",sae,Pre-64
1,beta,42,0.19,0.4546678683050885,0.4407690563496341,0.4415398623366119,0.5,0.6336081445133979,0.6603511208928656,30,"[0, 1, 2, 3, 4, 5, 6, 7, 8, 9, 10, 11, 12, 13, 14, 15, 16, 17, 18, 19, 20, 21, 22, 23, 24, 25, 26, 27, 28, 29]","[1.2767118215560913, 1.1509020328521729, 1.2741888761520386, 1.2517021894454956, 1.16533625125885, 1.2553739547729492, 1.1647206544876099, 1.148014783859253, 1.1693377494812012, 1.2613091468811035, 1.2386943101882935, 1.2795376777648926, 1.1614588499069214, 1.0049147605895996, 1.2809103727340698, 1.1924101114273071, 1.141250491142273, 1.1302461624145508, 1.240049958229065, 1.2147595882415771, 1.1706880331039429, 1.1570767164230347, 1.171014428138733, 1.1616032123565674, 1.189007043838501, 1.1533206701278687, 1.2752232551574707, 1.16252863407135, 1.2145106792449951, 1.1530125141143799]",sae,Pre-64
1,beta,3,0.2,0.4557259332451328,0.444824285747971,0.4513515758579441,0.5,0.6042731979176,0.6517472329576497,30,"[0, 1, 2, 3, 4, 5, 6, 7, 8, 9, 10, 11, 12, 13, 14, 15, 16, 17, 18, 19, 20, 21, 22, 23, 24, 25, 26, 27, 28, 29]","[1.2530674934387207, 1.2809110879898071, 1.2663909196853638, 1.1886117458343506, 1.2604529857635498, 1.2613276243209839, 1.2488983869552612, 1.2795264720916748, 1.072077989578247, 1.3167073726654053, 1.2017866373062134, 1.309047818183899, 1.248978614807129, 1.1940211057662964, 1.3207985162734985, 1.2588402032852173, 1.2618792057037354, 1.2705992460250854, 1.203479290008545, 1.2216182947158813, 1.164685606956482, 1.2386335134506226, 1.225178599357605, 1.329656720161438, 1.297065258026123, 1.244751214981079, 1.2556538581848145, 1.2390753030776978, 1.297573208808899, 1.235704779624939]",sae,Pre-64
1,beta,6,0.23,0.4540822999211705,0.4457917896713532,0.4384936900712481,0.5,0.5933447799067053,0.6652910519198336,30,"[0, 1, 2, 3, 4, 5, 6, 7, 8, 9, 10, 11, 12, 13, 14, 15, 16, 17, 18, 19, 20, 21, 22, 23, 24, 25, 26, 27, 28, 29]","[1.2093437910079956, 1.2324018478393555, 1.1689670085906982, 1.2286028861999512, 1.1660292148590088, 1.1364821195602417, 1.1552339792251587, 1.210248351097107, 1.1588280200958252, 1.2276009321212769, 1.1634801626205444, 1.1048387289047241, 1.1711478233337402, 1.1197253465652466, 1.0116533041000366, 1.2269690036773682, 1.129739761352539, 1.1970460414886475, 1.1658244132995605, 1.1922228336334229, 1.1664220094680786, 1.1494638919830322, 1.2115159034729004, 1.2004733085632324, 1.147264838218689, 1.1653865575790405, 1.1267348527908325, 1.1380363702774048, 1.188260555267334, 1.2108981609344482]",sae,Pre-64
1,beta,45,0.2,0.4515599815008028,0.4347157609968581,0.4349486001110254,0.5,0.6289673345145609,0.6746020928929474,30,"[0, 1, 2, 3, 4, 5, 6, 7, 8, 9, 10, 11, 12, 13, 14, 15, 16, 17, 18, 19, 20, 21, 22, 23, 24, 25, 26, 27, 28, 29]","[1.2667760848999023, 1.254326581954956, 1.1693058013916016, 1.303847312927246, 1.3015823364257812, 1.1290299892425537, 1.320826768875122, 1.25433349609375, 1.2086472511291504, 1.1548519134521484, 1.2344712018966675, 1.3154948949813843, 1.262926459312439, 1.1639060974121094, 1.2104294300079346, 1.2376105785369873, 1.219151496887207, 1.1073685884475708, 1.2454887628555298, 1.2538788318634033, 1.2702414989471436, 1.1856601238250732, 1.2650370597839355, 1.117537021636963, 1.1055620908737183, 1.2950752973556519, 1.2016751766204834, 1.2160849571228027, 1.1144428253173828, 1.306179404258728]",sae,Pre-64
1,beta,24,0.175,0.4501416387440968,0.4383559369047743,0.44621284551913,0.5,0.6188330126613704,0.6402619165839126,30,"[0, 1, 2, 3, 4, 5, 6, 7, 8, 9, 10, 11, 12, 13, 14, 15, 16, 17, 18, 19, 20, 21, 22, 23, 24, 25, 26, 27, 28, 29]","[1.3193389177322388, 1.2650535106658936, 1.2812838554382324, 1.3327503204345703, 1.3403459787368774, 1.2784215211868286, 1.2759557962417603, 1.2770452499389648, 1.29887056350708, 1.1681222915649414, 1.303485631942749, 1.2515676021575928, 1.323694109916687, 1.3274191617965698, 1.272337555885315, 1.25157630443573, 1.3438584804534912, 1.1434251070022583, 1.2575987577438354, 1.345216989517212, 1.3231385946273804, 1.3339552879333496, 1.2763625383377075, 1.2991279363632202, 1.2432571649551392, 1.2041525840759277, 1.2899036407470703, 1.2481942176818848, 1.3458579778671265, 1.266891598701477]",sae,Pre-64
1,beta,5,0.17,0.4445517550333296,0.4301735816232515,0.4289591077464399,0.5,0.6070910659257547,0.6831757124194445,30,"[0, 1, 2, 3, 4, 5, 6, 7, 8, 9, 10, 11, 12, 13, 14, 15, 16, 17, 18, 19, 20, 21, 22, 23, 24, 25, 26, 27, 28, 29]","[1.3448395729064941, 1.245874047279358, 1.2482945919036865, 1.3641213178634644, 1.3628870248794556, 1.2947190999984741, 1.294701099395752, 1.2763441801071167, 1.3344497680664062, 1.2619454860687256, 1.3480325937271118, 1.3663305044174194, 1.2950143814086914, 1.2983698844909668, 1.3767396211624146, 1.3207423686981201, 1.3257427215576172, 1.353227972984314, 1.235457420349121, 1.3016682863235474, 1.377990961074829, 1.308875560760498, 1.3706070184707642, 1.2591242790222168, 1.3003935813903809, 1.376805305480957, 1.2455865144729614, 1.2772293090820312, 1.3559924364089966, 1.3020292520523071]",sae,Pre-64
1,beta,7,0.75,0.4564836922581216,0.4420418003909208,0.4288843799011173,0.5,0.6095136152062148,0.7000084039932237,30,"[0, 1, 2, 3, 4, 5, 6, 7, 8, 9, 10, 11, 12, 13, 14, 15, 16, 17, 18, 19, 20, 21, 22, 23, 24, 25, 26, 27, 28, 29]","[1.186367392539978, 1.203552484512329, 1.2273681163787842, 1.1744158267974854, 1.2427024841308594, 1.194297194480896, 1.1417649984359741, 1.1899380683898926, 1.274727702140808, 1.2103523015975952, 1.1130813360214233, 1.1793581247329712, 1.1271109580993652, 1.140200138092041, 1.2939406633377075, 1.2133886814117432, 1.183907389640808, 1.1221195459365845, 1.2292346954345703, 1.2417727708816528, 1.200108528137207, 1.2005424499511719, 1.201027750968933, 1.1506562232971191, 1.259361982345581, 1.2019909620285034, 1.2091292142868042, 1.0751577615737915, 1.2751001119613647, 1.1631182432174683]",sae,Pre-64
1,beta,22,0.185,0.4519005213187685,0.4442985770479847,0.4398732190737021,0.5,0.5939599289403404,0.681375663243097,30,"[0, 1, 2, 3, 4, 5, 6, 7, 8, 9, 10, 11, 12, 13, 14, 15, 16, 17, 18, 19, 20, 21, 22, 23, 24, 25, 26, 27, 28, 29]","[1.2002317905426025, 1.2585258483886719, 1.2663847208023071, 1.2545387744903564, 1.3202534914016724, 1.2496999502182007, 1.2205184698104858, 1.2353286743164062, 1.2040624618530273, 1.2309482097625732, 1.2034285068511963, 1.3098889589309692, 1.264133095741272, 1.2951912879943848, 1.2017755508422852, 1.2736023664474487, 1.2879846096038818, 1.2768460512161255, 1.2033673524856567, 1.215498924255371, 1.2784209251403809, 1.2753143310546875, 1.2838168144226074, 1.245327115058899, 1.2505807876586914, 1.3082221746444702, 1.2040468454360962, 1.208959937095642, 1.3407578468322754, 1.2065664529800415]",sae,Pre-64
1,beta,31,0.2,0.4497611378811508,0.4308970333737342,0.4266715060676116,0.5,0.642735734520437,0.7085173729548476,30,"[0, 1, 2, 3, 4, 5, 6, 7, 8, 9, 10, 11, 12, 13, 14, 15, 16, 17, 18, 19, 20, 21, 22, 23, 24, 25, 26, 27, 28, 29]","[1.2924944162368774, 1.275119423866272, 1.2271469831466675, 1.2182586193084717, 1.2923641204833984, 1.3185827732086182, 1.2325143814086914, 1.2943824529647827, 1.2753441333770752, 1.2817953824996948, 1.2796847820281982, 1.2897201776504517, 1.3171297311782837, 1.1595771312713623, 1.3341225385665894, 1.2744930982589722, 1.2818657159805298, 1.2658442258834839, 1.283510684967041, 1.2427891492843628, 1.3373063802719116, 1.2943118810653687, 1.3240551948547363, 1.310732126235962, 1.2825689315795898, 1.2928390502929688, 1.2049660682678223, 1.3411555290222168, 1.2298747301101685, 1.3129428625106812]",sae,Pre-64
1,beta,14,0.19,0.4467366851483266,0.4421697276018216,0.4269936475169583,0.5,0.5934222168898753,0.6992396406664768,30,"[0, 1, 2, 3, 4, 5, 6, 7, 8, 9, 10, 11, 12, 13, 14, 15, 16, 17, 18, 19, 20, 21, 22, 23, 24, 25, 26, 27, 28, 29]","[1.2813559770584106, 1.174174427986145, 1.2327789068222046, 1.2601161003112793, 1.2889423370361328, 1.2524868249893188, 1.2434293031692505, 1.317018747329712, 1.2544151544570923, 1.2964489459991455, 1.207697868347168, 1.1492230892181396, 1.176203966140747, 1.3016502857208252, 1.3039453029632568, 1.255773663520813, 1.3230246305465698, 1.3111189603805542, 1.2353515625, 1.2395873069763184, 1.2758543491363525, 1.2548338174819946, 1.3119560480117798, 1.2117676734924316, 1.3134156465530396, 1.3083378076553345, 1.2433615922927856, 1.3139784336090088, 1.2987594604492188, 1.1854140758514404]",sae,Pre-64
1,beta,20,0.75,0.4408022875601419,0.4262939306313442,0.4227714022097765,0.5,0.6176087118064704,0.6488779225692263,30,"[0, 1, 2, 3, 4, 5, 6, 7, 8, 9, 10, 11, 12, 13, 14, 15, 16, 17, 18, 19, 20, 21, 22, 23, 24, 25, 26, 27, 28, 29]","[1.1888443231582642, 1.2588075399398804, 1.2090791463851929, 1.276505947113037, 1.265021800994873, 1.2415491342544556, 1.253626823425293, 1.1762081384658813, 1.2560367584228516, 1.204184651374817, 1.1926451921463013, 1.1942633390426636, 1.285210132598877, 1.1553280353546143, 1.1849594116210938, 1.2904577255249023, 1.1613073348999023, 1.195784091949463, 1.2340788841247559, 1.2251707315444946, 1.236037015914917, 1.167548418045044, 1.2559117078781128, 1.2980648279190063, 1.249900221824646, 1.1806350946426392, 1.2032898664474487, 1.2339420318603516, 1.1950137615203857, 1.2724168300628662]",sae,Pre-64
1,beta,32,1.5,0.4555596844830426,0.4475674839123162,0.4514413499505587,0.5,0.5924839124839124,0.6273726788012502,30,"[0, 1, 2, 3, 4, 5, 6, 7, 8, 9, 10, 11, 12, 13, 14, 15, 16, 17, 18, 19, 20, 21, 22, 23, 24, 25, 26, 27, 28, 29]","[1.28597891330719, 1.1913915872573853, 1.2832305431365967, 1.218367338180542, 1.2208343744277954, 1.3007514476776123, 1.2324695587158203, 1.1970856189727783, 1.2136499881744385, 1.2141656875610352, 1.2057666778564453, 1.2006953954696655, 1.2301374673843384, 1.1585408449172974, 1.1468251943588257, 1.169873833656311, 1.1970511674880981, 1.2234464883804321, 1.1713792085647583, 1.2120120525360107, 1.2902600765228271, 1.2123761177062988, 1.170460820198059, 1.290606141090393, 1.2252774238586426, 1.167966604232788, 1.2753394842147827, 1.0860527753829956, 1.292422890663147, 1.2855812311172485]",sae,Pre-64
1,beta,38,2.0,0.4455661720406026,0.4298851252298221,0.4248735744702677,0.5,0.6303640517897944,0.6635567402894135,30,"[0, 1, 2, 3, 4, 5, 6, 7, 8, 9, 10, 11, 12, 13, 14, 15, 16, 17, 18, 19, 20, 21, 22, 23, 24, 25, 26, 27, 28, 29]","[1.1721346378326416, 1.1665115356445312, 1.1951327323913574, 1.2084224224090576, 1.1932506561279297, 1.0943678617477417, 1.22554349899292, 1.190416932106018, 1.0534244775772095, 1.212303638458252, 1.196964144706726, 1.1929432153701782, 1.2093898057937622, 1.185971736907959, 1.2129939794540405, 1.1697133779525757, 1.1856392621994019, 1.237824559211731, 1.137427806854248, 1.2083672285079956, 1.1895427703857422, 1.2017890214920044, 1.2302438020706177, 1.1494355201721191, 1.191596269607544, 1.2291513681411743, 1.1410502195358276, 1.2461069822311401, 1.175614595413208, 1.249431848526001]",sae,Pre-64
1,beta,31,0.145,0.4497611378811508,0.4308970333737342,0.4285981848998714,0.5,0.642735734520437,0.7085231543042146,30,"[0, 1, 2, 3, 4, 5, 6, 7, 8, 9, 10, 11, 12, 13, 14, 15, 16, 17, 18, 19, 20, 21, 22, 23, 24, 25, 26, 27, 28, 29]","[1.2934017181396484, 1.2760274410247803, 1.2280569076538086, 1.2191680669784546, 1.2932745218276978, 1.3194860219955444, 1.2334215641021729, 1.2952916622161865, 1.2762548923492432, 1.2827004194259644, 1.2805925607681274, 1.2906298637390137, 1.3180376291275024, 1.1604883670806885, 1.335031270980835, 1.2754011154174805, 1.2827739715576172, 1.2667529582977295, 1.2844198942184448, 1.2436975240707397, 1.338210105895996, 1.295221209526062, 1.324959635734558, 1.3116402626037598, 1.283479928970337, 1.2937482595443726, 1.2058745622634888, 1.3420625925064087, 1.2307863235473633, 1.3138504028320312]",sae,Pre-64
1,beta,25,0.25,0.4465066892532915,0.4352791138475453,0.4369155522245641,0.5,0.6270054355300688,0.6624963374453606,30,"[0, 1, 2, 3, 4, 5, 6, 7, 8, 9, 10, 11, 12, 13, 14, 15, 16, 17, 18, 19, 20, 21, 22, 23, 24, 25, 26, 27, 28, 29]","[1.2607691287994385, 1.2584946155548096, 1.1831772327423096, 1.2705239057540894, 1.2684123516082764, 1.265473484992981, 1.1512542963027954, 1.1815540790557861, 1.2377903461456299, 1.1347473859786987, 1.2736173868179321, 1.1921474933624268, 1.2696431875228882, 1.200372576713562, 1.1805201768875122, 1.2086586952209473, 1.068739414215088, 1.1262332201004028, 1.16851007938385, 1.2018169164657593, 1.2947216033935547, 1.1040403842926025, 1.243787407875061, 1.2125035524368286, 1.2361981868743896, 1.1938003301620483, 1.2991302013397217, 1.2643499374389648, 1.2824829816818237, 1.1391488313674927]",sae,Pre-64
1,beta,41,1.0,0.4543678569363413,0.4427951465832617,0.4416982309590574,0.5,0.6190905384235713,0.6706238331294664,30,"[0, 1, 2, 3, 4, 5, 6, 7, 8, 9, 10, 11, 12, 13, 14, 15, 16, 17, 18, 19, 20, 21, 22, 23, 24, 25, 26, 27, 28, 29]","[1.1356950998306274, 1.1843740940093994, 1.0599017143249512, 1.0706007480621338, 1.0468002557754517, 1.210906744003296, 1.101571798324585, 1.1551228761672974, 1.140668272972107, 1.1793739795684814, 1.185392141342163, 1.1593207120895386, 1.1646181344985962, 1.1845898628234863, 1.201792597770691, 1.1444034576416016, 1.0762401819229126, 1.1555777788162231, 1.1304680109024048, 1.1696642637252808, 1.0725892782211304, 1.1413424015045166, 1.1628625392913818, 1.156077265739441, 1.1492286920547485, 1.137248158454895, 1.1817694902420044, 1.172348141670227, 1.1405194997787476, 1.0922468900680542]",sae,Pre-64
1,beta,30,3.0,0.4638407167611665,0.4544841508273655,0.4347025466497717,0.5,0.6043368975359404,0.6920299717760999,30,"[0, 1, 2, 3, 4, 5, 6, 7, 8, 9, 10, 11, 12, 13, 14, 15, 16, 17, 18, 19, 20, 21, 22, 23, 24, 25, 26, 27, 28, 29]","[1.234999656677246, 1.1741113662719727, 1.2121046781539917, 1.183706521987915, 1.188236951828003, 1.1696803569793701, 1.186059832572937, 1.151381492614746, 1.14472234249115, 1.1600751876831055, 1.2435591220855713, 1.1388177871704102, 1.1140148639678955, 1.1526716947555542, 1.2056300640106201, 1.2250553369522095, 1.1707159280776978, 1.1746101379394531, 1.240835428237915, 1.1718575954437256, 1.142357349395752, 1.105589747428894, 1.171762228012085, 1.1619601249694824, 1.262255311012268, 1.1716129779815674, 1.202602505683899, 1.1705881357192993, 1.21686589717865, 1.1907846927642822]",sae,Pre-64
1,beta,10,2.0,0.4493907433353129,0.4390813823454372,0.4330282045620535,0.5,0.6232207829487961,0.6743909002834692,30,"[0, 1, 2, 3, 4, 5, 6, 7, 8, 9, 10, 11, 12, 13, 14, 15, 16, 17, 18, 19, 20, 21, 22, 23, 24, 25, 26, 27, 28, 29]","[1.1427899599075317, 1.068242073059082, 1.199394941329956, 1.158583641052246, 1.149035930633545, 1.1689698696136475, 1.2380726337432861, 1.1728394031524658, 1.0578781366348267, 1.1875046491622925, 1.1654369831085205, 1.1715285778045654, 1.1657956838607788, 1.1442753076553345, 1.2309560775756836, 1.1749398708343506, 1.1827489137649536, 1.12376070022583, 1.1349002122879028, 1.1247795820236206, 1.1484092473983765, 1.1541001796722412, 1.2148005962371826, 1.210876226425171, 1.1075263023376465, 1.1338322162628174, 1.1668912172317505, 1.1912418603897095, 1.1516903638839722, 1.169378399848938]",sae,Pre-64
1,beta,6,0.195,0.4540822999211705,0.4457917896713532,0.4384936900712481,0.5,0.5933447799067053,0.6652910519198336,30,"[0, 1, 2, 3, 4, 5, 6, 7, 8, 9, 10, 11, 12, 13, 14, 15, 16, 17, 18, 19, 20, 21, 22, 23, 24, 25, 26, 27, 28, 29]","[1.2093437910079956, 1.2324018478393555, 1.1689670085906982, 1.2286028861999512, 1.1660292148590088, 1.1364821195602417, 1.1552339792251587, 1.210248351097107, 1.1588280200958252, 1.2276009321212769, 1.1634801626205444, 1.1048387289047241, 1.1711478233337402, 1.1197253465652466, 1.0116533041000366, 1.2269690036773682, 1.129739761352539, 1.1970460414886475, 1.1658244132995605, 1.1922228336334229, 1.1664220094680786, 1.1494638919830322, 1.2115159034729004, 1.2004733085632324, 1.147264838218689, 1.1653865575790405, 1.1267348527908325, 1.1380363702774048, 1.188260555267334, 1.2108981609344482]",sae,Pre-64
1,beta,24,2.0,0.4501416387440968,0.4383559369047743,0.4367033312537494,0.5,0.6188330126613704,0.6395171300893744,30,"[0, 1, 2, 3, 4, 5, 6, 7, 8, 9, 10, 11, 12, 13, 14, 15, 16, 17, 18, 19, 20, 21, 22, 23, 24, 25, 26, 27, 28, 29]","[1.2124673128128052, 1.1755998134613037, 1.1868178844451904, 1.2273244857788086, 1.242689609527588, 1.1841548681259155, 1.1860560178756714, 1.1832525730133057, 1.2021790742874146, 1.0739104747772217, 1.2058616876602173, 1.1563575267791748, 1.2078834772109985, 1.2294706106185913, 1.1749554872512817, 1.1637247800827026, 1.237532138824463, 1.0551373958587646, 1.169660210609436, 1.2379261255264282, 1.2216182947158813, 1.238648533821106, 1.1921476125717163, 1.2000505924224854, 1.1518317461013794, 1.1153621673583984, 1.1851884126663208, 1.1612211465835571, 1.239385962486267, 1.1791527271270752]",sae,Pre-64
1,beta,19,0.23,0.4469965829377276,0.435497383761294,0.4126882780877415,0.5,0.6104665954706788,0.7118368564877344,30,"[0, 1, 2, 3, 4, 5, 6, 7, 8, 9, 10, 11, 12, 13, 14, 15, 16, 17, 18, 19, 20, 21, 22, 23, 24, 25, 26, 27, 28, 29]","[1.2492977380752563, 1.2589318752288818, 1.3298763036727905, 1.2785810232162476, 1.182809829711914, 1.2019593715667725, 1.2470510005950928, 1.3099594116210938, 1.231256127357483, 1.3264553546905518, 1.3126879930496216, 1.3461445569992065, 1.2475199699401855, 1.258732557296753, 1.1631972789764404, 1.1866952180862427, 1.3184562921524048, 1.3510401248931885, 1.2030105590820312, 1.2361983060836792, 1.3593438863754272, 1.2448439598083496, 1.2377873659133911, 1.2394967079162598, 1.2388148307800293, 1.3222445249557495, 1.342137098312378, 1.2638235092163086, 1.2072906494140625, 1.2187564373016357]",sae,Pre-64
1,beta,19,0.17,0.4469965829377276,0.435497383761294,0.4126882780877415,0.5,0.6104665954706788,0.7118462794861324,30,"[0, 1, 2, 3, 4, 5, 6, 7, 8, 9, 10, 11, 12, 13, 14, 15, 16, 17, 18, 19, 20, 21, 22, 23, 24, 25, 26, 27, 28, 29]","[1.2499665021896362, 1.2595996856689453, 1.330543041229248, 1.2792483568191528, 1.1834734678268433, 1.2026258707046509, 1.2477188110351562, 1.3106251955032349, 1.2319236993789673, 1.3271205425262451, 1.313353419303894, 1.3468108177185059, 1.2481857538223267, 1.2593973875045776, 1.163862705230713, 1.1873615980148315, 1.319124698638916, 1.3517062664031982, 1.2036752700805664, 1.2368648052215576, 1.3600095510482788, 1.2455118894577026, 1.2384531497955322, 1.2401621341705322, 1.239479660987854, 1.3229111433029175, 1.3428027629852295, 1.2644904851913452, 1.2079572677612305, 1.2194247245788574]",sae,Pre-64
1,beta,40,0.25,0.44666181227492,0.4340193094910912,0.429682020672628,0.5,0.6093636266731638,0.6685924865613913,30,"[0, 1, 2, 3, 4, 5, 6, 7, 8, 9, 10, 11, 12, 13, 14, 15, 16, 17, 18, 19, 20, 21, 22, 23, 24, 25, 26, 27, 28, 29]","[1.2605074644088745, 1.2029664516448975, 1.2100863456726074, 1.1508722305297852, 1.1778974533081055, 1.2117478847503662, 1.223541259765625, 1.2287520170211792, 1.241896390914917, 1.2417755126953125, 1.1840814352035522, 1.1961350440979004, 1.2597533464431763, 1.1487462520599365, 1.1636478900909424, 1.2772129774093628, 1.1630654335021973, 1.2165601253509521, 1.1731455326080322, 1.157815933227539, 1.1875110864639282, 1.1901050806045532, 1.2351845502853394, 1.2008522748947144, 1.244917392730713, 1.1839779615402222, 1.2515705823898315, 1.147013545036316, 1.2784425020217896, 1.1909922361373901]",sae,Pre-64
1,beta,47,0.23,0.4460371044958436,0.4257646434940195,0.4033451395960316,0.5,0.6434257056516428,0.7291872950556163,30,"[0, 1, 2, 3, 4, 5, 6, 7, 8, 9, 10, 11, 12, 13, 14, 15, 16, 17, 18, 19, 20, 21, 22, 23, 24, 25, 26, 27, 28, 29]","[1.2948559522628784, 1.148354411125183, 1.1743416786193848, 1.1649647951126099, 1.246188759803772, 1.2814688682556152, 1.2447621822357178, 1.2164852619171143, 1.2303695678710938, 1.1912521123886108, 1.1916992664337158, 1.1139793395996094, 1.1724560260772705, 1.2962146997451782, 1.1174935102462769, 1.2390276193618774, 1.1683082580566406, 1.2478612661361694, 1.090547800064087, 1.1480519771575928, 1.1796824932098389, 1.2337864637374878, 1.2272014617919922, 1.1476048231124878, 1.2347866296768188, 1.1138331890106201, 1.1005412340164185, 1.2123545408248901, 1.1655439138412476, 1.21992826461792]",sae,Pre-64
1,beta,15,0.155,0.4529015220185267,0.4424399871594601,0.4320229093219047,0.5,0.6161071485640408,0.7104417554002818,30,"[0, 1, 2, 3, 4, 5, 6, 7, 8, 9, 10, 11, 12, 13, 14, 15, 16, 17, 18, 19, 20, 21, 22, 23, 24, 25, 26, 27, 28, 29]","[1.2302294969558716, 1.184983491897583, 1.2192262411117554, 1.2415337562561035, 1.2630548477172852, 1.2152290344238281, 1.2051341533660889, 1.2272074222564697, 1.2613036632537842, 1.2786118984222412, 1.2498379945755005, 1.1830166578292847, 1.310188889503479, 1.2769302129745483, 1.1985303163528442, 1.244375467300415, 1.2042820453643799, 1.2921627759933472, 1.1801249980926514, 1.2537740468978882, 1.310217261314392, 1.2840907573699951, 1.2271466255187988, 1.2571686506271362, 1.1927809715270996, 1.1092891693115234, 1.268864631652832, 1.3172227144241333, 1.230126976966858, 1.2437067031860352]",sae,Pre-64
1,beta,43,0.155,0.4515364523902173,0.4432102910589974,0.4357983671364343,0.5,0.6060785767234989,0.6985233506300964,30,"[0, 1, 2, 3, 4, 5, 6, 7, 8, 9, 10, 11, 12, 13, 14, 15, 16, 17, 18, 19, 20, 21, 22, 23, 24, 25, 26, 27, 28, 29]","[1.3266116380691528, 1.4144529104232788, 1.3454923629760742, 1.2819209098815918, 1.3206713199615479, 1.2549391984939575, 1.298341155052185, 1.2776309251785278, 1.3780287504196167, 1.2770811319351196, 1.239181637763977, 1.3846945762634277, 1.3291209936141968, 1.2789160013198853, 1.2758182287216187, 1.1863501071929932, 1.3652105331420898, 1.2918932437896729, 1.3632575273513794, 1.348942756652832, 1.2755235433578491, 1.2763354778289795, 1.3720885515213013, 1.3481322526931763, 1.2451460361480713, 1.3608967065811157, 1.3889144659042358, 1.2848223447799683, 1.3611562252044678, 1.3972047567367554]",sae,Pre-64
1,beta,48,0.195,0.4556814132376,0.4510566266980289,0.4816493903705988,0.5,0.5923878577171784,0.5888885428581135,30,"[0, 1, 2, 3, 4, 5, 6, 7, 8, 9, 10, 11, 12, 13, 14, 15, 16, 17, 18, 19, 20, 21, 22, 23, 24, 25, 26, 27, 28, 29]","[1.4199519157409668, 1.3666963577270508, 1.3547028303146362, 1.3407870531082153, 1.3207987546920776, 1.2842676639556885, 1.3608521223068237, 1.275733470916748, 1.3230520486831665, 1.3182282447814941, 1.3749028444290161, 1.330713152885437, 1.3350470066070557, 1.3247480392456055, 1.2875360250473022, 1.3682429790496826, 1.359979510307312, 1.362643837928772, 1.3953289985656738, 1.2348549365997314, 1.3220006227493286, 1.3935059309005737, 1.3974229097366333, 1.2306866645812988, 1.3327805995941162, 1.3685444593429565, 1.3997876644134521, 1.3742080926895142, 1.328324556350708, 1.352224588394165]",sae,Pre-64
1,beta,25,0.14,0.4465066892532915,0.4352791138475453,0.4389037534236011,0.5,0.6270054355300688,0.6628267148230312,30,"[0, 1, 2, 3, 4, 5, 6, 7, 8, 9, 10, 11, 12, 13, 14, 15, 16, 17, 18, 19, 20, 21, 22, 23, 24, 25, 26, 27, 28, 29]","[1.373839020729065, 1.3845731019973755, 1.2831480503082275, 1.4074207544326782, 1.4034417867660522, 1.3934653997421265, 1.2801268100738525, 1.3039002418518066, 1.3510628938674927, 1.2555967569351196, 1.4050495624542236, 1.3232851028442383, 1.3866584300994873, 1.3119542598724365, 1.295069694519043, 1.3216384649276733, 1.1904352903366089, 1.2314934730529785, 1.2746226787567139, 1.3004415035247803, 1.4169654846191406, 1.215466022491455, 1.3680486679077148, 1.3172799348831177, 1.3508113622665405, 1.3024686574935913, 1.4315083026885986, 1.3825734853744507, 1.4026319980621338, 1.257230281829834]",sae,Pre-64
1,beta,2,3.0,0.4419681213812466,0.4306250660512843,0.4153000672878373,0.5,0.6028191218064636,0.6886562804284323,30,"[0, 1, 2, 3, 4, 5, 6, 7, 8, 9, 10, 11, 12, 13, 14, 15, 16, 17, 18, 19, 20, 21, 22, 23, 24, 25, 26, 27, 28, 29]","[1.1491129398345947, 1.1618432998657227, 1.1426033973693848, 1.191449761390686, 1.1310452222824097, 1.2005151510238647, 1.17189359664917, 1.1661605834960938, 1.12075674533844, 1.1253643035888672, 1.1488215923309326, 1.1343861818313599, 1.16419517993927, 1.20036780834198, 1.190604567527771, 1.1571122407913208, 1.179641604423523, 1.2343209981918335, 1.221923589706421, 1.2101647853851318, 1.1568256616592407, 1.1531498432159424, 1.1994770765304565, 1.1852316856384277, 1.1635690927505493, 1.1419733762741089, 1.1855614185333252, 1.1774711608886719, 1.0223711729049683, 1.220582127571106]",sae,Pre-64
1,beta,9,0.185,0.448644851968101,0.4348910401892977,0.4421534838583524,0.5,0.6286670530281078,0.6714503042596349,30,"[0, 1, 2, 3, 4, 5, 6, 7, 8, 9, 10, 11, 12, 13, 14, 15, 16, 17, 18, 19, 20, 21, 22, 23, 24, 25, 26, 27, 28, 29]","[1.3252404928207397, 1.2608450651168823, 1.3451849222183228, 1.322959065437317, 1.2625625133514404, 1.126827597618103, 1.3189845085144043, 1.243784785270691, 1.3232508897781372, 1.205176591873169, 1.3126832246780396, 1.2669657468795776, 1.2716827392578125, 1.3112196922302246, 1.3576304912567139, 1.2796803712844849, 1.2416048049926758, 1.3332115411758423, 1.344008445739746, 1.241046667098999, 1.3304637670516968, 1.3389430046081543, 1.2442142963409424, 1.329837441444397, 1.3453376293182373, 1.3292721509933472, 1.196592092514038, 1.1416462659835815, 1.2586017847061157, 1.3461499214172363]",sae,Pre-64
1,beta,31,0.18,0.4497611378811508,0.4308970333737342,0.4274322627316072,0.5,0.642735734520437,0.7085202636295311,30,"[0, 1, 2, 3, 4, 5, 6, 7, 8, 9, 10, 11, 12, 13, 14, 15, 16, 17, 18, 19, 20, 21, 22, 23, 24, 25, 26, 27, 28, 29]","[1.292824387550354, 1.275449514389038, 1.227477788925171, 1.2185895442962646, 1.2926950454711914, 1.3189113140106201, 1.2328444719314575, 1.294713020324707, 1.2756750583648682, 1.282124400138855, 1.280014991760254, 1.290050745010376, 1.3174599409103394, 1.159908652305603, 1.3344529867172241, 1.2748234272003174, 1.2821959257125854, 1.2661746740341187, 1.2838412523269653, 1.2431193590164185, 1.3376352787017822, 1.294642448425293, 1.3243842124938965, 1.3110623359680176, 1.282900094985962, 1.293169617652893, 1.2052966356277466, 1.3414852619171143, 1.2302062511444092, 1.3132728338241577]",sae,Pre-64
1,beta,13,1.0,0.4619123366083722,0.4531466051409948,0.4353358523040135,0.5,0.6127276801885291,0.7084227751366117,30,"[0, 1, 2, 3, 4, 5, 6, 7, 8, 9, 10, 11, 12, 13, 14, 15, 16, 17, 18, 19, 20, 21, 22, 23, 24, 25, 26, 27, 28, 29]","[1.2620290517807007, 1.0841492414474487, 1.2518304586410522, 1.2009828090667725, 1.1773443222045898, 1.2524205446243286, 1.1896860599517822, 1.205586552619934, 1.2011864185333252, 1.204891324043274, 1.2614386081695557, 1.189528465270996, 1.1975116729736328, 1.2220771312713623, 1.2205173969268799, 1.1578680276870728, 1.1433484554290771, 1.2188818454742432, 1.1746560335159302, 1.1710954904556274, 1.1613126993179321, 1.1272764205932617, 1.1385637521743774, 1.1813597679138184, 1.1625311374664307, 1.1538347005844116, 1.1776994466781616, 1.1675361394882202, 1.191448450088501, 1.2053452730178833]",sae,Pre-64
1,beta,36,5.0,0.4642138821845151,0.4576483090311837,0.4517316112185046,0.5,0.6031055233182893,0.6753925104988936,30,"[0, 1, 2, 3, 4, 5, 6, 7, 8, 9, 10, 11, 12, 13, 14, 15, 16, 17, 18, 19, 20, 21, 22, 23, 24, 25, 26, 27, 28, 29]","[1.1789084672927856, 1.1453419923782349, 1.1322602033615112, 1.1648893356323242, 1.0651395320892334, 1.1846054792404175, 1.141721487045288, 1.157162070274353, 1.1999086141586304, 1.0772851705551147, 1.1159154176712036, 1.2064303159713745, 1.127974510192871, 1.1429641246795654, 1.1640619039535522, 1.2071683406829834, 1.1763486862182617, 1.1451680660247803, 1.1947323083877563, 1.1258301734924316, 1.1810296773910522, 1.130793571472168, 1.1566245555877686, 1.1185775995254517, 1.1979726552963257, 1.140467643737793, 1.1513619422912598, 1.1503264904022217, 1.1800856590270996, 1.1112136840820312]",sae,Pre-64
1,beta,37,0.15,0.4546908257221888,0.444978337644671,0.4259700181712841,0.5,0.6058579085235571,0.7195938605279995,30,"[0, 1, 2, 3, 4, 5, 6, 7, 8, 9, 10, 11, 12, 13, 14, 15, 16, 17, 18, 19, 20, 21, 22, 23, 24, 25, 26, 27, 28, 29]","[1.2194193601608276, 1.2907986640930176, 1.2643438577651978, 1.2553132772445679, 1.1853188276290894, 1.2909302711486816, 1.2309743165969849, 1.3288798332214355, 1.3756790161132812, 1.2905265092849731, 1.2648239135742188, 1.2679224014282227, 1.3041809797286987, 1.2616194486618042, 1.3293341398239136, 1.2703230381011963, 1.2646721601486206, 1.3160374164581299, 1.2790664434432983, 1.2845698595046997, 1.2859691381454468, 1.2909626960754395, 1.335904598236084, 1.3104344606399536, 1.2807574272155762, 1.3186126947402954, 1.2740963697433472, 1.2889504432678223, 1.311624526977539, 1.3291575908660889]",sae,Pre-64
1,beta,0,10.0,0.4600628296558519,0.4487196928272481,0.4289513437437493,0.5,0.6146148452673732,0.7212500893551071,30,"[0, 1, 2, 3, 4, 5, 6, 7, 8, 9, 10, 11, 12, 13, 14, 15, 16, 17, 18, 19, 20, 21, 22, 23, 24, 25, 26, 27, 28, 29]","[1.1609565019607544, 1.205399990081787, 1.1734585762023926, 1.2161903381347656, 1.1425961256027222, 1.1842118501663208, 1.2070008516311646, 1.2379403114318848, 1.2223178148269653, 1.1959354877471924, 1.181226134300232, 1.1726235151290894, 1.2236276865005493, 1.2120070457458496, 1.218804955482483, 1.1687568426132202, 1.1801352500915527, 1.143155813217163, 1.0709192752838135, 1.2054029703140259, 1.1369202136993408, 1.1508759260177612, 1.2216984033584595, 1.1585367918014526, 1.1669466495513916, 1.1062743663787842, 1.2285964488983154, 1.136776089668274, 1.1998835802078247, 1.1328357458114624]",sae,Pre-64
1,beta,3,0.3,0.4557259332451328,0.444824285747971,0.4465846745863046,0.5,0.6042731979176,0.651748678265746,30,"[0, 1, 2, 3, 4, 5, 6, 7, 8, 9, 10, 11, 12, 13, 14, 15, 16, 17, 18, 19, 20, 21, 22, 23, 24, 25, 26, 27, 28, 29]","[1.2529433965682983, 1.2807869911193848, 1.2662665843963623, 1.1884876489639282, 1.2603286504745483, 1.2612032890319824, 1.2487741708755493, 1.2794023752212524, 1.0719536542892456, 1.3165831565856934, 1.201662302017212, 1.3089234828948975, 1.248854637145996, 1.1938968896865845, 1.3206743001937866, 1.258716106414795, 1.2617548704147339, 1.270474910736084, 1.2033551931381226, 1.2214938402175903, 1.16456139087677, 1.2385092973709106, 1.225054383277893, 1.3295327425003052, 1.2969410419464111, 1.2446269989013672, 1.255529522895813, 1.2389509677886963, 1.2974491119384766, 1.2355806827545166]",sae,Pre-64
1,beta,37,0.185,0.4546908257221888,0.444978337644671,0.4259700181712841,0.5,0.6058579085235571,0.7195923516133316,30,"[0, 1, 2, 3, 4, 5, 6, 7, 8, 9, 10, 11, 12, 13, 14, 15, 16, 17, 18, 19, 20, 21, 22, 23, 24, 25, 26, 27, 28, 29]","[1.2189074754714966, 1.290287733078003, 1.2638312578201294, 1.2548032999038696, 1.1848069429397583, 1.2904202938079834, 1.2304636240005493, 1.3283674716949463, 1.3751699924468994, 1.2900148630142212, 1.2643128633499146, 1.2674106359481812, 1.3036707639694214, 1.261108636856079, 1.3288236856460571, 1.2698112726211548, 1.2641607522964478, 1.3155279159545898, 1.2785545587539673, 1.2840588092803955, 1.2854582071304321, 1.2904525995254517, 1.3353948593139648, 1.309923768043518, 1.2802470922470093, 1.318103551864624, 1.2735849618911743, 1.2884407043457031, 1.3111144304275513, 1.3286468982696533]",sae,Pre-64
1,beta,31,0.3,0.4497611378811508,0.4308970333737342,0.4251131012431087,0.5,0.642735734520437,0.7068234375903335,30,"[0, 1, 2, 3, 4, 5, 6, 7, 8, 9, 10, 11, 12, 13, 14, 15, 16, 17, 18, 19, 20, 21, 22, 23, 24, 25, 26, 27, 28, 29]","[1.1868829727172852, 1.1684132814407349, 1.1411691904067993, 1.1192221641540527, 1.1979950666427612, 1.2012416124343872, 1.1268763542175293, 1.1949924230575562, 1.1851063966751099, 1.1678438186645508, 1.1846915483474731, 1.1878143548965454, 1.2181352376937866, 1.073760986328125, 1.2400416135787964, 1.1805418729782104, 1.1810487508773804, 1.162557601928711, 1.1839708089828491, 1.1404868364334106, 1.2300362586975098, 1.1923527717590332, 1.2170655727386475, 1.2127258777618408, 1.1911245584487915, 1.1909171342849731, 1.1074947118759155, 1.2370617389678955, 1.1450209617614746, 1.2102415561676025]",sae,Pre-64
1,beta,35,0.75,0.4566193215888805,0.4379483378046387,0.4261133666046514,0.5,0.637290178651746,0.711674432830182,30,"[0, 1, 2, 3, 4, 5, 6, 7, 8, 9, 10, 11, 12, 13, 14, 15, 16, 17, 18, 19, 20, 21, 22, 23, 24, 25, 26, 27, 28, 29]","[1.1419644355773926, 1.1713181734085083, 1.240107536315918, 1.195743441581726, 1.1811882257461548, 1.1707707643508911, 1.1092125177383423, 1.2573636770248413, 1.2576355934143066, 1.1896233558654785, 1.2206906080245972, 1.1313600540161133, 1.1883442401885986, 1.0861045122146606, 1.169890284538269, 1.1350536346435547, 1.2416034936904907, 1.1306434869766235, 1.220120906829834, 1.109336495399475, 1.1400814056396484, 1.1308884620666504, 1.1600199937820435, 1.0872516632080078, 1.1515733003616333, 1.1778661012649536, 1.1567775011062622, 1.2329468727111816, 1.2157437801361084, 1.209161400794983]",sae,Pre-64
1,beta,25,0.175,0.4465066892532915,0.4352791138475453,0.438884604719166,0.5,0.6270054355300688,0.6628237249825094,30,"[0, 1, 2, 3, 4, 5, 6, 7, 8, 9, 10, 11, 12, 13, 14, 15, 16, 17, 18, 19, 20, 21, 22, 23, 24, 25, 26, 27, 28, 29]","[1.3723658323287964, 1.3831052780151367, 1.2816766500473022, 1.4059562683105469, 1.4019782543182373, 1.3919994831085205, 1.2786649465560913, 1.302439570426941, 1.3495885133743286, 1.2541345357894897, 1.4035823345184326, 1.3218209743499756, 1.3851886987686157, 1.3104872703552246, 1.293595552444458, 1.3201689720153809, 1.1889772415161133, 1.2300195693969727, 1.2731443643569946, 1.2989610433578491, 1.4154942035675049, 1.2140041589736938, 1.3665803670883179, 1.3158034086227417, 1.3493390083312988, 1.301000714302063, 1.4300411939620972, 1.3811028003692627, 1.401159644126892, 1.2557607889175415]",sae,Pre-64
1,beta,14,10.0,0.4467366851483266,0.4421697276018216,0.4180957030964876,0.5,0.5934222168898753,0.7004071746726857,30,"[0, 1, 2, 3, 4, 5, 6, 7, 8, 9, 10, 11, 12, 13, 14, 15, 16, 17, 18, 19, 20, 21, 22, 23, 24, 25, 26, 27, 28, 29]","[1.1700234413146973, 1.0681921243667603, 1.1210544109344482, 1.148490071296692, 1.1765847206115723, 1.143620252609253, 1.1391699314117432, 1.1990078687667847, 1.1443272829055786, 1.177550196647644, 1.0939750671386719, 1.0375179052352905, 1.0638422966003418, 1.1846389770507812, 1.1842373609542847, 1.1451287269592285, 1.202758550643921, 1.1907190084457397, 1.1267846822738647, 1.1308374404907227, 1.1608028411865234, 1.1382582187652588, 1.1897944211959839, 1.1014028787612915, 1.1924012899398804, 1.182306170463562, 1.1216769218444824, 1.1922364234924316, 1.183416485786438, 1.0683033466339111]",sae,Pre-64
1,beta,16,3.0,0.4519396108125126,0.4401978349795346,0.4231661007752052,0.5,0.6159012314439947,0.7157482046462309,30,"[0, 1, 2, 3, 4, 5, 6, 7, 8, 9, 10, 11, 12, 13, 14, 15, 16, 17, 18, 19, 20, 21, 22, 23, 24, 25, 26, 27, 28, 29]","[1.155144453048706, 1.1337980031967163, 1.1233099699020386, 1.1950212717056274, 1.1797491312026978, 1.1431095600128174, 1.194365382194519, 1.1770823001861572, 1.1407045125961304, 1.1889445781707764, 1.1803953647613525, 1.1736708879470825, 1.1382813453674316, 1.1618629693984985, 1.068888545036316, 1.121972918510437, 1.2042245864868164, 1.0445743799209595, 1.1478757858276367, 1.1736332178115845, 1.2176194190979004, 1.1968461275100708, 1.194488763809204, 1.1921454668045044, 1.079857349395752, 1.1655960083007812, 1.083346962928772, 1.1446884870529175, 1.1000053882598877, 1.1300923824310303]",sae,Pre-64
1,beta,19,1.5,0.4469965829377276,0.435497383761294,0.4093448605981385,0.5,0.6104665954706788,0.7106605521877061,30,"[0, 1, 2, 3, 4, 5, 6, 7, 8, 9, 10, 11, 12, 13, 14, 15, 16, 17, 18, 19, 20, 21, 22, 23, 24, 25, 26, 27, 28, 29]","[1.1908780336380005, 1.1948882341384888, 1.261419415473938, 1.2143750190734863, 1.1074068546295166, 1.138035535812378, 1.1818253993988037, 1.2405482530593872, 1.1682370901107788, 1.2502057552337646, 1.23455810546875, 1.2729377746582031, 1.1755164861679077, 1.1892448663711548, 1.0957870483398438, 1.117355465888977, 1.255409598350525, 1.2807034254074097, 1.139570951461792, 1.1753686666488647, 1.285911202430725, 1.180781364440918, 1.1631584167480469, 1.175125002861023, 1.172812819480896, 1.2548409700393677, 1.2710891962051392, 1.194553017616272, 1.1372811794281006, 1.1591088771820068]",sae,Pre-64
1,beta,27,0.165,0.4609757262074365,0.4537266978541116,0.4543084770420211,0.5,0.5914172664146189,0.6586958524901976,30,"[0, 1, 2, 3, 4, 5, 6, 7, 8, 9, 10, 11, 12, 13, 14, 15, 16, 17, 18, 19, 20, 21, 22, 23, 24, 25, 26, 27, 28, 29]","[1.3051660060882568, 1.345937967300415, 1.307579755783081, 1.290205717086792, 1.3330461978912354, 1.2539682388305664, 1.3438465595245361, 1.227552056312561, 1.2910919189453125, 1.283055305480957, 1.243247151374817, 1.3460620641708374, 1.2838422060012817, 1.2502864599227905, 1.2882295846939087, 1.2152259349822998, 1.259411096572876, 1.3147451877593994, 1.279410719871521, 1.2685003280639648, 1.348690152168274, 1.3256665468215942, 1.248767375946045, 1.2016615867614746, 1.2810122966766357, 1.348441243171692, 1.2641706466674805, 1.3144288063049316, 1.21974778175354, 1.2925299406051636]",sae,Pre-64
1,beta,43,0.19,0.4515364523902173,0.4432102910589974,0.4339884430757311,0.5,0.6060785767234989,0.6985277983691623,30,"[0, 1, 2, 3, 4, 5, 6, 7, 8, 9, 10, 11, 12, 13, 14, 15, 16, 17, 18, 19, 20, 21, 22, 23, 24, 25, 26, 27, 28, 29]","[1.3254525661468506, 1.4132949113845825, 1.3443368673324585, 1.2807625532150269, 1.319512963294983, 1.2537745237350464, 1.2971768379211426, 1.2764662504196167, 1.3768690824508667, 1.275917649269104, 1.238012433052063, 1.3835391998291016, 1.3279625177383423, 1.277753233909607, 1.274659514427185, 1.1851849555969238, 1.3640508651733398, 1.29072904586792, 1.3620946407318115, 1.3477911949157715, 1.2743592262268066, 1.2751729488372803, 1.3709362745285034, 1.3469715118408203, 1.243982195854187, 1.3597346544265747, 1.3877573013305664, 1.2836589813232422, 1.3599941730499268, 1.3960492610931396]",sae,Pre-64
1,beta,47,1.5,0.4460371044958436,0.4257646434940195,0.4027726748114001,0.5,0.6434257056516428,0.7291872950556163,30,"[0, 1, 2, 3, 4, 5, 6, 7, 8, 9, 10, 11, 12, 13, 14, 15, 16, 17, 18, 19, 20, 21, 22, 23, 24, 25, 26, 27, 28, 29]","[1.2948559522628784, 1.148354411125183, 1.1743416786193848, 1.1649647951126099, 1.246188759803772, 1.2814688682556152, 1.2447621822357178, 1.2164852619171143, 1.2303695678710938, 1.1912521123886108, 1.1916992664337158, 1.1139793395996094, 1.1724560260772705, 1.2962146997451782, 1.1174935102462769, 1.2390276193618774, 1.1683082580566406, 1.2478612661361694, 1.090547800064087, 1.1480519771575928, 1.1796824932098389, 1.2337864637374878, 1.2272014617919922, 1.1476048231124878, 1.2347866296768188, 1.1138331890106201, 1.1005412340164185, 1.2123545408248901, 1.1655439138412476, 1.21992826461792]",sae,Pre-64
1,beta,8,5.0,0.4517491928182039,0.4406431065890545,0.4288160503714739,0.5,0.6098144493254953,0.6772260068051754,30,"[0, 1, 2, 3, 4, 5, 6, 7, 8, 9, 10, 11, 12, 13, 14, 15, 16, 17, 18, 19, 20, 21, 22, 23, 24, 25, 26, 27, 28, 29]","[1.1187007427215576, 1.218583345413208, 1.1729588508605957, 1.1930103302001953, 1.2442059516906738, 1.182166576385498, 1.2270926237106323, 1.164693832397461, 1.2057322263717651, 1.212062120437622, 1.2319320440292358, 1.18947172164917, 1.188055396080017, 1.2018784284591675, 1.2228853702545166, 1.1608076095581055, 1.179728627204895, 1.1950958967208862, 1.1249150037765503, 1.1465964317321777, 1.1464855670928955, 1.1299797296524048, 1.2297531366348267, 1.1591399908065796, 1.2222727537155151, 1.227508783340454, 1.1398975849151611, 1.22318696975708, 1.2009252309799194, 1.166541337966919]",sae,Pre-64
1,beta,44,3.0,0.4469012312759677,0.43811650775401,0.4400650172530675,0.5,0.5982762074796864,0.6190848668045466,30,"[0, 1, 2, 3, 4, 5, 6, 7, 8, 9, 10, 11, 12, 13, 14, 15, 16, 17, 18, 19, 20, 21, 22, 23, 24, 25, 26, 27, 28, 29]","[1.188148856163025, 1.2002507448196411, 1.1204805374145508, 1.1610747575759888, 1.1904850006103516, 1.2366626262664795, 1.1955641508102417, 1.144327998161316, 1.206619143486023, 1.2314187288284302, 1.1892151832580566, 1.1514842510223389, 1.187224268913269, 1.1622644662857056, 1.248563528060913, 1.2472829818725586, 1.1387724876403809, 1.0304396152496338, 1.2001614570617676, 1.1816792488098145, 1.1582975387573242, 1.1419570446014404, 1.1716670989990234, 1.1951204538345337, 1.2422082424163818, 1.1315513849258423, 1.152037262916565, 1.1923751831054688, 1.1700479984283447, 1.2005369663238525]",sae,Pre-64
1,beta,12,0.25,0.4455148672091349,0.4361346773072694,0.4067994034030875,0.5,0.5892778403611032,0.732179722690948,30,"[0, 1, 2, 3, 4, 5, 6, 7, 8, 9, 10, 11, 12, 13, 14, 15, 16, 17, 18, 19, 20, 21, 22, 23, 24, 25, 26, 27, 28, 29]","[1.1510069370269775, 1.238104224205017, 1.1669384241104126, 1.0727007389068604, 1.2094347476959229, 1.160822868347168, 1.1686755418777466, 1.231000304222107, 1.250001072883606, 1.1482594013214111, 1.1463829278945923, 1.2851383686065674, 1.1506091356277466, 1.2207391262054443, 1.1269334554672241, 1.2875975370407104, 1.111490249633789, 1.2468537092208862, 1.1965770721435547, 1.2625105381011963, 1.2613308429718018, 1.1978631019592285, 1.1764955520629883, 1.2832802534103394, 1.261273980140686, 1.1248352527618408, 1.2639222145080566, 1.2385042905807495, 1.1889654397964478, 1.2939741611480713]",sae,Pre-64
1,beta,20,0.195,0.4408022875601419,0.4262939306313442,0.4300121814643547,0.5,0.6176087118064704,0.6484236196961406,30,"[0, 1, 2, 3, 4, 5, 6, 7, 8, 9, 10, 11, 12, 13, 14, 15, 16, 17, 18, 19, 20, 21, 22, 23, 24, 25, 26, 27, 28, 29]","[1.249616026878357, 1.3250133991241455, 1.2708731889724731, 1.3525596857070923, 1.3280588388442993, 1.313642978668213, 1.3205790519714355, 1.249804139137268, 1.318371057510376, 1.2658590078353882, 1.2718478441238403, 1.2614405155181885, 1.3564306497573853, 1.2228416204452515, 1.2534003257751465, 1.3554083108901978, 1.2389068603515625, 1.2562811374664307, 1.2974581718444824, 1.2918140888214111, 1.3000849485397339, 1.2269316911697388, 1.3184705972671509, 1.3656346797943115, 1.322510004043579, 1.2379772663116455, 1.2653021812438965, 1.3016397953033447, 1.2518714666366577, 1.3465194702148438]",sae,Pre-64
1,beta,22,5.0,0.4519005213187685,0.4442985770479847,0.4300111418766513,0.5,0.5939599289403404,0.6815271356133603,30,"[0, 1, 2, 3, 4, 5, 6, 7, 8, 9, 10, 11, 12, 13, 14, 15, 16, 17, 18, 19, 20, 21, 22, 23, 24, 25, 26, 27, 28, 29]","[1.1179190874099731, 1.168941855430603, 1.1830703020095825, 1.1668369770050049, 1.2358616590499878, 1.1766568422317505, 1.1327937841415405, 1.165419340133667, 1.125562310218811, 1.1434152126312256, 1.1285946369171143, 1.224861741065979, 1.1848485469818115, 1.2125139236450195, 1.133904218673706, 1.1921454668045044, 1.203025460243225, 1.2069814205169678, 1.1357468366622925, 1.1382958889007568, 1.198440432548523, 1.1977695226669312, 1.207923412322998, 1.1743204593658447, 1.1639965772628784, 1.2263959646224976, 1.1249594688415527, 1.1282567977905273, 1.2587064504623413, 1.1409783363342285]",sae,Pre-64
1,beta,42,10.0,0.4546678683050885,0.4407690563496341,0.433933897885593,0.5,0.6336081445133979,0.6603511208928656,30,"[0, 1, 2, 3, 4, 5, 6, 7, 8, 9, 10, 11, 12, 13, 14, 15, 16, 17, 18, 19, 20, 21, 22, 23, 24, 25, 26, 27, 28, 29]","[1.2767118215560913, 1.1509020328521729, 1.2741888761520386, 1.2517021894454956, 1.16533625125885, 1.2553739547729492, 1.1647206544876099, 1.148014783859253, 1.1693377494812012, 1.2613091468811035, 1.2386943101882935, 1.2795376777648926, 1.1614588499069214, 1.0049147605895996, 1.2809103727340698, 1.1924101114273071, 1.141250491142273, 1.1302461624145508, 1.240049958229065, 1.2147595882415771, 1.1706880331039429, 1.1570767164230347, 1.171014428138733, 1.1616032123565674, 1.189007043838501, 1.1533206701278687, 1.2752232551574707, 1.16252863407135, 1.2145106792449951, 1.1530125141143799]",sae,Pre-64
1,beta,15,0.19,0.4529015220185267,0.4424399871594601,0.4303015223136869,0.5,0.6161071485640408,0.7104388500704543,30,"[0, 1, 2, 3, 4, 5, 6, 7, 8, 9, 10, 11, 12, 13, 14, 15, 16, 17, 18, 19, 20, 21, 22, 23, 24, 25, 26, 27, 28, 29]","[1.2300355434417725, 1.184790015220642, 1.219032645225525, 1.2413394451141357, 1.2628616094589233, 1.215035080909729, 1.2049400806427002, 1.2270138263702393, 1.261109709739685, 1.278417944908142, 1.249644160270691, 1.1828230619430542, 1.3099952936172485, 1.2767362594604492, 1.1983366012573242, 1.2441819906234741, 1.2040879726409912, 1.2919694185256958, 1.179931402206421, 1.2535803318023682, 1.3100239038467407, 1.283897042274475, 1.2269532680511475, 1.2569751739501953, 1.19258713722229, 1.109095811843872, 1.2686712741851807, 1.3170292377471924, 1.2299331426620483, 1.2435131072998047]",sae,Pre-64
1,beta,1,0.22,0.4560357198099471,0.4497423189216591,0.44371708962808,0.5,0.5964054457666336,0.6809407021768901,30,"[0, 1, 2, 3, 4, 5, 6, 7, 8, 9, 10, 11, 12, 13, 14, 15, 16, 17, 18, 19, 20, 21, 22, 23, 24, 25, 26, 27, 28, 29]","[1.3022596836090088, 1.2233219146728516, 1.258302927017212, 1.1665315628051758, 1.2353901863098145, 1.1882753372192383, 1.1751775741577148, 1.2506035566329956, 1.1780078411102295, 1.210301399230957, 1.2098593711853027, 1.245625615119934, 1.2998820543289185, 1.190757155418396, 1.2936604022979736, 1.1284688711166382, 1.152358889579773, 1.2116820812225342, 1.2771402597427368, 1.3098151683807373, 1.2979432344436646, 1.2629013061523438, 1.2399502992630005, 1.2208008766174316, 1.181803584098816, 1.199987530708313, 1.2139866352081299, 1.2258436679840088, 1.3078058958053589, 1.223752498626709]",sae,Pre-64
1,beta,25,2.0,0.4465066892532915,0.4352791138475453,0.4307598258396122,0.5,0.6270054355300688,0.6623169470140464,30,"[0, 1, 2, 3, 4, 5, 6, 7, 8, 9, 10, 11, 12, 13, 14, 15, 16, 17, 18, 19, 20, 21, 22, 23, 24, 25, 26, 27, 28, 29]","[1.2349497079849243, 1.2300689220428467, 1.1594949960708618, 1.2379430532455444, 1.2391033172607422, 1.2348957061767578, 1.1245805025100708, 1.155241847038269, 1.2080327272415161, 1.1094435453414917, 1.245295763015747, 1.160856008529663, 1.2375980615615845, 1.172969102859497, 1.15664803981781, 1.1831228733062744, 1.0464048385620117, 1.1029119491577148, 1.1445536613464355, 1.177851676940918, 1.2662200927734375, 1.0758339166641235, 1.214041829109192, 1.1855113506317139, 1.210127353668213, 1.1676115989685059, 1.270385980606079, 1.2399115562438965, 1.2544312477111816, 1.10956871509552]",sae,Pre-64
1,beta,34,0.23,0.4568527557813058,0.4470225010708758,0.4447429595323534,0.5,0.6011606799053854,0.6760851879409729,30,"[0, 1, 2, 3, 4, 5, 6, 7, 8, 9, 10, 11, 12, 13, 14, 15, 16, 17, 18, 19, 20, 21, 22, 23, 24, 25, 26, 27, 28, 29]","[1.1790040731430054, 1.2537970542907715, 1.2522287368774414, 1.2207350730895996, 1.1845595836639404, 1.181644320487976, 1.2130361795425415, 1.1185674667358398, 1.1681162118911743, 1.1960357427597046, 1.236048936843872, 1.0515798330307007, 1.2267577648162842, 1.1228927373886108, 1.1436567306518555, 1.1776365041732788, 1.2513728141784668, 1.2690074443817139, 1.2095730304718018, 1.1716351509094238, 1.211540699005127, 1.2705507278442383, 1.2090275287628174, 1.2097021341323853, 1.1852521896362305, 1.1289218664169312, 1.2839930057525635, 1.2700543403625488, 1.2672386169433594, 1.2279630899429321]",sae,Pre-64
1,beta,9,0.4,0.448644851968101,0.4348910401892977,0.4392129368840098,0.5,0.6286670530281078,0.6733236742973052,30,"[0, 1, 2, 3, 4, 5, 6, 7, 8, 9, 10, 11, 12, 13, 14, 15, 16, 17, 18, 19, 20, 21, 22, 23, 24, 25, 26, 27, 28, 29]","[1.2528600692749023, 1.1948821544647217, 1.2770030498504639, 1.2581801414489746, 1.1977726221084595, 1.0751241445541382, 1.2538965940475464, 1.1705189943313599, 1.2521275281906128, 1.143057107925415, 1.2492932081222534, 1.2029532194137573, 1.2075315713882446, 1.2479912042617798, 1.2879458665847778, 1.2223210334777832, 1.1759294271469116, 1.266880989074707, 1.2768359184265137, 1.178650975227356, 1.2620545625686646, 1.2728794813156128, 1.1838265657424927, 1.2607241868972778, 1.2807636260986328, 1.26418936252594, 1.1338227987289429, 1.0808967351913452, 1.197605848312378, 1.2734181880950928]",sae,Pre-64
1,beta,48,20.0,0.4556814132376,0.4510566266980289,0.4529181863460412,0.5,0.5923878577171784,0.5876994552846448,30,"[0, 1, 2, 3, 4, 5, 6, 7, 8, 9, 10, 11, 12, 13, 14, 15, 16, 17, 18, 19, 20, 21, 22, 23, 24, 25, 26, 27, 28, 29]","[1.314848780632019, 1.2628027200698853, 1.241004228591919, 1.2374732494354248, 1.2198200225830078, 1.1986083984375, 1.2501070499420166, 1.1745821237564087, 1.2252157926559448, 1.2332372665405273, 1.2725598812103271, 1.2326319217681885, 1.2322970628738403, 1.2276474237442017, 1.1980329751968384, 1.24959397315979, 1.2403693199157715, 1.2576123476028442, 1.2807153463363647, 1.1356396675109863, 1.2306994199752808, 1.2764241695404053, 1.2865550518035889, 1.136379361152649, 1.2335848808288574, 1.253692626953125, 1.2959669828414917, 1.2499793767929077, 1.2189946174621582, 1.252404808998108]",sae,Pre-64
1,beta,31,3.0,0.4497611378811508,0.4308970333737342,0.4224409616291539,0.5,0.642735734520437,0.7068234375903335,30,"[0, 1, 2, 3, 4, 5, 6, 7, 8, 9, 10, 11, 12, 13, 14, 15, 16, 17, 18, 19, 20, 21, 22, 23, 24, 25, 26, 27, 28, 29]","[1.1868829727172852, 1.1684132814407349, 1.1411691904067993, 1.1192221641540527, 1.1979950666427612, 1.2012416124343872, 1.1268763542175293, 1.1949924230575562, 1.1851063966751099, 1.1678438186645508, 1.1846915483474731, 1.1878143548965454, 1.2181352376937866, 1.073760986328125, 1.2400416135787964, 1.1805418729782104, 1.1810487508773804, 1.162557601928711, 1.1839708089828491, 1.1404868364334106, 1.2300362586975098, 1.1923527717590332, 1.2170655727386475, 1.2127258777618408, 1.1911245584487915, 1.1909171342849731, 1.1074947118759155, 1.2370617389678955, 1.1450209617614746, 1.2102415561676025]",sae,Pre-64
1,beta,11,0.175,0.4566976193509867,0.4496008864727478,0.4327245195943158,0.5,0.5995106990682213,0.710490120335253,30,"[0, 1, 2, 3, 4, 5, 6, 7, 8, 9, 10, 11, 12, 13, 14, 15, 16, 17, 18, 19, 20, 21, 22, 23, 24, 25, 26, 27, 28, 29]","[1.298125147819519, 1.1094344854354858, 1.258986234664917, 1.1935718059539795, 1.3318556547164917, 1.1936428546905518, 1.217625617980957, 1.1181371212005615, 1.3150969743728638, 1.3252837657928467, 1.3359521627426147, 1.3455469608306885, 1.348860740661621, 1.2580416202545166, 1.2349659204483032, 1.1976206302642822, 1.2743427753448486, 1.220113754272461, 1.2541531324386597, 1.2989422082901, 1.2802938222885132, 1.2919241189956665, 1.3297934532165527, 1.2593783140182495, 1.2602465152740479, 1.3101695775985718, 1.3211028575897217, 1.205810546875, 1.2521681785583496, 1.2335749864578247]",sae,Pre-64
1,beta,39,0.175,0.4461088087810431,0.4292341094433316,0.433207898676913,0.5,0.6205127278095635,0.6663970160675603,30,"[0, 1, 2, 3, 4, 5, 6, 7, 8, 9, 10, 11, 12, 13, 14, 15, 16, 17, 18, 19, 20, 21, 22, 23, 24, 25, 26, 27, 28, 29]","[1.2167710065841675, 1.2662227153778076, 1.2168992757797241, 1.191342830657959, 1.1658483743667603, 1.2374913692474365, 1.2048006057739258, 1.2446539402008057, 1.1871943473815918, 1.23088800907135, 1.2083133459091187, 1.1263118982315063, 1.233467698097229, 1.161275029182434, 1.230039119720459, 1.284427285194397, 1.2191072702407837, 1.2492257356643677, 1.174798846244812, 1.1100237369537354, 1.1900526285171509, 1.2503873109817505, 1.146174669265747, 1.1576859951019287, 1.2477449178695679, 1.232375144958496, 1.0786749124526978, 1.1811797618865967, 1.2901664972305298, 1.1894090175628662]",sae,Pre-64
1,beta,8,0.21,0.4517491928182039,0.4406431065890545,0.435087654693021,0.5,0.6098144493254953,0.6772224698117613,30,"[0, 1, 2, 3, 4, 5, 6, 7, 8, 9, 10, 11, 12, 13, 14, 15, 16, 17, 18, 19, 20, 21, 22, 23, 24, 25, 26, 27, 28, 29]","[1.151711344718933, 1.2513107061386108, 1.2040385007858276, 1.224414348602295, 1.2732232809066772, 1.2135409116744995, 1.2588787078857422, 1.1934272050857544, 1.2347055673599243, 1.2460345029830933, 1.2667914628982544, 1.2185962200164795, 1.218085527420044, 1.2344632148742676, 1.252205729484558, 1.1921411752700806, 1.2112982273101807, 1.2265740633010864, 1.1557930707931519, 1.1809978485107422, 1.1780041456222534, 1.160069465637207, 1.2591795921325684, 1.191346526145935, 1.2543078660964966, 1.2590054273605347, 1.1686792373657227, 1.2548127174377441, 1.22696053981781, 1.20082688331604]",sae,Pre-64
1,beta,6,20.0,0.4540822999211705,0.4457917896713532,0.4337696543426318,0.5,0.5933447799067053,0.6652910519198336,30,"[0, 1, 2, 3, 4, 5, 6, 7, 8, 9, 10, 11, 12, 13, 14, 15, 16, 17, 18, 19, 20, 21, 22, 23, 24, 25, 26, 27, 28, 29]","[1.2093437910079956, 1.2324018478393555, 1.1689670085906982, 1.2286028861999512, 1.1660292148590088, 1.1364821195602417, 1.1552339792251587, 1.210248351097107, 1.1588280200958252, 1.2276009321212769, 1.1634801626205444, 1.1048387289047241, 1.1711478233337402, 1.1197253465652466, 1.0116533041000366, 1.2269690036773682, 1.129739761352539, 1.1970460414886475, 1.1658244132995605, 1.1922228336334229, 1.1664220094680786, 1.1494638919830322, 1.2115159034729004, 1.2004733085632324, 1.147264838218689, 1.1653865575790405, 1.1267348527908325, 1.1380363702774048, 1.188260555267334, 1.2108981609344482]",sae,Pre-64
1,beta,49,0.195,0.462130925118617,0.4524487678230295,0.4462707482384424,0.5,0.6141152509743157,0.6820620275156126,30,"[0, 1, 2, 3, 4, 5, 6, 7, 8, 9, 10, 11, 12, 13, 14, 15, 16, 17, 18, 19, 20, 21, 22, 23, 24, 25, 26, 27, 28, 29]","[1.195617437362671, 1.2339807748794556, 1.2274796962738037, 1.2182024717330933, 1.15779447555542, 1.2040159702301025, 1.2636603116989136, 1.1616486310958862, 1.2683196067810059, 1.2436573505401611, 1.1828639507293701, 1.1839994192123413, 1.231283187866211, 1.2396011352539062, 1.2554283142089844, 1.2154181003570557, 1.3021358251571655, 1.2759013175964355, 1.1539520025253296, 1.2446454763412476, 1.2854361534118652, 1.2034398317337036, 1.2804017066955566, 1.239121437072754, 1.2064944505691528, 1.2346590757369995, 1.244972586631775, 1.2066348791122437, 1.1109970808029175, 1.1994080543518066]",sae,Pre-64
1,beta,45,0.18,0.4515599815008028,0.4347157609968581,0.4364821992720574,0.5,0.6289673345145609,0.6746020928929474,30,"[0, 1, 2, 3, 4, 5, 6, 7, 8, 9, 10, 11, 12, 13, 14, 15, 16, 17, 18, 19, 20, 21, 22, 23, 24, 25, 26, 27, 28, 29]","[1.266783595085144, 1.2543340921401978, 1.1693133115768433, 1.3038548231124878, 1.301589846611023, 1.1290373802185059, 1.3208342790603638, 1.2543410062789917, 1.208654761314392, 1.1548594236373901, 1.2344787120819092, 1.315502405166626, 1.2629339694976807, 1.1639134883880615, 1.2104369401931763, 1.237618088722229, 1.2191590070724487, 1.1073760986328125, 1.2454962730407715, 1.253886342048645, 1.2702490091323853, 1.1856675148010254, 1.2650444507598877, 1.1175445318222046, 1.10556960105896, 1.2950828075408936, 1.201682686805725, 1.2160923480987549, 1.1144503355026245, 1.3061869144439697]",sae,Pre-64
1,beta,28,10.0,0.4589844236982603,0.4495627040154577,0.4360387616152649,0.5,0.5987249917034086,0.6954499122931779,30,"[0, 1, 2, 3, 4, 5, 6, 7, 8, 9, 10, 11, 12, 13, 14, 15, 16, 17, 18, 19, 20, 21, 22, 23, 24, 25, 26, 27, 28, 29]","[1.1352343559265137, 1.0775038003921509, 1.0399432182312012, 1.2336927652359009, 1.179149866104126, 1.2072476148605347, 1.1323752403259277, 1.10542631149292, 1.2175010442733765, 1.2215855121612549, 1.176476240158081, 1.2057819366455078, 1.218854308128357, 1.2209949493408203, 1.1551659107208252, 1.1379764080047607, 1.1653257608413696, 1.2166705131530762, 1.183241605758667, 1.1995640993118286, 1.135400652885437, 1.153017282485962, 1.1304819583892822, 1.08482027053833, 1.1267801523208618, 1.205606460571289, 1.2566165924072266, 1.1601134538650513, 1.1428003311157227, 1.122060775756836]",sae,Pre-64
1,beta,4,50.0,0.4589558369307028,0.4477177462853796,0.4493181864938039,0.5,0.61034827708266,0.6615802514735983,30,"[0, 1, 2, 3, 4, 5, 6, 7, 8, 9, 10, 11, 12, 13, 14, 15, 16, 17, 18, 19, 20, 21, 22, 23, 24, 25, 26, 27, 28, 29]","[1.1777721643447876, 1.1554479598999023, 1.123734712600708, 1.2367613315582275, 1.1010112762451172, 1.1309430599212646, 1.145643711090088, 1.1165508031845093, 1.1993235349655151, 1.1947863101959229, 1.1990617513656616, 1.1123532056808472, 1.2366323471069336, 1.1637712717056274, 1.1139233112335205, 1.1837881803512573, 1.1833724975585938, 1.168279767036438, 1.1406776905059814, 1.2084177732467651, 1.1869065761566162, 1.2237598896026611, 1.1760855913162231, 1.0962145328521729, 1.1903668642044067, 1.1116077899932861, 1.1601639986038208, 1.1707360744476318, 1.2161426544189453, 1.1170037984848022]",sae,Pre-64
1,beta,42,0.22,0.4546678683050885,0.4407690563496341,0.4399447933155548,0.5,0.6336081445133979,0.6603511208928656,30,"[0, 1, 2, 3, 4, 5, 6, 7, 8, 9, 10, 11, 12, 13, 14, 15, 16, 17, 18, 19, 20, 21, 22, 23, 24, 25, 26, 27, 28, 29]","[1.2767118215560913, 1.1509020328521729, 1.2741888761520386, 1.2517021894454956, 1.16533625125885, 1.2553739547729492, 1.1647206544876099, 1.148014783859253, 1.1693377494812012, 1.2613091468811035, 1.2386943101882935, 1.2795376777648926, 1.1614588499069214, 1.0049147605895996, 1.2809103727340698, 1.1924101114273071, 1.141250491142273, 1.1302461624145508, 1.240049958229065, 1.2147595882415771, 1.1706880331039429, 1.1570767164230347, 1.171014428138733, 1.1616032123565674, 1.189007043838501, 1.1533206701278687, 1.2752232551574707, 1.16252863407135, 1.2145106792449951, 1.1530125141143799]",sae,Pre-64
1,beta,3,3.0,0.4557259332451328,0.444824285747971,0.4413189590698876,0.5,0.6042731979176,0.6513497732311597,30,"[0, 1, 2, 3, 4, 5, 6, 7, 8, 9, 10, 11, 12, 13, 14, 15, 16, 17, 18, 19, 20, 21, 22, 23, 24, 25, 26, 27, 28, 29]","[1.2173471450805664, 1.2437915802001953, 1.2303599119186401, 1.1470088958740234, 1.225160837173462, 1.2187906503677368, 1.2136988639831543, 1.2373769283294678, 1.0408121347427368, 1.2769273519515991, 1.1646583080291748, 1.2723538875579834, 1.2085832357406616, 1.1533737182617188, 1.2780166864395142, 1.220745325088501, 1.2246323823928833, 1.232620120048523, 1.1631330251693726, 1.1876789331436157, 1.1246399879455566, 1.1998945474624634, 1.1904420852661133, 1.2890866994857788, 1.2598119974136353, 1.2086460590362549, 1.220794439315796, 1.200886607170105, 1.255966067314148, 1.1892025470733643]",sae,Pre-64
1,beta,1,0.19,0.4560357198099471,0.4497423189216591,0.4443458304509093,0.5,0.5964054457666336,0.6820371157387732,30,"[0, 1, 2, 3, 4, 5, 6, 7, 8, 9, 10, 11, 12, 13, 14, 15, 16, 17, 18, 19, 20, 21, 22, 23, 24, 25, 26, 27, 28, 29]","[1.4058548212051392, 1.3065519332885742, 1.359483242034912, 1.2464828491210938, 1.3421896696090698, 1.2692630290985107, 1.2771944999694824, 1.3440954685211182, 1.2504253387451172, 1.3064002990722656, 1.3050872087478638, 1.3479455709457397, 1.3987641334533691, 1.275739073753357, 1.3961403369903564, 1.227769136428833, 1.2510210275650024, 1.3053144216537476, 1.3762379884719849, 1.4066883325576782, 1.3953660726547241, 1.3560642004013062, 1.3305007219314575, 1.3009296655654907, 1.2682398557662964, 1.2920246124267578, 1.3204795122146606, 1.3256633281707764, 1.4079923629760742, 1.3303706645965576]",sae,Pre-64
1,beta,26,30.0,0.4502231978181314,0.4442488029476733,0.4383860539265568,0.5,0.5832450787939482,0.6475593742568525,30,"[0, 1, 2, 3, 4, 5, 6, 7, 8, 9, 10, 11, 12, 13, 14, 15, 16, 17, 18, 19, 20, 21, 22, 23, 24, 25, 26, 27, 28, 29]","[1.1555442810058594, 1.2041875123977661, 1.299892783164978, 1.115403652191162, 1.1977704763412476, 1.2426538467407227, 1.2137271165847778, 1.1166235208511353, 1.202622890472412, 1.1893163919448853, 1.098173975944519, 1.2942622900009155, 1.250457763671875, 1.2013744115829468, 1.2439463138580322, 1.1272211074829102, 1.1953763961791992, 1.1167938709259033, 1.2241944074630737, 1.2015106678009033, 1.1450039148330688, 1.2828484773635864, 1.2133245468139648, 1.2307840585708618, 1.2933491468429565, 1.3005832433700562, 1.1806293725967407, 1.226503849029541, 1.0538688898086548, 1.1579833030700684]",sae,Pre-64
1,beta,38,75.0,0.4455661720406026,0.4298851252298221,0.430590426492465,0.5,0.6303640517897944,0.6635567402894135,30,"[0, 1, 2, 3, 4, 5, 6, 7, 8, 9, 10, 11, 12, 13, 14, 15, 16, 17, 18, 19, 20, 21, 22, 23, 24, 25, 26, 27, 28, 29]","[1.1721346378326416, 1.1665115356445312, 1.1951327323913574, 1.2084224224090576, 1.1932506561279297, 1.0943678617477417, 1.22554349899292, 1.190416932106018, 1.0534244775772095, 1.212303638458252, 1.196964144706726, 1.1929432153701782, 1.2093898057937622, 1.185971736907959, 1.2129939794540405, 1.1697133779525757, 1.1856392621994019, 1.237824559211731, 1.137427806854248, 1.2083672285079956, 1.1895427703857422, 1.2017890214920044, 1.2302438020706177, 1.1494355201721191, 1.191596269607544, 1.2291513681411743, 1.1410502195358276, 1.2461069822311401, 1.175614595413208, 1.249431848526001]",sae,Pre-64
1,beta,14,0.22,0.4467366851483266,0.4421697276018216,0.4269936475169583,0.5,0.5934222168898753,0.7000374930637833,30,"[0, 1, 2, 3, 4, 5, 6, 7, 8, 9, 10, 11, 12, 13, 14, 15, 16, 17, 18, 19, 20, 21, 22, 23, 24, 25, 26, 27, 28, 29]","[1.2400518655776978, 1.135688304901123, 1.1916892528533936, 1.2202509641647339, 1.2505038976669312, 1.2156896591186523, 1.2011905908584595, 1.272885799407959, 1.2167327404022217, 1.2540829181671143, 1.1645610332489014, 1.1075307130813599, 1.1355003118515015, 1.2604366540908813, 1.2618073225021362, 1.2176287174224854, 1.2777099609375, 1.2701038122177124, 1.1954097747802734, 1.2068567276000977, 1.2328970432281494, 1.2120311260223389, 1.2657825946807861, 1.171194314956665, 1.271517038345337, 1.2641339302062988, 1.1983493566513062, 1.2700510025024414, 1.256608486175537, 1.1404709815979004]",sae,Pre-64
1,beta,37,0.4,0.4546908257221888,0.444978337644671,0.4248521975553931,0.5,0.6058579085235571,0.7202592918965247,30,"[0, 1, 2, 3, 4, 5, 6, 7, 8, 9, 10, 11, 12, 13, 14, 15, 16, 17, 18, 19, 20, 21, 22, 23, 24, 25, 26, 27, 28, 29]","[1.1383056640625, 1.213341236114502, 1.177707552909851, 1.16965913772583, 1.1041587591171265, 1.2045390605926514, 1.1453032493591309, 1.249243140220642, 1.2818135023117065, 1.2036993503570557, 1.1849234104156494, 1.1868669986724854, 1.214905858039856, 1.1719192266464233, 1.2408273220062256, 1.1888898611068726, 1.1841654777526855, 1.2297459840774536, 1.199540138244629, 1.1944150924682617, 1.1982941627502441, 1.2023546695709229, 1.2497965097427368, 1.2272303104400635, 1.1954416036605835, 1.2279680967330933, 1.1945136785507202, 1.198485016822815, 1.2278281450271606, 1.2478563785552979]",sae,Pre-64
1,beta,29,0.22,0.4558655961502112,0.4409050416793991,0.4502803862780059,0.5,0.6296548282533407,0.6686513080500112,30,"[0, 1, 2, 3, 4, 5, 6, 7, 8, 9, 10, 11, 12, 13, 14, 15, 16, 17, 18, 19, 20, 21, 22, 23, 24, 25, 26, 27, 28, 29]","[1.216647982597351, 1.1617909669876099, 1.0457744598388672, 1.2598189115524292, 1.204204797744751, 1.1851222515106201, 1.2647616863250732, 1.1854794025421143, 1.250197172164917, 1.2580891847610474, 1.2110592126846313, 1.2469123601913452, 1.2537592649459839, 1.2579542398452759, 1.1948316097259521, 1.250489592552185, 1.1329236030578613, 1.1862586736679077, 1.1693109273910522, 1.217034101486206, 1.2724111080169678, 1.2783218622207642, 1.203658938407898, 1.2183310985565186, 1.208560585975647, 1.1537885665893555, 1.2185019254684448, 1.2634670734405518, 1.3129887580871582, 1.1892989873886108]",sae,Pre-64
1,beta,33,0.17,0.4492211383258522,0.4377959816952598,0.4223402424961981,0.5,0.6165210074526608,0.6954138560095032,30,"[0, 1, 2, 3, 4, 5, 6, 7, 8, 9, 10, 11, 12, 13, 14, 15, 16, 17, 18, 19, 20, 21, 22, 23, 24, 25, 26, 27, 28, 29]","[1.1849273443222046, 1.2562428712844849, 1.2136778831481934, 1.194433331489563, 1.149998426437378, 1.2687307596206665, 1.1574212312698364, 1.2470797300338745, 1.2527871131896973, 1.2536271810531616, 1.1950736045837402, 1.2495068311691284, 1.1756917238235474, 1.1588196754455566, 1.1325362920761108, 1.2413465976715088, 1.1629266738891602, 1.1944456100463867, 1.2464298009872437, 1.2438013553619385, 1.1899774074554443, 1.159067153930664, 1.2561681270599365, 1.2361953258514404, 1.2687146663665771, 1.1437739133834839, 1.1919195652008057, 1.171987533569336, 1.145799160003662, 1.191154956817627]",sae,Pre-64
1,beta,46,0.3,0.4545712902572906,0.4417269056853911,0.4450798430768721,0.5,0.6270377926330811,0.6841223609382507,30,"[0, 1, 2, 3, 4, 5, 6, 7, 8, 9, 10, 11, 12, 13, 14, 15, 16, 17, 18, 19, 20, 21, 22, 23, 24, 25, 26, 27, 28, 29]","[1.1605839729309082, 1.2325963973999023, 1.2481722831726074, 1.249533772468567, 1.1887978315353394, 1.2818208932876587, 1.1905152797698975, 1.2588187456130981, 1.227943778038025, 1.2995549440383911, 1.0653156042099, 1.1619406938552856, 1.3013006448745728, 1.1704630851745605, 1.2270970344543457, 1.2811660766601562, 1.2396571636199951, 1.2584072351455688, 1.2591217756271362, 1.277535080909729, 1.2051252126693726, 1.2233694791793823, 1.2517229318618774, 1.2378768920898438, 1.2598581314086914, 1.2671061754226685, 1.2359105348587036, 1.2851537466049194, 1.2299818992614746, 1.2298767566680908]",sae,Pre-64
1,beta,18,0.3,0.4575117633693479,0.4471831599677374,0.4182839141236465,0.5,0.6052065040104606,0.7279783219994782,30,"[0, 1, 2, 3, 4, 5, 6, 7, 8, 9, 10, 11, 12, 13, 14, 15, 16, 17, 18, 19, 20, 21, 22, 23, 24, 25, 26, 27, 28, 29]","[1.08156156539917, 1.1808451414108276, 1.2274887561798096, 1.1775970458984375, 1.1839946508407593, 1.1783868074417114, 1.302558422088623, 1.1474957466125488, 1.2003755569458008, 1.1137614250183105, 1.279771089553833, 1.1947054862976074, 1.217077374458313, 1.243087649345398, 1.1674503087997437, 1.1044795513153076, 1.2428091764450073, 1.1572407484054565, 1.1403177976608276, 1.0754040479660034, 1.2844663858413696, 1.1361045837402344, 1.2445805072784424, 1.2017990350723267, 1.1962649822235107, 1.1700507402420044, 1.2117968797683716, 1.2385376691818237, 1.2291908264160156, 1.181313395500183]",sae,Pre-64
1,beta,37,5.0,0.4546908257221888,0.444978337644671,0.4248521975553931,0.5,0.6058579085235571,0.7202592918965247,30,"[0, 1, 2, 3, 4, 5, 6, 7, 8, 9, 10, 11, 12, 13, 14, 15, 16, 17, 18, 19, 20, 21, 22, 23, 24, 25, 26, 27, 28, 29]","[1.1383056640625, 1.213341236114502, 1.177707552909851, 1.16965913772583, 1.1041587591171265, 1.2045390605926514, 1.1453032493591309, 1.249243140220642, 1.2818135023117065, 1.2036993503570557, 1.1849234104156494, 1.1868669986724854, 1.214905858039856, 1.1719192266464233, 1.2408273220062256, 1.1888898611068726, 1.1841654777526855, 1.2297459840774536, 1.199540138244629, 1.1944150924682617, 1.1982941627502441, 1.2023546695709229, 1.2497965097427368, 1.2272303104400635, 1.1954416036605835, 1.2279680967330933, 1.1945136785507202, 1.198485016822815, 1.2278281450271606, 1.2478563785552979]",sae,Pre-64
1,beta,20,20.0,0.4408022875601419,0.4262939306313442,0.4229694052480829,0.5,0.6176087118064704,0.6488779225692263,30,"[0, 1, 2, 3, 4, 5, 6, 7, 8, 9, 10, 11, 12, 13, 14, 15, 16, 17, 18, 19, 20, 21, 22, 23, 24, 25, 26, 27, 28, 29]","[1.1888443231582642, 1.2588075399398804, 1.2090791463851929, 1.276505947113037, 1.265021800994873, 1.2415491342544556, 1.253626823425293, 1.1762081384658813, 1.2560367584228516, 1.204184651374817, 1.1926451921463013, 1.1942633390426636, 1.285210132598877, 1.1553280353546143, 1.1849594116210938, 1.2904577255249023, 1.1613073348999023, 1.195784091949463, 1.2340788841247559, 1.2251707315444946, 1.236037015914917, 1.167548418045044, 1.2559117078781128, 1.2980648279190063, 1.249900221824646, 1.1806350946426392, 1.2032898664474487, 1.2339420318603516, 1.1950137615203857, 1.2724168300628662]",sae,Pre-64
1,beta,21,0.16,0.4504746503440228,0.4381370334360364,0.4349769318701341,0.5,0.6200058082774133,0.6869276684091498,30,"[0, 1, 2, 3, 4, 5, 6, 7, 8, 9, 10, 11, 12, 13, 14, 15, 16, 17, 18, 19, 20, 21, 22, 23, 24, 25, 26, 27, 28, 29]","[1.1804674863815308, 1.213011622428894, 1.3118140697479248, 1.3022568225860596, 1.2421913146972656, 1.258087158203125, 1.2122271060943604, 1.214028239250183, 1.2774966955184937, 1.2382137775421143, 1.3011393547058105, 1.2548631429672241, 1.1992117166519165, 1.2129403352737427, 1.2157258987426758, 1.208964467048645, 1.228522539138794, 1.2313274145126343, 1.1714178323745728, 1.3057215213775635, 1.18328857421875, 1.3058934211730957, 1.1796625852584839, 1.1756876707077026, 1.2411489486694336, 1.1755276918411255, 1.1188000440597534, 1.216628074645996, 1.2830406427383423, 1.2479194402694702]",sae,Pre-64
1,beta,15,10.0,0.4529015220185267,0.4424399871594601,0.424981845439913,0.5,0.6161071485640408,0.710238382312352,30,"[0, 1, 2, 3, 4, 5, 6, 7, 8, 9, 10, 11, 12, 13, 14, 15, 16, 17, 18, 19, 20, 21, 22, 23, 24, 25, 26, 27, 28, 29]","[1.17221999168396, 1.125728726387024, 1.1524420976638794, 1.18513822555542, 1.1932274103164673, 1.1606303453445435, 1.152201533317566, 1.1706732511520386, 1.198472023010254, 1.2162184715270996, 1.1902236938476562, 1.1268775463104248, 1.2425992488861084, 1.2129015922546387, 1.1411244869232178, 1.1768995523452759, 1.151627540588379, 1.2215334177017212, 1.1259431838989258, 1.195621132850647, 1.2451423406600952, 1.2243961095809937, 1.1661878824234009, 1.1994489431381226, 1.127516269683838, 1.0478888750076294, 1.2014273405075073, 1.2476288080215454, 1.165405511856079, 1.1883403062820435]",sae,Pre-64
1,beta,32,50.0,0.4555596844830426,0.4475674839123162,0.4463685380216361,0.5,0.5924839124839124,0.6273726788012502,30,"[0, 1, 2, 3, 4, 5, 6, 7, 8, 9, 10, 11, 12, 13, 14, 15, 16, 17, 18, 19, 20, 21, 22, 23, 24, 25, 26, 27, 28, 29]","[1.28597891330719, 1.1913915872573853, 1.2832305431365967, 1.218367338180542, 1.2208343744277954, 1.3007514476776123, 1.2324695587158203, 1.1970856189727783, 1.2136499881744385, 1.2141656875610352, 1.2057666778564453, 1.2006953954696655, 1.2301374673843384, 1.1585408449172974, 1.1468251943588257, 1.169873833656311, 1.1970511674880981, 1.2234464883804321, 1.1713792085647583, 1.2120120525360107, 1.2902600765228271, 1.2123761177062988, 1.170460820198059, 1.290606141090393, 1.2252774238586426, 1.167966604232788, 1.2753394842147827, 1.0860527753829956, 1.292422890663147, 1.2855812311172485]",sae,Pre-64
1,beta,28,0.19,0.4589844236982603,0.4495627040154577,0.4363597930098649,0.5,0.5987249917034086,0.6954499122931779,30,"[0, 1, 2, 3, 4, 5, 6, 7, 8, 9, 10, 11, 12, 13, 14, 15, 16, 17, 18, 19, 20, 21, 22, 23, 24, 25, 26, 27, 28, 29]","[1.1352343559265137, 1.0775038003921509, 1.0399432182312012, 1.2336927652359009, 1.179149866104126, 1.2072476148605347, 1.1323752403259277, 1.10542631149292, 1.2175010442733765, 1.2215855121612549, 1.176476240158081, 1.2057819366455078, 1.218854308128357, 1.2209949493408203, 1.1551659107208252, 1.1379764080047607, 1.1653257608413696, 1.2166705131530762, 1.183241605758667, 1.1995640993118286, 1.135400652885437, 1.153017282485962, 1.1304819583892822, 1.08482027053833, 1.1267801523208618, 1.205606460571289, 1.2566165924072266, 1.1601134538650513, 1.1428003311157227, 1.122060775756836]",sae,Pre-64
1,beta,10,75.0,0.4493907433353129,0.4390813823454372,0.4344056235297167,0.5,0.6232207829487961,0.6743909002834692,30,"[0, 1, 2, 3, 4, 5, 6, 7, 8, 9, 10, 11, 12, 13, 14, 15, 16, 17, 18, 19, 20, 21, 22, 23, 24, 25, 26, 27, 28, 29]","[1.1427899599075317, 1.068242073059082, 1.199394941329956, 1.158583641052246, 1.149035930633545, 1.1689698696136475, 1.2380726337432861, 1.1728394031524658, 1.0578781366348267, 1.1875046491622925, 1.1654369831085205, 1.1715285778045654, 1.1657956838607788, 1.1442753076553345, 1.2309560775756836, 1.1749398708343506, 1.1827489137649536, 1.12376070022583, 1.1349002122879028, 1.1247795820236206, 1.1484092473983765, 1.1541001796722412, 1.2148005962371826, 1.210876226425171, 1.1075263023376465, 1.1338322162628174, 1.1668912172317505, 1.1912418603897095, 1.1516903638839722, 1.169378399848938]",sae,Pre-64
1,beta,15,0.5,0.4529015220185267,0.4424399871594601,0.4270002082627657,0.5,0.6161071485640408,0.7104519240546783,30,"[0, 1, 2, 3, 4, 5, 6, 7, 8, 9, 10, 11, 12, 13, 14, 15, 16, 17, 18, 19, 20, 21, 22, 23, 24, 25, 26, 27, 28, 29]","[1.1927528381347656, 1.1442204713821411, 1.1761356592178345, 1.2072416543960571, 1.2166842222213745, 1.1792320013046265, 1.169392704963684, 1.191882610321045, 1.2219082117080688, 1.2390992641448975, 1.2103005647659302, 1.1446613073349, 1.2652522325515747, 1.2337433099746704, 1.1630711555480957, 1.2002860307693481, 1.1706041097640991, 1.2441624402999878, 1.1444239616394043, 1.2167497873306274, 1.2654812335968018, 1.2446043491363525, 1.1855978965759277, 1.2192107439041138, 1.1511216163635254, 1.0716787576675415, 1.2247217893600464, 1.2716538906097412, 1.1862764358520508, 1.2070765495300293]",sae,Pre-64
1,beta,9,5.0,0.448644851968101,0.4348910401892977,0.4312015907096362,0.5,0.6286670530281078,0.67439727615184,30,"[0, 1, 2, 3, 4, 5, 6, 7, 8, 9, 10, 11, 12, 13, 14, 15, 16, 17, 18, 19, 20, 21, 22, 23, 24, 25, 26, 27, 28, 29]","[1.2153398990631104, 1.1627874374389648, 1.2425429821014404, 1.2238517999649048, 1.1654289960861206, 1.0477313995361328, 1.2183655500411987, 1.1352207660675049, 1.2167727947235107, 1.1058458089828491, 1.2178144454956055, 1.1729799509048462, 1.177621603012085, 1.2170661687850952, 1.2525821924209595, 1.1896530389785767, 1.1452741622924805, 1.2327814102172852, 1.2428123950958252, 1.1500693559646606, 1.2273743152618408, 1.2386215925216675, 1.1544575691223145, 1.2277216911315918, 1.2480170726776123, 1.2276045083999634, 1.1016136407852173, 1.0502220392227173, 1.1683142185211182, 1.2417500019073486]",sae,Pre-64
1,beta,36,0.21,0.4642138821845151,0.4576483090311837,0.4548920672643469,0.5,0.6031055233182893,0.6751166059676699,30,"[0, 1, 2, 3, 4, 5, 6, 7, 8, 9, 10, 11, 12, 13, 14, 15, 16, 17, 18, 19, 20, 21, 22, 23, 24, 25, 26, 27, 28, 29]","[1.234860897064209, 1.1980407238006592, 1.187268614768982, 1.2196375131607056, 1.117004156112671, 1.2456324100494385, 1.195192813873291, 1.217941403388977, 1.256159782409668, 1.1290240287780762, 1.1651493310928345, 1.259464144706726, 1.1781952381134033, 1.1944785118103027, 1.219455599784851, 1.26594078540802, 1.230405330657959, 1.1981130838394165, 1.2523728609085083, 1.174922227859497, 1.22960364818573, 1.1840400695800781, 1.2086493968963623, 1.18074631690979, 1.2507938146591187, 1.2001370191574097, 1.2022488117218018, 1.2018176317214966, 1.235095739364624, 1.1583154201507568]",sae,Pre-64
1,beta,40,30.0,0.44666181227492,0.4340193094910912,0.4221520573769777,0.5,0.6093636266731638,0.6687813123391555,30,"[0, 1, 2, 3, 4, 5, 6, 7, 8, 9, 10, 11, 12, 13, 14, 15, 16, 17, 18, 19, 20, 21, 22, 23, 24, 25, 26, 27, 28, 29]","[1.2192795276641846, 1.1627495288848877, 1.1719245910644531, 1.11849045753479, 1.135270118713379, 1.1779391765594482, 1.1913443803787231, 1.1937462091445923, 1.2064859867095947, 1.201514720916748, 1.149951457977295, 1.1584373712539673, 1.2228493690490723, 1.112459421157837, 1.1239572763442993, 1.2368988990783691, 1.1208115816116333, 1.179778814315796, 1.1400268077850342, 1.1179053783416748, 1.1553407907485962, 1.1589585542678833, 1.194280743598938, 1.1646192073822021, 1.205991506576538, 1.145589828491211, 1.2156630754470825, 1.108210802078247, 1.2394895553588867, 1.1593530178070068]",sae,Pre-64
1,beta,16,100.0,0.4519396108125126,0.4401978349795346,0.4265240655428548,0.5,0.6159012314439947,0.7157482046462309,30,"[0, 1, 2, 3, 4, 5, 6, 7, 8, 9, 10, 11, 12, 13, 14, 15, 16, 17, 18, 19, 20, 21, 22, 23, 24, 25, 26, 27, 28, 29]","[1.155144453048706, 1.1337980031967163, 1.1233099699020386, 1.1950212717056274, 1.1797491312026978, 1.1431095600128174, 1.194365382194519, 1.1770823001861572, 1.1407045125961304, 1.1889445781707764, 1.1803953647613525, 1.1736708879470825, 1.1382813453674316, 1.1618629693984985, 1.068888545036316, 1.121972918510437, 1.2042245864868164, 1.0445743799209595, 1.1478757858276367, 1.1736332178115845, 1.2176194190979004, 1.1968461275100708, 1.194488763809204, 1.1921454668045044, 1.079857349395752, 1.1655960083007812, 1.083346962928772, 1.1446884870529175, 1.1000053882598877, 1.1300923824310303]",sae,Pre-64
1,beta,34,0.195,0.4568527557813058,0.4470225010708758,0.4457668195408497,0.5,0.6011606799053854,0.6769855906612894,30,"[0, 1, 2, 3, 4, 5, 6, 7, 8, 9, 10, 11, 12, 13, 14, 15, 16, 17, 18, 19, 20, 21, 22, 23, 24, 25, 26, 27, 28, 29]","[1.3094215393066406, 1.3926939964294434, 1.3957786560058594, 1.3452519178390503, 1.305118441581726, 1.3103498220443726, 1.3470996618270874, 1.2610487937927246, 1.2816243171691895, 1.3147966861724854, 1.3677787780761719, 1.1735409498214722, 1.3754432201385498, 1.2625833749771118, 1.2760506868362427, 1.3047137260437012, 1.3889623880386353, 1.4110262393951416, 1.3257644176483154, 1.302145004272461, 1.3276653289794922, 1.4102574586868286, 1.3422843217849731, 1.359206199645996, 1.3063459396362305, 1.250369668006897, 1.4242196083068848, 1.405722737312317, 1.3966922760009766, 1.3761924505233765]",sae,Pre-64
1,beta,12,30.0,0.4455148672091349,0.4361346773072694,0.4033035570409649,0.5,0.5892778403611032,0.732179722690948,30,"[0, 1, 2, 3, 4, 5, 6, 7, 8, 9, 10, 11, 12, 13, 14, 15, 16, 17, 18, 19, 20, 21, 22, 23, 24, 25, 26, 27, 28, 29]","[1.1510069370269775, 1.238104224205017, 1.1669384241104126, 1.0727007389068604, 1.2094347476959229, 1.160822868347168, 1.1686755418777466, 1.231000304222107, 1.250001072883606, 1.1482594013214111, 1.1463829278945923, 1.2851383686065674, 1.1506091356277466, 1.2207391262054443, 1.1269334554672241, 1.2875975370407104, 1.111490249633789, 1.2468537092208862, 1.1965770721435547, 1.2625105381011963, 1.2613308429718018, 1.1978631019592285, 1.1764955520629883, 1.2832802534103394, 1.261273980140686, 1.1248352527618408, 1.2639222145080566, 1.2385042905807495, 1.1889654397964478, 1.2939741611480713]",sae,Pre-64
1,beta,18,0.2,0.4575117633693479,0.4471831599677374,0.4182839141236465,0.5,0.6052065040104606,0.7279783219994782,30,"[0, 1, 2, 3, 4, 5, 6, 7, 8, 9, 10, 11, 12, 13, 14, 15, 16, 17, 18, 19, 20, 21, 22, 23, 24, 25, 26, 27, 28, 29]","[1.08156156539917, 1.1808451414108276, 1.2274887561798096, 1.1775970458984375, 1.1839946508407593, 1.1783868074417114, 1.302558422088623, 1.1474957466125488, 1.2003755569458008, 1.1137614250183105, 1.279771089553833, 1.1947054862976074, 1.217077374458313, 1.243087649345398, 1.1674503087997437, 1.1044795513153076, 1.2428091764450073, 1.1572407484054565, 1.1403177976608276, 1.0754040479660034, 1.2844663858413696, 1.1361045837402344, 1.2445805072784424, 1.2017990350723267, 1.1962649822235107, 1.1700507402420044, 1.2117968797683716, 1.2385376691818237, 1.2291908264160156, 1.181313395500183]",sae,Pre-64
1,beta,46,0.2,0.4545712902572906,0.4417269056853911,0.4450798430768721,0.5,0.6270377926330811,0.6841223609382507,30,"[0, 1, 2, 3, 4, 5, 6, 7, 8, 9, 10, 11, 12, 13, 14, 15, 16, 17, 18, 19, 20, 21, 22, 23, 24, 25, 26, 27, 28, 29]","[1.1605839729309082, 1.2325963973999023, 1.2481722831726074, 1.249533772468567, 1.1887978315353394, 1.2818208932876587, 1.1905152797698975, 1.2588187456130981, 1.227943778038025, 1.2995549440383911, 1.0653156042099, 1.1619406938552856, 1.3013006448745728, 1.1704630851745605, 1.2270970344543457, 1.2811660766601562, 1.2396571636199951, 1.2584072351455688, 1.2591217756271362, 1.277535080909729, 1.2051252126693726, 1.2233694791793823, 1.2517229318618774, 1.2378768920898438, 1.2598581314086914, 1.2671061754226685, 1.2359105348587036, 1.2851537466049194, 1.2299818992614746, 1.2298767566680908]",sae,Pre-64
1,beta,23,0.21,0.4478205607315014,0.4344954522622479,0.4317269217414636,0.5,0.6150139710231751,0.6708360375243378,30,"[0, 1, 2, 3, 4, 5, 6, 7, 8, 9, 10, 11, 12, 13, 14, 15, 16, 17, 18, 19, 20, 21, 22, 23, 24, 25, 26, 27, 28, 29]","[1.2229793071746826, 1.2530746459960938, 1.2150778770446777, 1.3409887552261353, 1.1521180868148804, 1.2236710786819458, 1.3196414709091187, 1.2628434896469116, 1.2186249494552612, 1.3439280986785889, 1.3358200788497925, 1.2938728332519531, 1.2831557989120483, 1.1669864654541016, 1.2808982133865356, 1.3357905149459839, 1.0677590370178223, 1.2661643028259277, 1.213489055633545, 1.2288264036178589, 1.3322546482086182, 1.3478639125823975, 1.2176038026809692, 1.3427084684371948, 1.3294329643249512, 1.2745728492736816, 1.2357466220855713, 1.2220648527145386, 1.2572243213653564, 1.3483890295028687]",sae,Pre-64
1,beta,43,0.5,0.4515364523902173,0.4432102910589974,0.4298397488062899,0.5,0.6060785767234989,0.6967279466271312,30,"[0, 1, 2, 3, 4, 5, 6, 7, 8, 9, 10, 11, 12, 13, 14, 15, 16, 17, 18, 19, 20, 21, 22, 23, 24, 25, 26, 27, 28, 29]","[1.2137269973754883, 1.2966495752334595, 1.2138888835906982, 1.1676738262176514, 1.2102769613265991, 1.1480684280395508, 1.1920170783996582, 1.177064299583435, 1.259727120399475, 1.1724348068237305, 1.1425949335098267, 1.2585235834121704, 1.2058279514312744, 1.1739577054977417, 1.1621994972229004, 1.0888837575912476, 1.250617504119873, 1.1916553974151611, 1.2415788173675537, 1.2100411653518677, 1.173439860343933, 1.1695396900177002, 1.238284707069397, 1.2358100414276123, 1.1332714557647705, 1.2508617639541626, 1.267849326133728, 1.178114891052246, 1.2484055757522583, 1.2684884071350098]",sae,Pre-64
1,beta,17,0.18,0.4599327030141671,0.4513468217402507,0.439526174619726,0.5,0.6120635717004715,0.7004904827674721,30,"[0, 1, 2, 3, 4, 5, 6, 7, 8, 9, 10, 11, 12, 13, 14, 15, 16, 17, 18, 19, 20, 21, 22, 23, 24, 25, 26, 27, 28, 29]","[1.304034948348999, 1.2029470205307007, 1.221158504486084, 1.261968970298767, 1.2990349531173706, 1.1946935653686523, 1.267656683921814, 1.1578563451766968, 1.225683331489563, 1.2169135808944702, 1.2726459503173828, 1.2881368398666382, 1.2387901544570923, 1.2938923835754395, 1.2268121242523193, 1.236647367477417, 1.2983733415603638, 1.2356741428375244, 1.2723307609558105, 1.2477941513061523, 1.1759717464447021, 1.2501667737960815, 1.115051507949829, 1.2319880723953247, 1.2093510627746582, 1.2188202142715454, 1.2136163711547852, 1.239116907119751, 1.195271372795105, 1.2782883644104004]",sae,Pre-64
1,beta,44,100.0,0.4469012312759677,0.43811650775401,0.4423042379159856,0.5,0.5982762074796864,0.6190848668045466,30,"[0, 1, 2, 3, 4, 5, 6, 7, 8, 9, 10, 11, 12, 13, 14, 15, 16, 17, 18, 19, 20, 21, 22, 23, 24, 25, 26, 27, 28, 29]","[1.188148856163025, 1.2002507448196411, 1.1204805374145508, 1.1610747575759888, 1.1904850006103516, 1.2366626262664795, 1.1955641508102417, 1.144327998161316, 1.206619143486023, 1.2314187288284302, 1.1892151832580566, 1.1514842510223389, 1.187224268913269, 1.1622644662857056, 1.248563528060913, 1.2472829818725586, 1.1387724876403809, 1.0304396152496338, 1.2001614570617676, 1.1816792488098145, 1.1582975387573242, 1.1419570446014404, 1.1716670989990234, 1.1951204538345337, 1.2422082424163818, 1.1315513849258423, 1.152037262916565, 1.1923751831054688, 1.1700479984283447, 1.2005369663238525]",sae,Pre-64
1,beta,46,50.0,0.4545712902572906,0.4417269056853911,0.4411342761955276,0.5,0.6270377926330811,0.6841009761445498,30,"[0, 1, 2, 3, 4, 5, 6, 7, 8, 9, 10, 11, 12, 13, 14, 15, 16, 17, 18, 19, 20, 21, 22, 23, 24, 25, 26, 27, 28, 29]","[1.154767394065857, 1.227081537246704, 1.2429275512695312, 1.2448883056640625, 1.1829752922058105, 1.2766703367233276, 1.184883952140808, 1.2525430917739868, 1.2228230237960815, 1.2935329675674438, 1.0590815544128418, 1.1557743549346924, 1.295918583869934, 1.1653231382369995, 1.2226365804672241, 1.2752548456192017, 1.2336431741714478, 1.2529560327529907, 1.253047227859497, 1.2707768678665161, 1.200863003730774, 1.2171014547348022, 1.2470494508743286, 1.232546091079712, 1.2547560930252075, 1.260716199874878, 1.2299758195877075, 1.279518485069275, 1.224043607711792, 1.2248477935791016]",sae,Pre-64
1,beta,34,20.0,0.4568527557813058,0.4470225010708758,0.4360189402812554,0.5,0.6011606799053854,0.6760287318218534,30,"[0, 1, 2, 3, 4, 5, 6, 7, 8, 9, 10, 11, 12, 13, 14, 15, 16, 17, 18, 19, 20, 21, 22, 23, 24, 25, 26, 27, 28, 29]","[1.137890338897705, 1.2171109914779663, 1.2127997875213623, 1.1824638843536377, 1.152029275894165, 1.1444475650787354, 1.1735047101974487, 1.0769213438034058, 1.1361875534057617, 1.1606651544570923, 1.2005587816238403, 1.015907645225525, 1.1853113174438477, 1.0790728330612183, 1.1112900972366333, 1.1400375366210938, 1.2139219045639038, 1.2259365320205688, 1.1806495189666748, 1.1336230039596558, 1.175050139427185, 1.2325819730758667, 1.1709409952163696, 1.1730239391326904, 1.1460753679275513, 1.094346284866333, 1.2428449392318726, 1.229536533355713, 1.2293792963027954, 1.190686821937561]",sae,Pre-64
1,beta,43,10.0,0.4515364523902173,0.4432102910589974,0.4253069659622122,0.5,0.6060785767234989,0.6967279466271312,30,"[0, 1, 2, 3, 4, 5, 6, 7, 8, 9, 10, 11, 12, 13, 14, 15, 16, 17, 18, 19, 20, 21, 22, 23, 24, 25, 26, 27, 28, 29]","[1.2137269973754883, 1.2966495752334595, 1.2138888835906982, 1.1676738262176514, 1.2102769613265991, 1.1480684280395508, 1.1920170783996582, 1.177064299583435, 1.259727120399475, 1.1724348068237305, 1.1425949335098267, 1.2585235834121704, 1.2058279514312744, 1.1739577054977417, 1.1621994972229004, 1.0888837575912476, 1.250617504119873, 1.1916553974151611, 1.2415788173675537, 1.2100411653518677, 1.173439860343933, 1.1695396900177002, 1.238284707069397, 1.2358100414276123, 1.1332714557647705, 1.2508617639541626, 1.267849326133728, 1.178114891052246, 1.2484055757522583, 1.2684884071350098]",sae,Pre-64
1,beta,49,0.75,0.462130925118617,0.4524487678230295,0.4443972367143259,0.5,0.6141152509743157,0.6820620275156125,30,"[0, 1, 2, 3, 4, 5, 6, 7, 8, 9, 10, 11, 12, 13, 14, 15, 16, 17, 18, 19, 20, 21, 22, 23, 24, 25, 26, 27, 28, 29]","[1.1955480575561523, 1.233911395072937, 1.2274103164672852, 1.2181330919265747, 1.157725214958191, 1.203946590423584, 1.263590931892395, 1.1615792512893677, 1.2682502269744873, 1.2435879707336426, 1.1827945709228516, 1.1839300394058228, 1.2312138080596924, 1.2395317554473877, 1.2553589344024658, 1.215348720550537, 1.302066445350647, 1.275831937789917, 1.153882622718811, 1.244576096534729, 1.2853667736053467, 1.203370451927185, 1.280332326889038, 1.2390520572662354, 1.2064250707626343, 1.234589695930481, 1.2449032068252563, 1.206565499305725, 1.110927700996399, 1.199338674545288]",sae,Pre-64
1,beta,21,0.195,0.4504746503440228,0.4381370334360364,0.4349769318701341,0.5,0.6200058082774133,0.6869276684091498,30,"[0, 1, 2, 3, 4, 5, 6, 7, 8, 9, 10, 11, 12, 13, 14, 15, 16, 17, 18, 19, 20, 21, 22, 23, 24, 25, 26, 27, 28, 29]","[1.1804543733596802, 1.212998390197754, 1.3118010759353638, 1.302243709564209, 1.242178201675415, 1.2580740451812744, 1.2122139930725098, 1.2140151262283325, 1.277483582496643, 1.2382006645202637, 1.30112624168396, 1.2548500299453735, 1.199198603630066, 1.2129273414611816, 1.2157129049301147, 1.2089513540267944, 1.2285093069076538, 1.2313143014907837, 1.1714046001434326, 1.305708408355713, 1.1832754611968994, 1.3058803081512451, 1.1796494722366333, 1.175674557685852, 1.241135835647583, 1.1755146980285645, 1.1187869310379028, 1.2166149616241455, 1.2830276489257812, 1.2479064464569092]",sae,Pre-64
1,beta,22,200.0,0.4519005213187685,0.4442985770479847,0.4367168433296196,0.5,0.5939599289403404,0.6815271356133603,30,"[0, 1, 2, 3, 4, 5, 6, 7, 8, 9, 10, 11, 12, 13, 14, 15, 16, 17, 18, 19, 20, 21, 22, 23, 24, 25, 26, 27, 28, 29]","[1.1179190874099731, 1.168941855430603, 1.1830703020095825, 1.1668369770050049, 1.2358616590499878, 1.1766568422317505, 1.1327937841415405, 1.165419340133667, 1.125562310218811, 1.1434152126312256, 1.1285946369171143, 1.224861741065979, 1.1848485469818115, 1.2125139236450195, 1.133904218673706, 1.1921454668045044, 1.203025460243225, 1.2069814205169678, 1.1357468366622925, 1.1382958889007568, 1.198440432548523, 1.1977695226669312, 1.207923412322998, 1.1743204593658447, 1.1639965772628784, 1.2263959646224976, 1.1249594688415527, 1.1282567977905273, 1.2587064504623413, 1.1409783363342285]",sae,Pre-64
1,beta,24,0.4,0.4501416387440968,0.4383559369047743,0.4408752995288027,0.5,0.6188330126613704,0.6395171300893744,30,"[0, 1, 2, 3, 4, 5, 6, 7, 8, 9, 10, 11, 12, 13, 14, 15, 16, 17, 18, 19, 20, 21, 22, 23, 24, 25, 26, 27, 28, 29]","[1.2124673128128052, 1.1755998134613037, 1.1868178844451904, 1.2273244857788086, 1.242689609527588, 1.1841548681259155, 1.1860560178756714, 1.1832525730133057, 1.2021790742874146, 1.0739104747772217, 1.2058616876602173, 1.1563575267791748, 1.2078834772109985, 1.2294706106185913, 1.1749554872512817, 1.1637247800827026, 1.237532138824463, 1.0551373958587646, 1.169660210609436, 1.2379261255264282, 1.2216182947158813, 1.238648533821106, 1.1921476125717163, 1.2000505924224854, 1.1518317461013794, 1.1153621673583984, 1.1851884126663208, 1.1612211465835571, 1.239385962486267, 1.1791527271270752]",sae,Pre-64
1,beta,30,0.5,0.4638407167611665,0.4544841508273655,0.4349917136696578,0.5,0.6043368975359404,0.6920299717760999,30,"[0, 1, 2, 3, 4, 5, 6, 7, 8, 9, 10, 11, 12, 13, 14, 15, 16, 17, 18, 19, 20, 21, 22, 23, 24, 25, 26, 27, 28, 29]","[1.234999656677246, 1.1741113662719727, 1.2121046781539917, 1.183706521987915, 1.188236951828003, 1.1696803569793701, 1.186059832572937, 1.151381492614746, 1.14472234249115, 1.1600751876831055, 1.2435591220855713, 1.1388177871704102, 1.1140148639678955, 1.1526716947555542, 1.2056300640106201, 1.2250553369522095, 1.1707159280776978, 1.1746101379394531, 1.240835428237915, 1.1718575954437256, 1.142357349395752, 1.105589747428894, 1.171762228012085, 1.1619601249694824, 1.262255311012268, 1.1716129779815674, 1.202602505683899, 1.1705881357192993, 1.21686589717865, 1.1907846927642822]",sae,Pre-64
1,beta,0,500.0,0.4600628296558519,0.4487196928272481,0.4294260616841683,0.5,0.6146148452673732,0.7212500893551071,30,"[0, 1, 2, 3, 4, 5, 6, 7, 8, 9, 10, 11, 12, 13, 14, 15, 16, 17, 18, 19, 20, 21, 22, 23, 24, 25, 26, 27, 28, 29]","[1.1609565019607544, 1.205399990081787, 1.1734585762023926, 1.2161903381347656, 1.1425961256027222, 1.1842118501663208, 1.2070008516311646, 1.2379403114318848, 1.2223178148269653, 1.1959354877471924, 1.181226134300232, 1.1726235151290894, 1.2236276865005493, 1.2120070457458496, 1.218804955482483, 1.1687568426132202, 1.1801352500915527, 1.143155813217163, 1.0709192752838135, 1.2054029703140259, 1.1369202136993408, 1.1508759260177612, 1.2216984033584595, 1.1585367918014526, 1.1669466495513916, 1.1062743663787842, 1.2285964488983154, 1.136776089668274, 1.1998835802078247, 1.1328357458114624]",sae,Pre-64
1,beta,30,100.0,0.4638407167611665,0.4544841508273655,0.4349917136696578,0.5,0.6043368975359404,0.6920299717760999,30,"[0, 1, 2, 3, 4, 5, 6, 7, 8, 9, 10, 11, 12, 13, 14, 15, 16, 17, 18, 19, 20, 21, 22, 23, 24, 25, 26, 27, 28, 29]","[1.234999656677246, 1.1741113662719727, 1.2121046781539917, 1.183706521987915, 1.188236951828003, 1.1696803569793701, 1.186059832572937, 1.151381492614746, 1.14472234249115, 1.1600751876831055, 1.2435591220855713, 1.1388177871704102, 1.1140148639678955, 1.1526716947555542, 1.2056300640106201, 1.2250553369522095, 1.1707159280776978, 1.1746101379394531, 1.240835428237915, 1.1718575954437256, 1.142357349395752, 1.105589747428894, 1.171762228012085, 1.1619601249694824, 1.262255311012268, 1.1716129779815674, 1.202602505683899, 1.1705881357192993, 1.21686589717865, 1.1907846927642822]",sae,Pre-64
1,beta,18,50.0,0.4575117633693479,0.4471831599677374,0.4182839141236465,0.5,0.6052065040104606,0.7279783219994782,30,"[0, 1, 2, 3, 4, 5, 6, 7, 8, 9, 10, 11, 12, 13, 14, 15, 16, 17, 18, 19, 20, 21, 22, 23, 24, 25, 26, 27, 28, 29]","[1.08156156539917, 1.1808451414108276, 1.2274887561798096, 1.1775970458984375, 1.1839946508407593, 1.1783868074417114, 1.302558422088623, 1.1474957466125488, 1.2003755569458008, 1.1137614250183105, 1.279771089553833, 1.1947054862976074, 1.217077374458313, 1.243087649345398, 1.1674503087997437, 1.1044795513153076, 1.2428091764450073, 1.1572407484054565, 1.1403177976608276, 1.0754040479660034, 1.2844663858413696, 1.1361045837402344, 1.2445805072784424, 1.2017990350723267, 1.1962649822235107, 1.1700507402420044, 1.2117968797683716, 1.2385376691818237, 1.2291908264160156, 1.181313395500183]",sae,Pre-64
1,beta,2,0.5,0.4419681213812466,0.4306250660512843,0.4167778661481419,0.5,0.6028191218064636,0.6885881786989382,30,"[0, 1, 2, 3, 4, 5, 6, 7, 8, 9, 10, 11, 12, 13, 14, 15, 16, 17, 18, 19, 20, 21, 22, 23, 24, 25, 26, 27, 28, 29]","[1.1773405075073242, 1.1912859678268433, 1.171771764755249, 1.2238147258758545, 1.1618256568908691, 1.2318650484085083, 1.202761173248291, 1.1966071128845215, 1.1481531858444214, 1.154883861541748, 1.1782658100128174, 1.1622314453125, 1.1970109939575195, 1.2311440706253052, 1.2207741737365723, 1.1846741437911987, 1.2124254703521729, 1.2672208547592163, 1.2566627264022827, 1.242361307144165, 1.1856021881103516, 1.185502052307129, 1.2298014163970947, 1.2203115224838257, 1.191725254058838, 1.1697720289230347, 1.2155855894088745, 1.2080494165420532, 1.0472636222839355, 1.2577928304672241]",sae,Pre-64
1,beta,24,75.0,0.4501416387440968,0.4383559369047743,0.441152533473177,0.5,0.6188330126613704,0.6395171300893744,30,"[0, 1, 2, 3, 4, 5, 6, 7, 8, 9, 10, 11, 12, 13, 14, 15, 16, 17, 18, 19, 20, 21, 22, 23, 24, 25, 26, 27, 28, 29]","[1.2124673128128052, 1.1755998134613037, 1.1868178844451904, 1.2273244857788086, 1.242689609527588, 1.1841548681259155, 1.1860560178756714, 1.1832525730133057, 1.2021790742874146, 1.0739104747772217, 1.2058616876602173, 1.1563575267791748, 1.2078834772109985, 1.2294706106185913, 1.1749554872512817, 1.1637247800827026, 1.237532138824463, 1.0551373958587646, 1.169660210609436, 1.2379261255264282, 1.2216182947158813, 1.238648533821106, 1.1921476125717163, 1.2000505924224854, 1.1518317461013794, 1.1153621673583984, 1.1851884126663208, 1.1612211465835571, 1.239385962486267, 1.1791527271270752]",sae,Pre-64
1,beta,9,0.21,0.448644851968101,0.4348910401892977,0.4421534838583524,0.5,0.6286670530281078,0.6714488554042306,30,"[0, 1, 2, 3, 4, 5, 6, 7, 8, 9, 10, 11, 12, 13, 14, 15, 16, 17, 18, 19, 20, 21, 22, 23, 24, 25, 26, 27, 28, 29]","[1.3249629735946655, 1.2605684995651245, 1.3449070453643799, 1.3226815462112427, 1.262284517288208, 1.1265486478805542, 1.31870698928833, 1.2435073852539062, 1.322973370552063, 1.2048989534378052, 1.312404990196228, 1.2666878700256348, 1.2714052200317383, 1.3109415769577026, 1.3573529720306396, 1.2794017791748047, 1.2413270473480225, 1.3329336643218994, 1.3437308073043823, 1.2407681941986084, 1.330186367034912, 1.338665246963501, 1.2439357042312622, 1.3295599222183228, 1.3450597524642944, 1.328994870185852, 1.1963144540786743, 1.1413685083389282, 1.2583236694335938, 1.3458728790283203]",sae,Pre-64
1,beta,26,0.25,0.4502231978181314,0.4442488029476733,0.4543279596191928,0.5,0.5832450787939482,0.6467115398533867,30,"[0, 1, 2, 3, 4, 5, 6, 7, 8, 9, 10, 11, 12, 13, 14, 15, 16, 17, 18, 19, 20, 21, 22, 23, 24, 25, 26, 27, 28, 29]","[1.1927920579910278, 1.2404412031173706, 1.3458011150360107, 1.1563143730163574, 1.2402896881103516, 1.2881934642791748, 1.2575798034667969, 1.1637367010116577, 1.2435927391052246, 1.2316147089004517, 1.1424375772476196, 1.3434947729110718, 1.2970402240753174, 1.243265986442566, 1.2938896417617798, 1.171797275543213, 1.2391176223754883, 1.1535404920578003, 1.2686659097671509, 1.2479894161224365, 1.1860297918319702, 1.333444595336914, 1.2544347047805786, 1.2726069688796997, 1.3418753147125244, 1.341937780380249, 1.2190272808074951, 1.2664984464645386, 1.0912585258483887, 1.203226923942566]",sae,Pre-64
1,beta,4,0.2,0.4589558369307028,0.4477177462853796,0.452905568890858,0.5,0.61034827708266,0.6592471182110594,30,"[0, 1, 2, 3, 4, 5, 6, 7, 8, 9, 10, 11, 12, 13, 14, 15, 16, 17, 18, 19, 20, 21, 22, 23, 24, 25, 26, 27, 28, 29]","[1.2979758977890015, 1.2797412872314453, 1.2197610139846802, 1.3509515523910522, 1.194621205329895, 1.232788324356079, 1.2649474143981934, 1.216219186782837, 1.310339331626892, 1.3190861940383911, 1.306731104850769, 1.233358383178711, 1.3515346050262451, 1.2568929195404053, 1.2107855081558228, 1.2982559204101562, 1.2979313135147095, 1.273737907409668, 1.2351258993148804, 1.325940728187561, 1.2867074012756348, 1.3428988456726074, 1.2947349548339844, 1.1990922689437866, 1.2904787063598633, 1.2243094444274902, 1.2515695095062256, 1.2668118476867676, 1.330546259880066, 1.2113052606582642]",sae,Pre-64
1,beta,49,20.0,0.462130925118617,0.4524487678230295,0.4420731831439107,0.5,0.6141152509743157,0.6817230713245997,30,"[0, 1, 2, 3, 4, 5, 6, 7, 8, 9, 10, 11, 12, 13, 14, 15, 16, 17, 18, 19, 20, 21, 22, 23, 24, 25, 26, 27, 28, 29]","[1.1816726922988892, 1.2170988321304321, 1.2116214036941528, 1.200257420539856, 1.1416643857955933, 1.1891062259674072, 1.246652603149414, 1.1470645666122437, 1.2520469427108765, 1.2268033027648926, 1.168094277381897, 1.1698029041290283, 1.2142579555511475, 1.222419023513794, 1.2369354963302612, 1.197393536567688, 1.2860667705535889, 1.2591131925582886, 1.1340359449386597, 1.2283560037612915, 1.2687814235687256, 1.1859486103057861, 1.263270378112793, 1.2230288982391357, 1.1918312311172485, 1.2190265655517578, 1.2284297943115234, 1.191718339920044, 1.0950191020965576, 1.1822810173034668]",sae,Pre-64
1,beta,48,0.23,0.4556814132376,0.4510566266980289,0.4789608810653503,0.5,0.5923878577171784,0.588887127277669,30,"[0, 1, 2, 3, 4, 5, 6, 7, 8, 9, 10, 11, 12, 13, 14, 15, 16, 17, 18, 19, 20, 21, 22, 23, 24, 25, 26, 27, 28, 29]","[1.419066309928894, 1.3658095598220825, 1.3538159132003784, 1.3398991823196411, 1.319912075996399, 1.2833763360977173, 1.3599647283554077, 1.274848461151123, 1.3221626281738281, 1.3173377513885498, 1.3740180730819702, 1.329826831817627, 1.3341597318649292, 1.3238613605499268, 1.2866448163986206, 1.3673580884933472, 1.3590985536575317, 1.3617600202560425, 1.3944419622421265, 1.2339694499969482, 1.3211122751235962, 1.3926228284835815, 1.3965378999710083, 1.229800820350647, 1.3318949937820435, 1.3676624298095703, 1.3989030122756958, 1.3733277320861816, 1.3274381160736084, 1.3513374328613281]",sae,Pre-64
1,beta,27,1.0,0.4609757262074365,0.4537266978541116,0.4486796751943448,0.5,0.5914172664146189,0.6586614698443567,30,"[0, 1, 2, 3, 4, 5, 6, 7, 8, 9, 10, 11, 12, 13, 14, 15, 16, 17, 18, 19, 20, 21, 22, 23, 24, 25, 26, 27, 28, 29]","[1.2290319204330444, 1.2658694982528687, 1.2246942520141602, 1.2191146612167358, 1.2526310682296753, 1.1830732822418213, 1.2688981294631958, 1.1652835607528687, 1.2092324495315552, 1.1985894441604614, 1.1707059144973755, 1.268323302268982, 1.2084215879440308, 1.1814098358154297, 1.2069700956344604, 1.1506013870239258, 1.180336356163025, 1.2344633340835571, 1.2088221311569214, 1.1903407573699951, 1.2684584856033325, 1.2527191638946533, 1.1786249876022339, 1.1301987171173096, 1.2132477760314941, 1.2670561075210571, 1.1951019763946533, 1.2304065227508545, 1.1527602672576904, 1.2162050008773804]",sae,Pre-64
1,beta,5,1.5,0.4445517550333296,0.4301735816232515,0.4230469919417652,0.5,0.6070910659257547,0.6842133226655333,30,"[0, 1, 2, 3, 4, 5, 6, 7, 8, 9, 10, 11, 12, 13, 14, 15, 16, 17, 18, 19, 20, 21, 22, 23, 24, 25, 26, 27, 28, 29]","[1.204357385635376, 1.1163825988769531, 1.1249853372573853, 1.2326985597610474, 1.2355924844741821, 1.143419623374939, 1.1704707145690918, 1.1541118621826172, 1.2013881206512451, 1.1368167400360107, 1.2147825956344604, 1.2316826581954956, 1.1647292375564575, 1.1742970943450928, 1.2483549118041992, 1.1848121881484985, 1.1945708990097046, 1.215935230255127, 1.0952128171920776, 1.1795579195022583, 1.241766095161438, 1.18599534034729, 1.2278627157211304, 1.1371809244155884, 1.1636097431182861, 1.2409509420394897, 1.11619234085083, 1.1437363624572754, 1.2238935232162476, 1.1628071069717407]",sae,Pre-64
1,beta,6,1000.0,0.4540822999211705,0.4457917896713532,0.4384936900712481,0.5,0.5933447799067053,0.6652910519198336,30,"[0, 1, 2, 3, 4, 5, 6, 7, 8, 9, 10, 11, 12, 13, 14, 15, 16, 17, 18, 19, 20, 21, 22, 23, 24, 25, 26, 27, 28, 29]","[1.2093437910079956, 1.2324018478393555, 1.1689670085906982, 1.2286028861999512, 1.1660292148590088, 1.1364821195602417, 1.1552339792251587, 1.210248351097107, 1.1588280200958252, 1.2276009321212769, 1.1634801626205444, 1.1048387289047241, 1.1711478233337402, 1.1197253465652466, 1.0116533041000366, 1.2269690036773682, 1.129739761352539, 1.1970460414886475, 1.1658244132995605, 1.1922228336334229, 1.1664220094680786, 1.1494638919830322, 1.2115159034729004, 1.2004733085632324, 1.147264838218689, 1.1653865575790405, 1.1267348527908325, 1.1380363702774048, 1.188260555267334, 1.2108981609344482]",sae,Pre-64
1,beta,2,100.0,0.4419681213812466,0.4306250660512843,0.4211426135076977,0.5,0.6028191218064636,0.6886562804284323,30,"[0, 1, 2, 3, 4, 5, 6, 7, 8, 9, 10, 11, 12, 13, 14, 15, 16, 17, 18, 19, 20, 21, 22, 23, 24, 25, 26, 27, 28, 29]","[1.1491129398345947, 1.1618432998657227, 1.1426033973693848, 1.191449761390686, 1.1310452222824097, 1.2005151510238647, 1.17189359664917, 1.1661605834960938, 1.12075674533844, 1.1253643035888672, 1.1488215923309326, 1.1343861818313599, 1.16419517993927, 1.20036780834198, 1.190604567527771, 1.1571122407913208, 1.179641604423523, 1.2343209981918335, 1.221923589706421, 1.2101647853851318, 1.1568256616592407, 1.1531498432159424, 1.1994770765304565, 1.1852316856384277, 1.1635690927505493, 1.1419733762741089, 1.1855614185333252, 1.1774711608886719, 1.0223711729049683, 1.220582127571106]",sae,Pre-64
1,beta,7,0.23,0.4564836922581216,0.4420418003909208,0.4333921427740224,0.5,0.6095136152062148,0.7003740514176946,30,"[0, 1, 2, 3, 4, 5, 6, 7, 8, 9, 10, 11, 12, 13, 14, 15, 16, 17, 18, 19, 20, 21, 22, 23, 24, 25, 26, 27, 28, 29]","[1.2061150074005127, 1.225356101989746, 1.2445459365844727, 1.1968190670013428, 1.2633569240570068, 1.2143926620483398, 1.1614686250686646, 1.2129710912704468, 1.2982194423675537, 1.2304435968399048, 1.1354395151138306, 1.1973717212677002, 1.1494454145431519, 1.1636592149734497, 1.3174117803573608, 1.2336655855178833, 1.1997414827346802, 1.1449458599090576, 1.2479994297027588, 1.2616976499557495, 1.22148859500885, 1.2237379550933838, 1.2218915224075317, 1.1737401485443115, 1.2808581590652466, 1.2255219221115112, 1.2267451286315918, 1.0957099199295044, 1.296311855316162, 1.1818121671676636]",sae,Pre-64
1,beta,28,500.0,0.4589844236982603,0.4495627040154577,0.4363597930098649,0.5,0.5987249917034086,0.6954499122931779,30,"[0, 1, 2, 3, 4, 5, 6, 7, 8, 9, 10, 11, 12, 13, 14, 15, 16, 17, 18, 19, 20, 21, 22, 23, 24, 25, 26, 27, 28, 29]","[1.1352343559265137, 1.0775038003921509, 1.0399432182312012, 1.2336927652359009, 1.179149866104126, 1.2072476148605347, 1.1323752403259277, 1.10542631149292, 1.2175010442733765, 1.2215855121612549, 1.176476240158081, 1.2057819366455078, 1.218854308128357, 1.2209949493408203, 1.1551659107208252, 1.1379764080047607, 1.1653257608413696, 1.2166705131530762, 1.183241605758667, 1.1995640993118286, 1.135400652885437, 1.153017282485962, 1.1304819583892822, 1.08482027053833, 1.1267801523208618, 1.205606460571289, 1.2566165924072266, 1.1601134538650513, 1.1428003311157227, 1.122060775756836]",sae,Pre-64
1,beta,4,0.3,0.4589558369307028,0.4477177462853796,0.452905568890858,0.5,0.61034827708266,0.6606152946427197,30,"[0, 1, 2, 3, 4, 5, 6, 7, 8, 9, 10, 11, 12, 13, 14, 15, 16, 17, 18, 19, 20, 21, 22, 23, 24, 25, 26, 27, 28, 29]","[1.2310587167739868, 1.2106916904449463, 1.1658611297607422, 1.2869646549224854, 1.143013834953308, 1.1771057844161987, 1.1994233131408691, 1.1587315797805786, 1.2513329982757568, 1.2515461444854736, 1.2488046884536743, 1.1690001487731934, 1.287264108657837, 1.2035560607910156, 1.158456802368164, 1.2383407354354858, 1.2394582033157349, 1.2165822982788086, 1.1868951320648193, 1.262975811958313, 1.2345775365829468, 1.2805119752883911, 1.2284932136535645, 1.144094467163086, 1.2356263399124146, 1.1628235578536987, 1.2003746032714844, 1.2192730903625488, 1.2659436464309692, 1.1613143682479858]",sae,Pre-64
1,beta,41,0.25,0.4543678569363413,0.4427951465832617,0.4457121778767344,0.5,0.6190905384235713,0.6724836727540647,30,"[0, 1, 2, 3, 4, 5, 6, 7, 8, 9, 10, 11, 12, 13, 14, 15, 16, 17, 18, 19, 20, 21, 22, 23, 24, 25, 26, 27, 28, 29]","[1.1993544101715088, 1.2511879205703735, 1.1348602771759033, 1.1440205574035645, 1.115227460861206, 1.2872036695480347, 1.1733063459396362, 1.2244285345077515, 1.2058645486831665, 1.2504291534423828, 1.257401704788208, 1.2240632772445679, 1.2264835834503174, 1.256420612335205, 1.2704112529754639, 1.213634967803955, 1.15066397190094, 1.221615195274353, 1.2061952352523804, 1.2358403205871582, 1.1421757936477661, 1.204555630683899, 1.2234753370285034, 1.2246174812316895, 1.2170852422714233, 1.205923080444336, 1.2471344470977783, 1.2491074800491333, 1.211194396018982, 1.1623955965042114]",sae,Pre-64
1,beta,20,0.23,0.4408022875601419,0.4262939306313442,0.4281064857879118,0.5,0.6176087118064704,0.648420241979612,30,"[0, 1, 2, 3, 4, 5, 6, 7, 8, 9, 10, 11, 12, 13, 14, 15, 16, 17, 18, 19, 20, 21, 22, 23, 24, 25, 26, 27, 28, 29]","[1.2492820024490356, 1.3246794939041138, 1.2705390453338623, 1.3522268533706665, 1.327724814414978, 1.3133095502853394, 1.320245385169983, 1.2494713068008423, 1.3180369138717651, 1.265525460243225, 1.2715156078338623, 1.261107325553894, 1.3560971021652222, 1.2225072383880615, 1.2530676126480103, 1.355074405670166, 1.238574504852295, 1.2559468746185303, 1.2971240282058716, 1.2914799451828003, 1.29975163936615, 1.2265976667404175, 1.318136215209961, 1.3653013706207275, 1.3221768140792847, 1.2376431226730347, 1.2649673223495483, 1.3013057708740234, 1.2515368461608887, 1.3461862802505493]",sae,Pre-64
1,beta,23,0.185,0.4478205607315014,0.4344954522622479,0.4317269217414636,0.5,0.6150139710231751,0.6708360375243378,30,"[0, 1, 2, 3, 4, 5, 6, 7, 8, 9, 10, 11, 12, 13, 14, 15, 16, 17, 18, 19, 20, 21, 22, 23, 24, 25, 26, 27, 28, 29]","[1.2232182025909424, 1.2533129453659058, 1.215315818786621, 1.341226577758789, 1.1523562669754028, 1.2239093780517578, 1.319879412651062, 1.2630822658538818, 1.2188632488250732, 1.34416663646698, 1.3360586166381836, 1.2941112518310547, 1.2833948135375977, 1.1672248840332031, 1.2811373472213745, 1.336028814315796, 1.0679981708526611, 1.266402244567871, 1.2137280702590942, 1.2290656566619873, 1.3324934244155884, 1.34810209274292, 1.2178428173065186, 1.3429467678070068, 1.329671025276184, 1.2748116254806519, 1.2359846830368042, 1.2223033905029297, 1.257462978363037, 1.3486275672912598]",sae,Pre-64
1,beta,32,0.3,0.4555596844830426,0.4475674839123162,0.4616142735664401,0.5,0.5924839124839124,0.629437764294907,30,"[0, 1, 2, 3, 4, 5, 6, 7, 8, 9, 10, 11, 12, 13, 14, 15, 16, 17, 18, 19, 20, 21, 22, 23, 24, 25, 26, 27, 28, 29]","[1.336021900177002, 1.2416785955429077, 1.3336519002914429, 1.266428828239441, 1.2716739177703857, 1.3528019189834595, 1.2798823118209839, 1.2545491456985474, 1.2551904916763306, 1.2578474283218384, 1.253965139389038, 1.2467961311340332, 1.2782105207443237, 1.2000312805175781, 1.1896723508834839, 1.2074064016342163, 1.2369439601898193, 1.2758851051330566, 1.2210235595703125, 1.2592310905456543, 1.3396790027618408, 1.2583965063095093, 1.2080944776535034, 1.3356817960739136, 1.272998571395874, 1.2104631662368774, 1.324333906173706, 1.1293489933013916, 1.343182921409607, 1.33498215675354]",sae,Pre-64
1,beta,43,0.22,0.4515364523902173,0.4432102910589974,0.4329916063578788,0.5,0.6060785767234989,0.6967279466271312,30,"[0, 1, 2, 3, 4, 5, 6, 7, 8, 9, 10, 11, 12, 13, 14, 15, 16, 17, 18, 19, 20, 21, 22, 23, 24, 25, 26, 27, 28, 29]","[1.2137269973754883, 1.2966495752334595, 1.2138888835906982, 1.1676738262176514, 1.2102769613265991, 1.1480684280395508, 1.1920170783996582, 1.177064299583435, 1.259727120399475, 1.1724348068237305, 1.1425949335098267, 1.2585235834121704, 1.2058279514312744, 1.1739577054977417, 1.1621994972229004, 1.0888837575912476, 1.250617504119873, 1.1916553974151611, 1.2415788173675537, 1.2100411653518677, 1.173439860343933, 1.1695396900177002, 1.238284707069397, 1.2358100414276123, 1.1332714557647705, 1.2508617639541626, 1.267849326133728, 1.178114891052246, 1.2484055757522583, 1.2684884071350098]",sae,Pre-64
1,beta,32,0.2,0.4555596844830426,0.4475674839123162,0.4655187818485291,0.5,0.5924839124839124,0.6294362934362934,30,"[0, 1, 2, 3, 4, 5, 6, 7, 8, 9, 10, 11, 12, 13, 14, 15, 16, 17, 18, 19, 20, 21, 22, 23, 24, 25, 26, 27, 28, 29]","[1.336464762687683, 1.242121934890747, 1.3340951204299927, 1.2668721675872803, 1.272117257118225, 1.3532452583312988, 1.2803255319595337, 1.254991888999939, 1.2556344270706177, 1.258291482925415, 1.2544082403182983, 1.247239351272583, 1.2786540985107422, 1.2004755735397339, 1.19011652469635, 1.2078509330749512, 1.237388253211975, 1.2763285636901855, 1.2214674949645996, 1.2596745491027832, 1.340122103691101, 1.2588404417037964, 1.2085392475128174, 1.336125135421753, 1.2734417915344238, 1.2109066247940063, 1.3247778415679932, 1.1297924518585205, 1.343625545501709, 1.3354251384735107]",sae,Pre-64
1,beta,36,200.0,0.4642138821845151,0.4576483090311837,0.4535059149965175,0.5,0.6031055233182893,0.6753925104988936,30,"[0, 1, 2, 3, 4, 5, 6, 7, 8, 9, 10, 11, 12, 13, 14, 15, 16, 17, 18, 19, 20, 21, 22, 23, 24, 25, 26, 27, 28, 29]","[1.1789084672927856, 1.1453419923782349, 1.1322602033615112, 1.1648893356323242, 1.0651395320892334, 1.1846054792404175, 1.141721487045288, 1.157162070274353, 1.1999086141586304, 1.0772851705551147, 1.1159154176712036, 1.2064303159713745, 1.127974510192871, 1.1429641246795654, 1.1640619039535522, 1.2071683406829834, 1.1763486862182617, 1.1451680660247803, 1.1947323083877563, 1.1258301734924316, 1.1810296773910522, 1.130793571472168, 1.1566245555877686, 1.1185775995254517, 1.1979726552963257, 1.140467643737793, 1.1513619422912598, 1.1503264904022217, 1.1800856590270996, 1.1112136840820312]",sae,Pre-64
1,beta,39,2.0,0.4461088087810431,0.4292341094433316,0.4243908148558997,0.5,0.6205127278095635,0.6657718484774533,30,"[0, 1, 2, 3, 4, 5, 6, 7, 8, 9, 10, 11, 12, 13, 14, 15, 16, 17, 18, 19, 20, 21, 22, 23, 24, 25, 26, 27, 28, 29]","[1.1917375326156616, 1.236011266708374, 1.1890162229537964, 1.1643238067626953, 1.140978217124939, 1.2120108604431152, 1.1828933954238892, 1.2210265398025513, 1.1605393886566162, 1.199174165725708, 1.1834092140197754, 1.0992392301559448, 1.2075473070144653, 1.1379015445709229, 1.20431649684906, 1.2560211420059204, 1.1885234117507935, 1.2229002714157104, 1.1480319499969482, 1.0825574398040771, 1.1679973602294922, 1.2216445207595825, 1.1227527856826782, 1.1278188228607178, 1.2215803861618042, 1.2034790515899658, 1.0507583618164062, 1.1575127840042114, 1.2623809576034546, 1.1674622297286987]",sae,Pre-64
1,beta,34,1000.0,0.4568527557813058,0.4470225010708758,0.4413985530215953,0.5,0.6011606799053854,0.6760287318218534,30,"[0, 1, 2, 3, 4, 5, 6, 7, 8, 9, 10, 11, 12, 13, 14, 15, 16, 17, 18, 19, 20, 21, 22, 23, 24, 25, 26, 27, 28, 29]","[1.137890338897705, 1.2171109914779663, 1.2127997875213623, 1.1824638843536377, 1.152029275894165, 1.1444475650787354, 1.1735047101974487, 1.0769213438034058, 1.1361875534057617, 1.1606651544570923, 1.2005587816238403, 1.015907645225525, 1.1853113174438477, 1.0790728330612183, 1.1112900972366333, 1.1400375366210938, 1.2139219045639038, 1.2259365320205688, 1.1806495189666748, 1.1336230039596558, 1.175050139427185, 1.2325819730758667, 1.1709409952163696, 1.1730239391326904, 1.1460753679275513, 1.094346284866333, 1.2428449392318726, 1.229536533355713, 1.2293792963027954, 1.190686821937561]",sae,Pre-64
1,beta,33,1.5,0.4492211383258522,0.4377959816952598,0.4223402424961981,0.5,0.6165210074526608,0.6954138560095032,30,"[0, 1, 2, 3, 4, 5, 6, 7, 8, 9, 10, 11, 12, 13, 14, 15, 16, 17, 18, 19, 20, 21, 22, 23, 24, 25, 26, 27, 28, 29]","[1.1849273443222046, 1.2562428712844849, 1.2136778831481934, 1.194433331489563, 1.149998426437378, 1.2687307596206665, 1.1574212312698364, 1.2470797300338745, 1.2527871131896973, 1.2536271810531616, 1.1950736045837402, 1.2495068311691284, 1.1756917238235474, 1.1588196754455566, 1.1325362920761108, 1.2413465976715088, 1.1629266738891602, 1.1944456100463867, 1.2464298009872437, 1.2438013553619385, 1.1899774074554443, 1.159067153930664, 1.2561681270599365, 1.2361953258514404, 1.2687146663665771, 1.1437739133834839, 1.1919195652008057, 1.171987533569336, 1.145799160003662, 1.191154956817627]",sae,Pre-64
1,beta,5,50.0,0.4445517550333296,0.4301735816232515,0.4245154437456085,0.5,0.6070910659257547,0.6842133226655333,30,"[0, 1, 2, 3, 4, 5, 6, 7, 8, 9, 10, 11, 12, 13, 14, 15, 16, 17, 18, 19, 20, 21, 22, 23, 24, 25, 26, 27, 28, 29]","[1.204357385635376, 1.1163825988769531, 1.1249853372573853, 1.2326985597610474, 1.2355924844741821, 1.143419623374939, 1.1704707145690918, 1.1541118621826172, 1.2013881206512451, 1.1368167400360107, 1.2147825956344604, 1.2316826581954956, 1.1647292375564575, 1.1742970943450928, 1.2483549118041992, 1.1848121881484985, 1.1945708990097046, 1.215935230255127, 1.0952128171920776, 1.1795579195022583, 1.241766095161438, 1.18599534034729, 1.2278627157211304, 1.1371809244155884, 1.1636097431182861, 1.2409509420394897, 1.11619234085083, 1.1437363624572754, 1.2238935232162476, 1.1628071069717407]",sae,Pre-64
1,beta,39,75.0,0.4461088087810431,0.4292341094433316,0.4297945582794436,0.5,0.6205127278095635,0.6657718484774533,30,"[0, 1, 2, 3, 4, 5, 6, 7, 8, 9, 10, 11, 12, 13, 14, 15, 16, 17, 18, 19, 20, 21, 22, 23, 24, 25, 26, 27, 28, 29]","[1.1917375326156616, 1.236011266708374, 1.1890162229537964, 1.1643238067626953, 1.140978217124939, 1.2120108604431152, 1.1828933954238892, 1.2210265398025513, 1.1605393886566162, 1.199174165725708, 1.1834092140197754, 1.0992392301559448, 1.2075473070144653, 1.1379015445709229, 1.20431649684906, 1.2560211420059204, 1.1885234117507935, 1.2229002714157104, 1.1480319499969482, 1.0825574398040771, 1.1679973602294922, 1.2216445207595825, 1.1227527856826782, 1.1278188228607178, 1.2215803861618042, 1.2034790515899658, 1.0507583618164062, 1.1575127840042114, 1.2623809576034546, 1.1674622297286987]",sae,Pre-64
1,beta,8,200.0,0.4517491928182039,0.4406431065890545,0.4326960575723772,0.5,0.6098144493254953,0.6772260068051754,30,"[0, 1, 2, 3, 4, 5, 6, 7, 8, 9, 10, 11, 12, 13, 14, 15, 16, 17, 18, 19, 20, 21, 22, 23, 24, 25, 26, 27, 28, 29]","[1.1187007427215576, 1.218583345413208, 1.1729588508605957, 1.1930103302001953, 1.2442059516906738, 1.182166576385498, 1.2270926237106323, 1.164693832397461, 1.2057322263717651, 1.212062120437622, 1.2319320440292358, 1.18947172164917, 1.188055396080017, 1.2018784284591675, 1.2228853702545166, 1.1608076095581055, 1.179728627204895, 1.1950958967208862, 1.1249150037765503, 1.1465964317321777, 1.1464855670928955, 1.1299797296524048, 1.2297531366348267, 1.1591399908065796, 1.2222727537155151, 1.227508783340454, 1.1398975849151611, 1.22318696975708, 1.2009252309799194, 1.166541337966919]",sae,Pre-64
1,beta,38,0.4,0.4455661720406026,0.4298851252298221,0.4300402493823888,0.5,0.6303640517897944,0.6635567402894135,30,"[0, 1, 2, 3, 4, 5, 6, 7, 8, 9, 10, 11, 12, 13, 14, 15, 16, 17, 18, 19, 20, 21, 22, 23, 24, 25, 26, 27, 28, 29]","[1.1721346378326416, 1.1665115356445312, 1.1951327323913574, 1.2084224224090576, 1.1932506561279297, 1.0943678617477417, 1.22554349899292, 1.190416932106018, 1.0534244775772095, 1.212303638458252, 1.196964144706726, 1.1929432153701782, 1.2093898057937622, 1.185971736907959, 1.2129939794540405, 1.1697133779525757, 1.1856392621994019, 1.237824559211731, 1.137427806854248, 1.2083672285079956, 1.1895427703857422, 1.2017890214920044, 1.2302438020706177, 1.1494355201721191, 1.191596269607544, 1.2291513681411743, 1.1410502195358276, 1.2461069822311401, 1.175614595413208, 1.249431848526001]",sae,Pre-64
1,beta,15,0.22,0.4529015220185267,0.4424399871594601,0.4294627382070986,0.5,0.6161071485640408,0.7104388500704543,30,"[0, 1, 2, 3, 4, 5, 6, 7, 8, 9, 10, 11, 12, 13, 14, 15, 16, 17, 18, 19, 20, 21, 22, 23, 24, 25, 26, 27, 28, 29]","[1.2298691272735596, 1.1846237182617188, 1.2188669443130493, 1.2411730289459229, 1.2626960277557373, 1.2148686647415161, 1.204774022102356, 1.2268476486206055, 1.2609436511993408, 1.2782516479492188, 1.2494781017303467, 1.1826567649841309, 1.3098293542861938, 1.276570439338684, 1.1981709003448486, 1.244016170501709, 1.2039215564727783, 1.2918037176132202, 1.1797654628753662, 1.2534141540527344, 1.3098582029342651, 1.2837309837341309, 1.2267873287200928, 1.2568089962005615, 1.192421317100525, 1.1089298725128174, 1.2685054540634155, 1.3168635368347168, 1.2297674417495728, 1.2433472871780396]",sae,Pre-64
1,beta,11,2.0,0.4566976193509867,0.4496008864727478,0.4312590211118243,0.5,0.5995106990682213,0.709773142295266,30,"[0, 1, 2, 3, 4, 5, 6, 7, 8, 9, 10, 11, 12, 13, 14, 15, 16, 17, 18, 19, 20, 21, 22, 23, 24, 25, 26, 27, 28, 29]","[1.197404384613037, 1.0159912109375, 1.1595122814178467, 1.0947496891021729, 1.2204711437225342, 1.0870051383972168, 1.1269891262054443, 1.0375356674194336, 1.2077991962432861, 1.2207576036453247, 1.2321844100952148, 1.2301312685012817, 1.2398982048034668, 1.1524134874343872, 1.143661618232727, 1.0850900411605835, 1.17250657081604, 1.1216024160385132, 1.160549521446228, 1.1942617893218994, 1.178363561630249, 1.1898934841156006, 1.2164463996887207, 1.1637935638427734, 1.1526267528533936, 1.2090473175048828, 1.2035871744155884, 1.1137361526489258, 1.1602522134780884, 1.1377544403076172]",sae,Pre-64
1,beta,27,30.0,0.4609757262074365,0.4537266978541116,0.4425983535439921,0.5,0.5914172664146189,0.6586614698443567,30,"[0, 1, 2, 3, 4, 5, 6, 7, 8, 9, 10, 11, 12, 13, 14, 15, 16, 17, 18, 19, 20, 21, 22, 23, 24, 25, 26, 27, 28, 29]","[1.2290319204330444, 1.2658694982528687, 1.2246942520141602, 1.2191146612167358, 1.2526310682296753, 1.1830732822418213, 1.2688981294631958, 1.1652835607528687, 1.2092324495315552, 1.1985894441604614, 1.1707059144973755, 1.268323302268982, 1.2084215879440308, 1.1814098358154297, 1.2069700956344604, 1.1506013870239258, 1.180336356163025, 1.2344633340835571, 1.2088221311569214, 1.1903407573699951, 1.2684584856033325, 1.2527191638946533, 1.1786249876022339, 1.1301987171173096, 1.2132477760314941, 1.2670561075210571, 1.1951019763946533, 1.2304065227508545, 1.1527602672576904, 1.2162050008773804]",sae,Pre-64
1,beta,7,0.195,0.4564836922581216,0.4420418003909208,0.4349831324080365,0.5,0.6095136152062148,0.7014046463761834,30,"[0, 1, 2, 3, 4, 5, 6, 7, 8, 9, 10, 11, 12, 13, 14, 15, 16, 17, 18, 19, 20, 21, 22, 23, 24, 25, 26, 27, 28, 29]","[1.2824229001998901, 1.3115206956863403, 1.3309710025787354, 1.2886650562286377, 1.3486970663070679, 1.3033242225646973, 1.2525335550308228, 1.3064484596252441, 1.394531488418579, 1.3140137195587158, 1.2265373468399048, 1.2747037410736084, 1.234744906425476, 1.2545565366744995, 1.4071639776229858, 1.3196407556533813, 1.276436448097229, 1.2347362041473389, 1.3404028415679932, 1.3471604585647583, 1.303541898727417, 1.3124110698699951, 1.316341757774353, 1.2659353017807007, 1.3646490573883057, 1.3272569179534912, 1.3015315532684326, 1.183756709098816, 1.3858914375305176, 1.2739917039871216]",sae,Pre-64
1,beta,2,0.22,0.4419681213812466,0.4306250660512843,0.4189102585005643,0.5,0.6028191218064636,0.6885838317800342,30,"[0, 1, 2, 3, 4, 5, 6, 7, 8, 9, 10, 11, 12, 13, 14, 15, 16, 17, 18, 19, 20, 21, 22, 23, 24, 25, 26, 27, 28, 29]","[1.1775498390197754, 1.1914950609207153, 1.1719807386398315, 1.2240238189697266, 1.1620347499847412, 1.2320741415023804, 1.202970027923584, 1.196816086769104, 1.1483625173568726, 1.1550930738449097, 1.1784746646881104, 1.1624406576156616, 1.1972203254699707, 1.2313529253005981, 1.2209833860397339, 1.1848833560943604, 1.212634563446045, 1.2674299478530884, 1.2568717002868652, 1.2425705194473267, 1.1858115196228027, 1.1857109069824219, 1.2300106287002563, 1.2205204963684082, 1.19193434715271, 1.1699810028076172, 1.215794563293457, 1.2082585096359253, 1.0474730730056763, 1.2580019235610962]",sae,Pre-64
1,beta,42,1.0,0.4546678683050885,0.4407690563496341,0.4354526606045382,0.5,0.6336081445133979,0.6603511208928656,30,"[0, 1, 2, 3, 4, 5, 6, 7, 8, 9, 10, 11, 12, 13, 14, 15, 16, 17, 18, 19, 20, 21, 22, 23, 24, 25, 26, 27, 28, 29]","[1.2767118215560913, 1.1509020328521729, 1.2741888761520386, 1.2517021894454956, 1.16533625125885, 1.2553739547729492, 1.1647206544876099, 1.148014783859253, 1.1693377494812012, 1.2613091468811035, 1.2386943101882935, 1.2795376777648926, 1.1614588499069214, 1.0049147605895996, 1.2809103727340698, 1.1924101114273071, 1.141250491142273, 1.1302461624145508, 1.240049958229065, 1.2147595882415771, 1.1706880331039429, 1.1570767164230347, 1.171014428138733, 1.1616032123565674, 1.189007043838501, 1.1533206701278687, 1.2752232551574707, 1.16252863407135, 1.2145106792449951, 1.1530125141143799]",sae,Pre-64
1,beta,8,0.75,0.4517491928182039,0.4406431065890545,0.4323915017754275,0.5,0.6098144493254953,0.6772260068051754,30,"[0, 1, 2, 3, 4, 5, 6, 7, 8, 9, 10, 11, 12, 13, 14, 15, 16, 17, 18, 19, 20, 21, 22, 23, 24, 25, 26, 27, 28, 29]","[1.1187007427215576, 1.218583345413208, 1.1729588508605957, 1.1930103302001953, 1.2442059516906738, 1.182166576385498, 1.2270926237106323, 1.164693832397461, 1.2057322263717651, 1.212062120437622, 1.2319320440292358, 1.18947172164917, 1.188055396080017, 1.2018784284591675, 1.2228853702545166, 1.1608076095581055, 1.179728627204895, 1.1950958967208862, 1.1249150037765503, 1.1465964317321777, 1.1464855670928955, 1.1299797296524048, 1.2297531366348267, 1.1591399908065796, 1.2222727537155151, 1.227508783340454, 1.1398975849151611, 1.22318696975708, 1.2009252309799194, 1.166541337966919]",sae,Pre-64
1,beta,30,0.22,0.4638407167611665,0.4544841508273655,0.4368581832465081,0.5,0.6043368975359404,0.6928290917889622,30,"[0, 1, 2, 3, 4, 5, 6, 7, 8, 9, 10, 11, 12, 13, 14, 15, 16, 17, 18, 19, 20, 21, 22, 23, 24, 25, 26, 27, 28, 29]","[1.3252891302108765, 1.275187373161316, 1.3069626092910767, 1.2698090076446533, 1.270526647567749, 1.2541038990020752, 1.2713350057601929, 1.2420920133590698, 1.228771686553955, 1.2467901706695557, 1.3282244205474854, 1.2327152490615845, 1.216558814048767, 1.2389229536056519, 1.2966355085372925, 1.3111858367919922, 1.2539583444595337, 1.2577646970748901, 1.3329904079437256, 1.2568607330322266, 1.2338060140609741, 1.1881612539291382, 1.2709335088729858, 1.2586898803710938, 1.368186116218567, 1.255885124206543, 1.2941300868988037, 1.2527369260787964, 1.3037917613983154, 1.278766393661499]",sae,Pre-64
1,beta,10,0.4,0.4493907433353129,0.4390813823454372,0.4344056235297167,0.5,0.6232207829487961,0.6743909002834692,30,"[0, 1, 2, 3, 4, 5, 6, 7, 8, 9, 10, 11, 12, 13, 14, 15, 16, 17, 18, 19, 20, 21, 22, 23, 24, 25, 26, 27, 28, 29]","[1.1427899599075317, 1.068242073059082, 1.199394941329956, 1.158583641052246, 1.149035930633545, 1.1689698696136475, 1.2380726337432861, 1.1728394031524658, 1.0578781366348267, 1.1875046491622925, 1.1654369831085205, 1.1715285778045654, 1.1657956838607788, 1.1442753076553345, 1.2309560775756836, 1.1749398708343506, 1.1827489137649536, 1.12376070022583, 1.1349002122879028, 1.1247795820236206, 1.1484092473983765, 1.1541001796722412, 1.2148005962371826, 1.210876226425171, 1.1075263023376465, 1.1338322162628174, 1.1668912172317505, 1.1912418603897095, 1.1516903638839722, 1.169378399848938]",sae,Pre-64
1,beta,21,0.75,0.4504746503440228,0.4381370334360364,0.4284094617254226,0.5,0.6200058082774133,0.686910676108207,30,"[0, 1, 2, 3, 4, 5, 6, 7, 8, 9, 10, 11, 12, 13, 14, 15, 16, 17, 18, 19, 20, 21, 22, 23, 24, 25, 26, 27, 28, 29]","[1.1140649318695068, 1.152727723121643, 1.2438535690307617, 1.230009913444519, 1.1658810377120972, 1.1943459510803223, 1.1483663320541382, 1.1402873992919922, 1.204589605331421, 1.1714168787002563, 1.23432457447052, 1.17771315574646, 1.132249355316162, 1.1423084735870361, 1.1501163244247437, 1.1399269104003906, 1.1680771112442017, 1.1623523235321045, 1.1109286546707153, 1.2336747646331787, 1.1268517971038818, 1.2345601320266724, 1.125869870185852, 1.1168842315673828, 1.180175542831421, 1.1148767471313477, 1.053167700767517, 1.1537359952926636, 1.2132099866867065, 1.1823461055755615]",sae,Pre-64
1,beta,14,500.0,0.4467366851483266,0.4421697276018216,0.4236898416391712,0.5,0.5934222168898753,0.7004071746726857,30,"[0, 1, 2, 3, 4, 5, 6, 7, 8, 9, 10, 11, 12, 13, 14, 15, 16, 17, 18, 19, 20, 21, 22, 23, 24, 25, 26, 27, 28, 29]","[1.1700234413146973, 1.0681921243667603, 1.1210544109344482, 1.148490071296692, 1.1765847206115723, 1.143620252609253, 1.1391699314117432, 1.1990078687667847, 1.1443272829055786, 1.177550196647644, 1.0939750671386719, 1.0375179052352905, 1.0638422966003418, 1.1846389770507812, 1.1842373609542847, 1.1451287269592285, 1.202758550643921, 1.1907190084457397, 1.1267846822738647, 1.1308374404907227, 1.1608028411865234, 1.1382582187652588, 1.1897944211959839, 1.1014028787612915, 1.1924012899398804, 1.182306170463562, 1.1216769218444824, 1.1922364234924316, 1.183416485786438, 1.0683033466339111]",sae,Pre-64
1,beta,14,1.0,0.4467366851483266,0.4421697276018216,0.4203812681190771,0.5,0.5934222168898753,0.7004071746726857,30,"[0, 1, 2, 3, 4, 5, 6, 7, 8, 9, 10, 11, 12, 13, 14, 15, 16, 17, 18, 19, 20, 21, 22, 23, 24, 25, 26, 27, 28, 29]","[1.1700234413146973, 1.0681921243667603, 1.1210544109344482, 1.148490071296692, 1.1765847206115723, 1.143620252609253, 1.1391699314117432, 1.1990078687667847, 1.1443272829055786, 1.177550196647644, 1.0939750671386719, 1.0375179052352905, 1.0638422966003418, 1.1846389770507812, 1.1842373609542847, 1.1451287269592285, 1.202758550643921, 1.1907190084457397, 1.1267846822738647, 1.1308374404907227, 1.1608028411865234, 1.1382582187652588, 1.1897944211959839, 1.1014028787612915, 1.1924012899398804, 1.182306170463562, 1.1216769218444824, 1.1922364234924316, 1.183416485786438, 1.0683033466339111]",sae,Pre-64
1,beta,36,0.75,0.4642138821845151,0.4576483090311837,0.4535059149965175,0.5,0.6031055233182893,0.6753925104988936,30,"[0, 1, 2, 3, 4, 5, 6, 7, 8, 9, 10, 11, 12, 13, 14, 15, 16, 17, 18, 19, 20, 21, 22, 23, 24, 25, 26, 27, 28, 29]","[1.1789084672927856, 1.1453419923782349, 1.1322602033615112, 1.1648893356323242, 1.0651395320892334, 1.1846054792404175, 1.141721487045288, 1.157162070274353, 1.1999086141586304, 1.0772851705551147, 1.1159154176712036, 1.2064303159713745, 1.127974510192871, 1.1429641246795654, 1.1640619039535522, 1.2071683406829834, 1.1763486862182617, 1.1451680660247803, 1.1947323083877563, 1.1258301734924316, 1.1810296773910522, 1.130793571472168, 1.1566245555877686, 1.1185775995254517, 1.1979726552963257, 1.140467643737793, 1.1513619422912598, 1.1503264904022217, 1.1800856590270996, 1.1112136840820312]",sae,Pre-64
1,beta,42,500.0,0.4546678683050885,0.4407690563496341,0.4414195843598306,0.5,0.6336081445133979,0.6603511208928656,30,"[0, 1, 2, 3, 4, 5, 6, 7, 8, 9, 10, 11, 12, 13, 14, 15, 16, 17, 18, 19, 20, 21, 22, 23, 24, 25, 26, 27, 28, 29]","[1.2767118215560913, 1.1509020328521729, 1.2741888761520386, 1.2517021894454956, 1.16533625125885, 1.2553739547729492, 1.1647206544876099, 1.148014783859253, 1.1693377494812012, 1.2613091468811035, 1.2386943101882935, 1.2795376777648926, 1.1614588499069214, 1.0049147605895996, 1.2809103727340698, 1.1924101114273071, 1.141250491142273, 1.1302461624145508, 1.240049958229065, 1.2147595882415771, 1.1706880331039429, 1.1570767164230347, 1.171014428138733, 1.1616032123565674, 1.189007043838501, 1.1533206701278687, 1.2752232551574707, 1.16252863407135, 1.2145106792449951, 1.1530125141143799]",sae,Pre-64
1,beta,16,0.5,0.4519396108125126,0.4401978349795346,0.4255221917431493,0.5,0.6159012314439947,0.7157482046462309,30,"[0, 1, 2, 3, 4, 5, 6, 7, 8, 9, 10, 11, 12, 13, 14, 15, 16, 17, 18, 19, 20, 21, 22, 23, 24, 25, 26, 27, 28, 29]","[1.155144453048706, 1.1337980031967163, 1.1233099699020386, 1.1950212717056274, 1.1797491312026978, 1.1431095600128174, 1.194365382194519, 1.1770823001861572, 1.1407045125961304, 1.1889445781707764, 1.1803953647613525, 1.1736708879470825, 1.1382813453674316, 1.1618629693984985, 1.068888545036316, 1.121972918510437, 1.2042245864868164, 1.0445743799209595, 1.1478757858276367, 1.1736332178115845, 1.2176194190979004, 1.1968461275100708, 1.194488763809204, 1.1921454668045044, 1.079857349395752, 1.1655960083007812, 1.083346962928772, 1.1446884870529175, 1.1000053882598877, 1.1300923824310303]",sae,Pre-64
1,beta,0,1.0,0.4600628296558519,0.4487196928272481,0.4294260616841683,0.5,0.6146148452673732,0.7212500893551071,30,"[0, 1, 2, 3, 4, 5, 6, 7, 8, 9, 10, 11, 12, 13, 14, 15, 16, 17, 18, 19, 20, 21, 22, 23, 24, 25, 26, 27, 28, 29]","[1.1609565019607544, 1.205399990081787, 1.1734585762023926, 1.2161903381347656, 1.1425961256027222, 1.1842118501663208, 1.2070008516311646, 1.2379403114318848, 1.2223178148269653, 1.1959354877471924, 1.181226134300232, 1.1726235151290894, 1.2236276865005493, 1.2120070457458496, 1.218804955482483, 1.1687568426132202, 1.1801352500915527, 1.143155813217163, 1.0709192752838135, 1.2054029703140259, 1.1369202136993408, 1.1508759260177612, 1.2216984033584595, 1.1585367918014526, 1.1669466495513916, 1.1062743663787842, 1.2285964488983154, 1.136776089668274, 1.1998835802078247, 1.1328357458114624]",sae,Pre-64
1,beta,48,1000.0,0.4556814132376,0.4510566266980289,0.4527119858926932,0.5,0.5923878577171784,0.5876994552846448,30,"[0, 1, 2, 3, 4, 5, 6, 7, 8, 9, 10, 11, 12, 13, 14, 15, 16, 17, 18, 19, 20, 21, 22, 23, 24, 25, 26, 27, 28, 29]","[1.314848780632019, 1.2628027200698853, 1.241004228591919, 1.2374732494354248, 1.2198200225830078, 1.1986083984375, 1.2501070499420166, 1.1745821237564087, 1.2252157926559448, 1.2332372665405273, 1.2725598812103271, 1.2326319217681885, 1.2322970628738403, 1.2276474237442017, 1.1980329751968384, 1.24959397315979, 1.2403693199157715, 1.2576123476028442, 1.2807153463363647, 1.1356396675109863, 1.2306994199752808, 1.2764241695404053, 1.2865550518035889, 1.136379361152649, 1.2335848808288574, 1.253692626953125, 1.2959669828414917, 1.2499793767929077, 1.2189946174621582, 1.252404808998108]",sae,Pre-64
1,beta,24,0.21,0.4501416387440968,0.4383559369047743,0.4439103152590113,0.5,0.6188330126613704,0.6395171300893744,30,"[0, 1, 2, 3, 4, 5, 6, 7, 8, 9, 10, 11, 12, 13, 14, 15, 16, 17, 18, 19, 20, 21, 22, 23, 24, 25, 26, 27, 28, 29]","[1.2124673128128052, 1.1755998134613037, 1.1868178844451904, 1.2273244857788086, 1.242689609527588, 1.1841548681259155, 1.1860560178756714, 1.1832525730133057, 1.2021790742874146, 1.0739104747772217, 1.2058616876602173, 1.1563575267791748, 1.2078834772109985, 1.2294706106185913, 1.1749554872512817, 1.1637247800827026, 1.237532138824463, 1.0551373958587646, 1.169660210609436, 1.2379261255264282, 1.2216182947158813, 1.238648533821106, 1.1921476125717163, 1.2000505924224854, 1.1518317461013794, 1.1153621673583984, 1.1851884126663208, 1.1612211465835571, 1.239385962486267, 1.1791527271270752]",sae,Pre-64
1,beta,48,1.5,0.4556814132376,0.4510566266980289,0.4615256872457267,0.5,0.5923878577171784,0.5876994552846448,30,"[0, 1, 2, 3, 4, 5, 6, 7, 8, 9, 10, 11, 12, 13, 14, 15, 16, 17, 18, 19, 20, 21, 22, 23, 24, 25, 26, 27, 28, 29]","[1.314848780632019, 1.2628027200698853, 1.241004228591919, 1.2374732494354248, 1.2198200225830078, 1.1986083984375, 1.2501070499420166, 1.1745821237564087, 1.2252157926559448, 1.2332372665405273, 1.2725598812103271, 1.2326319217681885, 1.2322970628738403, 1.2276474237442017, 1.1980329751968384, 1.24959397315979, 1.2403693199157715, 1.2576123476028442, 1.2807153463363647, 1.1356396675109863, 1.2306994199752808, 1.2764241695404053, 1.2865550518035889, 1.136379361152649, 1.2335848808288574, 1.253692626953125, 1.2959669828414917, 1.2499793767929077, 1.2189946174621582, 1.252404808998108]",sae,Pre-64
1,beta,45,3.0,0.4515599815008028,0.4347157609968581,0.426928139223353,0.5,0.6289673345145609,0.6747383883815667,30,"[0, 1, 2, 3, 4, 5, 6, 7, 8, 9, 10, 11, 12, 13, 14, 15, 16, 17, 18, 19, 20, 21, 22, 23, 24, 25, 26, 27, 28, 29]","[1.2118186950683594, 1.2046393156051636, 1.1175212860107422, 1.2471874952316284, 1.2435009479522705, 1.0702455043792725, 1.2621617317199707, 1.1873860359191895, 1.158481478691101, 1.0991942882537842, 1.1809848546981812, 1.2580912113189697, 1.2084110975265503, 1.1058392524719238, 1.1608388423919678, 1.1815924644470215, 1.1621969938278198, 1.0576989650726318, 1.1889337301254272, 1.2040725946426392, 1.2099356651306152, 1.1275392770767212, 1.2057688236236572, 1.0658499002456665, 1.0492150783538818, 1.2386078834533691, 1.1468443870544434, 1.167812705039978, 1.0608655214309692, 1.248781681060791]",sae,Pre-64
1,beta,44,0.5,0.4469012312759677,0.43811650775401,0.4450641407978554,0.5,0.5982762074796864,0.6191953474395008,30,"[0, 1, 2, 3, 4, 5, 6, 7, 8, 9, 10, 11, 12, 13, 14, 15, 16, 17, 18, 19, 20, 21, 22, 23, 24, 25, 26, 27, 28, 29]","[1.2328171730041504, 1.2432268857955933, 1.165940523147583, 1.2068599462509155, 1.2343298196792603, 1.2805205583572388, 1.2432183027267456, 1.1860675811767578, 1.2501113414764404, 1.2800593376159668, 1.2280939817428589, 1.1967880725860596, 1.2346524000167847, 1.2085613012313843, 1.2957499027252197, 1.2916450500488281, 1.1771117448806763, 1.0729326009750366, 1.2419569492340088, 1.2252452373504639, 1.2023296356201172, 1.1831284761428833, 1.2203747034072876, 1.2380293607711792, 1.2852684259414673, 1.1772514581680298, 1.2010202407836914, 1.2346395254135132, 1.2157717943191528, 1.245544672012329]",sae,Pre-64
1,beta,1,10.0,0.4560357198099471,0.4497423189216591,0.4373395830060164,0.5,0.5964054457666336,0.680948080464655,30,"[0, 1, 2, 3, 4, 5, 6, 7, 8, 9, 10, 11, 12, 13, 14, 15, 16, 17, 18, 19, 20, 21, 22, 23, 24, 25, 26, 27, 28, 29]","[1.2484626770019531, 1.183357834815979, 1.2077564001083374, 1.127197027206421, 1.1837691068649292, 1.1471096277236938, 1.1291790008544922, 1.2051725387573242, 1.1376121044158936, 1.1618740558624268, 1.1627427339553833, 1.1907955408096313, 1.2489014863967896, 1.1427462100982666, 1.2440361976623535, 1.078278660774231, 1.0989395380020142, 1.1663775444030762, 1.2298505306243896, 1.2602465152740479, 1.2476614713668823, 1.2094584703445435, 1.1924338340759277, 1.1765055656433105, 1.1376926898956299, 1.1597349643707275, 1.16420316696167, 1.178998589515686, 1.2568261623382568, 1.1711331605911255]",sae,Pre-64
1,beta,17,3.0,0.4599327030141671,0.4513468217402507,0.4356333898997919,0.5,0.6120635717004715,0.6982794453738126,30,"[0, 1, 2, 3, 4, 5, 6, 7, 8, 9, 10, 11, 12, 13, 14, 15, 16, 17, 18, 19, 20, 21, 22, 23, 24, 25, 26, 27, 28, 29]","[1.253448724746704, 1.157033085823059, 1.1724380254745483, 1.21102774143219, 1.2398598194122314, 1.1416960954666138, 1.2152034044265747, 1.1179237365722656, 1.1752480268478394, 1.1612284183502197, 1.2127126455307007, 1.234884262084961, 1.1886143684387207, 1.2384566068649292, 1.1679030656814575, 1.1839061975479126, 1.2392202615737915, 1.1842913627624512, 1.217572808265686, 1.1993213891983032, 1.1283472776412964, 1.197530746459961, 1.0647335052490234, 1.1836165189743042, 1.1550945043563843, 1.1692523956298828, 1.1686493158340454, 1.191864013671875, 1.1417936086654663, 1.2131496667861938]",sae,Pre-64
1,beta,20,1000.0,0.4408022875601419,0.4262939306313442,0.4278863436582408,0.5,0.6176087118064704,0.6488779225692263,30,"[0, 1, 2, 3, 4, 5, 6, 7, 8, 9, 10, 11, 12, 13, 14, 15, 16, 17, 18, 19, 20, 21, 22, 23, 24, 25, 26, 27, 28, 29]","[1.1888443231582642, 1.2588075399398804, 1.2090791463851929, 1.276505947113037, 1.265021800994873, 1.2415491342544556, 1.253626823425293, 1.1762081384658813, 1.2560367584228516, 1.204184651374817, 1.1926451921463013, 1.1942633390426636, 1.285210132598877, 1.1553280353546143, 1.1849594116210938, 1.2904577255249023, 1.1613073348999023, 1.195784091949463, 1.2340788841247559, 1.2251707315444946, 1.236037015914917, 1.167548418045044, 1.2559117078781128, 1.2980648279190063, 1.249900221824646, 1.1806350946426392, 1.2032898664474487, 1.2339420318603516, 1.1950137615203857, 1.2724168300628662]",sae,Pre-64
1,beta,11,75.0,0.4566976193509867,0.4496008864727478,0.4314025118568114,0.5,0.5995106990682213,0.709773142295266,30,"[0, 1, 2, 3, 4, 5, 6, 7, 8, 9, 10, 11, 12, 13, 14, 15, 16, 17, 18, 19, 20, 21, 22, 23, 24, 25, 26, 27, 28, 29]","[1.197404384613037, 1.0159912109375, 1.1595122814178467, 1.0947496891021729, 1.2204711437225342, 1.0870051383972168, 1.1269891262054443, 1.0375356674194336, 1.2077991962432861, 1.2207576036453247, 1.2321844100952148, 1.2301312685012817, 1.2398982048034668, 1.1524134874343872, 1.143661618232727, 1.0850900411605835, 1.17250657081604, 1.1216024160385132, 1.160549521446228, 1.1942617893218994, 1.178363561630249, 1.1898934841156006, 1.2164463996887207, 1.1637935638427734, 1.1526267528533936, 1.2090473175048828, 1.2035871744155884, 1.1137361526489258, 1.1602522134780884, 1.1377544403076172]",sae,Pre-64
1,beta,33,50.0,0.4492211383258522,0.4377959816952598,0.4223402424961981,0.5,0.6165210074526608,0.6954138560095032,30,"[0, 1, 2, 3, 4, 5, 6, 7, 8, 9, 10, 11, 12, 13, 14, 15, 16, 17, 18, 19, 20, 21, 22, 23, 24, 25, 26, 27, 28, 29]","[1.1849273443222046, 1.2562428712844849, 1.2136778831481934, 1.194433331489563, 1.149998426437378, 1.2687307596206665, 1.1574212312698364, 1.2470797300338745, 1.2527871131896973, 1.2536271810531616, 1.1950736045837402, 1.2495068311691284, 1.1756917238235474, 1.1588196754455566, 1.1325362920761108, 1.2413465976715088, 1.1629266738891602, 1.1944456100463867, 1.2464298009872437, 1.2438013553619385, 1.1899774074554443, 1.159067153930664, 1.2561681270599365, 1.2361953258514404, 1.2687146663665771, 1.1437739133834839, 1.1919195652008057, 1.171987533569336, 1.145799160003662, 1.191154956817627]",sae,Pre-64
1,beta,26,2.0,0.4502231978181314,0.4442488029476733,0.4427825603714754,0.5,0.5832450787939482,0.6475593742568525,30,"[0, 1, 2, 3, 4, 5, 6, 7, 8, 9, 10, 11, 12, 13, 14, 15, 16, 17, 18, 19, 20, 21, 22, 23, 24, 25, 26, 27, 28, 29]","[1.1555442810058594, 1.2041875123977661, 1.299892783164978, 1.115403652191162, 1.1977704763412476, 1.2426538467407227, 1.2137271165847778, 1.1166235208511353, 1.202622890472412, 1.1893163919448853, 1.098173975944519, 1.2942622900009155, 1.250457763671875, 1.2013744115829468, 1.2439463138580322, 1.1272211074829102, 1.1953763961791992, 1.1167938709259033, 1.2241944074630737, 1.2015106678009033, 1.1450039148330688, 1.2828484773635864, 1.2133245468139648, 1.2307840585708618, 1.2933491468429565, 1.3005832433700562, 1.1806293725967407, 1.226503849029541, 1.0538688898086548, 1.1579833030700684]",sae,Pre-64
1,beta,21,20.0,0.4504746503440228,0.4381370334360364,0.4252995732492081,0.5,0.6200058082774133,0.686910676108207,30,"[0, 1, 2, 3, 4, 5, 6, 7, 8, 9, 10, 11, 12, 13, 14, 15, 16, 17, 18, 19, 20, 21, 22, 23, 24, 25, 26, 27, 28, 29]","[1.1140649318695068, 1.152727723121643, 1.2438535690307617, 1.230009913444519, 1.1658810377120972, 1.1943459510803223, 1.1483663320541382, 1.1402873992919922, 1.204589605331421, 1.1714168787002563, 1.23432457447052, 1.17771315574646, 1.132249355316162, 1.1423084735870361, 1.1501163244247437, 1.1399269104003906, 1.1680771112442017, 1.1623523235321045, 1.1109286546707153, 1.2336747646331787, 1.1268517971038818, 1.2345601320266724, 1.125869870185852, 1.1168842315673828, 1.180175542831421, 1.1148767471313477, 1.053167700767517, 1.1537359952926636, 1.2132099866867065, 1.1823461055755615]",sae,Pre-64
1,beta,4,3.0,0.4589558369307028,0.4477177462853796,0.446499430618692,0.5,0.61034827708266,0.6615802514735983,30,"[0, 1, 2, 3, 4, 5, 6, 7, 8, 9, 10, 11, 12, 13, 14, 15, 16, 17, 18, 19, 20, 21, 22, 23, 24, 25, 26, 27, 28, 29]","[1.1777721643447876, 1.1554479598999023, 1.123734712600708, 1.2367613315582275, 1.1010112762451172, 1.1309430599212646, 1.145643711090088, 1.1165508031845093, 1.1993235349655151, 1.1947863101959229, 1.1990617513656616, 1.1123532056808472, 1.2366323471069336, 1.1637712717056274, 1.1139233112335205, 1.1837881803512573, 1.1833724975585938, 1.168279767036438, 1.1406776905059814, 1.2084177732467651, 1.1869065761566162, 1.2237598896026611, 1.1760855913162231, 1.0962145328521729, 1.1903668642044067, 1.1116077899932861, 1.1601639986038208, 1.1707360744476318, 1.2161426544189453, 1.1170037984848022]",sae,Pre-64
1,beta,38,5.0,0.4455661720406026,0.4298851252298221,0.4237498373689592,0.5,0.6303640517897944,0.6635567402894135,30,"[0, 1, 2, 3, 4, 5, 6, 7, 8, 9, 10, 11, 12, 13, 14, 15, 16, 17, 18, 19, 20, 21, 22, 23, 24, 25, 26, 27, 28, 29]","[1.1721346378326416, 1.1665115356445312, 1.1951327323913574, 1.2084224224090576, 1.1932506561279297, 1.0943678617477417, 1.22554349899292, 1.190416932106018, 1.0534244775772095, 1.212303638458252, 1.196964144706726, 1.1929432153701782, 1.2093898057937622, 1.185971736907959, 1.2129939794540405, 1.1697133779525757, 1.1856392621994019, 1.237824559211731, 1.137427806854248, 1.2083672285079956, 1.1895427703857422, 1.2017890214920044, 1.2302438020706177, 1.1494355201721191, 1.191596269607544, 1.2291513681411743, 1.1410502195358276, 1.2461069822311401, 1.175614595413208, 1.249431848526001]",sae,Pre-64
1,beta,6,1.5,0.4540822999211705,0.4457917896713532,0.4359574713285399,0.5,0.5933447799067053,0.6652910519198336,30,"[0, 1, 2, 3, 4, 5, 6, 7, 8, 9, 10, 11, 12, 13, 14, 15, 16, 17, 18, 19, 20, 21, 22, 23, 24, 25, 26, 27, 28, 29]","[1.2093437910079956, 1.2324018478393555, 1.1689670085906982, 1.2286028861999512, 1.1660292148590088, 1.1364821195602417, 1.1552339792251587, 1.210248351097107, 1.1588280200958252, 1.2276009321212769, 1.1634801626205444, 1.1048387289047241, 1.1711478233337402, 1.1197253465652466, 1.0116533041000366, 1.2269690036773682, 1.129739761352539, 1.1970460414886475, 1.1658244132995605, 1.1922228336334229, 1.1664220094680786, 1.1494638919830322, 1.2115159034729004, 1.2004733085632324, 1.147264838218689, 1.1653865575790405, 1.1267348527908325, 1.1380363702774048, 1.188260555267334, 1.2108981609344482]",sae,Pre-64
1,beta,13,0.25,0.4619123366083722,0.4531466051409948,0.4367075282311671,0.5,0.6127276801885291,0.7078533544376054,30,"[0, 1, 2, 3, 4, 5, 6, 7, 8, 9, 10, 11, 12, 13, 14, 15, 16, 17, 18, 19, 20, 21, 22, 23, 24, 25, 26, 27, 28, 29]","[1.37277352809906, 1.1870601177215576, 1.355928659439087, 1.2972688674926758, 1.2701081037521362, 1.3588628768920898, 1.2993446588516235, 1.3038115501403809, 1.3220418691635132, 1.3044084310531616, 1.3674359321594238, 1.2965272665023804, 1.310884714126587, 1.3342735767364502, 1.3320802450180054, 1.2636735439300537, 1.2508114576339722, 1.327162742614746, 1.2941150665283203, 1.2958136796951294, 1.2679996490478516, 1.222973108291626, 1.2464840412139893, 1.272557020187378, 1.2883883714675903, 1.2445930242538452, 1.2874834537506104, 1.259334683418274, 1.3022127151489258, 1.3040450811386108]",sae,Pre-64
1,beta,28,1.0,0.4589844236982603,0.4495627040154577,0.4363597930098649,0.5,0.5987249917034086,0.6954499122931779,30,"[0, 1, 2, 3, 4, 5, 6, 7, 8, 9, 10, 11, 12, 13, 14, 15, 16, 17, 18, 19, 20, 21, 22, 23, 24, 25, 26, 27, 28, 29]","[1.1352343559265137, 1.0775038003921509, 1.0399432182312012, 1.2336927652359009, 1.179149866104126, 1.2072476148605347, 1.1323752403259277, 1.10542631149292, 1.2175010442733765, 1.2215855121612549, 1.176476240158081, 1.2057819366455078, 1.218854308128357, 1.2209949493408203, 1.1551659107208252, 1.1379764080047607, 1.1653257608413696, 1.2166705131530762, 1.183241605758667, 1.1995640993118286, 1.135400652885437, 1.153017282485962, 1.1304819583892822, 1.08482027053833, 1.1267801523208618, 1.205606460571289, 1.2566165924072266, 1.1601134538650513, 1.1428003311157227, 1.122060775756836]",sae,Pre-64
1,beta,20,1.5,0.4408022875601419,0.4262939306313442,0.4214986782811213,0.5,0.6176087118064704,0.6488779225692263,30,"[0, 1, 2, 3, 4, 5, 6, 7, 8, 9, 10, 11, 12, 13, 14, 15, 16, 17, 18, 19, 20, 21, 22, 23, 24, 25, 26, 27, 28, 29]","[1.1888443231582642, 1.2588075399398804, 1.2090791463851929, 1.276505947113037, 1.265021800994873, 1.2415491342544556, 1.253626823425293, 1.1762081384658813, 1.2560367584228516, 1.204184651374817, 1.1926451921463013, 1.1942633390426636, 1.285210132598877, 1.1553280353546143, 1.1849594116210938, 1.2904577255249023, 1.1613073348999023, 1.195784091949463, 1.2340788841247559, 1.2251707315444946, 1.236037015914917, 1.167548418045044, 1.2559117078781128, 1.2980648279190063, 1.249900221824646, 1.1806350946426392, 1.2032898664474487, 1.2339420318603516, 1.1950137615203857, 1.2724168300628662]",sae,Pre-64
1,beta,32,3.0,0.4555596844830426,0.4475674839123162,0.4501171251035589,0.5,0.5924839124839124,0.6273726788012502,30,"[0, 1, 2, 3, 4, 5, 6, 7, 8, 9, 10, 11, 12, 13, 14, 15, 16, 17, 18, 19, 20, 21, 22, 23, 24, 25, 26, 27, 28, 29]","[1.28597891330719, 1.1913915872573853, 1.2832305431365967, 1.218367338180542, 1.2208343744277954, 1.3007514476776123, 1.2324695587158203, 1.1970856189727783, 1.2136499881744385, 1.2141656875610352, 1.2057666778564453, 1.2006953954696655, 1.2301374673843384, 1.1585408449172974, 1.1468251943588257, 1.169873833656311, 1.1970511674880981, 1.2234464883804321, 1.1713792085647583, 1.2120120525360107, 1.2902600765228271, 1.2123761177062988, 1.170460820198059, 1.290606141090393, 1.2252774238586426, 1.167966604232788, 1.2753394842147827, 1.0860527753829956, 1.292422890663147, 1.2855812311172485]",sae,Pre-64
1,beta,17,100.0,0.4599327030141671,0.4513468217402507,0.4356333898997919,0.5,0.6120635717004715,0.6982794453738126,30,"[0, 1, 2, 3, 4, 5, 6, 7, 8, 9, 10, 11, 12, 13, 14, 15, 16, 17, 18, 19, 20, 21, 22, 23, 24, 25, 26, 27, 28, 29]","[1.253448724746704, 1.157033085823059, 1.1724380254745483, 1.21102774143219, 1.2398598194122314, 1.1416960954666138, 1.2152034044265747, 1.1179237365722656, 1.1752480268478394, 1.1612284183502197, 1.2127126455307007, 1.234884262084961, 1.1886143684387207, 1.2384566068649292, 1.1679030656814575, 1.1839061975479126, 1.2392202615737915, 1.1842913627624512, 1.217572808265686, 1.1993213891983032, 1.1283472776412964, 1.197530746459961, 1.0647335052490234, 1.1836165189743042, 1.1550945043563843, 1.1692523956298828, 1.1686493158340454, 1.191864013671875, 1.1417936086654663, 1.2131496667861938]",sae,Pre-64
1,beta,42,0.25,0.4546678683050885,0.4407690563496341,0.4389752820633482,0.5,0.6336081445133979,0.6603511208928656,30,"[0, 1, 2, 3, 4, 5, 6, 7, 8, 9, 10, 11, 12, 13, 14, 15, 16, 17, 18, 19, 20, 21, 22, 23, 24, 25, 26, 27, 28, 29]","[1.2767118215560913, 1.1509020328521729, 1.2741888761520386, 1.2517021894454956, 1.16533625125885, 1.2553739547729492, 1.1647206544876099, 1.148014783859253, 1.1693377494812012, 1.2613091468811035, 1.2386943101882935, 1.2795376777648926, 1.1614588499069214, 1.0049147605895996, 1.2809103727340698, 1.1924101114273071, 1.141250491142273, 1.1302461624145508, 1.240049958229065, 1.2147595882415771, 1.1706880331039429, 1.1570767164230347, 1.171014428138733, 1.1616032123565674, 1.189007043838501, 1.1533206701278687, 1.2752232551574707, 1.16252863407135, 1.2145106792449951, 1.1530125141143799]",sae,Pre-64
1,beta,37,0.21,0.4546908257221888,0.444978337644671,0.4248521975553931,0.5,0.6058579085235571,0.7202592918965247,30,"[0, 1, 2, 3, 4, 5, 6, 7, 8, 9, 10, 11, 12, 13, 14, 15, 16, 17, 18, 19, 20, 21, 22, 23, 24, 25, 26, 27, 28, 29]","[1.1383056640625, 1.213341236114502, 1.177707552909851, 1.16965913772583, 1.1041587591171265, 1.2045390605926514, 1.1453032493591309, 1.249243140220642, 1.2818135023117065, 1.2036993503570557, 1.1849234104156494, 1.1868669986724854, 1.214905858039856, 1.1719192266464233, 1.2408273220062256, 1.1888898611068726, 1.1841654777526855, 1.2297459840774536, 1.199540138244629, 1.1944150924682617, 1.1982941627502441, 1.2023546695709229, 1.2497965097427368, 1.2272303104400635, 1.1954416036605835, 1.2279680967330933, 1.1945136785507202, 1.198485016822815, 1.2278281450271606, 1.2478563785552979]",sae,Pre-64
1,beta,19,0.2,0.4469965829377276,0.435497383761294,0.4126882780877415,0.5,0.6104665954706788,0.7118431384866665,30,"[0, 1, 2, 3, 4, 5, 6, 7, 8, 9, 10, 11, 12, 13, 14, 15, 16, 17, 18, 19, 20, 21, 22, 23, 24, 25, 26, 27, 28, 29]","[1.2496321201324463, 1.2592658996582031, 1.330209493637085, 1.2789145708084106, 1.1831415891647339, 1.202292561531067, 1.2473852634429932, 1.310292363166809, 1.231589913368225, 1.3267878293991089, 1.3130207061767578, 1.3464775085449219, 1.24785315990448, 1.25906503200531, 1.1635303497314453, 1.1870285272598267, 1.3187905550003052, 1.3513734340667725, 1.2033429145812988, 1.2365314960479736, 1.3596763610839844, 1.2451777458190918, 1.238120198249817, 1.2398293018341064, 1.2391473054885864, 1.322577714920044, 1.3424699306488037, 1.2641569375991821, 1.2076239585876465, 1.2190907001495361]",sae,Pre-64
1,beta,8,0.23,0.4517491928182039,0.4406431065890545,0.435087654693021,0.5,0.6098144493254953,0.6772224698117613,30,"[0, 1, 2, 3, 4, 5, 6, 7, 8, 9, 10, 11, 12, 13, 14, 15, 16, 17, 18, 19, 20, 21, 22, 23, 24, 25, 26, 27, 28, 29]","[1.151686429977417, 1.2512857913970947, 1.2040138244628906, 1.2243894338607788, 1.2731984853744507, 1.2135158777236938, 1.258853793144226, 1.1934025287628174, 1.2346808910369873, 1.2460095882415771, 1.2667667865753174, 1.2185713052749634, 1.2180607318878174, 1.234438419342041, 1.2521809339523315, 1.192116379737854, 1.2112736701965332, 1.2265492677688599, 1.1557681560516357, 1.180972933769226, 1.1779793500900269, 1.160044550895691, 1.2591547966003418, 1.1913217306137085, 1.2542831897735596, 1.2589805126190186, 1.1686543226242065, 1.2547879219055176, 1.226935625076294, 1.2008020877838135]",sae,Pre-64
1,beta,45,100.0,0.4515599815008028,0.4347157609968581,0.4337076776343012,0.5,0.6289673345145609,0.6747383883815667,30,"[0, 1, 2, 3, 4, 5, 6, 7, 8, 9, 10, 11, 12, 13, 14, 15, 16, 17, 18, 19, 20, 21, 22, 23, 24, 25, 26, 27, 28, 29]","[1.2118186950683594, 1.2046393156051636, 1.1175212860107422, 1.2471874952316284, 1.2435009479522705, 1.0702455043792725, 1.2621617317199707, 1.1873860359191895, 1.158481478691101, 1.0991942882537842, 1.1809848546981812, 1.2580912113189697, 1.2084110975265503, 1.1058392524719238, 1.1608388423919678, 1.1815924644470215, 1.1621969938278198, 1.0576989650726318, 1.1889337301254272, 1.2040725946426392, 1.2099356651306152, 1.1275392770767212, 1.2057688236236572, 1.0658499002456665, 1.0492150783538818, 1.2386078834533691, 1.1468443870544434, 1.167812705039978, 1.0608655214309692, 1.248781681060791]",sae,Pre-64
1,beta,16,10.0,0.4519396108125126,0.4401978349795346,0.4226192514580888,0.5,0.6159012314439947,0.7157482046462309,30,"[0, 1, 2, 3, 4, 5, 6, 7, 8, 9, 10, 11, 12, 13, 14, 15, 16, 17, 18, 19, 20, 21, 22, 23, 24, 25, 26, 27, 28, 29]","[1.155144453048706, 1.1337980031967163, 1.1233099699020386, 1.1950212717056274, 1.1797491312026978, 1.1431095600128174, 1.194365382194519, 1.1770823001861572, 1.1407045125961304, 1.1889445781707764, 1.1803953647613525, 1.1736708879470825, 1.1382813453674316, 1.1618629693984985, 1.068888545036316, 1.121972918510437, 1.2042245864868164, 1.0445743799209595, 1.1478757858276367, 1.1736332178115845, 1.2176194190979004, 1.1968461275100708, 1.194488763809204, 1.1921454668045044, 1.079857349395752, 1.1655960083007812, 1.083346962928772, 1.1446884870529175, 1.1000053882598877, 1.1300923824310303]",sae,Pre-64
1,beta,40,2.0,0.44666181227492,0.4340193094910912,0.4247196156173888,0.5,0.6093636266731638,0.6687813123391555,30,"[0, 1, 2, 3, 4, 5, 6, 7, 8, 9, 10, 11, 12, 13, 14, 15, 16, 17, 18, 19, 20, 21, 22, 23, 24, 25, 26, 27, 28, 29]","[1.2192795276641846, 1.1627495288848877, 1.1719245910644531, 1.11849045753479, 1.135270118713379, 1.1779391765594482, 1.1913443803787231, 1.1937462091445923, 1.2064859867095947, 1.201514720916748, 1.149951457977295, 1.1584373712539673, 1.2228493690490723, 1.112459421157837, 1.1239572763442993, 1.2368988990783691, 1.1208115816116333, 1.179778814315796, 1.1400268077850342, 1.1179053783416748, 1.1553407907485962, 1.1589585542678833, 1.194280743598938, 1.1646192073822021, 1.205991506576538, 1.145589828491211, 1.2156630754470825, 1.108210802078247, 1.2394895553588867, 1.1593530178070068]",sae,Pre-64
1,beta,29,10.0,0.4558655961502112,0.4409050416793991,0.4400945432916258,0.5,0.6296548282533407,0.6689000750796879,30,"[0, 1, 2, 3, 4, 5, 6, 7, 8, 9, 10, 11, 12, 13, 14, 15, 16, 17, 18, 19, 20, 21, 22, 23, 24, 25, 26, 27, 28, 29]","[1.194935917854309, 1.1385749578475952, 1.0295852422714233, 1.238612413406372, 1.1851270198822021, 1.162545919418335, 1.2411545515060425, 1.166039228439331, 1.2299060821533203, 1.2362966537475586, 1.1895782947540283, 1.2295013666152954, 1.231622576713562, 1.2365245819091797, 1.1724414825439453, 1.2314629554748535, 1.110655665397644, 1.1652898788452148, 1.1510244607925415, 1.1959142684936523, 1.249851107597351, 1.2568353414535522, 1.1828466653823853, 1.198325514793396, 1.1877683401107788, 1.1336921453475952, 1.1967061758041382, 1.2367507219314575, 1.2920050621032715, 1.1695195436477661]",sae,Pre-64
1,beta,47,0.2,0.4460371044958436,0.4257646434940195,0.4038360844656299,0.5,0.6434257056516428,0.7299395614993892,30,"[0, 1, 2, 3, 4, 5, 6, 7, 8, 9, 10, 11, 12, 13, 14, 15, 16, 17, 18, 19, 20, 21, 22, 23, 24, 25, 26, 27, 28, 29]","[1.321993350982666, 1.1735669374465942, 1.1991509199142456, 1.189745545387268, 1.271051049232483, 1.310168981552124, 1.2691278457641602, 1.2434768676757812, 1.2556836605072021, 1.216921091079712, 1.2179547548294067, 1.1417765617370605, 1.1965402364730835, 1.32461416721344, 1.145634651184082, 1.2676314115524292, 1.195065975189209, 1.2741566896438599, 1.117039680480957, 1.1724052429199219, 1.2065726518630981, 1.25606107711792, 1.2581514120101929, 1.1766148805618286, 1.2608648538589478, 1.1376038789749146, 1.12459397315979, 1.2416424751281738, 1.1852281093597412, 1.2449522018432617]",sae,Pre-64
1,beta,10,5.0,0.4493907433353129,0.4390813823454372,0.4315131158769254,0.5,0.6232207829487961,0.6743909002834692,30,"[0, 1, 2, 3, 4, 5, 6, 7, 8, 9, 10, 11, 12, 13, 14, 15, 16, 17, 18, 19, 20, 21, 22, 23, 24, 25, 26, 27, 28, 29]","[1.1427899599075317, 1.068242073059082, 1.199394941329956, 1.158583641052246, 1.149035930633545, 1.1689698696136475, 1.2380726337432861, 1.1728394031524658, 1.0578781366348267, 1.1875046491622925, 1.1654369831085205, 1.1715285778045654, 1.1657956838607788, 1.1442753076553345, 1.2309560775756836, 1.1749398708343506, 1.1827489137649536, 1.12376070022583, 1.1349002122879028, 1.1247795820236206, 1.1484092473983765, 1.1541001796722412, 1.2148005962371826, 1.210876226425171, 1.1075263023376465, 1.1338322162628174, 1.1668912172317505, 1.1912418603897095, 1.1516903638839722, 1.169378399848938]",sae,Pre-64
1,beta,0,30.0,0.4600628296558519,0.4487196928272481,0.4294260616841683,0.5,0.6146148452673732,0.7212500893551071,30,"[0, 1, 2, 3, 4, 5, 6, 7, 8, 9, 10, 11, 12, 13, 14, 15, 16, 17, 18, 19, 20, 21, 22, 23, 24, 25, 26, 27, 28, 29]","[1.1609565019607544, 1.205399990081787, 1.1734585762023926, 1.2161903381347656, 1.1425961256027222, 1.1842118501663208, 1.2070008516311646, 1.2379403114318848, 1.2223178148269653, 1.1959354877471924, 1.181226134300232, 1.1726235151290894, 1.2236276865005493, 1.2120070457458496, 1.218804955482483, 1.1687568426132202, 1.1801352500915527, 1.143155813217163, 1.0709192752838135, 1.2054029703140259, 1.1369202136993408, 1.1508759260177612, 1.2216984033584595, 1.1585367918014526, 1.1669466495513916, 1.1062743663787842, 1.2285964488983154, 1.136776089668274, 1.1998835802078247, 1.1328357458114624]",sae,Pre-64
1,beta,12,2.0,0.4455148672091349,0.4361346773072694,0.401656591769187,0.5,0.5892778403611032,0.732179722690948,30,"[0, 1, 2, 3, 4, 5, 6, 7, 8, 9, 10, 11, 12, 13, 14, 15, 16, 17, 18, 19, 20, 21, 22, 23, 24, 25, 26, 27, 28, 29]","[1.1510069370269775, 1.238104224205017, 1.1669384241104126, 1.0727007389068604, 1.2094347476959229, 1.160822868347168, 1.1686755418777466, 1.231000304222107, 1.250001072883606, 1.1482594013214111, 1.1463829278945923, 1.2851383686065674, 1.1506091356277466, 1.2207391262054443, 1.1269334554672241, 1.2875975370407104, 1.111490249633789, 1.2468537092208862, 1.1965770721435547, 1.2625105381011963, 1.2613308429718018, 1.1978631019592285, 1.1764955520629883, 1.2832802534103394, 1.261273980140686, 1.1248352527618408, 1.2639222145080566, 1.2385042905807495, 1.1889654397964478, 1.2939741611480713]",sae,Pre-64
1,beta,22,0.75,0.4519005213187685,0.4442985770479847,0.4349135853995141,0.5,0.5939599289403404,0.6815271356133603,30,"[0, 1, 2, 3, 4, 5, 6, 7, 8, 9, 10, 11, 12, 13, 14, 15, 16, 17, 18, 19, 20, 21, 22, 23, 24, 25, 26, 27, 28, 29]","[1.1179190874099731, 1.168941855430603, 1.1830703020095825, 1.1668369770050049, 1.2358616590499878, 1.1766568422317505, 1.1327937841415405, 1.165419340133667, 1.125562310218811, 1.1434152126312256, 1.1285946369171143, 1.224861741065979, 1.1848485469818115, 1.2125139236450195, 1.133904218673706, 1.1921454668045044, 1.203025460243225, 1.2069814205169678, 1.1357468366622925, 1.1382958889007568, 1.198440432548523, 1.1977695226669312, 1.207923412322998, 1.1743204593658447, 1.1639965772628784, 1.2263959646224976, 1.1249594688415527, 1.1282567977905273, 1.2587064504623413, 1.1409783363342285]",sae,Pre-64
1,beta,34,1.5,0.4568527557813058,0.4470225010708758,0.4383295913120765,0.5,0.6011606799053854,0.6760287318218534,30,"[0, 1, 2, 3, 4, 5, 6, 7, 8, 9, 10, 11, 12, 13, 14, 15, 16, 17, 18, 19, 20, 21, 22, 23, 24, 25, 26, 27, 28, 29]","[1.137890338897705, 1.2171109914779663, 1.2127997875213623, 1.1824638843536377, 1.152029275894165, 1.1444475650787354, 1.1735047101974487, 1.0769213438034058, 1.1361875534057617, 1.1606651544570923, 1.2005587816238403, 1.015907645225525, 1.1853113174438477, 1.0790728330612183, 1.1112900972366333, 1.1400375366210938, 1.2139219045639038, 1.2259365320205688, 1.1806495189666748, 1.1336230039596558, 1.175050139427185, 1.2325819730758667, 1.1709409952163696, 1.1730239391326904, 1.1460753679275513, 1.094346284866333, 1.2428449392318726, 1.229536533355713, 1.2293792963027954, 1.190686821937561]",sae,Pre-64
1,beta,23,5.0,0.4478205607315014,0.4344954522622479,0.4249153080871333,0.5,0.6150139710231751,0.6687422750907323,30,"[0, 1, 2, 3, 4, 5, 6, 7, 8, 9, 10, 11, 12, 13, 14, 15, 16, 17, 18, 19, 20, 21, 22, 23, 24, 25, 26, 27, 28, 29]","[1.1367353200912476, 1.1628820896148682, 1.1104114055633545, 1.2438031435012817, 1.0608277320861816, 1.1336368322372437, 1.211327075958252, 1.1689966917037964, 1.136163353919983, 1.248887538909912, 1.2434972524642944, 1.19732666015625, 1.1961266994476318, 1.0783805847167969, 1.1963282823562622, 1.2420802116394043, 0.9979529976844788, 1.167960286140442, 1.1316879987716675, 1.1474251747131348, 1.2360974550247192, 1.2508002519607544, 1.1319223642349243, 1.2472549676895142, 1.2268574237823486, 1.1909486055374146, 1.1608943939208984, 1.1226544380187988, 1.1709887981414795, 1.2530566453933716]",sae,Pre-64
1,beta,44,10.0,0.4469012312759677,0.43811650775401,0.4383886032408656,0.5,0.5982762074796864,0.6190848668045466,30,"[0, 1, 2, 3, 4, 5, 6, 7, 8, 9, 10, 11, 12, 13, 14, 15, 16, 17, 18, 19, 20, 21, 22, 23, 24, 25, 26, 27, 28, 29]","[1.188148856163025, 1.2002507448196411, 1.1204805374145508, 1.1610747575759888, 1.1904850006103516, 1.2366626262664795, 1.1955641508102417, 1.144327998161316, 1.206619143486023, 1.2314187288284302, 1.1892151832580566, 1.1514842510223389, 1.187224268913269, 1.1622644662857056, 1.248563528060913, 1.2472829818725586, 1.1387724876403809, 1.0304396152496338, 1.2001614570617676, 1.1816792488098145, 1.1582975387573242, 1.1419570446014404, 1.1716670989990234, 1.1951204538345337, 1.2422082424163818, 1.1315513849258423, 1.152037262916565, 1.1923751831054688, 1.1700479984283447, 1.2005369663238525]",sae,Pre-64
1,beta,10,0.21,0.4493907433353129,0.4390813823454372,0.4378373003843949,0.5,0.6232207829487961,0.6759539273027378,30,"[0, 1, 2, 3, 4, 5, 6, 7, 8, 9, 10, 11, 12, 13, 14, 15, 16, 17, 18, 19, 20, 21, 22, 23, 24, 25, 26, 27, 28, 29]","[1.208980679512024, 1.135790228843689, 1.2757771015167236, 1.223987102508545, 1.2155447006225586, 1.2388482093811035, 1.3098185062408447, 1.2413781881332397, 1.1221435070037842, 1.2582776546478271, 1.2286819219589233, 1.243626356124878, 1.2375715970993042, 1.2138736248016357, 1.3043080568313599, 1.2429594993591309, 1.2498235702514648, 1.1859923601150513, 1.2102727890014648, 1.1867740154266357, 1.2098827362060547, 1.2176810503005981, 1.2838412523269653, 1.2794946432113647, 1.1832242012023926, 1.1915981769561768, 1.2310690879821777, 1.2508913278579712, 1.2222154140472412, 1.2472281455993652]",sae,Pre-64
1,beta,46,3.0,0.4545712902572906,0.4417269056853911,0.4355960869464053,0.5,0.6270377926330811,0.6841009761445498,30,"[0, 1, 2, 3, 4, 5, 6, 7, 8, 9, 10, 11, 12, 13, 14, 15, 16, 17, 18, 19, 20, 21, 22, 23, 24, 25, 26, 27, 28, 29]","[1.154767394065857, 1.227081537246704, 1.2429275512695312, 1.2448883056640625, 1.1829752922058105, 1.2766703367233276, 1.184883952140808, 1.2525430917739868, 1.2228230237960815, 1.2935329675674438, 1.0590815544128418, 1.1557743549346924, 1.295918583869934, 1.1653231382369995, 1.2226365804672241, 1.2752548456192017, 1.2336431741714478, 1.2529560327529907, 1.253047227859497, 1.2707768678665161, 1.200863003730774, 1.2171014547348022, 1.2470494508743286, 1.232546091079712, 1.2547560930252075, 1.260716199874878, 1.2299758195877075, 1.279518485069275, 1.224043607711792, 1.2248477935791016]",sae,Pre-64
1,beta,1,500.0,0.4560357198099471,0.4497423189216591,0.4414277873228484,0.5,0.5964054457666336,0.680948080464655,30,"[0, 1, 2, 3, 4, 5, 6, 7, 8, 9, 10, 11, 12, 13, 14, 15, 16, 17, 18, 19, 20, 21, 22, 23, 24, 25, 26, 27, 28, 29]","[1.2484626770019531, 1.183357834815979, 1.2077564001083374, 1.127197027206421, 1.1837691068649292, 1.1471096277236938, 1.1291790008544922, 1.2051725387573242, 1.1376121044158936, 1.1618740558624268, 1.1627427339553833, 1.1907955408096313, 1.2489014863967896, 1.1427462100982666, 1.2440361976623535, 1.078278660774231, 1.0989395380020142, 1.1663775444030762, 1.2298505306243896, 1.2602465152740479, 1.2476614713668823, 1.2094584703445435, 1.1924338340759277, 1.1765055656433105, 1.1376926898956299, 1.1597349643707275, 1.16420316696167, 1.178998589515686, 1.2568261623382568, 1.1711331605911255]",sae,Pre-64
1,beta,29,0.19,0.4558655961502112,0.4409050416793991,0.4505630282302238,0.5,0.6296548282533407,0.6686498094534469,30,"[0, 1, 2, 3, 4, 5, 6, 7, 8, 9, 10, 11, 12, 13, 14, 15, 16, 17, 18, 19, 20, 21, 22, 23, 24, 25, 26, 27, 28, 29]","[1.2166703939437866, 1.1618132591247559, 1.0457968711853027, 1.2598413228988647, 1.204227328300476, 1.1851445436477661, 1.2647842168807983, 1.1855018138885498, 1.250219464302063, 1.2581114768981934, 1.2110815048217773, 1.2469348907470703, 1.2537816762924194, 1.257976770401001, 1.1948541402816772, 1.2505120038986206, 1.1329457759857178, 1.1862810850143433, 1.1693332195281982, 1.2170565128326416, 1.2724336385726929, 1.2783443927764893, 1.2036813497543335, 1.218353509902954, 1.2085829973220825, 1.1538110971450806, 1.2185243368148804, 1.2634896039962769, 1.3130111694335938, 1.1893212795257568]",sae,Pre-64
1,beta,2,10.0,0.4419681213812466,0.4306250660512843,0.4154649232628609,0.5,0.6028191218064636,0.6886562804284323,30,"[0, 1, 2, 3, 4, 5, 6, 7, 8, 9, 10, 11, 12, 13, 14, 15, 16, 17, 18, 19, 20, 21, 22, 23, 24, 25, 26, 27, 28, 29]","[1.1491129398345947, 1.1618432998657227, 1.1426033973693848, 1.191449761390686, 1.1310452222824097, 1.2005151510238647, 1.17189359664917, 1.1661605834960938, 1.12075674533844, 1.1253643035888672, 1.1488215923309326, 1.1343861818313599, 1.16419517993927, 1.20036780834198, 1.190604567527771, 1.1571122407913208, 1.179641604423523, 1.2343209981918335, 1.221923589706421, 1.2101647853851318, 1.1568256616592407, 1.1531498432159424, 1.1994770765304565, 1.1852316856384277, 1.1635690927505493, 1.1419733762741089, 1.1855614185333252, 1.1774711608886719, 1.0223711729049683, 1.220582127571106]",sae,Pre-64
1,beta,23,200.0,0.4478205607315014,0.4344954522622479,0.4293385389136565,0.5,0.6150139710231751,0.6687422750907323,30,"[0, 1, 2, 3, 4, 5, 6, 7, 8, 9, 10, 11, 12, 13, 14, 15, 16, 17, 18, 19, 20, 21, 22, 23, 24, 25, 26, 27, 28, 29]","[1.1367353200912476, 1.1628820896148682, 1.1104114055633545, 1.2438031435012817, 1.0608277320861816, 1.1336368322372437, 1.211327075958252, 1.1689966917037964, 1.136163353919983, 1.248887538909912, 1.2434972524642944, 1.19732666015625, 1.1961266994476318, 1.0783805847167969, 1.1963282823562622, 1.2420802116394043, 0.9979529976844788, 1.167960286140442, 1.1316879987716675, 1.1474251747131348, 1.2360974550247192, 1.2508002519607544, 1.1319223642349243, 1.2472549676895142, 1.2268574237823486, 1.1909486055374146, 1.1608943939208984, 1.1226544380187988, 1.1709887981414795, 1.2530566453933716]",sae,Pre-64
1,beta,18,3.0,0.4575117633693479,0.4471831599677374,0.4174858762156649,0.5,0.6052065040104606,0.7279783219994782,30,"[0, 1, 2, 3, 4, 5, 6, 7, 8, 9, 10, 11, 12, 13, 14, 15, 16, 17, 18, 19, 20, 21, 22, 23, 24, 25, 26, 27, 28, 29]","[1.08156156539917, 1.1808451414108276, 1.2274887561798096, 1.1775970458984375, 1.1839946508407593, 1.1783868074417114, 1.302558422088623, 1.1474957466125488, 1.2003755569458008, 1.1137614250183105, 1.279771089553833, 1.1947054862976074, 1.217077374458313, 1.243087649345398, 1.1674503087997437, 1.1044795513153076, 1.2428091764450073, 1.1572407484054565, 1.1403177976608276, 1.0754040479660034, 1.2844663858413696, 1.1361045837402344, 1.2445805072784424, 1.2017990350723267, 1.1962649822235107, 1.1700507402420044, 1.2117968797683716, 1.2385376691818237, 1.2291908264160156, 1.181313395500183]",sae,Pre-64
1,beta,14,0.25,0.4467366851483266,0.4421697276018216,0.4263685008861882,0.5,0.5934222168898753,0.7002984447877143,30,"[0, 1, 2, 3, 4, 5, 6, 7, 8, 9, 10, 11, 12, 13, 14, 15, 16, 17, 18, 19, 20, 21, 22, 23, 24, 25, 26, 27, 28, 29]","[1.2320702075958252, 1.125587821006775, 1.1807453632354736, 1.209646224975586, 1.240796446800232, 1.205031394958496, 1.1940182447433472, 1.2626721858978271, 1.20757257938385, 1.2449593544006348, 1.1563359498977661, 1.099060297012329, 1.1256846189498901, 1.2495203018188477, 1.2512849569320679, 1.208459734916687, 1.2676548957824707, 1.2593088150024414, 1.187179684638977, 1.1955465078353882, 1.2244993448257446, 1.2036840915679932, 1.2570534944534302, 1.160264015197754, 1.2609204053878784, 1.2517701387405396, 1.187247633934021, 1.2598555088043213, 1.2473186254501343, 1.1305617094039917]",sae,Pre-64
1,beta,7,20.0,0.4564836922581216,0.4420418003909208,0.4256817062626628,0.5,0.6095136152062148,0.7000084039932237,30,"[0, 1, 2, 3, 4, 5, 6, 7, 8, 9, 10, 11, 12, 13, 14, 15, 16, 17, 18, 19, 20, 21, 22, 23, 24, 25, 26, 27, 28, 29]","[1.186367392539978, 1.203552484512329, 1.2273681163787842, 1.1744158267974854, 1.2427024841308594, 1.194297194480896, 1.1417649984359741, 1.1899380683898926, 1.274727702140808, 1.2103523015975952, 1.1130813360214233, 1.1793581247329712, 1.1271109580993652, 1.140200138092041, 1.2939406633377075, 1.2133886814117432, 1.183907389640808, 1.1221195459365845, 1.2292346954345703, 1.2417727708816528, 1.200108528137207, 1.2005424499511719, 1.201027750968933, 1.1506562232971191, 1.259361982345581, 1.2019909620285034, 1.2091292142868042, 1.0751577615737915, 1.2751001119613647, 1.1631182432174683]",sae,Pre-64
1,beta,49,0.23,0.462130925118617,0.4524487678230295,0.4462707482384424,0.5,0.6141152509743157,0.6820620275156126,30,"[0, 1, 2, 3, 4, 5, 6, 7, 8, 9, 10, 11, 12, 13, 14, 15, 16, 17, 18, 19, 20, 21, 22, 23, 24, 25, 26, 27, 28, 29]","[1.1956130266189575, 1.2339763641357422, 1.2274754047393799, 1.2181980609893799, 1.157790184020996, 1.2040115594863892, 1.2636560201644897, 1.1616443395614624, 1.268315315246582, 1.2436529397964478, 1.1828595399856567, 1.183995008468628, 1.231278896331787, 1.2395967245101929, 1.255423903465271, 1.2154138088226318, 1.3021315336227417, 1.2758970260620117, 1.1539477109909058, 1.2446410655975342, 1.2854317426681519, 1.2034355401992798, 1.2803972959518433, 1.23911714553833, 1.2064900398254395, 1.2346546649932861, 1.244968295097351, 1.2066304683685303, 1.110992670059204, 1.1994036436080933]",sae,Pre-64
1,beta,44,0.22,0.4469012312759677,0.43811650775401,0.4499289993063874,0.5,0.5982762074796864,0.6191953474395008,30,"[0, 1, 2, 3, 4, 5, 6, 7, 8, 9, 10, 11, 12, 13, 14, 15, 16, 17, 18, 19, 20, 21, 22, 23, 24, 25, 26, 27, 28, 29]","[1.2328522205352783, 1.2432619333267212, 1.165975570678711, 1.206894874572754, 1.2343647480010986, 1.2805554866790771, 1.2432533502578735, 1.1861026287078857, 1.2501463890075684, 1.2800942659378052, 1.2281290292739868, 1.1968231201171875, 1.2346874475479126, 1.2085963487625122, 1.295784831047058, 1.291680097579956, 1.1771467924118042, 1.0729676485061646, 1.2419919967651367, 1.2252802848815918, 1.2023645639419556, 1.1831634044647217, 1.220409631729126, 1.2380644083023071, 1.2853034734725952, 1.1772865056991577, 1.2010551691055298, 1.2346745729446411, 1.2158068418502808, 1.2455796003341675]",sae,Pre-64
1,beta,40,75.0,0.44666181227492,0.4340193094910912,0.4277079325824439,0.5,0.6093636266731638,0.6687813123391555,30,"[0, 1, 2, 3, 4, 5, 6, 7, 8, 9, 10, 11, 12, 13, 14, 15, 16, 17, 18, 19, 20, 21, 22, 23, 24, 25, 26, 27, 28, 29]","[1.2192795276641846, 1.1627495288848877, 1.1719245910644531, 1.11849045753479, 1.135270118713379, 1.1779391765594482, 1.1913443803787231, 1.1937462091445923, 1.2064859867095947, 1.201514720916748, 1.149951457977295, 1.1584373712539673, 1.2228493690490723, 1.112459421157837, 1.1239572763442993, 1.2368988990783691, 1.1208115816116333, 1.179778814315796, 1.1400268077850342, 1.1179053783416748, 1.1553407907485962, 1.1589585542678833, 1.194280743598938, 1.1646192073822021, 1.205991506576538, 1.145589828491211, 1.2156630754470825, 1.108210802078247, 1.2394895553588867, 1.1593530178070068]",sae,Pre-64
1,beta,6,50.0,0.4540822999211705,0.4457917896713532,0.4384936900712481,0.5,0.5933447799067053,0.6652910519198336,30,"[0, 1, 2, 3, 4, 5, 6, 7, 8, 9, 10, 11, 12, 13, 14, 15, 16, 17, 18, 19, 20, 21, 22, 23, 24, 25, 26, 27, 28, 29]","[1.2093437910079956, 1.2324018478393555, 1.1689670085906982, 1.2286028861999512, 1.1660292148590088, 1.1364821195602417, 1.1552339792251587, 1.210248351097107, 1.1588280200958252, 1.2276009321212769, 1.1634801626205444, 1.1048387289047241, 1.1711478233337402, 1.1197253465652466, 1.0116533041000366, 1.2269690036773682, 1.129739761352539, 1.1970460414886475, 1.1658244132995605, 1.1922228336334229, 1.1664220094680786, 1.1494638919830322, 1.2115159034729004, 1.2004733085632324, 1.147264838218689, 1.1653865575790405, 1.1267348527908325, 1.1380363702774048, 1.188260555267334, 1.2108981609344482]",sae,Pre-64
1,beta,35,0.23,0.4566193215888805,0.4379483378046387,0.4286332983391234,0.5,0.637290178651746,0.71226364176097,30,"[0, 1, 2, 3, 4, 5, 6, 7, 8, 9, 10, 11, 12, 13, 14, 15, 16, 17, 18, 19, 20, 21, 22, 23, 24, 25, 26, 27, 28, 29]","[1.2317789793014526, 1.2739129066467285, 1.343672752380371, 1.2906198501586914, 1.2761050462722778, 1.2627768516540527, 1.2033665180206299, 1.3616927862167358, 1.364638090133667, 1.2875635623931885, 1.3286882638931274, 1.2198208570480347, 1.2812626361846924, 1.1700718402862549, 1.2713711261749268, 1.227340817451477, 1.3414299488067627, 1.2161897420883179, 1.313952088356018, 1.2106130123138428, 1.230656623840332, 1.2241884469985962, 1.2550660371780396, 1.1898235082626343, 1.244517207145691, 1.2781842947006226, 1.252242088317871, 1.3192830085754395, 1.3296960592269897, 1.2993413209915161]",sae,Pre-64
1,beta,16,0.22,0.4519396108125126,0.4401978349795346,0.4283532842703675,0.5,0.6159012314439947,0.7162377096587623,30,"[0, 1, 2, 3, 4, 5, 6, 7, 8, 9, 10, 11, 12, 13, 14, 15, 16, 17, 18, 19, 20, 21, 22, 23, 24, 25, 26, 27, 28, 29]","[1.1816283464431763, 1.1549655199050903, 1.1470826864242554, 1.2204413414001465, 1.2079577445983887, 1.1650745868682861, 1.2193480730056763, 1.2029564380645752, 1.1668386459350586, 1.2151261568069458, 1.2106406688690186, 1.1998263597488403, 1.1620575189590454, 1.1870315074920654, 1.0927027463912964, 1.1478755474090576, 1.2300137281417847, 1.0668119192123413, 1.1719523668289185, 1.198032259941101, 1.2465500831604004, 1.2221623659133911, 1.2204495668411255, 1.217292308807373, 1.1057100296020508, 1.1924511194229126, 1.1101404428482056, 1.1702971458435059, 1.1249620914459229, 1.152972936630249]",sae,Pre-64
1,beta,19,0.3,0.4469965829377276,0.435497383761294,0.4115444306539579,0.5,0.6104665954706788,0.7106605521877061,30,"[0, 1, 2, 3, 4, 5, 6, 7, 8, 9, 10, 11, 12, 13, 14, 15, 16, 17, 18, 19, 20, 21, 22, 23, 24, 25, 26, 27, 28, 29]","[1.1908780336380005, 1.1948882341384888, 1.261419415473938, 1.2143750190734863, 1.1074068546295166, 1.138035535812378, 1.1818253993988037, 1.2405482530593872, 1.1682370901107788, 1.2502057552337646, 1.23455810546875, 1.2729377746582031, 1.1755164861679077, 1.1892448663711548, 1.0957870483398438, 1.117355465888977, 1.255409598350525, 1.2807034254074097, 1.139570951461792, 1.1753686666488647, 1.285911202430725, 1.180781364440918, 1.1631584167480469, 1.175125002861023, 1.172812819480896, 1.2548409700393677, 1.2710891962051392, 1.194553017616272, 1.1372811794281006, 1.1591088771820068]",sae,Pre-64
1,beta,27,0.25,0.4609757262074365,0.4537266978541116,0.4543084770420211,0.5,0.5914172664146189,0.6586903512668629,30,"[0, 1, 2, 3, 4, 5, 6, 7, 8, 9, 10, 11, 12, 13, 14, 15, 16, 17, 18, 19, 20, 21, 22, 23, 24, 25, 26, 27, 28, 29]","[1.3040757179260254, 1.3448541164398193, 1.3064912557601929, 1.2891168594360352, 1.3319623470306396, 1.2528810501098633, 1.342758297920227, 1.2264599800109863, 1.2900065183639526, 1.2819727659225464, 1.2421561479568481, 1.3449770212173462, 1.282757043838501, 1.2491947412490845, 1.2871425151824951, 1.214134931564331, 1.2583250999450684, 1.313661813735962, 1.2783212661743164, 1.2674137353897095, 1.347605586051941, 1.3245792388916016, 1.2476783990859985, 1.2005748748779297, 1.2799254655838013, 1.3473578691482544, 1.2630808353424072, 1.3133403062820435, 1.2186580896377563, 1.2914427518844604]",sae,Pre-64
1,beta,41,30.0,0.4543678569363413,0.4427951465832617,0.4382316908126301,0.5,0.6190905384235713,0.6706238331294664,30,"[0, 1, 2, 3, 4, 5, 6, 7, 8, 9, 10, 11, 12, 13, 14, 15, 16, 17, 18, 19, 20, 21, 22, 23, 24, 25, 26, 27, 28, 29]","[1.1356950998306274, 1.1843740940093994, 1.0599017143249512, 1.0706007480621338, 1.0468002557754517, 1.210906744003296, 1.101571798324585, 1.1551228761672974, 1.140668272972107, 1.1793739795684814, 1.185392141342163, 1.1593207120895386, 1.1646181344985962, 1.1845898628234863, 1.201792597770691, 1.1444034576416016, 1.0762401819229126, 1.1555777788162231, 1.1304680109024048, 1.1696642637252808, 1.0725892782211304, 1.1413424015045166, 1.1628625392913818, 1.156077265739441, 1.1492286920547485, 1.137248158454895, 1.1817694902420044, 1.172348141670227, 1.1405194997787476, 1.0922468900680542]",sae,Pre-64
1,beta,30,10.0,0.4638407167611665,0.4544841508273655,0.4349917136696578,0.5,0.6043368975359404,0.6920299717760999,30,"[0, 1, 2, 3, 4, 5, 6, 7, 8, 9, 10, 11, 12, 13, 14, 15, 16, 17, 18, 19, 20, 21, 22, 23, 24, 25, 26, 27, 28, 29]","[1.234999656677246, 1.1741113662719727, 1.2121046781539917, 1.183706521987915, 1.188236951828003, 1.1696803569793701, 1.186059832572937, 1.151381492614746, 1.14472234249115, 1.1600751876831055, 1.2435591220855713, 1.1388177871704102, 1.1140148639678955, 1.1526716947555542, 1.2056300640106201, 1.2250553369522095, 1.1707159280776978, 1.1746101379394531, 1.240835428237915, 1.1718575954437256, 1.142357349395752, 1.105589747428894, 1.171762228012085, 1.1619601249694824, 1.262255311012268, 1.1716129779815674, 1.202602505683899, 1.1705881357192993, 1.21686589717865, 1.1907846927642822]",sae,Pre-64
1,beta,28,30.0,0.4589844236982603,0.4495627040154577,0.4348945179841333,0.5,0.5987249917034086,0.6954499122931779,30,"[0, 1, 2, 3, 4, 5, 6, 7, 8, 9, 10, 11, 12, 13, 14, 15, 16, 17, 18, 19, 20, 21, 22, 23, 24, 25, 26, 27, 28, 29]","[1.1352343559265137, 1.0775038003921509, 1.0399432182312012, 1.2336927652359009, 1.179149866104126, 1.2072476148605347, 1.1323752403259277, 1.10542631149292, 1.2175010442733765, 1.2215855121612549, 1.176476240158081, 1.2057819366455078, 1.218854308128357, 1.2209949493408203, 1.1551659107208252, 1.1379764080047607, 1.1653257608413696, 1.2166705131530762, 1.183241605758667, 1.1995640993118286, 1.135400652885437, 1.153017282485962, 1.1304819583892822, 1.08482027053833, 1.1267801523208618, 1.205606460571289, 1.2566165924072266, 1.1601134538650513, 1.1428003311157227, 1.122060775756836]",sae,Pre-64
1,beta,29,500.0,0.4558655961502112,0.4409050416793991,0.4466706195372897,0.5,0.6296548282533407,0.6689000750796879,30,"[0, 1, 2, 3, 4, 5, 6, 7, 8, 9, 10, 11, 12, 13, 14, 15, 16, 17, 18, 19, 20, 21, 22, 23, 24, 25, 26, 27, 28, 29]","[1.194935917854309, 1.1385749578475952, 1.0295852422714233, 1.238612413406372, 1.1851270198822021, 1.162545919418335, 1.2411545515060425, 1.166039228439331, 1.2299060821533203, 1.2362966537475586, 1.1895782947540283, 1.2295013666152954, 1.231622576713562, 1.2365245819091797, 1.1724414825439453, 1.2314629554748535, 1.110655665397644, 1.1652898788452148, 1.1510244607925415, 1.1959142684936523, 1.249851107597351, 1.2568353414535522, 1.1828466653823853, 1.198325514793396, 1.1877683401107788, 1.1336921453475952, 1.1967061758041382, 1.2367507219314575, 1.2920050621032715, 1.1695195436477661]",sae,Pre-64
1,beta,47,0.3,0.4460371044958436,0.4257646434940195,0.4033451395960316,0.5,0.6434257056516428,0.7291872950556163,30,"[0, 1, 2, 3, 4, 5, 6, 7, 8, 9, 10, 11, 12, 13, 14, 15, 16, 17, 18, 19, 20, 21, 22, 23, 24, 25, 26, 27, 28, 29]","[1.2948559522628784, 1.148354411125183, 1.1743416786193848, 1.1649647951126099, 1.246188759803772, 1.2814688682556152, 1.2447621822357178, 1.2164852619171143, 1.2303695678710938, 1.1912521123886108, 1.1916992664337158, 1.1139793395996094, 1.1724560260772705, 1.2962146997451782, 1.1174935102462769, 1.2390276193618774, 1.1683082580566406, 1.2478612661361694, 1.090547800064087, 1.1480519771575928, 1.1796824932098389, 1.2337864637374878, 1.2272014617919922, 1.1476048231124878, 1.2347866296768188, 1.1138331890106201, 1.1005412340164185, 1.2123545408248901, 1.1655439138412476, 1.21992826461792]",sae,Pre-64
1,beta,24,5.0,0.4501416387440968,0.4383559369047743,0.4351035286488725,0.5,0.6188330126613704,0.6395171300893744,30,"[0, 1, 2, 3, 4, 5, 6, 7, 8, 9, 10, 11, 12, 13, 14, 15, 16, 17, 18, 19, 20, 21, 22, 23, 24, 25, 26, 27, 28, 29]","[1.2124673128128052, 1.1755998134613037, 1.1868178844451904, 1.2273244857788086, 1.242689609527588, 1.1841548681259155, 1.1860560178756714, 1.1832525730133057, 1.2021790742874146, 1.0739104747772217, 1.2058616876602173, 1.1563575267791748, 1.2078834772109985, 1.2294706106185913, 1.1749554872512817, 1.1637247800827026, 1.237532138824463, 1.0551373958587646, 1.169660210609436, 1.2379261255264282, 1.2216182947158813, 1.238648533821106, 1.1921476125717163, 1.2000505924224854, 1.1518317461013794, 1.1153621673583984, 1.1851884126663208, 1.1612211465835571, 1.239385962486267, 1.1791527271270752]",sae,Pre-64
1,beta,5,0.3,0.4445517550333296,0.4301735816232515,0.4245154437456085,0.5,0.6070910659257547,0.6842133226655333,30,"[0, 1, 2, 3, 4, 5, 6, 7, 8, 9, 10, 11, 12, 13, 14, 15, 16, 17, 18, 19, 20, 21, 22, 23, 24, 25, 26, 27, 28, 29]","[1.204357385635376, 1.1163825988769531, 1.1249853372573853, 1.2326985597610474, 1.2355924844741821, 1.143419623374939, 1.1704707145690918, 1.1541118621826172, 1.2013881206512451, 1.1368167400360107, 1.2147825956344604, 1.2316826581954956, 1.1647292375564575, 1.1742970943450928, 1.2483549118041992, 1.1848121881484985, 1.1945708990097046, 1.215935230255127, 1.0952128171920776, 1.1795579195022583, 1.241766095161438, 1.18599534034729, 1.2278627157211304, 1.1371809244155884, 1.1636097431182861, 1.2409509420394897, 1.11619234085083, 1.1437363624572754, 1.2238935232162476, 1.1628071069717407]",sae,Pre-64
1,beta,38,0.21,0.4455661720406026,0.4298851252298221,0.4351573793406873,0.5,0.6303640517897944,0.6627494287890328,30,"[0, 1, 2, 3, 4, 5, 6, 7, 8, 9, 10, 11, 12, 13, 14, 15, 16, 17, 18, 19, 20, 21, 22, 23, 24, 25, 26, 27, 28, 29]","[1.3103548288345337, 1.2900115251541138, 1.322296142578125, 1.352571725845337, 1.3190219402313232, 1.2083146572113037, 1.3673930168151855, 1.324825406074524, 1.1796035766601562, 1.3375592231750488, 1.3180078268051147, 1.3322625160217285, 1.3464888334274292, 1.3124992847442627, 1.3588587045669556, 1.2956771850585938, 1.3021432161331177, 1.3762496709823608, 1.2660173177719116, 1.3309028148651123, 1.3095542192459106, 1.3192354440689087, 1.3690204620361328, 1.2732597589492798, 1.3132810592651367, 1.3669737577438354, 1.2647284269332886, 1.3719252347946167, 1.2979854345321655, 1.3810384273529053]",sae,Pre-64
1,beta,7,1000.0,0.4564836922581216,0.4420418003909208,0.4313737553479332,0.5,0.6095136152062148,0.7000084039932237,30,"[0, 1, 2, 3, 4, 5, 6, 7, 8, 9, 10, 11, 12, 13, 14, 15, 16, 17, 18, 19, 20, 21, 22, 23, 24, 25, 26, 27, 28, 29]","[1.186367392539978, 1.203552484512329, 1.2273681163787842, 1.1744158267974854, 1.2427024841308594, 1.194297194480896, 1.1417649984359741, 1.1899380683898926, 1.274727702140808, 1.2103523015975952, 1.1130813360214233, 1.1793581247329712, 1.1271109580993652, 1.140200138092041, 1.2939406633377075, 1.2133886814117432, 1.183907389640808, 1.1221195459365845, 1.2292346954345703, 1.2417727708816528, 1.200108528137207, 1.2005424499511719, 1.201027750968933, 1.1506562232971191, 1.259361982345581, 1.2019909620285034, 1.2091292142868042, 1.0751577615737915, 1.2751001119613647, 1.1631182432174683]",sae,Pre-64
1,beta,8,20.0,0.4517491928182039,0.4406431065890545,0.4284871414440803,0.5,0.6098144493254953,0.6772260068051754,30,"[0, 1, 2, 3, 4, 5, 6, 7, 8, 9, 10, 11, 12, 13, 14, 15, 16, 17, 18, 19, 20, 21, 22, 23, 24, 25, 26, 27, 28, 29]","[1.1187007427215576, 1.218583345413208, 1.1729588508605957, 1.1930103302001953, 1.2442059516906738, 1.182166576385498, 1.2270926237106323, 1.164693832397461, 1.2057322263717651, 1.212062120437622, 1.2319320440292358, 1.18947172164917, 1.188055396080017, 1.2018784284591675, 1.2228853702545166, 1.1608076095581055, 1.179728627204895, 1.1950958967208862, 1.1249150037765503, 1.1465964317321777, 1.1464855670928955, 1.1299797296524048, 1.2297531366348267, 1.1591399908065796, 1.2222727537155151, 1.227508783340454, 1.1398975849151611, 1.22318696975708, 1.2009252309799194, 1.166541337966919]",sae,Pre-64
1,beta,36,0.23,0.4642138821845151,0.4576483090311837,0.4548920672643469,0.5,0.6031055233182893,0.6751166059676699,30,"[0, 1, 2, 3, 4, 5, 6, 7, 8, 9, 10, 11, 12, 13, 14, 15, 16, 17, 18, 19, 20, 21, 22, 23, 24, 25, 26, 27, 28, 29]","[1.2348533868789673, 1.1980332136154175, 1.1872611045837402, 1.2196301221847534, 1.1169966459274292, 1.2456248998641968, 1.1951854228973389, 1.2179338932037354, 1.2561523914337158, 1.129016637802124, 1.1651418209075928, 1.2594566345214844, 1.1781877279281616, 1.1944711208343506, 1.2194480895996094, 1.2659333944320679, 1.2303979396820068, 1.1981055736541748, 1.2523654699325562, 1.1749147176742554, 1.2295962572097778, 1.1840325593948364, 1.2086420059204102, 1.1807388067245483, 1.2507864236831665, 1.2001296281814575, 1.20224130153656, 1.2018101215362549, 1.2350882291793823, 1.1583079099655151]",sae,Pre-64
1,beta,22,20.0,0.4519005213187685,0.4442985770479847,0.4312286482238282,0.5,0.5939599289403404,0.6815271356133603,30,"[0, 1, 2, 3, 4, 5, 6, 7, 8, 9, 10, 11, 12, 13, 14, 15, 16, 17, 18, 19, 20, 21, 22, 23, 24, 25, 26, 27, 28, 29]","[1.1179190874099731, 1.168941855430603, 1.1830703020095825, 1.1668369770050049, 1.2358616590499878, 1.1766568422317505, 1.1327937841415405, 1.165419340133667, 1.125562310218811, 1.1434152126312256, 1.1285946369171143, 1.224861741065979, 1.1848485469818115, 1.2125139236450195, 1.133904218673706, 1.1921454668045044, 1.203025460243225, 1.2069814205169678, 1.1357468366622925, 1.1382958889007568, 1.198440432548523, 1.1977695226669312, 1.207923412322998, 1.1743204593658447, 1.1639965772628784, 1.2263959646224976, 1.1249594688415527, 1.1282567977905273, 1.2587064504623413, 1.1409783363342285]",sae,Pre-64
1,beta,25,0.4,0.4465066892532915,0.4352791138475453,0.4364822675504892,0.5,0.6270054355300688,0.6624963374453606,30,"[0, 1, 2, 3, 4, 5, 6, 7, 8, 9, 10, 11, 12, 13, 14, 15, 16, 17, 18, 19, 20, 21, 22, 23, 24, 25, 26, 27, 28, 29]","[1.260750412940979, 1.25847589969635, 1.18315851688385, 1.2705051898956299, 1.2683935165405273, 1.2654547691345215, 1.151235580444336, 1.181535243988037, 1.2377716302871704, 1.1347285509109497, 1.273598551750183, 1.1921287775039673, 1.2696243524551392, 1.200353741645813, 1.1805014610290527, 1.2086399793624878, 1.0687206983566284, 1.1262145042419434, 1.168491244316101, 1.2017982006072998, 1.2947028875350952, 1.1040215492248535, 1.243768572807312, 1.2124847173690796, 1.2361794710159302, 1.1937816143035889, 1.2991114854812622, 1.2643312215805054, 1.2824641466140747, 1.1391301155090332]",sae,Pre-64
1,beta,12,75.0,0.4455148672091349,0.4361346773072694,0.4067994034030875,0.5,0.5892778403611032,0.732179722690948,30,"[0, 1, 2, 3, 4, 5, 6, 7, 8, 9, 10, 11, 12, 13, 14, 15, 16, 17, 18, 19, 20, 21, 22, 23, 24, 25, 26, 27, 28, 29]","[1.1510069370269775, 1.238104224205017, 1.1669384241104126, 1.0727007389068604, 1.2094347476959229, 1.160822868347168, 1.1686755418777466, 1.231000304222107, 1.250001072883606, 1.1482594013214111, 1.1463829278945923, 1.2851383686065674, 1.1506091356277466, 1.2207391262054443, 1.1269334554672241, 1.2875975370407104, 1.111490249633789, 1.2468537092208862, 1.1965770721435547, 1.2625105381011963, 1.2613308429718018, 1.1978631019592285, 1.1764955520629883, 1.2832802534103394, 1.261273980140686, 1.1248352527618408, 1.2639222145080566, 1.2385042905807495, 1.1889654397964478, 1.2939741611480713]",sae,Pre-64
1,beta,42,30.0,0.4546678683050885,0.4407690563496341,0.4340351366902735,0.5,0.6336081445133979,0.6603511208928656,30,"[0, 1, 2, 3, 4, 5, 6, 7, 8, 9, 10, 11, 12, 13, 14, 15, 16, 17, 18, 19, 20, 21, 22, 23, 24, 25, 26, 27, 28, 29]","[1.2767118215560913, 1.1509020328521729, 1.2741888761520386, 1.2517021894454956, 1.16533625125885, 1.2553739547729492, 1.1647206544876099, 1.148014783859253, 1.1693377494812012, 1.2613091468811035, 1.2386943101882935, 1.2795376777648926, 1.1614588499069214, 1.0049147605895996, 1.2809103727340698, 1.1924101114273071, 1.141250491142273, 1.1302461624145508, 1.240049958229065, 1.2147595882415771, 1.1706880331039429, 1.1570767164230347, 1.171014428138733, 1.1616032123565674, 1.189007043838501, 1.1533206701278687, 1.2752232551574707, 1.16252863407135, 1.2145106792449951, 1.1530125141143799]",sae,Pre-64
1,beta,33,0.3,0.4492211383258522,0.4377959816952598,0.4223402424961981,0.5,0.6165210074526608,0.6954138560095032,30,"[0, 1, 2, 3, 4, 5, 6, 7, 8, 9, 10, 11, 12, 13, 14, 15, 16, 17, 18, 19, 20, 21, 22, 23, 24, 25, 26, 27, 28, 29]","[1.1849273443222046, 1.2562428712844849, 1.2136778831481934, 1.194433331489563, 1.149998426437378, 1.2687307596206665, 1.1574212312698364, 1.2470797300338745, 1.2527871131896973, 1.2536271810531616, 1.1950736045837402, 1.2495068311691284, 1.1756917238235474, 1.1588196754455566, 1.1325362920761108, 1.2413465976715088, 1.1629266738891602, 1.1944456100463867, 1.2464298009872437, 1.2438013553619385, 1.1899774074554443, 1.159067153930664, 1.2561681270599365, 1.2361953258514404, 1.2687146663665771, 1.1437739133834839, 1.1919195652008057, 1.171987533569336, 1.145799160003662, 1.191154956817627]",sae,Pre-64
1,beta,20,0.3,0.4408022875601419,0.4262939306313442,0.4263469717464223,0.5,0.6176087118064704,0.6489184551675685,30,"[0, 1, 2, 3, 4, 5, 6, 7, 8, 9, 10, 11, 12, 13, 14, 15, 16, 17, 18, 19, 20, 21, 22, 23, 24, 25, 26, 27, 28, 29]","[1.2041815519332886, 1.2740564346313477, 1.223872184753418, 1.293399453163147, 1.2797112464904785, 1.2612017393112183, 1.27025306224823, 1.1939003467559814, 1.2699483633041382, 1.2214882373809814, 1.212572455406189, 1.2114946842193604, 1.303022861480713, 1.1725627183914185, 1.2021070718765259, 1.3047707080841064, 1.1815736293792725, 1.207986831665039, 1.2497881650924683, 1.2427585124969482, 1.2502925395965576, 1.182081699371338, 1.2715399265289307, 1.31576406955719, 1.2681066989898682, 1.1941089630126953, 1.218991994857788, 1.2492130994796753, 1.2095698118209839, 1.2924128770828247]",sae,Pre-64
1,beta,13,30.0,0.4619123366083722,0.4531466051409948,0.4332704627602599,0.5,0.6127276801885291,0.7084227751366117,30,"[0, 1, 2, 3, 4, 5, 6, 7, 8, 9, 10, 11, 12, 13, 14, 15, 16, 17, 18, 19, 20, 21, 22, 23, 24, 25, 26, 27, 28, 29]","[1.2620290517807007, 1.0841492414474487, 1.2518304586410522, 1.2009828090667725, 1.1773443222045898, 1.2524205446243286, 1.1896860599517822, 1.205586552619934, 1.2011864185333252, 1.204891324043274, 1.2614386081695557, 1.189528465270996, 1.1975116729736328, 1.2220771312713623, 1.2205173969268799, 1.1578680276870728, 1.1433484554290771, 1.2188818454742432, 1.1746560335159302, 1.1710954904556274, 1.1613126993179321, 1.1272764205932617, 1.1385637521743774, 1.1813597679138184, 1.1625311374664307, 1.1538347005844116, 1.1776994466781616, 1.1675361394882202, 1.191448450088501, 1.2053452730178833]",sae,Pre-64
1,beta,34,50.0,0.4568527557813058,0.4470225010708758,0.4413985530215953,0.5,0.6011606799053854,0.6760287318218534,30,"[0, 1, 2, 3, 4, 5, 6, 7, 8, 9, 10, 11, 12, 13, 14, 15, 16, 17, 18, 19, 20, 21, 22, 23, 24, 25, 26, 27, 28, 29]","[1.137890338897705, 1.2171109914779663, 1.2127997875213623, 1.1824638843536377, 1.152029275894165, 1.1444475650787354, 1.1735047101974487, 1.0769213438034058, 1.1361875534057617, 1.1606651544570923, 1.2005587816238403, 1.015907645225525, 1.1853113174438477, 1.0790728330612183, 1.1112900972366333, 1.1400375366210938, 1.2139219045639038, 1.2259365320205688, 1.1806495189666748, 1.1336230039596558, 1.175050139427185, 1.2325819730758667, 1.1709409952163696, 1.1730239391326904, 1.1460753679275513, 1.094346284866333, 1.2428449392318726, 1.229536533355713, 1.2293792963027954, 1.190686821937561]",sae,Pre-64
1,beta,48,0.3,0.4556814132376,0.4510566266980289,0.4754259282891945,0.5,0.5923878577171784,0.5876994552846448,30,"[0, 1, 2, 3, 4, 5, 6, 7, 8, 9, 10, 11, 12, 13, 14, 15, 16, 17, 18, 19, 20, 21, 22, 23, 24, 25, 26, 27, 28, 29]","[1.314848780632019, 1.2628027200698853, 1.241004228591919, 1.2374732494354248, 1.2198200225830078, 1.1986083984375, 1.2501070499420166, 1.1745821237564087, 1.2252157926559448, 1.2332372665405273, 1.2725598812103271, 1.2326319217681885, 1.2322970628738403, 1.2276474237442017, 1.1980329751968384, 1.24959397315979, 1.2403693199157715, 1.2576123476028442, 1.2807153463363647, 1.1356396675109863, 1.2306994199752808, 1.2764241695404053, 1.2865550518035889, 1.136379361152649, 1.2335848808288574, 1.253692626953125, 1.2959669828414917, 1.2499793767929077, 1.2189946174621582, 1.252404808998108]",sae,Pre-64
1,beta,21,0.23,0.4504746503440228,0.4381370334360364,0.4348916226790416,0.5,0.6200058082774133,0.6869276684091498,30,"[0, 1, 2, 3, 4, 5, 6, 7, 8, 9, 10, 11, 12, 13, 14, 15, 16, 17, 18, 19, 20, 21, 22, 23, 24, 25, 26, 27, 28, 29]","[1.1804413795471191, 1.2129853963851929, 1.3117879629135132, 1.302230715751648, 1.242165207862854, 1.2580609321594238, 1.2122007608413696, 1.214002013206482, 1.277470588684082, 1.238187551498413, 1.3011131286621094, 1.2548370361328125, 1.1991854906082153, 1.212914228439331, 1.2156997919082642, 1.2089382410049438, 1.2284963130950928, 1.231301188468933, 1.1713916063308716, 1.3056954145431519, 1.1832624673843384, 1.3058671951293945, 1.1796363592147827, 1.175661563873291, 1.2411227226257324, 1.1755015850067139, 1.1187738180160522, 1.2166019678115845, 1.2830145359039307, 1.2478933334350586]",sae,Pre-64
1,beta,18,100.0,0.4575117633693479,0.4471831599677374,0.4182839141236465,0.5,0.6052065040104606,0.7279783219994782,30,"[0, 1, 2, 3, 4, 5, 6, 7, 8, 9, 10, 11, 12, 13, 14, 15, 16, 17, 18, 19, 20, 21, 22, 23, 24, 25, 26, 27, 28, 29]","[1.08156156539917, 1.1808451414108276, 1.2274887561798096, 1.1775970458984375, 1.1839946508407593, 1.1783868074417114, 1.302558422088623, 1.1474957466125488, 1.2003755569458008, 1.1137614250183105, 1.279771089553833, 1.1947054862976074, 1.217077374458313, 1.243087649345398, 1.1674503087997437, 1.1044795513153076, 1.2428091764450073, 1.1572407484054565, 1.1403177976608276, 1.0754040479660034, 1.2844663858413696, 1.1361045837402344, 1.2445805072784424, 1.2017990350723267, 1.1962649822235107, 1.1700507402420044, 1.2117968797683716, 1.2385376691818237, 1.2291908264160156, 1.181313395500183]",sae,Pre-64
1,beta,46,100.0,0.4545712902572906,0.4417269056853911,0.4421724236010882,0.5,0.6270377926330811,0.6841009761445498,30,"[0, 1, 2, 3, 4, 5, 6, 7, 8, 9, 10, 11, 12, 13, 14, 15, 16, 17, 18, 19, 20, 21, 22, 23, 24, 25, 26, 27, 28, 29]","[1.154767394065857, 1.227081537246704, 1.2429275512695312, 1.2448883056640625, 1.1829752922058105, 1.2766703367233276, 1.184883952140808, 1.2525430917739868, 1.2228230237960815, 1.2935329675674438, 1.0590815544128418, 1.1557743549346924, 1.295918583869934, 1.1653231382369995, 1.2226365804672241, 1.2752548456192017, 1.2336431741714478, 1.2529560327529907, 1.253047227859497, 1.2707768678665161, 1.200863003730774, 1.2171014547348022, 1.2470494508743286, 1.232546091079712, 1.2547560930252075, 1.260716199874878, 1.2299758195877075, 1.279518485069275, 1.224043607711792, 1.2248477935791016]",sae,Pre-64
1,beta,48,0.2,0.4556814132376,0.4510566266980289,0.4812096411638552,0.5,0.5923878577171784,0.5888899584385582,30,"[0, 1, 2, 3, 4, 5, 6, 7, 8, 9, 10, 11, 12, 13, 14, 15, 16, 17, 18, 19, 20, 21, 22, 23, 24, 25, 26, 27, 28, 29]","[1.4198253154754639, 1.3665698766708374, 1.3545759916305542, 1.3406600952148438, 1.3206720352172852, 1.2841404676437378, 1.3607256412506104, 1.2756073474884033, 1.3229246139526367, 1.3181008100509644, 1.3747762441635132, 1.3305867910385132, 1.3349204063415527, 1.324621558189392, 1.2874083518981934, 1.3681164979934692, 1.3598536252975464, 1.3625177145004272, 1.3952022790908813, 1.234728455543518, 1.3218739032745361, 1.3933799266815186, 1.3972965478897095, 1.230560064315796, 1.3326541185379028, 1.3684186935424805, 1.3996615409851074, 1.374082326889038, 1.328197956085205, 1.352097511291504]",sae,Pre-64
1,beta,3,0.22,0.4557259332451328,0.444824285747971,0.4497736116342604,0.5,0.6042731979176,0.6517472329576497,30,"[0, 1, 2, 3, 4, 5, 6, 7, 8, 9, 10, 11, 12, 13, 14, 15, 16, 17, 18, 19, 20, 21, 22, 23, 24, 25, 26, 27, 28, 29]","[1.2530426979064941, 1.2808864116668701, 1.2663660049438477, 1.188586950302124, 1.2604283094406128, 1.2613027095794678, 1.2488735914230347, 1.2795016765594482, 1.0720531940460205, 1.3166826963424683, 1.2017616033554077, 1.3090229034423828, 1.248953938484192, 1.1939961910247803, 1.3207736015319824, 1.2588154077529907, 1.2618544101715088, 1.2705743312835693, 1.2034544944763184, 1.2215932607650757, 1.1646606922149658, 1.238608717918396, 1.2251536846160889, 1.3296321630477905, 1.297040581703186, 1.244726300239563, 1.2556288242340088, 1.2390503883361816, 1.2975484132766724, 1.2356798648834229]",sae,Pre-64
1,beta,39,0.4,0.4461088087810431,0.4292341094433316,0.4284293220846932,0.5,0.6205127278095635,0.6664000289234162,30,"[0, 1, 2, 3, 4, 5, 6, 7, 8, 9, 10, 11, 12, 13, 14, 15, 16, 17, 18, 19, 20, 21, 22, 23, 24, 25, 26, 27, 28, 29]","[1.2166868448257446, 1.2661385536193848, 1.2168149948120117, 1.1912586688995361, 1.165764331817627, 1.2374070882797241, 1.204716444015503, 1.2445696592330933, 1.187110185623169, 1.2308038473129272, 1.2082291841506958, 1.1262277364730835, 1.2333835363388062, 1.1611907482147217, 1.2299548387527466, 1.2843431234359741, 1.2190231084823608, 1.2491415739059448, 1.1747146844863892, 1.109939455986023, 1.189968466758728, 1.2503031492233276, 1.1460905075073242, 1.1576018333435059, 1.2476606369018555, 1.2322909832000732, 1.078590750694275, 1.1810954809188843, 1.290082335472107, 1.1893247365951538]",sae,Pre-64
1,beta,20,0.2,0.4408022875601419,0.4262939306313442,0.4297255759275117,0.5,0.6176087118064704,0.6484236196961406,30,"[0, 1, 2, 3, 4, 5, 6, 7, 8, 9, 10, 11, 12, 13, 14, 15, 16, 17, 18, 19, 20, 21, 22, 23, 24, 25, 26, 27, 28, 29]","[1.2495684623718262, 1.3249657154083252, 1.2708256244659424, 1.352512001991272, 1.3280110359191895, 1.3135950565338135, 1.3205314874649048, 1.2497566938400269, 1.3183233737945557, 1.2658113241195679, 1.27180016040802, 1.2613929510116577, 1.3563827276229858, 1.222793698310852, 1.2533529996871948, 1.355360746383667, 1.2388591766357422, 1.2562333345413208, 1.2974103689193726, 1.2917664051055908, 1.3000373840332031, 1.226884126663208, 1.3184226751327515, 1.3655873537063599, 1.3224624395370483, 1.237929344177246, 1.2652541399002075, 1.3015921115875244, 1.251823902130127, 1.3464720249176025]",sae,Pre-64
1,beta,31,0.22,0.4497611378811508,0.4308970333737342,0.4263365388095558,0.5,0.642735734520437,0.7068234375903335,30,"[0, 1, 2, 3, 4, 5, 6, 7, 8, 9, 10, 11, 12, 13, 14, 15, 16, 17, 18, 19, 20, 21, 22, 23, 24, 25, 26, 27, 28, 29]","[1.1868829727172852, 1.1684132814407349, 1.1411691904067993, 1.1192221641540527, 1.1979950666427612, 1.2012416124343872, 1.1268763542175293, 1.1949924230575562, 1.1851063966751099, 1.1678438186645508, 1.1846915483474731, 1.1878143548965454, 1.2181352376937866, 1.073760986328125, 1.2400416135787964, 1.1805418729782104, 1.1810487508773804, 1.162557601928711, 1.1839708089828491, 1.1404868364334106, 1.2300362586975098, 1.1923527717590332, 1.2170655727386475, 1.2127258777618408, 1.1911245584487915, 1.1909171342849731, 1.1074947118759155, 1.2370617389678955, 1.1450209617614746, 1.2102415561676025]",sae,Pre-64
1,beta,25,75.0,0.4465066892532915,0.4352791138475453,0.4343063238453831,0.5,0.6270054355300688,0.6623169470140464,30,"[0, 1, 2, 3, 4, 5, 6, 7, 8, 9, 10, 11, 12, 13, 14, 15, 16, 17, 18, 19, 20, 21, 22, 23, 24, 25, 26, 27, 28, 29]","[1.2349497079849243, 1.2300689220428467, 1.1594949960708618, 1.2379430532455444, 1.2391033172607422, 1.2348957061767578, 1.1245805025100708, 1.155241847038269, 1.2080327272415161, 1.1094435453414917, 1.245295763015747, 1.160856008529663, 1.2375980615615845, 1.172969102859497, 1.15664803981781, 1.1831228733062744, 1.0464048385620117, 1.1029119491577148, 1.1445536613464355, 1.177851676940918, 1.2662200927734375, 1.0758339166641235, 1.214041829109192, 1.1855113506317139, 1.210127353668213, 1.1676115989685059, 1.270385980606079, 1.2399115562438965, 1.2544312477111816, 1.10956871509552]",sae,Pre-64
1,beta,11,0.4,0.4566976193509867,0.4496008864727478,0.4314025118568114,0.5,0.5995106990682213,0.709773142295266,30,"[0, 1, 2, 3, 4, 5, 6, 7, 8, 9, 10, 11, 12, 13, 14, 15, 16, 17, 18, 19, 20, 21, 22, 23, 24, 25, 26, 27, 28, 29]","[1.197404384613037, 1.0159912109375, 1.1595122814178467, 1.0947496891021729, 1.2204711437225342, 1.0870051383972168, 1.1269891262054443, 1.0375356674194336, 1.2077991962432861, 1.2207576036453247, 1.2321844100952148, 1.2301312685012817, 1.2398982048034668, 1.1524134874343872, 1.143661618232727, 1.0850900411605835, 1.17250657081604, 1.1216024160385132, 1.160549521446228, 1.1942617893218994, 1.178363561630249, 1.1898934841156006, 1.2164463996887207, 1.1637935638427734, 1.1526267528533936, 1.2090473175048828, 1.2035871744155884, 1.1137361526489258, 1.1602522134780884, 1.1377544403076172]",sae,Pre-64
1,beta,26,0.4,0.4502231978181314,0.4442488029476733,0.4506771463282218,0.5,0.5832450787939482,0.6467115398533867,30,"[0, 1, 2, 3, 4, 5, 6, 7, 8, 9, 10, 11, 12, 13, 14, 15, 16, 17, 18, 19, 20, 21, 22, 23, 24, 25, 26, 27, 28, 29]","[1.1926798820495605, 1.2403291463851929, 1.345689058303833, 1.1562024354934692, 1.2401775121688843, 1.288081407546997, 1.2574676275253296, 1.1636247634887695, 1.2434808015823364, 1.2315027713775635, 1.142325520515442, 1.3433828353881836, 1.2969281673431396, 1.2431540489196777, 1.2937778234481812, 1.1716852188110352, 1.2390056848526, 1.153428554534912, 1.2685539722442627, 1.2478773593902588, 1.1859177350997925, 1.3333326578140259, 1.2543226480484009, 1.272495150566101, 1.3417633771896362, 1.3418256044387817, 1.218915343284607, 1.2663862705230713, 1.091146469116211, 1.2031147480010986]",sae,Pre-64
1,beta,3,0.5,0.4557259332451328,0.444824285747971,0.4438627637048332,0.5,0.6042731979176,0.6513497732311597,30,"[0, 1, 2, 3, 4, 5, 6, 7, 8, 9, 10, 11, 12, 13, 14, 15, 16, 17, 18, 19, 20, 21, 22, 23, 24, 25, 26, 27, 28, 29]","[1.2173471450805664, 1.2437915802001953, 1.2303599119186401, 1.1470088958740234, 1.225160837173462, 1.2187906503677368, 1.2136988639831543, 1.2373769283294678, 1.0408121347427368, 1.2769273519515991, 1.1646583080291748, 1.2723538875579834, 1.2085832357406616, 1.1533737182617188, 1.2780166864395142, 1.220745325088501, 1.2246323823928833, 1.232620120048523, 1.1631330251693726, 1.1876789331436157, 1.1246399879455566, 1.1998945474624634, 1.1904420852661133, 1.2890866994857788, 1.2598119974136353, 1.2086460590362549, 1.220794439315796, 1.200886607170105, 1.255966067314148, 1.1892025470733643]",sae,Pre-64
1,beta,0,0.25,0.4600628296558519,0.4487196928272481,0.4296173038364927,0.5,0.6146148452673732,0.7222158849805852,30,"[0, 1, 2, 3, 4, 5, 6, 7, 8, 9, 10, 11, 12, 13, 14, 15, 16, 17, 18, 19, 20, 21, 22, 23, 24, 25, 26, 27, 28, 29]","[1.251057505607605, 1.29345703125, 1.2668874263763428, 1.3114796876907349, 1.2371506690979004, 1.2680115699768066, 1.2989836931228638, 1.333433985710144, 1.3135281801223755, 1.2835090160369873, 1.2677379846572876, 1.273756504058838, 1.3199094533920288, 1.3068050146102905, 1.3236057758331299, 1.267876386642456, 1.288631796836853, 1.2288992404937744, 1.1550021171569824, 1.3074723482131958, 1.2385507822036743, 1.235260248184204, 1.3163851499557495, 1.2595082521438599, 1.250419020652771, 1.1956464052200317, 1.31956148147583, 1.2196966409683228, 1.301832675933838, 1.211146593093872]",sae,Pre-64
1,beta,35,0.195,0.4566193215888805,0.4379483378046387,0.42910602412728,0.5,0.637290178651746,0.71226364176097,30,"[0, 1, 2, 3, 4, 5, 6, 7, 8, 9, 10, 11, 12, 13, 14, 15, 16, 17, 18, 19, 20, 21, 22, 23, 24, 25, 26, 27, 28, 29]","[1.2324272394180298, 1.2745622396469116, 1.3443212509155273, 1.2912698984146118, 1.27675461769104, 1.2634291648864746, 1.2040154933929443, 1.3623418807983398, 1.365286111831665, 1.2882128953933716, 1.3293358087539673, 1.2204726934432983, 1.281913161277771, 1.1707215309143066, 1.2720210552215576, 1.2279911041259766, 1.342078685760498, 1.2168420553207397, 1.3146017789840698, 1.21126127243042, 1.2313064336776733, 1.224836826324463, 1.255717158317566, 1.1904715299606323, 1.24516761302948, 1.2788335084915161, 1.2528910636901855, 1.3199347257614136, 1.3303428888320923, 1.299992322921753]",sae,Pre-64
1,beta,14,30.0,0.4467366851483266,0.4421697276018216,0.4177362740257507,0.5,0.5934222168898753,0.7004071746726857,30,"[0, 1, 2, 3, 4, 5, 6, 7, 8, 9, 10, 11, 12, 13, 14, 15, 16, 17, 18, 19, 20, 21, 22, 23, 24, 25, 26, 27, 28, 29]","[1.1700234413146973, 1.0681921243667603, 1.1210544109344482, 1.148490071296692, 1.1765847206115723, 1.143620252609253, 1.1391699314117432, 1.1990078687667847, 1.1443272829055786, 1.177550196647644, 1.0939750671386719, 1.0375179052352905, 1.0638422966003418, 1.1846389770507812, 1.1842373609542847, 1.1451287269592285, 1.202758550643921, 1.1907190084457397, 1.1267846822738647, 1.1308374404907227, 1.1608028411865234, 1.1382582187652588, 1.1897944211959839, 1.1014028787612915, 1.1924012899398804, 1.182306170463562, 1.1216769218444824, 1.1922364234924316, 1.183416485786438, 1.0683033466339111]",sae,Pre-64
1,beta,31,0.5,0.4497611378811508,0.4308970333737342,0.4236660484829186,0.5,0.642735734520437,0.7068234375903335,30,"[0, 1, 2, 3, 4, 5, 6, 7, 8, 9, 10, 11, 12, 13, 14, 15, 16, 17, 18, 19, 20, 21, 22, 23, 24, 25, 26, 27, 28, 29]","[1.1868829727172852, 1.1684132814407349, 1.1411691904067993, 1.1192221641540527, 1.1979950666427612, 1.2012416124343872, 1.1268763542175293, 1.1949924230575562, 1.1851063966751099, 1.1678438186645508, 1.1846915483474731, 1.1878143548965454, 1.2181352376937866, 1.073760986328125, 1.2400416135787964, 1.1805418729782104, 1.1810487508773804, 1.162557601928711, 1.1839708089828491, 1.1404868364334106, 1.2300362586975098, 1.1923527717590332, 1.2170655727386475, 1.2127258777618408, 1.1911245584487915, 1.1909171342849731, 1.1074947118759155, 1.2370617389678955, 1.1450209617614746, 1.2102415561676025]",sae,Pre-64
1,beta,19,50.0,0.4469965829377276,0.435497383761294,0.4115444306539579,0.5,0.6104665954706788,0.7106605521877061,30,"[0, 1, 2, 3, 4, 5, 6, 7, 8, 9, 10, 11, 12, 13, 14, 15, 16, 17, 18, 19, 20, 21, 22, 23, 24, 25, 26, 27, 28, 29]","[1.1908780336380005, 1.1948882341384888, 1.261419415473938, 1.2143750190734863, 1.1074068546295166, 1.138035535812378, 1.1818253993988037, 1.2405482530593872, 1.1682370901107788, 1.2502057552337646, 1.23455810546875, 1.2729377746582031, 1.1755164861679077, 1.1892448663711548, 1.0957870483398438, 1.117355465888977, 1.255409598350525, 1.2807034254074097, 1.139570951461792, 1.1753686666488647, 1.285911202430725, 1.180781364440918, 1.1631584167480469, 1.175125002861023, 1.172812819480896, 1.2548409700393677, 1.2710891962051392, 1.194553017616272, 1.1372811794281006, 1.1591088771820068]",sae,Pre-64
1,beta,25,0.21,0.4465066892532915,0.4352791138475453,0.4369155522245641,0.5,0.6270054355300688,0.6624970849054911,30,"[0, 1, 2, 3, 4, 5, 6, 7, 8, 9, 10, 11, 12, 13, 14, 15, 16, 17, 18, 19, 20, 21, 22, 23, 24, 25, 26, 27, 28, 29]","[1.2607741355895996, 1.2584996223449707, 1.1831822395324707, 1.2705289125442505, 1.2684173583984375, 1.265478491783142, 1.1512593030929565, 1.1815589666366577, 1.237795352935791, 1.1347523927688599, 1.2736223936080933, 1.192152500152588, 1.2696481943130493, 1.2003774642944336, 1.1805251836776733, 1.2086637020111084, 1.068744421005249, 1.126238226890564, 1.1685150861740112, 1.2018219232559204, 1.2947266101837158, 1.1040453910827637, 1.2437924146652222, 1.2125085592269897, 1.2362031936645508, 1.1938053369522095, 1.2991352081298828, 1.264354944229126, 1.2824879884719849, 1.1391538381576538]",sae,Pre-64
1,beta,31,100.0,0.4497611378811508,0.4308970333737342,0.4263365388095558,0.5,0.642735734520437,0.7068234375903335,30,"[0, 1, 2, 3, 4, 5, 6, 7, 8, 9, 10, 11, 12, 13, 14, 15, 16, 17, 18, 19, 20, 21, 22, 23, 24, 25, 26, 27, 28, 29]","[1.1868829727172852, 1.1684132814407349, 1.1411691904067993, 1.1192221641540527, 1.1979950666427612, 1.2012416124343872, 1.1268763542175293, 1.1949924230575562, 1.1851063966751099, 1.1678438186645508, 1.1846915483474731, 1.1878143548965454, 1.2181352376937866, 1.073760986328125, 1.2400416135787964, 1.1805418729782104, 1.1810487508773804, 1.162557601928711, 1.1839708089828491, 1.1404868364334106, 1.2300362586975098, 1.1923527717590332, 1.2170655727386475, 1.2127258777618408, 1.1911245584487915, 1.1909171342849731, 1.1074947118759155, 1.2370617389678955, 1.1450209617614746, 1.2102415561676025]",sae,Pre-64
1,beta,45,0.5,0.4515599815008028,0.4347157609968581,0.4293425996430272,0.5,0.6289673345145609,0.6746036072872654,30,"[0, 1, 2, 3, 4, 5, 6, 7, 8, 9, 10, 11, 12, 13, 14, 15, 16, 17, 18, 19, 20, 21, 22, 23, 24, 25, 26, 27, 28, 29]","[1.2666637897491455, 1.2542144060134888, 1.1691936254501343, 1.3037350177764893, 1.3014700412750244, 1.1289176940917969, 1.3207144737243652, 1.2542213201522827, 1.2085349559783936, 1.1547396183013916, 1.2343589067459106, 1.315382719039917, 1.2628141641616821, 1.163793921470642, 1.2103172540664673, 1.23749840259552, 1.2190393209457397, 1.107256293296814, 1.2453765869140625, 1.253766655921936, 1.2701294422149658, 1.185547947883606, 1.2649246454238892, 1.1174248456954956, 1.105449914932251, 1.2949631214141846, 1.2015628814697266, 1.215972661972046, 1.1143306493759155, 1.3060672283172607]",sae,Pre-64
1,beta,47,50.0,0.4460371044958436,0.4257646434940195,0.4033451395960316,0.5,0.6434257056516428,0.7291872950556163,30,"[0, 1, 2, 3, 4, 5, 6, 7, 8, 9, 10, 11, 12, 13, 14, 15, 16, 17, 18, 19, 20, 21, 22, 23, 24, 25, 26, 27, 28, 29]","[1.2948559522628784, 1.148354411125183, 1.1743416786193848, 1.1649647951126099, 1.246188759803772, 1.2814688682556152, 1.2447621822357178, 1.2164852619171143, 1.2303695678710938, 1.1912521123886108, 1.1916992664337158, 1.1139793395996094, 1.1724560260772705, 1.2962146997451782, 1.1174935102462769, 1.2390276193618774, 1.1683082580566406, 1.2478612661361694, 1.090547800064087, 1.1480519771575928, 1.1796824932098389, 1.2337864637374878, 1.2272014617919922, 1.1476048231124878, 1.2347866296768188, 1.1138331890106201, 1.1005412340164185, 1.2123545408248901, 1.1655439138412476, 1.21992826461792]",sae,Pre-64
1,beta,2,500.0,0.4419681213812466,0.4306250660512843,0.4211426135076977,0.5,0.6028191218064636,0.6886562804284323,30,"[0, 1, 2, 3, 4, 5, 6, 7, 8, 9, 10, 11, 12, 13, 14, 15, 16, 17, 18, 19, 20, 21, 22, 23, 24, 25, 26, 27, 28, 29]","[1.1491129398345947, 1.1618432998657227, 1.1426033973693848, 1.191449761390686, 1.1310452222824097, 1.2005151510238647, 1.17189359664917, 1.1661605834960938, 1.12075674533844, 1.1253643035888672, 1.1488215923309326, 1.1343861818313599, 1.16419517993927, 1.20036780834198, 1.190604567527771, 1.1571122407913208, 1.179641604423523, 1.2343209981918335, 1.221923589706421, 1.2101647853851318, 1.1568256616592407, 1.1531498432159424, 1.1994770765304565, 1.1852316856384277, 1.1635690927505493, 1.1419733762741089, 1.1855614185333252, 1.1774711608886719, 1.0223711729049683, 1.220582127571106]",sae,Pre-64
1,beta,24,200.0,0.4501416387440968,0.4383559369047743,0.4410922866564593,0.5,0.6188330126613704,0.6395171300893744,30,"[0, 1, 2, 3, 4, 5, 6, 7, 8, 9, 10, 11, 12, 13, 14, 15, 16, 17, 18, 19, 20, 21, 22, 23, 24, 25, 26, 27, 28, 29]","[1.2124673128128052, 1.1755998134613037, 1.1868178844451904, 1.2273244857788086, 1.242689609527588, 1.1841548681259155, 1.1860560178756714, 1.1832525730133057, 1.2021790742874146, 1.0739104747772217, 1.2058616876602173, 1.1563575267791748, 1.2078834772109985, 1.2294706106185913, 1.1749554872512817, 1.1637247800827026, 1.237532138824463, 1.0551373958587646, 1.169660210609436, 1.2379261255264282, 1.2216182947158813, 1.238648533821106, 1.1921476125717163, 1.2000505924224854, 1.1518317461013794, 1.1153621673583984, 1.1851884126663208, 1.1612211465835571, 1.239385962486267, 1.1791527271270752]",sae,Pre-64
1,beta,35,1000.0,0.4566193215888805,0.4379483378046387,0.4275639338118701,0.5,0.637290178651746,0.711674432830182,30,"[0, 1, 2, 3, 4, 5, 6, 7, 8, 9, 10, 11, 12, 13, 14, 15, 16, 17, 18, 19, 20, 21, 22, 23, 24, 25, 26, 27, 28, 29]","[1.1419644355773926, 1.1713181734085083, 1.240107536315918, 1.195743441581726, 1.1811882257461548, 1.1707707643508911, 1.1092125177383423, 1.2573636770248413, 1.2576355934143066, 1.1896233558654785, 1.2206906080245972, 1.1313600540161133, 1.1883442401885986, 1.0861045122146606, 1.169890284538269, 1.1350536346435547, 1.2416034936904907, 1.1306434869766235, 1.220120906829834, 1.109336495399475, 1.1400814056396484, 1.1308884620666504, 1.1600199937820435, 1.0872516632080078, 1.1515733003616333, 1.1778661012649536, 1.1567775011062622, 1.2329468727111816, 1.2157437801361084, 1.209161400794983]",sae,Pre-64
1,beta,28,0.25,0.4589844236982603,0.4495627040154577,0.4363597930098649,0.5,0.5987249917034086,0.6954499122931779,30,"[0, 1, 2, 3, 4, 5, 6, 7, 8, 9, 10, 11, 12, 13, 14, 15, 16, 17, 18, 19, 20, 21, 22, 23, 24, 25, 26, 27, 28, 29]","[1.1352343559265137, 1.0775038003921509, 1.0399432182312012, 1.2336927652359009, 1.179149866104126, 1.2072476148605347, 1.1323752403259277, 1.10542631149292, 1.2175010442733765, 1.2215855121612549, 1.176476240158081, 1.2057819366455078, 1.218854308128357, 1.2209949493408203, 1.1551659107208252, 1.1379764080047607, 1.1653257608413696, 1.2166705131530762, 1.183241605758667, 1.1995640993118286, 1.135400652885437, 1.153017282485962, 1.1304819583892822, 1.08482027053833, 1.1267801523208618, 1.205606460571289, 1.2566165924072266, 1.1601134538650513, 1.1428003311157227, 1.122060775756836]",sae,Pre-64
1,beta,17,0.5,0.4599327030141671,0.4513468217402507,0.4356333898997919,0.5,0.6120635717004715,0.6982794453738126,30,"[0, 1, 2, 3, 4, 5, 6, 7, 8, 9, 10, 11, 12, 13, 14, 15, 16, 17, 18, 19, 20, 21, 22, 23, 24, 25, 26, 27, 28, 29]","[1.253448724746704, 1.157033085823059, 1.1724380254745483, 1.21102774143219, 1.2398598194122314, 1.1416960954666138, 1.2152034044265747, 1.1179237365722656, 1.1752480268478394, 1.1612284183502197, 1.2127126455307007, 1.234884262084961, 1.1886143684387207, 1.2384566068649292, 1.1679030656814575, 1.1839061975479126, 1.2392202615737915, 1.1842913627624512, 1.217572808265686, 1.1993213891983032, 1.1283472776412964, 1.197530746459961, 1.0647335052490234, 1.1836165189743042, 1.1550945043563843, 1.1692523956298828, 1.1686493158340454, 1.191864013671875, 1.1417936086654663, 1.2131496667861938]",sae,Pre-64
1,beta,5,0.2,0.4445517550333296,0.4301735816232515,0.4289437706661418,0.5,0.6070910659257547,0.683172587087378,30,"[0, 1, 2, 3, 4, 5, 6, 7, 8, 9, 10, 11, 12, 13, 14, 15, 16, 17, 18, 19, 20, 21, 22, 23, 24, 25, 26, 27, 28, 29]","[1.3434882164001465, 1.2445263862609863, 1.246945858001709, 1.362765908241272, 1.3615304231643677, 1.2933731079101562, 1.2933474779129028, 1.274996042251587, 1.333097219467163, 1.2605948448181152, 1.3466769456863403, 1.3649747371673584, 1.2936582565307617, 1.297012448310852, 1.375382661819458, 1.3193902969360352, 1.3243860006332397, 1.3518736362457275, 1.2341129779815674, 1.3003095388412476, 1.3766367435455322, 1.3075153827667236, 1.3692562580108643, 1.2577744722366333, 1.299040675163269, 1.3754526376724243, 1.2442377805709839, 1.2758766412734985, 1.354637622833252, 1.300676703453064]",sae,Pre-64
1,beta,1,1.0,0.4560357198099471,0.4497423189216591,0.4396543084680001,0.5,0.5964054457666336,0.680948080464655,30,"[0, 1, 2, 3, 4, 5, 6, 7, 8, 9, 10, 11, 12, 13, 14, 15, 16, 17, 18, 19, 20, 21, 22, 23, 24, 25, 26, 27, 28, 29]","[1.2484626770019531, 1.183357834815979, 1.2077564001083374, 1.127197027206421, 1.1837691068649292, 1.1471096277236938, 1.1291790008544922, 1.2051725387573242, 1.1376121044158936, 1.1618740558624268, 1.1627427339553833, 1.1907955408096313, 1.2489014863967896, 1.1427462100982666, 1.2440361976623535, 1.078278660774231, 1.0989395380020142, 1.1663775444030762, 1.2298505306243896, 1.2602465152740479, 1.2476614713668823, 1.2094584703445435, 1.1924338340759277, 1.1765055656433105, 1.1376926898956299, 1.1597349643707275, 1.16420316696167, 1.178998589515686, 1.2568261623382568, 1.1711331605911255]",sae,Pre-64
1,beta,30,500.0,0.4638407167611665,0.4544841508273655,0.4349917136696578,0.5,0.6043368975359404,0.6920299717760999,30,"[0, 1, 2, 3, 4, 5, 6, 7, 8, 9, 10, 11, 12, 13, 14, 15, 16, 17, 18, 19, 20, 21, 22, 23, 24, 25, 26, 27, 28, 29]","[1.234999656677246, 1.1741113662719727, 1.2121046781539917, 1.183706521987915, 1.188236951828003, 1.1696803569793701, 1.186059832572937, 1.151381492614746, 1.14472234249115, 1.1600751876831055, 1.2435591220855713, 1.1388177871704102, 1.1140148639678955, 1.1526716947555542, 1.2056300640106201, 1.2250553369522095, 1.1707159280776978, 1.1746101379394531, 1.240835428237915, 1.1718575954437256, 1.142357349395752, 1.105589747428894, 1.171762228012085, 1.1619601249694824, 1.262255311012268, 1.1716129779815674, 1.202602505683899, 1.1705881357192993, 1.21686589717865, 1.1907846927642822]",sae,Pre-64
1,beta,26,75.0,0.4502231978181314,0.4442488029476733,0.4425095635528301,0.5,0.5832450787939482,0.6475593742568525,30,"[0, 1, 2, 3, 4, 5, 6, 7, 8, 9, 10, 11, 12, 13, 14, 15, 16, 17, 18, 19, 20, 21, 22, 23, 24, 25, 26, 27, 28, 29]","[1.1555442810058594, 1.2041875123977661, 1.299892783164978, 1.115403652191162, 1.1977704763412476, 1.2426538467407227, 1.2137271165847778, 1.1166235208511353, 1.202622890472412, 1.1893163919448853, 1.098173975944519, 1.2942622900009155, 1.250457763671875, 1.2013744115829468, 1.2439463138580322, 1.1272211074829102, 1.1953763961791992, 1.1167938709259033, 1.2241944074630737, 1.2015106678009033, 1.1450039148330688, 1.2828484773635864, 1.2133245468139648, 1.2307840585708618, 1.2933491468429565, 1.3005832433700562, 1.1806293725967407, 1.226503849029541, 1.0538688898086548, 1.1579833030700684]",sae,Pre-64
1,beta,4,0.5,0.4589558369307028,0.4477177462853796,0.4493181864938039,0.5,0.61034827708266,0.6615802514735983,30,"[0, 1, 2, 3, 4, 5, 6, 7, 8, 9, 10, 11, 12, 13, 14, 15, 16, 17, 18, 19, 20, 21, 22, 23, 24, 25, 26, 27, 28, 29]","[1.1777721643447876, 1.1554479598999023, 1.123734712600708, 1.2367613315582275, 1.1010112762451172, 1.1309430599212646, 1.145643711090088, 1.1165508031845093, 1.1993235349655151, 1.1947863101959229, 1.1990617513656616, 1.1123532056808472, 1.2366323471069336, 1.1637712717056274, 1.1139233112335205, 1.1837881803512573, 1.1833724975585938, 1.168279767036438, 1.1406776905059814, 1.2084177732467651, 1.1869065761566162, 1.2237598896026611, 1.1760855913162231, 1.0962145328521729, 1.1903668642044067, 1.1116077899932861, 1.1601639986038208, 1.1707360744476318, 1.2161426544189453, 1.1170037984848022]",sae,Pre-64
1,beta,3,100.0,0.4557259332451328,0.444824285747971,0.444445518982436,0.5,0.6042731979176,0.6513497732311597,30,"[0, 1, 2, 3, 4, 5, 6, 7, 8, 9, 10, 11, 12, 13, 14, 15, 16, 17, 18, 19, 20, 21, 22, 23, 24, 25, 26, 27, 28, 29]","[1.2173471450805664, 1.2437915802001953, 1.2303599119186401, 1.1470088958740234, 1.225160837173462, 1.2187906503677368, 1.2136988639831543, 1.2373769283294678, 1.0408121347427368, 1.2769273519515991, 1.1646583080291748, 1.2723538875579834, 1.2085832357406616, 1.1533737182617188, 1.2780166864395142, 1.220745325088501, 1.2246323823928833, 1.232620120048523, 1.1631330251693726, 1.1876789331436157, 1.1246399879455566, 1.1998945474624634, 1.1904420852661133, 1.2890866994857788, 1.2598119974136353, 1.2086460590362549, 1.220794439315796, 1.200886607170105, 1.255966067314148, 1.1892025470733643]",sae,Pre-64
1,beta,29,1.0,0.4558655961502112,0.4409050416793991,0.4442310922191511,0.5,0.6296548282533407,0.6689000750796879,30,"[0, 1, 2, 3, 4, 5, 6, 7, 8, 9, 10, 11, 12, 13, 14, 15, 16, 17, 18, 19, 20, 21, 22, 23, 24, 25, 26, 27, 28, 29]","[1.194935917854309, 1.1385749578475952, 1.0295852422714233, 1.238612413406372, 1.1851270198822021, 1.162545919418335, 1.2411545515060425, 1.166039228439331, 1.2299060821533203, 1.2362966537475586, 1.1895782947540283, 1.2295013666152954, 1.231622576713562, 1.2365245819091797, 1.1724414825439453, 1.2314629554748535, 1.110655665397644, 1.1652898788452148, 1.1510244607925415, 1.1959142684936523, 1.249851107597351, 1.2568353414535522, 1.1828466653823853, 1.198325514793396, 1.1877683401107788, 1.1336921453475952, 1.1967061758041382, 1.2367507219314575, 1.2920050621032715, 1.1695195436477661]",sae,Pre-64
1,beta,9,0.23,0.448644851968101,0.4348910401892977,0.4421534838583524,0.5,0.6286670530281078,0.6714474065488265,30,"[0, 1, 2, 3, 4, 5, 6, 7, 8, 9, 10, 11, 12, 13, 14, 15, 16, 17, 18, 19, 20, 21, 22, 23, 24, 25, 26, 27, 28, 29]","[1.3247407674789429, 1.2603470087051392, 1.3446848392486572, 1.3224587440490723, 1.2620619535446167, 1.1263256072998047, 1.3184847831726074, 1.2432855367660522, 1.3227512836456299, 1.2046771049499512, 1.3121821880340576, 1.266465663909912, 1.2711834907531738, 1.3107191324234009, 1.3571308851242065, 1.2791787385940552, 1.2411049604415894, 1.3327116966247559, 1.3435086011886597, 1.2405449151992798, 1.3299640417099, 1.3384431600570679, 1.2437127828598022, 1.3293378353118896, 1.3448373079299927, 1.3287725448608398, 1.1960924863815308, 1.1411467790603638, 1.2581008672714233, 1.3456515073776245]",sae,Pre-64
1,beta,35,20.0,0.4566193215888805,0.4379483378046387,0.423438002526242,0.5,0.637290178651746,0.711674432830182,30,"[0, 1, 2, 3, 4, 5, 6, 7, 8, 9, 10, 11, 12, 13, 14, 15, 16, 17, 18, 19, 20, 21, 22, 23, 24, 25, 26, 27, 28, 29]","[1.1419644355773926, 1.1713181734085083, 1.240107536315918, 1.195743441581726, 1.1811882257461548, 1.1707707643508911, 1.1092125177383423, 1.2573636770248413, 1.2576355934143066, 1.1896233558654785, 1.2206906080245972, 1.1313600540161133, 1.1883442401885986, 1.0861045122146606, 1.169890284538269, 1.1350536346435547, 1.2416034936904907, 1.1306434869766235, 1.220120906829834, 1.109336495399475, 1.1400814056396484, 1.1308884620666504, 1.1600199937820435, 1.0872516632080078, 1.1515733003616333, 1.1778661012649536, 1.1567775011062622, 1.2329468727111816, 1.2157437801361084, 1.209161400794983]",sae,Pre-64
1,beta,41,2.0,0.4543678569363413,0.4427951465832617,0.4405481893807665,0.5,0.6190905384235713,0.6706238331294664,30,"[0, 1, 2, 3, 4, 5, 6, 7, 8, 9, 10, 11, 12, 13, 14, 15, 16, 17, 18, 19, 20, 21, 22, 23, 24, 25, 26, 27, 28, 29]","[1.1356950998306274, 1.1843740940093994, 1.0599017143249512, 1.0706007480621338, 1.0468002557754517, 1.210906744003296, 1.101571798324585, 1.1551228761672974, 1.140668272972107, 1.1793739795684814, 1.185392141342163, 1.1593207120895386, 1.1646181344985962, 1.1845898628234863, 1.201792597770691, 1.1444034576416016, 1.0762401819229126, 1.1555777788162231, 1.1304680109024048, 1.1696642637252808, 1.0725892782211304, 1.1413424015045166, 1.1628625392913818, 1.156077265739441, 1.1492286920547485, 1.137248158454895, 1.1817694902420044, 1.172348141670227, 1.1405194997787476, 1.0922468900680542]",sae,Pre-64
1,beta,32,0.5,0.4555596844830426,0.4475674839123162,0.4574857066219884,0.5,0.5924839124839124,0.6273726788012502,30,"[0, 1, 2, 3, 4, 5, 6, 7, 8, 9, 10, 11, 12, 13, 14, 15, 16, 17, 18, 19, 20, 21, 22, 23, 24, 25, 26, 27, 28, 29]","[1.28597891330719, 1.1913915872573853, 1.2832305431365967, 1.218367338180542, 1.2208343744277954, 1.3007514476776123, 1.2324695587158203, 1.1970856189727783, 1.2136499881744385, 1.2141656875610352, 1.2057666778564453, 1.2006953954696655, 1.2301374673843384, 1.1585408449172974, 1.1468251943588257, 1.169873833656311, 1.1970511674880981, 1.2234464883804321, 1.1713792085647583, 1.2120120525360107, 1.2902600765228271, 1.2123761177062988, 1.170460820198059, 1.290606141090393, 1.2252774238586426, 1.167966604232788, 1.2753394842147827, 1.0860527753829956, 1.292422890663147, 1.2855812311172485]",sae,Pre-64
1,beta,6,0.3,0.4540822999211705,0.4457917896713532,0.4384936900712481,0.5,0.5933447799067053,0.6652910519198336,30,"[0, 1, 2, 3, 4, 5, 6, 7, 8, 9, 10, 11, 12, 13, 14, 15, 16, 17, 18, 19, 20, 21, 22, 23, 24, 25, 26, 27, 28, 29]","[1.2093437910079956, 1.2324018478393555, 1.1689670085906982, 1.2286028861999512, 1.1660292148590088, 1.1364821195602417, 1.1552339792251587, 1.210248351097107, 1.1588280200958252, 1.2276009321212769, 1.1634801626205444, 1.1048387289047241, 1.1711478233337402, 1.1197253465652466, 1.0116533041000366, 1.2269690036773682, 1.129739761352539, 1.1970460414886475, 1.1658244132995605, 1.1922228336334229, 1.1664220094680786, 1.1494638919830322, 1.2115159034729004, 1.2004733085632324, 1.147264838218689, 1.1653865575790405, 1.1267348527908325, 1.1380363702774048, 1.188260555267334, 1.2108981609344482]",sae,Pre-64
1,beta,9,200.0,0.448644851968101,0.4348910401892977,0.4389724985373917,0.5,0.6286670530281078,0.67439727615184,30,"[0, 1, 2, 3, 4, 5, 6, 7, 8, 9, 10, 11, 12, 13, 14, 15, 16, 17, 18, 19, 20, 21, 22, 23, 24, 25, 26, 27, 28, 29]","[1.2153398990631104, 1.1627874374389648, 1.2425429821014404, 1.2238517999649048, 1.1654289960861206, 1.0477313995361328, 1.2183655500411987, 1.1352207660675049, 1.2167727947235107, 1.1058458089828491, 1.2178144454956055, 1.1729799509048462, 1.177621603012085, 1.2170661687850952, 1.2525821924209595, 1.1896530389785767, 1.1452741622924805, 1.2327814102172852, 1.2428123950958252, 1.1500693559646606, 1.2273743152618408, 1.2386215925216675, 1.1544575691223145, 1.2277216911315918, 1.2480170726776123, 1.2276045083999634, 1.1016136407852173, 1.0502220392227173, 1.1683142185211182, 1.2417500019073486]",sae,Pre-64
1,beta,33,0.2,0.4492211383258522,0.4377959816952598,0.4223402424961981,0.5,0.6165210074526608,0.6954138560095032,30,"[0, 1, 2, 3, 4, 5, 6, 7, 8, 9, 10, 11, 12, 13, 14, 15, 16, 17, 18, 19, 20, 21, 22, 23, 24, 25, 26, 27, 28, 29]","[1.1849273443222046, 1.2562428712844849, 1.2136778831481934, 1.194433331489563, 1.149998426437378, 1.2687307596206665, 1.1574212312698364, 1.2470797300338745, 1.2527871131896973, 1.2536271810531616, 1.1950736045837402, 1.2495068311691284, 1.1756917238235474, 1.1588196754455566, 1.1325362920761108, 1.2413465976715088, 1.1629266738891602, 1.1944456100463867, 1.2464298009872437, 1.2438013553619385, 1.1899774074554443, 1.159067153930664, 1.2561681270599365, 1.2361953258514404, 1.2687146663665771, 1.1437739133834839, 1.1919195652008057, 1.171987533569336, 1.145799160003662, 1.191154956817627]",sae,Pre-64
1,beta,9,0.75,0.448644851968101,0.4348910401892977,0.4357164848130318,0.5,0.6286670530281078,0.67439727615184,30,"[0, 1, 2, 3, 4, 5, 6, 7, 8, 9, 10, 11, 12, 13, 14, 15, 16, 17, 18, 19, 20, 21, 22, 23, 24, 25, 26, 27, 28, 29]","[1.2153398990631104, 1.1627874374389648, 1.2425429821014404, 1.2238517999649048, 1.1654289960861206, 1.0477313995361328, 1.2183655500411987, 1.1352207660675049, 1.2167727947235107, 1.1058458089828491, 1.2178144454956055, 1.1729799509048462, 1.177621603012085, 1.2170661687850952, 1.2525821924209595, 1.1896530389785767, 1.1452741622924805, 1.2327814102172852, 1.2428123950958252, 1.1500693559646606, 1.2273743152618408, 1.2386215925216675, 1.1544575691223145, 1.2277216911315918, 1.2480170726776123, 1.2276045083999634, 1.1016136407852173, 1.0502220392227173, 1.1683142185211182, 1.2417500019073486]",sae,Pre-64
1,beta,43,0.25,0.4515364523902173,0.4432102910589974,0.4322508386688745,0.5,0.6060785767234989,0.6967279466271312,30,"[0, 1, 2, 3, 4, 5, 6, 7, 8, 9, 10, 11, 12, 13, 14, 15, 16, 17, 18, 19, 20, 21, 22, 23, 24, 25, 26, 27, 28, 29]","[1.2137269973754883, 1.2966495752334595, 1.2138888835906982, 1.1676738262176514, 1.2102769613265991, 1.1480684280395508, 1.1920170783996582, 1.177064299583435, 1.259727120399475, 1.1724348068237305, 1.1425949335098267, 1.2585235834121704, 1.2058279514312744, 1.1739577054977417, 1.1621994972229004, 1.0888837575912476, 1.250617504119873, 1.1916553974151611, 1.2415788173675537, 1.2100411653518677, 1.173439860343933, 1.1695396900177002, 1.238284707069397, 1.2358100414276123, 1.1332714557647705, 1.2508617639541626, 1.267849326133728, 1.178114891052246, 1.2484055757522583, 1.2684884071350098]",sae,Pre-64
1,beta,7,1.5,0.4564836922581216,0.4420418003909208,0.4268703355995128,0.5,0.6095136152062148,0.7000084039932237,30,"[0, 1, 2, 3, 4, 5, 6, 7, 8, 9, 10, 11, 12, 13, 14, 15, 16, 17, 18, 19, 20, 21, 22, 23, 24, 25, 26, 27, 28, 29]","[1.186367392539978, 1.203552484512329, 1.2273681163787842, 1.1744158267974854, 1.2427024841308594, 1.194297194480896, 1.1417649984359741, 1.1899380683898926, 1.274727702140808, 1.2103523015975952, 1.1130813360214233, 1.1793581247329712, 1.1271109580993652, 1.140200138092041, 1.2939406633377075, 1.2133886814117432, 1.183907389640808, 1.1221195459365845, 1.2292346954345703, 1.2417727708816528, 1.200108528137207, 1.2005424499511719, 1.201027750968933, 1.1506562232971191, 1.259361982345581, 1.2019909620285034, 1.2091292142868042, 1.0751577615737915, 1.2751001119613647, 1.1631182432174683]",sae,Pre-64
1,beta,20,50.0,0.4408022875601419,0.4262939306313442,0.4271907923194133,0.5,0.6176087118064704,0.6488779225692263,30,"[0, 1, 2, 3, 4, 5, 6, 7, 8, 9, 10, 11, 12, 13, 14, 15, 16, 17, 18, 19, 20, 21, 22, 23, 24, 25, 26, 27, 28, 29]","[1.1888443231582642, 1.2588075399398804, 1.2090791463851929, 1.276505947113037, 1.265021800994873, 1.2415491342544556, 1.253626823425293, 1.1762081384658813, 1.2560367584228516, 1.204184651374817, 1.1926451921463013, 1.1942633390426636, 1.285210132598877, 1.1553280353546143, 1.1849594116210938, 1.2904577255249023, 1.1613073348999023, 1.195784091949463, 1.2340788841247559, 1.2251707315444946, 1.236037015914917, 1.167548418045044, 1.2559117078781128, 1.2980648279190063, 1.249900221824646, 1.1806350946426392, 1.2032898664474487, 1.2339420318603516, 1.1950137615203857, 1.2724168300628662]",sae,Pre-64
1,beta,48,50.0,0.4556814132376,0.4510566266980289,0.4505574555111336,0.5,0.5923878577171784,0.5876994552846448,30,"[0, 1, 2, 3, 4, 5, 6, 7, 8, 9, 10, 11, 12, 13, 14, 15, 16, 17, 18, 19, 20, 21, 22, 23, 24, 25, 26, 27, 28, 29]","[1.314848780632019, 1.2628027200698853, 1.241004228591919, 1.2374732494354248, 1.2198200225830078, 1.1986083984375, 1.2501070499420166, 1.1745821237564087, 1.2252157926559448, 1.2332372665405273, 1.2725598812103271, 1.2326319217681885, 1.2322970628738403, 1.2276474237442017, 1.1980329751968384, 1.24959397315979, 1.2403693199157715, 1.2576123476028442, 1.2807153463363647, 1.1356396675109863, 1.2306994199752808, 1.2764241695404053, 1.2865550518035889, 1.136379361152649, 1.2335848808288574, 1.253692626953125, 1.2959669828414917, 1.2499793767929077, 1.2189946174621582, 1.252404808998108]",sae,Pre-64
1,beta,32,100.0,0.4555596844830426,0.4475674839123162,0.4485437878642559,0.5,0.5924839124839124,0.6273726788012502,30,"[0, 1, 2, 3, 4, 5, 6, 7, 8, 9, 10, 11, 12, 13, 14, 15, 16, 17, 18, 19, 20, 21, 22, 23, 24, 25, 26, 27, 28, 29]","[1.28597891330719, 1.1913915872573853, 1.2832305431365967, 1.218367338180542, 1.2208343744277954, 1.3007514476776123, 1.2324695587158203, 1.1970856189727783, 1.2136499881744385, 1.2141656875610352, 1.2057666778564453, 1.2006953954696655, 1.2301374673843384, 1.1585408449172974, 1.1468251943588257, 1.169873833656311, 1.1970511674880981, 1.2234464883804321, 1.1713792085647583, 1.2120120525360107, 1.2902600765228271, 1.2123761177062988, 1.170460820198059, 1.290606141090393, 1.2252774238586426, 1.167966604232788, 1.2753394842147827, 1.0860527753829956, 1.292422890663147, 1.2855812311172485]",sae,Pre-64
1,beta,6,0.2,0.4540822999211705,0.4457917896713532,0.4384936900712481,0.5,0.5933447799067053,0.6652910519198336,30,"[0, 1, 2, 3, 4, 5, 6, 7, 8, 9, 10, 11, 12, 13, 14, 15, 16, 17, 18, 19, 20, 21, 22, 23, 24, 25, 26, 27, 28, 29]","[1.2093437910079956, 1.2324018478393555, 1.1689670085906982, 1.2286028861999512, 1.1660292148590088, 1.1364821195602417, 1.1552339792251587, 1.210248351097107, 1.1588280200958252, 1.2276009321212769, 1.1634801626205444, 1.1048387289047241, 1.1711478233337402, 1.1197253465652466, 1.0116533041000366, 1.2269690036773682, 1.129739761352539, 1.1970460414886475, 1.1658244132995605, 1.1922228336334229, 1.1664220094680786, 1.1494638919830322, 1.2115159034729004, 1.2004733085632324, 1.147264838218689, 1.1653865575790405, 1.1267348527908325, 1.1380363702774048, 1.188260555267334, 1.2108981609344482]",sae,Pre-64
1,beta,4,0.22,0.4589558369307028,0.4477177462853796,0.452905568890858,0.5,0.61034827708266,0.6592440401988398,30,"[0, 1, 2, 3, 4, 5, 6, 7, 8, 9, 10, 11, 12, 13, 14, 15, 16, 17, 18, 19, 20, 21, 22, 23, 24, 25, 26, 27, 28, 29]","[1.2977207899093628, 1.2794866561889648, 1.2195045948028564, 1.3506962060928345, 1.1943647861480713, 1.2325326204299927, 1.264692783355713, 1.2159632444381714, 1.3100833892822266, 1.318831443786621, 1.3064749240875244, 1.2331031560897827, 1.351279377937317, 1.256636619567871, 1.2105293273925781, 1.2979999780654907, 1.297675609588623, 1.2734812498092651, 1.2348692417144775, 1.3256845474243164, 1.2864512205123901, 1.3426436185836792, 1.2944790124893188, 1.1988362073898315, 1.2902222871780396, 1.2240540981292725, 1.2513126134872437, 1.2665554285049438, 1.3302905559539795, 1.2110482454299927]",sae,Pre-64
1,beta,22,0.23,0.4519005213187685,0.4442985770479847,0.4398732190737021,0.5,0.5939599289403404,0.6813418393157565,30,"[0, 1, 2, 3, 4, 5, 6, 7, 8, 9, 10, 11, 12, 13, 14, 15, 16, 17, 18, 19, 20, 21, 22, 23, 24, 25, 26, 27, 28, 29]","[1.1824133396148682, 1.2428678274154663, 1.251529574394226, 1.238394021987915, 1.3046760559082031, 1.2358390092849731, 1.2049013376235962, 1.2215590476989746, 1.1878389120101929, 1.2131409645080566, 1.1894553899765015, 1.2950036525726318, 1.2506616115570068, 1.2787303924560547, 1.1883729696273804, 1.2585817575454712, 1.271548867225647, 1.263068437576294, 1.1893671751022339, 1.1995973587036133, 1.2616515159606934, 1.2614221572875977, 1.2714918851852417, 1.2309669256210327, 1.2339427471160889, 1.2915773391723633, 1.190626621246338, 1.1919162273406982, 1.3245898485183716, 1.194568157196045]",sae,Pre-64
1,beta,13,2.0,0.4619123366083722,0.4531466051409948,0.4353358523040135,0.5,0.6127276801885291,0.7084227751366117,30,"[0, 1, 2, 3, 4, 5, 6, 7, 8, 9, 10, 11, 12, 13, 14, 15, 16, 17, 18, 19, 20, 21, 22, 23, 24, 25, 26, 27, 28, 29]","[1.2620290517807007, 1.0841492414474487, 1.2518304586410522, 1.2009828090667725, 1.1773443222045898, 1.2524205446243286, 1.1896860599517822, 1.205586552619934, 1.2011864185333252, 1.204891324043274, 1.2614386081695557, 1.189528465270996, 1.1975116729736328, 1.2220771312713623, 1.2205173969268799, 1.1578680276870728, 1.1433484554290771, 1.2188818454742432, 1.1746560335159302, 1.1710954904556274, 1.1613126993179321, 1.1272764205932617, 1.1385637521743774, 1.1813597679138184, 1.1625311374664307, 1.1538347005844116, 1.1776994466781616, 1.1675361394882202, 1.191448450088501, 1.2053452730178833]",sae,Pre-64
1,beta,8,1000.0,0.4517491928182039,0.4406431065890545,0.4326960575723772,0.5,0.6098144493254953,0.6772260068051754,30,"[0, 1, 2, 3, 4, 5, 6, 7, 8, 9, 10, 11, 12, 13, 14, 15, 16, 17, 18, 19, 20, 21, 22, 23, 24, 25, 26, 27, 28, 29]","[1.1187007427215576, 1.218583345413208, 1.1729588508605957, 1.1930103302001953, 1.2442059516906738, 1.182166576385498, 1.2270926237106323, 1.164693832397461, 1.2057322263717651, 1.212062120437622, 1.2319320440292358, 1.18947172164917, 1.188055396080017, 1.2018784284591675, 1.2228853702545166, 1.1608076095581055, 1.179728627204895, 1.1950958967208862, 1.1249150037765503, 1.1465964317321777, 1.1464855670928955, 1.1299797296524048, 1.2297531366348267, 1.1591399908065796, 1.2222727537155151, 1.227508783340454, 1.1398975849151611, 1.22318696975708, 1.2009252309799194, 1.166541337966919]",sae,Pre-64
1,beta,40,0.4,0.44666181227492,0.4340193094910912,0.429682020672628,0.5,0.6093636266731638,0.6685924865613913,30,"[0, 1, 2, 3, 4, 5, 6, 7, 8, 9, 10, 11, 12, 13, 14, 15, 16, 17, 18, 19, 20, 21, 22, 23, 24, 25, 26, 27, 28, 29]","[1.260451316833496, 1.2029104232788086, 1.210030198097229, 1.1508159637451172, 1.177841305732727, 1.2116917371749878, 1.223484992980957, 1.2286958694458008, 1.2418403625488281, 1.241719365119934, 1.1840252876281738, 1.1960790157318115, 1.2596971988677979, 1.1486899852752686, 1.163591742515564, 1.2771567106246948, 1.1630092859268188, 1.2165038585662842, 1.1730893850326538, 1.1577599048614502, 1.1874549388885498, 1.1900489330291748, 1.2351282835006714, 1.2007962465286255, 1.2448612451553345, 1.1839216947555542, 1.2515143156051636, 1.146957516670227, 1.2783863544464111, 1.1909359693527222]",sae,Pre-64
1,beta,4,100.0,0.4589558369307028,0.4477177462853796,0.4493181864938039,0.5,0.61034827708266,0.6615802514735983,30,"[0, 1, 2, 3, 4, 5, 6, 7, 8, 9, 10, 11, 12, 13, 14, 15, 16, 17, 18, 19, 20, 21, 22, 23, 24, 25, 26, 27, 28, 29]","[1.1777721643447876, 1.1554479598999023, 1.123734712600708, 1.2367613315582275, 1.1010112762451172, 1.1309430599212646, 1.145643711090088, 1.1165508031845093, 1.1993235349655151, 1.1947863101959229, 1.1990617513656616, 1.1123532056808472, 1.2366323471069336, 1.1637712717056274, 1.1139233112335205, 1.1837881803512573, 1.1833724975585938, 1.168279767036438, 1.1406776905059814, 1.2084177732467651, 1.1869065761566162, 1.2237598896026611, 1.1760855913162231, 1.0962145328521729, 1.1903668642044067, 1.1116077899932861, 1.1601639986038208, 1.1707360744476318, 1.2161426544189453, 1.1170037984848022]",sae,Pre-64
1,beta,34,0.3,0.4568527557813058,0.4470225010708758,0.443275057131214,0.5,0.6011606799053854,0.6760851879409729,30,"[0, 1, 2, 3, 4, 5, 6, 7, 8, 9, 10, 11, 12, 13, 14, 15, 16, 17, 18, 19, 20, 21, 22, 23, 24, 25, 26, 27, 28, 29]","[1.1789953708648682, 1.2537883520126343, 1.2522200345993042, 1.2207263708114624, 1.1845507621765137, 1.1816356182098389, 1.2130274772644043, 1.118558645248413, 1.1681073904037476, 1.1960270404815674, 1.2360401153564453, 1.0515711307525635, 1.2267489433288574, 1.1228840351104736, 1.1436480283737183, 1.1776278018951416, 1.25136399269104, 1.268998622894287, 1.2095643281936646, 1.171626329421997, 1.2115318775177002, 1.270542025566101, 1.2090188264846802, 1.209693431854248, 1.1852433681488037, 1.128913164138794, 1.2839841842651367, 1.270045518875122, 1.2672299146652222, 1.227954387664795]",sae,Pre-64
1,beta,23,0.75,0.4478205607315014,0.4344954522622479,0.4275977382416764,0.5,0.6150139710231751,0.6687422750907323,30,"[0, 1, 2, 3, 4, 5, 6, 7, 8, 9, 10, 11, 12, 13, 14, 15, 16, 17, 18, 19, 20, 21, 22, 23, 24, 25, 26, 27, 28, 29]","[1.1367353200912476, 1.1628820896148682, 1.1104114055633545, 1.2438031435012817, 1.0608277320861816, 1.1336368322372437, 1.211327075958252, 1.1689966917037964, 1.136163353919983, 1.248887538909912, 1.2434972524642944, 1.19732666015625, 1.1961266994476318, 1.0783805847167969, 1.1963282823562622, 1.2420802116394043, 0.9979529976844788, 1.167960286140442, 1.1316879987716675, 1.1474251747131348, 1.2360974550247192, 1.2508002519607544, 1.1319223642349243, 1.2472549676895142, 1.2268574237823486, 1.1909486055374146, 1.1608943939208984, 1.1226544380187988, 1.1709887981414795, 1.2530566453933716]",sae,Pre-64
1,beta,36,20.0,0.4642138821845151,0.4576483090311837,0.4487101453759358,0.5,0.6031055233182893,0.6753925104988936,30,"[0, 1, 2, 3, 4, 5, 6, 7, 8, 9, 10, 11, 12, 13, 14, 15, 16, 17, 18, 19, 20, 21, 22, 23, 24, 25, 26, 27, 28, 29]","[1.1789084672927856, 1.1453419923782349, 1.1322602033615112, 1.1648893356323242, 1.0651395320892334, 1.1846054792404175, 1.141721487045288, 1.157162070274353, 1.1999086141586304, 1.0772851705551147, 1.1159154176712036, 1.2064303159713745, 1.127974510192871, 1.1429641246795654, 1.1640619039535522, 1.2071683406829834, 1.1763486862182617, 1.1451680660247803, 1.1947323083877563, 1.1258301734924316, 1.1810296773910522, 1.130793571472168, 1.1566245555877686, 1.1185775995254517, 1.1979726552963257, 1.140467643737793, 1.1513619422912598, 1.1503264904022217, 1.1800856590270996, 1.1112136840820312]",sae,Pre-64
1,beta,43,1.0,0.4515364523902173,0.4432102910589974,0.4281405432169813,0.5,0.6060785767234989,0.6967279466271312,30,"[0, 1, 2, 3, 4, 5, 6, 7, 8, 9, 10, 11, 12, 13, 14, 15, 16, 17, 18, 19, 20, 21, 22, 23, 24, 25, 26, 27, 28, 29]","[1.2137269973754883, 1.2966495752334595, 1.2138888835906982, 1.1676738262176514, 1.2102769613265991, 1.1480684280395508, 1.1920170783996582, 1.177064299583435, 1.259727120399475, 1.1724348068237305, 1.1425949335098267, 1.2585235834121704, 1.2058279514312744, 1.1739577054977417, 1.1621994972229004, 1.0888837575912476, 1.250617504119873, 1.1916553974151611, 1.2415788173675537, 1.2100411653518677, 1.173439860343933, 1.1695396900177002, 1.238284707069397, 1.2358100414276123, 1.1332714557647705, 1.2508617639541626, 1.267849326133728, 1.178114891052246, 1.2484055757522583, 1.2684884071350098]",sae,Pre-64
1,beta,3,10.0,0.4557259332451328,0.444824285747971,0.4395213773495346,0.5,0.6042731979176,0.6513497732311597,30,"[0, 1, 2, 3, 4, 5, 6, 7, 8, 9, 10, 11, 12, 13, 14, 15, 16, 17, 18, 19, 20, 21, 22, 23, 24, 25, 26, 27, 28, 29]","[1.2173471450805664, 1.2437915802001953, 1.2303599119186401, 1.1470088958740234, 1.225160837173462, 1.2187906503677368, 1.2136988639831543, 1.2373769283294678, 1.0408121347427368, 1.2769273519515991, 1.1646583080291748, 1.2723538875579834, 1.2085832357406616, 1.1533737182617188, 1.2780166864395142, 1.220745325088501, 1.2246323823928833, 1.232620120048523, 1.1631330251693726, 1.1876789331436157, 1.1246399879455566, 1.1998945474624634, 1.1904420852661133, 1.2890866994857788, 1.2598119974136353, 1.2086460590362549, 1.220794439315796, 1.200886607170105, 1.255966067314148, 1.1892025470733643]",sae,Pre-64
1,beta,19,3.0,0.4469965829377276,0.435497383761294,0.4093428038538048,0.5,0.6104665954706788,0.7106605521877061,30,"[0, 1, 2, 3, 4, 5, 6, 7, 8, 9, 10, 11, 12, 13, 14, 15, 16, 17, 18, 19, 20, 21, 22, 23, 24, 25, 26, 27, 28, 29]","[1.1908780336380005, 1.1948882341384888, 1.261419415473938, 1.2143750190734863, 1.1074068546295166, 1.138035535812378, 1.1818253993988037, 1.2405482530593872, 1.1682370901107788, 1.2502057552337646, 1.23455810546875, 1.2729377746582031, 1.1755164861679077, 1.1892448663711548, 1.0957870483398438, 1.117355465888977, 1.255409598350525, 1.2807034254074097, 1.139570951461792, 1.1753686666488647, 1.285911202430725, 1.180781364440918, 1.1631584167480469, 1.175125002861023, 1.172812819480896, 1.2548409700393677, 1.2710891962051392, 1.194553017616272, 1.1372811794281006, 1.1591088771820068]",sae,Pre-64
1,beta,37,200.0,0.4546908257221888,0.444978337644671,0.4248521975553931,0.5,0.6058579085235571,0.7202592918965247,30,"[0, 1, 2, 3, 4, 5, 6, 7, 8, 9, 10, 11, 12, 13, 14, 15, 16, 17, 18, 19, 20, 21, 22, 23, 24, 25, 26, 27, 28, 29]","[1.1383056640625, 1.213341236114502, 1.177707552909851, 1.16965913772583, 1.1041587591171265, 1.2045390605926514, 1.1453032493591309, 1.249243140220642, 1.2818135023117065, 1.2036993503570557, 1.1849234104156494, 1.1868669986724854, 1.214905858039856, 1.1719192266464233, 1.2408273220062256, 1.1888898611068726, 1.1841654777526855, 1.2297459840774536, 1.199540138244629, 1.1944150924682617, 1.1982941627502441, 1.2023546695709229, 1.2497965097427368, 1.2272303104400635, 1.1954416036605835, 1.2279680967330933, 1.1945136785507202, 1.198485016822815, 1.2278281450271606, 1.2478563785552979]",sae,Pre-64
1,beta,32,0.22,0.4555596844830426,0.4475674839123162,0.4648168540033582,0.5,0.5924839124839124,0.629437764294907,30,"[0, 1, 2, 3, 4, 5, 6, 7, 8, 9, 10, 11, 12, 13, 14, 15, 16, 17, 18, 19, 20, 21, 22, 23, 24, 25, 26, 27, 28, 29]","[1.3363760709762573, 1.2420333623886108, 1.3340063095092773, 1.2667834758758545, 1.2720283269882202, 1.353156566619873, 1.2802369594573975, 1.2549035549163818, 1.2555456161499023, 1.2582025527954102, 1.2543199062347412, 1.2471506595611572, 1.2785652875900269, 1.2003867626190186, 1.1900278329849243, 1.2077621221542358, 1.2372992038726807, 1.2762398719787598, 1.2213788032531738, 1.2595858573913574, 1.3400335311889648, 1.258751630783081, 1.208450198173523, 1.3360368013381958, 1.2733532190322876, 1.2108181715011597, 1.3246891498565674, 1.1297037601470947, 1.3435372114181519, 1.335336685180664]",sae,Pre-64
1,beta,10,200.0,0.4493907433353129,0.4390813823454372,0.4344056235297167,0.5,0.6232207829487961,0.6743909002834692,30,"[0, 1, 2, 3, 4, 5, 6, 7, 8, 9, 10, 11, 12, 13, 14, 15, 16, 17, 18, 19, 20, 21, 22, 23, 24, 25, 26, 27, 28, 29]","[1.1427899599075317, 1.068242073059082, 1.199394941329956, 1.158583641052246, 1.149035930633545, 1.1689698696136475, 1.2380726337432861, 1.1728394031524658, 1.0578781366348267, 1.1875046491622925, 1.1654369831085205, 1.1715285778045654, 1.1657956838607788, 1.1442753076553345, 1.2309560775756836, 1.1749398708343506, 1.1827489137649536, 1.12376070022583, 1.1349002122879028, 1.1247795820236206, 1.1484092473983765, 1.1541001796722412, 1.2148005962371826, 1.210876226425171, 1.1075263023376465, 1.1338322162628174, 1.1668912172317505, 1.1912418603897095, 1.1516903638839722, 1.169378399848938]",sae,Pre-64
1,beta,15,0.25,0.4529015220185267,0.4424399871594601,0.4288906164047361,0.5,0.6161071485640408,0.7104373974055405,30,"[0, 1, 2, 3, 4, 5, 6, 7, 8, 9, 10, 11, 12, 13, 14, 15, 16, 17, 18, 19, 20, 21, 22, 23, 24, 25, 26, 27, 28, 29]","[1.2297028303146362, 1.1844578981399536, 1.2187010049819946, 1.2410067319869995, 1.2625303268432617, 1.2147023677825928, 1.204607605934143, 1.2266818284988403, 1.260777235031128, 1.2780855894088745, 1.249312162399292, 1.1824904680252075, 1.3096634149551392, 1.2764045000076294, 1.198004961013794, 1.2438502311706543, 1.2037550210952759, 1.2916380167007446, 1.1795995235443115, 1.253247857093811, 1.3096920251846313, 1.283564805984497, 1.2266215085983276, 1.2566428184509277, 1.1922552585601807, 1.1087640523910522, 1.2683396339416504, 1.3166978359222412, 1.2296016216278076, 1.2431813478469849]",sae,Pre-64
1,beta,12,0.4,0.4455148672091349,0.4361346773072694,0.4052152293124318,0.5,0.5892778403611032,0.732179722690948,30,"[0, 1, 2, 3, 4, 5, 6, 7, 8, 9, 10, 11, 12, 13, 14, 15, 16, 17, 18, 19, 20, 21, 22, 23, 24, 25, 26, 27, 28, 29]","[1.1510069370269775, 1.238104224205017, 1.1669384241104126, 1.0727007389068604, 1.2094347476959229, 1.160822868347168, 1.1686755418777466, 1.231000304222107, 1.250001072883606, 1.1482594013214111, 1.1463829278945923, 1.2851383686065674, 1.1506091356277466, 1.2207391262054443, 1.1269334554672241, 1.2875975370407104, 1.111490249633789, 1.2468537092208862, 1.1965770721435547, 1.2625105381011963, 1.2613308429718018, 1.1978631019592285, 1.1764955520629883, 1.2832802534103394, 1.261273980140686, 1.1248352527618408, 1.2639222145080566, 1.2385042905807495, 1.1889654397964478, 1.2939741611480713]",sae,Pre-64
1,beta,47,3.0,0.4460371044958436,0.4257646434940195,0.4019354628231175,0.5,0.6434257056516428,0.7291872950556163,30,"[0, 1, 2, 3, 4, 5, 6, 7, 8, 9, 10, 11, 12, 13, 14, 15, 16, 17, 18, 19, 20, 21, 22, 23, 24, 25, 26, 27, 28, 29]","[1.2948559522628784, 1.148354411125183, 1.1743416786193848, 1.1649647951126099, 1.246188759803772, 1.2814688682556152, 1.2447621822357178, 1.2164852619171143, 1.2303695678710938, 1.1912521123886108, 1.1916992664337158, 1.1139793395996094, 1.1724560260772705, 1.2962146997451782, 1.1174935102462769, 1.2390276193618774, 1.1683082580566406, 1.2478612661361694, 1.090547800064087, 1.1480519771575928, 1.1796824932098389, 1.2337864637374878, 1.2272014617919922, 1.1476048231124878, 1.2347866296768188, 1.1138331890106201, 1.1005412340164185, 1.2123545408248901, 1.1655439138412476, 1.21992826461792]",sae,Pre-64
1,beta,35,1.5,0.4566193215888805,0.4379483378046387,0.4255290553194711,0.5,0.637290178651746,0.711674432830182,30,"[0, 1, 2, 3, 4, 5, 6, 7, 8, 9, 10, 11, 12, 13, 14, 15, 16, 17, 18, 19, 20, 21, 22, 23, 24, 25, 26, 27, 28, 29]","[1.1419644355773926, 1.1713181734085083, 1.240107536315918, 1.195743441581726, 1.1811882257461548, 1.1707707643508911, 1.1092125177383423, 1.2573636770248413, 1.2576355934143066, 1.1896233558654785, 1.2206906080245972, 1.1313600540161133, 1.1883442401885986, 1.0861045122146606, 1.169890284538269, 1.1350536346435547, 1.2416034936904907, 1.1306434869766235, 1.220120906829834, 1.109336495399475, 1.1400814056396484, 1.1308884620666504, 1.1600199937820435, 1.0872516632080078, 1.1515733003616333, 1.1778661012649536, 1.1567775011062622, 1.2329468727111816, 1.2157437801361084, 1.209161400794983]",sae,Pre-64
1,beta,10,0.75,0.4493907433353129,0.4390813823454372,0.4344056235297167,0.5,0.6232207829487961,0.6743909002834692,30,"[0, 1, 2, 3, 4, 5, 6, 7, 8, 9, 10, 11, 12, 13, 14, 15, 16, 17, 18, 19, 20, 21, 22, 23, 24, 25, 26, 27, 28, 29]","[1.1427899599075317, 1.068242073059082, 1.199394941329956, 1.158583641052246, 1.149035930633545, 1.1689698696136475, 1.2380726337432861, 1.1728394031524658, 1.0578781366348267, 1.1875046491622925, 1.1654369831085205, 1.1715285778045654, 1.1657956838607788, 1.1442753076553345, 1.2309560775756836, 1.1749398708343506, 1.1827489137649536, 1.12376070022583, 1.1349002122879028, 1.1247795820236206, 1.1484092473983765, 1.1541001796722412, 1.2148005962371826, 1.210876226425171, 1.1075263023376465, 1.1338322162628174, 1.1668912172317505, 1.1912418603897095, 1.1516903638839722, 1.169378399848938]",sae,Pre-64
1,beta,25,5.0,0.4465066892532915,0.4352791138475453,0.4283426566847164,0.5,0.6270054355300688,0.6623169470140464,30,"[0, 1, 2, 3, 4, 5, 6, 7, 8, 9, 10, 11, 12, 13, 14, 15, 16, 17, 18, 19, 20, 21, 22, 23, 24, 25, 26, 27, 28, 29]","[1.2349497079849243, 1.2300689220428467, 1.1594949960708618, 1.2379430532455444, 1.2391033172607422, 1.2348957061767578, 1.1245805025100708, 1.155241847038269, 1.2080327272415161, 1.1094435453414917, 1.245295763015747, 1.160856008529663, 1.2375980615615845, 1.172969102859497, 1.15664803981781, 1.1831228733062744, 1.0464048385620117, 1.1029119491577148, 1.1445536613464355, 1.177851676940918, 1.2662200927734375, 1.0758339166641235, 1.214041829109192, 1.1855113506317139, 1.210127353668213, 1.1676115989685059, 1.270385980606079, 1.2399115562438965, 1.2544312477111816, 1.10956871509552]",sae,Pre-64
1,beta,34,0.2,0.4568527557813058,0.4470225010708758,0.4455850001676674,0.5,0.6011606799053854,0.6769884858468852,30,"[0, 1, 2, 3, 4, 5, 6, 7, 8, 9, 10, 11, 12, 13, 14, 15, 16, 17, 18, 19, 20, 21, 22, 23, 24, 25, 26, 27, 28, 29]","[1.309127688407898, 1.392398715019226, 1.3954849243164062, 1.3449559211730957, 1.3048213720321655, 1.3100556135177612, 1.3468050956726074, 1.2607554197311401, 1.281327247619629, 1.3145018815994263, 1.3674840927124023, 1.1732465028762817, 1.3751496076583862, 1.2622904777526855, 1.2757574319839478, 1.3044180870056152, 1.3886680603027344, 1.4107320308685303, 1.325467824935913, 1.3018501996994019, 1.3273684978485107, 1.4099640846252441, 1.3419889211654663, 1.3589134216308594, 1.3060518503189087, 1.2500743865966797, 1.4239259958267212, 1.405428409576416, 1.3963977098464966, 1.3758982419967651]",sae,Pre-64
1,beta,31,10.0,0.4497611378811508,0.4308970333737342,0.4222439812433965,0.5,0.642735734520437,0.7068234375903335,30,"[0, 1, 2, 3, 4, 5, 6, 7, 8, 9, 10, 11, 12, 13, 14, 15, 16, 17, 18, 19, 20, 21, 22, 23, 24, 25, 26, 27, 28, 29]","[1.1868829727172852, 1.1684132814407349, 1.1411691904067993, 1.1192221641540527, 1.1979950666427612, 1.2012416124343872, 1.1268763542175293, 1.1949924230575562, 1.1851063966751099, 1.1678438186645508, 1.1846915483474731, 1.1878143548965454, 1.2181352376937866, 1.073760986328125, 1.2400416135787964, 1.1805418729782104, 1.1810487508773804, 1.162557601928711, 1.1839708089828491, 1.1404868364334106, 1.2300362586975098, 1.1923527717590332, 1.2170655727386475, 1.2127258777618408, 1.1911245584487915, 1.1909171342849731, 1.1074947118759155, 1.2370617389678955, 1.1450209617614746, 1.2102415561676025]",sae,Pre-64
1,beta,26,0.21,0.4502231978181314,0.4442488029476733,0.4543279596191928,0.5,0.5832450787939482,0.6467130169168074,30,"[0, 1, 2, 3, 4, 5, 6, 7, 8, 9, 10, 11, 12, 13, 14, 15, 16, 17, 18, 19, 20, 21, 22, 23, 24, 25, 26, 27, 28, 29]","[1.1928220987319946, 1.2404710054397583, 1.3458311557769775, 1.1563442945480347, 1.2403194904327393, 1.288223385810852, 1.2576096057891846, 1.163766622543335, 1.2436226606369019, 1.231644630432129, 1.1424674987792969, 1.3435245752334595, 1.297070026397705, 1.2432959079742432, 1.293919563293457, 1.1718270778656006, 1.2391475439071655, 1.1535704135894775, 1.2686958312988281, 1.2480192184448242, 1.1860597133636475, 1.3334745168685913, 1.2544645071029663, 1.272636890411377, 1.3419052362442017, 1.3419677019119263, 1.2190572023391724, 1.2665282487869263, 1.0912883281707764, 1.2032567262649536]",sae,Pre-64
1,beta,15,500.0,0.4529015220185267,0.4424399871594601,0.4300215896187788,0.5,0.6161071485640408,0.710238382312352,30,"[0, 1, 2, 3, 4, 5, 6, 7, 8, 9, 10, 11, 12, 13, 14, 15, 16, 17, 18, 19, 20, 21, 22, 23, 24, 25, 26, 27, 28, 29]","[1.17221999168396, 1.125728726387024, 1.1524420976638794, 1.18513822555542, 1.1932274103164673, 1.1606303453445435, 1.152201533317566, 1.1706732511520386, 1.198472023010254, 1.2162184715270996, 1.1902236938476562, 1.1268775463104248, 1.2425992488861084, 1.2129015922546387, 1.1411244869232178, 1.1768995523452759, 1.151627540588379, 1.2215334177017212, 1.1259431838989258, 1.195621132850647, 1.2451423406600952, 1.2243961095809937, 1.1661878824234009, 1.1994489431381226, 1.127516269683838, 1.0478888750076294, 1.2014273405075073, 1.2476288080215454, 1.165405511856079, 1.1883403062820435]",sae,Pre-64
1,beta,49,1000.0,0.462130925118617,0.4524487678230295,0.4454607633090832,0.5,0.6141152509743157,0.6817230713245997,30,"[0, 1, 2, 3, 4, 5, 6, 7, 8, 9, 10, 11, 12, 13, 14, 15, 16, 17, 18, 19, 20, 21, 22, 23, 24, 25, 26, 27, 28, 29]","[1.1816726922988892, 1.2170988321304321, 1.2116214036941528, 1.200257420539856, 1.1416643857955933, 1.1891062259674072, 1.246652603149414, 1.1470645666122437, 1.2520469427108765, 1.2268033027648926, 1.168094277381897, 1.1698029041290283, 1.2142579555511475, 1.222419023513794, 1.2369354963302612, 1.197393536567688, 1.2860667705535889, 1.2591131925582886, 1.1340359449386597, 1.2283560037612915, 1.2687814235687256, 1.1859486103057861, 1.263270378112793, 1.2230288982391357, 1.1918312311172485, 1.2190265655517578, 1.2284297943115234, 1.191718339920044, 1.0950191020965576, 1.1822810173034668]",sae,Pre-64
1,beta,15,1.0,0.4529015220185267,0.4424399871594601,0.4261582131997602,0.5,0.6161071485640408,0.710238382312352,30,"[0, 1, 2, 3, 4, 5, 6, 7, 8, 9, 10, 11, 12, 13, 14, 15, 16, 17, 18, 19, 20, 21, 22, 23, 24, 25, 26, 27, 28, 29]","[1.17221999168396, 1.125728726387024, 1.1524420976638794, 1.18513822555542, 1.1932274103164673, 1.1606303453445435, 1.152201533317566, 1.1706732511520386, 1.198472023010254, 1.2162184715270996, 1.1902236938476562, 1.1268775463104248, 1.2425992488861084, 1.2129015922546387, 1.1411244869232178, 1.1768995523452759, 1.151627540588379, 1.2215334177017212, 1.1259431838989258, 1.195621132850647, 1.2451423406600952, 1.2243961095809937, 1.1661878824234009, 1.1994489431381226, 1.127516269683838, 1.0478888750076294, 1.2014273405075073, 1.2476288080215454, 1.165405511856079, 1.1883403062820435]",sae,Pre-64
1,beta,49,1.5,0.462130925118617,0.4524487678230295,0.4433584675380477,0.5,0.6141152509743157,0.6817230713245997,30,"[0, 1, 2, 3, 4, 5, 6, 7, 8, 9, 10, 11, 12, 13, 14, 15, 16, 17, 18, 19, 20, 21, 22, 23, 24, 25, 26, 27, 28, 29]","[1.1816726922988892, 1.2170988321304321, 1.2116214036941528, 1.200257420539856, 1.1416643857955933, 1.1891062259674072, 1.246652603149414, 1.1470645666122437, 1.2520469427108765, 1.2268033027648926, 1.168094277381897, 1.1698029041290283, 1.2142579555511475, 1.222419023513794, 1.2369354963302612, 1.197393536567688, 1.2860667705535889, 1.2591131925582886, 1.1340359449386597, 1.2283560037612915, 1.2687814235687256, 1.1859486103057861, 1.263270378112793, 1.2230288982391357, 1.1918312311172485, 1.2190265655517578, 1.2284297943115234, 1.191718339920044, 1.0950191020965576, 1.1822810173034668]",sae,Pre-64
1,beta,46,0.5,0.4545712902572906,0.4417269056853911,0.4424497877878099,0.5,0.6270377926330811,0.6841223609382507,30,"[0, 1, 2, 3, 4, 5, 6, 7, 8, 9, 10, 11, 12, 13, 14, 15, 16, 17, 18, 19, 20, 21, 22, 23, 24, 25, 26, 27, 28, 29]","[1.1605839729309082, 1.2325963973999023, 1.2481722831726074, 1.249533772468567, 1.1887978315353394, 1.2818208932876587, 1.1905152797698975, 1.2588187456130981, 1.227943778038025, 1.2995549440383911, 1.0653156042099, 1.1619406938552856, 1.3013006448745728, 1.1704630851745605, 1.2270970344543457, 1.2811660766601562, 1.2396571636199951, 1.2584072351455688, 1.2591217756271362, 1.277535080909729, 1.2051252126693726, 1.2233694791793823, 1.2517229318618774, 1.2378768920898438, 1.2598581314086914, 1.2671061754226685, 1.2359105348587036, 1.2851537466049194, 1.2299818992614746, 1.2298767566680908]",sae,Pre-64
1,beta,9,20.0,0.448644851968101,0.4348910401892977,0.4332913039836557,0.5,0.6286670530281078,0.67439727615184,30,"[0, 1, 2, 3, 4, 5, 6, 7, 8, 9, 10, 11, 12, 13, 14, 15, 16, 17, 18, 19, 20, 21, 22, 23, 24, 25, 26, 27, 28, 29]","[1.2153398990631104, 1.1627874374389648, 1.2425429821014404, 1.2238517999649048, 1.1654289960861206, 1.0477313995361328, 1.2183655500411987, 1.1352207660675049, 1.2167727947235107, 1.1058458089828491, 1.2178144454956055, 1.1729799509048462, 1.177621603012085, 1.2170661687850952, 1.2525821924209595, 1.1896530389785767, 1.1452741622924805, 1.2327814102172852, 1.2428123950958252, 1.1500693559646606, 1.2273743152618408, 1.2386215925216675, 1.1544575691223145, 1.2277216911315918, 1.2480170726776123, 1.2276045083999634, 1.1016136407852173, 1.0502220392227173, 1.1683142185211182, 1.2417500019073486]",sae,Pre-64
1,beta,44,1.0,0.4469012312759677,0.43811650775401,0.4424302536745122,0.5,0.5982762074796864,0.6190848668045466,30,"[0, 1, 2, 3, 4, 5, 6, 7, 8, 9, 10, 11, 12, 13, 14, 15, 16, 17, 18, 19, 20, 21, 22, 23, 24, 25, 26, 27, 28, 29]","[1.188148856163025, 1.2002507448196411, 1.1204805374145508, 1.1610747575759888, 1.1904850006103516, 1.2366626262664795, 1.1955641508102417, 1.144327998161316, 1.206619143486023, 1.2314187288284302, 1.1892151832580566, 1.1514842510223389, 1.187224268913269, 1.1622644662857056, 1.248563528060913, 1.2472829818725586, 1.1387724876403809, 1.0304396152496338, 1.2001614570617676, 1.1816792488098145, 1.1582975387573242, 1.1419570446014404, 1.1716670989990234, 1.1951204538345337, 1.2422082424163818, 1.1315513849258423, 1.152037262916565, 1.1923751831054688, 1.1700479984283447, 1.2005369663238525]",sae,Pre-64
1,beta,36,1000.0,0.4642138821845151,0.4576483090311837,0.4535059149965175,0.5,0.6031055233182893,0.6753925104988936,30,"[0, 1, 2, 3, 4, 5, 6, 7, 8, 9, 10, 11, 12, 13, 14, 15, 16, 17, 18, 19, 20, 21, 22, 23, 24, 25, 26, 27, 28, 29]","[1.1789084672927856, 1.1453419923782349, 1.1322602033615112, 1.1648893356323242, 1.0651395320892334, 1.1846054792404175, 1.141721487045288, 1.157162070274353, 1.1999086141586304, 1.0772851705551147, 1.1159154176712036, 1.2064303159713745, 1.127974510192871, 1.1429641246795654, 1.1640619039535522, 1.2071683406829834, 1.1763486862182617, 1.1451680660247803, 1.1947323083877563, 1.1258301734924316, 1.1810296773910522, 1.130793571472168, 1.1566245555877686, 1.1185775995254517, 1.1979726552963257, 1.140467643737793, 1.1513619422912598, 1.1503264904022217, 1.1800856590270996, 1.1112136840820312]",sae,Pre-64
1,beta,43,500.0,0.4515364523902173,0.4432102910589974,0.4341806443478864,0.5,0.6060785767234989,0.6967279466271312,30,"[0, 1, 2, 3, 4, 5, 6, 7, 8, 9, 10, 11, 12, 13, 14, 15, 16, 17, 18, 19, 20, 21, 22, 23, 24, 25, 26, 27, 28, 29]","[1.2137269973754883, 1.2966495752334595, 1.2138888835906982, 1.1676738262176514, 1.2102769613265991, 1.1480684280395508, 1.1920170783996582, 1.177064299583435, 1.259727120399475, 1.1724348068237305, 1.1425949335098267, 1.2585235834121704, 1.2058279514312744, 1.1739577054977417, 1.1621994972229004, 1.0888837575912476, 1.250617504119873, 1.1916553974151611, 1.2415788173675537, 1.2100411653518677, 1.173439860343933, 1.1695396900177002, 1.238284707069397, 1.2358100414276123, 1.1332714557647705, 1.2508617639541626, 1.267849326133728, 1.178114891052246, 1.2484055757522583, 1.2684884071350098]",sae,Pre-64
1,beta,38,200.0,0.4455661720406026,0.4298851252298221,0.430590426492465,0.5,0.6303640517897944,0.6635567402894135,30,"[0, 1, 2, 3, 4, 5, 6, 7, 8, 9, 10, 11, 12, 13, 14, 15, 16, 17, 18, 19, 20, 21, 22, 23, 24, 25, 26, 27, 28, 29]","[1.1721346378326416, 1.1665115356445312, 1.1951327323913574, 1.2084224224090576, 1.1932506561279297, 1.0943678617477417, 1.22554349899292, 1.190416932106018, 1.0534244775772095, 1.212303638458252, 1.196964144706726, 1.1929432153701782, 1.2093898057937622, 1.185971736907959, 1.2129939794540405, 1.1697133779525757, 1.1856392621994019, 1.237824559211731, 1.137427806854248, 1.2083672285079956, 1.1895427703857422, 1.2017890214920044, 1.2302438020706177, 1.1494355201721191, 1.191596269607544, 1.2291513681411743, 1.1410502195358276, 1.2461069822311401, 1.175614595413208, 1.249431848526001]",sae,Pre-64
1,beta,49,0.3,0.462130925118617,0.4524487678230295,0.4462707482384424,0.5,0.6141152509743157,0.6820620275156126,30,"[0, 1, 2, 3, 4, 5, 6, 7, 8, 9, 10, 11, 12, 13, 14, 15, 16, 17, 18, 19, 20, 21, 22, 23, 24, 25, 26, 27, 28, 29]","[1.1956043243408203, 1.233967661857605, 1.2274665832519531, 1.2181893587112427, 1.1577813625335693, 1.2040027379989624, 1.263647198677063, 1.1616355180740356, 1.2683064937591553, 1.243644118309021, 1.1828508377075195, 1.1839863061904907, 1.2312700748443604, 1.2395880222320557, 1.2554152011871338, 1.215404987335205, 1.302122712135315, 1.275888204574585, 1.153938889503479, 1.244632363319397, 1.2854230403900146, 1.203426718711853, 1.2803884744644165, 1.2391083240509033, 1.2064813375473022, 1.234645962715149, 1.2449594736099243, 1.2066216468811035, 1.110983967781067, 1.199394941329956]",sae,Pre-64
1,beta,18,0.5,0.4575117633693479,0.4471831599677374,0.4182839141236465,0.5,0.6052065040104606,0.7279783219994782,30,"[0, 1, 2, 3, 4, 5, 6, 7, 8, 9, 10, 11, 12, 13, 14, 15, 16, 17, 18, 19, 20, 21, 22, 23, 24, 25, 26, 27, 28, 29]","[1.08156156539917, 1.1808451414108276, 1.2274887561798096, 1.1775970458984375, 1.1839946508407593, 1.1783868074417114, 1.302558422088623, 1.1474957466125488, 1.2003755569458008, 1.1137614250183105, 1.279771089553833, 1.1947054862976074, 1.217077374458313, 1.243087649345398, 1.1674503087997437, 1.1044795513153076, 1.2428091764450073, 1.1572407484054565, 1.1403177976608276, 1.0754040479660034, 1.2844663858413696, 1.1361045837402344, 1.2445805072784424, 1.2017990350723267, 1.1962649822235107, 1.1700507402420044, 1.2117968797683716, 1.2385376691818237, 1.2291908264160156, 1.181313395500183]",sae,Pre-64
1,beta,37,0.23,0.4546908257221888,0.444978337644671,0.4248521975553931,0.5,0.6058579085235571,0.7202592918965247,30,"[0, 1, 2, 3, 4, 5, 6, 7, 8, 9, 10, 11, 12, 13, 14, 15, 16, 17, 18, 19, 20, 21, 22, 23, 24, 25, 26, 27, 28, 29]","[1.1383056640625, 1.213341236114502, 1.177707552909851, 1.16965913772583, 1.1041587591171265, 1.2045390605926514, 1.1453032493591309, 1.249243140220642, 1.2818135023117065, 1.2036993503570557, 1.1849234104156494, 1.1868669986724854, 1.214905858039856, 1.1719192266464233, 1.2408273220062256, 1.1888898611068726, 1.1841654777526855, 1.2297459840774536, 1.199540138244629, 1.1944150924682617, 1.1982941627502441, 1.2023546695709229, 1.2497965097427368, 1.2272303104400635, 1.1954416036605835, 1.2279680967330933, 1.1945136785507202, 1.198485016822815, 1.2278281450271606, 1.2478563785552979]",sae,Pre-64
1,beta,37,0.75,0.4546908257221888,0.444978337644671,0.4248521975553931,0.5,0.6058579085235571,0.7202592918965247,30,"[0, 1, 2, 3, 4, 5, 6, 7, 8, 9, 10, 11, 12, 13, 14, 15, 16, 17, 18, 19, 20, 21, 22, 23, 24, 25, 26, 27, 28, 29]","[1.1383056640625, 1.213341236114502, 1.177707552909851, 1.16965913772583, 1.1041587591171265, 1.2045390605926514, 1.1453032493591309, 1.249243140220642, 1.2818135023117065, 1.2036993503570557, 1.1849234104156494, 1.1868669986724854, 1.214905858039856, 1.1719192266464233, 1.2408273220062256, 1.1888898611068726, 1.1841654777526855, 1.2297459840774536, 1.199540138244629, 1.1944150924682617, 1.1982941627502441, 1.2023546695709229, 1.2497965097427368, 1.2272303104400635, 1.1954416036605835, 1.2279680967330933, 1.1945136785507202, 1.198485016822815, 1.2278281450271606, 1.2478563785552979]",sae,Pre-64
1,beta,43,30.0,0.4515364523902173,0.4432102910589974,0.4240270578448606,0.5,0.6060785767234989,0.6967279466271312,30,"[0, 1, 2, 3, 4, 5, 6, 7, 8, 9, 10, 11, 12, 13, 14, 15, 16, 17, 18, 19, 20, 21, 22, 23, 24, 25, 26, 27, 28, 29]","[1.2137269973754883, 1.2966495752334595, 1.2138888835906982, 1.1676738262176514, 1.2102769613265991, 1.1480684280395508, 1.1920170783996582, 1.177064299583435, 1.259727120399475, 1.1724348068237305, 1.1425949335098267, 1.2585235834121704, 1.2058279514312744, 1.1739577054977417, 1.1621994972229004, 1.0888837575912476, 1.250617504119873, 1.1916553974151611, 1.2415788173675537, 1.2100411653518677, 1.173439860343933, 1.1695396900177002, 1.238284707069397, 1.2358100414276123, 1.1332714557647705, 1.2508617639541626, 1.267849326133728, 1.178114891052246, 1.2484055757522583, 1.2684884071350098]",sae,Pre-64
1,beta,30,1.0,0.4638407167611665,0.4544841508273655,0.4349917136696578,0.5,0.6043368975359404,0.6920299717760999,30,"[0, 1, 2, 3, 4, 5, 6, 7, 8, 9, 10, 11, 12, 13, 14, 15, 16, 17, 18, 19, 20, 21, 22, 23, 24, 25, 26, 27, 28, 29]","[1.234999656677246, 1.1741113662719727, 1.2121046781539917, 1.183706521987915, 1.188236951828003, 1.1696803569793701, 1.186059832572937, 1.151381492614746, 1.14472234249115, 1.1600751876831055, 1.2435591220855713, 1.1388177871704102, 1.1140148639678955, 1.1526716947555542, 1.2056300640106201, 1.2250553369522095, 1.1707159280776978, 1.1746101379394531, 1.240835428237915, 1.1718575954437256, 1.142357349395752, 1.105589747428894, 1.171762228012085, 1.1619601249694824, 1.262255311012268, 1.1716129779815674, 1.202602505683899, 1.1705881357192993, 1.21686589717865, 1.1907846927642822]",sae,Pre-64
1,beta,21,0.3,0.4504746503440228,0.4381370334360364,0.4330975554387349,0.5,0.6200058082774133,0.6869276684091498,30,"[0, 1, 2, 3, 4, 5, 6, 7, 8, 9, 10, 11, 12, 13, 14, 15, 16, 17, 18, 19, 20, 21, 22, 23, 24, 25, 26, 27, 28, 29]","[1.1804150342941284, 1.2129591703414917, 1.311761736869812, 1.3022044897079468, 1.2421388626098633, 1.2580347061157227, 1.212174654006958, 1.2139759063720703, 1.2774442434310913, 1.2381614446640015, 1.3010870218276978, 1.2548108100891113, 1.1991592645645142, 1.2128880023956299, 1.215673565864563, 1.2089121341705322, 1.2284700870513916, 1.2312750816345215, 1.1713653802871704, 1.3056690692901611, 1.1832361221313477, 1.3058409690856934, 1.179610252380371, 1.1756353378295898, 1.2410966157913208, 1.1754753589630127, 1.118747591972351, 1.2165757417678833, 1.282988429069519, 1.2478671073913574]",sae,Pre-64
1,beta,2,1.0,0.4419681213812466,0.4306250660512843,0.4160156608187521,0.5,0.6028191218064636,0.6886562804284323,30,"[0, 1, 2, 3, 4, 5, 6, 7, 8, 9, 10, 11, 12, 13, 14, 15, 16, 17, 18, 19, 20, 21, 22, 23, 24, 25, 26, 27, 28, 29]","[1.1491129398345947, 1.1618432998657227, 1.1426033973693848, 1.191449761390686, 1.1310452222824097, 1.2005151510238647, 1.17189359664917, 1.1661605834960938, 1.12075674533844, 1.1253643035888672, 1.1488215923309326, 1.1343861818313599, 1.16419517993927, 1.20036780834198, 1.190604567527771, 1.1571122407913208, 1.179641604423523, 1.2343209981918335, 1.221923589706421, 1.2101647853851318, 1.1568256616592407, 1.1531498432159424, 1.1994770765304565, 1.1852316856384277, 1.1635690927505493, 1.1419733762741089, 1.1855614185333252, 1.1774711608886719, 1.0223711729049683, 1.220582127571106]",sae,Pre-64
1,beta,16,500.0,0.4519396108125126,0.4401978349795346,0.4265240655428548,0.5,0.6159012314439947,0.7157482046462309,30,"[0, 1, 2, 3, 4, 5, 6, 7, 8, 9, 10, 11, 12, 13, 14, 15, 16, 17, 18, 19, 20, 21, 22, 23, 24, 25, 26, 27, 28, 29]","[1.155144453048706, 1.1337980031967163, 1.1233099699020386, 1.1950212717056274, 1.1797491312026978, 1.1431095600128174, 1.194365382194519, 1.1770823001861572, 1.1407045125961304, 1.1889445781707764, 1.1803953647613525, 1.1736708879470825, 1.1382813453674316, 1.1618629693984985, 1.068888545036316, 1.121972918510437, 1.2042245864868164, 1.0445743799209595, 1.1478757858276367, 1.1736332178115845, 1.2176194190979004, 1.1968461275100708, 1.194488763809204, 1.1921454668045044, 1.079857349395752, 1.1655960083007812, 1.083346962928772, 1.1446884870529175, 1.1000053882598877, 1.1300923824310303]",sae,Pre-64
1,beta,39,5.0,0.4461088087810431,0.4292341094433316,0.4232142701071379,0.5,0.6205127278095635,0.6657718484774533,30,"[0, 1, 2, 3, 4, 5, 6, 7, 8, 9, 10, 11, 12, 13, 14, 15, 16, 17, 18, 19, 20, 21, 22, 23, 24, 25, 26, 27, 28, 29]","[1.1917375326156616, 1.236011266708374, 1.1890162229537964, 1.1643238067626953, 1.140978217124939, 1.2120108604431152, 1.1828933954238892, 1.2210265398025513, 1.1605393886566162, 1.199174165725708, 1.1834092140197754, 1.0992392301559448, 1.2075473070144653, 1.1379015445709229, 1.20431649684906, 1.2560211420059204, 1.1885234117507935, 1.2229002714157104, 1.1480319499969482, 1.0825574398040771, 1.1679973602294922, 1.2216445207595825, 1.1227527856826782, 1.1278188228607178, 1.2215803861618042, 1.2034790515899658, 1.0507583618164062, 1.1575127840042114, 1.2623809576034546, 1.1674622297286987]",sae,Pre-64
1,beta,27,0.4,0.4609757262074365,0.4537266978541116,0.4516783014725056,0.5,0.5914172664146189,0.6586614698443567,30,"[0, 1, 2, 3, 4, 5, 6, 7, 8, 9, 10, 11, 12, 13, 14, 15, 16, 17, 18, 19, 20, 21, 22, 23, 24, 25, 26, 27, 28, 29]","[1.2290319204330444, 1.2658694982528687, 1.2246942520141602, 1.2191146612167358, 1.2526310682296753, 1.1830732822418213, 1.2688981294631958, 1.1652835607528687, 1.2092324495315552, 1.1985894441604614, 1.1707059144973755, 1.268323302268982, 1.2084215879440308, 1.1814098358154297, 1.2069700956344604, 1.1506013870239258, 1.180336356163025, 1.2344633340835571, 1.2088221311569214, 1.1903407573699951, 1.2684584856033325, 1.2527191638946533, 1.1786249876022339, 1.1301987171173096, 1.2132477760314941, 1.2670561075210571, 1.1951019763946533, 1.2304065227508545, 1.1527602672576904, 1.2162050008773804]",sae,Pre-64
1,beta,0,2.0,0.4600628296558519,0.4487196928272481,0.4288517540391363,0.5,0.6146148452673732,0.7212500893551071,30,"[0, 1, 2, 3, 4, 5, 6, 7, 8, 9, 10, 11, 12, 13, 14, 15, 16, 17, 18, 19, 20, 21, 22, 23, 24, 25, 26, 27, 28, 29]","[1.1609565019607544, 1.205399990081787, 1.1734585762023926, 1.2161903381347656, 1.1425961256027222, 1.1842118501663208, 1.2070008516311646, 1.2379403114318848, 1.2223178148269653, 1.1959354877471924, 1.181226134300232, 1.1726235151290894, 1.2236276865005493, 1.2120070457458496, 1.218804955482483, 1.1687568426132202, 1.1801352500915527, 1.143155813217163, 1.0709192752838135, 1.2054029703140259, 1.1369202136993408, 1.1508759260177612, 1.2216984033584595, 1.1585367918014526, 1.1669466495513916, 1.1062743663787842, 1.2285964488983154, 1.136776089668274, 1.1998835802078247, 1.1328357458114624]",sae,Pre-64
1,beta,16,1.0,0.4519396108125126,0.4401978349795346,0.4246152959865246,0.5,0.6159012314439947,0.7157482046462309,30,"[0, 1, 2, 3, 4, 5, 6, 7, 8, 9, 10, 11, 12, 13, 14, 15, 16, 17, 18, 19, 20, 21, 22, 23, 24, 25, 26, 27, 28, 29]","[1.155144453048706, 1.1337980031967163, 1.1233099699020386, 1.1950212717056274, 1.1797491312026978, 1.1431095600128174, 1.194365382194519, 1.1770823001861572, 1.1407045125961304, 1.1889445781707764, 1.1803953647613525, 1.1736708879470825, 1.1382813453674316, 1.1618629693984985, 1.068888545036316, 1.121972918510437, 1.2042245864868164, 1.0445743799209595, 1.1478757858276367, 1.1736332178115845, 1.2176194190979004, 1.1968461275100708, 1.194488763809204, 1.1921454668045044, 1.079857349395752, 1.1655960083007812, 1.083346962928772, 1.1446884870529175, 1.1000053882598877, 1.1300923824310303]",sae,Pre-64
1,beta,27,2.0,0.4609757262074365,0.4537266978541116,0.4464641870188187,0.5,0.5914172664146189,0.6586614698443567,30,"[0, 1, 2, 3, 4, 5, 6, 7, 8, 9, 10, 11, 12, 13, 14, 15, 16, 17, 18, 19, 20, 21, 22, 23, 24, 25, 26, 27, 28, 29]","[1.2290319204330444, 1.2658694982528687, 1.2246942520141602, 1.2191146612167358, 1.2526310682296753, 1.1830732822418213, 1.2688981294631958, 1.1652835607528687, 1.2092324495315552, 1.1985894441604614, 1.1707059144973755, 1.268323302268982, 1.2084215879440308, 1.1814098358154297, 1.2069700956344604, 1.1506013870239258, 1.180336356163025, 1.2344633340835571, 1.2088221311569214, 1.1903407573699951, 1.2684584856033325, 1.2527191638946533, 1.1786249876022339, 1.1301987171173096, 1.2132477760314941, 1.2670561075210571, 1.1951019763946533, 1.2304065227508545, 1.1527602672576904, 1.2162050008773804]",sae,Pre-64
1,beta,15,30.0,0.4529015220185267,0.4424399871594601,0.4239233411021416,0.5,0.6161071485640408,0.710238382312352,30,"[0, 1, 2, 3, 4, 5, 6, 7, 8, 9, 10, 11, 12, 13, 14, 15, 16, 17, 18, 19, 20, 21, 22, 23, 24, 25, 26, 27, 28, 29]","[1.17221999168396, 1.125728726387024, 1.1524420976638794, 1.18513822555542, 1.1932274103164673, 1.1606303453445435, 1.152201533317566, 1.1706732511520386, 1.198472023010254, 1.2162184715270996, 1.1902236938476562, 1.1268775463104248, 1.2425992488861084, 1.2129015922546387, 1.1411244869232178, 1.1768995523452759, 1.151627540588379, 1.2215334177017212, 1.1259431838989258, 1.195621132850647, 1.2451423406600952, 1.2243961095809937, 1.1661878824234009, 1.1994489431381226, 1.127516269683838, 1.0478888750076294, 1.2014273405075073, 1.2476288080215454, 1.165405511856079, 1.1883403062820435]",sae,Pre-64
1,beta,10,0.23,0.4493907433353129,0.4390813823454372,0.4378373003843949,0.5,0.6232207829487961,0.6759553625892569,30,"[0, 1, 2, 3, 4, 5, 6, 7, 8, 9, 10, 11, 12, 13, 14, 15, 16, 17, 18, 19, 20, 21, 22, 23, 24, 25, 26, 27, 28, 29]","[1.208911657333374, 1.1357210874557495, 1.2757080793380737, 1.2239179611206055, 1.2154755592346191, 1.238779067993164, 1.3097493648529053, 1.2413090467453003, 1.1220743656158447, 1.2582087516784668, 1.2286126613616943, 1.2435572147369385, 1.2375026941299438, 1.2138043642044067, 1.3042387962341309, 1.242890477180481, 1.249754548072815, 1.1859232187271118, 1.210203766822815, 1.1867049932479858, 1.2098135948181152, 1.2176120281219482, 1.2837722301483154, 1.2794255018234253, 1.1831551790237427, 1.1915287971496582, 1.2309999465942383, 1.2508220672607422, 1.2221463918685913, 1.2471590042114258]",sae,Pre-64
1,beta,45,10.0,0.4515599815008028,0.4347157609968581,0.4262839333459783,0.5,0.6289673345145609,0.6747383883815667,30,"[0, 1, 2, 3, 4, 5, 6, 7, 8, 9, 10, 11, 12, 13, 14, 15, 16, 17, 18, 19, 20, 21, 22, 23, 24, 25, 26, 27, 28, 29]","[1.2118186950683594, 1.2046393156051636, 1.1175212860107422, 1.2471874952316284, 1.2435009479522705, 1.0702455043792725, 1.2621617317199707, 1.1873860359191895, 1.158481478691101, 1.0991942882537842, 1.1809848546981812, 1.2580912113189697, 1.2084110975265503, 1.1058392524719238, 1.1608388423919678, 1.1815924644470215, 1.1621969938278198, 1.0576989650726318, 1.1889337301254272, 1.2040725946426392, 1.2099356651306152, 1.1275392770767212, 1.2057688236236572, 1.0658499002456665, 1.0492150783538818, 1.2386078834533691, 1.1468443870544434, 1.167812705039978, 1.0608655214309692, 1.248781681060791]",sae,Pre-64
1,beta,44,500.0,0.4469012312759677,0.43811650775401,0.4428309513897067,0.5,0.5982762074796864,0.6190848668045466,30,"[0, 1, 2, 3, 4, 5, 6, 7, 8, 9, 10, 11, 12, 13, 14, 15, 16, 17, 18, 19, 20, 21, 22, 23, 24, 25, 26, 27, 28, 29]","[1.188148856163025, 1.2002507448196411, 1.1204805374145508, 1.1610747575759888, 1.1904850006103516, 1.2366626262664795, 1.1955641508102417, 1.144327998161316, 1.206619143486023, 1.2314187288284302, 1.1892151832580566, 1.1514842510223389, 1.187224268913269, 1.1622644662857056, 1.248563528060913, 1.2472829818725586, 1.1387724876403809, 1.0304396152496338, 1.2001614570617676, 1.1816792488098145, 1.1582975387573242, 1.1419570446014404, 1.1716670989990234, 1.1951204538345337, 1.2422082424163818, 1.1315513849258423, 1.152037262916565, 1.1923751831054688, 1.1700479984283447, 1.2005369663238525]",sae,Pre-64
1,beta,5,3.0,0.4445517550333296,0.4301735816232515,0.4220402005604793,0.5,0.6070910659257547,0.6842133226655333,30,"[0, 1, 2, 3, 4, 5, 6, 7, 8, 9, 10, 11, 12, 13, 14, 15, 16, 17, 18, 19, 20, 21, 22, 23, 24, 25, 26, 27, 28, 29]","[1.204357385635376, 1.1163825988769531, 1.1249853372573853, 1.2326985597610474, 1.2355924844741821, 1.143419623374939, 1.1704707145690918, 1.1541118621826172, 1.2013881206512451, 1.1368167400360107, 1.2147825956344604, 1.2316826581954956, 1.1647292375564575, 1.1742970943450928, 1.2483549118041992, 1.1848121881484985, 1.1945708990097046, 1.215935230255127, 1.0952128171920776, 1.1795579195022583, 1.241766095161438, 1.18599534034729, 1.2278627157211304, 1.1371809244155884, 1.1636097431182861, 1.2409509420394897, 1.11619234085083, 1.1437363624572754, 1.2238935232162476, 1.1628071069717407]",sae,Pre-64
1,beta,33,3.0,0.4492211383258522,0.4377959816952598,0.4221014898348437,0.5,0.6165210074526608,0.6954138560095032,30,"[0, 1, 2, 3, 4, 5, 6, 7, 8, 9, 10, 11, 12, 13, 14, 15, 16, 17, 18, 19, 20, 21, 22, 23, 24, 25, 26, 27, 28, 29]","[1.1849273443222046, 1.2562428712844849, 1.2136778831481934, 1.194433331489563, 1.149998426437378, 1.2687307596206665, 1.1574212312698364, 1.2470797300338745, 1.2527871131896973, 1.2536271810531616, 1.1950736045837402, 1.2495068311691284, 1.1756917238235474, 1.1588196754455566, 1.1325362920761108, 1.2413465976715088, 1.1629266738891602, 1.1944456100463867, 1.2464298009872437, 1.2438013553619385, 1.1899774074554443, 1.159067153930664, 1.2561681270599365, 1.2361953258514404, 1.2687146663665771, 1.1437739133834839, 1.1919195652008057, 1.171987533569336, 1.145799160003662, 1.191154956817627]",sae,Pre-64
1,beta,42,2.0,0.4546678683050885,0.4407690563496341,0.4353784141286187,0.5,0.6336081445133979,0.6603511208928656,30,"[0, 1, 2, 3, 4, 5, 6, 7, 8, 9, 10, 11, 12, 13, 14, 15, 16, 17, 18, 19, 20, 21, 22, 23, 24, 25, 26, 27, 28, 29]","[1.2767118215560913, 1.1509020328521729, 1.2741888761520386, 1.2517021894454956, 1.16533625125885, 1.2553739547729492, 1.1647206544876099, 1.148014783859253, 1.1693377494812012, 1.2613091468811035, 1.2386943101882935, 1.2795376777648926, 1.1614588499069214, 1.0049147605895996, 1.2809103727340698, 1.1924101114273071, 1.141250491142273, 1.1302461624145508, 1.240049958229065, 1.2147595882415771, 1.1706880331039429, 1.1570767164230347, 1.171014428138733, 1.1616032123565674, 1.189007043838501, 1.1533206701278687, 1.2752232551574707, 1.16252863407135, 1.2145106792449951, 1.1530125141143799]",sae,Pre-64
1,beta,45,0.22,0.4515599815008028,0.4347157609968581,0.4336936079629502,0.5,0.6289673345145609,0.6746020928929474,30,"[0, 1, 2, 3, 4, 5, 6, 7, 8, 9, 10, 11, 12, 13, 14, 15, 16, 17, 18, 19, 20, 21, 22, 23, 24, 25, 26, 27, 28, 29]","[1.2667685747146606, 1.2543190717697144, 1.1692984104156494, 1.3038398027420044, 1.3015748262405396, 1.129022479057312, 1.3208192586898804, 1.2543259859085083, 1.2086398601531982, 1.1548445224761963, 1.2344636917114258, 1.3154875040054321, 1.2629189491271973, 1.1638985872268677, 1.2104220390319824, 1.2376030683517456, 1.2191439867019653, 1.1073611974716187, 1.2454813718795776, 1.2538714408874512, 1.2702341079711914, 1.1856526136398315, 1.2650295495986938, 1.1175295114517212, 1.1055546998977661, 1.2950679063796997, 1.2016676664352417, 1.216077446937561, 1.1144354343414307, 1.3061718940734863]",sae,Pre-64
1,beta,17,10.0,0.4599327030141671,0.4513468217402507,0.4356333898997919,0.5,0.6120635717004715,0.6982794453738126,30,"[0, 1, 2, 3, 4, 5, 6, 7, 8, 9, 10, 11, 12, 13, 14, 15, 16, 17, 18, 19, 20, 21, 22, 23, 24, 25, 26, 27, 28, 29]","[1.253448724746704, 1.157033085823059, 1.1724380254745483, 1.21102774143219, 1.2398598194122314, 1.1416960954666138, 1.2152034044265747, 1.1179237365722656, 1.1752480268478394, 1.1612284183502197, 1.2127126455307007, 1.234884262084961, 1.1886143684387207, 1.2384566068649292, 1.1679030656814575, 1.1839061975479126, 1.2392202615737915, 1.1842913627624512, 1.217572808265686, 1.1993213891983032, 1.1283472776412964, 1.197530746459961, 1.0647335052490234, 1.1836165189743042, 1.1550945043563843, 1.1692523956298828, 1.1686493158340454, 1.191864013671875, 1.1417936086654663, 1.2131496667861938]",sae,Pre-64
1,beta,38,0.75,0.4455661720406026,0.4298851252298221,0.4271035267157546,0.5,0.6303640517897944,0.6635567402894135,30,"[0, 1, 2, 3, 4, 5, 6, 7, 8, 9, 10, 11, 12, 13, 14, 15, 16, 17, 18, 19, 20, 21, 22, 23, 24, 25, 26, 27, 28, 29]","[1.1721346378326416, 1.1665115356445312, 1.1951327323913574, 1.2084224224090576, 1.1932506561279297, 1.0943678617477417, 1.22554349899292, 1.190416932106018, 1.0534244775772095, 1.212303638458252, 1.196964144706726, 1.1929432153701782, 1.2093898057937622, 1.185971736907959, 1.2129939794540405, 1.1697133779525757, 1.1856392621994019, 1.237824559211731, 1.137427806854248, 1.2083672285079956, 1.1895427703857422, 1.2017890214920044, 1.2302438020706177, 1.1494355201721191, 1.191596269607544, 1.2291513681411743, 1.1410502195358276, 1.2461069822311401, 1.175614595413208, 1.249431848526001]",sae,Pre-64
1,beta,41,75.0,0.4543678569363413,0.4427951465832617,0.4470912810108336,0.5,0.6190905384235713,0.6706238331294664,30,"[0, 1, 2, 3, 4, 5, 6, 7, 8, 9, 10, 11, 12, 13, 14, 15, 16, 17, 18, 19, 20, 21, 22, 23, 24, 25, 26, 27, 28, 29]","[1.1356950998306274, 1.1843740940093994, 1.0599017143249512, 1.0706007480621338, 1.0468002557754517, 1.210906744003296, 1.101571798324585, 1.1551228761672974, 1.140668272972107, 1.1793739795684814, 1.185392141342163, 1.1593207120895386, 1.1646181344985962, 1.1845898628234863, 1.201792597770691, 1.1444034576416016, 1.0762401819229126, 1.1555777788162231, 1.1304680109024048, 1.1696642637252808, 1.0725892782211304, 1.1413424015045166, 1.1628625392913818, 1.156077265739441, 1.1492286920547485, 1.137248158454895, 1.1817694902420044, 1.172348141670227, 1.1405194997787476, 1.0922468900680542]",sae,Pre-64
1,beta,5,0.5,0.4445517550333296,0.4301735816232515,0.4245154437456085,0.5,0.6070910659257547,0.6842133226655333,30,"[0, 1, 2, 3, 4, 5, 6, 7, 8, 9, 10, 11, 12, 13, 14, 15, 16, 17, 18, 19, 20, 21, 22, 23, 24, 25, 26, 27, 28, 29]","[1.204357385635376, 1.1163825988769531, 1.1249853372573853, 1.2326985597610474, 1.2355924844741821, 1.143419623374939, 1.1704707145690918, 1.1541118621826172, 1.2013881206512451, 1.1368167400360107, 1.2147825956344604, 1.2316826581954956, 1.1647292375564575, 1.1742970943450928, 1.2483549118041992, 1.1848121881484985, 1.1945708990097046, 1.215935230255127, 1.0952128171920776, 1.1795579195022583, 1.241766095161438, 1.18599534034729, 1.2278627157211304, 1.1371809244155884, 1.1636097431182861, 1.2409509420394897, 1.11619234085083, 1.1437363624572754, 1.2238935232162476, 1.1628071069717407]",sae,Pre-64
1,beta,11,0.21,0.4566976193509867,0.4496008864727478,0.4314025118568114,0.5,0.5995106990682213,0.709773142295266,30,"[0, 1, 2, 3, 4, 5, 6, 7, 8, 9, 10, 11, 12, 13, 14, 15, 16, 17, 18, 19, 20, 21, 22, 23, 24, 25, 26, 27, 28, 29]","[1.197404384613037, 1.0159912109375, 1.1595122814178467, 1.0947496891021729, 1.2204711437225342, 1.0870051383972168, 1.1269891262054443, 1.0375356674194336, 1.2077991962432861, 1.2207576036453247, 1.2321844100952148, 1.2301312685012817, 1.2398982048034668, 1.1524134874343872, 1.143661618232727, 1.0850900411605835, 1.17250657081604, 1.1216024160385132, 1.160549521446228, 1.1942617893218994, 1.178363561630249, 1.1898934841156006, 1.2164463996887207, 1.1637935638427734, 1.1526267528533936, 1.2090473175048828, 1.2035871744155884, 1.1137361526489258, 1.1602522134780884, 1.1377544403076172]",sae,Pre-64
1,beta,44,0.25,0.4469012312759677,0.43811650775401,0.4487892087527267,0.5,0.5982762074796864,0.6191953474395008,30,"[0, 1, 2, 3, 4, 5, 6, 7, 8, 9, 10, 11, 12, 13, 14, 15, 16, 17, 18, 19, 20, 21, 22, 23, 24, 25, 26, 27, 28, 29]","[1.2328484058380127, 1.2432582378387451, 1.1659717559814453, 1.2068911790847778, 1.2343610525131226, 1.280551791191101, 1.243249535560608, 1.1860988140106201, 1.2501426935195923, 1.280090570449829, 1.2281252145767212, 1.1968193054199219, 1.234683632850647, 1.2085925340652466, 1.295781135559082, 1.2916762828826904, 1.1771429777145386, 1.072963833808899, 1.2419883012771606, 1.2252764701843262, 1.2023608684539795, 1.1831597089767456, 1.22040593624115, 1.238060712814331, 1.2852996587753296, 1.177282691001892, 1.2010514736175537, 1.2346707582473755, 1.2158030271530151, 1.2455759048461914]",sae,Pre-64
1,beta,27,75.0,0.4609757262074365,0.4537266978541116,0.4516783014725056,0.5,0.5914172664146189,0.6586614698443567,30,"[0, 1, 2, 3, 4, 5, 6, 7, 8, 9, 10, 11, 12, 13, 14, 15, 16, 17, 18, 19, 20, 21, 22, 23, 24, 25, 26, 27, 28, 29]","[1.2290319204330444, 1.2658694982528687, 1.2246942520141602, 1.2191146612167358, 1.2526310682296753, 1.1830732822418213, 1.2688981294631958, 1.1652835607528687, 1.2092324495315552, 1.1985894441604614, 1.1707059144973755, 1.268323302268982, 1.2084215879440308, 1.1814098358154297, 1.2069700956344604, 1.1506013870239258, 1.180336356163025, 1.2344633340835571, 1.2088221311569214, 1.1903407573699951, 1.2684584856033325, 1.2527191638946533, 1.1786249876022339, 1.1301987171173096, 1.2132477760314941, 1.2670561075210571, 1.1951019763946533, 1.2304065227508545, 1.1527602672576904, 1.2162050008773804]",sae,Pre-64
1,beta,11,5.0,0.4566976193509867,0.4496008864727478,0.4308296110329351,0.5,0.5995106990682213,0.709773142295266,30,"[0, 1, 2, 3, 4, 5, 6, 7, 8, 9, 10, 11, 12, 13, 14, 15, 16, 17, 18, 19, 20, 21, 22, 23, 24, 25, 26, 27, 28, 29]","[1.197404384613037, 1.0159912109375, 1.1595122814178467, 1.0947496891021729, 1.2204711437225342, 1.0870051383972168, 1.1269891262054443, 1.0375356674194336, 1.2077991962432861, 1.2207576036453247, 1.2321844100952148, 1.2301312685012817, 1.2398982048034668, 1.1524134874343872, 1.143661618232727, 1.0850900411605835, 1.17250657081604, 1.1216024160385132, 1.160549521446228, 1.1942617893218994, 1.178363561630249, 1.1898934841156006, 1.2164463996887207, 1.1637935638427734, 1.1526267528533936, 1.2090473175048828, 1.2035871744155884, 1.1137361526489258, 1.1602522134780884, 1.1377544403076172]",sae,Pre-64
1,beta,21,1000.0,0.4504746503440228,0.4381370334360364,0.4313713200240022,0.5,0.6200058082774133,0.686910676108207,30,"[0, 1, 2, 3, 4, 5, 6, 7, 8, 9, 10, 11, 12, 13, 14, 15, 16, 17, 18, 19, 20, 21, 22, 23, 24, 25, 26, 27, 28, 29]","[1.1140649318695068, 1.152727723121643, 1.2438535690307617, 1.230009913444519, 1.1658810377120972, 1.1943459510803223, 1.1483663320541382, 1.1402873992919922, 1.204589605331421, 1.1714168787002563, 1.23432457447052, 1.17771315574646, 1.132249355316162, 1.1423084735870361, 1.1501163244247437, 1.1399269104003906, 1.1680771112442017, 1.1623523235321045, 1.1109286546707153, 1.2336747646331787, 1.1268517971038818, 1.2345601320266724, 1.125869870185852, 1.1168842315673828, 1.180175542831421, 1.1148767471313477, 1.053167700767517, 1.1537359952926636, 1.2132099866867065, 1.1823461055755615]",sae,Pre-64
1,beta,1,30.0,0.4560357198099471,0.4497423189216591,0.4358912590414147,0.5,0.5964054457666336,0.680948080464655,30,"[0, 1, 2, 3, 4, 5, 6, 7, 8, 9, 10, 11, 12, 13, 14, 15, 16, 17, 18, 19, 20, 21, 22, 23, 24, 25, 26, 27, 28, 29]","[1.2484626770019531, 1.183357834815979, 1.2077564001083374, 1.127197027206421, 1.1837691068649292, 1.1471096277236938, 1.1291790008544922, 1.2051725387573242, 1.1376121044158936, 1.1618740558624268, 1.1627427339553833, 1.1907955408096313, 1.2489014863967896, 1.1427462100982666, 1.2440361976623535, 1.078278660774231, 1.0989395380020142, 1.1663775444030762, 1.2298505306243896, 1.2602465152740479, 1.2476614713668823, 1.2094584703445435, 1.1924338340759277, 1.1765055656433105, 1.1376926898956299, 1.1597349643707275, 1.16420316696167, 1.178998589515686, 1.2568261623382568, 1.1711331605911255]",sae,Pre-64
1,beta,33,0.5,0.4492211383258522,0.4377959816952598,0.4223402424961981,0.5,0.6165210074526608,0.6954138560095032,30,"[0, 1, 2, 3, 4, 5, 6, 7, 8, 9, 10, 11, 12, 13, 14, 15, 16, 17, 18, 19, 20, 21, 22, 23, 24, 25, 26, 27, 28, 29]","[1.1849273443222046, 1.2562428712844849, 1.2136778831481934, 1.194433331489563, 1.149998426437378, 1.2687307596206665, 1.1574212312698364, 1.2470797300338745, 1.2527871131896973, 1.2536271810531616, 1.1950736045837402, 1.2495068311691284, 1.1756917238235474, 1.1588196754455566, 1.1325362920761108, 1.2413465976715088, 1.1629266738891602, 1.1944456100463867, 1.2464298009872437, 1.2438013553619385, 1.1899774074554443, 1.159067153930664, 1.2561681270599365, 1.2361953258514404, 1.2687146663665771, 1.1437739133834839, 1.1919195652008057, 1.171987533569336, 1.145799160003662, 1.191154956817627]",sae,Pre-64
1,beta,21,1.5,0.4504746503440228,0.4381370334360364,0.4262073379712824,0.5,0.6200058082774133,0.686910676108207,30,"[0, 1, 2, 3, 4, 5, 6, 7, 8, 9, 10, 11, 12, 13, 14, 15, 16, 17, 18, 19, 20, 21, 22, 23, 24, 25, 26, 27, 28, 29]","[1.1140649318695068, 1.152727723121643, 1.2438535690307617, 1.230009913444519, 1.1658810377120972, 1.1943459510803223, 1.1483663320541382, 1.1402873992919922, 1.204589605331421, 1.1714168787002563, 1.23432457447052, 1.17771315574646, 1.132249355316162, 1.1423084735870361, 1.1501163244247437, 1.1399269104003906, 1.1680771112442017, 1.1623523235321045, 1.1109286546707153, 1.2336747646331787, 1.1268517971038818, 1.2345601320266724, 1.125869870185852, 1.1168842315673828, 1.180175542831421, 1.1148767471313477, 1.053167700767517, 1.1537359952926636, 1.2132099866867065, 1.1823461055755615]",sae,Pre-64
1,beta,14,2.0,0.4467366851483266,0.4421697276018216,0.4188075872934953,0.5,0.5934222168898753,0.7004071746726857,30,"[0, 1, 2, 3, 4, 5, 6, 7, 8, 9, 10, 11, 12, 13, 14, 15, 16, 17, 18, 19, 20, 21, 22, 23, 24, 25, 26, 27, 28, 29]","[1.1700234413146973, 1.0681921243667603, 1.1210544109344482, 1.148490071296692, 1.1765847206115723, 1.143620252609253, 1.1391699314117432, 1.1990078687667847, 1.1443272829055786, 1.177550196647644, 1.0939750671386719, 1.0375179052352905, 1.0638422966003418, 1.1846389770507812, 1.1842373609542847, 1.1451287269592285, 1.202758550643921, 1.1907190084457397, 1.1267846822738647, 1.1308374404907227, 1.1608028411865234, 1.1382582187652588, 1.1897944211959839, 1.1014028787612915, 1.1924012899398804, 1.182306170463562, 1.1216769218444824, 1.1922364234924316, 1.183416485786438, 1.0683033466339111]",sae,Pre-64
1,beta,29,30.0,0.4558655961502112,0.4409050416793991,0.4395736190059994,0.5,0.6296548282533407,0.6689000750796879,30,"[0, 1, 2, 3, 4, 5, 6, 7, 8, 9, 10, 11, 12, 13, 14, 15, 16, 17, 18, 19, 20, 21, 22, 23, 24, 25, 26, 27, 28, 29]","[1.194935917854309, 1.1385749578475952, 1.0295852422714233, 1.238612413406372, 1.1851270198822021, 1.162545919418335, 1.2411545515060425, 1.166039228439331, 1.2299060821533203, 1.2362966537475586, 1.1895782947540283, 1.2295013666152954, 1.231622576713562, 1.2365245819091797, 1.1724414825439453, 1.2314629554748535, 1.110655665397644, 1.1652898788452148, 1.1510244607925415, 1.1959142684936523, 1.249851107597351, 1.2568353414535522, 1.1828466653823853, 1.198325514793396, 1.1877683401107788, 1.1336921453475952, 1.1967061758041382, 1.2367507219314575, 1.2920050621032715, 1.1695195436477661]",sae,Pre-64
1,beta,40,5.0,0.44666181227492,0.4340193094910912,0.4238397623037814,0.5,0.6093636266731638,0.6687813123391555,30,"[0, 1, 2, 3, 4, 5, 6, 7, 8, 9, 10, 11, 12, 13, 14, 15, 16, 17, 18, 19, 20, 21, 22, 23, 24, 25, 26, 27, 28, 29]","[1.2192795276641846, 1.1627495288848877, 1.1719245910644531, 1.11849045753479, 1.135270118713379, 1.1779391765594482, 1.1913443803787231, 1.1937462091445923, 1.2064859867095947, 1.201514720916748, 1.149951457977295, 1.1584373712539673, 1.2228493690490723, 1.112459421157837, 1.1239572763442993, 1.2368988990783691, 1.1208115816116333, 1.179778814315796, 1.1400268077850342, 1.1179053783416748, 1.1553407907485962, 1.1589585542678833, 1.194280743598938, 1.1646192073822021, 1.205991506576538, 1.145589828491211, 1.2156630754470825, 1.108210802078247, 1.2394895553588867, 1.1593530178070068]",sae,Pre-64
1,beta,49,50.0,0.462130925118617,0.4524487678230295,0.4454607633090832,0.5,0.6141152509743157,0.6817230713245997,30,"[0, 1, 2, 3, 4, 5, 6, 7, 8, 9, 10, 11, 12, 13, 14, 15, 16, 17, 18, 19, 20, 21, 22, 23, 24, 25, 26, 27, 28, 29]","[1.1816726922988892, 1.2170988321304321, 1.2116214036941528, 1.200257420539856, 1.1416643857955933, 1.1891062259674072, 1.246652603149414, 1.1470645666122437, 1.2520469427108765, 1.2268033027648926, 1.168094277381897, 1.1698029041290283, 1.2142579555511475, 1.222419023513794, 1.2369354963302612, 1.197393536567688, 1.2860667705535889, 1.2591131925582886, 1.1340359449386597, 1.2283560037612915, 1.2687814235687256, 1.1859486103057861, 1.263270378112793, 1.2230288982391357, 1.1918312311172485, 1.2190265655517578, 1.2284297943115234, 1.191718339920044, 1.0950191020965576, 1.1822810173034668]",sae,Pre-64
1,beta,8,1.5,0.4517491928182039,0.4406431065890545,0.4300536762879634,0.5,0.6098144493254953,0.6772260068051754,30,"[0, 1, 2, 3, 4, 5, 6, 7, 8, 9, 10, 11, 12, 13, 14, 15, 16, 17, 18, 19, 20, 21, 22, 23, 24, 25, 26, 27, 28, 29]","[1.1187007427215576, 1.218583345413208, 1.1729588508605957, 1.1930103302001953, 1.2442059516906738, 1.182166576385498, 1.2270926237106323, 1.164693832397461, 1.2057322263717651, 1.212062120437622, 1.2319320440292358, 1.18947172164917, 1.188055396080017, 1.2018784284591675, 1.2228853702545166, 1.1608076095581055, 1.179728627204895, 1.1950958967208862, 1.1249150037765503, 1.1465964317321777, 1.1464855670928955, 1.1299797296524048, 1.2297531366348267, 1.1591399908065796, 1.2222727537155151, 1.227508783340454, 1.1398975849151611, 1.22318696975708, 1.2009252309799194, 1.166541337966919]",sae,Pre-64
1,beta,17,0.22,0.4599327030141671,0.4513468217402507,0.439526174619726,0.5,0.6120635717004715,0.7004933997033476,30,"[0, 1, 2, 3, 4, 5, 6, 7, 8, 9, 10, 11, 12, 13, 14, 15, 16, 17, 18, 19, 20, 21, 22, 23, 24, 25, 26, 27, 28, 29]","[1.3038969039916992, 1.2028086185455322, 1.221020221710205, 1.2618306875228882, 1.2988969087600708, 1.1945550441741943, 1.2675182819366455, 1.1577177047729492, 1.2255454063415527, 1.2167755365371704, 1.272508144378662, 1.2879987955093384, 1.2386517524719238, 1.2937541007995605, 1.2266737222671509, 1.2365087270736694, 1.298235297203064, 1.235535979270935, 1.2721925973892212, 1.2476558685302734, 1.1758334636688232, 1.250028371810913, 1.1149133443832397, 1.2318499088287354, 1.2092130184173584, 1.218681812286377, 1.2134778499603271, 1.238978624343872, 1.195132851600647, 1.278149962425232]",sae,Pre-64
1,beta,7,0.2,0.4564836922581216,0.4420418003909208,0.4349802548213273,0.5,0.6095136152062148,0.7014046463761834,30,"[0, 1, 2, 3, 4, 5, 6, 7, 8, 9, 10, 11, 12, 13, 14, 15, 16, 17, 18, 19, 20, 21, 22, 23, 24, 25, 26, 27, 28, 29]","[1.2822701930999756, 1.3113681077957153, 1.3308185338974, 1.2885133028030396, 1.3485448360443115, 1.303171992301941, 1.2523820400238037, 1.3062965869903564, 1.3943793773651123, 1.3138619661331177, 1.2263859510421753, 1.2745507955551147, 1.2345925569534302, 1.2544046640396118, 1.4070119857788086, 1.3194880485534668, 1.2762835025787354, 1.2345839738845825, 1.340251088142395, 1.3470078706741333, 1.303389072418213, 1.3122584819793701, 1.3161895275115967, 1.2657835483551025, 1.3644964694976807, 1.3271056413650513, 1.301378607749939, 1.1836047172546387, 1.3857394456863403, 1.2738399505615234]",sae,Pre-64
1,beta,33,100.0,0.4492211383258522,0.4377959816952598,0.4223402424961981,0.5,0.6165210074526608,0.6954138560095032,30,"[0, 1, 2, 3, 4, 5, 6, 7, 8, 9, 10, 11, 12, 13, 14, 15, 16, 17, 18, 19, 20, 21, 22, 23, 24, 25, 26, 27, 28, 29]","[1.1849273443222046, 1.2562428712844849, 1.2136778831481934, 1.194433331489563, 1.149998426437378, 1.2687307596206665, 1.1574212312698364, 1.2470797300338745, 1.2527871131896973, 1.2536271810531616, 1.1950736045837402, 1.2495068311691284, 1.1756917238235474, 1.1588196754455566, 1.1325362920761108, 1.2413465976715088, 1.1629266738891602, 1.1944456100463867, 1.2464298009872437, 1.2438013553619385, 1.1899774074554443, 1.159067153930664, 1.2561681270599365, 1.2361953258514404, 1.2687146663665771, 1.1437739133834839, 1.1919195652008057, 1.171987533569336, 1.145799160003662, 1.191154956817627]",sae,Pre-64
1,beta,21,50.0,0.4504746503440228,0.4381370334360364,0.4313713200240022,0.5,0.6200058082774133,0.686910676108207,30,"[0, 1, 2, 3, 4, 5, 6, 7, 8, 9, 10, 11, 12, 13, 14, 15, 16, 17, 18, 19, 20, 21, 22, 23, 24, 25, 26, 27, 28, 29]","[1.1140649318695068, 1.152727723121643, 1.2438535690307617, 1.230009913444519, 1.1658810377120972, 1.1943459510803223, 1.1483663320541382, 1.1402873992919922, 1.204589605331421, 1.1714168787002563, 1.23432457447052, 1.17771315574646, 1.132249355316162, 1.1423084735870361, 1.1501163244247437, 1.1399269104003906, 1.1680771112442017, 1.1623523235321045, 1.1109286546707153, 1.2336747646331787, 1.1268517971038818, 1.2345601320266724, 1.125869870185852, 1.1168842315673828, 1.180175542831421, 1.1148767471313477, 1.053167700767517, 1.1537359952926636, 1.2132099866867065, 1.1823461055755615]",sae,Pre-64
1,beta,4,10.0,0.4589558369307028,0.4477177462853796,0.4436558811685719,0.5,0.61034827708266,0.6615802514735983,30,"[0, 1, 2, 3, 4, 5, 6, 7, 8, 9, 10, 11, 12, 13, 14, 15, 16, 17, 18, 19, 20, 21, 22, 23, 24, 25, 26, 27, 28, 29]","[1.1777721643447876, 1.1554479598999023, 1.123734712600708, 1.2367613315582275, 1.1010112762451172, 1.1309430599212646, 1.145643711090088, 1.1165508031845093, 1.1993235349655151, 1.1947863101959229, 1.1990617513656616, 1.1123532056808472, 1.2366323471069336, 1.1637712717056274, 1.1139233112335205, 1.1837881803512573, 1.1833724975585938, 1.168279767036438, 1.1406776905059814, 1.2084177732467651, 1.1869065761566162, 1.2237598896026611, 1.1760855913162231, 1.0962145328521729, 1.1903668642044067, 1.1116077899932861, 1.1601639986038208, 1.1707360744476318, 1.2161426544189453, 1.1170037984848022]",sae,Pre-64
1,beta,5,100.0,0.4445517550333296,0.4301735816232515,0.4245154437456085,0.5,0.6070910659257547,0.6842133226655333,30,"[0, 1, 2, 3, 4, 5, 6, 7, 8, 9, 10, 11, 12, 13, 14, 15, 16, 17, 18, 19, 20, 21, 22, 23, 24, 25, 26, 27, 28, 29]","[1.204357385635376, 1.1163825988769531, 1.1249853372573853, 1.2326985597610474, 1.2355924844741821, 1.143419623374939, 1.1704707145690918, 1.1541118621826172, 1.2013881206512451, 1.1368167400360107, 1.2147825956344604, 1.2316826581954956, 1.1647292375564575, 1.1742970943450928, 1.2483549118041992, 1.1848121881484985, 1.1945708990097046, 1.215935230255127, 1.0952128171920776, 1.1795579195022583, 1.241766095161438, 1.18599534034729, 1.2278627157211304, 1.1371809244155884, 1.1636097431182861, 1.2409509420394897, 1.11619234085083, 1.1437363624572754, 1.2238935232162476, 1.1628071069717407]",sae,Pre-64
1,beta,11,200.0,0.4566976193509867,0.4496008864727478,0.4314025118568114,0.5,0.5995106990682213,0.709773142295266,30,"[0, 1, 2, 3, 4, 5, 6, 7, 8, 9, 10, 11, 12, 13, 14, 15, 16, 17, 18, 19, 20, 21, 22, 23, 24, 25, 26, 27, 28, 29]","[1.197404384613037, 1.0159912109375, 1.1595122814178467, 1.0947496891021729, 1.2204711437225342, 1.0870051383972168, 1.1269891262054443, 1.0375356674194336, 1.2077991962432861, 1.2207576036453247, 1.2321844100952148, 1.2301312685012817, 1.2398982048034668, 1.1524134874343872, 1.143661618232727, 1.0850900411605835, 1.17250657081604, 1.1216024160385132, 1.160549521446228, 1.1942617893218994, 1.178363561630249, 1.1898934841156006, 1.2164463996887207, 1.1637935638427734, 1.1526267528533936, 1.2090473175048828, 1.2035871744155884, 1.1137361526489258, 1.1602522134780884, 1.1377544403076172]",sae,Pre-64
1,beta,24,0.75,0.4501416387440968,0.4383559369047743,0.4383921382655092,0.5,0.6188330126613704,0.6395171300893744,30,"[0, 1, 2, 3, 4, 5, 6, 7, 8, 9, 10, 11, 12, 13, 14, 15, 16, 17, 18, 19, 20, 21, 22, 23, 24, 25, 26, 27, 28, 29]","[1.2124673128128052, 1.1755998134613037, 1.1868178844451904, 1.2273244857788086, 1.242689609527588, 1.1841548681259155, 1.1860560178756714, 1.1832525730133057, 1.2021790742874146, 1.0739104747772217, 1.2058616876602173, 1.1563575267791748, 1.2078834772109985, 1.2294706106185913, 1.1749554872512817, 1.1637247800827026, 1.237532138824463, 1.0551373958587646, 1.169660210609436, 1.2379261255264282, 1.2216182947158813, 1.238648533821106, 1.1921476125717163, 1.2000505924224854, 1.1518317461013794, 1.1153621673583984, 1.1851884126663208, 1.1612211465835571, 1.239385962486267, 1.1791527271270752]",sae,Pre-64
1,beta,7,50.0,0.4564836922581216,0.4420418003909208,0.4313737553479332,0.5,0.6095136152062148,0.7000084039932237,30,"[0, 1, 2, 3, 4, 5, 6, 7, 8, 9, 10, 11, 12, 13, 14, 15, 16, 17, 18, 19, 20, 21, 22, 23, 24, 25, 26, 27, 28, 29]","[1.186367392539978, 1.203552484512329, 1.2273681163787842, 1.1744158267974854, 1.2427024841308594, 1.194297194480896, 1.1417649984359741, 1.1899380683898926, 1.274727702140808, 1.2103523015975952, 1.1130813360214233, 1.1793581247329712, 1.1271109580993652, 1.140200138092041, 1.2939406633377075, 1.2133886814117432, 1.183907389640808, 1.1221195459365845, 1.2292346954345703, 1.2417727708816528, 1.200108528137207, 1.2005424499511719, 1.201027750968933, 1.1506562232971191, 1.259361982345581, 1.2019909620285034, 1.2091292142868042, 1.0751577615737915, 1.2751001119613647, 1.1631182432174683]",sae,Pre-64
1,beta,11,0.75,0.4566976193509867,0.4496008864727478,0.4314025118568114,0.5,0.5995106990682213,0.709773142295266,30,"[0, 1, 2, 3, 4, 5, 6, 7, 8, 9, 10, 11, 12, 13, 14, 15, 16, 17, 18, 19, 20, 21, 22, 23, 24, 25, 26, 27, 28, 29]","[1.197404384613037, 1.0159912109375, 1.1595122814178467, 1.0947496891021729, 1.2204711437225342, 1.0870051383972168, 1.1269891262054443, 1.0375356674194336, 1.2077991962432861, 1.2207576036453247, 1.2321844100952148, 1.2301312685012817, 1.2398982048034668, 1.1524134874343872, 1.143661618232727, 1.0850900411605835, 1.17250657081604, 1.1216024160385132, 1.160549521446228, 1.1942617893218994, 1.178363561630249, 1.1898934841156006, 1.2164463996887207, 1.1637935638427734, 1.1526267528533936, 1.2090473175048828, 1.2035871744155884, 1.1137361526489258, 1.1602522134780884, 1.1377544403076172]",sae,Pre-64
1,beta,28,2.0,0.4589844236982603,0.4495627040154577,0.4354870331713787,0.5,0.5987249917034086,0.6954499122931779,30,"[0, 1, 2, 3, 4, 5, 6, 7, 8, 9, 10, 11, 12, 13, 14, 15, 16, 17, 18, 19, 20, 21, 22, 23, 24, 25, 26, 27, 28, 29]","[1.1352343559265137, 1.0775038003921509, 1.0399432182312012, 1.2336927652359009, 1.179149866104126, 1.2072476148605347, 1.1323752403259277, 1.10542631149292, 1.2175010442733765, 1.2215855121612549, 1.176476240158081, 1.2057819366455078, 1.218854308128357, 1.2209949493408203, 1.1551659107208252, 1.1379764080047607, 1.1653257608413696, 1.2166705131530762, 1.183241605758667, 1.1995640993118286, 1.135400652885437, 1.153017282485962, 1.1304819583892822, 1.08482027053833, 1.1267801523208618, 1.205606460571289, 1.2566165924072266, 1.1601134538650513, 1.1428003311157227, 1.122060775756836]",sae,Pre-64
1,beta,37,20.0,0.4546908257221888,0.444978337644671,0.423061415685706,0.5,0.6058579085235571,0.7202592918965247,30,"[0, 1, 2, 3, 4, 5, 6, 7, 8, 9, 10, 11, 12, 13, 14, 15, 16, 17, 18, 19, 20, 21, 22, 23, 24, 25, 26, 27, 28, 29]","[1.1383056640625, 1.213341236114502, 1.177707552909851, 1.16965913772583, 1.1041587591171265, 1.2045390605926514, 1.1453032493591309, 1.249243140220642, 1.2818135023117065, 1.2036993503570557, 1.1849234104156494, 1.1868669986724854, 1.214905858039856, 1.1719192266464233, 1.2408273220062256, 1.1888898611068726, 1.1841654777526855, 1.2297459840774536, 1.199540138244629, 1.1944150924682617, 1.1982941627502441, 1.2023546695709229, 1.2497965097427368, 1.2272303104400635, 1.1954416036605835, 1.2279680967330933, 1.1945136785507202, 1.198485016822815, 1.2278281450271606, 1.2478563785552979]",sae,Pre-64
1,beta,45,1.0,0.4515599815008028,0.4347157609968581,0.4276268009447825,0.5,0.6289673345145609,0.6747383883815667,30,"[0, 1, 2, 3, 4, 5, 6, 7, 8, 9, 10, 11, 12, 13, 14, 15, 16, 17, 18, 19, 20, 21, 22, 23, 24, 25, 26, 27, 28, 29]","[1.2118186950683594, 1.2046393156051636, 1.1175212860107422, 1.2471874952316284, 1.2435009479522705, 1.0702455043792725, 1.2621617317199707, 1.1873860359191895, 1.158481478691101, 1.0991942882537842, 1.1809848546981812, 1.2580912113189697, 1.2084110975265503, 1.1058392524719238, 1.1608388423919678, 1.1815924644470215, 1.1621969938278198, 1.0576989650726318, 1.1889337301254272, 1.2040725946426392, 1.2099356651306152, 1.1275392770767212, 1.2057688236236572, 1.0658499002456665, 1.0492150783538818, 1.2386078834533691, 1.1468443870544434, 1.167812705039978, 1.0608655214309692, 1.248781681060791]",sae,Pre-64
1,beta,39,0.21,0.4461088087810431,0.4292341094433316,0.4323903989837114,0.5,0.6205127278095635,0.6663970160675603,30,"[0, 1, 2, 3, 4, 5, 6, 7, 8, 9, 10, 11, 12, 13, 14, 15, 16, 17, 18, 19, 20, 21, 22, 23, 24, 25, 26, 27, 28, 29]","[1.216757893562317, 1.266209602355957, 1.2168861627578735, 1.1913297176361084, 1.1658353805541992, 1.237478256225586, 1.2047874927520752, 1.244640827178955, 1.1871813535690308, 1.2308748960494995, 1.208300232887268, 1.1262987852096558, 1.2334545850753784, 1.161261796951294, 1.2300260066986084, 1.2844141721725464, 1.219094157218933, 1.249212622642517, 1.174785852432251, 1.1100105047225952, 1.1900396347045898, 1.2503741979599, 1.1461615562438965, 1.1576728820800781, 1.2477316856384277, 1.2323620319366455, 1.0786617994308472, 1.1811667680740356, 1.2901533842086792, 1.189395785331726]",sae,Pre-64
1,beta,36,1.5,0.4642138821845151,0.4576483090311837,0.4531634741924746,0.5,0.6031055233182893,0.6753925104988936,30,"[0, 1, 2, 3, 4, 5, 6, 7, 8, 9, 10, 11, 12, 13, 14, 15, 16, 17, 18, 19, 20, 21, 22, 23, 24, 25, 26, 27, 28, 29]","[1.1789084672927856, 1.1453419923782349, 1.1322602033615112, 1.1648893356323242, 1.0651395320892334, 1.1846054792404175, 1.141721487045288, 1.157162070274353, 1.1999086141586304, 1.0772851705551147, 1.1159154176712036, 1.2064303159713745, 1.127974510192871, 1.1429641246795654, 1.1640619039535522, 1.2071683406829834, 1.1763486862182617, 1.1451680660247803, 1.1947323083877563, 1.1258301734924316, 1.1810296773910522, 1.130793571472168, 1.1566245555877686, 1.1185775995254517, 1.1979726552963257, 1.140467643737793, 1.1513619422912598, 1.1503264904022217, 1.1800856590270996, 1.1112136840820312]",sae,Pre-64
1,beta,46,10.0,0.4545712902572906,0.4417269056853911,0.4339623645656886,0.5,0.6270377926330811,0.6841009761445498,30,"[0, 1, 2, 3, 4, 5, 6, 7, 8, 9, 10, 11, 12, 13, 14, 15, 16, 17, 18, 19, 20, 21, 22, 23, 24, 25, 26, 27, 28, 29]","[1.154767394065857, 1.227081537246704, 1.2429275512695312, 1.2448883056640625, 1.1829752922058105, 1.2766703367233276, 1.184883952140808, 1.2525430917739868, 1.2228230237960815, 1.2935329675674438, 1.0590815544128418, 1.1557743549346924, 1.295918583869934, 1.1653231382369995, 1.2226365804672241, 1.2752548456192017, 1.2336431741714478, 1.2529560327529907, 1.253047227859497, 1.2707768678665161, 1.200863003730774, 1.2171014547348022, 1.2470494508743286, 1.232546091079712, 1.2547560930252075, 1.260716199874878, 1.2299758195877075, 1.279518485069275, 1.224043607711792, 1.2248477935791016]",sae,Pre-64
1,beta,16,0.25,0.4519396108125126,0.4401978349795346,0.4276970276574774,0.5,0.6159012314439947,0.7162377096587623,30,"[0, 1, 2, 3, 4, 5, 6, 7, 8, 9, 10, 11, 12, 13, 14, 15, 16, 17, 18, 19, 20, 21, 22, 23, 24, 25, 26, 27, 28, 29]","[1.1816060543060303, 1.1549431085586548, 1.1470602750778198, 1.220418930053711, 1.2079352140426636, 1.165052056312561, 1.2193256616592407, 1.2029341459274292, 1.1668161153793335, 1.2151036262512207, 1.210618495941162, 1.1998039484024048, 1.1620351076126099, 1.1870089769363403, 1.0926802158355713, 1.1478532552719116, 1.2299911975860596, 1.0667893886566162, 1.171929955482483, 1.1980098485946655, 1.2465276718139648, 1.2221399545669556, 1.2204272747039795, 1.2172698974609375, 1.1056876182556152, 1.192428708076477, 1.11011803150177, 1.1702746152877808, 1.1249396800994873, 1.152950406074524]",sae,Pre-64
1,beta,35,0.2,0.4566193215888805,0.4379483378046387,0.428985177787734,0.5,0.637290178651746,0.71226364176097,30,"[0, 1, 2, 3, 4, 5, 6, 7, 8, 9, 10, 11, 12, 13, 14, 15, 16, 17, 18, 19, 20, 21, 22, 23, 24, 25, 26, 27, 28, 29]","[1.2323346138000488, 1.2744691371917725, 1.3442282676696777, 1.2911770343780518, 1.27666175365448, 1.2633360624313354, 1.2039225101470947, 1.3622492551803589, 1.3651937246322632, 1.288120150566101, 1.3292433023452759, 1.2203795909881592, 1.2818199396133423, 1.1706286668777466, 1.2719284296035767, 1.2278980016708374, 1.341985821723938, 1.2167489528656006, 1.3145091533660889, 1.2111687660217285, 1.2312135696411133, 1.2247439622879028, 1.2556241750717163, 1.19037926197052, 1.2450745105743408, 1.2787410020828247, 1.252798318862915, 1.3198415040969849, 1.3302503824234009, 1.2998995780944824]",sae,Pre-64
1,beta,49,0.2,0.462130925118617,0.4524487678230295,0.4462707482384424,0.5,0.6141152509743157,0.6820620275156126,30,"[0, 1, 2, 3, 4, 5, 6, 7, 8, 9, 10, 11, 12, 13, 14, 15, 16, 17, 18, 19, 20, 21, 22, 23, 24, 25, 26, 27, 28, 29]","[1.1956168413162231, 1.2339801788330078, 1.227479100227356, 1.2182018756866455, 1.1577938795089722, 1.2040152549743652, 1.2636597156524658, 1.1616480350494385, 1.268319010734558, 1.2436566352844238, 1.1828633546829224, 1.1839988231658936, 1.2312825918197632, 1.2396005392074585, 1.2554277181625366, 1.215417504310608, 1.3021352291107178, 1.2759007215499878, 1.1539514064788818, 1.2446448802947998, 1.285435438156128, 1.2034392356872559, 1.2804009914398193, 1.2391208410263062, 1.2064937353134155, 1.2346584796905518, 1.2449719905853271, 1.2066341638565063, 1.1109963655471802, 1.1994074583053589]",sae,Pre-64
1,beta,48,3.0,0.4556814132376,0.4510566266980289,0.4575538744499685,0.5,0.5923878577171784,0.5876994552846448,30,"[0, 1, 2, 3, 4, 5, 6, 7, 8, 9, 10, 11, 12, 13, 14, 15, 16, 17, 18, 19, 20, 21, 22, 23, 24, 25, 26, 27, 28, 29]","[1.314848780632019, 1.2628027200698853, 1.241004228591919, 1.2374732494354248, 1.2198200225830078, 1.1986083984375, 1.2501070499420166, 1.1745821237564087, 1.2252157926559448, 1.2332372665405273, 1.2725598812103271, 1.2326319217681885, 1.2322970628738403, 1.2276474237442017, 1.1980329751968384, 1.24959397315979, 1.2403693199157715, 1.2576123476028442, 1.2807153463363647, 1.1356396675109863, 1.2306994199752808, 1.2764241695404053, 1.2865550518035889, 1.136379361152649, 1.2335848808288574, 1.253692626953125, 1.2959669828414917, 1.2499793767929077, 1.2189946174621582, 1.252404808998108]",sae,Pre-64
1,beta,6,3.0,0.4540822999211705,0.4457917896713532,0.4349038376518895,0.5,0.5933447799067053,0.6652910519198336,30,"[0, 1, 2, 3, 4, 5, 6, 7, 8, 9, 10, 11, 12, 13, 14, 15, 16, 17, 18, 19, 20, 21, 22, 23, 24, 25, 26, 27, 28, 29]","[1.2093437910079956, 1.2324018478393555, 1.1689670085906982, 1.2286028861999512, 1.1660292148590088, 1.1364821195602417, 1.1552339792251587, 1.210248351097107, 1.1588280200958252, 1.2276009321212769, 1.1634801626205444, 1.1048387289047241, 1.1711478233337402, 1.1197253465652466, 1.0116533041000366, 1.2269690036773682, 1.129739761352539, 1.1970460414886475, 1.1658244132995605, 1.1922228336334229, 1.1664220094680786, 1.1494638919830322, 1.2115159034729004, 1.2004733085632324, 1.147264838218689, 1.1653865575790405, 1.1267348527908325, 1.1380363702774048, 1.188260555267334, 1.2108981609344482]",sae,Pre-64
1,beta,39,200.0,0.4461088087810431,0.4292341094433316,0.4297945582794436,0.5,0.6205127278095635,0.6657718484774533,30,"[0, 1, 2, 3, 4, 5, 6, 7, 8, 9, 10, 11, 12, 13, 14, 15, 16, 17, 18, 19, 20, 21, 22, 23, 24, 25, 26, 27, 28, 29]","[1.1917375326156616, 1.236011266708374, 1.1890162229537964, 1.1643238067626953, 1.140978217124939, 1.2120108604431152, 1.1828933954238892, 1.2210265398025513, 1.1605393886566162, 1.199174165725708, 1.1834092140197754, 1.0992392301559448, 1.2075473070144653, 1.1379015445709229, 1.20431649684906, 1.2560211420059204, 1.1885234117507935, 1.2229002714157104, 1.1480319499969482, 1.0825574398040771, 1.1679973602294922, 1.2216445207595825, 1.1227527856826782, 1.1278188228607178, 1.2215803861618042, 1.2034790515899658, 1.0507583618164062, 1.1575127840042114, 1.2623809576034546, 1.1674622297286987]",sae,Pre-64
1,beta,26,5.0,0.4502231978181314,0.4442488029476733,0.4401029571727257,0.5,0.5832450787939482,0.6475593742568525,30,"[0, 1, 2, 3, 4, 5, 6, 7, 8, 9, 10, 11, 12, 13, 14, 15, 16, 17, 18, 19, 20, 21, 22, 23, 24, 25, 26, 27, 28, 29]","[1.1555442810058594, 1.2041875123977661, 1.299892783164978, 1.115403652191162, 1.1977704763412476, 1.2426538467407227, 1.2137271165847778, 1.1166235208511353, 1.202622890472412, 1.1893163919448853, 1.098173975944519, 1.2942622900009155, 1.250457763671875, 1.2013744115829468, 1.2439463138580322, 1.1272211074829102, 1.1953763961791992, 1.1167938709259033, 1.2241944074630737, 1.2015106678009033, 1.1450039148330688, 1.2828484773635864, 1.2133245468139648, 1.2307840585708618, 1.2933491468429565, 1.3005832433700562, 1.1806293725967407, 1.226503849029541, 1.0538688898086548, 1.1579833030700684]",sae,Pre-64
1,beta,0,0.4,0.4600628296558519,0.4487196928272481,0.4294260616841683,0.5,0.6146148452673732,0.7212500893551071,30,"[0, 1, 2, 3, 4, 5, 6, 7, 8, 9, 10, 11, 12, 13, 14, 15, 16, 17, 18, 19, 20, 21, 22, 23, 24, 25, 26, 27, 28, 29]","[1.1609565019607544, 1.205399990081787, 1.1734585762023926, 1.2161903381347656, 1.1425961256027222, 1.1842118501663208, 1.2070008516311646, 1.2379403114318848, 1.2223178148269653, 1.1959354877471924, 1.181226134300232, 1.1726235151290894, 1.2236276865005493, 1.2120070457458496, 1.218804955482483, 1.1687568426132202, 1.1801352500915527, 1.143155813217163, 1.0709192752838135, 1.2054029703140259, 1.1369202136993408, 1.1508759260177612, 1.2216984033584595, 1.1585367918014526, 1.1669466495513916, 1.1062743663787842, 1.2285964488983154, 1.136776089668274, 1.1998835802078247, 1.1328357458114624]",sae,Pre-64
1,beta,46,0.22,0.4545712902572906,0.4417269056853911,0.4450798430768721,0.5,0.6270377926330811,0.6841223609382507,30,"[0, 1, 2, 3, 4, 5, 6, 7, 8, 9, 10, 11, 12, 13, 14, 15, 16, 17, 18, 19, 20, 21, 22, 23, 24, 25, 26, 27, 28, 29]","[1.1605839729309082, 1.2325963973999023, 1.2481722831726074, 1.249533772468567, 1.1887978315353394, 1.2818208932876587, 1.1905152797698975, 1.2588187456130981, 1.227943778038025, 1.2995549440383911, 1.0653156042099, 1.1619406938552856, 1.3013006448745728, 1.1704630851745605, 1.2270970344543457, 1.2811660766601562, 1.2396571636199951, 1.2584072351455688, 1.2591217756271362, 1.277535080909729, 1.2051252126693726, 1.2233694791793823, 1.2517229318618774, 1.2378768920898438, 1.2598581314086914, 1.2671061754226685, 1.2359105348587036, 1.2851537466049194, 1.2299818992614746, 1.2298767566680908]",sae,Pre-64
1,beta,13,75.0,0.4619123366083722,0.4531466051409948,0.4353358523040135,0.5,0.6127276801885291,0.7084227751366117,30,"[0, 1, 2, 3, 4, 5, 6, 7, 8, 9, 10, 11, 12, 13, 14, 15, 16, 17, 18, 19, 20, 21, 22, 23, 24, 25, 26, 27, 28, 29]","[1.2620290517807007, 1.0841492414474487, 1.2518304586410522, 1.2009828090667725, 1.1773443222045898, 1.2524205446243286, 1.1896860599517822, 1.205586552619934, 1.2011864185333252, 1.204891324043274, 1.2614386081695557, 1.189528465270996, 1.1975116729736328, 1.2220771312713623, 1.2205173969268799, 1.1578680276870728, 1.1433484554290771, 1.2188818454742432, 1.1746560335159302, 1.1710954904556274, 1.1613126993179321, 1.1272764205932617, 1.1385637521743774, 1.1813597679138184, 1.1625311374664307, 1.1538347005844116, 1.1776994466781616, 1.1675361394882202, 1.191448450088501, 1.2053452730178833]",sae,Pre-64
1,beta,45,500.0,0.4515599815008028,0.4347157609968581,0.43378844486555,0.5,0.6289673345145609,0.6747383883815667,30,"[0, 1, 2, 3, 4, 5, 6, 7, 8, 9, 10, 11, 12, 13, 14, 15, 16, 17, 18, 19, 20, 21, 22, 23, 24, 25, 26, 27, 28, 29]","[1.2118186950683594, 1.2046393156051636, 1.1175212860107422, 1.2471874952316284, 1.2435009479522705, 1.0702455043792725, 1.2621617317199707, 1.1873860359191895, 1.158481478691101, 1.0991942882537842, 1.1809848546981812, 1.2580912113189697, 1.2084110975265503, 1.1058392524719238, 1.1608388423919678, 1.1815924644470215, 1.1621969938278198, 1.0576989650726318, 1.1889337301254272, 1.2040725946426392, 1.2099356651306152, 1.1275392770767212, 1.2057688236236572, 1.0658499002456665, 1.0492150783538818, 1.2386078834533691, 1.1468443870544434, 1.167812705039978, 1.0608655214309692, 1.248781681060791]",sae,Pre-64
1,beta,17,500.0,0.4599327030141671,0.4513468217402507,0.4356333898997919,0.5,0.6120635717004715,0.6982794453738126,30,"[0, 1, 2, 3, 4, 5, 6, 7, 8, 9, 10, 11, 12, 13, 14, 15, 16, 17, 18, 19, 20, 21, 22, 23, 24, 25, 26, 27, 28, 29]","[1.253448724746704, 1.157033085823059, 1.1724380254745483, 1.21102774143219, 1.2398598194122314, 1.1416960954666138, 1.2152034044265747, 1.1179237365722656, 1.1752480268478394, 1.1612284183502197, 1.2127126455307007, 1.234884262084961, 1.1886143684387207, 1.2384566068649292, 1.1679030656814575, 1.1839061975479126, 1.2392202615737915, 1.1842913627624512, 1.217572808265686, 1.1993213891983032, 1.1283472776412964, 1.197530746459961, 1.0647335052490234, 1.1836165189743042, 1.1550945043563843, 1.1692523956298828, 1.1686493158340454, 1.191864013671875, 1.1417936086654663, 1.2131496667861938]",sae,Pre-64
1,beta,1,2.0,0.4560357198099471,0.4497423189216591,0.4384063800471953,0.5,0.5964054457666336,0.680948080464655,30,"[0, 1, 2, 3, 4, 5, 6, 7, 8, 9, 10, 11, 12, 13, 14, 15, 16, 17, 18, 19, 20, 21, 22, 23, 24, 25, 26, 27, 28, 29]","[1.2484626770019531, 1.183357834815979, 1.2077564001083374, 1.127197027206421, 1.1837691068649292, 1.1471096277236938, 1.1291790008544922, 1.2051725387573242, 1.1376121044158936, 1.1618740558624268, 1.1627427339553833, 1.1907955408096313, 1.2489014863967896, 1.1427462100982666, 1.2440361976623535, 1.078278660774231, 1.0989395380020142, 1.1663775444030762, 1.2298505306243896, 1.2602465152740479, 1.2476614713668823, 1.2094584703445435, 1.1924338340759277, 1.1765055656433105, 1.1376926898956299, 1.1597349643707275, 1.16420316696167, 1.178998589515686, 1.2568261623382568, 1.1711331605911255]",sae,Pre-64
1,beta,17,1.0,0.4599327030141671,0.4513468217402507,0.4356333898997919,0.5,0.6120635717004715,0.6982794453738126,30,"[0, 1, 2, 3, 4, 5, 6, 7, 8, 9, 10, 11, 12, 13, 14, 15, 16, 17, 18, 19, 20, 21, 22, 23, 24, 25, 26, 27, 28, 29]","[1.253448724746704, 1.157033085823059, 1.1724380254745483, 1.21102774143219, 1.2398598194122314, 1.1416960954666138, 1.2152034044265747, 1.1179237365722656, 1.1752480268478394, 1.1612284183502197, 1.2127126455307007, 1.234884262084961, 1.1886143684387207, 1.2384566068649292, 1.1679030656814575, 1.1839061975479126, 1.2392202615737915, 1.1842913627624512, 1.217572808265686, 1.1993213891983032, 1.1283472776412964, 1.197530746459961, 1.0647335052490234, 1.1836165189743042, 1.1550945043563843, 1.1692523956298828, 1.1686493158340454, 1.191864013671875, 1.1417936086654663, 1.2131496667861938]",sae,Pre-64
1,beta,19,100.0,0.4469965829377276,0.435497383761294,0.4115444306539579,0.5,0.6104665954706788,0.7106605521877061,30,"[0, 1, 2, 3, 4, 5, 6, 7, 8, 9, 10, 11, 12, 13, 14, 15, 16, 17, 18, 19, 20, 21, 22, 23, 24, 25, 26, 27, 28, 29]","[1.1908780336380005, 1.1948882341384888, 1.261419415473938, 1.2143750190734863, 1.1074068546295166, 1.138035535812378, 1.1818253993988037, 1.2405482530593872, 1.1682370901107788, 1.2502057552337646, 1.23455810546875, 1.2729377746582031, 1.1755164861679077, 1.1892448663711548, 1.0957870483398438, 1.117355465888977, 1.255409598350525, 1.2807034254074097, 1.139570951461792, 1.1753686666488647, 1.285911202430725, 1.180781364440918, 1.1631584167480469, 1.175125002861023, 1.172812819480896, 1.2548409700393677, 1.2710891962051392, 1.194553017616272, 1.1372811794281006, 1.1591088771820068]",sae,Pre-64
1,beta,29,0.25,0.4558655961502112,0.4409050416793991,0.4497473881907005,0.5,0.6296548282533407,0.6686498094534468,30,"[0, 1, 2, 3, 4, 5, 6, 7, 8, 9, 10, 11, 12, 13, 14, 15, 16, 17, 18, 19, 20, 21, 22, 23, 24, 25, 26, 27, 28, 29]","[1.2166255712509155, 1.1617684364318848, 1.0457520484924316, 1.259796380996704, 1.204182505607605, 1.1850998401641846, 1.2647393941879272, 1.1854568719863892, 1.2501747608184814, 1.2580666542053223, 1.2110366821289062, 1.2468899488449097, 1.2537368535995483, 1.2579318284988403, 1.1948094367980957, 1.250467300415039, 1.1329010725021362, 1.1862362623214722, 1.1692883968353271, 1.2170116901397705, 1.2723886966705322, 1.2782994508743286, 1.203636646270752, 1.2183085680007935, 1.2085381746292114, 1.15376615524292, 1.2184795141220093, 1.2634449005126953, 1.3129664659500122, 1.1892764568328857]",sae,Pre-64
1,beta,34,3.0,0.4568527557813058,0.4470225010708758,0.4374725980351673,0.5,0.6011606799053854,0.6760287318218534,30,"[0, 1, 2, 3, 4, 5, 6, 7, 8, 9, 10, 11, 12, 13, 14, 15, 16, 17, 18, 19, 20, 21, 22, 23, 24, 25, 26, 27, 28, 29]","[1.137890338897705, 1.2171109914779663, 1.2127997875213623, 1.1824638843536377, 1.152029275894165, 1.1444475650787354, 1.1735047101974487, 1.0769213438034058, 1.1361875534057617, 1.1606651544570923, 1.2005587816238403, 1.015907645225525, 1.1853113174438477, 1.0790728330612183, 1.1112900972366333, 1.1400375366210938, 1.2139219045639038, 1.2259365320205688, 1.1806495189666748, 1.1336230039596558, 1.175050139427185, 1.2325819730758667, 1.1709409952163696, 1.1730239391326904, 1.1460753679275513, 1.094346284866333, 1.2428449392318726, 1.229536533355713, 1.2293792963027954, 1.190686821937561]",sae,Pre-64
1,beta,38,0.23,0.4455661720406026,0.4298851252298221,0.434158061077086,0.5,0.6303640517897944,0.6627524752475247,30,"[0, 1, 2, 3, 4, 5, 6, 7, 8, 9, 10, 11, 12, 13, 14, 15, 16, 17, 18, 19, 20, 21, 22, 23, 24, 25, 26, 27, 28, 29]","[1.3097996711730957, 1.2894550561904907, 1.3217418193817139, 1.3520169258117676, 1.3184643983840942, 1.2077558040618896, 1.366837978363037, 1.324270248413086, 1.1790480613708496, 1.3370016813278198, 1.3174530267715454, 1.331708312034607, 1.3459341526031494, 1.3119430541992188, 1.3583042621612549, 1.295120358467102, 1.3015856742858887, 1.375694990158081, 1.265462875366211, 1.3303463459014893, 1.3089966773986816, 1.3186767101287842, 1.3684661388397217, 1.2727044820785522, 1.3127226829528809, 1.366418719291687, 1.2641727924346924, 1.371368169784546, 1.2974282503128052, 1.3804820775985718]",sae,Pre-64
1,beta,32,10.0,0.4555596844830426,0.4475674839123162,0.4471851426388327,0.5,0.5924839124839124,0.6273726788012502,30,"[0, 1, 2, 3, 4, 5, 6, 7, 8, 9, 10, 11, 12, 13, 14, 15, 16, 17, 18, 19, 20, 21, 22, 23, 24, 25, 26, 27, 28, 29]","[1.28597891330719, 1.1913915872573853, 1.2832305431365967, 1.218367338180542, 1.2208343744277954, 1.3007514476776123, 1.2324695587158203, 1.1970856189727783, 1.2136499881744385, 1.2141656875610352, 1.2057666778564453, 1.2006953954696655, 1.2301374673843384, 1.1585408449172974, 1.1468251943588257, 1.169873833656311, 1.1970511674880981, 1.2234464883804321, 1.1713792085647583, 1.2120120525360107, 1.2902600765228271, 1.2123761177062988, 1.170460820198059, 1.290606141090393, 1.2252774238586426, 1.167966604232788, 1.2753394842147827, 1.0860527753829956, 1.292422890663147, 1.2855812311172485]",sae,Pre-64
1,beta,20,3.0,0.4408022875601419,0.4262939306313442,0.4210311078700129,0.5,0.6176087118064704,0.6488779225692263,30,"[0, 1, 2, 3, 4, 5, 6, 7, 8, 9, 10, 11, 12, 13, 14, 15, 16, 17, 18, 19, 20, 21, 22, 23, 24, 25, 26, 27, 28, 29]","[1.1888443231582642, 1.2588075399398804, 1.2090791463851929, 1.276505947113037, 1.265021800994873, 1.2415491342544556, 1.253626823425293, 1.1762081384658813, 1.2560367584228516, 1.204184651374817, 1.1926451921463013, 1.1942633390426636, 1.285210132598877, 1.1553280353546143, 1.1849594116210938, 1.2904577255249023, 1.1613073348999023, 1.195784091949463, 1.2340788841247559, 1.2251707315444946, 1.236037015914917, 1.167548418045044, 1.2559117078781128, 1.2980648279190063, 1.249900221824646, 1.1806350946426392, 1.2032898664474487, 1.2339420318603516, 1.1950137615203857, 1.2724168300628662]",sae,Pre-64
1,beta,39,0.75,0.4461088087810431,0.4292341094433316,0.4263239909861686,0.5,0.6205127278095635,0.6663955096396323,30,"[0, 1, 2, 3, 4, 5, 6, 7, 8, 9, 10, 11, 12, 13, 14, 15, 16, 17, 18, 19, 20, 21, 22, 23, 24, 25, 26, 27, 28, 29]","[1.2165558338165283, 1.2660075426101685, 1.216684103012085, 1.1911277770996094, 1.1656333208084106, 1.2372761964797974, 1.2045854330062866, 1.244438648223877, 1.1869791746139526, 1.2306729555130005, 1.2080981731414795, 1.1260967254638672, 1.2332525253295898, 1.1610597372055054, 1.2298239469528198, 1.2842122316360474, 1.218892216682434, 1.2490105628967285, 1.1745836734771729, 1.1098085641860962, 1.1898375749588013, 1.2501722574234009, 1.1459596157073975, 1.157470941543579, 1.2475296258926392, 1.232159972190857, 1.0784597396850586, 1.1809645891189575, 1.2899513244628906, 1.1891937255859375]",sae,Pre-64
1,beta,1,0.25,0.4560357198099471,0.4497423189216591,0.4430854219858903,0.5,0.5964054457666336,0.6809407021768901,30,"[0, 1, 2, 3, 4, 5, 6, 7, 8, 9, 10, 11, 12, 13, 14, 15, 16, 17, 18, 19, 20, 21, 22, 23, 24, 25, 26, 27, 28, 29]","[1.302222490310669, 1.2232846021652222, 1.258265495300293, 1.1664941310882568, 1.235352873802185, 1.1882380247116089, 1.175140380859375, 1.2505662441253662, 1.1779705286026, 1.2102642059326172, 1.2098220586776733, 1.2455884218215942, 1.299844741821289, 1.1907199621200562, 1.2936230897903442, 1.1284314393997192, 1.1523215770721436, 1.2116448879241943, 1.277103066444397, 1.3097777366638184, 1.2979059219360352, 1.2628642320632935, 1.239912986755371, 1.2207636833190918, 1.181766152381897, 1.1999504566192627, 1.2139495611190796, 1.2258063554763794, 1.30776846408844, 1.2237153053283691]",sae,Pre-64
1,beta,41,5.0,0.4543678569363413,0.4427951465832617,0.4401717688953155,0.5,0.6190905384235713,0.6706238331294664,30,"[0, 1, 2, 3, 4, 5, 6, 7, 8, 9, 10, 11, 12, 13, 14, 15, 16, 17, 18, 19, 20, 21, 22, 23, 24, 25, 26, 27, 28, 29]","[1.1356950998306274, 1.1843740940093994, 1.0599017143249512, 1.0706007480621338, 1.0468002557754517, 1.210906744003296, 1.101571798324585, 1.1551228761672974, 1.140668272972107, 1.1793739795684814, 1.185392141342163, 1.1593207120895386, 1.1646181344985962, 1.1845898628234863, 1.201792597770691, 1.1444034576416016, 1.0762401819229126, 1.1555777788162231, 1.1304680109024048, 1.1696642637252808, 1.0725892782211304, 1.1413424015045166, 1.1628625392913818, 1.156077265739441, 1.1492286920547485, 1.137248158454895, 1.1817694902420044, 1.172348141670227, 1.1405194997787476, 1.0922468900680542]",sae,Pre-64
1,beta,23,20.0,0.4478205607315014,0.4344954522622479,0.424463823739385,0.5,0.6150139710231751,0.6687422750907323,30,"[0, 1, 2, 3, 4, 5, 6, 7, 8, 9, 10, 11, 12, 13, 14, 15, 16, 17, 18, 19, 20, 21, 22, 23, 24, 25, 26, 27, 28, 29]","[1.1367353200912476, 1.1628820896148682, 1.1104114055633545, 1.2438031435012817, 1.0608277320861816, 1.1336368322372437, 1.211327075958252, 1.1689966917037964, 1.136163353919983, 1.248887538909912, 1.2434972524642944, 1.19732666015625, 1.1961266994476318, 1.0783805847167969, 1.1963282823562622, 1.2420802116394043, 0.9979529976844788, 1.167960286140442, 1.1316879987716675, 1.1474251747131348, 1.2360974550247192, 1.2508002519607544, 1.1319223642349243, 1.2472549676895142, 1.2268574237823486, 1.1909486055374146, 1.1608943939208984, 1.1226544380187988, 1.1709887981414795, 1.2530566453933716]",sae,Pre-64
1,beta,25,200.0,0.4465066892532915,0.4352791138475453,0.4343063238453831,0.5,0.6270054355300688,0.6623169470140464,30,"[0, 1, 2, 3, 4, 5, 6, 7, 8, 9, 10, 11, 12, 13, 14, 15, 16, 17, 18, 19, 20, 21, 22, 23, 24, 25, 26, 27, 28, 29]","[1.2349497079849243, 1.2300689220428467, 1.1594949960708618, 1.2379430532455444, 1.2391033172607422, 1.2348957061767578, 1.1245805025100708, 1.155241847038269, 1.2080327272415161, 1.1094435453414917, 1.245295763015747, 1.160856008529663, 1.2375980615615845, 1.172969102859497, 1.15664803981781, 1.1831228733062744, 1.0464048385620117, 1.1029119491577148, 1.1445536613464355, 1.177851676940918, 1.2662200927734375, 1.0758339166641235, 1.214041829109192, 1.1855113506317139, 1.210127353668213, 1.1676115989685059, 1.270385980606079, 1.2399115562438965, 1.2544312477111816, 1.10956871509552]",sae,Pre-64
1,beta,10,20.0,0.4493907433353129,0.4390813823454372,0.4302426999507381,0.5,0.6232207829487961,0.6743909002834692,30,"[0, 1, 2, 3, 4, 5, 6, 7, 8, 9, 10, 11, 12, 13, 14, 15, 16, 17, 18, 19, 20, 21, 22, 23, 24, 25, 26, 27, 28, 29]","[1.1427899599075317, 1.068242073059082, 1.199394941329956, 1.158583641052246, 1.149035930633545, 1.1689698696136475, 1.2380726337432861, 1.1728394031524658, 1.0578781366348267, 1.1875046491622925, 1.1654369831085205, 1.1715285778045654, 1.1657956838607788, 1.1442753076553345, 1.2309560775756836, 1.1749398708343506, 1.1827489137649536, 1.12376070022583, 1.1349002122879028, 1.1247795820236206, 1.1484092473983765, 1.1541001796722412, 1.2148005962371826, 1.210876226425171, 1.1075263023376465, 1.1338322162628174, 1.1668912172317505, 1.1912418603897095, 1.1516903638839722, 1.169378399848938]",sae,Pre-64
1,beta,18,10.0,0.4575117633693479,0.4471831599677374,0.4179555587826044,0.5,0.6052065040104606,0.7279783219994782,30,"[0, 1, 2, 3, 4, 5, 6, 7, 8, 9, 10, 11, 12, 13, 14, 15, 16, 17, 18, 19, 20, 21, 22, 23, 24, 25, 26, 27, 28, 29]","[1.08156156539917, 1.1808451414108276, 1.2274887561798096, 1.1775970458984375, 1.1839946508407593, 1.1783868074417114, 1.302558422088623, 1.1474957466125488, 1.2003755569458008, 1.1137614250183105, 1.279771089553833, 1.1947054862976074, 1.217077374458313, 1.243087649345398, 1.1674503087997437, 1.1044795513153076, 1.2428091764450073, 1.1572407484054565, 1.1403177976608276, 1.0754040479660034, 1.2844663858413696, 1.1361045837402344, 1.2445805072784424, 1.2017990350723267, 1.1962649822235107, 1.1700507402420044, 1.2117968797683716, 1.2385376691818237, 1.2291908264160156, 1.181313395500183]",sae,Pre-64
1,beta,47,100.0,0.4460371044958436,0.4257646434940195,0.4033451395960316,0.5,0.6434257056516428,0.7291872950556163,30,"[0, 1, 2, 3, 4, 5, 6, 7, 8, 9, 10, 11, 12, 13, 14, 15, 16, 17, 18, 19, 20, 21, 22, 23, 24, 25, 26, 27, 28, 29]","[1.2948559522628784, 1.148354411125183, 1.1743416786193848, 1.1649647951126099, 1.246188759803772, 1.2814688682556152, 1.2447621822357178, 1.2164852619171143, 1.2303695678710938, 1.1912521123886108, 1.1916992664337158, 1.1139793395996094, 1.1724560260772705, 1.2962146997451782, 1.1174935102462769, 1.2390276193618774, 1.1683082580566406, 1.2478612661361694, 1.090547800064087, 1.1480519771575928, 1.1796824932098389, 1.2337864637374878, 1.2272014617919922, 1.1476048231124878, 1.2347866296768188, 1.1138331890106201, 1.1005412340164185, 1.2123545408248901, 1.1655439138412476, 1.21992826461792]",sae,Pre-64
1,beta,42,75.0,0.4546678683050885,0.4407690563496341,0.4413631384397358,0.5,0.6336081445133979,0.6603511208928656,30,"[0, 1, 2, 3, 4, 5, 6, 7, 8, 9, 10, 11, 12, 13, 14, 15, 16, 17, 18, 19, 20, 21, 22, 23, 24, 25, 26, 27, 28, 29]","[1.2767118215560913, 1.1509020328521729, 1.2741888761520386, 1.2517021894454956, 1.16533625125885, 1.2553739547729492, 1.1647206544876099, 1.148014783859253, 1.1693377494812012, 1.2613091468811035, 1.2386943101882935, 1.2795376777648926, 1.1614588499069214, 1.0049147605895996, 1.2809103727340698, 1.1924101114273071, 1.141250491142273, 1.1302461624145508, 1.240049958229065, 1.2147595882415771, 1.1706880331039429, 1.1570767164230347, 1.171014428138733, 1.1616032123565674, 1.189007043838501, 1.1533206701278687, 1.2752232551574707, 1.16252863407135, 1.2145106792449951, 1.1530125141143799]",sae,Pre-64
1,beta,29,2.0,0.4558655961502112,0.4409050416793991,0.4428916850660244,0.5,0.6296548282533407,0.6689000750796879,30,"[0, 1, 2, 3, 4, 5, 6, 7, 8, 9, 10, 11, 12, 13, 14, 15, 16, 17, 18, 19, 20, 21, 22, 23, 24, 25, 26, 27, 28, 29]","[1.194935917854309, 1.1385749578475952, 1.0295852422714233, 1.238612413406372, 1.1851270198822021, 1.162545919418335, 1.2411545515060425, 1.166039228439331, 1.2299060821533203, 1.2362966537475586, 1.1895782947540283, 1.2295013666152954, 1.231622576713562, 1.2365245819091797, 1.1724414825439453, 1.2314629554748535, 1.110655665397644, 1.1652898788452148, 1.1510244607925415, 1.1959142684936523, 1.249851107597351, 1.2568353414535522, 1.1828466653823853, 1.198325514793396, 1.1877683401107788, 1.1336921453475952, 1.1967061758041382, 1.2367507219314575, 1.2920050621032715, 1.1695195436477661]",sae,Pre-64
1,beta,12,0.21,0.4455148672091349,0.4361346773072694,0.4082161203168435,0.5,0.5892778403611032,0.7318275941048066,30,"[0, 1, 2, 3, 4, 5, 6, 7, 8, 9, 10, 11, 12, 13, 14, 15, 16, 17, 18, 19, 20, 21, 22, 23, 24, 25, 26, 27, 28, 29]","[1.2119613885879517, 1.2980848550796509, 1.2246533632278442, 1.1264678239822388, 1.281189203262329, 1.2267509698867798, 1.2330464124679565, 1.292632818222046, 1.3167238235473633, 1.2029248476028442, 1.2044098377227783, 1.35309898853302, 1.2131255865097046, 1.2920702695846558, 1.1915699243545532, 1.3536231517791748, 1.1642597913742065, 1.3179147243499756, 1.2607260942459106, 1.3325620889663696, 1.3258838653564453, 1.2574363946914673, 1.2373406887054443, 1.3514468669891357, 1.327018141746521, 1.192100167274475, 1.3299965858459473, 1.2960377931594849, 1.2486257553100586, 1.3601963520050049]",sae,Pre-64
1,beta,3,500.0,0.4557259332451328,0.444824285747971,0.4444817775288759,0.5,0.6042731979176,0.6513497732311597,30,"[0, 1, 2, 3, 4, 5, 6, 7, 8, 9, 10, 11, 12, 13, 14, 15, 16, 17, 18, 19, 20, 21, 22, 23, 24, 25, 26, 27, 28, 29]","[1.2173471450805664, 1.2437915802001953, 1.2303599119186401, 1.1470088958740234, 1.225160837173462, 1.2187906503677368, 1.2136988639831543, 1.2373769283294678, 1.0408121347427368, 1.2769273519515991, 1.1646583080291748, 1.2723538875579834, 1.2085832357406616, 1.1533737182617188, 1.2780166864395142, 1.220745325088501, 1.2246323823928833, 1.232620120048523, 1.1631330251693726, 1.1876789331436157, 1.1246399879455566, 1.1998945474624634, 1.1904420852661133, 1.2890866994857788, 1.2598119974136353, 1.2086460590362549, 1.220794439315796, 1.200886607170105, 1.255966067314148, 1.1892025470733643]",sae,Pre-64
1,beta,21,0.2,0.4504746503440228,0.4381370334360364,0.4349769318701341,0.5,0.6200058082774133,0.6869276684091498,30,"[0, 1, 2, 3, 4, 5, 6, 7, 8, 9, 10, 11, 12, 13, 14, 15, 16, 17, 18, 19, 20, 21, 22, 23, 24, 25, 26, 27, 28, 29]","[1.1804524660110474, 1.2129966020584106, 1.3117990493774414, 1.3022419214248657, 1.2421762943267822, 1.2580722570419312, 1.212212085723877, 1.2140133380889893, 1.2774816751480103, 1.2381988763809204, 1.3011244535446167, 1.2548482418060303, 1.199196696281433, 1.2129254341125488, 1.215710997581482, 1.2089495658874512, 1.2285075187683105, 1.2313125133514404, 1.1714028120040894, 1.30570650100708, 1.1832735538482666, 1.3058784008026123, 1.17964768409729, 1.1756727695465088, 1.2411340475082397, 1.1755127906799316, 1.11878502368927, 1.2166131734848022, 1.2830257415771484, 1.2479044198989868]",sae,Pre-64
1,beta,22,1000.0,0.4519005213187685,0.4442985770479847,0.4367168433296196,0.5,0.5939599289403404,0.6815271356133603,30,"[0, 1, 2, 3, 4, 5, 6, 7, 8, 9, 10, 11, 12, 13, 14, 15, 16, 17, 18, 19, 20, 21, 22, 23, 24, 25, 26, 27, 28, 29]","[1.1179190874099731, 1.168941855430603, 1.1830703020095825, 1.1668369770050049, 1.2358616590499878, 1.1766568422317505, 1.1327937841415405, 1.165419340133667, 1.125562310218811, 1.1434152126312256, 1.1285946369171143, 1.224861741065979, 1.1848485469818115, 1.2125139236450195, 1.133904218673706, 1.1921454668045044, 1.203025460243225, 1.2069814205169678, 1.1357468366622925, 1.1382958889007568, 1.198440432548523, 1.1977695226669312, 1.207923412322998, 1.1743204593658447, 1.1639965772628784, 1.2263959646224976, 1.1249594688415527, 1.1282567977905273, 1.2587064504623413, 1.1409783363342285]",sae,Pre-64
1,beta,12,5.0,0.4455148672091349,0.4361346773072694,0.4032181802151511,0.5,0.5892778403611032,0.732179722690948,30,"[0, 1, 2, 3, 4, 5, 6, 7, 8, 9, 10, 11, 12, 13, 14, 15, 16, 17, 18, 19, 20, 21, 22, 23, 24, 25, 26, 27, 28, 29]","[1.1510069370269775, 1.238104224205017, 1.1669384241104126, 1.0727007389068604, 1.2094347476959229, 1.160822868347168, 1.1686755418777466, 1.231000304222107, 1.250001072883606, 1.1482594013214111, 1.1463829278945923, 1.2851383686065674, 1.1506091356277466, 1.2207391262054443, 1.1269334554672241, 1.2875975370407104, 1.111490249633789, 1.2468537092208862, 1.1965770721435547, 1.2625105381011963, 1.2613308429718018, 1.1978631019592285, 1.1764955520629883, 1.2832802534103394, 1.261273980140686, 1.1248352527618408, 1.2639222145080566, 1.2385042905807495, 1.1889654397964478, 1.2939741611480713]",sae,Pre-64
1,beta,30,30.0,0.4638407167611665,0.4544841508273655,0.4343762768239528,0.5,0.6043368975359404,0.6920299717760999,30,"[0, 1, 2, 3, 4, 5, 6, 7, 8, 9, 10, 11, 12, 13, 14, 15, 16, 17, 18, 19, 20, 21, 22, 23, 24, 25, 26, 27, 28, 29]","[1.234999656677246, 1.1741113662719727, 1.2121046781539917, 1.183706521987915, 1.188236951828003, 1.1696803569793701, 1.186059832572937, 1.151381492614746, 1.14472234249115, 1.1600751876831055, 1.2435591220855713, 1.1388177871704102, 1.1140148639678955, 1.1526716947555542, 1.2056300640106201, 1.2250553369522095, 1.1707159280776978, 1.1746101379394531, 1.240835428237915, 1.1718575954437256, 1.142357349395752, 1.105589747428894, 1.171762228012085, 1.1619601249694824, 1.262255311012268, 1.1716129779815674, 1.202602505683899, 1.1705881357192993, 1.21686589717865, 1.1907846927642822]",sae,Pre-64
1,beta,22,1.5,0.4519005213187685,0.4442985770479847,0.4327277048825881,0.5,0.5939599289403404,0.6815271356133603,30,"[0, 1, 2, 3, 4, 5, 6, 7, 8, 9, 10, 11, 12, 13, 14, 15, 16, 17, 18, 19, 20, 21, 22, 23, 24, 25, 26, 27, 28, 29]","[1.1179190874099731, 1.168941855430603, 1.1830703020095825, 1.1668369770050049, 1.2358616590499878, 1.1766568422317505, 1.1327937841415405, 1.165419340133667, 1.125562310218811, 1.1434152126312256, 1.1285946369171143, 1.224861741065979, 1.1848485469818115, 1.2125139236450195, 1.133904218673706, 1.1921454668045044, 1.203025460243225, 1.2069814205169678, 1.1357468366622925, 1.1382958889007568, 1.198440432548523, 1.1977695226669312, 1.207923412322998, 1.1743204593658447, 1.1639965772628784, 1.2263959646224976, 1.1249594688415527, 1.1282567977905273, 1.2587064504623413, 1.1409783363342285]",sae,Pre-64
1,beta,22,0.3,0.4519005213187685,0.4442985770479847,0.4398732190737021,0.5,0.5939599289403404,0.6813433099212931,30,"[0, 1, 2, 3, 4, 5, 6, 7, 8, 9, 10, 11, 12, 13, 14, 15, 16, 17, 18, 19, 20, 21, 22, 23, 24, 25, 26, 27, 28, 29]","[1.1823265552520752, 1.242781162261963, 1.2514426708221436, 1.238306999206543, 1.3045889139175415, 1.235751986503601, 1.2048144340515137, 1.221472144126892, 1.1877521276474, 1.2130540609359741, 1.1893682479858398, 1.2949166297912598, 1.2505744695663452, 1.2786433696746826, 1.1882859468460083, 1.2584948539733887, 1.271461844444275, 1.2629815340042114, 1.1892801523208618, 1.1995103359222412, 1.2615644931793213, 1.2613352537155151, 1.2714048624038696, 1.2308799028396606, 1.233855962753296, 1.2914903163909912, 1.1905395984649658, 1.1918293237686157, 1.3245028257369995, 1.1944811344146729]",sae,Pre-64
1,beta,47,10.0,0.4460371044958436,0.4257646434940195,0.4024043546790342,0.5,0.6434257056516428,0.7291872950556163,30,"[0, 1, 2, 3, 4, 5, 6, 7, 8, 9, 10, 11, 12, 13, 14, 15, 16, 17, 18, 19, 20, 21, 22, 23, 24, 25, 26, 27, 28, 29]","[1.2948559522628784, 1.148354411125183, 1.1743416786193848, 1.1649647951126099, 1.246188759803772, 1.2814688682556152, 1.2447621822357178, 1.2164852619171143, 1.2303695678710938, 1.1912521123886108, 1.1916992664337158, 1.1139793395996094, 1.1724560260772705, 1.2962146997451782, 1.1174935102462769, 1.2390276193618774, 1.1683082580566406, 1.2478612661361694, 1.090547800064087, 1.1480519771575928, 1.1796824932098389, 1.2337864637374878, 1.2272014617919922, 1.1476048231124878, 1.2347866296768188, 1.1138331890106201, 1.1005412340164185, 1.2123545408248901, 1.1655439138412476, 1.21992826461792]",sae,Pre-64
1,beta,2,30.0,0.4419681213812466,0.4306250660512843,0.4146999095390944,0.5,0.6028191218064636,0.6886562804284323,30,"[0, 1, 2, 3, 4, 5, 6, 7, 8, 9, 10, 11, 12, 13, 14, 15, 16, 17, 18, 19, 20, 21, 22, 23, 24, 25, 26, 27, 28, 29]","[1.1491129398345947, 1.1618432998657227, 1.1426033973693848, 1.191449761390686, 1.1310452222824097, 1.2005151510238647, 1.17189359664917, 1.1661605834960938, 1.12075674533844, 1.1253643035888672, 1.1488215923309326, 1.1343861818313599, 1.16419517993927, 1.20036780834198, 1.190604567527771, 1.1571122407913208, 1.179641604423523, 1.2343209981918335, 1.221923589706421, 1.2101647853851318, 1.1568256616592407, 1.1531498432159424, 1.1994770765304565, 1.1852316856384277, 1.1635690927505493, 1.1419733762741089, 1.1855614185333252, 1.1774711608886719, 1.0223711729049683, 1.220582127571106]",sae,Pre-64
1,beta,35,50.0,0.4566193215888805,0.4379483378046387,0.4275639338118701,0.5,0.637290178651746,0.711674432830182,30,"[0, 1, 2, 3, 4, 5, 6, 7, 8, 9, 10, 11, 12, 13, 14, 15, 16, 17, 18, 19, 20, 21, 22, 23, 24, 25, 26, 27, 28, 29]","[1.1419644355773926, 1.1713181734085083, 1.240107536315918, 1.195743441581726, 1.1811882257461548, 1.1707707643508911, 1.1092125177383423, 1.2573636770248413, 1.2576355934143066, 1.1896233558654785, 1.2206906080245972, 1.1313600540161133, 1.1883442401885986, 1.0861045122146606, 1.169890284538269, 1.1350536346435547, 1.2416034936904907, 1.1306434869766235, 1.220120906829834, 1.109336495399475, 1.1400814056396484, 1.1308884620666504, 1.1600199937820435, 1.0872516632080078, 1.1515733003616333, 1.1778661012649536, 1.1567775011062622, 1.2329468727111816, 1.2157437801361084, 1.209161400794983]",sae,Pre-64
1,beta,7,3.0,0.4564836922581216,0.4420418003909208,0.4262895087840413,0.5,0.6095136152062148,0.7000084039932237,30,"[0, 1, 2, 3, 4, 5, 6, 7, 8, 9, 10, 11, 12, 13, 14, 15, 16, 17, 18, 19, 20, 21, 22, 23, 24, 25, 26, 27, 28, 29]","[1.186367392539978, 1.203552484512329, 1.2273681163787842, 1.1744158267974854, 1.2427024841308594, 1.194297194480896, 1.1417649984359741, 1.1899380683898926, 1.274727702140808, 1.2103523015975952, 1.1130813360214233, 1.1793581247329712, 1.1271109580993652, 1.140200138092041, 1.2939406633377075, 1.2133886814117432, 1.183907389640808, 1.1221195459365845, 1.2292346954345703, 1.2417727708816528, 1.200108528137207, 1.2005424499511719, 1.201027750968933, 1.1506562232971191, 1.259361982345581, 1.2019909620285034, 1.2091292142868042, 1.0751577615737915, 1.2751001119613647, 1.1631182432174683]",sae,Pre-64
1,beta,44,30.0,0.4469012312759677,0.43811650775401,0.4387359022119832,0.5,0.5982762074796864,0.6190848668045466,30,"[0, 1, 2, 3, 4, 5, 6, 7, 8, 9, 10, 11, 12, 13, 14, 15, 16, 17, 18, 19, 20, 21, 22, 23, 24, 25, 26, 27, 28, 29]","[1.188148856163025, 1.2002507448196411, 1.1204805374145508, 1.1610747575759888, 1.1904850006103516, 1.2366626262664795, 1.1955641508102417, 1.144327998161316, 1.206619143486023, 1.2314187288284302, 1.1892151832580566, 1.1514842510223389, 1.187224268913269, 1.1622644662857056, 1.248563528060913, 1.2472829818725586, 1.1387724876403809, 1.0304396152496338, 1.2001614570617676, 1.1816792488098145, 1.1582975387573242, 1.1419570446014404, 1.1716670989990234, 1.1951204538345337, 1.2422082424163818, 1.1315513849258423, 1.152037262916565, 1.1923751831054688, 1.1700479984283447, 1.2005369663238525]",sae,Pre-64
1,beta,31,500.0,0.4497611378811508,0.4308970333737342,0.4263365388095558,0.5,0.642735734520437,0.7068234375903335,30,"[0, 1, 2, 3, 4, 5, 6, 7, 8, 9, 10, 11, 12, 13, 14, 15, 16, 17, 18, 19, 20, 21, 22, 23, 24, 25, 26, 27, 28, 29]","[1.1868829727172852, 1.1684132814407349, 1.1411691904067993, 1.1192221641540527, 1.1979950666427612, 1.2012416124343872, 1.1268763542175293, 1.1949924230575562, 1.1851063966751099, 1.1678438186645508, 1.1846915483474731, 1.1878143548965454, 1.2181352376937866, 1.073760986328125, 1.2400416135787964, 1.1805418729782104, 1.1810487508773804, 1.162557601928711, 1.1839708089828491, 1.1404868364334106, 1.2300362586975098, 1.1923527717590332, 1.2170655727386475, 1.2127258777618408, 1.1911245584487915, 1.1909171342849731, 1.1074947118759155, 1.2370617389678955, 1.1450209617614746, 1.2102415561676025]",sae,Pre-64
1,beta,28,0.4,0.4589844236982603,0.4495627040154577,0.4363597930098649,0.5,0.5987249917034086,0.6954499122931779,30,"[0, 1, 2, 3, 4, 5, 6, 7, 8, 9, 10, 11, 12, 13, 14, 15, 16, 17, 18, 19, 20, 21, 22, 23, 24, 25, 26, 27, 28, 29]","[1.1352343559265137, 1.0775038003921509, 1.0399432182312012, 1.2336927652359009, 1.179149866104126, 1.2072476148605347, 1.1323752403259277, 1.10542631149292, 1.2175010442733765, 1.2215855121612549, 1.176476240158081, 1.2057819366455078, 1.218854308128357, 1.2209949493408203, 1.1551659107208252, 1.1379764080047607, 1.1653257608413696, 1.2166705131530762, 1.183241605758667, 1.1995640993118286, 1.135400652885437, 1.153017282485962, 1.1304819583892822, 1.08482027053833, 1.1267801523208618, 1.205606460571289, 1.2566165924072266, 1.1601134538650513, 1.1428003311157227, 1.122060775756836]",sae,Pre-64
1,beta,41,0.4,0.4543678569363413,0.4427951465832617,0.4438721636394438,0.5,0.6190905384235713,0.6706238331294664,30,"[0, 1, 2, 3, 4, 5, 6, 7, 8, 9, 10, 11, 12, 13, 14, 15, 16, 17, 18, 19, 20, 21, 22, 23, 24, 25, 26, 27, 28, 29]","[1.1356950998306274, 1.1843740940093994, 1.0599017143249512, 1.0706007480621338, 1.0468002557754517, 1.210906744003296, 1.101571798324585, 1.1551228761672974, 1.140668272972107, 1.1793739795684814, 1.185392141342163, 1.1593207120895386, 1.1646181344985962, 1.1845898628234863, 1.201792597770691, 1.1444034576416016, 1.0762401819229126, 1.1555777788162231, 1.1304680109024048, 1.1696642637252808, 1.0725892782211304, 1.1413424015045166, 1.1628625392913818, 1.156077265739441, 1.1492286920547485, 1.137248158454895, 1.1817694902420044, 1.172348141670227, 1.1405194997787476, 1.0922468900680542]",sae,Pre-64
1,beta,47,0.22,0.4460371044958436,0.4257646434940195,0.4033451395960316,0.5,0.6434257056516428,0.7291872950556163,30,"[0, 1, 2, 3, 4, 5, 6, 7, 8, 9, 10, 11, 12, 13, 14, 15, 16, 17, 18, 19, 20, 21, 22, 23, 24, 25, 26, 27, 28, 29]","[1.2948559522628784, 1.148354411125183, 1.1743416786193848, 1.1649647951126099, 1.246188759803772, 1.2814688682556152, 1.2447621822357178, 1.2164852619171143, 1.2303695678710938, 1.1912521123886108, 1.1916992664337158, 1.1139793395996094, 1.1724560260772705, 1.2962146997451782, 1.1174935102462769, 1.2390276193618774, 1.1683082580566406, 1.2478612661361694, 1.090547800064087, 1.1480519771575928, 1.1796824932098389, 1.2337864637374878, 1.2272014617919922, 1.1476048231124878, 1.2347866296768188, 1.1138331890106201, 1.1005412340164185, 1.2123545408248901, 1.1655439138412476, 1.21992826461792]",sae,Pre-64
1,beta,18,0.22,0.4575117633693479,0.4471831599677374,0.4182839141236465,0.5,0.6052065040104606,0.7279783219994782,30,"[0, 1, 2, 3, 4, 5, 6, 7, 8, 9, 10, 11, 12, 13, 14, 15, 16, 17, 18, 19, 20, 21, 22, 23, 24, 25, 26, 27, 28, 29]","[1.08156156539917, 1.1808451414108276, 1.2274887561798096, 1.1775970458984375, 1.1839946508407593, 1.1783868074417114, 1.302558422088623, 1.1474957466125488, 1.2003755569458008, 1.1137614250183105, 1.279771089553833, 1.1947054862976074, 1.217077374458313, 1.243087649345398, 1.1674503087997437, 1.1044795513153076, 1.2428091764450073, 1.1572407484054565, 1.1403177976608276, 1.0754040479660034, 1.2844663858413696, 1.1361045837402344, 1.2445805072784424, 1.2017990350723267, 1.1962649822235107, 1.1700507402420044, 1.2117968797683716, 1.2385376691818237, 1.2291908264160156, 1.181313395500183]",sae,Pre-64
1,beta,9,1000.0,0.448644851968101,0.4348910401892977,0.4389724985373917,0.5,0.6286670530281078,0.67439727615184,30,"[0, 1, 2, 3, 4, 5, 6, 7, 8, 9, 10, 11, 12, 13, 14, 15, 16, 17, 18, 19, 20, 21, 22, 23, 24, 25, 26, 27, 28, 29]","[1.2153398990631104, 1.1627874374389648, 1.2425429821014404, 1.2238517999649048, 1.1654289960861206, 1.0477313995361328, 1.2183655500411987, 1.1352207660675049, 1.2167727947235107, 1.1058458089828491, 1.2178144454956055, 1.1729799509048462, 1.177621603012085, 1.2170661687850952, 1.2525821924209595, 1.1896530389785767, 1.1452741622924805, 1.2327814102172852, 1.2428123950958252, 1.1500693559646606, 1.2273743152618408, 1.2386215925216675, 1.1544575691223145, 1.2277216911315918, 1.2480170726776123, 1.2276045083999634, 1.1016136407852173, 1.0502220392227173, 1.1683142185211182, 1.2417500019073486]",sae,Pre-64
1,beta,7,0.3,0.4564836922581216,0.4420418003909208,0.4324256007749913,0.5,0.6095136152062148,0.7003740514176946,30,"[0, 1, 2, 3, 4, 5, 6, 7, 8, 9, 10, 11, 12, 13, 14, 15, 16, 17, 18, 19, 20, 21, 22, 23, 24, 25, 26, 27, 28, 29]","[1.2060625553131104, 1.2253038883209229, 1.244493842124939, 1.19676673412323, 1.2633044719696045, 1.2143404483795166, 1.1614162921905518, 1.212918758392334, 1.2981669902801514, 1.2303913831710815, 1.1353873014450073, 1.197319507598877, 1.149393081665039, 1.1636067628860474, 1.317359447479248, 1.2336132526397705, 1.1996890306472778, 1.1448936462402344, 1.247947096824646, 1.2616454362869263, 1.2214362621307373, 1.2236855030059814, 1.221839427947998, 1.1736879348754883, 1.2808057069778442, 1.225469708442688, 1.226692795753479, 1.0956577062606812, 1.2962595224380493, 1.1817599534988403]",sae,Pre-64
1,beta,35,3.0,0.4566193215888805,0.4379483378046387,0.4252110609328116,0.5,0.637290178651746,0.711674432830182,30,"[0, 1, 2, 3, 4, 5, 6, 7, 8, 9, 10, 11, 12, 13, 14, 15, 16, 17, 18, 19, 20, 21, 22, 23, 24, 25, 26, 27, 28, 29]","[1.1419644355773926, 1.1713181734085083, 1.240107536315918, 1.195743441581726, 1.1811882257461548, 1.1707707643508911, 1.1092125177383423, 1.2573636770248413, 1.2576355934143066, 1.1896233558654785, 1.2206906080245972, 1.1313600540161133, 1.1883442401885986, 1.0861045122146606, 1.169890284538269, 1.1350536346435547, 1.2416034936904907, 1.1306434869766235, 1.220120906829834, 1.109336495399475, 1.1400814056396484, 1.1308884620666504, 1.1600199937820435, 1.0872516632080078, 1.1515733003616333, 1.1778661012649536, 1.1567775011062622, 1.2329468727111816, 1.2157437801361084, 1.209161400794983]",sae,Pre-64
1,beta,16,30.0,0.4519396108125126,0.4401978349795346,0.421137996040517,0.5,0.6159012314439947,0.7157482046462309,30,"[0, 1, 2, 3, 4, 5, 6, 7, 8, 9, 10, 11, 12, 13, 14, 15, 16, 17, 18, 19, 20, 21, 22, 23, 24, 25, 26, 27, 28, 29]","[1.155144453048706, 1.1337980031967163, 1.1233099699020386, 1.1950212717056274, 1.1797491312026978, 1.1431095600128174, 1.194365382194519, 1.1770823001861572, 1.1407045125961304, 1.1889445781707764, 1.1803953647613525, 1.1736708879470825, 1.1382813453674316, 1.1618629693984985, 1.068888545036316, 1.121972918510437, 1.2042245864868164, 1.0445743799209595, 1.1478757858276367, 1.1736332178115845, 1.2176194190979004, 1.1968461275100708, 1.194488763809204, 1.1921454668045044, 1.079857349395752, 1.1655960083007812, 1.083346962928772, 1.1446884870529175, 1.1000053882598877, 1.1300923824310303]",sae,Pre-64
1,beta,0,0.21,0.4600628296558519,0.4487196928272481,0.4296173038364927,0.5,0.6146148452673732,0.7222143640425923,30,"[0, 1, 2, 3, 4, 5, 6, 7, 8, 9, 10, 11, 12, 13, 14, 15, 16, 17, 18, 19, 20, 21, 22, 23, 24, 25, 26, 27, 28, 29]","[1.2516405582427979, 1.2940421104431152, 1.2674720287322998, 1.3120628595352173, 1.2377358675003052, 1.2685973644256592, 1.2995665073394775, 1.3340169191360474, 1.3141132593154907, 1.2840936183929443, 1.2683225870132446, 1.2743388414382935, 1.3204917907714844, 1.3073887825012207, 1.324188232421875, 1.2684597969055176, 1.289214849472046, 1.2294842004776, 1.1555864810943604, 1.3080549240112305, 1.2391340732574463, 1.2358453273773193, 1.3169690370559692, 1.2600927352905273, 1.2510050535202026, 1.1962302923202515, 1.3201459646224976, 1.2202814817428589, 1.302415370941162, 1.2117327451705933]",sae,Pre-64
1,beta,6,0.5,0.4540822999211705,0.4457917896713532,0.4384936900712481,0.5,0.5933447799067053,0.6652910519198336,30,"[0, 1, 2, 3, 4, 5, 6, 7, 8, 9, 10, 11, 12, 13, 14, 15, 16, 17, 18, 19, 20, 21, 22, 23, 24, 25, 26, 27, 28, 29]","[1.2093437910079956, 1.2324018478393555, 1.1689670085906982, 1.2286028861999512, 1.1660292148590088, 1.1364821195602417, 1.1552339792251587, 1.210248351097107, 1.1588280200958252, 1.2276009321212769, 1.1634801626205444, 1.1048387289047241, 1.1711478233337402, 1.1197253465652466, 1.0116533041000366, 1.2269690036773682, 1.129739761352539, 1.1970460414886475, 1.1658244132995605, 1.1922228336334229, 1.1664220094680786, 1.1494638919830322, 1.2115159034729004, 1.2004733085632324, 1.147264838218689, 1.1653865575790405, 1.1267348527908325, 1.1380363702774048, 1.188260555267334, 1.2108981609344482]",sae,Pre-64
1,beta,40,0.21,0.44666181227492,0.4340193094910912,0.4315684676810857,0.5,0.6093636266731638,0.6691071890846518,30,"[0, 1, 2, 3, 4, 5, 6, 7, 8, 9, 10, 11, 12, 13, 14, 15, 16, 17, 18, 19, 20, 21, 22, 23, 24, 25, 26, 27, 28, 29]","[1.353177785873413, 1.2967716455459595, 1.2958683967590332, 1.2360819578170776, 1.2689435482025146, 1.2995524406433105, 1.3016254901885986, 1.3121176958084106, 1.3270165920257568, 1.3319120407104492, 1.2747867107391357, 1.2819424867630005, 1.3486624956130981, 1.2367180585861206, 1.254836082458496, 1.3661267757415771, 1.2644609212875366, 1.3020588159561157, 1.2542774677276611, 1.25052809715271, 1.2608617544174194, 1.2705875635147095, 1.325636863708496, 1.2897958755493164, 1.3392083644866943, 1.2689259052276611, 1.3329389095306396, 1.233159065246582, 1.3744734525680542, 1.2622398138046265]",sae,Pre-64
1,beta,5,0.22,0.4445517550333296,0.4301735816232515,0.4267032160632633,0.5,0.6070910659257547,0.683413237656501,30,"[0, 1, 2, 3, 4, 5, 6, 7, 8, 9, 10, 11, 12, 13, 14, 15, 16, 17, 18, 19, 20, 21, 22, 23, 24, 25, 26, 27, 28, 29]","[1.2795672416687012, 1.1876804828643799, 1.1931679248809814, 1.3058924674987793, 1.307901382446289, 1.2267147302627563, 1.235927939414978, 1.2221133708953857, 1.2755345106124878, 1.207950472831726, 1.2862493991851807, 1.3068784475326538, 1.2361375093460083, 1.2427444458007812, 1.3171403408050537, 1.2620658874511719, 1.2651748657226562, 1.2940328121185303, 1.1751445531845093, 1.2456260919570923, 1.3174585103988647, 1.2523468732833862, 1.3069076538085938, 1.2055970430374146, 1.2396879196166992, 1.3127470016479492, 1.1911178827285767, 1.2185653448104858, 1.2967561483383179, 1.2397395372390747]",sae,Pre-64
1,beta,19,10.0,0.4469965829377276,0.435497383761294,0.4101909622762353,0.5,0.6104665954706788,0.7106605521877061,30,"[0, 1, 2, 3, 4, 5, 6, 7, 8, 9, 10, 11, 12, 13, 14, 15, 16, 17, 18, 19, 20, 21, 22, 23, 24, 25, 26, 27, 28, 29]","[1.1908780336380005, 1.1948882341384888, 1.261419415473938, 1.2143750190734863, 1.1074068546295166, 1.138035535812378, 1.1818253993988037, 1.2405482530593872, 1.1682370901107788, 1.2502057552337646, 1.23455810546875, 1.2729377746582031, 1.1755164861679077, 1.1892448663711548, 1.0957870483398438, 1.117355465888977, 1.255409598350525, 1.2807034254074097, 1.139570951461792, 1.1753686666488647, 1.285911202430725, 1.180781364440918, 1.1631584167480469, 1.175125002861023, 1.172812819480896, 1.2548409700393677, 1.2710891962051392, 1.194553017616272, 1.1372811794281006, 1.1591088771820068]",sae,Pre-64
1,beta,23,0.23,0.4478205607315014,0.4344954522622479,0.4317269217414636,0.5,0.6150139710231751,0.6708345246902094,30,"[0, 1, 2, 3, 4, 5, 6, 7, 8, 9, 10, 11, 12, 13, 14, 15, 16, 17, 18, 19, 20, 21, 22, 23, 24, 25, 26, 27, 28, 29]","[1.2227879762649536, 1.2528834342956543, 1.2148877382278442, 1.340798020362854, 1.1519273519515991, 1.2234801054000854, 1.319451093673706, 1.2626529932022095, 1.2184339761734009, 1.3437373638153076, 1.3356292247772217, 1.293682336807251, 1.2829643487930298, 1.1667958498001099, 1.2807071208953857, 1.3355995416641235, 1.0675673484802246, 1.2659740447998047, 1.2132976055145264, 1.2286351919174194, 1.3320640325546265, 1.3476736545562744, 1.217413067817688, 1.3425179719924927, 1.3292427062988281, 1.2743819952011108, 1.2355554103851318, 1.2218741178512573, 1.2570337057113647, 1.3481985330581665]",sae,Pre-64
1,beta,28,75.0,0.4589844236982603,0.4495627040154577,0.4363597930098649,0.5,0.5987249917034086,0.6954499122931779,30,"[0, 1, 2, 3, 4, 5, 6, 7, 8, 9, 10, 11, 12, 13, 14, 15, 16, 17, 18, 19, 20, 21, 22, 23, 24, 25, 26, 27, 28, 29]","[1.1352343559265137, 1.0775038003921509, 1.0399432182312012, 1.2336927652359009, 1.179149866104126, 1.2072476148605347, 1.1323752403259277, 1.10542631149292, 1.2175010442733765, 1.2215855121612549, 1.176476240158081, 1.2057819366455078, 1.218854308128357, 1.2209949493408203, 1.1551659107208252, 1.1379764080047607, 1.1653257608413696, 1.2166705131530762, 1.183241605758667, 1.1995640993118286, 1.135400652885437, 1.153017282485962, 1.1304819583892822, 1.08482027053833, 1.1267801523208618, 1.205606460571289, 1.2566165924072266, 1.1601134538650513, 1.1428003311157227, 1.122060775756836]",sae,Pre-64
1,beta,0,75.0,0.4600628296558519,0.4487196928272481,0.4294260616841683,0.5,0.6146148452673732,0.7212500893551071,30,"[0, 1, 2, 3, 4, 5, 6, 7, 8, 9, 10, 11, 12, 13, 14, 15, 16, 17, 18, 19, 20, 21, 22, 23, 24, 25, 26, 27, 28, 29]","[1.1609565019607544, 1.205399990081787, 1.1734585762023926, 1.2161903381347656, 1.1425961256027222, 1.1842118501663208, 1.2070008516311646, 1.2379403114318848, 1.2223178148269653, 1.1959354877471924, 1.181226134300232, 1.1726235151290894, 1.2236276865005493, 1.2120070457458496, 1.218804955482483, 1.1687568426132202, 1.1801352500915527, 1.143155813217163, 1.0709192752838135, 1.2054029703140259, 1.1369202136993408, 1.1508759260177612, 1.2216984033584595, 1.1585367918014526, 1.1669466495513916, 1.1062743663787842, 1.2285964488983154, 1.136776089668274, 1.1998835802078247, 1.1328357458114624]",sae,Pre-64
1,beta,33,0.22,0.4492211383258522,0.4377959816952598,0.4223402424961981,0.5,0.6165210074526608,0.6954138560095032,30,"[0, 1, 2, 3, 4, 5, 6, 7, 8, 9, 10, 11, 12, 13, 14, 15, 16, 17, 18, 19, 20, 21, 22, 23, 24, 25, 26, 27, 28, 29]","[1.1849273443222046, 1.2562428712844849, 1.2136778831481934, 1.194433331489563, 1.149998426437378, 1.2687307596206665, 1.1574212312698364, 1.2470797300338745, 1.2527871131896973, 1.2536271810531616, 1.1950736045837402, 1.2495068311691284, 1.1756917238235474, 1.1588196754455566, 1.1325362920761108, 1.2413465976715088, 1.1629266738891602, 1.1944456100463867, 1.2464298009872437, 1.2438013553619385, 1.1899774074554443, 1.159067153930664, 1.2561681270599365, 1.2361953258514404, 1.2687146663665771, 1.1437739133834839, 1.1919195652008057, 1.171987533569336, 1.145799160003662, 1.191154956817627]",sae,Pre-64
1,beta,13,0.4,0.4619123366083722,0.4531466051409948,0.4353358523040135,0.5,0.6127276801885291,0.7084227751366117,30,"[0, 1, 2, 3, 4, 5, 6, 7, 8, 9, 10, 11, 12, 13, 14, 15, 16, 17, 18, 19, 20, 21, 22, 23, 24, 25, 26, 27, 28, 29]","[1.2620290517807007, 1.0841492414474487, 1.2518304586410522, 1.2009828090667725, 1.1773443222045898, 1.2524205446243286, 1.1896860599517822, 1.205586552619934, 1.2011864185333252, 1.204891324043274, 1.2614386081695557, 1.189528465270996, 1.1975116729736328, 1.2220771312713623, 1.2205173969268799, 1.1578680276870728, 1.1433484554290771, 1.2188818454742432, 1.1746560335159302, 1.1710954904556274, 1.1613126993179321, 1.1272764205932617, 1.1385637521743774, 1.1813597679138184, 1.1625311374664307, 1.1538347005844116, 1.1776994466781616, 1.1675361394882202, 1.191448450088501, 1.2053452730178833]",sae,Pre-64
1,beta,43,75.0,0.4515364523902173,0.4432102910589974,0.4341806443478864,0.5,0.6060785767234989,0.6967279466271312,30,"[0, 1, 2, 3, 4, 5, 6, 7, 8, 9, 10, 11, 12, 13, 14, 15, 16, 17, 18, 19, 20, 21, 22, 23, 24, 25, 26, 27, 28, 29]","[1.2137269973754883, 1.2966495752334595, 1.2138888835906982, 1.1676738262176514, 1.2102769613265991, 1.1480684280395508, 1.1920170783996582, 1.177064299583435, 1.259727120399475, 1.1724348068237305, 1.1425949335098267, 1.2585235834121704, 1.2058279514312744, 1.1739577054977417, 1.1621994972229004, 1.0888837575912476, 1.250617504119873, 1.1916553974151611, 1.2415788173675537, 1.2100411653518677, 1.173439860343933, 1.1695396900177002, 1.238284707069397, 1.2358100414276123, 1.1332714557647705, 1.2508617639541626, 1.267849326133728, 1.178114891052246, 1.2484055757522583, 1.2684884071350098]",sae,Pre-64
1,beta,13,0.21,0.4619123366083722,0.4531466051409948,0.4367075282311671,0.5,0.6127276801885291,0.7078505355232538,30,"[0, 1, 2, 3, 4, 5, 6, 7, 8, 9, 10, 11, 12, 13, 14, 15, 16, 17, 18, 19, 20, 21, 22, 23, 24, 25, 26, 27, 28, 29]","[1.373356819152832, 1.1876425743103027, 1.3565117120742798, 1.2978529930114746, 1.2706931829452515, 1.3594461679458618, 1.2999271154403687, 1.304396152496338, 1.3226253986358643, 1.3049931526184082, 1.3680195808410645, 1.2971100807189941, 1.3114663362503052, 1.3348579406738281, 1.3326631784439087, 1.2642561197280884, 1.2513952255249023, 1.3277487754821777, 1.2946972846984863, 1.29639732837677, 1.2685834169387817, 1.223558783531189, 1.2470661401748657, 1.2731420993804932, 1.2889719009399414, 1.2451767921447754, 1.2880682945251465, 1.259920597076416, 1.3027939796447754, 1.3046300411224365]",sae,Pre-64
1,beta,8,50.0,0.4517491928182039,0.4406431065890545,0.4326960575723772,0.5,0.6098144493254953,0.6772260068051754,30,"[0, 1, 2, 3, 4, 5, 6, 7, 8, 9, 10, 11, 12, 13, 14, 15, 16, 17, 18, 19, 20, 21, 22, 23, 24, 25, 26, 27, 28, 29]","[1.1187007427215576, 1.218583345413208, 1.1729588508605957, 1.1930103302001953, 1.2442059516906738, 1.182166576385498, 1.2270926237106323, 1.164693832397461, 1.2057322263717651, 1.212062120437622, 1.2319320440292358, 1.18947172164917, 1.188055396080017, 1.2018784284591675, 1.2228853702545166, 1.1608076095581055, 1.179728627204895, 1.1950958967208862, 1.1249150037765503, 1.1465964317321777, 1.1464855670928955, 1.1299797296524048, 1.2297531366348267, 1.1591399908065796, 1.2222727537155151, 1.227508783340454, 1.1398975849151611, 1.22318696975708, 1.2009252309799194, 1.166541337966919]",sae,Pre-64
1,beta,27,0.21,0.4609757262074365,0.4537266978541116,0.4543084770420211,0.5,0.5914172664146189,0.6586944771843638,30,"[0, 1, 2, 3, 4, 5, 6, 7, 8, 9, 10, 11, 12, 13, 14, 15, 16, 17, 18, 19, 20, 21, 22, 23, 24, 25, 26, 27, 28, 29]","[1.3045885562896729, 1.3453642129898071, 1.3070037364959717, 1.2896292209625244, 1.332472324371338, 1.2533928155899048, 1.3432703018188477, 1.2269738912582397, 1.2905173301696777, 1.2824822664260864, 1.242669701576233, 1.3454875946044922, 1.2832677364349365, 1.249708652496338, 1.2876540422439575, 1.2146483659744263, 1.2588359117507935, 1.3141716718673706, 1.2788338661193848, 1.2679251432418823, 1.3481156826019287, 1.3250908851623535, 1.248190999031067, 1.2010862827301025, 1.2804367542266846, 1.347867488861084, 1.2635936737060547, 1.3138524293899536, 1.2191708087921143, 1.291954517364502]",sae,Pre-64
1,beta,23,1000.0,0.4478205607315014,0.4344954522622479,0.4293385389136565,0.5,0.6150139710231751,0.6687422750907323,30,"[0, 1, 2, 3, 4, 5, 6, 7, 8, 9, 10, 11, 12, 13, 14, 15, 16, 17, 18, 19, 20, 21, 22, 23, 24, 25, 26, 27, 28, 29]","[1.1367353200912476, 1.1628820896148682, 1.1104114055633545, 1.2438031435012817, 1.0608277320861816, 1.1336368322372437, 1.211327075958252, 1.1689966917037964, 1.136163353919983, 1.248887538909912, 1.2434972524642944, 1.19732666015625, 1.1961266994476318, 1.0783805847167969, 1.1963282823562622, 1.2420802116394043, 0.9979529976844788, 1.167960286140442, 1.1316879987716675, 1.1474251747131348, 1.2360974550247192, 1.2508002519607544, 1.1319223642349243, 1.2472549676895142, 1.2268574237823486, 1.1909486055374146, 1.1608943939208984, 1.1226544380187988, 1.1709887981414795, 1.2530566453933716]",sae,Pre-64
1,beta,14,75.0,0.4467366851483266,0.4421697276018216,0.4236898416391712,0.5,0.5934222168898753,0.7004071746726857,30,"[0, 1, 2, 3, 4, 5, 6, 7, 8, 9, 10, 11, 12, 13, 14, 15, 16, 17, 18, 19, 20, 21, 22, 23, 24, 25, 26, 27, 28, 29]","[1.1700234413146973, 1.0681921243667603, 1.1210544109344482, 1.148490071296692, 1.1765847206115723, 1.143620252609253, 1.1391699314117432, 1.1990078687667847, 1.1443272829055786, 1.177550196647644, 1.0939750671386719, 1.0375179052352905, 1.0638422966003418, 1.1846389770507812, 1.1842373609542847, 1.1451287269592285, 1.202758550643921, 1.1907190084457397, 1.1267846822738647, 1.1308374404907227, 1.1608028411865234, 1.1382582187652588, 1.1897944211959839, 1.1014028787612915, 1.1924012899398804, 1.182306170463562, 1.1216769218444824, 1.1922364234924316, 1.183416485786438, 1.0683033466339111]",sae,Pre-64
1,beta,30,0.25,0.4638407167611665,0.4544841508273655,0.4368581832465081,0.5,0.6043368975359404,0.692178811858177,30,"[0, 1, 2, 3, 4, 5, 6, 7, 8, 9, 10, 11, 12, 13, 14, 15, 16, 17, 18, 19, 20, 21, 22, 23, 24, 25, 26, 27, 28, 29]","[1.2714478969573975, 1.2169262170791626, 1.2493891716003418, 1.2194479703903198, 1.2205928564071655, 1.2070703506469727, 1.2214267253875732, 1.1904937028884888, 1.1793662309646606, 1.1943254470825195, 1.2793831825256348, 1.1783266067504883, 1.1566016674041748, 1.1869834661483765, 1.244225263595581, 1.2612123489379883, 1.2057605981826782, 1.2105048894882202, 1.278059720993042, 1.2083853483200073, 1.1809865236282349, 1.1398011445999146, 1.2163960933685303, 1.1989076137542725, 1.3080978393554688, 1.2055797576904297, 1.2445392608642578, 1.2033746242523193, 1.2533117532730103, 1.2250946760177612]",sae,Pre-64
1,beta,13,5.0,0.4619123366083722,0.4531466051409948,0.4338302139350091,0.5,0.6127276801885291,0.7084227751366117,30,"[0, 1, 2, 3, 4, 5, 6, 7, 8, 9, 10, 11, 12, 13, 14, 15, 16, 17, 18, 19, 20, 21, 22, 23, 24, 25, 26, 27, 28, 29]","[1.2620290517807007, 1.0841492414474487, 1.2518304586410522, 1.2009828090667725, 1.1773443222045898, 1.2524205446243286, 1.1896860599517822, 1.205586552619934, 1.2011864185333252, 1.204891324043274, 1.2614386081695557, 1.189528465270996, 1.1975116729736328, 1.2220771312713623, 1.2205173969268799, 1.1578680276870728, 1.1433484554290771, 1.2188818454742432, 1.1746560335159302, 1.1710954904556274, 1.1613126993179321, 1.1272764205932617, 1.1385637521743774, 1.1813597679138184, 1.1625311374664307, 1.1538347005844116, 1.1776994466781616, 1.1675361394882202, 1.191448450088501, 1.2053452730178833]",sae,Pre-64
1,beta,3,30.0,0.4557259332451328,0.444824285747971,0.4405715274153781,0.5,0.6042731979176,0.6513497732311597,30,"[0, 1, 2, 3, 4, 5, 6, 7, 8, 9, 10, 11, 12, 13, 14, 15, 16, 17, 18, 19, 20, 21, 22, 23, 24, 25, 26, 27, 28, 29]","[1.2173471450805664, 1.2437915802001953, 1.2303599119186401, 1.1470088958740234, 1.225160837173462, 1.2187906503677368, 1.2136988639831543, 1.2373769283294678, 1.0408121347427368, 1.2769273519515991, 1.1646583080291748, 1.2723538875579834, 1.2085832357406616, 1.1533737182617188, 1.2780166864395142, 1.220745325088501, 1.2246323823928833, 1.232620120048523, 1.1631330251693726, 1.1876789331436157, 1.1246399879455566, 1.1998945474624634, 1.1904420852661133, 1.2890866994857788, 1.2598119974136353, 1.2086460590362549, 1.220794439315796, 1.200886607170105, 1.255966067314148, 1.1892025470733643]",sae,Pre-64
1,beta,31,30.0,0.4497611378811508,0.4308970333737342,0.4206816254260729,0.5,0.642735734520437,0.7068234375903335,30,"[0, 1, 2, 3, 4, 5, 6, 7, 8, 9, 10, 11, 12, 13, 14, 15, 16, 17, 18, 19, 20, 21, 22, 23, 24, 25, 26, 27, 28, 29]","[1.1868829727172852, 1.1684132814407349, 1.1411691904067993, 1.1192221641540527, 1.1979950666427612, 1.2012416124343872, 1.1268763542175293, 1.1949924230575562, 1.1851063966751099, 1.1678438186645508, 1.1846915483474731, 1.1878143548965454, 1.2181352376937866, 1.073760986328125, 1.2400416135787964, 1.1805418729782104, 1.1810487508773804, 1.162557601928711, 1.1839708089828491, 1.1404868364334106, 1.2300362586975098, 1.1923527717590332, 1.2170655727386475, 1.2127258777618408, 1.1911245584487915, 1.1909171342849731, 1.1074947118759155, 1.2370617389678955, 1.1450209617614746, 1.2102415561676025]",sae,Pre-64
1,beta,35,0.3,0.4566193215888805,0.4379483378046387,0.4275639338118701,0.5,0.637290178651746,0.711674432830182,30,"[0, 1, 2, 3, 4, 5, 6, 7, 8, 9, 10, 11, 12, 13, 14, 15, 16, 17, 18, 19, 20, 21, 22, 23, 24, 25, 26, 27, 28, 29]","[1.1419644355773926, 1.1713181734085083, 1.240107536315918, 1.195743441581726, 1.1811882257461548, 1.1707707643508911, 1.1092125177383423, 1.2573636770248413, 1.2576355934143066, 1.1896233558654785, 1.2206906080245972, 1.1313600540161133, 1.1883442401885986, 1.0861045122146606, 1.169890284538269, 1.1350536346435547, 1.2416034936904907, 1.1306434869766235, 1.220120906829834, 1.109336495399475, 1.1400814056396484, 1.1308884620666504, 1.1600199937820435, 1.0872516632080078, 1.1515733003616333, 1.1778661012649536, 1.1567775011062622, 1.2329468727111816, 1.2157437801361084, 1.209161400794983]",sae,Pre-64
1,beta,23,1.5,0.4478205607315014,0.4344954522622479,0.4261701365294693,0.5,0.6150139710231751,0.6687422750907323,30,"[0, 1, 2, 3, 4, 5, 6, 7, 8, 9, 10, 11, 12, 13, 14, 15, 16, 17, 18, 19, 20, 21, 22, 23, 24, 25, 26, 27, 28, 29]","[1.1367353200912476, 1.1628820896148682, 1.1104114055633545, 1.2438031435012817, 1.0608277320861816, 1.1336368322372437, 1.211327075958252, 1.1689966917037964, 1.136163353919983, 1.248887538909912, 1.2434972524642944, 1.19732666015625, 1.1961266994476318, 1.0783805847167969, 1.1963282823562622, 1.2420802116394043, 0.9979529976844788, 1.167960286140442, 1.1316879987716675, 1.1474251747131348, 1.2360974550247192, 1.2508002519607544, 1.1319223642349243, 1.2472549676895142, 1.2268574237823486, 1.1909486055374146, 1.1608943939208984, 1.1226544380187988, 1.1709887981414795, 1.2530566453933716]",sae,Pre-64
1,beta,19,0.5,0.4469965829377276,0.435497383761294,0.4112177056673914,0.5,0.6104665954706788,0.7106605521877061,30,"[0, 1, 2, 3, 4, 5, 6, 7, 8, 9, 10, 11, 12, 13, 14, 15, 16, 17, 18, 19, 20, 21, 22, 23, 24, 25, 26, 27, 28, 29]","[1.1908780336380005, 1.1948882341384888, 1.261419415473938, 1.2143750190734863, 1.1074068546295166, 1.138035535812378, 1.1818253993988037, 1.2405482530593872, 1.1682370901107788, 1.2502057552337646, 1.23455810546875, 1.2729377746582031, 1.1755164861679077, 1.1892448663711548, 1.0957870483398438, 1.117355465888977, 1.255409598350525, 1.2807034254074097, 1.139570951461792, 1.1753686666488647, 1.285911202430725, 1.180781364440918, 1.1631584167480469, 1.175125002861023, 1.172812819480896, 1.2548409700393677, 1.2710891962051392, 1.194553017616272, 1.1372811794281006, 1.1591088771820068]",sae,Pre-64
1,beta,47,0.5,0.4460371044958436,0.4257646434940195,0.4033451395960316,0.5,0.6434257056516428,0.7291872950556163,30,"[0, 1, 2, 3, 4, 5, 6, 7, 8, 9, 10, 11, 12, 13, 14, 15, 16, 17, 18, 19, 20, 21, 22, 23, 24, 25, 26, 27, 28, 29]","[1.2948559522628784, 1.148354411125183, 1.1743416786193848, 1.1649647951126099, 1.246188759803772, 1.2814688682556152, 1.2447621822357178, 1.2164852619171143, 1.2303695678710938, 1.1912521123886108, 1.1916992664337158, 1.1139793395996094, 1.1724560260772705, 1.2962146997451782, 1.1174935102462769, 1.2390276193618774, 1.1683082580566406, 1.2478612661361694, 1.090547800064087, 1.1480519771575928, 1.1796824932098389, 1.2337864637374878, 1.2272014617919922, 1.1476048231124878, 1.2347866296768188, 1.1138331890106201, 1.1005412340164185, 1.2123545408248901, 1.1655439138412476, 1.21992826461792]",sae,Pre-64
1,beta,19,0.22,0.4469965829377276,0.435497383761294,0.4126882780877415,0.5,0.6104665954706788,0.7118352859880014,30,"[0, 1, 2, 3, 4, 5, 6, 7, 8, 9, 10, 11, 12, 13, 14, 15, 16, 17, 18, 19, 20, 21, 22, 23, 24, 25, 26, 27, 28, 29]","[1.2494091987609863, 1.2590432167053223, 1.329987645149231, 1.2786921262741089, 1.1829204559326172, 1.2020705938339233, 1.2471624612808228, 1.3100703954696655, 1.2313673496246338, 1.3265663385391235, 1.3127989768981934, 1.3462555408477783, 1.2476311922073364, 1.258843183517456, 1.163308024406433, 1.186806321144104, 1.3185677528381348, 1.3511511087417603, 1.203121542930603, 1.2363094091415405, 1.35945463180542, 1.2449551820755005, 1.2378982305526733, 1.2396074533462524, 1.238925576210022, 1.3223556280136108, 1.3422479629516602, 1.2639347314834595, 1.2074015140533447, 1.2188680171966553]",sae,Pre-64
1,beta,45,0.25,0.4515599815008028,0.4347157609968581,0.4325188208492574,0.5,0.6289673345145609,0.6746036072872654,30,"[0, 1, 2, 3, 4, 5, 6, 7, 8, 9, 10, 11, 12, 13, 14, 15, 16, 17, 18, 19, 20, 21, 22, 23, 24, 25, 26, 27, 28, 29]","[1.2667573690414429, 1.2543079853057861, 1.169287085533142, 1.3038287162780762, 1.3015636205673218, 1.1290111541748047, 1.320807933807373, 1.25431489944458, 1.208628535270691, 1.154833197593689, 1.234452486038208, 1.3154762983322144, 1.2629077434539795, 1.16388738155365, 1.2104108333587646, 1.2375918626785278, 1.219132900238037, 1.1073498725891113, 1.2454701662063599, 1.2538602352142334, 1.2702229022979736, 1.1856414079666138, 1.2650182247161865, 1.1175183057785034, 1.1055434942245483, 1.295056700706482, 1.201656460762024, 1.2160662412643433, 1.1144241094589233, 1.3061606884002686]",sae,Pre-64
1,beta,34,0.5,0.4568527557813058,0.4470225010708758,0.4407746344999232,0.5,0.6011606799053854,0.6760287318218534,30,"[0, 1, 2, 3, 4, 5, 6, 7, 8, 9, 10, 11, 12, 13, 14, 15, 16, 17, 18, 19, 20, 21, 22, 23, 24, 25, 26, 27, 28, 29]","[1.137890338897705, 1.2171109914779663, 1.2127997875213623, 1.1824638843536377, 1.152029275894165, 1.1444475650787354, 1.1735047101974487, 1.0769213438034058, 1.1361875534057617, 1.1606651544570923, 1.2005587816238403, 1.015907645225525, 1.1853113174438477, 1.0790728330612183, 1.1112900972366333, 1.1400375366210938, 1.2139219045639038, 1.2259365320205688, 1.1806495189666748, 1.1336230039596558, 1.175050139427185, 1.2325819730758667, 1.1709409952163696, 1.1730239391326904, 1.1460753679275513, 1.094346284866333, 1.2428449392318726, 1.229536533355713, 1.2293792963027954, 1.190686821937561]",sae,Pre-64
1,beta,3,1.0,0.4557259332451328,0.444824285747971,0.4410581144234045,0.5,0.6042731979176,0.6513497732311597,30,"[0, 1, 2, 3, 4, 5, 6, 7, 8, 9, 10, 11, 12, 13, 14, 15, 16, 17, 18, 19, 20, 21, 22, 23, 24, 25, 26, 27, 28, 29]","[1.2173471450805664, 1.2437915802001953, 1.2303599119186401, 1.1470088958740234, 1.225160837173462, 1.2187906503677368, 1.2136988639831543, 1.2373769283294678, 1.0408121347427368, 1.2769273519515991, 1.1646583080291748, 1.2723538875579834, 1.2085832357406616, 1.1533737182617188, 1.2780166864395142, 1.220745325088501, 1.2246323823928833, 1.232620120048523, 1.1631330251693726, 1.1876789331436157, 1.1246399879455566, 1.1998945474624634, 1.1904420852661133, 1.2890866994857788, 1.2598119974136353, 1.2086460590362549, 1.220794439315796, 1.200886607170105, 1.255966067314148, 1.1892025470733643]",sae,Pre-64
1,beta,31,1.0,0.4497611378811508,0.4308970333737342,0.4230603061844002,0.5,0.642735734520437,0.7068234375903335,30,"[0, 1, 2, 3, 4, 5, 6, 7, 8, 9, 10, 11, 12, 13, 14, 15, 16, 17, 18, 19, 20, 21, 22, 23, 24, 25, 26, 27, 28, 29]","[1.1868829727172852, 1.1684132814407349, 1.1411691904067993, 1.1192221641540527, 1.1979950666427612, 1.2012416124343872, 1.1268763542175293, 1.1949924230575562, 1.1851063966751099, 1.1678438186645508, 1.1846915483474731, 1.1878143548965454, 1.2181352376937866, 1.073760986328125, 1.2400416135787964, 1.1805418729782104, 1.1810487508773804, 1.162557601928711, 1.1839708089828491, 1.1404868364334106, 1.2300362586975098, 1.1923527717590332, 1.2170655727386475, 1.2127258777618408, 1.1911245584487915, 1.1909171342849731, 1.1074947118759155, 1.2370617389678955, 1.1450209617614746, 1.2102415561676025]",sae,Pre-64
1,beta,11,0.23,0.4566976193509867,0.4496008864727478,0.4314025118568114,0.5,0.5995106990682213,0.709773142295266,30,"[0, 1, 2, 3, 4, 5, 6, 7, 8, 9, 10, 11, 12, 13, 14, 15, 16, 17, 18, 19, 20, 21, 22, 23, 24, 25, 26, 27, 28, 29]","[1.197404384613037, 1.0159912109375, 1.1595122814178467, 1.0947496891021729, 1.2204711437225342, 1.0870051383972168, 1.1269891262054443, 1.0375356674194336, 1.2077991962432861, 1.2207576036453247, 1.2321844100952148, 1.2301312685012817, 1.2398982048034668, 1.1524134874343872, 1.143661618232727, 1.0850900411605835, 1.17250657081604, 1.1216024160385132, 1.160549521446228, 1.1942617893218994, 1.178363561630249, 1.1898934841156006, 1.2164463996887207, 1.1637935638427734, 1.1526267528533936, 1.2090473175048828, 1.2035871744155884, 1.1137361526489258, 1.1602522134780884, 1.1377544403076172]",sae,Pre-64
1,beta,38,20.0,0.4455661720406026,0.4298851252298221,0.4254489091610146,0.5,0.6303640517897944,0.6635567402894135,30,"[0, 1, 2, 3, 4, 5, 6, 7, 8, 9, 10, 11, 12, 13, 14, 15, 16, 17, 18, 19, 20, 21, 22, 23, 24, 25, 26, 27, 28, 29]","[1.1721346378326416, 1.1665115356445312, 1.1951327323913574, 1.2084224224090576, 1.1932506561279297, 1.0943678617477417, 1.22554349899292, 1.190416932106018, 1.0534244775772095, 1.212303638458252, 1.196964144706726, 1.1929432153701782, 1.2093898057937622, 1.185971736907959, 1.2129939794540405, 1.1697133779525757, 1.1856392621994019, 1.237824559211731, 1.137427806854248, 1.2083672285079956, 1.1895427703857422, 1.2017890214920044, 1.2302438020706177, 1.1494355201721191, 1.191596269607544, 1.2291513681411743, 1.1410502195358276, 1.2461069822311401, 1.175614595413208, 1.249431848526001]",sae,Pre-64
1,beta,41,0.21,0.4543678569363413,0.4427951465832617,0.4464356997465781,0.5,0.6190905384235713,0.6723234404171763,30,"[0, 1, 2, 3, 4, 5, 6, 7, 8, 9, 10, 11, 12, 13, 14, 15, 16, 17, 18, 19, 20, 21, 22, 23, 24, 25, 26, 27, 28, 29]","[1.214058518409729, 1.2666151523590088, 1.153084397315979, 1.1539883613586426, 1.133725881576538, 1.3035444021224976, 1.1907578706741333, 1.238294243812561, 1.2182891368865967, 1.2676676511764526, 1.2723971605300903, 1.2370169162750244, 1.2418776750564575, 1.2727388143539429, 1.2851272821426392, 1.227918267250061, 1.1676678657531738, 1.2384694814682007, 1.221570372581482, 1.2495849132537842, 1.1575907468795776, 1.217144250869751, 1.235468864440918, 1.2357733249664307, 1.231494665145874, 1.2206029891967773, 1.2615201473236084, 1.264623761177063, 1.2264152765274048, 1.1748723983764648]",sae,Pre-64
1,beta,6,100.0,0.4540822999211705,0.4457917896713532,0.4384936900712481,0.5,0.5933447799067053,0.6652910519198336,30,"[0, 1, 2, 3, 4, 5, 6, 7, 8, 9, 10, 11, 12, 13, 14, 15, 16, 17, 18, 19, 20, 21, 22, 23, 24, 25, 26, 27, 28, 29]","[1.2093437910079956, 1.2324018478393555, 1.1689670085906982, 1.2286028861999512, 1.1660292148590088, 1.1364821195602417, 1.1552339792251587, 1.210248351097107, 1.1588280200958252, 1.2276009321212769, 1.1634801626205444, 1.1048387289047241, 1.1711478233337402, 1.1197253465652466, 1.0116533041000366, 1.2269690036773682, 1.129739761352539, 1.1970460414886475, 1.1658244132995605, 1.1922228336334229, 1.1664220094680786, 1.1494638919830322, 1.2115159034729004, 1.2004733085632324, 1.147264838218689, 1.1653865575790405, 1.1267348527908325, 1.1380363702774048, 1.188260555267334, 1.2108981609344482]",sae,Pre-64
1,beta,1,0.21,0.4560357198099471,0.4497423189216591,0.4438383397298566,0.5,0.5964054457666336,0.6809407021768901,30,"[0, 1, 2, 3, 4, 5, 6, 7, 8, 9, 10, 11, 12, 13, 14, 15, 16, 17, 18, 19, 20, 21, 22, 23, 24, 25, 26, 27, 28, 29]","[1.3022722005844116, 1.2233343124389648, 1.2583152055740356, 1.1665438413619995, 1.2354025840759277, 1.188287615776062, 1.1751900911331177, 1.2506158351898193, 1.1780203580856323, 1.2103139162063599, 1.209871768951416, 1.2456382513046265, 1.2998944520950317, 1.1907696723937988, 1.293672800064087, 1.1284810304641724, 1.1523714065551758, 1.211694598197937, 1.2771528959274292, 1.309827446937561, 1.2979556322097778, 1.2629138231277466, 1.2399626970291138, 1.220813274383545, 1.1818158626556396, 1.2000000476837158, 1.2139991521835327, 1.225856065750122, 1.3078181743621826, 1.2237650156021118]",sae,Pre-64
1,beta,37,1000.0,0.4546908257221888,0.444978337644671,0.4248521975553931,0.5,0.6058579085235571,0.7202592918965247,30,"[0, 1, 2, 3, 4, 5, 6, 7, 8, 9, 10, 11, 12, 13, 14, 15, 16, 17, 18, 19, 20, 21, 22, 23, 24, 25, 26, 27, 28, 29]","[1.1383056640625, 1.213341236114502, 1.177707552909851, 1.16965913772583, 1.1041587591171265, 1.2045390605926514, 1.1453032493591309, 1.249243140220642, 1.2818135023117065, 1.2036993503570557, 1.1849234104156494, 1.1868669986724854, 1.214905858039856, 1.1719192266464233, 1.2408273220062256, 1.1888898611068726, 1.1841654777526855, 1.2297459840774536, 1.199540138244629, 1.1944150924682617, 1.1982941627502441, 1.2023546695709229, 1.2497965097427368, 1.2272303104400635, 1.1954416036605835, 1.2279680967330933, 1.1945136785507202, 1.198485016822815, 1.2278281450271606, 1.2478563785552979]",sae,Pre-64
1,beta,22,50.0,0.4519005213187685,0.4442985770479847,0.4367168433296196,0.5,0.5939599289403404,0.6815271356133603,30,"[0, 1, 2, 3, 4, 5, 6, 7, 8, 9, 10, 11, 12, 13, 14, 15, 16, 17, 18, 19, 20, 21, 22, 23, 24, 25, 26, 27, 28, 29]","[1.1179190874099731, 1.168941855430603, 1.1830703020095825, 1.1668369770050049, 1.2358616590499878, 1.1766568422317505, 1.1327937841415405, 1.165419340133667, 1.125562310218811, 1.1434152126312256, 1.1285946369171143, 1.224861741065979, 1.1848485469818115, 1.2125139236450195, 1.133904218673706, 1.1921454668045044, 1.203025460243225, 1.2069814205169678, 1.1357468366622925, 1.1382958889007568, 1.198440432548523, 1.1977695226669312, 1.207923412322998, 1.1743204593658447, 1.1639965772628784, 1.2263959646224976, 1.1249594688415527, 1.1282567977905273, 1.2587064504623413, 1.1409783363342285]",sae,Pre-64
1,beta,2,0.25,0.4419681213812466,0.4306250660512843,0.4183874617693258,0.5,0.6028191218064636,0.6885838317800343,30,"[0, 1, 2, 3, 4, 5, 6, 7, 8, 9, 10, 11, 12, 13, 14, 15, 16, 17, 18, 19, 20, 21, 22, 23, 24, 25, 26, 27, 28, 29]","[1.1775273084640503, 1.1914726495742798, 1.171958327293396, 1.2240012884140015, 1.1620123386383057, 1.2320517301559448, 1.202947735786438, 1.196793794631958, 1.1483399868011475, 1.1550705432891846, 1.178452491760254, 1.162418246269226, 1.1971977949142456, 1.2313306331634521, 1.2209608554840088, 1.1848608255386353, 1.2126120328903198, 1.2674076557159424, 1.2568492889404297, 1.2425479888916016, 1.1857891082763672, 1.1856884956359863, 1.2299880981445312, 1.2204982042312622, 1.1919119358062744, 1.1699587106704712, 1.2157721519470215, 1.2082362174987793, 1.0474505424499512, 1.257979393005371]",sae,Pre-64
1,beta,26,200.0,0.4502231978181314,0.4442488029476733,0.4428333068675841,0.5,0.5832450787939482,0.6475593742568525,30,"[0, 1, 2, 3, 4, 5, 6, 7, 8, 9, 10, 11, 12, 13, 14, 15, 16, 17, 18, 19, 20, 21, 22, 23, 24, 25, 26, 27, 28, 29]","[1.1555442810058594, 1.2041875123977661, 1.299892783164978, 1.115403652191162, 1.1977704763412476, 1.2426538467407227, 1.2137271165847778, 1.1166235208511353, 1.202622890472412, 1.1893163919448853, 1.098173975944519, 1.2942622900009155, 1.250457763671875, 1.2013744115829468, 1.2439463138580322, 1.1272211074829102, 1.1953763961791992, 1.1167938709259033, 1.2241944074630737, 1.2015106678009033, 1.1450039148330688, 1.2828484773635864, 1.2133245468139648, 1.2307840585708618, 1.2933491468429565, 1.3005832433700562, 1.1806293725967407, 1.226503849029541, 1.0538688898086548, 1.1579833030700684]",sae,Pre-64
1,beta,36,0.2,0.4642138821845151,0.4576483090311837,0.4548920672643469,0.5,0.6031055233182893,0.6751166059676699,30,"[0, 1, 2, 3, 4, 5, 6, 7, 8, 9, 10, 11, 12, 13, 14, 15, 16, 17, 18, 19, 20, 21, 22, 23, 24, 25, 26, 27, 28, 29]","[1.2348644733428955, 1.1980445384979248, 1.1872724294662476, 1.2196413278579712, 1.117007851600647, 1.2456361055374146, 1.1951966285705566, 1.2179450988769531, 1.2561635971069336, 1.1290277242660522, 1.1651530265808105, 1.2594677209854126, 1.178199052810669, 1.1944823265075684, 1.2194594144821167, 1.2659446001052856, 1.230409026145935, 1.1981167793273926, 1.2523765563964844, 1.1749258041381836, 1.2296074628829956, 1.1840438842773438, 1.2086530923843384, 1.1807500123977661, 1.2507976293563843, 1.2001407146453857, 1.2022525072097778, 1.2018214464187622, 1.2350994348526, 1.158319115638733]",sae,Pre-64
1,beta,9,50.0,0.448644851968101,0.4348910401892977,0.4360522601114652,0.5,0.6286670530281078,0.67439727615184,30,"[0, 1, 2, 3, 4, 5, 6, 7, 8, 9, 10, 11, 12, 13, 14, 15, 16, 17, 18, 19, 20, 21, 22, 23, 24, 25, 26, 27, 28, 29]","[1.2153398990631104, 1.1627874374389648, 1.2425429821014404, 1.2238517999649048, 1.1654289960861206, 1.0477313995361328, 1.2183655500411987, 1.1352207660675049, 1.2167727947235107, 1.1058458089828491, 1.2178144454956055, 1.1729799509048462, 1.177621603012085, 1.2170661687850952, 1.2525821924209595, 1.1896530389785767, 1.1452741622924805, 1.2327814102172852, 1.2428123950958252, 1.1500693559646606, 1.2273743152618408, 1.2386215925216675, 1.1544575691223145, 1.2277216911315918, 1.2480170726776123, 1.2276045083999634, 1.1016136407852173, 1.0502220392227173, 1.1683142185211182, 1.2417500019073486]",sae,Pre-64
1,beta,24,20.0,0.4501416387440968,0.4383559369047743,0.4372779589275432,0.5,0.6188330126613704,0.6395171300893744,30,"[0, 1, 2, 3, 4, 5, 6, 7, 8, 9, 10, 11, 12, 13, 14, 15, 16, 17, 18, 19, 20, 21, 22, 23, 24, 25, 26, 27, 28, 29]","[1.2124673128128052, 1.1755998134613037, 1.1868178844451904, 1.2273244857788086, 1.242689609527588, 1.1841548681259155, 1.1860560178756714, 1.1832525730133057, 1.2021790742874146, 1.0739104747772217, 1.2058616876602173, 1.1563575267791748, 1.2078834772109985, 1.2294706106185913, 1.1749554872512817, 1.1637247800827026, 1.237532138824463, 1.0551373958587646, 1.169660210609436, 1.2379261255264282, 1.2216182947158813, 1.238648533821106, 1.1921476125717163, 1.2000505924224854, 1.1518317461013794, 1.1153621673583984, 1.1851884126663208, 1.1612211465835571, 1.239385962486267, 1.1791527271270752]",sae,Pre-64
1,beta,22,0.2,0.4519005213187685,0.4442985770479847,0.4398732190737021,0.5,0.5939599289403404,0.681375663243097,30,"[0, 1, 2, 3, 4, 5, 6, 7, 8, 9, 10, 11, 12, 13, 14, 15, 16, 17, 18, 19, 20, 21, 22, 23, 24, 25, 26, 27, 28, 29]","[1.200179934501648, 1.2584741115570068, 1.266332745552063, 1.2544867992401123, 1.3202015161514282, 1.249648094177246, 1.2204666137695312, 1.2352769374847412, 1.2040104866027832, 1.2308963537216187, 1.2033764123916626, 1.3098372220993042, 1.2640811204910278, 1.2951396703720093, 1.2017236948013306, 1.2735505104064941, 1.2879327535629272, 1.2767943143844604, 1.2033156156539917, 1.2154470682144165, 1.2783690690994263, 1.275262713432312, 1.2837649583816528, 1.2452752590179443, 1.2505289316177368, 1.3081703186035156, 1.203994870185852, 1.208908200263977, 1.3407059907913208, 1.2065143585205078]",sae,Pre-64
1,beta,4,500.0,0.4589558369307028,0.4477177462853796,0.4493181864938039,0.5,0.61034827708266,0.6615802514735983,30,"[0, 1, 2, 3, 4, 5, 6, 7, 8, 9, 10, 11, 12, 13, 14, 15, 16, 17, 18, 19, 20, 21, 22, 23, 24, 25, 26, 27, 28, 29]","[1.1777721643447876, 1.1554479598999023, 1.123734712600708, 1.2367613315582275, 1.1010112762451172, 1.1309430599212646, 1.145643711090088, 1.1165508031845093, 1.1993235349655151, 1.1947863101959229, 1.1990617513656616, 1.1123532056808472, 1.2366323471069336, 1.1637712717056274, 1.1139233112335205, 1.1837881803512573, 1.1833724975585938, 1.168279767036438, 1.1406776905059814, 1.2084177732467651, 1.1869065761566162, 1.2237598896026611, 1.1760855913162231, 1.0962145328521729, 1.1903668642044067, 1.1116077899932861, 1.1601639986038208, 1.1707360744476318, 1.2161426544189453, 1.1170037984848022]",sae,Pre-64
1,beta,48,100.0,0.4556814132376,0.4510566266980289,0.4515310566920426,0.5,0.5923878577171784,0.5876994552846448,30,"[0, 1, 2, 3, 4, 5, 6, 7, 8, 9, 10, 11, 12, 13, 14, 15, 16, 17, 18, 19, 20, 21, 22, 23, 24, 25, 26, 27, 28, 29]","[1.314848780632019, 1.2628027200698853, 1.241004228591919, 1.2374732494354248, 1.2198200225830078, 1.1986083984375, 1.2501070499420166, 1.1745821237564087, 1.2252157926559448, 1.2332372665405273, 1.2725598812103271, 1.2326319217681885, 1.2322970628738403, 1.2276474237442017, 1.1980329751968384, 1.24959397315979, 1.2403693199157715, 1.2576123476028442, 1.2807153463363647, 1.1356396675109863, 1.2306994199752808, 1.2764241695404053, 1.2865550518035889, 1.136379361152649, 1.2335848808288574, 1.253692626953125, 1.2959669828414917, 1.2499793767929077, 1.2189946174621582, 1.252404808998108]",sae,Pre-64
1,beta,8,0.2,0.4517491928182039,0.4406431065890545,0.435087654693021,0.5,0.6098144493254953,0.6772224698117613,30,"[0, 1, 2, 3, 4, 5, 6, 7, 8, 9, 10, 11, 12, 13, 14, 15, 16, 17, 18, 19, 20, 21, 22, 23, 24, 25, 26, 27, 28, 29]","[1.1517237424850464, 1.2513231039047241, 1.20405113697052, 1.2244267463684082, 1.2732356786727905, 1.2135533094406128, 1.2588911056518555, 1.1934397220611572, 1.2347180843353271, 1.246047019958496, 1.2668038606643677, 1.2186086177825928, 1.2180979251861572, 1.2344756126403809, 1.2522181272506714, 1.1921536922454834, 1.2113107442855835, 1.2265863418579102, 1.1558054685592651, 1.181010127067566, 1.1780164241790771, 1.1600817441940308, 1.2591921091079712, 1.191359043121338, 1.2543203830718994, 1.2590179443359375, 1.168691635131836, 1.2548253536224365, 1.226973056793213, 1.2008392810821533]",sae,Pre-64
1,beta,43,2.0,0.4515364523902173,0.4432102910589974,0.427686854122153,0.5,0.6060785767234989,0.6967279466271312,30,"[0, 1, 2, 3, 4, 5, 6, 7, 8, 9, 10, 11, 12, 13, 14, 15, 16, 17, 18, 19, 20, 21, 22, 23, 24, 25, 26, 27, 28, 29]","[1.2137269973754883, 1.2966495752334595, 1.2138888835906982, 1.1676738262176514, 1.2102769613265991, 1.1480684280395508, 1.1920170783996582, 1.177064299583435, 1.259727120399475, 1.1724348068237305, 1.1425949335098267, 1.2585235834121704, 1.2058279514312744, 1.1739577054977417, 1.1621994972229004, 1.0888837575912476, 1.250617504119873, 1.1916553974151611, 1.2415788173675537, 1.2100411653518677, 1.173439860343933, 1.1695396900177002, 1.238284707069397, 1.2358100414276123, 1.1332714557647705, 1.2508617639541626, 1.267849326133728, 1.178114891052246, 1.2484055757522583, 1.2684884071350098]",sae,Pre-64
1,beta,9,1.5,0.448644851968101,0.4348910401892977,0.4343106983810037,0.5,0.6286670530281078,0.67439727615184,30,"[0, 1, 2, 3, 4, 5, 6, 7, 8, 9, 10, 11, 12, 13, 14, 15, 16, 17, 18, 19, 20, 21, 22, 23, 24, 25, 26, 27, 28, 29]","[1.2153398990631104, 1.1627874374389648, 1.2425429821014404, 1.2238517999649048, 1.1654289960861206, 1.0477313995361328, 1.2183655500411987, 1.1352207660675049, 1.2167727947235107, 1.1058458089828491, 1.2178144454956055, 1.1729799509048462, 1.177621603012085, 1.2170661687850952, 1.2525821924209595, 1.1896530389785767, 1.1452741622924805, 1.2327814102172852, 1.2428123950958252, 1.1500693559646606, 1.2273743152618408, 1.2386215925216675, 1.1544575691223145, 1.2277216911315918, 1.2480170726776123, 1.2276045083999634, 1.1016136407852173, 1.0502220392227173, 1.1683142185211182, 1.2417500019073486]",sae,Pre-64
1,beta,20,100.0,0.4408022875601419,0.4262939306313442,0.4278751646727485,0.5,0.6176087118064704,0.6488779225692263,30,"[0, 1, 2, 3, 4, 5, 6, 7, 8, 9, 10, 11, 12, 13, 14, 15, 16, 17, 18, 19, 20, 21, 22, 23, 24, 25, 26, 27, 28, 29]","[1.1888443231582642, 1.2588075399398804, 1.2090791463851929, 1.276505947113037, 1.265021800994873, 1.2415491342544556, 1.253626823425293, 1.1762081384658813, 1.2560367584228516, 1.204184651374817, 1.1926451921463013, 1.1942633390426636, 1.285210132598877, 1.1553280353546143, 1.1849594116210938, 1.2904577255249023, 1.1613073348999023, 1.195784091949463, 1.2340788841247559, 1.2251707315444946, 1.236037015914917, 1.167548418045044, 1.2559117078781128, 1.2980648279190063, 1.249900221824646, 1.1806350946426392, 1.2032898664474487, 1.2339420318603516, 1.1950137615203857, 1.2724168300628662]",sae,Pre-64
1,beta,46,1.0,0.4545712902572906,0.4417269056853911,0.4389288763431863,0.5,0.6270377926330811,0.6841009761445498,30,"[0, 1, 2, 3, 4, 5, 6, 7, 8, 9, 10, 11, 12, 13, 14, 15, 16, 17, 18, 19, 20, 21, 22, 23, 24, 25, 26, 27, 28, 29]","[1.154767394065857, 1.227081537246704, 1.2429275512695312, 1.2448883056640625, 1.1829752922058105, 1.2766703367233276, 1.184883952140808, 1.2525430917739868, 1.2228230237960815, 1.2935329675674438, 1.0590815544128418, 1.1557743549346924, 1.295918583869934, 1.1653231382369995, 1.2226365804672241, 1.2752548456192017, 1.2336431741714478, 1.2529560327529907, 1.253047227859497, 1.2707768678665161, 1.200863003730774, 1.2171014547348022, 1.2470494508743286, 1.232546091079712, 1.2547560930252075, 1.260716199874878, 1.2299758195877075, 1.279518485069275, 1.224043607711792, 1.2248477935791016]",sae,Pre-64
1,beta,31,0.25,0.4497611378811508,0.4308970333737342,0.4257749154555847,0.5,0.642735734520437,0.7068234375903335,30,"[0, 1, 2, 3, 4, 5, 6, 7, 8, 9, 10, 11, 12, 13, 14, 15, 16, 17, 18, 19, 20, 21, 22, 23, 24, 25, 26, 27, 28, 29]","[1.1868829727172852, 1.1684132814407349, 1.1411691904067993, 1.1192221641540527, 1.1979950666427612, 1.2012416124343872, 1.1268763542175293, 1.1949924230575562, 1.1851063966751099, 1.1678438186645508, 1.1846915483474731, 1.1878143548965454, 1.2181352376937866, 1.073760986328125, 1.2400416135787964, 1.1805418729782104, 1.1810487508773804, 1.162557601928711, 1.1839708089828491, 1.1404868364334106, 1.2300362586975098, 1.1923527717590332, 1.2170655727386475, 1.2127258777618408, 1.1911245584487915, 1.1909171342849731, 1.1074947118759155, 1.2370617389678955, 1.1450209617614746, 1.2102415561676025]",sae,Pre-64
1,beta,15,75.0,0.4529015220185267,0.4424399871594601,0.4300215896187788,0.5,0.6161071485640408,0.710238382312352,30,"[0, 1, 2, 3, 4, 5, 6, 7, 8, 9, 10, 11, 12, 13, 14, 15, 16, 17, 18, 19, 20, 21, 22, 23, 24, 25, 26, 27, 28, 29]","[1.17221999168396, 1.125728726387024, 1.1524420976638794, 1.18513822555542, 1.1932274103164673, 1.1606303453445435, 1.152201533317566, 1.1706732511520386, 1.198472023010254, 1.2162184715270996, 1.1902236938476562, 1.1268775463104248, 1.2425992488861084, 1.2129015922546387, 1.1411244869232178, 1.1768995523452759, 1.151627540588379, 1.2215334177017212, 1.1259431838989258, 1.195621132850647, 1.2451423406600952, 1.2243961095809937, 1.1661878824234009, 1.1994489431381226, 1.127516269683838, 1.0478888750076294, 1.2014273405075073, 1.2476288080215454, 1.165405511856079, 1.1883403062820435]",sae,Pre-64
1,beta,34,100.0,0.4568527557813058,0.4470225010708758,0.4413985530215953,0.5,0.6011606799053854,0.6760287318218534,30,"[0, 1, 2, 3, 4, 5, 6, 7, 8, 9, 10, 11, 12, 13, 14, 15, 16, 17, 18, 19, 20, 21, 22, 23, 24, 25, 26, 27, 28, 29]","[1.137890338897705, 1.2171109914779663, 1.2127997875213623, 1.1824638843536377, 1.152029275894165, 1.1444475650787354, 1.1735047101974487, 1.0769213438034058, 1.1361875534057617, 1.1606651544570923, 1.2005587816238403, 1.015907645225525, 1.1853113174438477, 1.0790728330612183, 1.1112900972366333, 1.1400375366210938, 1.2139219045639038, 1.2259365320205688, 1.1806495189666748, 1.1336230039596558, 1.175050139427185, 1.2325819730758667, 1.1709409952163696, 1.1730239391326904, 1.1460753679275513, 1.094346284866333, 1.2428449392318726, 1.229536533355713, 1.2293792963027954, 1.190686821937561]",sae,Pre-64
1,beta,40,200.0,0.44666181227492,0.4340193094910912,0.4277079325824439,0.5,0.6093636266731638,0.6687813123391555,30,"[0, 1, 2, 3, 4, 5, 6, 7, 8, 9, 10, 11, 12, 13, 14, 15, 16, 17, 18, 19, 20, 21, 22, 23, 24, 25, 26, 27, 28, 29]","[1.2192795276641846, 1.1627495288848877, 1.1719245910644531, 1.11849045753479, 1.135270118713379, 1.1779391765594482, 1.1913443803787231, 1.1937462091445923, 1.2064859867095947, 1.201514720916748, 1.149951457977295, 1.1584373712539673, 1.2228493690490723, 1.112459421157837, 1.1239572763442993, 1.2368988990783691, 1.1208115816116333, 1.179778814315796, 1.1400268077850342, 1.1179053783416748, 1.1553407907485962, 1.1589585542678833, 1.194280743598938, 1.1646192073822021, 1.205991506576538, 1.145589828491211, 1.2156630754470825, 1.108210802078247, 1.2394895553588867, 1.1593530178070068]",sae,Pre-64
1,beta,12,0.75,0.4455148672091349,0.4361346773072694,0.4029199122890232,0.5,0.5892778403611032,0.732179722690948,30,"[0, 1, 2, 3, 4, 5, 6, 7, 8, 9, 10, 11, 12, 13, 14, 15, 16, 17, 18, 19, 20, 21, 22, 23, 24, 25, 26, 27, 28, 29]","[1.1510069370269775, 1.238104224205017, 1.1669384241104126, 1.0727007389068604, 1.2094347476959229, 1.160822868347168, 1.1686755418777466, 1.231000304222107, 1.250001072883606, 1.1482594013214111, 1.1463829278945923, 1.2851383686065674, 1.1506091356277466, 1.2207391262054443, 1.1269334554672241, 1.2875975370407104, 1.111490249633789, 1.2468537092208862, 1.1965770721435547, 1.2625105381011963, 1.2613308429718018, 1.1978631019592285, 1.1764955520629883, 1.2832802534103394, 1.261273980140686, 1.1248352527618408, 1.2639222145080566, 1.2385042905807495, 1.1889654397964478, 1.2939741611480713]",sae,Pre-64
1,beta,12,200.0,0.4455148672091349,0.4361346773072694,0.4067994034030875,0.5,0.5892778403611032,0.732179722690948,30,"[0, 1, 2, 3, 4, 5, 6, 7, 8, 9, 10, 11, 12, 13, 14, 15, 16, 17, 18, 19, 20, 21, 22, 23, 24, 25, 26, 27, 28, 29]","[1.1510069370269775, 1.238104224205017, 1.1669384241104126, 1.0727007389068604, 1.2094347476959229, 1.160822868347168, 1.1686755418777466, 1.231000304222107, 1.250001072883606, 1.1482594013214111, 1.1463829278945923, 1.2851383686065674, 1.1506091356277466, 1.2207391262054443, 1.1269334554672241, 1.2875975370407104, 1.111490249633789, 1.2468537092208862, 1.1965770721435547, 1.2625105381011963, 1.2613308429718018, 1.1978631019592285, 1.1764955520629883, 1.2832802534103394, 1.261273980140686, 1.1248352527618408, 1.2639222145080566, 1.2385042905807495, 1.1889654397964478, 1.2939741611480713]",sae,Pre-64
1,beta,36,50.0,0.4642138821845151,0.4576483090311837,0.4535059149965175,0.5,0.6031055233182893,0.6753925104988936,30,"[0, 1, 2, 3, 4, 5, 6, 7, 8, 9, 10, 11, 12, 13, 14, 15, 16, 17, 18, 19, 20, 21, 22, 23, 24, 25, 26, 27, 28, 29]","[1.1789084672927856, 1.1453419923782349, 1.1322602033615112, 1.1648893356323242, 1.0651395320892334, 1.1846054792404175, 1.141721487045288, 1.157162070274353, 1.1999086141586304, 1.0772851705551147, 1.1159154176712036, 1.2064303159713745, 1.127974510192871, 1.1429641246795654, 1.1640619039535522, 1.2071683406829834, 1.1763486862182617, 1.1451680660247803, 1.1947323083877563, 1.1258301734924316, 1.1810296773910522, 1.130793571472168, 1.1566245555877686, 1.1185775995254517, 1.1979726552963257, 1.140467643737793, 1.1513619422912598, 1.1503264904022217, 1.1800856590270996, 1.1112136840820312]",sae,Pre-64
1,beta,25,0.75,0.4465066892532915,0.4352791138475453,0.4334909471866753,0.5,0.6270054355300688,0.6624963374453606,30,"[0, 1, 2, 3, 4, 5, 6, 7, 8, 9, 10, 11, 12, 13, 14, 15, 16, 17, 18, 19, 20, 21, 22, 23, 24, 25, 26, 27, 28, 29]","[1.2607066631317139, 1.258432149887085, 1.183114767074585, 1.2704614400863647, 1.2683497667312622, 1.2654110193252563, 1.1511918306350708, 1.181491494178772, 1.2377278804779053, 1.1346848011016846, 1.273554801940918, 1.1920850276947021, 1.269580602645874, 1.2003099918365479, 1.1804577112197876, 1.2085962295532227, 1.0686769485473633, 1.1261707544326782, 1.168447494506836, 1.2017544507980347, 1.29465913772583, 1.1039777994155884, 1.2437248229980469, 1.2124409675598145, 1.236135721206665, 1.1937378644943237, 1.299067735671997, 1.2642874717712402, 1.2824203968048096, 1.139086365699768]",sae,Pre-64
1,beta,15,2.0,0.4529015220185267,0.4424399871594601,0.4251813774997029,0.5,0.6161071485640408,0.710238382312352,30,"[0, 1, 2, 3, 4, 5, 6, 7, 8, 9, 10, 11, 12, 13, 14, 15, 16, 17, 18, 19, 20, 21, 22, 23, 24, 25, 26, 27, 28, 29]","[1.17221999168396, 1.125728726387024, 1.1524420976638794, 1.18513822555542, 1.1932274103164673, 1.1606303453445435, 1.152201533317566, 1.1706732511520386, 1.198472023010254, 1.2162184715270996, 1.1902236938476562, 1.1268775463104248, 1.2425992488861084, 1.2129015922546387, 1.1411244869232178, 1.1768995523452759, 1.151627540588379, 1.2215334177017212, 1.1259431838989258, 1.195621132850647, 1.2451423406600952, 1.2243961095809937, 1.1661878824234009, 1.1994489431381226, 1.127516269683838, 1.0478888750076294, 1.2014273405075073, 1.2476288080215454, 1.165405511856079, 1.1883403062820435]",sae,Pre-64
1,beta,42,0.4,0.4546678683050885,0.4407690563496341,0.4369025408368608,0.5,0.6336081445133979,0.6603511208928656,30,"[0, 1, 2, 3, 4, 5, 6, 7, 8, 9, 10, 11, 12, 13, 14, 15, 16, 17, 18, 19, 20, 21, 22, 23, 24, 25, 26, 27, 28, 29]","[1.2767118215560913, 1.1509020328521729, 1.2741888761520386, 1.2517021894454956, 1.16533625125885, 1.2553739547729492, 1.1647206544876099, 1.148014783859253, 1.1693377494812012, 1.2613091468811035, 1.2386943101882935, 1.2795376777648926, 1.1614588499069214, 1.0049147605895996, 1.2809103727340698, 1.1924101114273071, 1.141250491142273, 1.1302461624145508, 1.240049958229065, 1.2147595882415771, 1.1706880331039429, 1.1570767164230347, 1.171014428138733, 1.1616032123565674, 1.189007043838501, 1.1533206701278687, 1.2752232551574707, 1.16252863407135, 1.2145106792449951, 1.1530125141143799]",sae,Pre-64
1,beta,46,500.0,0.4545712902572906,0.4417269056853911,0.4421724236010882,0.5,0.6270377926330811,0.6841009761445498,30,"[0, 1, 2, 3, 4, 5, 6, 7, 8, 9, 10, 11, 12, 13, 14, 15, 16, 17, 18, 19, 20, 21, 22, 23, 24, 25, 26, 27, 28, 29]","[1.154767394065857, 1.227081537246704, 1.2429275512695312, 1.2448883056640625, 1.1829752922058105, 1.2766703367233276, 1.184883952140808, 1.2525430917739868, 1.2228230237960815, 1.2935329675674438, 1.0590815544128418, 1.1557743549346924, 1.295918583869934, 1.1653231382369995, 1.2226365804672241, 1.2752548456192017, 1.2336431741714478, 1.2529560327529907, 1.253047227859497, 1.2707768678665161, 1.200863003730774, 1.2171014547348022, 1.2470494508743286, 1.232546091079712, 1.2547560930252075, 1.260716199874878, 1.2299758195877075, 1.279518485069275, 1.224043607711792, 1.2248477935791016]",sae,Pre-64
1,beta,40,0.75,0.44666181227492,0.4340193094910912,0.4271420248533151,0.5,0.6093636266731638,0.6687813123391555,30,"[0, 1, 2, 3, 4, 5, 6, 7, 8, 9, 10, 11, 12, 13, 14, 15, 16, 17, 18, 19, 20, 21, 22, 23, 24, 25, 26, 27, 28, 29]","[1.2192795276641846, 1.1627495288848877, 1.1719245910644531, 1.11849045753479, 1.135270118713379, 1.1779391765594482, 1.1913443803787231, 1.1937462091445923, 1.2064859867095947, 1.201514720916748, 1.149951457977295, 1.1584373712539673, 1.2228493690490723, 1.112459421157837, 1.1239572763442993, 1.2368988990783691, 1.1208115816116333, 1.179778814315796, 1.1400268077850342, 1.1179053783416748, 1.1553407907485962, 1.1589585542678833, 1.194280743598938, 1.1646192073822021, 1.205991506576538, 1.145589828491211, 1.2156630754470825, 1.108210802078247, 1.2394895553588867, 1.1593530178070068]",sae,Pre-64
1,beta,32,500.0,0.4555596844830426,0.4475674839123162,0.4492300446790436,0.5,0.5924839124839124,0.6273726788012502,30,"[0, 1, 2, 3, 4, 5, 6, 7, 8, 9, 10, 11, 12, 13, 14, 15, 16, 17, 18, 19, 20, 21, 22, 23, 24, 25, 26, 27, 28, 29]","[1.28597891330719, 1.1913915872573853, 1.2832305431365967, 1.218367338180542, 1.2208343744277954, 1.3007514476776123, 1.2324695587158203, 1.1970856189727783, 1.2136499881744385, 1.2141656875610352, 1.2057666778564453, 1.2006953954696655, 1.2301374673843384, 1.1585408449172974, 1.1468251943588257, 1.169873833656311, 1.1970511674880981, 1.2234464883804321, 1.1713792085647583, 1.2120120525360107, 1.2902600765228271, 1.2123761177062988, 1.170460820198059, 1.290606141090393, 1.2252774238586426, 1.167966604232788, 1.2753394842147827, 1.0860527753829956, 1.292422890663147, 1.2855812311172485]",sae,Pre-64
1,beta,18,1.0,0.4575117633693479,0.4471831599677374,0.4182839141236465,0.5,0.6052065040104606,0.7279783219994782,30,"[0, 1, 2, 3, 4, 5, 6, 7, 8, 9, 10, 11, 12, 13, 14, 15, 16, 17, 18, 19, 20, 21, 22, 23, 24, 25, 26, 27, 28, 29]","[1.08156156539917, 1.1808451414108276, 1.2274887561798096, 1.1775970458984375, 1.1839946508407593, 1.1783868074417114, 1.302558422088623, 1.1474957466125488, 1.2003755569458008, 1.1137614250183105, 1.279771089553833, 1.1947054862976074, 1.217077374458313, 1.243087649345398, 1.1674503087997437, 1.1044795513153076, 1.2428091764450073, 1.1572407484054565, 1.1403177976608276, 1.0754040479660034, 1.2844663858413696, 1.1361045837402344, 1.2445805072784424, 1.2017990350723267, 1.1962649822235107, 1.1700507402420044, 1.2117968797683716, 1.2385376691818237, 1.2291908264160156, 1.181313395500183]",sae,Pre-64
1,beta,17,0.25,0.4599327030141671,0.4513468217402507,0.439526174619726,0.5,0.6120635717004715,0.7004933997033476,30,"[0, 1, 2, 3, 4, 5, 6, 7, 8, 9, 10, 11, 12, 13, 14, 15, 16, 17, 18, 19, 20, 21, 22, 23, 24, 25, 26, 27, 28, 29]","[1.3037933111190796, 1.202704668045044, 1.2209168672561646, 1.261726975440979, 1.2987931966781616, 1.1944509744644165, 1.2674143314361572, 1.1576138734817505, 1.2254416942596436, 1.2166718244552612, 1.2724049091339111, 1.2878950834274292, 1.238547921180725, 1.293650507926941, 1.2265697717666626, 1.2364047765731812, 1.2981315851211548, 1.2354322671890259, 1.2720890045166016, 1.2475521564483643, 1.175729513168335, 1.249924659729004, 1.1148098707199097, 1.231745958328247, 1.2091094255447388, 1.2185784578323364, 1.2133740186691284, 1.238875150680542, 1.1950291395187378, 1.2780461311340332]",sae,Pre-64
1,beta,18,500.0,0.4575117633693479,0.4471831599677374,0.4182839141236465,0.5,0.6052065040104606,0.7279783219994782,30,"[0, 1, 2, 3, 4, 5, 6, 7, 8, 9, 10, 11, 12, 13, 14, 15, 16, 17, 18, 19, 20, 21, 22, 23, 24, 25, 26, 27, 28, 29]","[1.08156156539917, 1.1808451414108276, 1.2274887561798096, 1.1775970458984375, 1.1839946508407593, 1.1783868074417114, 1.302558422088623, 1.1474957466125488, 1.2003755569458008, 1.1137614250183105, 1.279771089553833, 1.1947054862976074, 1.217077374458313, 1.243087649345398, 1.1674503087997437, 1.1044795513153076, 1.2428091764450073, 1.1572407484054565, 1.1403177976608276, 1.0754040479660034, 1.2844663858413696, 1.1361045837402344, 1.2445805072784424, 1.2017990350723267, 1.1962649822235107, 1.1700507402420044, 1.2117968797683716, 1.2385376691818237, 1.2291908264160156, 1.181313395500183]",sae,Pre-64
1,beta,5,10.0,0.4445517550333296,0.4301735816232515,0.420831148296135,0.5,0.6070910659257547,0.6842133226655333,30,"[0, 1, 2, 3, 4, 5, 6, 7, 8, 9, 10, 11, 12, 13, 14, 15, 16, 17, 18, 19, 20, 21, 22, 23, 24, 25, 26, 27, 28, 29]","[1.204357385635376, 1.1163825988769531, 1.1249853372573853, 1.2326985597610474, 1.2355924844741821, 1.143419623374939, 1.1704707145690918, 1.1541118621826172, 1.2013881206512451, 1.1368167400360107, 1.2147825956344604, 1.2316826581954956, 1.1647292375564575, 1.1742970943450928, 1.2483549118041992, 1.1848121881484985, 1.1945708990097046, 1.215935230255127, 1.0952128171920776, 1.1795579195022583, 1.241766095161438, 1.18599534034729, 1.2278627157211304, 1.1371809244155884, 1.1636097431182861, 1.2409509420394897, 1.11619234085083, 1.1437363624572754, 1.2238935232162476, 1.1628071069717407]",sae,Pre-64
1,beta,3,0.25,0.4557259332451328,0.444824285747971,0.4481926684982572,0.5,0.6042731979176,0.6517472329576497,30,"[0, 1, 2, 3, 4, 5, 6, 7, 8, 9, 10, 11, 12, 13, 14, 15, 16, 17, 18, 19, 20, 21, 22, 23, 24, 25, 26, 27, 28, 29]","[1.2530053853988647, 1.2808490991592407, 1.2663288116455078, 1.1885497570037842, 1.2603908777236938, 1.261265516281128, 1.2488363981246948, 1.2794643640518188, 1.0720157623291016, 1.3166453838348389, 1.2017245292663574, 1.3089854717254639, 1.248916506767273, 1.19395911693573, 1.320736289024353, 1.2587782144546509, 1.2618170976638794, 1.27053701877594, 1.2034173011779785, 1.2215559482574463, 1.164623498916626, 1.2385715246200562, 1.2251163721084595, 1.3295947313308716, 1.2970032691955566, 1.2446889877319336, 1.2555915117263794, 1.2390131950378418, 1.297511100769043, 1.235642671585083]",sae,Pre-64
1,beta,49,3.0,0.462130925118617,0.4524487678230295,0.4431288367671607,0.5,0.6141152509743157,0.6817230713245997,30,"[0, 1, 2, 3, 4, 5, 6, 7, 8, 9, 10, 11, 12, 13, 14, 15, 16, 17, 18, 19, 20, 21, 22, 23, 24, 25, 26, 27, 28, 29]","[1.1816726922988892, 1.2170988321304321, 1.2116214036941528, 1.200257420539856, 1.1416643857955933, 1.1891062259674072, 1.246652603149414, 1.1470645666122437, 1.2520469427108765, 1.2268033027648926, 1.168094277381897, 1.1698029041290283, 1.2142579555511475, 1.222419023513794, 1.2369354963302612, 1.197393536567688, 1.2860667705535889, 1.2591131925582886, 1.1340359449386597, 1.2283560037612915, 1.2687814235687256, 1.1859486103057861, 1.263270378112793, 1.2230288982391357, 1.1918312311172485, 1.2190265655517578, 1.2284297943115234, 1.191718339920044, 1.0950191020965576, 1.1822810173034668]",sae,Pre-64
1,beta,42,5.0,0.4546678683050885,0.4407690563496341,0.4343560194081226,0.5,0.6336081445133979,0.6603511208928656,30,"[0, 1, 2, 3, 4, 5, 6, 7, 8, 9, 10, 11, 12, 13, 14, 15, 16, 17, 18, 19, 20, 21, 22, 23, 24, 25, 26, 27, 28, 29]","[1.2767118215560913, 1.1509020328521729, 1.2741888761520386, 1.2517021894454956, 1.16533625125885, 1.2553739547729492, 1.1647206544876099, 1.148014783859253, 1.1693377494812012, 1.2613091468811035, 1.2386943101882935, 1.2795376777648926, 1.1614588499069214, 1.0049147605895996, 1.2809103727340698, 1.1924101114273071, 1.141250491142273, 1.1302461624145508, 1.240049958229065, 1.2147595882415771, 1.1706880331039429, 1.1570767164230347, 1.171014428138733, 1.1616032123565674, 1.189007043838501, 1.1533206701278687, 1.2752232551574707, 1.16252863407135, 1.2145106792449951, 1.1530125141143799]",sae,Pre-64
1,beta,30,2.0,0.4638407167611665,0.4544841508273655,0.4349917136696578,0.5,0.6043368975359404,0.6920299717760999,30,"[0, 1, 2, 3, 4, 5, 6, 7, 8, 9, 10, 11, 12, 13, 14, 15, 16, 17, 18, 19, 20, 21, 22, 23, 24, 25, 26, 27, 28, 29]","[1.234999656677246, 1.1741113662719727, 1.2121046781539917, 1.183706521987915, 1.188236951828003, 1.1696803569793701, 1.186059832572937, 1.151381492614746, 1.14472234249115, 1.1600751876831055, 1.2435591220855713, 1.1388177871704102, 1.1140148639678955, 1.1526716947555542, 1.2056300640106201, 1.2250553369522095, 1.1707159280776978, 1.1746101379394531, 1.240835428237915, 1.1718575954437256, 1.142357349395752, 1.105589747428894, 1.171762228012085, 1.1619601249694824, 1.262255311012268, 1.1716129779815674, 1.202602505683899, 1.1705881357192993, 1.21686589717865, 1.1907846927642822]",sae,Pre-64
1,beta,2,2.0,0.4419681213812466,0.4306250660512843,0.4158323179619929,0.5,0.6028191218064636,0.6886562804284323,30,"[0, 1, 2, 3, 4, 5, 6, 7, 8, 9, 10, 11, 12, 13, 14, 15, 16, 17, 18, 19, 20, 21, 22, 23, 24, 25, 26, 27, 28, 29]","[1.1491129398345947, 1.1618432998657227, 1.1426033973693848, 1.191449761390686, 1.1310452222824097, 1.2005151510238647, 1.17189359664917, 1.1661605834960938, 1.12075674533844, 1.1253643035888672, 1.1488215923309326, 1.1343861818313599, 1.16419517993927, 1.20036780834198, 1.190604567527771, 1.1571122407913208, 1.179641604423523, 1.2343209981918335, 1.221923589706421, 1.2101647853851318, 1.1568256616592407, 1.1531498432159424, 1.1994770765304565, 1.1852316856384277, 1.1635690927505493, 1.1419733762741089, 1.1855614185333252, 1.1774711608886719, 1.0223711729049683, 1.220582127571106]",sae,Pre-64
1,beta,25,20.0,0.4465066892532915,0.4352791138475453,0.4293754484904472,0.5,0.6270054355300688,0.6623169470140464,30,"[0, 1, 2, 3, 4, 5, 6, 7, 8, 9, 10, 11, 12, 13, 14, 15, 16, 17, 18, 19, 20, 21, 22, 23, 24, 25, 26, 27, 28, 29]","[1.2349497079849243, 1.2300689220428467, 1.1594949960708618, 1.2379430532455444, 1.2391033172607422, 1.2348957061767578, 1.1245805025100708, 1.155241847038269, 1.2080327272415161, 1.1094435453414917, 1.245295763015747, 1.160856008529663, 1.2375980615615845, 1.172969102859497, 1.15664803981781, 1.1831228733062744, 1.0464048385620117, 1.1029119491577148, 1.1445536613464355, 1.177851676940918, 1.2662200927734375, 1.0758339166641235, 1.214041829109192, 1.1855113506317139, 1.210127353668213, 1.1676115989685059, 1.270385980606079, 1.2399115562438965, 1.2544312477111816, 1.10956871509552]",sae,Pre-64
1,beta,27,200.0,0.4609757262074365,0.4537266978541116,0.4516783014725056,0.5,0.5914172664146189,0.6586614698443567,30,"[0, 1, 2, 3, 4, 5, 6, 7, 8, 9, 10, 11, 12, 13, 14, 15, 16, 17, 18, 19, 20, 21, 22, 23, 24, 25, 26, 27, 28, 29]","[1.2290319204330444, 1.2658694982528687, 1.2246942520141602, 1.2191146612167358, 1.2526310682296753, 1.1830732822418213, 1.2688981294631958, 1.1652835607528687, 1.2092324495315552, 1.1985894441604614, 1.1707059144973755, 1.268323302268982, 1.2084215879440308, 1.1814098358154297, 1.2069700956344604, 1.1506013870239258, 1.180336356163025, 1.2344633340835571, 1.2088221311569214, 1.1903407573699951, 1.2684584856033325, 1.2527191638946533, 1.1786249876022339, 1.1301987171173096, 1.2132477760314941, 1.2670561075210571, 1.1951019763946533, 1.2304065227508545, 1.1527602672576904, 1.2162050008773804]",sae,Pre-64
1,beta,1,0.4,0.4560357198099471,0.4497423189216591,0.441465593248013,0.5,0.5964054457666336,0.68094070217689,30,"[0, 1, 2, 3, 4, 5, 6, 7, 8, 9, 10, 11, 12, 13, 14, 15, 16, 17, 18, 19, 20, 21, 22, 23, 24, 25, 26, 27, 28, 29]","[1.3020364046096802, 1.2230981588363647, 1.2580794095993042, 1.166307806968689, 1.2351669073104858, 1.1880515813827515, 1.1749539375305176, 1.2503799200057983, 1.1777840852737427, 1.2100777626037598, 1.209635615348816, 1.245402216911316, 1.2996587753295898, 1.1905337572097778, 1.293436884880066, 1.128245234489441, 1.1521353721618652, 1.211458444595337, 1.2769168615341187, 1.30959153175354, 1.2977198362350464, 1.262677788734436, 1.2397266626358032, 1.220577359199524, 1.181579828262329, 1.1997640132904053, 1.2137631177902222, 1.2256202697753906, 1.3075823783874512, 1.2235291004180908]",sae,Pre-64
1,beta,49,100.0,0.462130925118617,0.4524487678230295,0.4454607633090832,0.5,0.6141152509743157,0.6817230713245997,30,"[0, 1, 2, 3, 4, 5, 6, 7, 8, 9, 10, 11, 12, 13, 14, 15, 16, 17, 18, 19, 20, 21, 22, 23, 24, 25, 26, 27, 28, 29]","[1.1816726922988892, 1.2170988321304321, 1.2116214036941528, 1.200257420539856, 1.1416643857955933, 1.1891062259674072, 1.246652603149414, 1.1470645666122437, 1.2520469427108765, 1.2268033027648926, 1.168094277381897, 1.1698029041290283, 1.2142579555511475, 1.222419023513794, 1.2369354963302612, 1.197393536567688, 1.2860667705535889, 1.2591131925582886, 1.1340359449386597, 1.2283560037612915, 1.2687814235687256, 1.1859486103057861, 1.263270378112793, 1.2230288982391357, 1.1918312311172485, 1.2190265655517578, 1.2284297943115234, 1.191718339920044, 1.0950191020965576, 1.1822810173034668]",sae,Pre-64
1,beta,23,0.2,0.4478205607315014,0.4344954522622479,0.4317269217414636,0.5,0.6150139710231751,0.6708360375243378,30,"[0, 1, 2, 3, 4, 5, 6, 7, 8, 9, 10, 11, 12, 13, 14, 15, 16, 17, 18, 19, 20, 21, 22, 23, 24, 25, 26, 27, 28, 29]","[1.2230747938156128, 1.2531700134277344, 1.2151727676391602, 1.3410838842391968, 1.1522129774093628, 1.2237663269042969, 1.3197365999221802, 1.2629389762878418, 1.2187201976776123, 1.3440237045288086, 1.3359153270721436, 1.2939680814743042, 1.283251166343689, 1.1670819520950317, 1.280993938446045, 1.3358858823776245, 1.067854642868042, 1.2662594318389893, 1.213584542274475, 1.2289223670959473, 1.3323501348495483, 1.3479591608047485, 1.2176995277404785, 1.342803716659546, 1.3295283317565918, 1.2746684551239014, 1.235841989517212, 1.2221603393554688, 1.257319688796997, 1.3484843969345093]",sae,Pre-64
1,beta,6,0.22,0.4540822999211705,0.4457917896713532,0.4384936900712481,0.5,0.5933447799067053,0.6652910519198336,30,"[0, 1, 2, 3, 4, 5, 6, 7, 8, 9, 10, 11, 12, 13, 14, 15, 16, 17, 18, 19, 20, 21, 22, 23, 24, 25, 26, 27, 28, 29]","[1.2093437910079956, 1.2324018478393555, 1.1689670085906982, 1.2286028861999512, 1.1660292148590088, 1.1364821195602417, 1.1552339792251587, 1.210248351097107, 1.1588280200958252, 1.2276009321212769, 1.1634801626205444, 1.1048387289047241, 1.1711478233337402, 1.1197253465652466, 1.0116533041000366, 1.2269690036773682, 1.129739761352539, 1.1970460414886475, 1.1658244132995605, 1.1922228336334229, 1.1664220094680786, 1.1494638919830322, 1.2115159034729004, 1.2004733085632324, 1.147264838218689, 1.1653865575790405, 1.1267348527908325, 1.1380363702774048, 1.188260555267334, 1.2108981609344482]",sae,Pre-64
1,beta,10,1000.0,0.4493907433353129,0.4390813823454372,0.4344056235297167,0.5,0.6232207829487961,0.6743909002834692,30,"[0, 1, 2, 3, 4, 5, 6, 7, 8, 9, 10, 11, 12, 13, 14, 15, 16, 17, 18, 19, 20, 21, 22, 23, 24, 25, 26, 27, 28, 29]","[1.1427899599075317, 1.068242073059082, 1.199394941329956, 1.158583641052246, 1.149035930633545, 1.1689698696136475, 1.2380726337432861, 1.1728394031524658, 1.0578781366348267, 1.1875046491622925, 1.1654369831085205, 1.1715285778045654, 1.1657956838607788, 1.1442753076553345, 1.2309560775756836, 1.1749398708343506, 1.1827489137649536, 1.12376070022583, 1.1349002122879028, 1.1247795820236206, 1.1484092473983765, 1.1541001796722412, 1.2148005962371826, 1.210876226425171, 1.1075263023376465, 1.1338322162628174, 1.1668912172317505, 1.1912418603897095, 1.1516903638839722, 1.169378399848938]",sae,Pre-64
1,beta,5,500.0,0.4445517550333296,0.4301735816232515,0.4245154437456085,0.5,0.6070910659257547,0.6842133226655333,30,"[0, 1, 2, 3, 4, 5, 6, 7, 8, 9, 10, 11, 12, 13, 14, 15, 16, 17, 18, 19, 20, 21, 22, 23, 24, 25, 26, 27, 28, 29]","[1.204357385635376, 1.1163825988769531, 1.1249853372573853, 1.2326985597610474, 1.2355924844741821, 1.143419623374939, 1.1704707145690918, 1.1541118621826172, 1.2013881206512451, 1.1368167400360107, 1.2147825956344604, 1.2316826581954956, 1.1647292375564575, 1.1742970943450928, 1.2483549118041992, 1.1848121881484985, 1.1945708990097046, 1.215935230255127, 1.0952128171920776, 1.1795579195022583, 1.241766095161438, 1.18599534034729, 1.2278627157211304, 1.1371809244155884, 1.1636097431182861, 1.2409509420394897, 1.11619234085083, 1.1437363624572754, 1.2238935232162476, 1.1628071069717407]",sae,Pre-64
1,beta,39,0.23,0.4461088087810431,0.4292341094433316,0.4316121087644534,0.5,0.6205127278095635,0.6663970160675603,30,"[0, 1, 2, 3, 4, 5, 6, 7, 8, 9, 10, 11, 12, 13, 14, 15, 16, 17, 18, 19, 20, 21, 22, 23, 24, 25, 26, 27, 28, 29]","[1.2167503833770752, 1.2662020921707153, 1.2168787717819214, 1.1913222074508667, 1.1658278703689575, 1.2374707460403442, 1.2047799825668335, 1.2446333169937134, 1.187173843383789, 1.2308673858642578, 1.208292841911316, 1.126291275024414, 1.2334470748901367, 1.1612544059753418, 1.2300184965133667, 1.2844066619873047, 1.2190866470336914, 1.2492051124572754, 1.1747783422470093, 1.1100032329559326, 1.1900321245193481, 1.2503666877746582, 1.1461540460586548, 1.157665491104126, 1.2477242946624756, 1.2323545217514038, 1.0786542892456055, 1.181159257888794, 1.2901458740234375, 1.1893882751464844]",sae,Pre-64
1,beta,37,1.5,0.4546908257221888,0.444978337644671,0.4248521975553931,0.5,0.6058579085235571,0.7202592918965247,30,"[0, 1, 2, 3, 4, 5, 6, 7, 8, 9, 10, 11, 12, 13, 14, 15, 16, 17, 18, 19, 20, 21, 22, 23, 24, 25, 26, 27, 28, 29]","[1.1383056640625, 1.213341236114502, 1.177707552909851, 1.16965913772583, 1.1041587591171265, 1.2045390605926514, 1.1453032493591309, 1.249243140220642, 1.2818135023117065, 1.2036993503570557, 1.1849234104156494, 1.1868669986724854, 1.214905858039856, 1.1719192266464233, 1.2408273220062256, 1.1888898611068726, 1.1841654777526855, 1.2297459840774536, 1.199540138244629, 1.1944150924682617, 1.1982941627502441, 1.2023546695709229, 1.2497965097427368, 1.2272303104400635, 1.1954416036605835, 1.2279680967330933, 1.1945136785507202, 1.198485016822815, 1.2278281450271606, 1.2478563785552979]",sae,Pre-64
1,beta,27,5.0,0.4609757262074365,0.4537266978541116,0.4450896190560619,0.5,0.5914172664146189,0.6586614698443567,30,"[0, 1, 2, 3, 4, 5, 6, 7, 8, 9, 10, 11, 12, 13, 14, 15, 16, 17, 18, 19, 20, 21, 22, 23, 24, 25, 26, 27, 28, 29]","[1.2290319204330444, 1.2658694982528687, 1.2246942520141602, 1.2191146612167358, 1.2526310682296753, 1.1830732822418213, 1.2688981294631958, 1.1652835607528687, 1.2092324495315552, 1.1985894441604614, 1.1707059144973755, 1.268323302268982, 1.2084215879440308, 1.1814098358154297, 1.2069700956344604, 1.1506013870239258, 1.180336356163025, 1.2344633340835571, 1.2088221311569214, 1.1903407573699951, 1.2684584856033325, 1.2527191638946533, 1.1786249876022339, 1.1301987171173096, 1.2132477760314941, 1.2670561075210571, 1.1951019763946533, 1.2304065227508545, 1.1527602672576904, 1.2162050008773804]",sae,Pre-64
1,beta,21,100.0,0.4504746503440228,0.4381370334360364,0.4313713200240022,0.5,0.6200058082774133,0.686910676108207,30,"[0, 1, 2, 3, 4, 5, 6, 7, 8, 9, 10, 11, 12, 13, 14, 15, 16, 17, 18, 19, 20, 21, 22, 23, 24, 25, 26, 27, 28, 29]","[1.1140649318695068, 1.152727723121643, 1.2438535690307617, 1.230009913444519, 1.1658810377120972, 1.1943459510803223, 1.1483663320541382, 1.1402873992919922, 1.204589605331421, 1.1714168787002563, 1.23432457447052, 1.17771315574646, 1.132249355316162, 1.1423084735870361, 1.1501163244247437, 1.1399269104003906, 1.1680771112442017, 1.1623523235321045, 1.1109286546707153, 1.2336747646331787, 1.1268517971038818, 1.2345601320266724, 1.125869870185852, 1.1168842315673828, 1.180175542831421, 1.1148767471313477, 1.053167700767517, 1.1537359952926636, 1.2132099866867065, 1.1823461055755615]",sae,Pre-64
1,beta,48,10.0,0.4556814132376,0.4510566266980289,0.4552032560622577,0.5,0.5923878577171784,0.5876994552846448,30,"[0, 1, 2, 3, 4, 5, 6, 7, 8, 9, 10, 11, 12, 13, 14, 15, 16, 17, 18, 19, 20, 21, 22, 23, 24, 25, 26, 27, 28, 29]","[1.314848780632019, 1.2628027200698853, 1.241004228591919, 1.2374732494354248, 1.2198200225830078, 1.1986083984375, 1.2501070499420166, 1.1745821237564087, 1.2252157926559448, 1.2332372665405273, 1.2725598812103271, 1.2326319217681885, 1.2322970628738403, 1.2276474237442017, 1.1980329751968384, 1.24959397315979, 1.2403693199157715, 1.2576123476028442, 1.2807153463363647, 1.1356396675109863, 1.2306994199752808, 1.2764241695404053, 1.2865550518035889, 1.136379361152649, 1.2335848808288574, 1.253692626953125, 1.2959669828414917, 1.2499793767929077, 1.2189946174621582, 1.252404808998108]",sae,Pre-64
1,beta,8,0.3,0.4517491928182039,0.4406431065890545,0.435087654693021,0.5,0.6098144493254953,0.6772238846091269,30,"[0, 1, 2, 3, 4, 5, 6, 7, 8, 9, 10, 11, 12, 13, 14, 15, 16, 17, 18, 19, 20, 21, 22, 23, 24, 25, 26, 27, 28, 29]","[1.151599407196045, 1.2511987686157227, 1.2039268016815186, 1.2243026494979858, 1.2731115818023682, 1.2134289741516113, 1.258766770362854, 1.1933153867721558, 1.2345937490463257, 1.2459228038787842, 1.2666797637939453, 1.2184842824935913, 1.2179737091064453, 1.2343515157699585, 1.2520939111709595, 1.192029356956482, 1.2111865282058716, 1.2264621257781982, 1.1556812524795532, 1.1808860301971436, 1.1778922080993652, 1.159957766532898, 1.2590677738189697, 1.191234827041626, 1.2541961669921875, 1.258893609046936, 1.1685672998428345, 1.2547008991241455, 1.2268487215042114, 1.200715184211731]",sae,Pre-64
1,beta,48,0.22,0.4556814132376,0.4510566266980289,0.4796886468929534,0.5,0.5923878577171784,0.5888828805363352,30,"[0, 1, 2, 3, 4, 5, 6, 7, 8, 9, 10, 11, 12, 13, 14, 15, 16, 17, 18, 19, 20, 21, 22, 23, 24, 25, 26, 27, 28, 29]","[1.4193192720413208, 1.3660632371902466, 1.3540692329406738, 1.3401528596878052, 1.3201655149459839, 1.2836310863494873, 1.3602185249328613, 1.2751014232635498, 1.3224166631698608, 1.3175921440124512, 1.3742707967758179, 1.3300801515579224, 1.3344128131866455, 1.3241145610809326, 1.2868995666503906, 1.3676109313964844, 1.359350323677063, 1.362012505531311, 1.3946954011917114, 1.234222412109375, 1.3213660717010498, 1.3928754329681396, 1.396790862083435, 1.2300539016723633, 1.3321479558944702, 1.3679147958755493, 1.3991559743881226, 1.3735793828964233, 1.3276911973953247, 1.351590871810913]",sae,Pre-64
1,beta,33,10.0,0.4492211383258522,0.4377959816952598,0.4223402424961981,0.5,0.6165210074526608,0.6954138560095032,30,"[0, 1, 2, 3, 4, 5, 6, 7, 8, 9, 10, 11, 12, 13, 14, 15, 16, 17, 18, 19, 20, 21, 22, 23, 24, 25, 26, 27, 28, 29]","[1.1849273443222046, 1.2562428712844849, 1.2136778831481934, 1.194433331489563, 1.149998426437378, 1.2687307596206665, 1.1574212312698364, 1.2470797300338745, 1.2527871131896973, 1.2536271810531616, 1.1950736045837402, 1.2495068311691284, 1.1756917238235474, 1.1588196754455566, 1.1325362920761108, 1.2413465976715088, 1.1629266738891602, 1.1944456100463867, 1.2464298009872437, 1.2438013553619385, 1.1899774074554443, 1.159067153930664, 1.2561681270599365, 1.2361953258514404, 1.2687146663665771, 1.1437739133834839, 1.1919195652008057, 1.171987533569336, 1.145799160003662, 1.191154956817627]",sae,Pre-64
1,beta,29,0.4,0.4558655961502112,0.4409050416793991,0.447597896640615,0.5,0.6296548282533407,0.6689000750796879,30,"[0, 1, 2, 3, 4, 5, 6, 7, 8, 9, 10, 11, 12, 13, 14, 15, 16, 17, 18, 19, 20, 21, 22, 23, 24, 25, 26, 27, 28, 29]","[1.194935917854309, 1.1385749578475952, 1.0295852422714233, 1.238612413406372, 1.1851270198822021, 1.162545919418335, 1.2411545515060425, 1.166039228439331, 1.2299060821533203, 1.2362966537475586, 1.1895782947540283, 1.2295013666152954, 1.231622576713562, 1.2365245819091797, 1.1724414825439453, 1.2314629554748535, 1.110655665397644, 1.1652898788452148, 1.1510244607925415, 1.1959142684936523, 1.249851107597351, 1.2568353414535522, 1.1828466653823853, 1.198325514793396, 1.1877683401107788, 1.1336921453475952, 1.1967061758041382, 1.2367507219314575, 1.2920050621032715, 1.1695195436477661]",sae,Pre-64
1,beta,11,20.0,0.4566976193509867,0.4496008864727478,0.4290567971147144,0.5,0.5995106990682213,0.709773142295266,30,"[0, 1, 2, 3, 4, 5, 6, 7, 8, 9, 10, 11, 12, 13, 14, 15, 16, 17, 18, 19, 20, 21, 22, 23, 24, 25, 26, 27, 28, 29]","[1.197404384613037, 1.0159912109375, 1.1595122814178467, 1.0947496891021729, 1.2204711437225342, 1.0870051383972168, 1.1269891262054443, 1.0375356674194336, 1.2077991962432861, 1.2207576036453247, 1.2321844100952148, 1.2301312685012817, 1.2398982048034668, 1.1524134874343872, 1.143661618232727, 1.0850900411605835, 1.17250657081604, 1.1216024160385132, 1.160549521446228, 1.1942617893218994, 1.178363561630249, 1.1898934841156006, 1.2164463996887207, 1.1637935638427734, 1.1526267528533936, 1.2090473175048828, 1.2035871744155884, 1.1137361526489258, 1.1602522134780884, 1.1377544403076172]",sae,Pre-64
1,beta,37,50.0,0.4546908257221888,0.444978337644671,0.4248521975553931,0.5,0.6058579085235571,0.7202592918965247,30,"[0, 1, 2, 3, 4, 5, 6, 7, 8, 9, 10, 11, 12, 13, 14, 15, 16, 17, 18, 19, 20, 21, 22, 23, 24, 25, 26, 27, 28, 29]","[1.1383056640625, 1.213341236114502, 1.177707552909851, 1.16965913772583, 1.1041587591171265, 1.2045390605926514, 1.1453032493591309, 1.249243140220642, 1.2818135023117065, 1.2036993503570557, 1.1849234104156494, 1.1868669986724854, 1.214905858039856, 1.1719192266464233, 1.2408273220062256, 1.1888898611068726, 1.1841654777526855, 1.2297459840774536, 1.199540138244629, 1.1944150924682617, 1.1982941627502441, 1.2023546695709229, 1.2497965097427368, 1.2272303104400635, 1.1954416036605835, 1.2279680967330933, 1.1945136785507202, 1.198485016822815, 1.2278281450271606, 1.2478563785552979]",sae,Pre-64
1,beta,45,30.0,0.4515599815008028,0.4347157609968581,0.4270615533376926,0.5,0.6289673345145609,0.6747383883815667,30,"[0, 1, 2, 3, 4, 5, 6, 7, 8, 9, 10, 11, 12, 13, 14, 15, 16, 17, 18, 19, 20, 21, 22, 23, 24, 25, 26, 27, 28, 29]","[1.2118186950683594, 1.2046393156051636, 1.1175212860107422, 1.2471874952316284, 1.2435009479522705, 1.0702455043792725, 1.2621617317199707, 1.1873860359191895, 1.158481478691101, 1.0991942882537842, 1.1809848546981812, 1.2580912113189697, 1.2084110975265503, 1.1058392524719238, 1.1608388423919678, 1.1815924644470215, 1.1621969938278198, 1.0576989650726318, 1.1889337301254272, 1.2040725946426392, 1.2099356651306152, 1.1275392770767212, 1.2057688236236572, 1.0658499002456665, 1.0492150783538818, 1.2386078834533691, 1.1468443870544434, 1.167812705039978, 1.0608655214309692, 1.248781681060791]",sae,Pre-64
1,beta,14,0.4,0.4467366851483266,0.4421697276018216,0.4237631998566259,0.5,0.5934222168898753,0.7004439178751931,30,"[0, 1, 2, 3, 4, 5, 6, 7, 8, 9, 10, 11, 12, 13, 14, 15, 16, 17, 18, 19, 20, 21, 22, 23, 24, 25, 26, 27, 28, 29]","[1.2168582677841187, 1.1132558584213257, 1.1657336950302124, 1.1953531503677368, 1.227138638496399, 1.19077730178833, 1.1813914775848389, 1.2472892999649048, 1.190836787223816, 1.2289841175079346, 1.1422189474105835, 1.0835264921188354, 1.110967755317688, 1.23417329788208, 1.236603021621704, 1.1943469047546387, 1.2531406879425049, 1.2434364557266235, 1.1717097759246826, 1.179964303970337, 1.2082873582839966, 1.1892527341842651, 1.2399433851242065, 1.1475231647491455, 1.2435585260391235, 1.2343220710754395, 1.1711047887802124, 1.245994210243225, 1.2303168773651123, 1.114956021308899]",sae,Pre-64
1,beta,43,0.4,0.4515364523902173,0.4432102910589974,0.4307793875879895,0.5,0.6060785767234989,0.6967279466271312,30,"[0, 1, 2, 3, 4, 5, 6, 7, 8, 9, 10, 11, 12, 13, 14, 15, 16, 17, 18, 19, 20, 21, 22, 23, 24, 25, 26, 27, 28, 29]","[1.2137269973754883, 1.2966495752334595, 1.2138888835906982, 1.1676738262176514, 1.2102769613265991, 1.1480684280395508, 1.1920170783996582, 1.177064299583435, 1.259727120399475, 1.1724348068237305, 1.1425949335098267, 1.2585235834121704, 1.2058279514312744, 1.1739577054977417, 1.1621994972229004, 1.0888837575912476, 1.250617504119873, 1.1916553974151611, 1.2415788173675537, 1.2100411653518677, 1.173439860343933, 1.1695396900177002, 1.238284707069397, 1.2358100414276123, 1.1332714557647705, 1.2508617639541626, 1.267849326133728, 1.178114891052246, 1.2484055757522583, 1.2684884071350098]",sae,Pre-64
1,beta,24,0.23,0.4501416387440968,0.4383559369047743,0.4439103152590113,0.5,0.6188330126613704,0.6395171300893744,30,"[0, 1, 2, 3, 4, 5, 6, 7, 8, 9, 10, 11, 12, 13, 14, 15, 16, 17, 18, 19, 20, 21, 22, 23, 24, 25, 26, 27, 28, 29]","[1.2124673128128052, 1.1755998134613037, 1.1868178844451904, 1.2273244857788086, 1.242689609527588, 1.1841548681259155, 1.1860560178756714, 1.1832525730133057, 1.2021790742874146, 1.0739104747772217, 1.2058616876602173, 1.1563575267791748, 1.2078834772109985, 1.2294706106185913, 1.1749554872512817, 1.1637247800827026, 1.237532138824463, 1.0551373958587646, 1.169660210609436, 1.2379261255264282, 1.2216182947158813, 1.238648533821106, 1.1921476125717163, 1.2000505924224854, 1.1518317461013794, 1.1153621673583984, 1.1851884126663208, 1.1612211465835571, 1.239385962486267, 1.1791527271270752]",sae,Pre-64
1,beta,36,3.0,0.4642138821845151,0.4576483090311837,0.4513895739851749,0.5,0.6031055233182893,0.6753925104988936,30,"[0, 1, 2, 3, 4, 5, 6, 7, 8, 9, 10, 11, 12, 13, 14, 15, 16, 17, 18, 19, 20, 21, 22, 23, 24, 25, 26, 27, 28, 29]","[1.1789084672927856, 1.1453419923782349, 1.1322602033615112, 1.1648893356323242, 1.0651395320892334, 1.1846054792404175, 1.141721487045288, 1.157162070274353, 1.1999086141586304, 1.0772851705551147, 1.1159154176712036, 1.2064303159713745, 1.127974510192871, 1.1429641246795654, 1.1640619039535522, 1.2071683406829834, 1.1763486862182617, 1.1451680660247803, 1.1947323083877563, 1.1258301734924316, 1.1810296773910522, 1.130793571472168, 1.1566245555877686, 1.1185775995254517, 1.1979726552963257, 1.140467643737793, 1.1513619422912598, 1.1503264904022217, 1.1800856590270996, 1.1112136840820312]",sae,Pre-64
1,beta,33,500.0,0.4492211383258522,0.4377959816952598,0.4223402424961981,0.5,0.6165210074526608,0.6954138560095032,30,"[0, 1, 2, 3, 4, 5, 6, 7, 8, 9, 10, 11, 12, 13, 14, 15, 16, 17, 18, 19, 20, 21, 22, 23, 24, 25, 26, 27, 28, 29]","[1.1849273443222046, 1.2562428712844849, 1.2136778831481934, 1.194433331489563, 1.149998426437378, 1.2687307596206665, 1.1574212312698364, 1.2470797300338745, 1.2527871131896973, 1.2536271810531616, 1.1950736045837402, 1.2495068311691284, 1.1756917238235474, 1.1588196754455566, 1.1325362920761108, 1.2413465976715088, 1.1629266738891602, 1.1944456100463867, 1.2464298009872437, 1.2438013553619385, 1.1899774074554443, 1.159067153930664, 1.2561681270599365, 1.2361953258514404, 1.2687146663665771, 1.1437739133834839, 1.1919195652008057, 1.171987533569336, 1.145799160003662, 1.191154956817627]",sae,Pre-64
1,beta,21,3.0,0.4504746503440228,0.4381370334360364,0.4251218817354521,0.5,0.6200058082774133,0.686910676108207,30,"[0, 1, 2, 3, 4, 5, 6, 7, 8, 9, 10, 11, 12, 13, 14, 15, 16, 17, 18, 19, 20, 21, 22, 23, 24, 25, 26, 27, 28, 29]","[1.1140649318695068, 1.152727723121643, 1.2438535690307617, 1.230009913444519, 1.1658810377120972, 1.1943459510803223, 1.1483663320541382, 1.1402873992919922, 1.204589605331421, 1.1714168787002563, 1.23432457447052, 1.17771315574646, 1.132249355316162, 1.1423084735870361, 1.1501163244247437, 1.1399269104003906, 1.1680771112442017, 1.1623523235321045, 1.1109286546707153, 1.2336747646331787, 1.1268517971038818, 1.2345601320266724, 1.125869870185852, 1.1168842315673828, 1.180175542831421, 1.1148767471313477, 1.053167700767517, 1.1537359952926636, 1.2132099866867065, 1.1823461055755615]",sae,Pre-64
1,beta,28,0.21,0.4589844236982603,0.4495627040154577,0.4363597930098649,0.5,0.5987249917034086,0.6954499122931779,30,"[0, 1, 2, 3, 4, 5, 6, 7, 8, 9, 10, 11, 12, 13, 14, 15, 16, 17, 18, 19, 20, 21, 22, 23, 24, 25, 26, 27, 28, 29]","[1.1352343559265137, 1.0775038003921509, 1.0399432182312012, 1.2336927652359009, 1.179149866104126, 1.2072476148605347, 1.1323752403259277, 1.10542631149292, 1.2175010442733765, 1.2215855121612549, 1.176476240158081, 1.2057819366455078, 1.218854308128357, 1.2209949493408203, 1.1551659107208252, 1.1379764080047607, 1.1653257608413696, 1.2166705131530762, 1.183241605758667, 1.1995640993118286, 1.135400652885437, 1.153017282485962, 1.1304819583892822, 1.08482027053833, 1.1267801523208618, 1.205606460571289, 1.2566165924072266, 1.1601134538650513, 1.1428003311157227, 1.122060775756836]",sae,Pre-64
1,beta,23,0.3,0.4478205607315014,0.4344954522622479,0.4293385389136565,0.5,0.6150139710231751,0.6687422750907323,30,"[0, 1, 2, 3, 4, 5, 6, 7, 8, 9, 10, 11, 12, 13, 14, 15, 16, 17, 18, 19, 20, 21, 22, 23, 24, 25, 26, 27, 28, 29]","[1.1367353200912476, 1.1628820896148682, 1.1104114055633545, 1.2438031435012817, 1.0608277320861816, 1.1336368322372437, 1.211327075958252, 1.1689966917037964, 1.136163353919983, 1.248887538909912, 1.2434972524642944, 1.19732666015625, 1.1961266994476318, 1.0783805847167969, 1.1963282823562622, 1.2420802116394043, 0.9979529976844788, 1.167960286140442, 1.1316879987716675, 1.1474251747131348, 1.2360974550247192, 1.2508002519607544, 1.1319223642349243, 1.2472549676895142, 1.2268574237823486, 1.1909486055374146, 1.1608943939208984, 1.1226544380187988, 1.1709887981414795, 1.2530566453933716]",sae,Pre-64
1,beta,8,3.0,0.4517491928182039,0.4406431065890545,0.4290607215916728,0.5,0.6098144493254953,0.6772260068051754,30,"[0, 1, 2, 3, 4, 5, 6, 7, 8, 9, 10, 11, 12, 13, 14, 15, 16, 17, 18, 19, 20, 21, 22, 23, 24, 25, 26, 27, 28, 29]","[1.1187007427215576, 1.218583345413208, 1.1729588508605957, 1.1930103302001953, 1.2442059516906738, 1.182166576385498, 1.2270926237106323, 1.164693832397461, 1.2057322263717651, 1.212062120437622, 1.2319320440292358, 1.18947172164917, 1.188055396080017, 1.2018784284591675, 1.2228853702545166, 1.1608076095581055, 1.179728627204895, 1.1950958967208862, 1.1249150037765503, 1.1465964317321777, 1.1464855670928955, 1.1299797296524048, 1.2297531366348267, 1.1591399908065796, 1.2222727537155151, 1.227508783340454, 1.1398975849151611, 1.22318696975708, 1.2009252309799194, 1.166541337966919]",sae,Pre-64
1,beta,7,0.22,0.4564836922581216,0.4420418003909208,0.4333921427740224,0.5,0.6095136152062148,0.7003740514176946,30,"[0, 1, 2, 3, 4, 5, 6, 7, 8, 9, 10, 11, 12, 13, 14, 15, 16, 17, 18, 19, 20, 21, 22, 23, 24, 25, 26, 27, 28, 29]","[1.2061223983764648, 1.2253636121749878, 1.2445534467697144, 1.1968265771865845, 1.263364315032959, 1.214400291442871, 1.1614760160446167, 1.212978482246399, 1.2982268333435059, 1.2304511070251465, 1.1354470252990723, 1.197379231452942, 1.149452805519104, 1.1636664867401123, 1.317419171333313, 1.233673095703125, 1.1997488737106323, 1.1449533700942993, 1.248006820678711, 1.2617051601409912, 1.2214959859848022, 1.223745346069336, 1.221899151802063, 1.1737477779388428, 1.2808654308319092, 1.225529432296753, 1.226752519607544, 1.095717430114746, 1.2963192462921143, 1.1818197965621948]",sae,Pre-64
1,beta,11,1000.0,0.4566976193509867,0.4496008864727478,0.4314025118568114,0.5,0.5995106990682213,0.709773142295266,30,"[0, 1, 2, 3, 4, 5, 6, 7, 8, 9, 10, 11, 12, 13, 14, 15, 16, 17, 18, 19, 20, 21, 22, 23, 24, 25, 26, 27, 28, 29]","[1.197404384613037, 1.0159912109375, 1.1595122814178467, 1.0947496891021729, 1.2204711437225342, 1.0870051383972168, 1.1269891262054443, 1.0375356674194336, 1.2077991962432861, 1.2207576036453247, 1.2321844100952148, 1.2301312685012817, 1.2398982048034668, 1.1524134874343872, 1.143661618232727, 1.0850900411605835, 1.17250657081604, 1.1216024160385132, 1.160549521446228, 1.1942617893218994, 1.178363561630249, 1.1898934841156006, 1.2164463996887207, 1.1637935638427734, 1.1526267528533936, 1.2090473175048828, 1.2035871744155884, 1.1137361526489258, 1.1602522134780884, 1.1377544403076172]",sae,Pre-64
1,beta,36,0.3,0.4642138821845151,0.4576483090311837,0.4548920672643469,0.5,0.6031055233182893,0.6751166059676699,30,"[0, 1, 2, 3, 4, 5, 6, 7, 8, 9, 10, 11, 12, 13, 14, 15, 16, 17, 18, 19, 20, 21, 22, 23, 24, 25, 26, 27, 28, 29]","[1.2348270416259766, 1.1980071067810059, 1.1872349977493286, 1.2196038961410522, 1.116970419883728, 1.2455986738204956, 1.1951591968536377, 1.2179076671600342, 1.2561261653900146, 1.1289902925491333, 1.1651155948638916, 1.2594304084777832, 1.17816162109375, 1.1944448947906494, 1.2194219827651978, 1.2659071683883667, 1.2303715944290161, 1.1980793476104736, 1.2523391246795654, 1.1748883724212646, 1.2295700311660767, 1.1840064525604248, 1.208615779876709, 1.1807125806808472, 1.2507601976394653, 1.2001032829284668, 1.2022150754928589, 1.2017840147018433, 1.2350621223449707, 1.158281683921814]",sae,Pre-64
1,beta,34,0.22,0.4568527557813058,0.4470225010708758,0.444933629738894,0.5,0.6011606799053854,0.6760851879409729,30,"[0, 1, 2, 3, 4, 5, 6, 7, 8, 9, 10, 11, 12, 13, 14, 15, 16, 17, 18, 19, 20, 21, 22, 23, 24, 25, 26, 27, 28, 29]","[1.1790052652359009, 1.253798246383667, 1.252229928970337, 1.2207362651824951, 1.184560775756836, 1.1816456317901611, 1.213037371635437, 1.1185686588287354, 1.1681174039840698, 1.1960370540618896, 1.2360501289367676, 1.0515811443328857, 1.2267589569091797, 1.122894048690796, 1.1436580419540405, 1.1776378154754639, 1.2513740062713623, 1.2690086364746094, 1.2095743417739868, 1.1716363430023193, 1.2115418910980225, 1.2705520391464233, 1.2090288400650024, 1.2097033262252808, 1.185253381729126, 1.1289231777191162, 1.283994197845459, 1.2700555324554443, 1.2672399282455444, 1.2279644012451172]",sae,Pre-64
1,beta,14,0.21,0.4467366851483266,0.4421697276018216,0.4269936475169583,0.5,0.5934222168898753,0.7000374930637833,30,"[0, 1, 2, 3, 4, 5, 6, 7, 8, 9, 10, 11, 12, 13, 14, 15, 16, 17, 18, 19, 20, 21, 22, 23, 24, 25, 26, 27, 28, 29]","[1.240086317062378, 1.1357229948043823, 1.1917238235473633, 1.2202856540679932, 1.2505382299423218, 1.2157243490219116, 1.2012251615524292, 1.2729203701019287, 1.2167673110961914, 1.2541176080703735, 1.1645957231521606, 1.1075655221939087, 1.1355350017547607, 1.2604711055755615, 1.261841893196106, 1.2176635265350342, 1.2777445316314697, 1.2701382637023926, 1.1954445838928223, 1.2068912982940674, 1.2329316139221191, 1.212065577507019, 1.2658169269561768, 1.1712288856506348, 1.2715518474578857, 1.264168381690979, 1.1983838081359863, 1.2700855731964111, 1.2566429376602173, 1.140505313873291]",sae,Pre-64
1,beta,9,0.3,0.448644851968101,0.4348910401892977,0.4410151377726753,0.5,0.6286670530281078,0.6733236742973052,30,"[0, 1, 2, 3, 4, 5, 6, 7, 8, 9, 10, 11, 12, 13, 14, 15, 16, 17, 18, 19, 20, 21, 22, 23, 24, 25, 26, 27, 28, 29]","[1.2528600692749023, 1.1948821544647217, 1.2770030498504639, 1.2581801414489746, 1.1977726221084595, 1.0751241445541382, 1.2538965940475464, 1.1705189943313599, 1.2521275281906128, 1.143057107925415, 1.2492932081222534, 1.2029532194137573, 1.2075315713882446, 1.2479912042617798, 1.2879458665847778, 1.2223210334777832, 1.1759294271469116, 1.266880989074707, 1.2768359184265137, 1.178650975227356, 1.2620545625686646, 1.2728794813156128, 1.1838265657424927, 1.2607241868972778, 1.2807636260986328, 1.26418936252594, 1.1338227987289429, 1.0808967351913452, 1.197605848312378, 1.2734181880950928]",sae,Pre-64
1,beta,29,75.0,0.4558655961502112,0.4409050416793991,0.4462488936829945,0.5,0.6296548282533407,0.6689000750796879,30,"[0, 1, 2, 3, 4, 5, 6, 7, 8, 9, 10, 11, 12, 13, 14, 15, 16, 17, 18, 19, 20, 21, 22, 23, 24, 25, 26, 27, 28, 29]","[1.194935917854309, 1.1385749578475952, 1.0295852422714233, 1.238612413406372, 1.1851270198822021, 1.162545919418335, 1.2411545515060425, 1.166039228439331, 1.2299060821533203, 1.2362966537475586, 1.1895782947540283, 1.2295013666152954, 1.231622576713562, 1.2365245819091797, 1.1724414825439453, 1.2314629554748535, 1.110655665397644, 1.1652898788452148, 1.1510244607925415, 1.1959142684936523, 1.249851107597351, 1.2568353414535522, 1.1828466653823853, 1.198325514793396, 1.1877683401107788, 1.1336921453475952, 1.1967061758041382, 1.2367507219314575, 1.2920050621032715, 1.1695195436477661]",sae,Pre-64
1,beta,17,30.0,0.4599327030141671,0.4513468217402507,0.4351612316784705,0.5,0.6120635717004715,0.6982794453738126,30,"[0, 1, 2, 3, 4, 5, 6, 7, 8, 9, 10, 11, 12, 13, 14, 15, 16, 17, 18, 19, 20, 21, 22, 23, 24, 25, 26, 27, 28, 29]","[1.253448724746704, 1.157033085823059, 1.1724380254745483, 1.21102774143219, 1.2398598194122314, 1.1416960954666138, 1.2152034044265747, 1.1179237365722656, 1.1752480268478394, 1.1612284183502197, 1.2127126455307007, 1.234884262084961, 1.1886143684387207, 1.2384566068649292, 1.1679030656814575, 1.1839061975479126, 1.2392202615737915, 1.1842913627624512, 1.217572808265686, 1.1993213891983032, 1.1283472776412964, 1.197530746459961, 1.0647335052490234, 1.1836165189743042, 1.1550945043563843, 1.1692523956298828, 1.1686493158340454, 1.191864013671875, 1.1417936086654663, 1.2131496667861938]",sae,Pre-64
1,beta,4,1.0,0.4589558369307028,0.4477177462853796,0.4493181864938039,0.5,0.61034827708266,0.6615802514735983,30,"[0, 1, 2, 3, 4, 5, 6, 7, 8, 9, 10, 11, 12, 13, 14, 15, 16, 17, 18, 19, 20, 21, 22, 23, 24, 25, 26, 27, 28, 29]","[1.1777721643447876, 1.1554479598999023, 1.123734712600708, 1.2367613315582275, 1.1010112762451172, 1.1309430599212646, 1.145643711090088, 1.1165508031845093, 1.1993235349655151, 1.1947863101959229, 1.1990617513656616, 1.1123532056808472, 1.2366323471069336, 1.1637712717056274, 1.1139233112335205, 1.1837881803512573, 1.1833724975585938, 1.168279767036438, 1.1406776905059814, 1.2084177732467651, 1.1869065761566162, 1.2237598896026611, 1.1760855913162231, 1.0962145328521729, 1.1903668642044067, 1.1116077899932861, 1.1601639986038208, 1.1707360744476318, 1.2161426544189453, 1.1170037984848022]",sae,Pre-64
1,beta,46,0.25,0.4545712902572906,0.4417269056853911,0.4450798430768721,0.5,0.6270377926330811,0.6841223609382507,30,"[0, 1, 2, 3, 4, 5, 6, 7, 8, 9, 10, 11, 12, 13, 14, 15, 16, 17, 18, 19, 20, 21, 22, 23, 24, 25, 26, 27, 28, 29]","[1.1605839729309082, 1.2325963973999023, 1.2481722831726074, 1.249533772468567, 1.1887978315353394, 1.2818208932876587, 1.1905152797698975, 1.2588187456130981, 1.227943778038025, 1.2995549440383911, 1.0653156042099, 1.1619406938552856, 1.3013006448745728, 1.1704630851745605, 1.2270970344543457, 1.2811660766601562, 1.2396571636199951, 1.2584072351455688, 1.2591217756271362, 1.277535080909729, 1.2051252126693726, 1.2233694791793823, 1.2517229318618774, 1.2378768920898438, 1.2598581314086914, 1.2671061754226685, 1.2359105348587036, 1.2851537466049194, 1.2299818992614746, 1.2298767566680908]",sae,Pre-64
1,beta,48,0.5,0.4556814132376,0.4510566266980289,0.4700219698600351,0.5,0.5923878577171784,0.5876994552846448,30,"[0, 1, 2, 3, 4, 5, 6, 7, 8, 9, 10, 11, 12, 13, 14, 15, 16, 17, 18, 19, 20, 21, 22, 23, 24, 25, 26, 27, 28, 29]","[1.314848780632019, 1.2628027200698853, 1.241004228591919, 1.2374732494354248, 1.2198200225830078, 1.1986083984375, 1.2501070499420166, 1.1745821237564087, 1.2252157926559448, 1.2332372665405273, 1.2725598812103271, 1.2326319217681885, 1.2322970628738403, 1.2276474237442017, 1.1980329751968384, 1.24959397315979, 1.2403693199157715, 1.2576123476028442, 1.2807153463363647, 1.1356396675109863, 1.2306994199752808, 1.2764241695404053, 1.2865550518035889, 1.136379361152649, 1.2335848808288574, 1.253692626953125, 1.2959669828414917, 1.2499793767929077, 1.2189946174621582, 1.252404808998108]",sae,Pre-64
1,beta,25,0.23,0.4465066892532915,0.4352791138475453,0.4369155522245641,0.5,0.6270054355300688,0.6624963374453606,30,"[0, 1, 2, 3, 4, 5, 6, 7, 8, 9, 10, 11, 12, 13, 14, 15, 16, 17, 18, 19, 20, 21, 22, 23, 24, 25, 26, 27, 28, 29]","[1.260771632194519, 1.2584971189498901, 1.1831797361373901, 1.27052640914917, 1.268414855003357, 1.2654759883880615, 1.151256799697876, 1.1815564632415771, 1.2377928495407104, 1.1347498893737793, 1.2736198902130127, 1.1921499967575073, 1.2696456909179688, 1.2003750801086426, 1.1805226802825928, 1.2086611986160278, 1.0687419176101685, 1.1262357234954834, 1.1685125827789307, 1.2018194198608398, 1.2947241067886353, 1.104042887687683, 1.2437899112701416, 1.2125060558319092, 1.2362006902694702, 1.193802833557129, 1.2991327047348022, 1.2643524408340454, 1.2824854850769043, 1.1391513347625732]",sae,Pre-64
1,beta,15,0.4,0.4529015220185267,0.4424399871594601,0.4276295189383152,0.5,0.6161071485640408,0.7104519240546783,30,"[0, 1, 2, 3, 4, 5, 6, 7, 8, 9, 10, 11, 12, 13, 14, 15, 16, 17, 18, 19, 20, 21, 22, 23, 24, 25, 26, 27, 28, 29]","[1.1927653551101685, 1.1442328691482544, 1.1761481761932373, 1.20725417137146, 1.2166967391967773, 1.1792445182800293, 1.169405221939087, 1.1918951272964478, 1.2219207286834717, 1.2391117811203003, 1.210313081741333, 1.1446738243103027, 1.2652647495269775, 1.2337558269500732, 1.1630836725234985, 1.200298547744751, 1.170616626739502, 1.2441749572753906, 1.1444364786148071, 1.2167623043060303, 1.2654937505722046, 1.2446168661117554, 1.185610294342041, 1.2192232608795166, 1.1511340141296387, 1.0716912746429443, 1.2247343063354492, 1.271666407585144, 1.1862889528274536, 1.2070890665054321]",sae,Pre-64
1,beta,38,1000.0,0.4455661720406026,0.4298851252298221,0.430590426492465,0.5,0.6303640517897944,0.6635567402894135,30,"[0, 1, 2, 3, 4, 5, 6, 7, 8, 9, 10, 11, 12, 13, 14, 15, 16, 17, 18, 19, 20, 21, 22, 23, 24, 25, 26, 27, 28, 29]","[1.1721346378326416, 1.1665115356445312, 1.1951327323913574, 1.2084224224090576, 1.1932506561279297, 1.0943678617477417, 1.22554349899292, 1.190416932106018, 1.0534244775772095, 1.212303638458252, 1.196964144706726, 1.1929432153701782, 1.2093898057937622, 1.185971736907959, 1.2129939794540405, 1.1697133779525757, 1.1856392621994019, 1.237824559211731, 1.137427806854248, 1.2083672285079956, 1.1895427703857422, 1.2017890214920044, 1.2302438020706177, 1.1494355201721191, 1.191596269607544, 1.2291513681411743, 1.1410502195358276, 1.2461069822311401, 1.175614595413208, 1.249431848526001]",sae,Pre-64
1,beta,7,0.5,0.4564836922581216,0.4420418003909208,0.4299447589976274,0.5,0.6095136152062148,0.7000084039932237,30,"[0, 1, 2, 3, 4, 5, 6, 7, 8, 9, 10, 11, 12, 13, 14, 15, 16, 17, 18, 19, 20, 21, 22, 23, 24, 25, 26, 27, 28, 29]","[1.186367392539978, 1.203552484512329, 1.2273681163787842, 1.1744158267974854, 1.2427024841308594, 1.194297194480896, 1.1417649984359741, 1.1899380683898926, 1.274727702140808, 1.2103523015975952, 1.1130813360214233, 1.1793581247329712, 1.1271109580993652, 1.140200138092041, 1.2939406633377075, 1.2133886814117432, 1.183907389640808, 1.1221195459365845, 1.2292346954345703, 1.2417727708816528, 1.200108528137207, 1.2005424499511719, 1.201027750968933, 1.1506562232971191, 1.259361982345581, 1.2019909620285034, 1.2091292142868042, 1.0751577615737915, 1.2751001119613647, 1.1631182432174683]",sae,Pre-64
1,beta,14,5.0,0.4467366851483266,0.4421697276018216,0.418268666553707,0.5,0.5934222168898753,0.7004071746726857,30,"[0, 1, 2, 3, 4, 5, 6, 7, 8, 9, 10, 11, 12, 13, 14, 15, 16, 17, 18, 19, 20, 21, 22, 23, 24, 25, 26, 27, 28, 29]","[1.1700234413146973, 1.0681921243667603, 1.1210544109344482, 1.148490071296692, 1.1765847206115723, 1.143620252609253, 1.1391699314117432, 1.1990078687667847, 1.1443272829055786, 1.177550196647644, 1.0939750671386719, 1.0375179052352905, 1.0638422966003418, 1.1846389770507812, 1.1842373609542847, 1.1451287269592285, 1.202758550643921, 1.1907190084457397, 1.1267846822738647, 1.1308374404907227, 1.1608028411865234, 1.1382582187652588, 1.1897944211959839, 1.1014028787612915, 1.1924012899398804, 1.182306170463562, 1.1216769218444824, 1.1922364234924316, 1.183416485786438, 1.0683033466339111]",sae,Pre-64
1,beta,4,30.0,0.4589558369307028,0.4477177462853796,0.4419071090341361,0.5,0.61034827708266,0.6615802514735983,30,"[0, 1, 2, 3, 4, 5, 6, 7, 8, 9, 10, 11, 12, 13, 14, 15, 16, 17, 18, 19, 20, 21, 22, 23, 24, 25, 26, 27, 28, 29]","[1.1777721643447876, 1.1554479598999023, 1.123734712600708, 1.2367613315582275, 1.1010112762451172, 1.1309430599212646, 1.145643711090088, 1.1165508031845093, 1.1993235349655151, 1.1947863101959229, 1.1990617513656616, 1.1123532056808472, 1.2366323471069336, 1.1637712717056274, 1.1139233112335205, 1.1837881803512573, 1.1833724975585938, 1.168279767036438, 1.1406776905059814, 1.2084177732467651, 1.1869065761566162, 1.2237598896026611, 1.1760855913162231, 1.0962145328521729, 1.1903668642044067, 1.1116077899932861, 1.1601639986038208, 1.1707360744476318, 1.2161426544189453, 1.1170037984848022]",sae,Pre-64
1,beta,1,75.0,0.4560357198099471,0.4497423189216591,0.4414277873228484,0.5,0.5964054457666336,0.680948080464655,30,"[0, 1, 2, 3, 4, 5, 6, 7, 8, 9, 10, 11, 12, 13, 14, 15, 16, 17, 18, 19, 20, 21, 22, 23, 24, 25, 26, 27, 28, 29]","[1.2484626770019531, 1.183357834815979, 1.2077564001083374, 1.127197027206421, 1.1837691068649292, 1.1471096277236938, 1.1291790008544922, 1.2051725387573242, 1.1376121044158936, 1.1618740558624268, 1.1627427339553833, 1.1907955408096313, 1.2489014863967896, 1.1427462100982666, 1.2440361976623535, 1.078278660774231, 1.0989395380020142, 1.1663775444030762, 1.2298505306243896, 1.2602465152740479, 1.2476614713668823, 1.2094584703445435, 1.1924338340759277, 1.1765055656433105, 1.1376926898956299, 1.1597349643707275, 1.16420316696167, 1.178998589515686, 1.2568261623382568, 1.1711331605911255]",sae,Pre-64
1,beta,44,75.0,0.4469012312759677,0.43811650775401,0.4422223808630675,0.5,0.5982762074796864,0.6190848668045466,30,"[0, 1, 2, 3, 4, 5, 6, 7, 8, 9, 10, 11, 12, 13, 14, 15, 16, 17, 18, 19, 20, 21, 22, 23, 24, 25, 26, 27, 28, 29]","[1.188148856163025, 1.2002507448196411, 1.1204805374145508, 1.1610747575759888, 1.1904850006103516, 1.2366626262664795, 1.1955641508102417, 1.144327998161316, 1.206619143486023, 1.2314187288284302, 1.1892151832580566, 1.1514842510223389, 1.187224268913269, 1.1622644662857056, 1.248563528060913, 1.2472829818725586, 1.1387724876403809, 1.0304396152496338, 1.2001614570617676, 1.1816792488098145, 1.1582975387573242, 1.1419570446014404, 1.1716670989990234, 1.1951204538345337, 1.2422082424163818, 1.1315513849258423, 1.152037262916565, 1.1923751831054688, 1.1700479984283447, 1.2005369663238525]",sae,Pre-64
1,beta,29,0.21,0.4558655961502112,0.4409050416793991,0.4505385705914465,0.5,0.6296548282533407,0.6686498094534469,30,"[0, 1, 2, 3, 4, 5, 6, 7, 8, 9, 10, 11, 12, 13, 14, 15, 16, 17, 18, 19, 20, 21, 22, 23, 24, 25, 26, 27, 28, 29]","[1.2166553735733032, 1.161798357963562, 1.0457819700241089, 1.2598263025283813, 1.2042124271392822, 1.1851296424865723, 1.264769196510315, 1.185486912727356, 1.2502046823501587, 1.2580965757369995, 1.2110666036605835, 1.246919870376587, 1.253766655921936, 1.2579617500305176, 1.1948391199111938, 1.2504971027374268, 1.1329309940338135, 1.1862661838531494, 1.1693183183670044, 1.2170414924621582, 1.2724186182022095, 1.2783294916152954, 1.2036664485931396, 1.2183384895324707, 1.2085679769515991, 1.1537960767745972, 1.2185094356536865, 1.263474702835083, 1.3129962682724, 1.1893062591552734]",sae,Pre-64
1,beta,12,0.23,0.4455148672091349,0.4361346773072694,0.4067994034030875,0.5,0.5892778403611032,0.732179722690948,30,"[0, 1, 2, 3, 4, 5, 6, 7, 8, 9, 10, 11, 12, 13, 14, 15, 16, 17, 18, 19, 20, 21, 22, 23, 24, 25, 26, 27, 28, 29]","[1.1510069370269775, 1.238104224205017, 1.1669384241104126, 1.0727007389068604, 1.2094347476959229, 1.160822868347168, 1.1686755418777466, 1.231000304222107, 1.250001072883606, 1.1482594013214111, 1.1463829278945923, 1.2851383686065674, 1.1506091356277466, 1.2207391262054443, 1.1269334554672241, 1.2875975370407104, 1.111490249633789, 1.2468537092208862, 1.1965770721435547, 1.2625105381011963, 1.2613308429718018, 1.1978631019592285, 1.1764955520629883, 1.2832802534103394, 1.261273980140686, 1.1248352527618408, 1.2639222145080566, 1.2385042905807495, 1.1889654397964478, 1.2939741611480713]",sae,Pre-64
1,beta,32,1.0,0.4555596844830426,0.4475674839123162,0.4534723167539417,0.5,0.5924839124839124,0.6273726788012502,30,"[0, 1, 2, 3, 4, 5, 6, 7, 8, 9, 10, 11, 12, 13, 14, 15, 16, 17, 18, 19, 20, 21, 22, 23, 24, 25, 26, 27, 28, 29]","[1.28597891330719, 1.1913915872573853, 1.2832305431365967, 1.218367338180542, 1.2208343744277954, 1.3007514476776123, 1.2324695587158203, 1.1970856189727783, 1.2136499881744385, 1.2141656875610352, 1.2057666778564453, 1.2006953954696655, 1.2301374673843384, 1.1585408449172974, 1.1468251943588257, 1.169873833656311, 1.1970511674880981, 1.2234464883804321, 1.1713792085647583, 1.2120120525360107, 1.2902600765228271, 1.2123761177062988, 1.170460820198059, 1.290606141090393, 1.2252774238586426, 1.167966604232788, 1.2753394842147827, 1.0860527753829956, 1.292422890663147, 1.2855812311172485]",sae,Pre-64
1,beta,24,1000.0,0.4501416387440968,0.4383559369047743,0.4411581405520234,0.5,0.6188330126613704,0.6395171300893744,30,"[0, 1, 2, 3, 4, 5, 6, 7, 8, 9, 10, 11, 12, 13, 14, 15, 16, 17, 18, 19, 20, 21, 22, 23, 24, 25, 26, 27, 28, 29]","[1.2124673128128052, 1.1755998134613037, 1.1868178844451904, 1.2273244857788086, 1.242689609527588, 1.1841548681259155, 1.1860560178756714, 1.1832525730133057, 1.2021790742874146, 1.0739104747772217, 1.2058616876602173, 1.1563575267791748, 1.2078834772109985, 1.2294706106185913, 1.1749554872512817, 1.1637247800827026, 1.237532138824463, 1.0551373958587646, 1.169660210609436, 1.2379261255264282, 1.2216182947158813, 1.238648533821106, 1.1921476125717163, 1.2000505924224854, 1.1518317461013794, 1.1153621673583984, 1.1851884126663208, 1.1612211465835571, 1.239385962486267, 1.1791527271270752]",sae,Pre-64
1,beta,42,0.21,0.4546678683050885,0.4407690563496341,0.4403566016480169,0.5,0.6336081445133979,0.6603511208928656,30,"[0, 1, 2, 3, 4, 5, 6, 7, 8, 9, 10, 11, 12, 13, 14, 15, 16, 17, 18, 19, 20, 21, 22, 23, 24, 25, 26, 27, 28, 29]","[1.2767118215560913, 1.1509020328521729, 1.2741888761520386, 1.2517021894454956, 1.16533625125885, 1.2553739547729492, 1.1647206544876099, 1.148014783859253, 1.1693377494812012, 1.2613091468811035, 1.2386943101882935, 1.2795376777648926, 1.1614588499069214, 1.0049147605895996, 1.2809103727340698, 1.1924101114273071, 1.141250491142273, 1.1302461624145508, 1.240049958229065, 1.2147595882415771, 1.1706880331039429, 1.1570767164230347, 1.171014428138733, 1.1616032123565674, 1.189007043838501, 1.1533206701278687, 1.2752232551574707, 1.16252863407135, 1.2145106792449951, 1.1530125141143799]",sae,Pre-64
1,beta,20,0.5,0.4408022875601419,0.4262939306313442,0.4241967070808279,0.5,0.6176087118064704,0.6488779225692263,30,"[0, 1, 2, 3, 4, 5, 6, 7, 8, 9, 10, 11, 12, 13, 14, 15, 16, 17, 18, 19, 20, 21, 22, 23, 24, 25, 26, 27, 28, 29]","[1.1888443231582642, 1.2588075399398804, 1.2090791463851929, 1.276505947113037, 1.265021800994873, 1.2415491342544556, 1.253626823425293, 1.1762081384658813, 1.2560367584228516, 1.204184651374817, 1.1926451921463013, 1.1942633390426636, 1.285210132598877, 1.1553280353546143, 1.1849594116210938, 1.2904577255249023, 1.1613073348999023, 1.195784091949463, 1.2340788841247559, 1.2251707315444946, 1.236037015914917, 1.167548418045044, 1.2559117078781128, 1.2980648279190063, 1.249900221824646, 1.1806350946426392, 1.2032898664474487, 1.2339420318603516, 1.1950137615203857, 1.2724168300628662]",sae,Pre-64
1,beta,20,10.0,0.4408022875601419,0.4262939306313442,0.4200354489057782,0.5,0.6176087118064704,0.6488779225692263,30,"[0, 1, 2, 3, 4, 5, 6, 7, 8, 9, 10, 11, 12, 13, 14, 15, 16, 17, 18, 19, 20, 21, 22, 23, 24, 25, 26, 27, 28, 29]","[1.1888443231582642, 1.2588075399398804, 1.2090791463851929, 1.276505947113037, 1.265021800994873, 1.2415491342544556, 1.253626823425293, 1.1762081384658813, 1.2560367584228516, 1.204184651374817, 1.1926451921463013, 1.1942633390426636, 1.285210132598877, 1.1553280353546143, 1.1849594116210938, 1.2904577255249023, 1.1613073348999023, 1.195784091949463, 1.2340788841247559, 1.2251707315444946, 1.236037015914917, 1.167548418045044, 1.2559117078781128, 1.2980648279190063, 1.249900221824646, 1.1806350946426392, 1.2032898664474487, 1.2339420318603516, 1.1950137615203857, 1.2724168300628662]",sae,Pre-64
1,beta,24,1.5,0.4501416387440968,0.4383559369047743,0.4372565750295127,0.5,0.6188330126613704,0.6395171300893744,30,"[0, 1, 2, 3, 4, 5, 6, 7, 8, 9, 10, 11, 12, 13, 14, 15, 16, 17, 18, 19, 20, 21, 22, 23, 24, 25, 26, 27, 28, 29]","[1.2124673128128052, 1.1755998134613037, 1.1868178844451904, 1.2273244857788086, 1.242689609527588, 1.1841548681259155, 1.1860560178756714, 1.1832525730133057, 1.2021790742874146, 1.0739104747772217, 1.2058616876602173, 1.1563575267791748, 1.2078834772109985, 1.2294706106185913, 1.1749554872512817, 1.1637247800827026, 1.237532138824463, 1.0551373958587646, 1.169660210609436, 1.2379261255264282, 1.2216182947158813, 1.238648533821106, 1.1921476125717163, 1.2000505924224854, 1.1518317461013794, 1.1153621673583984, 1.1851884126663208, 1.1612211465835571, 1.239385962486267, 1.1791527271270752]",sae,Pre-64
1,beta,32,30.0,0.4555596844830426,0.4475674839123162,0.4471864921830374,0.5,0.5924839124839124,0.6273726788012502,30,"[0, 1, 2, 3, 4, 5, 6, 7, 8, 9, 10, 11, 12, 13, 14, 15, 16, 17, 18, 19, 20, 21, 22, 23, 24, 25, 26, 27, 28, 29]","[1.28597891330719, 1.1913915872573853, 1.2832305431365967, 1.218367338180542, 1.2208343744277954, 1.3007514476776123, 1.2324695587158203, 1.1970856189727783, 1.2136499881744385, 1.2141656875610352, 1.2057666778564453, 1.2006953954696655, 1.2301374673843384, 1.1585408449172974, 1.1468251943588257, 1.169873833656311, 1.1970511674880981, 1.2234464883804321, 1.1713792085647583, 1.2120120525360107, 1.2902600765228271, 1.2123761177062988, 1.170460820198059, 1.290606141090393, 1.2252774238586426, 1.167966604232788, 1.2753394842147827, 1.0860527753829956, 1.292422890663147, 1.2855812311172485]",sae,Pre-64
1,beta,37,0.3,0.4546908257221888,0.444978337644671,0.4248521975553931,0.5,0.6058579085235571,0.7202592918965247,30,"[0, 1, 2, 3, 4, 5, 6, 7, 8, 9, 10, 11, 12, 13, 14, 15, 16, 17, 18, 19, 20, 21, 22, 23, 24, 25, 26, 27, 28, 29]","[1.1383056640625, 1.213341236114502, 1.177707552909851, 1.16965913772583, 1.1041587591171265, 1.2045390605926514, 1.1453032493591309, 1.249243140220642, 1.2818135023117065, 1.2036993503570557, 1.1849234104156494, 1.1868669986724854, 1.214905858039856, 1.1719192266464233, 1.2408273220062256, 1.1888898611068726, 1.1841654777526855, 1.2297459840774536, 1.199540138244629, 1.1944150924682617, 1.1982941627502441, 1.2023546695709229, 1.2497965097427368, 1.2272303104400635, 1.1954416036605835, 1.2279680967330933, 1.1945136785507202, 1.198485016822815, 1.2278281450271606, 1.2478563785552979]",sae,Pre-64
1,beta,35,0.22,0.4566193215888805,0.4379483378046387,0.4287911689778148,0.5,0.637290178651746,0.712265141020336,30,"[0, 1, 2, 3, 4, 5, 6, 7, 8, 9, 10, 11, 12, 13, 14, 15, 16, 17, 18, 19, 20, 21, 22, 23, 24, 25, 26, 27, 28, 29]","[1.2319642305374146, 1.2740981578826904, 1.343858003616333, 1.2908051013946533, 1.2762902975082397, 1.2629636526107788, 1.203552007675171, 1.3618782758712769, 1.3648232221603394, 1.28774893283844, 1.3288733959197998, 1.2200071811676025, 1.2814483642578125, 1.170257329940796, 1.2715568542480469, 1.227526307106018, 1.3416152000427246, 1.2163760662078857, 1.3141380548477173, 1.2107983827590942, 1.2308422327041626, 1.224373698234558, 1.2552517652511597, 1.1900088787078857, 1.2447032928466797, 1.2783697843551636, 1.252427101135254, 1.3194689750671387, 1.329880714416504, 1.2995274066925049]",sae,Pre-64
1,beta,9,0.2,0.448644851968101,0.4348910401892977,0.4421534838583524,0.5,0.6286670530281078,0.6714488554042306,30,"[0, 1, 2, 3, 4, 5, 6, 7, 8, 9, 10, 11, 12, 13, 14, 15, 16, 17, 18, 19, 20, 21, 22, 23, 24, 25, 26, 27, 28, 29]","[1.3250737190246582, 1.2606791257858276, 1.3450183868408203, 1.322792410850525, 1.2623957395553589, 1.1266601085662842, 1.3188179731369019, 1.243618130683899, 1.3230844736099243, 1.2050104141235352, 1.312516212463379, 1.2667993307113647, 1.27151620388031, 1.311052680015564, 1.3574637174606323, 1.2795133590698242, 1.2414382696151733, 1.3330448865890503, 1.3438416719436646, 1.2408791780471802, 1.3302973508834839, 1.3387762308120728, 1.2440470457077026, 1.3296711444854736, 1.3451708555221558, 1.3291053771972656, 1.196425437927246, 1.141479730606079, 1.2584348917007446, 1.345983862876892]",sae,Pre-64
1,beta,44,2.0,0.4469012312759677,0.43811650775401,0.4411864113038358,0.5,0.5982762074796864,0.6190848668045466,30,"[0, 1, 2, 3, 4, 5, 6, 7, 8, 9, 10, 11, 12, 13, 14, 15, 16, 17, 18, 19, 20, 21, 22, 23, 24, 25, 26, 27, 28, 29]","[1.188148856163025, 1.2002507448196411, 1.1204805374145508, 1.1610747575759888, 1.1904850006103516, 1.2366626262664795, 1.1955641508102417, 1.144327998161316, 1.206619143486023, 1.2314187288284302, 1.1892151832580566, 1.1514842510223389, 1.187224268913269, 1.1622644662857056, 1.248563528060913, 1.2472829818725586, 1.1387724876403809, 1.0304396152496338, 1.2001614570617676, 1.1816792488098145, 1.1582975387573242, 1.1419570446014404, 1.1716670989990234, 1.1951204538345337, 1.2422082424163818, 1.1315513849258423, 1.152037262916565, 1.1923751831054688, 1.1700479984283447, 1.2005369663238525]",sae,Pre-64
1,beta,10,1.5,0.4493907433353129,0.4390813823454372,0.4332417786451561,0.5,0.6232207829487961,0.6743909002834692,30,"[0, 1, 2, 3, 4, 5, 6, 7, 8, 9, 10, 11, 12, 13, 14, 15, 16, 17, 18, 19, 20, 21, 22, 23, 24, 25, 26, 27, 28, 29]","[1.1427899599075317, 1.068242073059082, 1.199394941329956, 1.158583641052246, 1.149035930633545, 1.1689698696136475, 1.2380726337432861, 1.1728394031524658, 1.0578781366348267, 1.1875046491622925, 1.1654369831085205, 1.1715285778045654, 1.1657956838607788, 1.1442753076553345, 1.2309560775756836, 1.1749398708343506, 1.1827489137649536, 1.12376070022583, 1.1349002122879028, 1.1247795820236206, 1.1484092473983765, 1.1541001796722412, 1.2148005962371826, 1.210876226425171, 1.1075263023376465, 1.1338322162628174, 1.1668912172317505, 1.1912418603897095, 1.1516903638839722, 1.169378399848938]",sae,Pre-64
1,beta,2,0.21,0.4419681213812466,0.4306250660512843,0.4190657471453478,0.5,0.6028191218064636,0.6885838317800342,30,"[0, 1, 2, 3, 4, 5, 6, 7, 8, 9, 10, 11, 12, 13, 14, 15, 16, 17, 18, 19, 20, 21, 22, 23, 24, 25, 26, 27, 28, 29]","[1.177557349205017, 1.1915024518966675, 1.1719881296157837, 1.2240312099456787, 1.162042260169983, 1.232081651687622, 1.2029775381088257, 1.1968235969543457, 1.1483699083328247, 1.1551004648208618, 1.1784822940826416, 1.1624480485916138, 1.1972277164459229, 1.2313605546951294, 1.220990777015686, 1.1848907470703125, 1.212641954421997, 1.26743745803833, 1.256879210472107, 1.2425779104232788, 1.1858190298080444, 1.185718297958374, 1.2300180196762085, 1.2205278873443604, 1.191941738128662, 1.1699885129928589, 1.2158020734786987, 1.208266019821167, 1.0474804639816284, 1.2580093145370483]",sae,Pre-64
1,beta,20,0.22,0.4408022875601419,0.4262939306313442,0.4287072878879926,0.5,0.6176087118064704,0.6484236196961406,30,"[0, 1, 2, 3, 4, 5, 6, 7, 8, 9, 10, 11, 12, 13, 14, 15, 16, 17, 18, 19, 20, 21, 22, 23, 24, 25, 26, 27, 28, 29]","[1.2493773698806763, 1.3247747421264648, 1.270634412765503, 1.352321982383728, 1.3278201818466187, 1.3134047985076904, 1.3203407526016235, 1.2495663166046143, 1.3181322813034058, 1.2656203508377075, 1.2716103792190552, 1.2612024545669556, 1.3561923503875732, 1.2226028442382812, 1.2531626224517822, 1.3551700115203857, 1.2386692762374878, 1.256042242050171, 1.2972192764282227, 1.29157555103302, 1.299846887588501, 1.2266931533813477, 1.3182315826416016, 1.3653966188430786, 1.3222719430923462, 1.2377383708953857, 1.2650630474090576, 1.301401138305664, 1.251632571220398, 1.3462814092636108]",sae,Pre-64
1,beta,39,20.0,0.4461088087810431,0.4292341094433316,0.4248844992542865,0.5,0.6205127278095635,0.6657718484774533,30,"[0, 1, 2, 3, 4, 5, 6, 7, 8, 9, 10, 11, 12, 13, 14, 15, 16, 17, 18, 19, 20, 21, 22, 23, 24, 25, 26, 27, 28, 29]","[1.1917375326156616, 1.236011266708374, 1.1890162229537964, 1.1643238067626953, 1.140978217124939, 1.2120108604431152, 1.1828933954238892, 1.2210265398025513, 1.1605393886566162, 1.199174165725708, 1.1834092140197754, 1.0992392301559448, 1.2075473070144653, 1.1379015445709229, 1.20431649684906, 1.2560211420059204, 1.1885234117507935, 1.2229002714157104, 1.1480319499969482, 1.0825574398040771, 1.1679973602294922, 1.2216445207595825, 1.1227527856826782, 1.1278188228607178, 1.2215803861618042, 1.2034790515899658, 1.0507583618164062, 1.1575127840042114, 1.2623809576034546, 1.1674622297286987]",sae,Pre-64
1,beta,10,50.0,0.4493907433353129,0.4390813823454372,0.4344056235297167,0.5,0.6232207829487961,0.6743909002834692,30,"[0, 1, 2, 3, 4, 5, 6, 7, 8, 9, 10, 11, 12, 13, 14, 15, 16, 17, 18, 19, 20, 21, 22, 23, 24, 25, 26, 27, 28, 29]","[1.1427899599075317, 1.068242073059082, 1.199394941329956, 1.158583641052246, 1.149035930633545, 1.1689698696136475, 1.2380726337432861, 1.1728394031524658, 1.0578781366348267, 1.1875046491622925, 1.1654369831085205, 1.1715285778045654, 1.1657956838607788, 1.1442753076553345, 1.2309560775756836, 1.1749398708343506, 1.1827489137649536, 1.12376070022583, 1.1349002122879028, 1.1247795820236206, 1.1484092473983765, 1.1541001796722412, 1.2148005962371826, 1.210876226425171, 1.1075263023376465, 1.1338322162628174, 1.1668912172317505, 1.1912418603897095, 1.1516903638839722, 1.169378399848938]",sae,Pre-64
1,beta,32,0.25,0.4555596844830426,0.4475674839123162,0.4636563594957081,0.5,0.5924839124839124,0.6294362934362934,30,"[0, 1, 2, 3, 4, 5, 6, 7, 8, 9, 10, 11, 12, 13, 14, 15, 16, 17, 18, 19, 20, 21, 22, 23, 24, 25, 26, 27, 28, 29]","[1.3362432718276978, 1.2419002056121826, 1.3338735103607178, 1.266650676727295, 1.2718956470489502, 1.3530237674713135, 1.2801039218902588, 1.2547705173492432, 1.2554123401641846, 1.2580692768096924, 1.254186749458313, 1.2470178604125977, 1.2784324884414673, 1.2002536058425903, 1.1898945569992065, 1.2076284885406494, 1.237165927886963, 1.276106834411621, 1.2212454080581665, 1.2594529390335083, 1.3399003744125366, 1.2586184740066528, 1.2083169221878052, 1.3359034061431885, 1.273220181465149, 1.2106850147247314, 1.3245558738708496, 1.129570722579956, 1.3434041738510132, 1.3352035284042358]",sae,Pre-64
1,beta,16,75.0,0.4519396108125126,0.4401978349795346,0.4265240655428548,0.5,0.6159012314439947,0.7157482046462309,30,"[0, 1, 2, 3, 4, 5, 6, 7, 8, 9, 10, 11, 12, 13, 14, 15, 16, 17, 18, 19, 20, 21, 22, 23, 24, 25, 26, 27, 28, 29]","[1.155144453048706, 1.1337980031967163, 1.1233099699020386, 1.1950212717056274, 1.1797491312026978, 1.1431095600128174, 1.194365382194519, 1.1770823001861572, 1.1407045125961304, 1.1889445781707764, 1.1803953647613525, 1.1736708879470825, 1.1382813453674316, 1.1618629693984985, 1.068888545036316, 1.121972918510437, 1.2042245864868164, 1.0445743799209595, 1.1478757858276367, 1.1736332178115845, 1.2176194190979004, 1.1968461275100708, 1.194488763809204, 1.1921454668045044, 1.079857349395752, 1.1655960083007812, 1.083346962928772, 1.1446884870529175, 1.1000053882598877, 1.1300923824310303]",sae,Pre-64
1,beta,49,0.5,0.462130925118617,0.4524487678230295,0.4452862815500374,0.5,0.6141152509743157,0.6820620275156124,30,"[0, 1, 2, 3, 4, 5, 6, 7, 8, 9, 10, 11, 12, 13, 14, 15, 16, 17, 18, 19, 20, 21, 22, 23, 24, 25, 26, 27, 28, 29]","[1.1955792903900146, 1.2339426279067993, 1.227441668510437, 1.218164324760437, 1.1577564477920532, 1.2039778232574463, 1.2636222839355469, 1.1616106033325195, 1.2682815790176392, 1.2436192035675049, 1.1828258037567139, 1.183961272239685, 1.2312450408935547, 1.23956298828125, 1.2553901672363281, 1.215380072593689, 1.3020977973937988, 1.2758632898330688, 1.1539138555526733, 1.2446073293685913, 1.285398006439209, 1.2034016847610474, 1.2803635597229004, 1.2390834093093872, 1.2064563035964966, 1.2346209287643433, 1.2449344396591187, 1.2065967321395874, 1.1109589338302612, 1.1993699073791504]",sae,Pre-64
1,beta,26,0.75,0.4502231978181314,0.4442488029476733,0.4463790869535078,0.5,0.5832450787939482,0.6475593742568525,30,"[0, 1, 2, 3, 4, 5, 6, 7, 8, 9, 10, 11, 12, 13, 14, 15, 16, 17, 18, 19, 20, 21, 22, 23, 24, 25, 26, 27, 28, 29]","[1.1555442810058594, 1.2041875123977661, 1.299892783164978, 1.115403652191162, 1.1977704763412476, 1.2426538467407227, 1.2137271165847778, 1.1166235208511353, 1.202622890472412, 1.1893163919448853, 1.098173975944519, 1.2942622900009155, 1.250457763671875, 1.2013744115829468, 1.2439463138580322, 1.1272211074829102, 1.1953763961791992, 1.1167938709259033, 1.2241944074630737, 1.2015106678009033, 1.1450039148330688, 1.2828484773635864, 1.2133245468139648, 1.2307840585708618, 1.2933491468429565, 1.3005832433700562, 1.1806293725967407, 1.226503849029541, 1.0538688898086548, 1.1579833030700684]",sae,Pre-64
1,beta,41,200.0,0.4543678569363413,0.4427951465832617,0.4470912810108336,0.5,0.6190905384235713,0.6706238331294664,30,"[0, 1, 2, 3, 4, 5, 6, 7, 8, 9, 10, 11, 12, 13, 14, 15, 16, 17, 18, 19, 20, 21, 22, 23, 24, 25, 26, 27, 28, 29]","[1.1356950998306274, 1.1843740940093994, 1.0599017143249512, 1.0706007480621338, 1.0468002557754517, 1.210906744003296, 1.101571798324585, 1.1551228761672974, 1.140668272972107, 1.1793739795684814, 1.185392141342163, 1.1593207120895386, 1.1646181344985962, 1.1845898628234863, 1.201792597770691, 1.1444034576416016, 1.0762401819229126, 1.1555777788162231, 1.1304680109024048, 1.1696642637252808, 1.0725892782211304, 1.1413424015045166, 1.1628625392913818, 1.156077265739441, 1.1492286920547485, 1.137248158454895, 1.1817694902420044, 1.172348141670227, 1.1405194997787476, 1.0922468900680542]",sae,Pre-64
1,beta,5,1.0,0.4445517550333296,0.4301735816232515,0.4244781642348109,0.5,0.6070910659257547,0.6842133226655333,30,"[0, 1, 2, 3, 4, 5, 6, 7, 8, 9, 10, 11, 12, 13, 14, 15, 16, 17, 18, 19, 20, 21, 22, 23, 24, 25, 26, 27, 28, 29]","[1.204357385635376, 1.1163825988769531, 1.1249853372573853, 1.2326985597610474, 1.2355924844741821, 1.143419623374939, 1.1704707145690918, 1.1541118621826172, 1.2013881206512451, 1.1368167400360107, 1.2147825956344604, 1.2316826581954956, 1.1647292375564575, 1.1742970943450928, 1.2483549118041992, 1.1848121881484985, 1.1945708990097046, 1.215935230255127, 1.0952128171920776, 1.1795579195022583, 1.241766095161438, 1.18599534034729, 1.2278627157211304, 1.1371809244155884, 1.1636097431182861, 1.2409509420394897, 1.11619234085083, 1.1437363624572754, 1.2238935232162476, 1.1628071069717407]",sae,Pre-64
1,beta,47,0.25,0.4460371044958436,0.4257646434940195,0.4033451395960316,0.5,0.6434257056516428,0.7291872950556163,30,"[0, 1, 2, 3, 4, 5, 6, 7, 8, 9, 10, 11, 12, 13, 14, 15, 16, 17, 18, 19, 20, 21, 22, 23, 24, 25, 26, 27, 28, 29]","[1.2948559522628784, 1.148354411125183, 1.1743416786193848, 1.1649647951126099, 1.246188759803772, 1.2814688682556152, 1.2447621822357178, 1.2164852619171143, 1.2303695678710938, 1.1912521123886108, 1.1916992664337158, 1.1139793395996094, 1.1724560260772705, 1.2962146997451782, 1.1174935102462769, 1.2390276193618774, 1.1683082580566406, 1.2478612661361694, 1.090547800064087, 1.1480519771575928, 1.1796824932098389, 1.2337864637374878, 1.2272014617919922, 1.1476048231124878, 1.2347866296768188, 1.1138331890106201, 1.1005412340164185, 1.2123545408248901, 1.1655439138412476, 1.21992826461792]",sae,Pre-64
1,beta,16,2.0,0.4519396108125126,0.4401978349795346,0.4230814742630472,0.5,0.6159012314439947,0.7157482046462309,30,"[0, 1, 2, 3, 4, 5, 6, 7, 8, 9, 10, 11, 12, 13, 14, 15, 16, 17, 18, 19, 20, 21, 22, 23, 24, 25, 26, 27, 28, 29]","[1.155144453048706, 1.1337980031967163, 1.1233099699020386, 1.1950212717056274, 1.1797491312026978, 1.1431095600128174, 1.194365382194519, 1.1770823001861572, 1.1407045125961304, 1.1889445781707764, 1.1803953647613525, 1.1736708879470825, 1.1382813453674316, 1.1618629693984985, 1.068888545036316, 1.121972918510437, 1.2042245864868164, 1.0445743799209595, 1.1478757858276367, 1.1736332178115845, 1.2176194190979004, 1.1968461275100708, 1.194488763809204, 1.1921454668045044, 1.079857349395752, 1.1655960083007812, 1.083346962928772, 1.1446884870529175, 1.1000053882598877, 1.1300923824310303]",sae,Pre-64
1,beta,0,5.0,0.4600628296558519,0.4487196928272481,0.4280048716949678,0.5,0.6146148452673732,0.7212500893551071,30,"[0, 1, 2, 3, 4, 5, 6, 7, 8, 9, 10, 11, 12, 13, 14, 15, 16, 17, 18, 19, 20, 21, 22, 23, 24, 25, 26, 27, 28, 29]","[1.1609565019607544, 1.205399990081787, 1.1734585762023926, 1.2161903381347656, 1.1425961256027222, 1.1842118501663208, 1.2070008516311646, 1.2379403114318848, 1.2223178148269653, 1.1959354877471924, 1.181226134300232, 1.1726235151290894, 1.2236276865005493, 1.2120070457458496, 1.218804955482483, 1.1687568426132202, 1.1801352500915527, 1.143155813217163, 1.0709192752838135, 1.2054029703140259, 1.1369202136993408, 1.1508759260177612, 1.2216984033584595, 1.1585367918014526, 1.1669466495513916, 1.1062743663787842, 1.2285964488983154, 1.136776089668274, 1.1998835802078247, 1.1328357458114624]",sae,Pre-64
1,beta,39,1000.0,0.4461088087810431,0.4292341094433316,0.4297945582794436,0.5,0.6205127278095635,0.6657718484774533,30,"[0, 1, 2, 3, 4, 5, 6, 7, 8, 9, 10, 11, 12, 13, 14, 15, 16, 17, 18, 19, 20, 21, 22, 23, 24, 25, 26, 27, 28, 29]","[1.1917375326156616, 1.236011266708374, 1.1890162229537964, 1.1643238067626953, 1.140978217124939, 1.2120108604431152, 1.1828933954238892, 1.2210265398025513, 1.1605393886566162, 1.199174165725708, 1.1834092140197754, 1.0992392301559448, 1.2075473070144653, 1.1379015445709229, 1.20431649684906, 1.2560211420059204, 1.1885234117507935, 1.2229002714157104, 1.1480319499969482, 1.0825574398040771, 1.1679973602294922, 1.2216445207595825, 1.1227527856826782, 1.1278188228607178, 1.2215803861618042, 1.2034790515899658, 1.0507583618164062, 1.1575127840042114, 1.2623809576034546, 1.1674622297286987]",sae,Pre-64
1,beta,7,100.0,0.4564836922581216,0.4420418003909208,0.4313737553479332,0.5,0.6095136152062148,0.7000084039932237,30,"[0, 1, 2, 3, 4, 5, 6, 7, 8, 9, 10, 11, 12, 13, 14, 15, 16, 17, 18, 19, 20, 21, 22, 23, 24, 25, 26, 27, 28, 29]","[1.186367392539978, 1.203552484512329, 1.2273681163787842, 1.1744158267974854, 1.2427024841308594, 1.194297194480896, 1.1417649984359741, 1.1899380683898926, 1.274727702140808, 1.2103523015975952, 1.1130813360214233, 1.1793581247329712, 1.1271109580993652, 1.140200138092041, 1.2939406633377075, 1.2133886814117432, 1.183907389640808, 1.1221195459365845, 1.2292346954345703, 1.2417727708816528, 1.200108528137207, 1.2005424499511719, 1.201027750968933, 1.1506562232971191, 1.259361982345581, 1.2019909620285034, 1.2091292142868042, 1.0751577615737915, 1.2751001119613647, 1.1631182432174683]",sae,Pre-64
1,beta,35,0.5,0.4566193215888805,0.4379483378046387,0.4265297601173389,0.5,0.637290178651746,0.711674432830182,30,"[0, 1, 2, 3, 4, 5, 6, 7, 8, 9, 10, 11, 12, 13, 14, 15, 16, 17, 18, 19, 20, 21, 22, 23, 24, 25, 26, 27, 28, 29]","[1.1419644355773926, 1.1713181734085083, 1.240107536315918, 1.195743441581726, 1.1811882257461548, 1.1707707643508911, 1.1092125177383423, 1.2573636770248413, 1.2576355934143066, 1.1896233558654785, 1.2206906080245972, 1.1313600540161133, 1.1883442401885986, 1.0861045122146606, 1.169890284538269, 1.1350536346435547, 1.2416034936904907, 1.1306434869766235, 1.220120906829834, 1.109336495399475, 1.1400814056396484, 1.1308884620666504, 1.1600199937820435, 1.0872516632080078, 1.1515733003616333, 1.1778661012649536, 1.1567775011062622, 1.2329468727111816, 1.2157437801361084, 1.209161400794983]",sae,Pre-64
1,beta,4,0.25,0.4589558369307028,0.4477177462853796,0.452905568890858,0.5,0.61034827708266,0.6592455792049495,30,"[0, 1, 2, 3, 4, 5, 6, 7, 8, 9, 10, 11, 12, 13, 14, 15, 16, 17, 18, 19, 20, 21, 22, 23, 24, 25, 26, 27, 28, 29]","[1.2973378896713257, 1.2791041135787964, 1.219119906425476, 1.3503131866455078, 1.1939797401428223, 1.2321487665176392, 1.2643104791641235, 1.2155791521072388, 1.3096996545791626, 1.318448781967163, 1.3060904741287231, 1.2327197790145874, 1.3508964776992798, 1.2562520503997803, 1.2101447582244873, 1.2976163625717163, 1.2972917556762695, 1.2730969190597534, 1.2344839572906494, 1.3253003358840942, 1.2860667705535889, 1.3422609567642212, 1.294095754623413, 1.198452353477478, 1.2898379564285278, 1.223670482635498, 1.2509275674819946, 1.2661709785461426, 1.3299074172973633, 1.2106634378433228]",sae,Pre-64
1,beta,6,10.0,0.4540822999211705,0.4457917896713532,0.434075062613232,0.5,0.5933447799067053,0.6652910519198336,30,"[0, 1, 2, 3, 4, 5, 6, 7, 8, 9, 10, 11, 12, 13, 14, 15, 16, 17, 18, 19, 20, 21, 22, 23, 24, 25, 26, 27, 28, 29]","[1.2093437910079956, 1.2324018478393555, 1.1689670085906982, 1.2286028861999512, 1.1660292148590088, 1.1364821195602417, 1.1552339792251587, 1.210248351097107, 1.1588280200958252, 1.2276009321212769, 1.1634801626205444, 1.1048387289047241, 1.1711478233337402, 1.1197253465652466, 1.0116533041000366, 1.2269690036773682, 1.129739761352539, 1.1970460414886475, 1.1658244132995605, 1.1922228336334229, 1.1664220094680786, 1.1494638919830322, 1.2115159034729004, 1.2004733085632324, 1.147264838218689, 1.1653865575790405, 1.1267348527908325, 1.1380363702774048, 1.188260555267334, 1.2108981609344482]",sae,Pre-64
1,beta,37,0.2,0.4546908257221888,0.444978337644671,0.4259700181712841,0.5,0.6058579085235571,0.7195908426986637,30,"[0, 1, 2, 3, 4, 5, 6, 7, 8, 9, 10, 11, 12, 13, 14, 15, 16, 17, 18, 19, 20, 21, 22, 23, 24, 25, 26, 27, 28, 29]","[1.2186881303787231, 1.2900687456130981, 1.2636117935180664, 1.254584550857544, 1.1845873594284058, 1.2902016639709473, 1.2302449941635132, 1.3281482458114624, 1.3749516010284424, 1.2897955179214478, 1.2640935182571411, 1.2671914100646973, 1.3034522533416748, 1.2608897686004639, 1.328605055809021, 1.2695916891098022, 1.2639415264129639, 1.3153094053268433, 1.2783352136611938, 1.2838398218154907, 1.285239338874817, 1.2902339696884155, 1.3351759910583496, 1.3097052574157715, 1.2800289392471313, 1.3178852796554565, 1.27336585521698, 1.2882221937179565, 1.3108960390090942, 1.3284281492233276]",sae,Pre-64
1,beta,0,200.0,0.4600628296558519,0.4487196928272481,0.4294260616841683,0.5,0.6146148452673732,0.7212500893551071,30,"[0, 1, 2, 3, 4, 5, 6, 7, 8, 9, 10, 11, 12, 13, 14, 15, 16, 17, 18, 19, 20, 21, 22, 23, 24, 25, 26, 27, 28, 29]","[1.1609565019607544, 1.205399990081787, 1.1734585762023926, 1.2161903381347656, 1.1425961256027222, 1.1842118501663208, 1.2070008516311646, 1.2379403114318848, 1.2223178148269653, 1.1959354877471924, 1.181226134300232, 1.1726235151290894, 1.2236276865005493, 1.2120070457458496, 1.218804955482483, 1.1687568426132202, 1.1801352500915527, 1.143155813217163, 1.0709192752838135, 1.2054029703140259, 1.1369202136993408, 1.1508759260177612, 1.2216984033584595, 1.1585367918014526, 1.1669466495513916, 1.1062743663787842, 1.2285964488983154, 1.136776089668274, 1.1998835802078247, 1.1328357458114624]",sae,Pre-64
1,beta,41,0.75,0.4543678569363413,0.4427951465832617,0.4421784389901959,0.5,0.6190905384235713,0.6706238331294664,30,"[0, 1, 2, 3, 4, 5, 6, 7, 8, 9, 10, 11, 12, 13, 14, 15, 16, 17, 18, 19, 20, 21, 22, 23, 24, 25, 26, 27, 28, 29]","[1.1356950998306274, 1.1843740940093994, 1.0599017143249512, 1.0706007480621338, 1.0468002557754517, 1.210906744003296, 1.101571798324585, 1.1551228761672974, 1.140668272972107, 1.1793739795684814, 1.185392141342163, 1.1593207120895386, 1.1646181344985962, 1.1845898628234863, 1.201792597770691, 1.1444034576416016, 1.0762401819229126, 1.1555777788162231, 1.1304680109024048, 1.1696642637252808, 1.0725892782211304, 1.1413424015045166, 1.1628625392913818, 1.156077265739441, 1.1492286920547485, 1.137248158454895, 1.1817694902420044, 1.172348141670227, 1.1405194997787476, 1.0922468900680542]",sae,Pre-64
1,beta,13,0.23,0.4619123366083722,0.4531466051409948,0.4367075282311671,0.5,0.6127276801885291,0.7078519449804297,30,"[0, 1, 2, 3, 4, 5, 6, 7, 8, 9, 10, 11, 12, 13, 14, 15, 16, 17, 18, 19, 20, 21, 22, 23, 24, 25, 26, 27, 28, 29]","[1.37306547164917, 1.1873513460159302, 1.356220006942749, 1.2975610494613647, 1.2704007625579834, 1.3591548204421997, 1.2996361255645752, 1.3041037321090698, 1.3223334550857544, 1.3047009706497192, 1.3677277565002441, 1.2968182563781738, 1.3111754655838013, 1.3345659971237183, 1.3323720693588257, 1.2639650106430054, 1.251103401184082, 1.327455997467041, 1.2944060564041138, 1.2961053848266602, 1.2682914733886719, 1.2232658863067627, 1.2467749118804932, 1.2728495597839355, 1.288680076599121, 1.244884967803955, 1.2877761125564575, 1.2596276998519897, 1.3025034666061401, 1.304337501525879]",sae,Pre-64
1,beta,23,50.0,0.4478205607315014,0.4344954522622479,0.4293385389136565,0.5,0.6150139710231751,0.6687422750907323,30,"[0, 1, 2, 3, 4, 5, 6, 7, 8, 9, 10, 11, 12, 13, 14, 15, 16, 17, 18, 19, 20, 21, 22, 23, 24, 25, 26, 27, 28, 29]","[1.1367353200912476, 1.1628820896148682, 1.1104114055633545, 1.2438031435012817, 1.0608277320861816, 1.1336368322372437, 1.211327075958252, 1.1689966917037964, 1.136163353919983, 1.248887538909912, 1.2434972524642944, 1.19732666015625, 1.1961266994476318, 1.0783805847167969, 1.1963282823562622, 1.2420802116394043, 0.9979529976844788, 1.167960286140442, 1.1316879987716675, 1.1474251747131348, 1.2360974550247192, 1.2508002519607544, 1.1319223642349243, 1.2472549676895142, 1.2268574237823486, 1.1909486055374146, 1.1608943939208984, 1.1226544380187988, 1.1709887981414795, 1.2530566453933716]",sae,Pre-64
1,beta,18,0.25,0.4575117633693479,0.4471831599677374,0.4182839141236465,0.5,0.6052065040104606,0.7279783219994782,30,"[0, 1, 2, 3, 4, 5, 6, 7, 8, 9, 10, 11, 12, 13, 14, 15, 16, 17, 18, 19, 20, 21, 22, 23, 24, 25, 26, 27, 28, 29]","[1.08156156539917, 1.1808451414108276, 1.2274887561798096, 1.1775970458984375, 1.1839946508407593, 1.1783868074417114, 1.302558422088623, 1.1474957466125488, 1.2003755569458008, 1.1137614250183105, 1.279771089553833, 1.1947054862976074, 1.217077374458313, 1.243087649345398, 1.1674503087997437, 1.1044795513153076, 1.2428091764450073, 1.1572407484054565, 1.1403177976608276, 1.0754040479660034, 1.2844663858413696, 1.1361045837402344, 1.2445805072784424, 1.2017990350723267, 1.1962649822235107, 1.1700507402420044, 1.2117968797683716, 1.2385376691818237, 1.2291908264160156, 1.181313395500183]",sae,Pre-64
1,beta,38,1.5,0.4455661720406026,0.4298851252298221,0.4256123198918465,0.5,0.6303640517897944,0.6635567402894135,30,"[0, 1, 2, 3, 4, 5, 6, 7, 8, 9, 10, 11, 12, 13, 14, 15, 16, 17, 18, 19, 20, 21, 22, 23, 24, 25, 26, 27, 28, 29]","[1.1721346378326416, 1.1665115356445312, 1.1951327323913574, 1.2084224224090576, 1.1932506561279297, 1.0943678617477417, 1.22554349899292, 1.190416932106018, 1.0534244775772095, 1.212303638458252, 1.196964144706726, 1.1929432153701782, 1.2093898057937622, 1.185971736907959, 1.2129939794540405, 1.1697133779525757, 1.1856392621994019, 1.237824559211731, 1.137427806854248, 1.2083672285079956, 1.1895427703857422, 1.2017890214920044, 1.2302438020706177, 1.1494355201721191, 1.191596269607544, 1.2291513681411743, 1.1410502195358276, 1.2461069822311401, 1.175614595413208, 1.249431848526001]",sae,Pre-64
1,beta,13,0.75,0.4619123366083722,0.4531466051409948,0.4353358523040135,0.5,0.6127276801885291,0.7084227751366117,30,"[0, 1, 2, 3, 4, 5, 6, 7, 8, 9, 10, 11, 12, 13, 14, 15, 16, 17, 18, 19, 20, 21, 22, 23, 24, 25, 26, 27, 28, 29]","[1.2620290517807007, 1.0841492414474487, 1.2518304586410522, 1.2009828090667725, 1.1773443222045898, 1.2524205446243286, 1.1896860599517822, 1.205586552619934, 1.2011864185333252, 1.204891324043274, 1.2614386081695557, 1.189528465270996, 1.1975116729736328, 1.2220771312713623, 1.2205173969268799, 1.1578680276870728, 1.1433484554290771, 1.2188818454742432, 1.1746560335159302, 1.1710954904556274, 1.1613126993179321, 1.1272764205932617, 1.1385637521743774, 1.1813597679138184, 1.1625311374664307, 1.1538347005844116, 1.1776994466781616, 1.1675361394882202, 1.191448450088501, 1.2053452730178833]",sae,Pre-64
1,beta,33,1.0,0.4492211383258522,0.4377959816952598,0.4223402424961981,0.5,0.6165210074526608,0.6954138560095032,30,"[0, 1, 2, 3, 4, 5, 6, 7, 8, 9, 10, 11, 12, 13, 14, 15, 16, 17, 18, 19, 20, 21, 22, 23, 24, 25, 26, 27, 28, 29]","[1.1849273443222046, 1.2562428712844849, 1.2136778831481934, 1.194433331489563, 1.149998426437378, 1.2687307596206665, 1.1574212312698364, 1.2470797300338745, 1.2527871131896973, 1.2536271810531616, 1.1950736045837402, 1.2495068311691284, 1.1756917238235474, 1.1588196754455566, 1.1325362920761108, 1.2413465976715088, 1.1629266738891602, 1.1944456100463867, 1.2464298009872437, 1.2438013553619385, 1.1899774074554443, 1.159067153930664, 1.2561681270599365, 1.2361953258514404, 1.2687146663665771, 1.1437739133834839, 1.1919195652008057, 1.171987533569336, 1.145799160003662, 1.191154956817627]",sae,Pre-64
1,beta,40,0.23,0.44666181227492,0.4340193094910912,0.431557798422161,0.5,0.6093636266731638,0.6691071890846518,30,"[0, 1, 2, 3, 4, 5, 6, 7, 8, 9, 10, 11, 12, 13, 14, 15, 16, 17, 18, 19, 20, 21, 22, 23, 24, 25, 26, 27, 28, 29]","[1.352622151374817, 1.2962162494659424, 1.295310378074646, 1.2355241775512695, 1.2683883905410767, 1.2989956140518188, 1.3010659217834473, 1.3115605115890503, 1.3264591693878174, 1.3313549757003784, 1.274231195449829, 1.2813864946365356, 1.3481067419052124, 1.2361615896224976, 1.2542808055877686, 1.3655706644058228, 1.2639068365097046, 1.301501750946045, 1.2537198066711426, 1.2499727010726929, 1.2603023052215576, 1.2700294256210327, 1.3250809907913208, 1.2892394065856934, 1.3386527299880981, 1.2683696746826172, 1.3323814868927002, 1.2326023578643799, 1.373918056488037, 1.261679768562317]",sae,Pre-64
1,beta,47,1.0,0.4460371044958436,0.4257646434940195,0.4033451395960316,0.5,0.6434257056516428,0.7291872950556163,30,"[0, 1, 2, 3, 4, 5, 6, 7, 8, 9, 10, 11, 12, 13, 14, 15, 16, 17, 18, 19, 20, 21, 22, 23, 24, 25, 26, 27, 28, 29]","[1.2948559522628784, 1.148354411125183, 1.1743416786193848, 1.1649647951126099, 1.246188759803772, 1.2814688682556152, 1.2447621822357178, 1.2164852619171143, 1.2303695678710938, 1.1912521123886108, 1.1916992664337158, 1.1139793395996094, 1.1724560260772705, 1.2962146997451782, 1.1174935102462769, 1.2390276193618774, 1.1683082580566406, 1.2478612661361694, 1.090547800064087, 1.1480519771575928, 1.1796824932098389, 1.2337864637374878, 1.2272014617919922, 1.1476048231124878, 1.2347866296768188, 1.1138331890106201, 1.1005412340164185, 1.2123545408248901, 1.1655439138412476, 1.21992826461792]",sae,Pre-64
1,beta,13,200.0,0.4619123366083722,0.4531466051409948,0.4353358523040135,0.5,0.6127276801885291,0.7084227751366117,30,"[0, 1, 2, 3, 4, 5, 6, 7, 8, 9, 10, 11, 12, 13, 14, 15, 16, 17, 18, 19, 20, 21, 22, 23, 24, 25, 26, 27, 28, 29]","[1.2620290517807007, 1.0841492414474487, 1.2518304586410522, 1.2009828090667725, 1.1773443222045898, 1.2524205446243286, 1.1896860599517822, 1.205586552619934, 1.2011864185333252, 1.204891324043274, 1.2614386081695557, 1.189528465270996, 1.1975116729736328, 1.2220771312713623, 1.2205173969268799, 1.1578680276870728, 1.1433484554290771, 1.2188818454742432, 1.1746560335159302, 1.1710954904556274, 1.1613126993179321, 1.1272764205932617, 1.1385637521743774, 1.1813597679138184, 1.1625311374664307, 1.1538347005844116, 1.1776994466781616, 1.1675361394882202, 1.191448450088501, 1.2053452730178833]",sae,Pre-64
1,beta,28,200.0,0.4589844236982603,0.4495627040154577,0.4363597930098649,0.5,0.5987249917034086,0.6954499122931779,30,"[0, 1, 2, 3, 4, 5, 6, 7, 8, 9, 10, 11, 12, 13, 14, 15, 16, 17, 18, 19, 20, 21, 22, 23, 24, 25, 26, 27, 28, 29]","[1.1352343559265137, 1.0775038003921509, 1.0399432182312012, 1.2336927652359009, 1.179149866104126, 1.2072476148605347, 1.1323752403259277, 1.10542631149292, 1.2175010442733765, 1.2215855121612549, 1.176476240158081, 1.2057819366455078, 1.218854308128357, 1.2209949493408203, 1.1551659107208252, 1.1379764080047607, 1.1653257608413696, 1.2166705131530762, 1.183241605758667, 1.1995640993118286, 1.135400652885437, 1.153017282485962, 1.1304819583892822, 1.08482027053833, 1.1267801523208618, 1.205606460571289, 1.2566165924072266, 1.1601134538650513, 1.1428003311157227, 1.122060775756836]",sae,Pre-64
1,beta,6,500.0,0.4540822999211705,0.4457917896713532,0.4384936900712481,0.5,0.5933447799067053,0.6652910519198336,30,"[0, 1, 2, 3, 4, 5, 6, 7, 8, 9, 10, 11, 12, 13, 14, 15, 16, 17, 18, 19, 20, 21, 22, 23, 24, 25, 26, 27, 28, 29]","[1.2093437910079956, 1.2324018478393555, 1.1689670085906982, 1.2286028861999512, 1.1660292148590088, 1.1364821195602417, 1.1552339792251587, 1.210248351097107, 1.1588280200958252, 1.2276009321212769, 1.1634801626205444, 1.1048387289047241, 1.1711478233337402, 1.1197253465652466, 1.0116533041000366, 1.2269690036773682, 1.129739761352539, 1.1970460414886475, 1.1658244132995605, 1.1922228336334229, 1.1664220094680786, 1.1494638919830322, 1.2115159034729004, 1.2004733085632324, 1.147264838218689, 1.1653865575790405, 1.1267348527908325, 1.1380363702774048, 1.188260555267334, 1.2108981609344482]",sae,Pre-64
1,beta,26,20.0,0.4502231978181314,0.4442488029476733,0.4425473275710452,0.5,0.5832450787939482,0.6475593742568525,30,"[0, 1, 2, 3, 4, 5, 6, 7, 8, 9, 10, 11, 12, 13, 14, 15, 16, 17, 18, 19, 20, 21, 22, 23, 24, 25, 26, 27, 28, 29]","[1.1555442810058594, 1.2041875123977661, 1.299892783164978, 1.115403652191162, 1.1977704763412476, 1.2426538467407227, 1.2137271165847778, 1.1166235208511353, 1.202622890472412, 1.1893163919448853, 1.098173975944519, 1.2942622900009155, 1.250457763671875, 1.2013744115829468, 1.2439463138580322, 1.1272211074829102, 1.1953763961791992, 1.1167938709259033, 1.2241944074630737, 1.2015106678009033, 1.1450039148330688, 1.2828484773635864, 1.2133245468139648, 1.2307840585708618, 1.2933491468429565, 1.3005832433700562, 1.1806293725967407, 1.226503849029541, 1.0538688898086548, 1.1579833030700684]",sae,Pre-64
1,beta,21,0.5,0.4504746503440228,0.4381370334360364,0.4301839907812164,0.5,0.6200058082774133,0.6869276684091498,30,"[0, 1, 2, 3, 4, 5, 6, 7, 8, 9, 10, 11, 12, 13, 14, 15, 16, 17, 18, 19, 20, 21, 22, 23, 24, 25, 26, 27, 28, 29]","[1.1803401708602905, 1.2128844261169434, 1.3116868734359741, 1.3021296262741089, 1.2420639991760254, 1.2579598426818848, 1.2120997905731201, 1.2139010429382324, 1.2773693799972534, 1.2380865812301636, 1.3010121583938599, 1.254736065864563, 1.1990844011306763, 1.212813138961792, 1.215598702430725, 1.2088372707366943, 1.2283952236175537, 1.2312002182006836, 1.1712905168533325, 1.3055943250656128, 1.1831612586975098, 1.3057661056518555, 1.1795352697372437, 1.1755603551864624, 1.241021752357483, 1.1754004955291748, 1.1186727285385132, 1.2165007591247559, 1.2829135656356812, 1.247792363166809]",sae,Pre-64
1,beta,45,2.0,0.4515599815008028,0.4347157609968581,0.427516219712577,0.5,0.6289673345145609,0.6747383883815667,30,"[0, 1, 2, 3, 4, 5, 6, 7, 8, 9, 10, 11, 12, 13, 14, 15, 16, 17, 18, 19, 20, 21, 22, 23, 24, 25, 26, 27, 28, 29]","[1.2118186950683594, 1.2046393156051636, 1.1175212860107422, 1.2471874952316284, 1.2435009479522705, 1.0702455043792725, 1.2621617317199707, 1.1873860359191895, 1.158481478691101, 1.0991942882537842, 1.1809848546981812, 1.2580912113189697, 1.2084110975265503, 1.1058392524719238, 1.1608388423919678, 1.1815924644470215, 1.1621969938278198, 1.0576989650726318, 1.1889337301254272, 1.2040725946426392, 1.2099356651306152, 1.1275392770767212, 1.2057688236236572, 1.0658499002456665, 1.0492150783538818, 1.2386078834533691, 1.1468443870544434, 1.167812705039978, 1.0608655214309692, 1.248781681060791]",sae,Pre-64
1,beta,30,0.4,0.4638407167611665,0.4544841508273655,0.4349917136696578,0.5,0.6043368975359404,0.6920299717760999,30,"[0, 1, 2, 3, 4, 5, 6, 7, 8, 9, 10, 11, 12, 13, 14, 15, 16, 17, 18, 19, 20, 21, 22, 23, 24, 25, 26, 27, 28, 29]","[1.234999656677246, 1.1741113662719727, 1.2121046781539917, 1.183706521987915, 1.188236951828003, 1.1696803569793701, 1.186059832572937, 1.151381492614746, 1.14472234249115, 1.1600751876831055, 1.2435591220855713, 1.1388177871704102, 1.1140148639678955, 1.1526716947555542, 1.2056300640106201, 1.2250553369522095, 1.1707159280776978, 1.1746101379394531, 1.240835428237915, 1.1718575954437256, 1.142357349395752, 1.105589747428894, 1.171762228012085, 1.1619601249694824, 1.262255311012268, 1.1716129779815674, 1.202602505683899, 1.1705881357192993, 1.21686589717865, 1.1907846927642822]",sae,Pre-64
1,beta,24,0.2,0.4501416387440968,0.4383559369047743,0.4439103152590113,0.5,0.6188330126613704,0.6395171300893744,30,"[0, 1, 2, 3, 4, 5, 6, 7, 8, 9, 10, 11, 12, 13, 14, 15, 16, 17, 18, 19, 20, 21, 22, 23, 24, 25, 26, 27, 28, 29]","[1.2124673128128052, 1.1755998134613037, 1.1868178844451904, 1.2273244857788086, 1.242689609527588, 1.1841548681259155, 1.1860560178756714, 1.1832525730133057, 1.2021790742874146, 1.0739104747772217, 1.2058616876602173, 1.1563575267791748, 1.2078834772109985, 1.2294706106185913, 1.1749554872512817, 1.1637247800827026, 1.237532138824463, 1.0551373958587646, 1.169660210609436, 1.2379261255264282, 1.2216182947158813, 1.238648533821106, 1.1921476125717163, 1.2000505924224854, 1.1518317461013794, 1.1153621673583984, 1.1851884126663208, 1.1612211465835571, 1.239385962486267, 1.1791527271270752]",sae,Pre-64
1,beta,38,50.0,0.4455661720406026,0.4298851252298221,0.430590426492465,0.5,0.6303640517897944,0.6635567402894135,30,"[0, 1, 2, 3, 4, 5, 6, 7, 8, 9, 10, 11, 12, 13, 14, 15, 16, 17, 18, 19, 20, 21, 22, 23, 24, 25, 26, 27, 28, 29]","[1.1721346378326416, 1.1665115356445312, 1.1951327323913574, 1.2084224224090576, 1.1932506561279297, 1.0943678617477417, 1.22554349899292, 1.190416932106018, 1.0534244775772095, 1.212303638458252, 1.196964144706726, 1.1929432153701782, 1.2093898057937622, 1.185971736907959, 1.2129939794540405, 1.1697133779525757, 1.1856392621994019, 1.237824559211731, 1.137427806854248, 1.2083672285079956, 1.1895427703857422, 1.2017890214920044, 1.2302438020706177, 1.1494355201721191, 1.191596269607544, 1.2291513681411743, 1.1410502195358276, 1.2461069822311401, 1.175614595413208, 1.249431848526001]",sae,Pre-64
1,beta,2,0.4,0.4419681213812466,0.4306250660512843,0.4172184707632667,0.5,0.6028191218064636,0.6885867297259702,30,"[0, 1, 2, 3, 4, 5, 6, 7, 8, 9, 10, 11, 12, 13, 14, 15, 16, 17, 18, 19, 20, 21, 22, 23, 24, 25, 26, 27, 28, 29]","[1.1774152517318726, 1.1913607120513916, 1.1718463897705078, 1.2238893508911133, 1.1619004011154175, 1.2319397926330566, 1.2028357982635498, 1.1966816186904907, 1.1482279300689697, 1.1549586057662964, 1.1783403158187866, 1.1623061895370483, 1.1970857381820679, 1.231218695640564, 1.2208489179611206, 1.184748888015747, 1.2125002145767212, 1.2672955989837646, 1.256737470626831, 1.2424360513687134, 1.1856769323349, 1.1855766773223877, 1.229876160621643, 1.2203861474990845, 1.1917999982833862, 1.1698466539382935, 1.2156603336334229, 1.2081241607666016, 1.0473384857177734, 1.257867455482483]",sae,Pre-64
1,beta,28,5.0,0.4589844236982603,0.4495627040154577,0.4354294075387062,0.5,0.5987249917034086,0.6954499122931779,30,"[0, 1, 2, 3, 4, 5, 6, 7, 8, 9, 10, 11, 12, 13, 14, 15, 16, 17, 18, 19, 20, 21, 22, 23, 24, 25, 26, 27, 28, 29]","[1.1352343559265137, 1.0775038003921509, 1.0399432182312012, 1.2336927652359009, 1.179149866104126, 1.2072476148605347, 1.1323752403259277, 1.10542631149292, 1.2175010442733765, 1.2215855121612549, 1.176476240158081, 1.2057819366455078, 1.218854308128357, 1.2209949493408203, 1.1551659107208252, 1.1379764080047607, 1.1653257608413696, 1.2166705131530762, 1.183241605758667, 1.1995640993118286, 1.135400652885437, 1.153017282485962, 1.1304819583892822, 1.08482027053833, 1.1267801523208618, 1.205606460571289, 1.2566165924072266, 1.1601134538650513, 1.1428003311157227, 1.122060775756836]",sae,Pre-64
1,beta,11,1.5,0.4566976193509867,0.4496008864727478,0.4314025118568114,0.5,0.5995106990682213,0.709773142295266,30,"[0, 1, 2, 3, 4, 5, 6, 7, 8, 9, 10, 11, 12, 13, 14, 15, 16, 17, 18, 19, 20, 21, 22, 23, 24, 25, 26, 27, 28, 29]","[1.197404384613037, 1.0159912109375, 1.1595122814178467, 1.0947496891021729, 1.2204711437225342, 1.0870051383972168, 1.1269891262054443, 1.0375356674194336, 1.2077991962432861, 1.2207576036453247, 1.2321844100952148, 1.2301312685012817, 1.2398982048034668, 1.1524134874343872, 1.143661618232727, 1.0850900411605835, 1.17250657081604, 1.1216024160385132, 1.160549521446228, 1.1942617893218994, 1.178363561630249, 1.1898934841156006, 1.2164463996887207, 1.1637935638427734, 1.1526267528533936, 1.2090473175048828, 1.2035871744155884, 1.1137361526489258, 1.1602522134780884, 1.1377544403076172]",sae,Pre-64
1,beta,22,100.0,0.4519005213187685,0.4442985770479847,0.4367168433296196,0.5,0.5939599289403404,0.6815271356133603,30,"[0, 1, 2, 3, 4, 5, 6, 7, 8, 9, 10, 11, 12, 13, 14, 15, 16, 17, 18, 19, 20, 21, 22, 23, 24, 25, 26, 27, 28, 29]","[1.1179190874099731, 1.168941855430603, 1.1830703020095825, 1.1668369770050049, 1.2358616590499878, 1.1766568422317505, 1.1327937841415405, 1.165419340133667, 1.125562310218811, 1.1434152126312256, 1.1285946369171143, 1.224861741065979, 1.1848485469818115, 1.2125139236450195, 1.133904218673706, 1.1921454668045044, 1.203025460243225, 1.2069814205169678, 1.1357468366622925, 1.1382958889007568, 1.198440432548523, 1.1977695226669312, 1.207923412322998, 1.1743204593658447, 1.1639965772628784, 1.2263959646224976, 1.1249594688415527, 1.1282567977905273, 1.2587064504623413, 1.1409783363342285]",sae,Pre-64
1,beta,19,1.0,0.4469965829377276,0.435497383761294,0.4095958514384848,0.5,0.6104665954706788,0.7106605521877061,30,"[0, 1, 2, 3, 4, 5, 6, 7, 8, 9, 10, 11, 12, 13, 14, 15, 16, 17, 18, 19, 20, 21, 22, 23, 24, 25, 26, 27, 28, 29]","[1.1908780336380005, 1.1948882341384888, 1.261419415473938, 1.2143750190734863, 1.1074068546295166, 1.138035535812378, 1.1818253993988037, 1.2405482530593872, 1.1682370901107788, 1.2502057552337646, 1.23455810546875, 1.2729377746582031, 1.1755164861679077, 1.1892448663711548, 1.0957870483398438, 1.117355465888977, 1.255409598350525, 1.2807034254074097, 1.139570951461792, 1.1753686666488647, 1.285911202430725, 1.180781364440918, 1.1631584167480469, 1.175125002861023, 1.172812819480896, 1.2548409700393677, 1.2710891962051392, 1.194553017616272, 1.1372811794281006, 1.1591088771820068]",sae,Pre-64
1,beta,19,500.0,0.4469965829377276,0.435497383761294,0.4115444306539579,0.5,0.6104665954706788,0.7106605521877061,30,"[0, 1, 2, 3, 4, 5, 6, 7, 8, 9, 10, 11, 12, 13, 14, 15, 16, 17, 18, 19, 20, 21, 22, 23, 24, 25, 26, 27, 28, 29]","[1.1908780336380005, 1.1948882341384888, 1.261419415473938, 1.2143750190734863, 1.1074068546295166, 1.138035535812378, 1.1818253993988037, 1.2405482530593872, 1.1682370901107788, 1.2502057552337646, 1.23455810546875, 1.2729377746582031, 1.1755164861679077, 1.1892448663711548, 1.0957870483398438, 1.117355465888977, 1.255409598350525, 1.2807034254074097, 1.139570951461792, 1.1753686666488647, 1.285911202430725, 1.180781364440918, 1.1631584167480469, 1.175125002861023, 1.172812819480896, 1.2548409700393677, 1.2710891962051392, 1.194553017616272, 1.1372811794281006, 1.1591088771820068]",sae,Pre-64
1,beta,46,30.0,0.4545712902572906,0.4417269056853911,0.4334415649850519,0.5,0.6270377926330811,0.6841009761445498,30,"[0, 1, 2, 3, 4, 5, 6, 7, 8, 9, 10, 11, 12, 13, 14, 15, 16, 17, 18, 19, 20, 21, 22, 23, 24, 25, 26, 27, 28, 29]","[1.154767394065857, 1.227081537246704, 1.2429275512695312, 1.2448883056640625, 1.1829752922058105, 1.2766703367233276, 1.184883952140808, 1.2525430917739868, 1.2228230237960815, 1.2935329675674438, 1.0590815544128418, 1.1557743549346924, 1.295918583869934, 1.1653231382369995, 1.2226365804672241, 1.2752548456192017, 1.2336431741714478, 1.2529560327529907, 1.253047227859497, 1.2707768678665161, 1.200863003730774, 1.2171014547348022, 1.2470494508743286, 1.232546091079712, 1.2547560930252075, 1.260716199874878, 1.2299758195877075, 1.279518485069275, 1.224043607711792, 1.2248477935791016]",sae,Pre-64
1,beta,35,100.0,0.4566193215888805,0.4379483378046387,0.4275639338118701,0.5,0.637290178651746,0.711674432830182,30,"[0, 1, 2, 3, 4, 5, 6, 7, 8, 9, 10, 11, 12, 13, 14, 15, 16, 17, 18, 19, 20, 21, 22, 23, 24, 25, 26, 27, 28, 29]","[1.1419644355773926, 1.1713181734085083, 1.240107536315918, 1.195743441581726, 1.1811882257461548, 1.1707707643508911, 1.1092125177383423, 1.2573636770248413, 1.2576355934143066, 1.1896233558654785, 1.2206906080245972, 1.1313600540161133, 1.1883442401885986, 1.0861045122146606, 1.169890284538269, 1.1350536346435547, 1.2416034936904907, 1.1306434869766235, 1.220120906829834, 1.109336495399475, 1.1400814056396484, 1.1308884620666504, 1.1600199937820435, 1.0872516632080078, 1.1515733003616333, 1.1778661012649536, 1.1567775011062622, 1.2329468727111816, 1.2157437801361084, 1.209161400794983]",sae,Pre-64
1,beta,3,2.0,0.4557259332451328,0.444824285747971,0.4396919618717724,0.5,0.6042731979176,0.6513497732311597,30,"[0, 1, 2, 3, 4, 5, 6, 7, 8, 9, 10, 11, 12, 13, 14, 15, 16, 17, 18, 19, 20, 21, 22, 23, 24, 25, 26, 27, 28, 29]","[1.2173471450805664, 1.2437915802001953, 1.2303599119186401, 1.1470088958740234, 1.225160837173462, 1.2187906503677368, 1.2136988639831543, 1.2373769283294678, 1.0408121347427368, 1.2769273519515991, 1.1646583080291748, 1.2723538875579834, 1.2085832357406616, 1.1533737182617188, 1.2780166864395142, 1.220745325088501, 1.2246323823928833, 1.232620120048523, 1.1631330251693726, 1.1876789331436157, 1.1246399879455566, 1.1998945474624634, 1.1904420852661133, 1.2890866994857788, 1.2598119974136353, 1.2086460590362549, 1.220794439315796, 1.200886607170105, 1.255966067314148, 1.1892025470733643]",sae,Pre-64
1,beta,47,500.0,0.4460371044958436,0.4257646434940195,0.4033451395960316,0.5,0.6434257056516428,0.7291872950556163,30,"[0, 1, 2, 3, 4, 5, 6, 7, 8, 9, 10, 11, 12, 13, 14, 15, 16, 17, 18, 19, 20, 21, 22, 23, 24, 25, 26, 27, 28, 29]","[1.2948559522628784, 1.148354411125183, 1.1743416786193848, 1.1649647951126099, 1.246188759803772, 1.2814688682556152, 1.2447621822357178, 1.2164852619171143, 1.2303695678710938, 1.1912521123886108, 1.1916992664337158, 1.1139793395996094, 1.1724560260772705, 1.2962146997451782, 1.1174935102462769, 1.2390276193618774, 1.1683082580566406, 1.2478612661361694, 1.090547800064087, 1.1480519771575928, 1.1796824932098389, 1.2337864637374878, 1.2272014617919922, 1.1476048231124878, 1.2347866296768188, 1.1138331890106201, 1.1005412340164185, 1.2123545408248901, 1.1655439138412476, 1.21992826461792]",sae,Pre-64
1,beta,27,0.75,0.4609757262074365,0.4537266978541116,0.4496609874435748,0.5,0.5914172664146189,0.6586614698443567,30,"[0, 1, 2, 3, 4, 5, 6, 7, 8, 9, 10, 11, 12, 13, 14, 15, 16, 17, 18, 19, 20, 21, 22, 23, 24, 25, 26, 27, 28, 29]","[1.2290319204330444, 1.2658694982528687, 1.2246942520141602, 1.2191146612167358, 1.2526310682296753, 1.1830732822418213, 1.2688981294631958, 1.1652835607528687, 1.2092324495315552, 1.1985894441604614, 1.1707059144973755, 1.268323302268982, 1.2084215879440308, 1.1814098358154297, 1.2069700956344604, 1.1506013870239258, 1.180336356163025, 1.2344633340835571, 1.2088221311569214, 1.1903407573699951, 1.2684584856033325, 1.2527191638946533, 1.1786249876022339, 1.1301987171173096, 1.2132477760314941, 1.2670561075210571, 1.1951019763946533, 1.2304065227508545, 1.1527602672576904, 1.2162050008773804]",sae,Pre-64
1,beta,31,2.0,0.4497611378811508,0.4308970333737342,0.4224456001280618,0.5,0.642735734520437,0.7068234375903335,30,"[0, 1, 2, 3, 4, 5, 6, 7, 8, 9, 10, 11, 12, 13, 14, 15, 16, 17, 18, 19, 20, 21, 22, 23, 24, 25, 26, 27, 28, 29]","[1.1868829727172852, 1.1684132814407349, 1.1411691904067993, 1.1192221641540527, 1.1979950666427612, 1.2012416124343872, 1.1268763542175293, 1.1949924230575562, 1.1851063966751099, 1.1678438186645508, 1.1846915483474731, 1.1878143548965454, 1.2181352376937866, 1.073760986328125, 1.2400416135787964, 1.1805418729782104, 1.1810487508773804, 1.162557601928711, 1.1839708089828491, 1.1404868364334106, 1.2300362586975098, 1.1923527717590332, 1.2170655727386475, 1.2127258777618408, 1.1911245584487915, 1.1909171342849731, 1.1074947118759155, 1.2370617389678955, 1.1450209617614746, 1.2102415561676025]",sae,Pre-64
1,beta,12,20.0,0.4455148672091349,0.4361346773072694,0.40233584275855,0.5,0.5892778403611032,0.732179722690948,30,"[0, 1, 2, 3, 4, 5, 6, 7, 8, 9, 10, 11, 12, 13, 14, 15, 16, 17, 18, 19, 20, 21, 22, 23, 24, 25, 26, 27, 28, 29]","[1.1510069370269775, 1.238104224205017, 1.1669384241104126, 1.0727007389068604, 1.2094347476959229, 1.160822868347168, 1.1686755418777466, 1.231000304222107, 1.250001072883606, 1.1482594013214111, 1.1463829278945923, 1.2851383686065674, 1.1506091356277466, 1.2207391262054443, 1.1269334554672241, 1.2875975370407104, 1.111490249633789, 1.2468537092208862, 1.1965770721435547, 1.2625105381011963, 1.2613308429718018, 1.1978631019592285, 1.1764955520629883, 1.2832802534103394, 1.261273980140686, 1.1248352527618408, 1.2639222145080566, 1.2385042905807495, 1.1889654397964478, 1.2939741611480713]",sae,Pre-64
1,beta,22,3.0,0.4519005213187685,0.4442985770479847,0.4305973304031032,0.5,0.5939599289403404,0.6815271356133603,30,"[0, 1, 2, 3, 4, 5, 6, 7, 8, 9, 10, 11, 12, 13, 14, 15, 16, 17, 18, 19, 20, 21, 22, 23, 24, 25, 26, 27, 28, 29]","[1.1179190874099731, 1.168941855430603, 1.1830703020095825, 1.1668369770050049, 1.2358616590499878, 1.1766568422317505, 1.1327937841415405, 1.165419340133667, 1.125562310218811, 1.1434152126312256, 1.1285946369171143, 1.224861741065979, 1.1848485469818115, 1.2125139236450195, 1.133904218673706, 1.1921454668045044, 1.203025460243225, 1.2069814205169678, 1.1357468366622925, 1.1382958889007568, 1.198440432548523, 1.1977695226669312, 1.207923412322998, 1.1743204593658447, 1.1639965772628784, 1.2263959646224976, 1.1249594688415527, 1.1282567977905273, 1.2587064504623413, 1.1409783363342285]",sae,Pre-64
1,beta,43,5.0,0.4515364523902173,0.4432102910589974,0.4263120020522478,0.5,0.6060785767234989,0.6967279466271312,30,"[0, 1, 2, 3, 4, 5, 6, 7, 8, 9, 10, 11, 12, 13, 14, 15, 16, 17, 18, 19, 20, 21, 22, 23, 24, 25, 26, 27, 28, 29]","[1.2137269973754883, 1.2966495752334595, 1.2138888835906982, 1.1676738262176514, 1.2102769613265991, 1.1480684280395508, 1.1920170783996582, 1.177064299583435, 1.259727120399475, 1.1724348068237305, 1.1425949335098267, 1.2585235834121704, 1.2058279514312744, 1.1739577054977417, 1.1621994972229004, 1.0888837575912476, 1.250617504119873, 1.1916553974151611, 1.2415788173675537, 1.2100411653518677, 1.173439860343933, 1.1695396900177002, 1.238284707069397, 1.2358100414276123, 1.1332714557647705, 1.2508617639541626, 1.267849326133728, 1.178114891052246, 1.2484055757522583, 1.2684884071350098]",sae,Pre-64
1,beta,49,0.22,0.462130925118617,0.4524487678230295,0.4462707482384424,0.5,0.6141152509743157,0.6820620275156126,30,"[0, 1, 2, 3, 4, 5, 6, 7, 8, 9, 10, 11, 12, 13, 14, 15, 16, 17, 18, 19, 20, 21, 22, 23, 24, 25, 26, 27, 28, 29]","[1.1956143379211426, 1.2339776754379272, 1.2274765968322754, 1.218199372291565, 1.1577913761138916, 1.2040127515792847, 1.2636572122573853, 1.161645531654358, 1.2683165073394775, 1.2436541318893433, 1.1828608512878418, 1.183996319770813, 1.2312800884246826, 1.239598035812378, 1.255425214767456, 1.2154150009155273, 1.3021327257156372, 1.2758982181549072, 1.1539489030838013, 1.2446423768997192, 1.2854329347610474, 1.2034367322921753, 1.2803984880447388, 1.2391183376312256, 1.206491231918335, 1.2346559762954712, 1.2449694871902466, 1.2066316604614258, 1.1109938621520996, 1.1994049549102783]",sae,Pre-64
1,beta,44,0.4,0.4469012312759677,0.43811650775401,0.445917020352862,0.5,0.5982762074796864,0.6191953474395008,30,"[0, 1, 2, 3, 4, 5, 6, 7, 8, 9, 10, 11, 12, 13, 14, 15, 16, 17, 18, 19, 20, 21, 22, 23, 24, 25, 26, 27, 28, 29]","[1.2328296899795532, 1.243239402770996, 1.1659530401229858, 1.2068723440170288, 1.234342336654663, 1.2805330753326416, 1.2432308197021484, 1.1860800981521606, 1.2501238584518433, 1.28007173538208, 1.2281064987182617, 1.1968005895614624, 1.2346649169921875, 1.208573818206787, 1.2957624197006226, 1.291657567024231, 1.177124261856079, 1.0729451179504395, 1.2419694662094116, 1.2252577543258667, 1.20234215259552, 1.1831409931182861, 1.2203872203826904, 1.238041877746582, 1.2852809429168701, 1.1772639751434326, 1.2010327577590942, 1.234652042388916, 1.2157843112945557, 1.245557188987732]",sae,Pre-64
1,beta,17,2.0,0.4599327030141671,0.4513468217402507,0.4356333898997919,0.5,0.6120635717004715,0.6982794453738126,30,"[0, 1, 2, 3, 4, 5, 6, 7, 8, 9, 10, 11, 12, 13, 14, 15, 16, 17, 18, 19, 20, 21, 22, 23, 24, 25, 26, 27, 28, 29]","[1.253448724746704, 1.157033085823059, 1.1724380254745483, 1.21102774143219, 1.2398598194122314, 1.1416960954666138, 1.2152034044265747, 1.1179237365722656, 1.1752480268478394, 1.1612284183502197, 1.2127126455307007, 1.234884262084961, 1.1886143684387207, 1.2384566068649292, 1.1679030656814575, 1.1839061975479126, 1.2392202615737915, 1.1842913627624512, 1.217572808265686, 1.1993213891983032, 1.1283472776412964, 1.197530746459961, 1.0647335052490234, 1.1836165189743042, 1.1550945043563843, 1.1692523956298828, 1.1686493158340454, 1.191864013671875, 1.1417936086654663, 1.2131496667861938]",sae,Pre-64
1,beta,1,5.0,0.4560357198099471,0.4497423189216591,0.4379385385153929,0.5,0.5964054457666336,0.680948080464655,30,"[0, 1, 2, 3, 4, 5, 6, 7, 8, 9, 10, 11, 12, 13, 14, 15, 16, 17, 18, 19, 20, 21, 22, 23, 24, 25, 26, 27, 28, 29]","[1.2484626770019531, 1.183357834815979, 1.2077564001083374, 1.127197027206421, 1.1837691068649292, 1.1471096277236938, 1.1291790008544922, 1.2051725387573242, 1.1376121044158936, 1.1618740558624268, 1.1627427339553833, 1.1907955408096313, 1.2489014863967896, 1.1427462100982666, 1.2440361976623535, 1.078278660774231, 1.0989395380020142, 1.1663775444030762, 1.2298505306243896, 1.2602465152740479, 1.2476614713668823, 1.2094584703445435, 1.1924338340759277, 1.1765055656433105, 1.1376926898956299, 1.1597349643707275, 1.16420316696167, 1.178998589515686, 1.2568261623382568, 1.1711331605911255]",sae,Pre-64
1,beta,49,10.0,0.462130925118617,0.4524487678230295,0.4431470286835157,0.5,0.6141152509743157,0.6817230713245997,30,"[0, 1, 2, 3, 4, 5, 6, 7, 8, 9, 10, 11, 12, 13, 14, 15, 16, 17, 18, 19, 20, 21, 22, 23, 24, 25, 26, 27, 28, 29]","[1.1816726922988892, 1.2170988321304321, 1.2116214036941528, 1.200257420539856, 1.1416643857955933, 1.1891062259674072, 1.246652603149414, 1.1470645666122437, 1.2520469427108765, 1.2268033027648926, 1.168094277381897, 1.1698029041290283, 1.2142579555511475, 1.222419023513794, 1.2369354963302612, 1.197393536567688, 1.2860667705535889, 1.2591131925582886, 1.1340359449386597, 1.2283560037612915, 1.2687814235687256, 1.1859486103057861, 1.263270378112793, 1.2230288982391357, 1.1918312311172485, 1.2190265655517578, 1.2284297943115234, 1.191718339920044, 1.0950191020965576, 1.1822810173034668]",sae,Pre-64
1,beta,34,10.0,0.4568527557813058,0.4470225010708758,0.4364984150996499,0.5,0.6011606799053854,0.6760287318218534,30,"[0, 1, 2, 3, 4, 5, 6, 7, 8, 9, 10, 11, 12, 13, 14, 15, 16, 17, 18, 19, 20, 21, 22, 23, 24, 25, 26, 27, 28, 29]","[1.137890338897705, 1.2171109914779663, 1.2127997875213623, 1.1824638843536377, 1.152029275894165, 1.1444475650787354, 1.1735047101974487, 1.0769213438034058, 1.1361875534057617, 1.1606651544570923, 1.2005587816238403, 1.015907645225525, 1.1853113174438477, 1.0790728330612183, 1.1112900972366333, 1.1400375366210938, 1.2139219045639038, 1.2259365320205688, 1.1806495189666748, 1.1336230039596558, 1.175050139427185, 1.2325819730758667, 1.1709409952163696, 1.1730239391326904, 1.1460753679275513, 1.094346284866333, 1.2428449392318726, 1.229536533355713, 1.2293792963027954, 1.190686821937561]",sae,Pre-64
1,beta,24,0.3,0.4501416387440968,0.4383559369047743,0.4425817888449974,0.5,0.6188330126613704,0.6395171300893744,30,"[0, 1, 2, 3, 4, 5, 6, 7, 8, 9, 10, 11, 12, 13, 14, 15, 16, 17, 18, 19, 20, 21, 22, 23, 24, 25, 26, 27, 28, 29]","[1.2124673128128052, 1.1755998134613037, 1.1868178844451904, 1.2273244857788086, 1.242689609527588, 1.1841548681259155, 1.1860560178756714, 1.1832525730133057, 1.2021790742874146, 1.0739104747772217, 1.2058616876602173, 1.1563575267791748, 1.2078834772109985, 1.2294706106185913, 1.1749554872512817, 1.1637247800827026, 1.237532138824463, 1.0551373958587646, 1.169660210609436, 1.2379261255264282, 1.2216182947158813, 1.238648533821106, 1.1921476125717163, 1.2000505924224854, 1.1518317461013794, 1.1153621673583984, 1.1851884126663208, 1.1612211465835571, 1.239385962486267, 1.1791527271270752]",sae,Pre-64
1,beta,30,75.0,0.4638407167611665,0.4544841508273655,0.4349917136696578,0.5,0.6043368975359404,0.6920299717760999,30,"[0, 1, 2, 3, 4, 5, 6, 7, 8, 9, 10, 11, 12, 13, 14, 15, 16, 17, 18, 19, 20, 21, 22, 23, 24, 25, 26, 27, 28, 29]","[1.234999656677246, 1.1741113662719727, 1.2121046781539917, 1.183706521987915, 1.188236951828003, 1.1696803569793701, 1.186059832572937, 1.151381492614746, 1.14472234249115, 1.1600751876831055, 1.2435591220855713, 1.1388177871704102, 1.1140148639678955, 1.1526716947555542, 1.2056300640106201, 1.2250553369522095, 1.1707159280776978, 1.1746101379394531, 1.240835428237915, 1.1718575954437256, 1.142357349395752, 1.105589747428894, 1.171762228012085, 1.1619601249694824, 1.262255311012268, 1.1716129779815674, 1.202602505683899, 1.1705881357192993, 1.21686589717865, 1.1907846927642822]",sae,Pre-64
1,beta,10,0.3,0.4493907433353129,0.4390813823454372,0.4344056235297167,0.5,0.6232207829487961,0.6743909002834692,30,"[0, 1, 2, 3, 4, 5, 6, 7, 8, 9, 10, 11, 12, 13, 14, 15, 16, 17, 18, 19, 20, 21, 22, 23, 24, 25, 26, 27, 28, 29]","[1.1427899599075317, 1.068242073059082, 1.199394941329956, 1.158583641052246, 1.149035930633545, 1.1689698696136475, 1.2380726337432861, 1.1728394031524658, 1.0578781366348267, 1.1875046491622925, 1.1654369831085205, 1.1715285778045654, 1.1657956838607788, 1.1442753076553345, 1.2309560775756836, 1.1749398708343506, 1.1827489137649536, 1.12376070022583, 1.1349002122879028, 1.1247795820236206, 1.1484092473983765, 1.1541001796722412, 1.2148005962371826, 1.210876226425171, 1.1075263023376465, 1.1338322162628174, 1.1668912172317505, 1.1912418603897095, 1.1516903638839722, 1.169378399848938]",sae,Pre-64
1,beta,41,0.23,0.4543678569363413,0.4427951465832617,0.4459851020743178,0.5,0.6190905384235713,0.6724836727540647,30,"[0, 1, 2, 3, 4, 5, 6, 7, 8, 9, 10, 11, 12, 13, 14, 15, 16, 17, 18, 19, 20, 21, 22, 23, 24, 25, 26, 27, 28, 29]","[1.1993916034698486, 1.2512251138687134, 1.1348973512649536, 1.1440577507019043, 1.115264654159546, 1.287240743637085, 1.173343539237976, 1.2244658470153809, 1.2059017419815063, 1.2504663467407227, 1.2574387788772583, 1.2241005897521973, 1.2265208959579468, 1.2564576864242554, 1.2704485654830933, 1.2136719226837158, 1.1507012844085693, 1.2216523885726929, 1.2062325477600098, 1.235877513885498, 1.142212986946106, 1.2045929431915283, 1.2235127687454224, 1.2246546745300293, 1.2171224355697632, 1.2059602737426758, 1.2471716403961182, 1.2491445541381836, 1.2112315893173218, 1.1624327898025513]",sae,Pre-64
1,beta,34,500.0,0.4568527557813058,0.4470225010708758,0.4413985530215953,0.5,0.6011606799053854,0.6760287318218534,30,"[0, 1, 2, 3, 4, 5, 6, 7, 8, 9, 10, 11, 12, 13, 14, 15, 16, 17, 18, 19, 20, 21, 22, 23, 24, 25, 26, 27, 28, 29]","[1.137890338897705, 1.2171109914779663, 1.2127997875213623, 1.1824638843536377, 1.152029275894165, 1.1444475650787354, 1.1735047101974487, 1.0769213438034058, 1.1361875534057617, 1.1606651544570923, 1.2005587816238403, 1.015907645225525, 1.1853113174438477, 1.0790728330612183, 1.1112900972366333, 1.1400375366210938, 1.2139219045639038, 1.2259365320205688, 1.1806495189666748, 1.1336230039596558, 1.175050139427185, 1.2325819730758667, 1.1709409952163696, 1.1730239391326904, 1.1460753679275513, 1.094346284866333, 1.2428449392318726, 1.229536533355713, 1.2293792963027954, 1.190686821937561]",sae,Pre-64
1,beta,12,1000.0,0.4455148672091349,0.4361346773072694,0.4067994034030875,0.5,0.5892778403611032,0.732179722690948,30,"[0, 1, 2, 3, 4, 5, 6, 7, 8, 9, 10, 11, 12, 13, 14, 15, 16, 17, 18, 19, 20, 21, 22, 23, 24, 25, 26, 27, 28, 29]","[1.1510069370269775, 1.238104224205017, 1.1669384241104126, 1.0727007389068604, 1.2094347476959229, 1.160822868347168, 1.1686755418777466, 1.231000304222107, 1.250001072883606, 1.1482594013214111, 1.1463829278945923, 1.2851383686065674, 1.1506091356277466, 1.2207391262054443, 1.1269334554672241, 1.2875975370407104, 1.111490249633789, 1.2468537092208862, 1.1965770721435547, 1.2625105381011963, 1.2613308429718018, 1.1978631019592285, 1.1764955520629883, 1.2832802534103394, 1.261273980140686, 1.1248352527618408, 1.2639222145080566, 1.2385042905807495, 1.1889654397964478, 1.2939741611480713]",sae,Pre-64
1,beta,30,0.21,0.4638407167611665,0.4544841508273655,0.4368581832465081,0.5,0.6043368975359404,0.6928274999164267,30,"[0, 1, 2, 3, 4, 5, 6, 7, 8, 9, 10, 11, 12, 13, 14, 15, 16, 17, 18, 19, 20, 21, 22, 23, 24, 25, 26, 27, 28, 29]","[1.3254166841506958, 1.2753148078918457, 1.3070902824401855, 1.2699369192123413, 1.2706549167633057, 1.2542319297790527, 1.2714630365371704, 1.242220163345337, 1.2288999557495117, 1.2469180822372437, 1.3283525705337524, 1.2328431606292725, 1.216686487197876, 1.2390509843826294, 1.29676353931427, 1.3113138675689697, 1.2540863752365112, 1.257892370223999, 1.3331180810928345, 1.2569886445999146, 1.2339335680007935, 1.1882890462875366, 1.2710609436035156, 1.2588175535202026, 1.3683136701583862, 1.2560131549835205, 1.2942579984664917, 1.252864956855774, 1.3039194345474243, 1.278894305229187]",sae,Pre-64
1,beta,19,0.25,0.4469965829377276,0.435497383761294,0.4126882780877415,0.5,0.6104665954706788,0.7118337154882683,30,"[0, 1, 2, 3, 4, 5, 6, 7, 8, 9, 10, 11, 12, 13, 14, 15, 16, 17, 18, 19, 20, 21, 22, 23, 24, 25, 26, 27, 28, 29]","[1.249074935913086, 1.2587093114852905, 1.3296540975570679, 1.278358817100525, 1.1825885772705078, 1.2017370462417603, 1.2468286752700806, 1.3097374439239502, 1.231033444404602, 1.3262333869934082, 1.3124661445617676, 1.3459221124649048, 1.247298002243042, 1.258510947227478, 1.1629756689071655, 1.1864732503890991, 1.318233847618103, 1.350818395614624, 1.2027889490127563, 1.235976219177246, 1.3591216802597046, 1.2446212768554688, 1.2375649213790894, 1.2392746210098267, 1.2385929822921753, 1.3220223188400269, 1.341915249824524, 1.2636010646820068, 1.207068681716919, 1.2185338735580444]",sae,Pre-64
1,beta,26,0.23,0.4502231978181314,0.4442488029476733,0.4543279596191928,0.5,0.5832450787939482,0.6467115398533867,30,"[0, 1, 2, 3, 4, 5, 6, 7, 8, 9, 10, 11, 12, 13, 14, 15, 16, 17, 18, 19, 20, 21, 22, 23, 24, 25, 26, 27, 28, 29]","[1.1928070783615112, 1.240456223487854, 1.3458161354064941, 1.1563293933868408, 1.2403045892715454, 1.2882084846496582, 1.2575947046279907, 1.1637516021728516, 1.2436076402664185, 1.2316296100616455, 1.142452597618103, 1.343509554862976, 1.2970551252365112, 1.2432810068130493, 1.2939046621322632, 1.1718121767044067, 1.2391326427459717, 1.1535555124282837, 1.2686809301376343, 1.24800443649292, 1.186044692993164, 1.333459496498108, 1.2544496059417725, 1.272621989250183, 1.3418902158737183, 1.3419526815414429, 1.2190423011779785, 1.2665133476257324, 1.091273546218872, 1.2032417058944702]",sae,Pre-64
1,beta,7,10.0,0.4564836922581216,0.4420418003909208,0.4261347851579504,0.5,0.6095136152062148,0.7000084039932237,30,"[0, 1, 2, 3, 4, 5, 6, 7, 8, 9, 10, 11, 12, 13, 14, 15, 16, 17, 18, 19, 20, 21, 22, 23, 24, 25, 26, 27, 28, 29]","[1.186367392539978, 1.203552484512329, 1.2273681163787842, 1.1744158267974854, 1.2427024841308594, 1.194297194480896, 1.1417649984359741, 1.1899380683898926, 1.274727702140808, 1.2103523015975952, 1.1130813360214233, 1.1793581247329712, 1.1271109580993652, 1.140200138092041, 1.2939406633377075, 1.2133886814117432, 1.183907389640808, 1.1221195459365845, 1.2292346954345703, 1.2417727708816528, 1.200108528137207, 1.2005424499511719, 1.201027750968933, 1.1506562232971191, 1.259361982345581, 1.2019909620285034, 1.2091292142868042, 1.0751577615737915, 1.2751001119613647, 1.1631182432174683]",sae,Pre-64
1,beta,8,0.22,0.4517491928182039,0.4406431065890545,0.435087654693021,0.5,0.6098144493254953,0.6772224698117613,30,"[0, 1, 2, 3, 4, 5, 6, 7, 8, 9, 10, 11, 12, 13, 14, 15, 16, 17, 18, 19, 20, 21, 22, 23, 24, 25, 26, 27, 28, 29]","[1.1516989469528198, 1.2512983083724976, 1.2040263414382935, 1.224401831626892, 1.2732107639312744, 1.2135283946990967, 1.2588661909103394, 1.1934148073196411, 1.2346932888031006, 1.24602210521698, 1.2667790651321411, 1.2185838222503662, 1.2180730104446411, 1.2344508171081543, 1.2521933317184448, 1.1921288967132568, 1.2112858295440674, 1.2265615463256836, 1.155780553817749, 1.1809853315353394, 1.1779916286468506, 1.1600570678710938, 1.2591673135757446, 1.1913341283798218, 1.2542955875396729, 1.258993148803711, 1.1686668395996094, 1.2548004388809204, 1.2269481420516968, 1.2008144855499268]",sae,Pre-64
1,beta,16,0.4,0.4519396108125126,0.4401978349795346,0.4261133316347045,0.5,0.6159012314439947,0.716236203489493,30,"[0, 1, 2, 3, 4, 5, 6, 7, 8, 9, 10, 11, 12, 13, 14, 15, 16, 17, 18, 19, 20, 21, 22, 23, 24, 25, 26, 27, 28, 29]","[1.1814939975738525, 1.154831051826477, 1.146948218345642, 1.2203068733215332, 1.2078232765197754, 1.1649398803710938, 1.2192134857177734, 1.202821969985962, 1.1667042970657349, 1.2149916887283325, 1.2105063199996948, 1.1996920108795166, 1.1619230508804321, 1.1868969202041626, 1.092568278312683, 1.1477411985397339, 1.2298792600631714, 1.066677451133728, 1.1718178987503052, 1.1978977918624878, 1.246415615081787, 1.2220277786254883, 1.2203152179718018, 1.2171578407287598, 1.105575680732727, 1.1923166513442993, 1.1100059747695923, 1.1701627969741821, 1.1248277425765991, 1.1528384685516357]",sae,Pre-64
1,beta,9,3.0,0.448644851968101,0.4348910401892977,0.4321785935968855,0.5,0.6286670530281078,0.67439727615184,30,"[0, 1, 2, 3, 4, 5, 6, 7, 8, 9, 10, 11, 12, 13, 14, 15, 16, 17, 18, 19, 20, 21, 22, 23, 24, 25, 26, 27, 28, 29]","[1.2153398990631104, 1.1627874374389648, 1.2425429821014404, 1.2238517999649048, 1.1654289960861206, 1.0477313995361328, 1.2183655500411987, 1.1352207660675049, 1.2167727947235107, 1.1058458089828491, 1.2178144454956055, 1.1729799509048462, 1.177621603012085, 1.2170661687850952, 1.2525821924209595, 1.1896530389785767, 1.1452741622924805, 1.2327814102172852, 1.2428123950958252, 1.1500693559646606, 1.2273743152618408, 1.2386215925216675, 1.1544575691223145, 1.2277216911315918, 1.2480170726776123, 1.2276045083999634, 1.1016136407852173, 1.0502220392227173, 1.1683142185211182, 1.2417500019073486]",sae,Pre-64
1,beta,18,30.0,0.4575117633693479,0.4471831599677374,0.4179612274919035,0.5,0.6052065040104606,0.7279783219994782,30,"[0, 1, 2, 3, 4, 5, 6, 7, 8, 9, 10, 11, 12, 13, 14, 15, 16, 17, 18, 19, 20, 21, 22, 23, 24, 25, 26, 27, 28, 29]","[1.08156156539917, 1.1808451414108276, 1.2274887561798096, 1.1775970458984375, 1.1839946508407593, 1.1783868074417114, 1.302558422088623, 1.1474957466125488, 1.2003755569458008, 1.1137614250183105, 1.279771089553833, 1.1947054862976074, 1.217077374458313, 1.243087649345398, 1.1674503087997437, 1.1044795513153076, 1.2428091764450073, 1.1572407484054565, 1.1403177976608276, 1.0754040479660034, 1.2844663858413696, 1.1361045837402344, 1.2445805072784424, 1.2017990350723267, 1.1962649822235107, 1.1700507402420044, 1.2117968797683716, 1.2385376691818237, 1.2291908264160156, 1.181313395500183]",sae,Pre-64
1,beta,39,1.5,0.4461088087810431,0.4292341094433316,0.4246853013925574,0.5,0.6205127278095635,0.666127365468454,30,"[0, 1, 2, 3, 4, 5, 6, 7, 8, 9, 10, 11, 12, 13, 14, 15, 16, 17, 18, 19, 20, 21, 22, 23, 24, 25, 26, 27, 28, 29]","[1.2077727317810059, 1.2530663013458252, 1.2047024965286255, 1.1794756650924683, 1.1555830240249634, 1.2253129482269287, 1.1969492435455322, 1.2353570461273193, 1.1770364046096802, 1.2179419994354248, 1.1981525421142578, 1.115370512008667, 1.224393367767334, 1.1512892246246338, 1.2195661067962646, 1.2733124494552612, 1.2082064151763916, 1.2389172315597534, 1.1642638444900513, 1.0979951620101929, 1.1809896230697632, 1.239324927330017, 1.1375921964645386, 1.1447792053222656, 1.2377148866653442, 1.2186453342437744, 1.0691616535186768, 1.1716660261154175, 1.2796622514724731, 1.1799581050872803]",sae,Pre-64
1,beta,38,0.3,0.4455661720406026,0.4298851252298221,0.430590426492465,0.5,0.6303640517897944,0.6635567402894135,30,"[0, 1, 2, 3, 4, 5, 6, 7, 8, 9, 10, 11, 12, 13, 14, 15, 16, 17, 18, 19, 20, 21, 22, 23, 24, 25, 26, 27, 28, 29]","[1.1721346378326416, 1.1665115356445312, 1.1951327323913574, 1.2084224224090576, 1.1932506561279297, 1.0943678617477417, 1.22554349899292, 1.190416932106018, 1.0534244775772095, 1.212303638458252, 1.196964144706726, 1.1929432153701782, 1.2093898057937622, 1.185971736907959, 1.2129939794540405, 1.1697133779525757, 1.1856392621994019, 1.237824559211731, 1.137427806854248, 1.2083672285079956, 1.1895427703857422, 1.2017890214920044, 1.2302438020706177, 1.1494355201721191, 1.191596269607544, 1.2291513681411743, 1.1410502195358276, 1.2461069822311401, 1.175614595413208, 1.249431848526001]",sae,Pre-64
1,beta,36,0.22,0.4642138821845151,0.4576483090311837,0.4548920672643469,0.5,0.6031055233182893,0.6751166059676699,30,"[0, 1, 2, 3, 4, 5, 6, 7, 8, 9, 10, 11, 12, 13, 14, 15, 16, 17, 18, 19, 20, 21, 22, 23, 24, 25, 26, 27, 28, 29]","[1.2348570823669434, 1.198037028312683, 1.1872649192810059, 1.219633936882019, 1.1170003414154053, 1.2456285953521729, 1.1951892375946045, 1.2179375886917114, 1.2561562061309814, 1.1290202140808105, 1.1651455163955688, 1.2594603300094604, 1.1781915426254272, 1.1944748163223267, 1.219451904296875, 1.265937089920044, 1.2304015159606934, 1.1981092691421509, 1.2523691654205322, 1.1749184131622314, 1.2296000719070435, 1.184036374092102, 1.2086455821990967, 1.1807425022125244, 1.2507902383804321, 1.200133204460144, 1.2022451162338257, 1.2018139362335205, 1.2350919246673584, 1.1583117246627808]",sae,Pre-64
1,beta,0,0.75,0.4600628296558519,0.4487196928272481,0.4294260616841683,0.5,0.6146148452673732,0.7212500893551071,30,"[0, 1, 2, 3, 4, 5, 6, 7, 8, 9, 10, 11, 12, 13, 14, 15, 16, 17, 18, 19, 20, 21, 22, 23, 24, 25, 26, 27, 28, 29]","[1.1609565019607544, 1.205399990081787, 1.1734585762023926, 1.2161903381347656, 1.1425961256027222, 1.1842118501663208, 1.2070008516311646, 1.2379403114318848, 1.2223178148269653, 1.1959354877471924, 1.181226134300232, 1.1726235151290894, 1.2236276865005493, 1.2120070457458496, 1.218804955482483, 1.1687568426132202, 1.1801352500915527, 1.143155813217163, 1.0709192752838135, 1.2054029703140259, 1.1369202136993408, 1.1508759260177612, 1.2216984033584595, 1.1585367918014526, 1.1669466495513916, 1.1062743663787842, 1.2285964488983154, 1.136776089668274, 1.1998835802078247, 1.1328357458114624]",sae,Pre-64
1,beta,29,5.0,0.4558655961502112,0.4409050416793991,0.4406422273501153,0.5,0.6296548282533407,0.6689000750796879,30,"[0, 1, 2, 3, 4, 5, 6, 7, 8, 9, 10, 11, 12, 13, 14, 15, 16, 17, 18, 19, 20, 21, 22, 23, 24, 25, 26, 27, 28, 29]","[1.194935917854309, 1.1385749578475952, 1.0295852422714233, 1.238612413406372, 1.1851270198822021, 1.162545919418335, 1.2411545515060425, 1.166039228439331, 1.2299060821533203, 1.2362966537475586, 1.1895782947540283, 1.2295013666152954, 1.231622576713562, 1.2365245819091797, 1.1724414825439453, 1.2314629554748535, 1.110655665397644, 1.1652898788452148, 1.1510244607925415, 1.1959142684936523, 1.249851107597351, 1.2568353414535522, 1.1828466653823853, 1.198325514793396, 1.1877683401107788, 1.1336921453475952, 1.1967061758041382, 1.2367507219314575, 1.2920050621032715, 1.1695195436477661]",sae,Pre-64
1,beta,3,0.4,0.4557259332451328,0.444824285747971,0.4451262435895714,0.5,0.6042731979176,0.6517501235738423,30,"[0, 1, 2, 3, 4, 5, 6, 7, 8, 9, 10, 11, 12, 13, 14, 15, 16, 17, 18, 19, 20, 21, 22, 23, 24, 25, 26, 27, 28, 29]","[1.2528190612792969, 1.2806627750396729, 1.2661422491073608, 1.1883634328842163, 1.2602044343948364, 1.26107919216156, 1.2486498355865479, 1.27927827835083, 1.0718293190002441, 1.3164589405059814, 1.2015382051467896, 1.308799147605896, 1.2487304210662842, 1.193772792816162, 1.3205502033233643, 1.2585917711257935, 1.261630892753601, 1.2703508138656616, 1.2032312154769897, 1.2213696241378784, 1.1644372940063477, 1.2383849620819092, 1.2249301671981812, 1.3294085264205933, 1.2968170642852783, 1.2445027828216553, 1.2554051876068115, 1.2388267517089844, 1.2973248958587646, 1.2354567050933838]",sae,Pre-64
1,beta,31,0.4,0.4497611378811508,0.4308970333737342,0.4242903829831944,0.5,0.642735734520437,0.7068234375903335,30,"[0, 1, 2, 3, 4, 5, 6, 7, 8, 9, 10, 11, 12, 13, 14, 15, 16, 17, 18, 19, 20, 21, 22, 23, 24, 25, 26, 27, 28, 29]","[1.1868829727172852, 1.1684132814407349, 1.1411691904067993, 1.1192221641540527, 1.1979950666427612, 1.2012416124343872, 1.1268763542175293, 1.1949924230575562, 1.1851063966751099, 1.1678438186645508, 1.1846915483474731, 1.1878143548965454, 1.2181352376937866, 1.073760986328125, 1.2400416135787964, 1.1805418729782104, 1.1810487508773804, 1.162557601928711, 1.1839708089828491, 1.1404868364334106, 1.2300362586975098, 1.1923527717590332, 1.2170655727386475, 1.2127258777618408, 1.1911245584487915, 1.1909171342849731, 1.1074947118759155, 1.2370617389678955, 1.1450209617614746, 1.2102415561676025]",sae,Pre-64
1,beta,8,0.5,0.4517491928182039,0.4406431065890545,0.4326960575723772,0.5,0.6098144493254953,0.6772260068051754,30,"[0, 1, 2, 3, 4, 5, 6, 7, 8, 9, 10, 11, 12, 13, 14, 15, 16, 17, 18, 19, 20, 21, 22, 23, 24, 25, 26, 27, 28, 29]","[1.1187007427215576, 1.218583345413208, 1.1729588508605957, 1.1930103302001953, 1.2442059516906738, 1.182166576385498, 1.2270926237106323, 1.164693832397461, 1.2057322263717651, 1.212062120437622, 1.2319320440292358, 1.18947172164917, 1.188055396080017, 1.2018784284591675, 1.2228853702545166, 1.1608076095581055, 1.179728627204895, 1.1950958967208862, 1.1249150037765503, 1.1465964317321777, 1.1464855670928955, 1.1299797296524048, 1.2297531366348267, 1.1591399908065796, 1.2222727537155151, 1.227508783340454, 1.1398975849151611, 1.22318696975708, 1.2009252309799194, 1.166541337966919]",sae,Pre-64
1,beta,37,3.0,0.4546908257221888,0.444978337644671,0.4248521975553931,0.5,0.6058579085235571,0.7202592918965247,30,"[0, 1, 2, 3, 4, 5, 6, 7, 8, 9, 10, 11, 12, 13, 14, 15, 16, 17, 18, 19, 20, 21, 22, 23, 24, 25, 26, 27, 28, 29]","[1.1383056640625, 1.213341236114502, 1.177707552909851, 1.16965913772583, 1.1041587591171265, 1.2045390605926514, 1.1453032493591309, 1.249243140220642, 1.2818135023117065, 1.2036993503570557, 1.1849234104156494, 1.1868669986724854, 1.214905858039856, 1.1719192266464233, 1.2408273220062256, 1.1888898611068726, 1.1841654777526855, 1.2297459840774536, 1.199540138244629, 1.1944150924682617, 1.1982941627502441, 1.2023546695709229, 1.2497965097427368, 1.2272303104400635, 1.1954416036605835, 1.2279680967330933, 1.1945136785507202, 1.198485016822815, 1.2278281450271606, 1.2478563785552979]",sae,Pre-64
1,beta,2,75.0,0.4419681213812466,0.4306250660512843,0.4211426135076977,0.5,0.6028191218064636,0.6886562804284323,30,"[0, 1, 2, 3, 4, 5, 6, 7, 8, 9, 10, 11, 12, 13, 14, 15, 16, 17, 18, 19, 20, 21, 22, 23, 24, 25, 26, 27, 28, 29]","[1.1491129398345947, 1.1618432998657227, 1.1426033973693848, 1.191449761390686, 1.1310452222824097, 1.2005151510238647, 1.17189359664917, 1.1661605834960938, 1.12075674533844, 1.1253643035888672, 1.1488215923309326, 1.1343861818313599, 1.16419517993927, 1.20036780834198, 1.190604567527771, 1.1571122407913208, 1.179641604423523, 1.2343209981918335, 1.221923589706421, 1.2101647853851318, 1.1568256616592407, 1.1531498432159424, 1.1994770765304565, 1.1852316856384277, 1.1635690927505493, 1.1419733762741089, 1.1855614185333252, 1.1774711608886719, 1.0223711729049683, 1.220582127571106]",sae,Pre-64
1,beta,15,0.21,0.4529015220185267,0.4424399871594601,0.4296861821934692,0.5,0.6161071485640408,0.7104388500704543,30,"[0, 1, 2, 3, 4, 5, 6, 7, 8, 9, 10, 11, 12, 13, 14, 15, 16, 17, 18, 19, 20, 21, 22, 23, 24, 25, 26, 27, 28, 29]","[1.2299246788024902, 1.1846791505813599, 1.2189222574234009, 1.2412285804748535, 1.2627509832382202, 1.2149239778518677, 1.2048290967941284, 1.2269032001495361, 1.2609989643096924, 1.2783070802688599, 1.2495335340499878, 1.1827119588851929, 1.3098844289779663, 1.2766257524490356, 1.1982258558273315, 1.244071364402771, 1.2039768695831299, 1.2918589115142822, 1.1798207759857178, 1.253469467163086, 1.3099133968353271, 1.2837860584259033, 1.2268425226211548, 1.2568641901016235, 1.192476749420166, 1.108985185623169, 1.268560767173767, 1.3169188499450684, 1.2298226356506348, 1.2434026002883911]",sae,Pre-64
1,beta,6,1.0,0.4540822999211705,0.4457917896713532,0.4371921103059198,0.5,0.5933447799067053,0.6652910519198336,30,"[0, 1, 2, 3, 4, 5, 6, 7, 8, 9, 10, 11, 12, 13, 14, 15, 16, 17, 18, 19, 20, 21, 22, 23, 24, 25, 26, 27, 28, 29]","[1.2093437910079956, 1.2324018478393555, 1.1689670085906982, 1.2286028861999512, 1.1660292148590088, 1.1364821195602417, 1.1552339792251587, 1.210248351097107, 1.1588280200958252, 1.2276009321212769, 1.1634801626205444, 1.1048387289047241, 1.1711478233337402, 1.1197253465652466, 1.0116533041000366, 1.2269690036773682, 1.129739761352539, 1.1970460414886475, 1.1658244132995605, 1.1922228336334229, 1.1664220094680786, 1.1494638919830322, 1.2115159034729004, 1.2004733085632324, 1.147264838218689, 1.1653865575790405, 1.1267348527908325, 1.1380363702774048, 1.188260555267334, 1.2108981609344482]",sae,Pre-64
1,beta,48,0.25,0.4556814132376,0.4510566266980289,0.4777025594277799,0.5,0.5923878577171784,0.5888828805363351,30,"[0, 1, 2, 3, 4, 5, 6, 7, 8, 9, 10, 11, 12, 13, 14, 15, 16, 17, 18, 19, 20, 21, 22, 23, 24, 25, 26, 27, 28, 29]","[1.41856050491333, 1.3653026819229126, 1.353308916091919, 1.339391827583313, 1.3194053173065186, 1.2828673124313354, 1.3594578504562378, 1.2743427753448486, 1.3216547966003418, 1.3168290853500366, 1.373512625694275, 1.3293203115463257, 1.3336522579193115, 1.3233546018600464, 1.2861353158950806, 1.3668524026870728, 1.3585948944091797, 1.3612550497055054, 1.3939350843429565, 1.233463168144226, 1.3206042051315308, 1.3921178579330444, 1.396032691001892, 1.2292946577072144, 1.3313888311386108, 1.3671586513519287, 1.398397445678711, 1.3728246688842773, 1.3269315958023071, 1.3508304357528687]",sae,Pre-64
1,beta,47,30.0,0.4460371044958436,0.4257646434940195,0.4033451395960316,0.5,0.6434257056516428,0.7291872950556163,30,"[0, 1, 2, 3, 4, 5, 6, 7, 8, 9, 10, 11, 12, 13, 14, 15, 16, 17, 18, 19, 20, 21, 22, 23, 24, 25, 26, 27, 28, 29]","[1.2948559522628784, 1.148354411125183, 1.1743416786193848, 1.1649647951126099, 1.246188759803772, 1.2814688682556152, 1.2447621822357178, 1.2164852619171143, 1.2303695678710938, 1.1912521123886108, 1.1916992664337158, 1.1139793395996094, 1.1724560260772705, 1.2962146997451782, 1.1174935102462769, 1.2390276193618774, 1.1683082580566406, 1.2478612661361694, 1.090547800064087, 1.1480519771575928, 1.1796824932098389, 1.2337864637374878, 1.2272014617919922, 1.1476048231124878, 1.2347866296768188, 1.1138331890106201, 1.1005412340164185, 1.2123545408248901, 1.1655439138412476, 1.21992826461792]",sae,Pre-64
1,beta,40,1000.0,0.44666181227492,0.4340193094910912,0.4277079325824439,0.5,0.6093636266731638,0.6687813123391555,30,"[0, 1, 2, 3, 4, 5, 6, 7, 8, 9, 10, 11, 12, 13, 14, 15, 16, 17, 18, 19, 20, 21, 22, 23, 24, 25, 26, 27, 28, 29]","[1.2192795276641846, 1.1627495288848877, 1.1719245910644531, 1.11849045753479, 1.135270118713379, 1.1779391765594482, 1.1913443803787231, 1.1937462091445923, 1.2064859867095947, 1.201514720916748, 1.149951457977295, 1.1584373712539673, 1.2228493690490723, 1.112459421157837, 1.1239572763442993, 1.2368988990783691, 1.1208115816116333, 1.179778814315796, 1.1400268077850342, 1.1179053783416748, 1.1553407907485962, 1.1589585542678833, 1.194280743598938, 1.1646192073822021, 1.205991506576538, 1.145589828491211, 1.2156630754470825, 1.108210802078247, 1.2394895553588867, 1.1593530178070068]",sae,Pre-64
1,beta,10,0.2,0.4493907433353129,0.4390813823454372,0.4378373003843949,0.5,0.6232207829487961,0.6759539273027378,30,"[0, 1, 2, 3, 4, 5, 6, 7, 8, 9, 10, 11, 12, 13, 14, 15, 16, 17, 18, 19, 20, 21, 22, 23, 24, 25, 26, 27, 28, 29]","[1.2090152502059937, 1.1358246803283691, 1.2758114337921143, 1.2240216732025146, 1.2155793905258179, 1.2388828992843628, 1.3098530769348145, 1.24141263961792, 1.122178077697754, 1.2583123445510864, 1.2287163734436035, 1.2436609268188477, 1.2376060485839844, 1.2139081954956055, 1.30434250831604, 1.2429940700531006, 1.2498583793640137, 1.1860268115997314, 1.2103074789047241, 1.1868085861206055, 1.209917426109314, 1.2177157402038574, 1.2838757038116455, 1.279529333114624, 1.183258295059204, 1.1916327476501465, 1.231103777885437, 1.250925898551941, 1.2222501039505005, 1.247262716293335]",sae,Pre-64
1,beta,45,75.0,0.4515599815008028,0.4347157609968581,0.4336833861205785,0.5,0.6289673345145609,0.6747383883815667,30,"[0, 1, 2, 3, 4, 5, 6, 7, 8, 9, 10, 11, 12, 13, 14, 15, 16, 17, 18, 19, 20, 21, 22, 23, 24, 25, 26, 27, 28, 29]","[1.2118186950683594, 1.2046393156051636, 1.1175212860107422, 1.2471874952316284, 1.2435009479522705, 1.0702455043792725, 1.2621617317199707, 1.1873860359191895, 1.158481478691101, 1.0991942882537842, 1.1809848546981812, 1.2580912113189697, 1.2084110975265503, 1.1058392524719238, 1.1608388423919678, 1.1815924644470215, 1.1621969938278198, 1.0576989650726318, 1.1889337301254272, 1.2040725946426392, 1.2099356651306152, 1.1275392770767212, 1.2057688236236572, 1.0658499002456665, 1.0492150783538818, 1.2386078834533691, 1.1468443870544434, 1.167812705039978, 1.0608655214309692, 1.248781681060791]",sae,Pre-64
1,beta,13,20.0,0.4619123366083722,0.4531466051409948,0.4332830329580452,0.5,0.6127276801885291,0.7084227751366117,30,"[0, 1, 2, 3, 4, 5, 6, 7, 8, 9, 10, 11, 12, 13, 14, 15, 16, 17, 18, 19, 20, 21, 22, 23, 24, 25, 26, 27, 28, 29]","[1.2620290517807007, 1.0841492414474487, 1.2518304586410522, 1.2009828090667725, 1.1773443222045898, 1.2524205446243286, 1.1896860599517822, 1.205586552619934, 1.2011864185333252, 1.204891324043274, 1.2614386081695557, 1.189528465270996, 1.1975116729736328, 1.2220771312713623, 1.2205173969268799, 1.1578680276870728, 1.1433484554290771, 1.2188818454742432, 1.1746560335159302, 1.1710954904556274, 1.1613126993179321, 1.1272764205932617, 1.1385637521743774, 1.1813597679138184, 1.1625311374664307, 1.1538347005844116, 1.1776994466781616, 1.1675361394882202, 1.191448450088501, 1.2053452730178833]",sae,Pre-64
1,beta,14,0.23,0.4467366851483266,0.4421697276018216,0.4269936475169583,0.5,0.5934222168898753,0.700296945065163,30,"[0, 1, 2, 3, 4, 5, 6, 7, 8, 9, 10, 11, 12, 13, 14, 15, 16, 17, 18, 19, 20, 21, 22, 23, 24, 25, 26, 27, 28, 29]","[1.2321075201034546, 1.1256250143051147, 1.180782437324524, 1.2096834182739258, 1.2408336400985718, 1.205068588256836, 1.194055438041687, 1.262709617614746, 1.2076096534729004, 1.2449966669082642, 1.1563729047775269, 1.099097490310669, 1.1257216930389404, 1.2495574951171875, 1.2513220310211182, 1.2084970474243164, 1.2676920890808105, 1.2593461275100708, 1.1872167587280273, 1.195583701133728, 1.2245362997055054, 1.203721284866333, 1.2570908069610596, 1.1603012084960938, 1.2609577178955078, 1.2518072128295898, 1.1872849464416504, 1.2598925828933716, 1.2473558187484741, 1.130599021911621]",sae,Pre-64
1,beta,40,20.0,0.44666181227492,0.4340193094910912,0.4231658542806052,0.5,0.6093636266731638,0.6687813123391555,30,"[0, 1, 2, 3, 4, 5, 6, 7, 8, 9, 10, 11, 12, 13, 14, 15, 16, 17, 18, 19, 20, 21, 22, 23, 24, 25, 26, 27, 28, 29]","[1.2192795276641846, 1.1627495288848877, 1.1719245910644531, 1.11849045753479, 1.135270118713379, 1.1779391765594482, 1.1913443803787231, 1.1937462091445923, 1.2064859867095947, 1.201514720916748, 1.149951457977295, 1.1584373712539673, 1.2228493690490723, 1.112459421157837, 1.1239572763442993, 1.2368988990783691, 1.1208115816116333, 1.179778814315796, 1.1400268077850342, 1.1179053783416748, 1.1553407907485962, 1.1589585542678833, 1.194280743598938, 1.1646192073822021, 1.205991506576538, 1.145589828491211, 1.2156630754470825, 1.108210802078247, 1.2394895553588867, 1.1593530178070068]",sae,Pre-64
1,beta,25,0.3,0.4465066892532915,0.4352791138475453,0.4369155522245641,0.5,0.6270054355300688,0.6624963374453606,30,"[0, 1, 2, 3, 4, 5, 6, 7, 8, 9, 10, 11, 12, 13, 14, 15, 16, 17, 18, 19, 20, 21, 22, 23, 24, 25, 26, 27, 28, 29]","[1.2607628107070923, 1.258488416671753, 1.183171033859253, 1.2705177068710327, 1.2684060335159302, 1.2654671669006348, 1.1512480974197388, 1.18154776096344, 1.2377840280532837, 1.1347410678863525, 1.273611068725586, 1.1921412944793701, 1.269636869430542, 1.2003662586212158, 1.1805139780044556, 1.208652377128601, 1.0687330961227417, 1.1262270212173462, 1.168503761291504, 1.2018107175827026, 1.294715404510498, 1.1040340662002563, 1.2437810897827148, 1.2124972343444824, 1.2361918687820435, 1.1937941312789917, 1.299124002456665, 1.2643437385559082, 1.2824766635894775, 1.139142632484436]",sae,Pre-64
1,beta,23,3.0,0.4478205607315014,0.4344954522622479,0.4254038827054449,0.5,0.6150139710231751,0.6687422750907323,30,"[0, 1, 2, 3, 4, 5, 6, 7, 8, 9, 10, 11, 12, 13, 14, 15, 16, 17, 18, 19, 20, 21, 22, 23, 24, 25, 26, 27, 28, 29]","[1.1367353200912476, 1.1628820896148682, 1.1104114055633545, 1.2438031435012817, 1.0608277320861816, 1.1336368322372437, 1.211327075958252, 1.1689966917037964, 1.136163353919983, 1.248887538909912, 1.2434972524642944, 1.19732666015625, 1.1961266994476318, 1.0783805847167969, 1.1963282823562622, 1.2420802116394043, 0.9979529976844788, 1.167960286140442, 1.1316879987716675, 1.1474251747131348, 1.2360974550247192, 1.2508002519607544, 1.1319223642349243, 1.2472549676895142, 1.2268574237823486, 1.1909486055374146, 1.1608943939208984, 1.1226544380187988, 1.1709887981414795, 1.2530566453933716]",sae,Pre-64
1,beta,38,0.2,0.4455661720406026,0.4298851252298221,0.4358283018942583,0.5,0.6303640517897944,0.6627479055597867,30,"[0, 1, 2, 3, 4, 5, 6, 7, 8, 9, 10, 11, 12, 13, 14, 15, 16, 17, 18, 19, 20, 21, 22, 23, 24, 25, 26, 27, 28, 29]","[1.310632348060608, 1.2902905941009521, 1.3225733041763306, 1.3528491258621216, 1.3193007707595825, 1.2085944414138794, 1.3676705360412598, 1.3251028060913086, 1.1798808574676514, 1.337837815284729, 1.318285346031189, 1.332539677619934, 1.3467659950256348, 1.3127771615982056, 1.359135627746582, 1.2959553003311157, 1.3024221658706665, 1.376527190208435, 1.2662948369979858, 1.331181526184082, 1.309833288192749, 1.319514274597168, 1.3692972660064697, 1.2735371589660645, 1.3135602474212646, 1.3672510385513306, 1.265006422996521, 1.3722034692764282, 1.2982639074325562, 1.3813170194625854]",sae,Pre-64
1,beta,31,75.0,0.4497611378811508,0.4308970333737342,0.4263365388095558,0.5,0.642735734520437,0.7068234375903335,30,"[0, 1, 2, 3, 4, 5, 6, 7, 8, 9, 10, 11, 12, 13, 14, 15, 16, 17, 18, 19, 20, 21, 22, 23, 24, 25, 26, 27, 28, 29]","[1.1868829727172852, 1.1684132814407349, 1.1411691904067993, 1.1192221641540527, 1.1979950666427612, 1.2012416124343872, 1.1268763542175293, 1.1949924230575562, 1.1851063966751099, 1.1678438186645508, 1.1846915483474731, 1.1878143548965454, 1.2181352376937866, 1.073760986328125, 1.2400416135787964, 1.1805418729782104, 1.1810487508773804, 1.162557601928711, 1.1839708089828491, 1.1404868364334106, 1.2300362586975098, 1.1923527717590332, 1.2170655727386475, 1.2127258777618408, 1.1911245584487915, 1.1909171342849731, 1.1074947118759155, 1.2370617389678955, 1.1450209617614746, 1.2102415561676025]",sae,Pre-64
1,beta,35,10.0,0.4566193215888805,0.4379483378046387,0.4249770943696031,0.5,0.637290178651746,0.711674432830182,30,"[0, 1, 2, 3, 4, 5, 6, 7, 8, 9, 10, 11, 12, 13, 14, 15, 16, 17, 18, 19, 20, 21, 22, 23, 24, 25, 26, 27, 28, 29]","[1.1419644355773926, 1.1713181734085083, 1.240107536315918, 1.195743441581726, 1.1811882257461548, 1.1707707643508911, 1.1092125177383423, 1.2573636770248413, 1.2576355934143066, 1.1896233558654785, 1.2206906080245972, 1.1313600540161133, 1.1883442401885986, 1.0861045122146606, 1.169890284538269, 1.1350536346435547, 1.2416034936904907, 1.1306434869766235, 1.220120906829834, 1.109336495399475, 1.1400814056396484, 1.1308884620666504, 1.1600199937820435, 1.0872516632080078, 1.1515733003616333, 1.1778661012649536, 1.1567775011062622, 1.2329468727111816, 1.2157437801361084, 1.209161400794983]",sae,Pre-64
1,beta,42,200.0,0.4546678683050885,0.4407690563496341,0.4413971013834316,0.5,0.6336081445133979,0.6603511208928656,30,"[0, 1, 2, 3, 4, 5, 6, 7, 8, 9, 10, 11, 12, 13, 14, 15, 16, 17, 18, 19, 20, 21, 22, 23, 24, 25, 26, 27, 28, 29]","[1.2767118215560913, 1.1509020328521729, 1.2741888761520386, 1.2517021894454956, 1.16533625125885, 1.2553739547729492, 1.1647206544876099, 1.148014783859253, 1.1693377494812012, 1.2613091468811035, 1.2386943101882935, 1.2795376777648926, 1.1614588499069214, 1.0049147605895996, 1.2809103727340698, 1.1924101114273071, 1.141250491142273, 1.1302461624145508, 1.240049958229065, 1.2147595882415771, 1.1706880331039429, 1.1570767164230347, 1.171014428138733, 1.1616032123565674, 1.189007043838501, 1.1533206701278687, 1.2752232551574707, 1.16252863407135, 1.2145106792449951, 1.1530125141143799]",sae,Pre-64
1,beta,25,1000.0,0.4465066892532915,0.4352791138475453,0.4343063238453831,0.5,0.6270054355300688,0.6623169470140464,30,"[0, 1, 2, 3, 4, 5, 6, 7, 8, 9, 10, 11, 12, 13, 14, 15, 16, 17, 18, 19, 20, 21, 22, 23, 24, 25, 26, 27, 28, 29]","[1.2349497079849243, 1.2300689220428467, 1.1594949960708618, 1.2379430532455444, 1.2391033172607422, 1.2348957061767578, 1.1245805025100708, 1.155241847038269, 1.2080327272415161, 1.1094435453414917, 1.245295763015747, 1.160856008529663, 1.2375980615615845, 1.172969102859497, 1.15664803981781, 1.1831228733062744, 1.0464048385620117, 1.1029119491577148, 1.1445536613464355, 1.177851676940918, 1.2662200927734375, 1.0758339166641235, 1.214041829109192, 1.1855113506317139, 1.210127353668213, 1.1676115989685059, 1.270385980606079, 1.2399115562438965, 1.2544312477111816, 1.10956871509552]",sae,Pre-64
1,beta,36,0.5,0.4642138821845151,0.4576483090311837,0.4535059149965175,0.5,0.6031055233182893,0.6753925104988936,30,"[0, 1, 2, 3, 4, 5, 6, 7, 8, 9, 10, 11, 12, 13, 14, 15, 16, 17, 18, 19, 20, 21, 22, 23, 24, 25, 26, 27, 28, 29]","[1.1789084672927856, 1.1453419923782349, 1.1322602033615112, 1.1648893356323242, 1.0651395320892334, 1.1846054792404175, 1.141721487045288, 1.157162070274353, 1.1999086141586304, 1.0772851705551147, 1.1159154176712036, 1.2064303159713745, 1.127974510192871, 1.1429641246795654, 1.1640619039535522, 1.2071683406829834, 1.1763486862182617, 1.1451680660247803, 1.1947323083877563, 1.1258301734924316, 1.1810296773910522, 1.130793571472168, 1.1566245555877686, 1.1185775995254517, 1.1979726552963257, 1.140467643737793, 1.1513619422912598, 1.1503264904022217, 1.1800856590270996, 1.1112136840820312]",sae,Pre-64
1,beta,19,30.0,0.4469965829377276,0.435497383761294,0.4097250170082565,0.5,0.6104665954706788,0.7106605521877061,30,"[0, 1, 2, 3, 4, 5, 6, 7, 8, 9, 10, 11, 12, 13, 14, 15, 16, 17, 18, 19, 20, 21, 22, 23, 24, 25, 26, 27, 28, 29]","[1.1908780336380005, 1.1948882341384888, 1.261419415473938, 1.2143750190734863, 1.1074068546295166, 1.138035535812378, 1.1818253993988037, 1.2405482530593872, 1.1682370901107788, 1.2502057552337646, 1.23455810546875, 1.2729377746582031, 1.1755164861679077, 1.1892448663711548, 1.0957870483398438, 1.117355465888977, 1.255409598350525, 1.2807034254074097, 1.139570951461792, 1.1753686666488647, 1.285911202430725, 1.180781364440918, 1.1631584167480469, 1.175125002861023, 1.172812819480896, 1.2548409700393677, 1.2710891962051392, 1.194553017616272, 1.1372811794281006, 1.1591088771820068]",sae,Pre-64
1,beta,25,1.5,0.4465066892532915,0.4352791138475453,0.4313572605092424,0.5,0.6270054355300688,0.6623169470140464,30,"[0, 1, 2, 3, 4, 5, 6, 7, 8, 9, 10, 11, 12, 13, 14, 15, 16, 17, 18, 19, 20, 21, 22, 23, 24, 25, 26, 27, 28, 29]","[1.2349497079849243, 1.2300689220428467, 1.1594949960708618, 1.2379430532455444, 1.2391033172607422, 1.2348957061767578, 1.1245805025100708, 1.155241847038269, 1.2080327272415161, 1.1094435453414917, 1.245295763015747, 1.160856008529663, 1.2375980615615845, 1.172969102859497, 1.15664803981781, 1.1831228733062744, 1.0464048385620117, 1.1029119491577148, 1.1445536613464355, 1.177851676940918, 1.2662200927734375, 1.0758339166641235, 1.214041829109192, 1.1855113506317139, 1.210127353668213, 1.1676115989685059, 1.270385980606079, 1.2399115562438965, 1.2544312477111816, 1.10956871509552]",sae,Pre-64
1,beta,22,0.5,0.4519005213187685,0.4442985770479847,0.4367168433296196,0.5,0.5939599289403404,0.6815271356133603,30,"[0, 1, 2, 3, 4, 5, 6, 7, 8, 9, 10, 11, 12, 13, 14, 15, 16, 17, 18, 19, 20, 21, 22, 23, 24, 25, 26, 27, 28, 29]","[1.1179190874099731, 1.168941855430603, 1.1830703020095825, 1.1668369770050049, 1.2358616590499878, 1.1766568422317505, 1.1327937841415405, 1.165419340133667, 1.125562310218811, 1.1434152126312256, 1.1285946369171143, 1.224861741065979, 1.1848485469818115, 1.2125139236450195, 1.133904218673706, 1.1921454668045044, 1.203025460243225, 1.2069814205169678, 1.1357468366622925, 1.1382958889007568, 1.198440432548523, 1.1977695226669312, 1.207923412322998, 1.1743204593658447, 1.1639965772628784, 1.2263959646224976, 1.1249594688415527, 1.1282567977905273, 1.2587064504623413, 1.1409783363342285]",sae,Pre-64
1,beta,15,5.0,0.4529015220185267,0.4424399871594601,0.4252810733852822,0.5,0.6161071485640408,0.710238382312352,30,"[0, 1, 2, 3, 4, 5, 6, 7, 8, 9, 10, 11, 12, 13, 14, 15, 16, 17, 18, 19, 20, 21, 22, 23, 24, 25, 26, 27, 28, 29]","[1.17221999168396, 1.125728726387024, 1.1524420976638794, 1.18513822555542, 1.1932274103164673, 1.1606303453445435, 1.152201533317566, 1.1706732511520386, 1.198472023010254, 1.2162184715270996, 1.1902236938476562, 1.1268775463104248, 1.2425992488861084, 1.2129015922546387, 1.1411244869232178, 1.1768995523452759, 1.151627540588379, 1.2215334177017212, 1.1259431838989258, 1.195621132850647, 1.2451423406600952, 1.2243961095809937, 1.1661878824234009, 1.1994489431381226, 1.127516269683838, 1.0478888750076294, 1.2014273405075073, 1.2476288080215454, 1.165405511856079, 1.1883403062820435]",sae,Pre-64
1,beta,46,2.0,0.4545712902572906,0.4417269056853911,0.4366438868031048,0.5,0.6270377926330811,0.6841009761445498,30,"[0, 1, 2, 3, 4, 5, 6, 7, 8, 9, 10, 11, 12, 13, 14, 15, 16, 17, 18, 19, 20, 21, 22, 23, 24, 25, 26, 27, 28, 29]","[1.154767394065857, 1.227081537246704, 1.2429275512695312, 1.2448883056640625, 1.1829752922058105, 1.2766703367233276, 1.184883952140808, 1.2525430917739868, 1.2228230237960815, 1.2935329675674438, 1.0590815544128418, 1.1557743549346924, 1.295918583869934, 1.1653231382369995, 1.2226365804672241, 1.2752548456192017, 1.2336431741714478, 1.2529560327529907, 1.253047227859497, 1.2707768678665161, 1.200863003730774, 1.2171014547348022, 1.2470494508743286, 1.232546091079712, 1.2547560930252075, 1.260716199874878, 1.2299758195877075, 1.279518485069275, 1.224043607711792, 1.2248477935791016]",sae,Pre-64
1,beta,5,30.0,0.4445517550333296,0.4301735816232515,0.4197091561849064,0.5,0.6070910659257547,0.6842133226655333,30,"[0, 1, 2, 3, 4, 5, 6, 7, 8, 9, 10, 11, 12, 13, 14, 15, 16, 17, 18, 19, 20, 21, 22, 23, 24, 25, 26, 27, 28, 29]","[1.204357385635376, 1.1163825988769531, 1.1249853372573853, 1.2326985597610474, 1.2355924844741821, 1.143419623374939, 1.1704707145690918, 1.1541118621826172, 1.2013881206512451, 1.1368167400360107, 1.2147825956344604, 1.2316826581954956, 1.1647292375564575, 1.1742970943450928, 1.2483549118041992, 1.1848121881484985, 1.1945708990097046, 1.215935230255127, 1.0952128171920776, 1.1795579195022583, 1.241766095161438, 1.18599534034729, 1.2278627157211304, 1.1371809244155884, 1.1636097431182861, 1.2409509420394897, 1.11619234085083, 1.1437363624572754, 1.2238935232162476, 1.1628071069717407]",sae,Pre-64
1,beta,14,0.75,0.4467366851483266,0.4421697276018216,0.4214064503953207,0.5,0.5934222168898753,0.7004071746726857,30,"[0, 1, 2, 3, 4, 5, 6, 7, 8, 9, 10, 11, 12, 13, 14, 15, 16, 17, 18, 19, 20, 21, 22, 23, 24, 25, 26, 27, 28, 29]","[1.1700234413146973, 1.0681921243667603, 1.1210544109344482, 1.148490071296692, 1.1765847206115723, 1.143620252609253, 1.1391699314117432, 1.1990078687667847, 1.1443272829055786, 1.177550196647644, 1.0939750671386719, 1.0375179052352905, 1.0638422966003418, 1.1846389770507812, 1.1842373609542847, 1.1451287269592285, 1.202758550643921, 1.1907190084457397, 1.1267846822738647, 1.1308374404907227, 1.1608028411865234, 1.1382582187652588, 1.1897944211959839, 1.1014028787612915, 1.1924012899398804, 1.182306170463562, 1.1216769218444824, 1.1922364234924316, 1.183416485786438, 1.0683033466339111]",sae,Pre-64
1,beta,9,0.5,0.448644851968101,0.4348910401892977,0.4378553377986391,0.5,0.6286670530281078,0.6733236742973052,30,"[0, 1, 2, 3, 4, 5, 6, 7, 8, 9, 10, 11, 12, 13, 14, 15, 16, 17, 18, 19, 20, 21, 22, 23, 24, 25, 26, 27, 28, 29]","[1.2528600692749023, 1.1948821544647217, 1.2770030498504639, 1.2581801414489746, 1.1977726221084595, 1.0751241445541382, 1.2538965940475464, 1.1705189943313599, 1.2521275281906128, 1.143057107925415, 1.2492932081222534, 1.2029532194137573, 1.2075315713882446, 1.2479912042617798, 1.2879458665847778, 1.2223210334777832, 1.1759294271469116, 1.266880989074707, 1.2768359184265137, 1.178650975227356, 1.2620545625686646, 1.2728794813156128, 1.1838265657424927, 1.2607241868972778, 1.2807636260986328, 1.26418936252594, 1.1338227987289429, 1.0808967351913452, 1.197605848312378, 1.2734181880950928]",sae,Pre-64
1,beta,42,0.75,0.4546678683050885,0.4407690563496341,0.4356934168327248,0.5,0.6336081445133979,0.6603511208928656,30,"[0, 1, 2, 3, 4, 5, 6, 7, 8, 9, 10, 11, 12, 13, 14, 15, 16, 17, 18, 19, 20, 21, 22, 23, 24, 25, 26, 27, 28, 29]","[1.2767118215560913, 1.1509020328521729, 1.2741888761520386, 1.2517021894454956, 1.16533625125885, 1.2553739547729492, 1.1647206544876099, 1.148014783859253, 1.1693377494812012, 1.2613091468811035, 1.2386943101882935, 1.2795376777648926, 1.1614588499069214, 1.0049147605895996, 1.2809103727340698, 1.1924101114273071, 1.141250491142273, 1.1302461624145508, 1.240049958229065, 1.2147595882415771, 1.1706880331039429, 1.1570767164230347, 1.171014428138733, 1.1616032123565674, 1.189007043838501, 1.1533206701278687, 1.2752232551574707, 1.16252863407135, 1.2145106792449951, 1.1530125141143799]",sae,Pre-64
1,beta,34,1.0,0.4568527557813058,0.4470225010708758,0.4395435833548204,0.5,0.6011606799053854,0.6760287318218534,30,"[0, 1, 2, 3, 4, 5, 6, 7, 8, 9, 10, 11, 12, 13, 14, 15, 16, 17, 18, 19, 20, 21, 22, 23, 24, 25, 26, 27, 28, 29]","[1.137890338897705, 1.2171109914779663, 1.2127997875213623, 1.1824638843536377, 1.152029275894165, 1.1444475650787354, 1.1735047101974487, 1.0769213438034058, 1.1361875534057617, 1.1606651544570923, 1.2005587816238403, 1.015907645225525, 1.1853113174438477, 1.0790728330612183, 1.1112900972366333, 1.1400375366210938, 1.2139219045639038, 1.2259365320205688, 1.1806495189666748, 1.1336230039596558, 1.175050139427185, 1.2325819730758667, 1.1709409952163696, 1.1730239391326904, 1.1460753679275513, 1.094346284866333, 1.2428449392318726, 1.229536533355713, 1.2293792963027954, 1.190686821937561]",sae,Pre-64
1,beta,43,0.21,0.4515364523902173,0.4432102910589974,0.4332517013626459,0.5,0.6060785767234989,0.6967279466271312,30,"[0, 1, 2, 3, 4, 5, 6, 7, 8, 9, 10, 11, 12, 13, 14, 15, 16, 17, 18, 19, 20, 21, 22, 23, 24, 25, 26, 27, 28, 29]","[1.2137269973754883, 1.2966495752334595, 1.2138888835906982, 1.1676738262176514, 1.2102769613265991, 1.1480684280395508, 1.1920170783996582, 1.177064299583435, 1.259727120399475, 1.1724348068237305, 1.1425949335098267, 1.2585235834121704, 1.2058279514312744, 1.1739577054977417, 1.1621994972229004, 1.0888837575912476, 1.250617504119873, 1.1916553974151611, 1.2415788173675537, 1.2100411653518677, 1.173439860343933, 1.1695396900177002, 1.238284707069397, 1.2358100414276123, 1.1332714557647705, 1.2508617639541626, 1.267849326133728, 1.178114891052246, 1.2484055757522583, 1.2684884071350098]",sae,Pre-64
1,beta,3,0.21,0.4557259332451328,0.444824285747971,0.4504785370863413,0.5,0.6042731979176,0.6517472329576497,30,"[0, 1, 2, 3, 4, 5, 6, 7, 8, 9, 10, 11, 12, 13, 14, 15, 16, 17, 18, 19, 20, 21, 22, 23, 24, 25, 26, 27, 28, 29]","[1.2530550956726074, 1.2808988094329834, 1.26637864112854, 1.1885993480682373, 1.260440468788147, 1.2613152265548706, 1.2488858699798584, 1.2795140743255615, 1.0720655918121338, 1.316695213317871, 1.2017741203308105, 1.3090351819992065, 1.2489662170410156, 1.194008708000183, 1.3207859992980957, 1.2588279247283936, 1.261866807937622, 1.2705868482589722, 1.2034670114517212, 1.221605658531189, 1.164673089981079, 1.2386213541030884, 1.2251660823822021, 1.3296444416046143, 1.2970528602600098, 1.2447386980056763, 1.255641222000122, 1.239062786102295, 1.2975609302520752, 1.2356922626495361]",sae,Pre-64
1,beta,14,200.0,0.4467366851483266,0.4421697276018216,0.4236898416391712,0.5,0.5934222168898753,0.7004071746726857,30,"[0, 1, 2, 3, 4, 5, 6, 7, 8, 9, 10, 11, 12, 13, 14, 15, 16, 17, 18, 19, 20, 21, 22, 23, 24, 25, 26, 27, 28, 29]","[1.1700234413146973, 1.0681921243667603, 1.1210544109344482, 1.148490071296692, 1.1765847206115723, 1.143620252609253, 1.1391699314117432, 1.1990078687667847, 1.1443272829055786, 1.177550196647644, 1.0939750671386719, 1.0375179052352905, 1.0638422966003418, 1.1846389770507812, 1.1842373609542847, 1.1451287269592285, 1.202758550643921, 1.1907190084457397, 1.1267846822738647, 1.1308374404907227, 1.1608028411865234, 1.1382582187652588, 1.1897944211959839, 1.1014028787612915, 1.1924012899398804, 1.182306170463562, 1.1216769218444824, 1.1922364234924316, 1.183416485786438, 1.0683033466339111]",sae,Pre-64
1,beta,48,1.0,0.4556814132376,0.4510566266980289,0.4642209761805972,0.5,0.5923878577171784,0.5876994552846448,30,"[0, 1, 2, 3, 4, 5, 6, 7, 8, 9, 10, 11, 12, 13, 14, 15, 16, 17, 18, 19, 20, 21, 22, 23, 24, 25, 26, 27, 28, 29]","[1.314848780632019, 1.2628027200698853, 1.241004228591919, 1.2374732494354248, 1.2198200225830078, 1.1986083984375, 1.2501070499420166, 1.1745821237564087, 1.2252157926559448, 1.2332372665405273, 1.2725598812103271, 1.2326319217681885, 1.2322970628738403, 1.2276474237442017, 1.1980329751968384, 1.24959397315979, 1.2403693199157715, 1.2576123476028442, 1.2807153463363647, 1.1356396675109863, 1.2306994199752808, 1.2764241695404053, 1.2865550518035889, 1.136379361152649, 1.2335848808288574, 1.253692626953125, 1.2959669828414917, 1.2499793767929077, 1.2189946174621582, 1.252404808998108]",sae,Pre-64
1,beta,3,75.0,0.4557259332451328,0.444824285747971,0.4443898262630243,0.5,0.6042731979176,0.6513497732311597,30,"[0, 1, 2, 3, 4, 5, 6, 7, 8, 9, 10, 11, 12, 13, 14, 15, 16, 17, 18, 19, 20, 21, 22, 23, 24, 25, 26, 27, 28, 29]","[1.2173471450805664, 1.2437915802001953, 1.2303599119186401, 1.1470088958740234, 1.225160837173462, 1.2187906503677368, 1.2136988639831543, 1.2373769283294678, 1.0408121347427368, 1.2769273519515991, 1.1646583080291748, 1.2723538875579834, 1.2085832357406616, 1.1533737182617188, 1.2780166864395142, 1.220745325088501, 1.2246323823928833, 1.232620120048523, 1.1631330251693726, 1.1876789331436157, 1.1246399879455566, 1.1998945474624634, 1.1904420852661133, 1.2890866994857788, 1.2598119974136353, 1.2086460590362549, 1.220794439315796, 1.200886607170105, 1.255966067314148, 1.1892025470733643]",sae,Pre-64
1,beta,12,1.5,0.4455148672091349,0.4361346773072694,0.4020826918674287,0.5,0.5892778403611032,0.732179722690948,30,"[0, 1, 2, 3, 4, 5, 6, 7, 8, 9, 10, 11, 12, 13, 14, 15, 16, 17, 18, 19, 20, 21, 22, 23, 24, 25, 26, 27, 28, 29]","[1.1510069370269775, 1.238104224205017, 1.1669384241104126, 1.0727007389068604, 1.2094347476959229, 1.160822868347168, 1.1686755418777466, 1.231000304222107, 1.250001072883606, 1.1482594013214111, 1.1463829278945923, 1.2851383686065674, 1.1506091356277466, 1.2207391262054443, 1.1269334554672241, 1.2875975370407104, 1.111490249633789, 1.2468537092208862, 1.1965770721435547, 1.2625105381011963, 1.2613308429718018, 1.1978631019592285, 1.1764955520629883, 1.2832802534103394, 1.261273980140686, 1.1248352527618408, 1.2639222145080566, 1.2385042905807495, 1.1889654397964478, 1.2939741611480713]",sae,Pre-64
1,beta,24,50.0,0.4501416387440968,0.4383559369047743,0.439432304736827,0.5,0.6188330126613704,0.6395171300893744,30,"[0, 1, 2, 3, 4, 5, 6, 7, 8, 9, 10, 11, 12, 13, 14, 15, 16, 17, 18, 19, 20, 21, 22, 23, 24, 25, 26, 27, 28, 29]","[1.2124673128128052, 1.1755998134613037, 1.1868178844451904, 1.2273244857788086, 1.242689609527588, 1.1841548681259155, 1.1860560178756714, 1.1832525730133057, 1.2021790742874146, 1.0739104747772217, 1.2058616876602173, 1.1563575267791748, 1.2078834772109985, 1.2294706106185913, 1.1749554872512817, 1.1637247800827026, 1.237532138824463, 1.0551373958587646, 1.169660210609436, 1.2379261255264282, 1.2216182947158813, 1.238648533821106, 1.1921476125717163, 1.2000505924224854, 1.1518317461013794, 1.1153621673583984, 1.1851884126663208, 1.1612211465835571, 1.239385962486267, 1.1791527271270752]",sae,Pre-64
1,beta,8,100.0,0.4517491928182039,0.4406431065890545,0.4326960575723772,0.5,0.6098144493254953,0.6772260068051754,30,"[0, 1, 2, 3, 4, 5, 6, 7, 8, 9, 10, 11, 12, 13, 14, 15, 16, 17, 18, 19, 20, 21, 22, 23, 24, 25, 26, 27, 28, 29]","[1.1187007427215576, 1.218583345413208, 1.1729588508605957, 1.1930103302001953, 1.2442059516906738, 1.182166576385498, 1.2270926237106323, 1.164693832397461, 1.2057322263717651, 1.212062120437622, 1.2319320440292358, 1.18947172164917, 1.188055396080017, 1.2018784284591675, 1.2228853702545166, 1.1608076095581055, 1.179728627204895, 1.1950958967208862, 1.1249150037765503, 1.1465964317321777, 1.1464855670928955, 1.1299797296524048, 1.2297531366348267, 1.1591399908065796, 1.2222727537155151, 1.227508783340454, 1.1398975849151611, 1.22318696975708, 1.2009252309799194, 1.166541337966919]",sae,Pre-64
1,beta,33,30.0,0.4492211383258522,0.4377959816952598,0.4212375345847759,0.5,0.6165210074526608,0.6954138560095032,30,"[0, 1, 2, 3, 4, 5, 6, 7, 8, 9, 10, 11, 12, 13, 14, 15, 16, 17, 18, 19, 20, 21, 22, 23, 24, 25, 26, 27, 28, 29]","[1.1849273443222046, 1.2562428712844849, 1.2136778831481934, 1.194433331489563, 1.149998426437378, 1.2687307596206665, 1.1574212312698364, 1.2470797300338745, 1.2527871131896973, 1.2536271810531616, 1.1950736045837402, 1.2495068311691284, 1.1756917238235474, 1.1588196754455566, 1.1325362920761108, 1.2413465976715088, 1.1629266738891602, 1.1944456100463867, 1.2464298009872437, 1.2438013553619385, 1.1899774074554443, 1.159067153930664, 1.2561681270599365, 1.2361953258514404, 1.2687146663665771, 1.1437739133834839, 1.1919195652008057, 1.171987533569336, 1.145799160003662, 1.191154956817627]",sae,Pre-64
1,beta,28,0.75,0.4589844236982603,0.4495627040154577,0.4363597930098649,0.5,0.5987249917034086,0.6954499122931779,30,"[0, 1, 2, 3, 4, 5, 6, 7, 8, 9, 10, 11, 12, 13, 14, 15, 16, 17, 18, 19, 20, 21, 22, 23, 24, 25, 26, 27, 28, 29]","[1.1352343559265137, 1.0775038003921509, 1.0399432182312012, 1.2336927652359009, 1.179149866104126, 1.2072476148605347, 1.1323752403259277, 1.10542631149292, 1.2175010442733765, 1.2215855121612549, 1.176476240158081, 1.2057819366455078, 1.218854308128357, 1.2209949493408203, 1.1551659107208252, 1.1379764080047607, 1.1653257608413696, 1.2166705131530762, 1.183241605758667, 1.1995640993118286, 1.135400652885437, 1.153017282485962, 1.1304819583892822, 1.08482027053833, 1.1267801523208618, 1.205606460571289, 1.2566165924072266, 1.1601134538650513, 1.1428003311157227, 1.122060775756836]",sae,Pre-64
1,beta,11,0.2,0.4566976193509867,0.4496008864727478,0.4314025118568114,0.5,0.5995106990682213,0.709773142295266,30,"[0, 1, 2, 3, 4, 5, 6, 7, 8, 9, 10, 11, 12, 13, 14, 15, 16, 17, 18, 19, 20, 21, 22, 23, 24, 25, 26, 27, 28, 29]","[1.197404384613037, 1.0159912109375, 1.1595122814178467, 1.0947496891021729, 1.2204711437225342, 1.0870051383972168, 1.1269891262054443, 1.0375356674194336, 1.2077991962432861, 1.2207576036453247, 1.2321844100952148, 1.2301312685012817, 1.2398982048034668, 1.1524134874343872, 1.143661618232727, 1.0850900411605835, 1.17250657081604, 1.1216024160385132, 1.160549521446228, 1.1942617893218994, 1.178363561630249, 1.1898934841156006, 1.2164463996887207, 1.1637935638427734, 1.1526267528533936, 1.2090473175048828, 1.2035871744155884, 1.1137361526489258, 1.1602522134780884, 1.1377544403076172]",sae,Pre-64
1,beta,41,20.0,0.4543678569363413,0.4427951465832617,0.4402355772880377,0.5,0.6190905384235713,0.6706238331294664,30,"[0, 1, 2, 3, 4, 5, 6, 7, 8, 9, 10, 11, 12, 13, 14, 15, 16, 17, 18, 19, 20, 21, 22, 23, 24, 25, 26, 27, 28, 29]","[1.1356950998306274, 1.1843740940093994, 1.0599017143249512, 1.0706007480621338, 1.0468002557754517, 1.210906744003296, 1.101571798324585, 1.1551228761672974, 1.140668272972107, 1.1793739795684814, 1.185392141342163, 1.1593207120895386, 1.1646181344985962, 1.1845898628234863, 1.201792597770691, 1.1444034576416016, 1.0762401819229126, 1.1555777788162231, 1.1304680109024048, 1.1696642637252808, 1.0725892782211304, 1.1413424015045166, 1.1628625392913818, 1.156077265739441, 1.1492286920547485, 1.137248158454895, 1.1817694902420044, 1.172348141670227, 1.1405194997787476, 1.0922468900680542]",sae,Pre-64
1,beta,0,0.23,0.4600628296558519,0.4487196928272481,0.4296173038364927,0.5,0.6146148452673732,0.7222158849805852,30,"[0, 1, 2, 3, 4, 5, 6, 7, 8, 9, 10, 11, 12, 13, 14, 15, 16, 17, 18, 19, 20, 21, 22, 23, 24, 25, 26, 27, 28, 29]","[1.2513492107391357, 1.2937498092651367, 1.267179250717163, 1.3117711544036865, 1.237442970275879, 1.268304467201233, 1.2992750406265259, 1.3337253332138062, 1.3138206005096436, 1.2838011980056763, 1.2680301666259766, 1.2740477323532104, 1.3202009201049805, 1.30709707736969, 1.323897123336792, 1.2681678533554077, 1.2889232635498047, 1.2291916608810425, 1.1552942991256714, 1.3077634572982788, 1.2388426065444946, 1.2355527877807617, 1.3166770935058594, 1.2598005533218384, 1.2507117986679077, 1.1959381103515625, 1.319853663444519, 1.2199889421463013, 1.302124261856079, 1.211440086364746]",sae,Pre-64
1,beta,33,0.25,0.4492211383258522,0.4377959816952598,0.4223402424961981,0.5,0.6165210074526608,0.6954138560095032,30,"[0, 1, 2, 3, 4, 5, 6, 7, 8, 9, 10, 11, 12, 13, 14, 15, 16, 17, 18, 19, 20, 21, 22, 23, 24, 25, 26, 27, 28, 29]","[1.1849273443222046, 1.2562428712844849, 1.2136778831481934, 1.194433331489563, 1.149998426437378, 1.2687307596206665, 1.1574212312698364, 1.2470797300338745, 1.2527871131896973, 1.2536271810531616, 1.1950736045837402, 1.2495068311691284, 1.1756917238235474, 1.1588196754455566, 1.1325362920761108, 1.2413465976715088, 1.1629266738891602, 1.1944456100463867, 1.2464298009872437, 1.2438013553619385, 1.1899774074554443, 1.159067153930664, 1.2561681270599365, 1.2361953258514404, 1.2687146663665771, 1.1437739133834839, 1.1919195652008057, 1.171987533569336, 1.145799160003662, 1.191154956817627]",sae,Pre-64
1,beta,39,0.2,0.4461088087810431,0.4292341094433316,0.4327741557739478,0.5,0.6205127278095635,0.6663970160675603,30,"[0, 1, 2, 3, 4, 5, 6, 7, 8, 9, 10, 11, 12, 13, 14, 15, 16, 17, 18, 19, 20, 21, 22, 23, 24, 25, 26, 27, 28, 29]","[1.2167617082595825, 1.2662134170532227, 1.2168898582458496, 1.191333532333374, 1.1658390760421753, 1.2374818325042725, 1.2047911882400513, 1.2446446418762207, 1.1871850490570068, 1.2308787107467651, 1.2083039283752441, 1.1263024806976318, 1.233458399772644, 1.16126549243927, 1.230029821395874, 1.284417986869812, 1.2190979719161987, 1.2492163181304932, 1.174789547920227, 1.1100143194198608, 1.190043330192566, 1.2503780126571655, 1.146165370941162, 1.1576765775680542, 1.2477355003356934, 1.2323657274246216, 1.0786656141281128, 1.1811703443527222, 1.2901571989059448, 1.1893996000289917]",sae,Pre-64
1,beta,4,2.0,0.4589558369307028,0.4477177462853796,0.4480107193903337,0.5,0.61034827708266,0.6615802514735983,30,"[0, 1, 2, 3, 4, 5, 6, 7, 8, 9, 10, 11, 12, 13, 14, 15, 16, 17, 18, 19, 20, 21, 22, 23, 24, 25, 26, 27, 28, 29]","[1.1777721643447876, 1.1554479598999023, 1.123734712600708, 1.2367613315582275, 1.1010112762451172, 1.1309430599212646, 1.145643711090088, 1.1165508031845093, 1.1993235349655151, 1.1947863101959229, 1.1990617513656616, 1.1123532056808472, 1.2366323471069336, 1.1637712717056274, 1.1139233112335205, 1.1837881803512573, 1.1833724975585938, 1.168279767036438, 1.1406776905059814, 1.2084177732467651, 1.1869065761566162, 1.2237598896026611, 1.1760855913162231, 1.0962145328521729, 1.1903668642044067, 1.1116077899932861, 1.1601639986038208, 1.1707360744476318, 1.2161426544189453, 1.1170037984848022]",sae,Pre-64
1,beta,36,100.0,0.4642138821845151,0.4576483090311837,0.4535059149965175,0.5,0.6031055233182893,0.6753925104988936,30,"[0, 1, 2, 3, 4, 5, 6, 7, 8, 9, 10, 11, 12, 13, 14, 15, 16, 17, 18, 19, 20, 21, 22, 23, 24, 25, 26, 27, 28, 29]","[1.1789084672927856, 1.1453419923782349, 1.1322602033615112, 1.1648893356323242, 1.0651395320892334, 1.1846054792404175, 1.141721487045288, 1.157162070274353, 1.1999086141586304, 1.0772851705551147, 1.1159154176712036, 1.2064303159713745, 1.127974510192871, 1.1429641246795654, 1.1640619039535522, 1.2071683406829834, 1.1763486862182617, 1.1451680660247803, 1.1947323083877563, 1.1258301734924316, 1.1810296773910522, 1.130793571472168, 1.1566245555877686, 1.1185775995254517, 1.1979726552963257, 1.140467643737793, 1.1513619422912598, 1.1503264904022217, 1.1800856590270996, 1.1112136840820312]",sae,Pre-64
1,beta,11,50.0,0.4566976193509867,0.4496008864727478,0.4314025118568114,0.5,0.5995106990682213,0.709773142295266,30,"[0, 1, 2, 3, 4, 5, 6, 7, 8, 9, 10, 11, 12, 13, 14, 15, 16, 17, 18, 19, 20, 21, 22, 23, 24, 25, 26, 27, 28, 29]","[1.197404384613037, 1.0159912109375, 1.1595122814178467, 1.0947496891021729, 1.2204711437225342, 1.0870051383972168, 1.1269891262054443, 1.0375356674194336, 1.2077991962432861, 1.2207576036453247, 1.2321844100952148, 1.2301312685012817, 1.2398982048034668, 1.1524134874343872, 1.143661618232727, 1.0850900411605835, 1.17250657081604, 1.1216024160385132, 1.160549521446228, 1.1942617893218994, 1.178363561630249, 1.1898934841156006, 1.2164463996887207, 1.1637935638427734, 1.1526267528533936, 1.2090473175048828, 1.2035871744155884, 1.1137361526489258, 1.1602522134780884, 1.1377544403076172]",sae,Pre-64
1,beta,18,2.0,0.4575117633693479,0.4471831599677374,0.4176082304048469,0.5,0.6052065040104606,0.7279783219994782,30,"[0, 1, 2, 3, 4, 5, 6, 7, 8, 9, 10, 11, 12, 13, 14, 15, 16, 17, 18, 19, 20, 21, 22, 23, 24, 25, 26, 27, 28, 29]","[1.08156156539917, 1.1808451414108276, 1.2274887561798096, 1.1775970458984375, 1.1839946508407593, 1.1783868074417114, 1.302558422088623, 1.1474957466125488, 1.2003755569458008, 1.1137614250183105, 1.279771089553833, 1.1947054862976074, 1.217077374458313, 1.243087649345398, 1.1674503087997437, 1.1044795513153076, 1.2428091764450073, 1.1572407484054565, 1.1403177976608276, 1.0754040479660034, 1.2844663858413696, 1.1361045837402344, 1.2445805072784424, 1.2017990350723267, 1.1962649822235107, 1.1700507402420044, 1.2117968797683716, 1.2385376691818237, 1.2291908264160156, 1.181313395500183]",sae,Pre-64
1,beta,0,20.0,0.4600628296558519,0.4487196928272481,0.4277696115968685,0.5,0.6146148452673732,0.7212500893551071,30,"[0, 1, 2, 3, 4, 5, 6, 7, 8, 9, 10, 11, 12, 13, 14, 15, 16, 17, 18, 19, 20, 21, 22, 23, 24, 25, 26, 27, 28, 29]","[1.1609565019607544, 1.205399990081787, 1.1734585762023926, 1.2161903381347656, 1.1425961256027222, 1.1842118501663208, 1.2070008516311646, 1.2379403114318848, 1.2223178148269653, 1.1959354877471924, 1.181226134300232, 1.1726235151290894, 1.2236276865005493, 1.2120070457458496, 1.218804955482483, 1.1687568426132202, 1.1801352500915527, 1.143155813217163, 1.0709192752838135, 1.2054029703140259, 1.1369202136993408, 1.1508759260177612, 1.2216984033584595, 1.1585367918014526, 1.1669466495513916, 1.1062743663787842, 1.2285964488983154, 1.136776089668274, 1.1998835802078247, 1.1328357458114624]",sae,Pre-64
1,beta,17,75.0,0.4599327030141671,0.4513468217402507,0.4356333898997919,0.5,0.6120635717004715,0.6982794453738126,30,"[0, 1, 2, 3, 4, 5, 6, 7, 8, 9, 10, 11, 12, 13, 14, 15, 16, 17, 18, 19, 20, 21, 22, 23, 24, 25, 26, 27, 28, 29]","[1.253448724746704, 1.157033085823059, 1.1724380254745483, 1.21102774143219, 1.2398598194122314, 1.1416960954666138, 1.2152034044265747, 1.1179237365722656, 1.1752480268478394, 1.1612284183502197, 1.2127126455307007, 1.234884262084961, 1.1886143684387207, 1.2384566068649292, 1.1679030656814575, 1.1839061975479126, 1.2392202615737915, 1.1842913627624512, 1.217572808265686, 1.1993213891983032, 1.1283472776412964, 1.197530746459961, 1.0647335052490234, 1.1836165189743042, 1.1550945043563843, 1.1692523956298828, 1.1686493158340454, 1.191864013671875, 1.1417936086654663, 1.2131496667861938]",sae,Pre-64
1,beta,21,10.0,0.4504746503440228,0.4381370334360364,0.4239781900703014,0.5,0.6200058082774133,0.686910676108207,30,"[0, 1, 2, 3, 4, 5, 6, 7, 8, 9, 10, 11, 12, 13, 14, 15, 16, 17, 18, 19, 20, 21, 22, 23, 24, 25, 26, 27, 28, 29]","[1.1140649318695068, 1.152727723121643, 1.2438535690307617, 1.230009913444519, 1.1658810377120972, 1.1943459510803223, 1.1483663320541382, 1.1402873992919922, 1.204589605331421, 1.1714168787002563, 1.23432457447052, 1.17771315574646, 1.132249355316162, 1.1423084735870361, 1.1501163244247437, 1.1399269104003906, 1.1680771112442017, 1.1623523235321045, 1.1109286546707153, 1.2336747646331787, 1.1268517971038818, 1.2345601320266724, 1.125869870185852, 1.1168842315673828, 1.180175542831421, 1.1148767471313477, 1.053167700767517, 1.1537359952926636, 1.2132099866867065, 1.1823461055755615]",sae,Pre-64
1,beta,42,0.23,0.4546678683050885,0.4407690563496341,0.4395215299137037,0.5,0.6336081445133979,0.6603511208928656,30,"[0, 1, 2, 3, 4, 5, 6, 7, 8, 9, 10, 11, 12, 13, 14, 15, 16, 17, 18, 19, 20, 21, 22, 23, 24, 25, 26, 27, 28, 29]","[1.2767118215560913, 1.1509020328521729, 1.2741888761520386, 1.2517021894454956, 1.16533625125885, 1.2553739547729492, 1.1647206544876099, 1.148014783859253, 1.1693377494812012, 1.2613091468811035, 1.2386943101882935, 1.2795376777648926, 1.1614588499069214, 1.0049147605895996, 1.2809103727340698, 1.1924101114273071, 1.141250491142273, 1.1302461624145508, 1.240049958229065, 1.2147595882415771, 1.1706880331039429, 1.1570767164230347, 1.171014428138733, 1.1616032123565674, 1.189007043838501, 1.1533206701278687, 1.2752232551574707, 1.16252863407135, 1.2145106792449951, 1.1530125141143799]",sae,Pre-64
1,beta,2,5.0,0.4419681213812466,0.4306250660512843,0.4155215342526833,0.5,0.6028191218064636,0.6886562804284323,30,"[0, 1, 2, 3, 4, 5, 6, 7, 8, 9, 10, 11, 12, 13, 14, 15, 16, 17, 18, 19, 20, 21, 22, 23, 24, 25, 26, 27, 28, 29]","[1.1491129398345947, 1.1618432998657227, 1.1426033973693848, 1.191449761390686, 1.1310452222824097, 1.2005151510238647, 1.17189359664917, 1.1661605834960938, 1.12075674533844, 1.1253643035888672, 1.1488215923309326, 1.1343861818313599, 1.16419517993927, 1.20036780834198, 1.190604567527771, 1.1571122407913208, 1.179641604423523, 1.2343209981918335, 1.221923589706421, 1.2101647853851318, 1.1568256616592407, 1.1531498432159424, 1.1994770765304565, 1.1852316856384277, 1.1635690927505493, 1.1419733762741089, 1.1855614185333252, 1.1774711608886719, 1.0223711729049683, 1.220582127571106]",sae,Pre-64
1,beta,48,500.0,0.4556814132376,0.4510566266980289,0.4524856693938638,0.5,0.5923878577171784,0.5876994552846448,30,"[0, 1, 2, 3, 4, 5, 6, 7, 8, 9, 10, 11, 12, 13, 14, 15, 16, 17, 18, 19, 20, 21, 22, 23, 24, 25, 26, 27, 28, 29]","[1.314848780632019, 1.2628027200698853, 1.241004228591919, 1.2374732494354248, 1.2198200225830078, 1.1986083984375, 1.2501070499420166, 1.1745821237564087, 1.2252157926559448, 1.2332372665405273, 1.2725598812103271, 1.2326319217681885, 1.2322970628738403, 1.2276474237442017, 1.1980329751968384, 1.24959397315979, 1.2403693199157715, 1.2576123476028442, 1.2807153463363647, 1.1356396675109863, 1.2306994199752808, 1.2764241695404053, 1.2865550518035889, 1.136379361152649, 1.2335848808288574, 1.253692626953125, 1.2959669828414917, 1.2499793767929077, 1.2189946174621582, 1.252404808998108]",sae,Pre-64
1,beta,21,0.22,0.4504746503440228,0.4381370334360364,0.4349769318701341,0.5,0.6200058082774133,0.6869276684091498,30,"[0, 1, 2, 3, 4, 5, 6, 7, 8, 9, 10, 11, 12, 13, 14, 15, 16, 17, 18, 19, 20, 21, 22, 23, 24, 25, 26, 27, 28, 29]","[1.1804449558258057, 1.212989091873169, 1.3117916584014893, 1.302234411239624, 1.2421687841415405, 1.2580647468566895, 1.2122045755386353, 1.2140058279037476, 1.2774741649627686, 1.2381913661956787, 1.301116943359375, 1.2548407316207886, 1.199189305305481, 1.2129179239273071, 1.2157036066055298, 1.2089420557022095, 1.2285000085830688, 1.2313050031661987, 1.1713953018188477, 1.305699110031128, 1.1832661628723145, 1.3058708906173706, 1.1796401739120483, 1.175665259361267, 1.241126537322998, 1.1755053997039795, 1.1187776327133179, 1.2166056632995605, 1.2830182313919067, 1.2478970289230347]",sae,Pre-64
1,beta,40,1.5,0.44666181227492,0.4340193094910912,0.4254414663767389,0.5,0.6093636266731638,0.6687813123391555,30,"[0, 1, 2, 3, 4, 5, 6, 7, 8, 9, 10, 11, 12, 13, 14, 15, 16, 17, 18, 19, 20, 21, 22, 23, 24, 25, 26, 27, 28, 29]","[1.2192795276641846, 1.1627495288848877, 1.1719245910644531, 1.11849045753479, 1.135270118713379, 1.1779391765594482, 1.1913443803787231, 1.1937462091445923, 1.2064859867095947, 1.201514720916748, 1.149951457977295, 1.1584373712539673, 1.2228493690490723, 1.112459421157837, 1.1239572763442993, 1.2368988990783691, 1.1208115816116333, 1.179778814315796, 1.1400268077850342, 1.1179053783416748, 1.1553407907485962, 1.1589585542678833, 1.194280743598938, 1.1646192073822021, 1.205991506576538, 1.145589828491211, 1.2156630754470825, 1.108210802078247, 1.2394895553588867, 1.1593530178070068]",sae,Pre-64
1,beta,43,200.0,0.4515364523902173,0.4432102910589974,0.4341806443478864,0.5,0.6060785767234989,0.6967279466271312,30,"[0, 1, 2, 3, 4, 5, 6, 7, 8, 9, 10, 11, 12, 13, 14, 15, 16, 17, 18, 19, 20, 21, 22, 23, 24, 25, 26, 27, 28, 29]","[1.2137269973754883, 1.2966495752334595, 1.2138888835906982, 1.1676738262176514, 1.2102769613265991, 1.1480684280395508, 1.1920170783996582, 1.177064299583435, 1.259727120399475, 1.1724348068237305, 1.1425949335098267, 1.2585235834121704, 1.2058279514312744, 1.1739577054977417, 1.1621994972229004, 1.0888837575912476, 1.250617504119873, 1.1916553974151611, 1.2415788173675537, 1.2100411653518677, 1.173439860343933, 1.1695396900177002, 1.238284707069397, 1.2358100414276123, 1.1332714557647705, 1.2508617639541626, 1.267849326133728, 1.178114891052246, 1.2484055757522583, 1.2684884071350098]",sae,Pre-64
1,beta,25,0.2,0.4465066892532915,0.4352791138475453,0.4369155522245641,0.5,0.6270054355300688,0.6624970849054911,30,"[0, 1, 2, 3, 4, 5, 6, 7, 8, 9, 10, 11, 12, 13, 14, 15, 16, 17, 18, 19, 20, 21, 22, 23, 24, 25, 26, 27, 28, 29]","[1.2607753276824951, 1.2585008144378662, 1.1831835508346558, 1.2705302238464355, 1.268418550491333, 1.2654796838760376, 1.1512606143951416, 1.1815602779388428, 1.2377965450286865, 1.1347535848617554, 1.2736235857009888, 1.1921536922454834, 1.2696493864059448, 1.2003787755966187, 1.1805264949798584, 1.208664894104004, 1.0687456130981445, 1.126239538192749, 1.1685162782669067, 1.2018232345581055, 1.2947279214859009, 1.1040465831756592, 1.2437936067581177, 1.2125097513198853, 1.2362043857574463, 1.193806529045105, 1.2991365194320679, 1.264356255531311, 1.2824891805648804, 1.1391551494598389]",sae,Pre-64
1,beta,5,0.25,0.4445517550333296,0.4301735816232515,0.4245154437456085,0.5,0.6070910659257547,0.6842133226655333,30,"[0, 1, 2, 3, 4, 5, 6, 7, 8, 9, 10, 11, 12, 13, 14, 15, 16, 17, 18, 19, 20, 21, 22, 23, 24, 25, 26, 27, 28, 29]","[1.204357385635376, 1.1163825988769531, 1.1249853372573853, 1.2326985597610474, 1.2355924844741821, 1.143419623374939, 1.1704707145690918, 1.1541118621826172, 1.2013881206512451, 1.1368167400360107, 1.2147825956344604, 1.2316826581954956, 1.1647292375564575, 1.1742970943450928, 1.2483549118041992, 1.1848121881484985, 1.1945708990097046, 1.215935230255127, 1.0952128171920776, 1.1795579195022583, 1.241766095161438, 1.18599534034729, 1.2278627157211304, 1.1371809244155884, 1.1636097431182861, 1.2409509420394897, 1.11619234085083, 1.1437363624572754, 1.2238935232162476, 1.1628071069717407]",sae,Pre-64
1,beta,32,2.0,0.4555596844830426,0.4475674839123162,0.4505637558205076,0.5,0.5924839124839124,0.6273726788012502,30,"[0, 1, 2, 3, 4, 5, 6, 7, 8, 9, 10, 11, 12, 13, 14, 15, 16, 17, 18, 19, 20, 21, 22, 23, 24, 25, 26, 27, 28, 29]","[1.28597891330719, 1.1913915872573853, 1.2832305431365967, 1.218367338180542, 1.2208343744277954, 1.3007514476776123, 1.2324695587158203, 1.1970856189727783, 1.2136499881744385, 1.2141656875610352, 1.2057666778564453, 1.2006953954696655, 1.2301374673843384, 1.1585408449172974, 1.1468251943588257, 1.169873833656311, 1.1970511674880981, 1.2234464883804321, 1.1713792085647583, 1.2120120525360107, 1.2902600765228271, 1.2123761177062988, 1.170460820198059, 1.290606141090393, 1.2252774238586426, 1.167966604232788, 1.2753394842147827, 1.0860527753829956, 1.292422890663147, 1.2855812311172485]",sae,Pre-64
1,beta,29,200.0,0.4558655961502112,0.4409050416793991,0.4464805909911743,0.5,0.6296548282533407,0.6689000750796879,30,"[0, 1, 2, 3, 4, 5, 6, 7, 8, 9, 10, 11, 12, 13, 14, 15, 16, 17, 18, 19, 20, 21, 22, 23, 24, 25, 26, 27, 28, 29]","[1.194935917854309, 1.1385749578475952, 1.0295852422714233, 1.238612413406372, 1.1851270198822021, 1.162545919418335, 1.2411545515060425, 1.166039228439331, 1.2299060821533203, 1.2362966537475586, 1.1895782947540283, 1.2295013666152954, 1.231622576713562, 1.2365245819091797, 1.1724414825439453, 1.2314629554748535, 1.110655665397644, 1.1652898788452148, 1.1510244607925415, 1.1959142684936523, 1.249851107597351, 1.2568353414535522, 1.1828466653823853, 1.198325514793396, 1.1877683401107788, 1.1336921453475952, 1.1967061758041382, 1.2367507219314575, 1.2920050621032715, 1.1695195436477661]",sae,Pre-64
1,beta,44,5.0,0.4469012312759677,0.43811650775401,0.4391125185566574,0.5,0.5982762074796864,0.6190848668045466,30,"[0, 1, 2, 3, 4, 5, 6, 7, 8, 9, 10, 11, 12, 13, 14, 15, 16, 17, 18, 19, 20, 21, 22, 23, 24, 25, 26, 27, 28, 29]","[1.188148856163025, 1.2002507448196411, 1.1204805374145508, 1.1610747575759888, 1.1904850006103516, 1.2366626262664795, 1.1955641508102417, 1.144327998161316, 1.206619143486023, 1.2314187288284302, 1.1892151832580566, 1.1514842510223389, 1.187224268913269, 1.1622644662857056, 1.248563528060913, 1.2472829818725586, 1.1387724876403809, 1.0304396152496338, 1.2001614570617676, 1.1816792488098145, 1.1582975387573242, 1.1419570446014404, 1.1716670989990234, 1.1951204538345337, 1.2422082424163818, 1.1315513849258423, 1.152037262916565, 1.1923751831054688, 1.1700479984283447, 1.2005369663238525]",sae,Pre-64
1,beta,1,200.0,0.4560357198099471,0.4497423189216591,0.4414277873228484,0.5,0.5964054457666336,0.680948080464655,30,"[0, 1, 2, 3, 4, 5, 6, 7, 8, 9, 10, 11, 12, 13, 14, 15, 16, 17, 18, 19, 20, 21, 22, 23, 24, 25, 26, 27, 28, 29]","[1.2484626770019531, 1.183357834815979, 1.2077564001083374, 1.127197027206421, 1.1837691068649292, 1.1471096277236938, 1.1291790008544922, 1.2051725387573242, 1.1376121044158936, 1.1618740558624268, 1.1627427339553833, 1.1907955408096313, 1.2489014863967896, 1.1427462100982666, 1.2440361976623535, 1.078278660774231, 1.0989395380020142, 1.1663775444030762, 1.2298505306243896, 1.2602465152740479, 1.2476614713668823, 1.2094584703445435, 1.1924338340759277, 1.1765055656433105, 1.1376926898956299, 1.1597349643707275, 1.16420316696167, 1.178998589515686, 1.2568261623382568, 1.1711331605911255]",sae,Pre-64
1,beta,20,1.0,0.4408022875601419,0.4262939306313442,0.42213315482674,0.5,0.6176087118064704,0.6488779225692263,30,"[0, 1, 2, 3, 4, 5, 6, 7, 8, 9, 10, 11, 12, 13, 14, 15, 16, 17, 18, 19, 20, 21, 22, 23, 24, 25, 26, 27, 28, 29]","[1.1888443231582642, 1.2588075399398804, 1.2090791463851929, 1.276505947113037, 1.265021800994873, 1.2415491342544556, 1.253626823425293, 1.1762081384658813, 1.2560367584228516, 1.204184651374817, 1.1926451921463013, 1.1942633390426636, 1.285210132598877, 1.1553280353546143, 1.1849594116210938, 1.2904577255249023, 1.1613073348999023, 1.195784091949463, 1.2340788841247559, 1.2251707315444946, 1.236037015914917, 1.167548418045044, 1.2559117078781128, 1.2980648279190063, 1.249900221824646, 1.1806350946426392, 1.2032898664474487, 1.2339420318603516, 1.1950137615203857, 1.2724168300628662]",sae,Pre-64
1,beta,37,0.5,0.4546908257221888,0.444978337644671,0.4248521975553931,0.5,0.6058579085235571,0.7202592918965247,30,"[0, 1, 2, 3, 4, 5, 6, 7, 8, 9, 10, 11, 12, 13, 14, 15, 16, 17, 18, 19, 20, 21, 22, 23, 24, 25, 26, 27, 28, 29]","[1.1383056640625, 1.213341236114502, 1.177707552909851, 1.16965913772583, 1.1041587591171265, 1.2045390605926514, 1.1453032493591309, 1.249243140220642, 1.2818135023117065, 1.2036993503570557, 1.1849234104156494, 1.1868669986724854, 1.214905858039856, 1.1719192266464233, 1.2408273220062256, 1.1888898611068726, 1.1841654777526855, 1.2297459840774536, 1.199540138244629, 1.1944150924682617, 1.1982941627502441, 1.2023546695709229, 1.2497965097427368, 1.2272303104400635, 1.1954416036605835, 1.2279680967330933, 1.1945136785507202, 1.198485016822815, 1.2278281450271606, 1.2478563785552979]",sae,Pre-64
1,beta,4,0.4,0.4589558369307028,0.4477177462853796,0.452905568890858,0.5,0.61034827708266,0.6606183726549395,30,"[0, 1, 2, 3, 4, 5, 6, 7, 8, 9, 10, 11, 12, 13, 14, 15, 16, 17, 18, 19, 20, 21, 22, 23, 24, 25, 26, 27, 28, 29]","[1.2310214042663574, 1.210654377937317, 1.1658236980438232, 1.2869272232055664, 1.1429764032363892, 1.1770684719085693, 1.1993858814239502, 1.1586941480636597, 1.251295566558838, 1.2515088319778442, 1.2487672567367554, 1.1689627170562744, 1.287226676940918, 1.2035186290740967, 1.1584192514419556, 1.2383034229278564, 1.2394206523895264, 1.2165447473526, 1.1868577003479004, 1.262938380241394, 1.2345401048660278, 1.2804745435714722, 1.2284557819366455, 1.1440571546554565, 1.2355889081954956, 1.1627861261367798, 1.2003370523452759, 1.2192356586456299, 1.2659062147140503, 1.161276936531067]",sae,Pre-64
1,beta,30,5.0,0.4638407167611665,0.4544841508273655,0.4348388356607212,0.5,0.6043368975359404,0.6920299717760999,30,"[0, 1, 2, 3, 4, 5, 6, 7, 8, 9, 10, 11, 12, 13, 14, 15, 16, 17, 18, 19, 20, 21, 22, 23, 24, 25, 26, 27, 28, 29]","[1.234999656677246, 1.1741113662719727, 1.2121046781539917, 1.183706521987915, 1.188236951828003, 1.1696803569793701, 1.186059832572937, 1.151381492614746, 1.14472234249115, 1.1600751876831055, 1.2435591220855713, 1.1388177871704102, 1.1140148639678955, 1.1526716947555542, 1.2056300640106201, 1.2250553369522095, 1.1707159280776978, 1.1746101379394531, 1.240835428237915, 1.1718575954437256, 1.142357349395752, 1.105589747428894, 1.171762228012085, 1.1619601249694824, 1.262255311012268, 1.1716129779815674, 1.202602505683899, 1.1705881357192993, 1.21686589717865, 1.1907846927642822]",sae,Pre-64
1,beta,20,500.0,0.4408022875601419,0.4262939306313442,0.4278846372276307,0.5,0.6176087118064704,0.6488779225692263,30,"[0, 1, 2, 3, 4, 5, 6, 7, 8, 9, 10, 11, 12, 13, 14, 15, 16, 17, 18, 19, 20, 21, 22, 23, 24, 25, 26, 27, 28, 29]","[1.1888443231582642, 1.2588075399398804, 1.2090791463851929, 1.276505947113037, 1.265021800994873, 1.2415491342544556, 1.253626823425293, 1.1762081384658813, 1.2560367584228516, 1.204184651374817, 1.1926451921463013, 1.1942633390426636, 1.285210132598877, 1.1553280353546143, 1.1849594116210938, 1.2904577255249023, 1.1613073348999023, 1.195784091949463, 1.2340788841247559, 1.2251707315444946, 1.236037015914917, 1.167548418045044, 1.2559117078781128, 1.2980648279190063, 1.249900221824646, 1.1806350946426392, 1.2032898664474487, 1.2339420318603516, 1.1950137615203857, 1.2724168300628662]",sae,Pre-64
1,beta,20,0.25,0.4408022875601419,0.4262939306313442,0.4273169061015981,0.5,0.6176087118064704,0.6489184551675685,30,"[0, 1, 2, 3, 4, 5, 6, 7, 8, 9, 10, 11, 12, 13, 14, 15, 16, 17, 18, 19, 20, 21, 22, 23, 24, 25, 26, 27, 28, 29]","[1.204200267791748, 1.2740751504898071, 1.223891019821167, 1.2934181690216064, 1.279729962348938, 1.2612203359603882, 1.270271897315979, 1.193919062614441, 1.2699671983718872, 1.2215068340301514, 1.2125911712646484, 1.2115132808685303, 1.303041696548462, 1.1725813150405884, 1.2021256685256958, 1.304789423942566, 1.181592345237732, 1.2080055475234985, 1.2498070001602173, 1.2427771091461182, 1.2503111362457275, 1.1821002960205078, 1.2715587615966797, 1.315782904624939, 1.2681255340576172, 1.1941277980804443, 1.2190107107162476, 1.2492318153381348, 1.2095884084701538, 1.2924314737319946]",sae,Pre-64
1,beta,8,10.0,0.4517491928182039,0.4406431065890545,0.4281847946845472,0.5,0.6098144493254953,0.6772260068051754,30,"[0, 1, 2, 3, 4, 5, 6, 7, 8, 9, 10, 11, 12, 13, 14, 15, 16, 17, 18, 19, 20, 21, 22, 23, 24, 25, 26, 27, 28, 29]","[1.1187007427215576, 1.218583345413208, 1.1729588508605957, 1.1930103302001953, 1.2442059516906738, 1.182166576385498, 1.2270926237106323, 1.164693832397461, 1.2057322263717651, 1.212062120437622, 1.2319320440292358, 1.18947172164917, 1.188055396080017, 1.2018784284591675, 1.2228853702545166, 1.1608076095581055, 1.179728627204895, 1.1950958967208862, 1.1249150037765503, 1.1465964317321777, 1.1464855670928955, 1.1299797296524048, 1.2297531366348267, 1.1591399908065796, 1.2222727537155151, 1.227508783340454, 1.1398975849151611, 1.22318696975708, 1.2009252309799194, 1.166541337966919]",sae,Pre-64
1,beta,32,0.4,0.4555596844830426,0.4475674839123162,0.4592207279792233,0.5,0.5924839124839124,0.6273726788012502,30,"[0, 1, 2, 3, 4, 5, 6, 7, 8, 9, 10, 11, 12, 13, 14, 15, 16, 17, 18, 19, 20, 21, 22, 23, 24, 25, 26, 27, 28, 29]","[1.28597891330719, 1.1913915872573853, 1.2832305431365967, 1.218367338180542, 1.2208343744277954, 1.3007514476776123, 1.2324695587158203, 1.1970856189727783, 1.2136499881744385, 1.2141656875610352, 1.2057666778564453, 1.2006953954696655, 1.2301374673843384, 1.1585408449172974, 1.1468251943588257, 1.169873833656311, 1.1970511674880981, 1.2234464883804321, 1.1713792085647583, 1.2120120525360107, 1.2902600765228271, 1.2123761177062988, 1.170460820198059, 1.290606141090393, 1.2252774238586426, 1.167966604232788, 1.2753394842147827, 1.0860527753829956, 1.292422890663147, 1.2855812311172485]",sae,Pre-64
1,beta,45,0.4,0.4515599815008028,0.4347157609968581,0.4300558938526773,0.5,0.6289673345145609,0.6746036072872654,30,"[0, 1, 2, 3, 4, 5, 6, 7, 8, 9, 10, 11, 12, 13, 14, 15, 16, 17, 18, 19, 20, 21, 22, 23, 24, 25, 26, 27, 28, 29]","[1.2667012214660645, 1.2542518377304077, 1.1692310571670532, 1.3037724494934082, 1.3015074729919434, 1.1289551258087158, 1.3207519054412842, 1.254258632659912, 1.2085723876953125, 1.1547771692276, 1.2343963384628296, 1.315420150756836, 1.262851595878601, 1.163831353187561, 1.2103546857833862, 1.2375357151031494, 1.2190766334533691, 1.107293725013733, 1.245413899421692, 1.253804087638855, 1.2701667547225952, 1.185585379600525, 1.264962077140808, 1.1174622774124146, 1.10548734664917, 1.2950005531311035, 1.2016003131866455, 1.2160102128982544, 1.1143680810928345, 1.3061045408248901]",sae,Pre-64
1,beta,38,3.0,0.4455661720406026,0.4298851252298221,0.424109124057129,0.5,0.6303640517897944,0.6635567402894135,30,"[0, 1, 2, 3, 4, 5, 6, 7, 8, 9, 10, 11, 12, 13, 14, 15, 16, 17, 18, 19, 20, 21, 22, 23, 24, 25, 26, 27, 28, 29]","[1.1721346378326416, 1.1665115356445312, 1.1951327323913574, 1.2084224224090576, 1.1932506561279297, 1.0943678617477417, 1.22554349899292, 1.190416932106018, 1.0534244775772095, 1.212303638458252, 1.196964144706726, 1.1929432153701782, 1.2093898057937622, 1.185971736907959, 1.2129939794540405, 1.1697133779525757, 1.1856392621994019, 1.237824559211731, 1.137427806854248, 1.2083672285079956, 1.1895427703857422, 1.2017890214920044, 1.2302438020706177, 1.1494355201721191, 1.191596269607544, 1.2291513681411743, 1.1410502195358276, 1.2461069822311401, 1.175614595413208, 1.249431848526001]",sae,Pre-64
1,beta,15,0.75,0.4529015220185267,0.4424399871594601,0.4263167906756229,0.5,0.6161071485640408,0.710238382312352,30,"[0, 1, 2, 3, 4, 5, 6, 7, 8, 9, 10, 11, 12, 13, 14, 15, 16, 17, 18, 19, 20, 21, 22, 23, 24, 25, 26, 27, 28, 29]","[1.17221999168396, 1.125728726387024, 1.1524420976638794, 1.18513822555542, 1.1932274103164673, 1.1606303453445435, 1.152201533317566, 1.1706732511520386, 1.198472023010254, 1.2162184715270996, 1.1902236938476562, 1.1268775463104248, 1.2425992488861084, 1.2129015922546387, 1.1411244869232178, 1.1768995523452759, 1.151627540588379, 1.2215334177017212, 1.1259431838989258, 1.195621132850647, 1.2451423406600952, 1.2243961095809937, 1.1661878824234009, 1.1994489431381226, 1.127516269683838, 1.0478888750076294, 1.2014273405075073, 1.2476288080215454, 1.165405511856079, 1.1883403062820435]",sae,Pre-64
1,beta,10,3.0,0.4493907433353129,0.4390813823454372,0.4326567793181967,0.5,0.6232207829487961,0.6743909002834692,30,"[0, 1, 2, 3, 4, 5, 6, 7, 8, 9, 10, 11, 12, 13, 14, 15, 16, 17, 18, 19, 20, 21, 22, 23, 24, 25, 26, 27, 28, 29]","[1.1427899599075317, 1.068242073059082, 1.199394941329956, 1.158583641052246, 1.149035930633545, 1.1689698696136475, 1.2380726337432861, 1.1728394031524658, 1.0578781366348267, 1.1875046491622925, 1.1654369831085205, 1.1715285778045654, 1.1657956838607788, 1.1442753076553345, 1.2309560775756836, 1.1749398708343506, 1.1827489137649536, 1.12376070022583, 1.1349002122879028, 1.1247795820236206, 1.1484092473983765, 1.1541001796722412, 1.2148005962371826, 1.210876226425171, 1.1075263023376465, 1.1338322162628174, 1.1668912172317505, 1.1912418603897095, 1.1516903638839722, 1.169378399848938]",sae,Pre-64
1,beta,39,50.0,0.4461088087810431,0.4292341094433316,0.4297945582794436,0.5,0.6205127278095635,0.6657718484774533,30,"[0, 1, 2, 3, 4, 5, 6, 7, 8, 9, 10, 11, 12, 13, 14, 15, 16, 17, 18, 19, 20, 21, 22, 23, 24, 25, 26, 27, 28, 29]","[1.1917375326156616, 1.236011266708374, 1.1890162229537964, 1.1643238067626953, 1.140978217124939, 1.2120108604431152, 1.1828933954238892, 1.2210265398025513, 1.1605393886566162, 1.199174165725708, 1.1834092140197754, 1.0992392301559448, 1.2075473070144653, 1.1379015445709229, 1.20431649684906, 1.2560211420059204, 1.1885234117507935, 1.2229002714157104, 1.1480319499969482, 1.0825574398040771, 1.1679973602294922, 1.2216445207595825, 1.1227527856826782, 1.1278188228607178, 1.2215803861618042, 1.2034790515899658, 1.0507583618164062, 1.1575127840042114, 1.2623809576034546, 1.1674622297286987]",sae,Pre-64
1,beta,43,0.75,0.4515364523902173,0.4432102910589974,0.4290528899670396,0.5,0.6060785767234989,0.6967279466271312,30,"[0, 1, 2, 3, 4, 5, 6, 7, 8, 9, 10, 11, 12, 13, 14, 15, 16, 17, 18, 19, 20, 21, 22, 23, 24, 25, 26, 27, 28, 29]","[1.2137269973754883, 1.2966495752334595, 1.2138888835906982, 1.1676738262176514, 1.2102769613265991, 1.1480684280395508, 1.1920170783996582, 1.177064299583435, 1.259727120399475, 1.1724348068237305, 1.1425949335098267, 1.2585235834121704, 1.2058279514312744, 1.1739577054977417, 1.1621994972229004, 1.0888837575912476, 1.250617504119873, 1.1916553974151611, 1.2415788173675537, 1.2100411653518677, 1.173439860343933, 1.1695396900177002, 1.238284707069397, 1.2358100414276123, 1.1332714557647705, 1.2508617639541626, 1.267849326133728, 1.178114891052246, 1.2484055757522583, 1.2684884071350098]",sae,Pre-64
1,beta,27,20.0,0.4609757262074365,0.4537266978541116,0.4454489214554075,0.5,0.5914172664146189,0.6586614698443567,30,"[0, 1, 2, 3, 4, 5, 6, 7, 8, 9, 10, 11, 12, 13, 14, 15, 16, 17, 18, 19, 20, 21, 22, 23, 24, 25, 26, 27, 28, 29]","[1.2290319204330444, 1.2658694982528687, 1.2246942520141602, 1.2191146612167358, 1.2526310682296753, 1.1830732822418213, 1.2688981294631958, 1.1652835607528687, 1.2092324495315552, 1.1985894441604614, 1.1707059144973755, 1.268323302268982, 1.2084215879440308, 1.1814098358154297, 1.2069700956344604, 1.1506013870239258, 1.180336356163025, 1.2344633340835571, 1.2088221311569214, 1.1903407573699951, 1.2684584856033325, 1.2527191638946533, 1.1786249876022339, 1.1301987171173096, 1.2132477760314941, 1.2670561075210571, 1.1951019763946533, 1.2304065227508545, 1.1527602672576904, 1.2162050008773804]",sae,Pre-64
1,beta,48,30.0,0.4556814132376,0.4510566266980289,0.4539947055894452,0.5,0.5923878577171784,0.5876994552846448,30,"[0, 1, 2, 3, 4, 5, 6, 7, 8, 9, 10, 11, 12, 13, 14, 15, 16, 17, 18, 19, 20, 21, 22, 23, 24, 25, 26, 27, 28, 29]","[1.314848780632019, 1.2628027200698853, 1.241004228591919, 1.2374732494354248, 1.2198200225830078, 1.1986083984375, 1.2501070499420166, 1.1745821237564087, 1.2252157926559448, 1.2332372665405273, 1.2725598812103271, 1.2326319217681885, 1.2322970628738403, 1.2276474237442017, 1.1980329751968384, 1.24959397315979, 1.2403693199157715, 1.2576123476028442, 1.2807153463363647, 1.1356396675109863, 1.2306994199752808, 1.2764241695404053, 1.2865550518035889, 1.136379361152649, 1.2335848808288574, 1.253692626953125, 1.2959669828414917, 1.2499793767929077, 1.2189946174621582, 1.252404808998108]",sae,Pre-64
1,beta,14,20.0,0.4467366851483266,0.4421697276018216,0.4192143889949288,0.5,0.5934222168898753,0.7004071746726857,30,"[0, 1, 2, 3, 4, 5, 6, 7, 8, 9, 10, 11, 12, 13, 14, 15, 16, 17, 18, 19, 20, 21, 22, 23, 24, 25, 26, 27, 28, 29]","[1.1700234413146973, 1.0681921243667603, 1.1210544109344482, 1.148490071296692, 1.1765847206115723, 1.143620252609253, 1.1391699314117432, 1.1990078687667847, 1.1443272829055786, 1.177550196647644, 1.0939750671386719, 1.0375179052352905, 1.0638422966003418, 1.1846389770507812, 1.1842373609542847, 1.1451287269592285, 1.202758550643921, 1.1907190084457397, 1.1267846822738647, 1.1308374404907227, 1.1608028411865234, 1.1382582187652588, 1.1897944211959839, 1.1014028787612915, 1.1924012899398804, 1.182306170463562, 1.1216769218444824, 1.1922364234924316, 1.183416485786438, 1.0683033466339111]",sae,Pre-64
1,beta,49,1.0,0.462130925118617,0.4524487678230295,0.4437115148860769,0.5,0.6141152509743157,0.6817230713245997,30,"[0, 1, 2, 3, 4, 5, 6, 7, 8, 9, 10, 11, 12, 13, 14, 15, 16, 17, 18, 19, 20, 21, 22, 23, 24, 25, 26, 27, 28, 29]","[1.1816726922988892, 1.2170988321304321, 1.2116214036941528, 1.200257420539856, 1.1416643857955933, 1.1891062259674072, 1.246652603149414, 1.1470645666122437, 1.2520469427108765, 1.2268033027648926, 1.168094277381897, 1.1698029041290283, 1.2142579555511475, 1.222419023513794, 1.2369354963302612, 1.197393536567688, 1.2860667705535889, 1.2591131925582886, 1.1340359449386597, 1.2283560037612915, 1.2687814235687256, 1.1859486103057861, 1.263270378112793, 1.2230288982391357, 1.1918312311172485, 1.2190265655517578, 1.2284297943115234, 1.191718339920044, 1.0950191020965576, 1.1822810173034668]",sae,Pre-64
1,beta,7,500.0,0.4564836922581216,0.4420418003909208,0.4313737553479332,0.5,0.6095136152062148,0.7000084039932237,30,"[0, 1, 2, 3, 4, 5, 6, 7, 8, 9, 10, 11, 12, 13, 14, 15, 16, 17, 18, 19, 20, 21, 22, 23, 24, 25, 26, 27, 28, 29]","[1.186367392539978, 1.203552484512329, 1.2273681163787842, 1.1744158267974854, 1.2427024841308594, 1.194297194480896, 1.1417649984359741, 1.1899380683898926, 1.274727702140808, 1.2103523015975952, 1.1130813360214233, 1.1793581247329712, 1.1271109580993652, 1.140200138092041, 1.2939406633377075, 1.2133886814117432, 1.183907389640808, 1.1221195459365845, 1.2292346954345703, 1.2417727708816528, 1.200108528137207, 1.2005424499511719, 1.201027750968933, 1.1506562232971191, 1.259361982345581, 1.2019909620285034, 1.2091292142868042, 1.0751577615737915, 1.2751001119613647, 1.1631182432174683]",sae,Pre-64
1,beta,25,50.0,0.4465066892532915,0.4352791138475453,0.4343063238453831,0.5,0.6270054355300688,0.6623169470140464,30,"[0, 1, 2, 3, 4, 5, 6, 7, 8, 9, 10, 11, 12, 13, 14, 15, 16, 17, 18, 19, 20, 21, 22, 23, 24, 25, 26, 27, 28, 29]","[1.2349497079849243, 1.2300689220428467, 1.1594949960708618, 1.2379430532455444, 1.2391033172607422, 1.2348957061767578, 1.1245805025100708, 1.155241847038269, 1.2080327272415161, 1.1094435453414917, 1.245295763015747, 1.160856008529663, 1.2375980615615845, 1.172969102859497, 1.15664803981781, 1.1831228733062744, 1.0464048385620117, 1.1029119491577148, 1.1445536613464355, 1.177851676940918, 1.2662200927734375, 1.0758339166641235, 1.214041829109192, 1.1855113506317139, 1.210127353668213, 1.1676115989685059, 1.270385980606079, 1.2399115562438965, 1.2544312477111816, 1.10956871509552]",sae,Pre-64
1,beta,26,0.3,0.4502231978181314,0.4442488029476733,0.452941643679238,0.5,0.5832450787939482,0.6467115398533867,30,"[0, 1, 2, 3, 4, 5, 6, 7, 8, 9, 10, 11, 12, 13, 14, 15, 16, 17, 18, 19, 20, 21, 22, 23, 24, 25, 26, 27, 28, 29]","[1.192754864692688, 1.2404038906097412, 1.3457636833190918, 1.1562771797180176, 1.240252137184143, 1.2881561517715454, 1.2575422525405884, 1.1636993885040283, 1.2435554265975952, 1.2315773963928223, 1.1424001455307007, 1.3434573411941528, 1.2970027923583984, 1.243228793144226, 1.2938523292541504, 1.171759843826294, 1.2390803098678589, 1.1535032987594604, 1.268628716468811, 1.2479521036148071, 1.1859924793243408, 1.3334072828292847, 1.2543973922729492, 1.2725697755813599, 1.341838002204895, 1.34190034866333, 1.2189900875091553, 1.2664610147476196, 1.0912212133407593, 1.203189492225647]",sae,Pre-64
1,beta,16,0.21,0.4519396108125126,0.4401978349795346,0.4284860633800419,0.5,0.6159012314439947,0.7162377096587623,30,"[0, 1, 2, 3, 4, 5, 6, 7, 8, 9, 10, 11, 12, 13, 14, 15, 16, 17, 18, 19, 20, 21, 22, 23, 24, 25, 26, 27, 28, 29]","[1.1816359758377075, 1.154973030090332, 1.1470900774002075, 1.2204487323760986, 1.2079651355743408, 1.1650819778442383, 1.2193557024002075, 1.2029640674591064, 1.1668460369110107, 1.215133547782898, 1.2106482982635498, 1.199833869934082, 1.1620649099349976, 1.1870388984680176, 1.0927101373672485, 1.1478830575942993, 1.2300211191177368, 1.0668193101882935, 1.1719597578048706, 1.1980397701263428, 1.2465574741363525, 1.2221697568893433, 1.2204571962356567, 1.2172998189926147, 1.1057175397872925, 1.1924586296081543, 1.1101478338241577, 1.170304536819458, 1.1249696016311646, 1.1529803276062012]",sae,Pre-64
1,beta,9,100.0,0.448644851968101,0.4348910401892977,0.4389608720338779,0.5,0.6286670530281078,0.67439727615184,30,"[0, 1, 2, 3, 4, 5, 6, 7, 8, 9, 10, 11, 12, 13, 14, 15, 16, 17, 18, 19, 20, 21, 22, 23, 24, 25, 26, 27, 28, 29]","[1.2153398990631104, 1.1627874374389648, 1.2425429821014404, 1.2238517999649048, 1.1654289960861206, 1.0477313995361328, 1.2183655500411987, 1.1352207660675049, 1.2167727947235107, 1.1058458089828491, 1.2178144454956055, 1.1729799509048462, 1.177621603012085, 1.2170661687850952, 1.2525821924209595, 1.1896530389785767, 1.1452741622924805, 1.2327814102172852, 1.2428123950958252, 1.1500693559646606, 1.2273743152618408, 1.2386215925216675, 1.1544575691223145, 1.2277216911315918, 1.2480170726776123, 1.2276045083999634, 1.1016136407852173, 1.0502220392227173, 1.1683142185211182, 1.2417500019073486]",sae,Pre-64
1,beta,15,200.0,0.4529015220185267,0.4424399871594601,0.4300215896187788,0.5,0.6161071485640408,0.710238382312352,30,"[0, 1, 2, 3, 4, 5, 6, 7, 8, 9, 10, 11, 12, 13, 14, 15, 16, 17, 18, 19, 20, 21, 22, 23, 24, 25, 26, 27, 28, 29]","[1.17221999168396, 1.125728726387024, 1.1524420976638794, 1.18513822555542, 1.1932274103164673, 1.1606303453445435, 1.152201533317566, 1.1706732511520386, 1.198472023010254, 1.2162184715270996, 1.1902236938476562, 1.1268775463104248, 1.2425992488861084, 1.2129015922546387, 1.1411244869232178, 1.1768995523452759, 1.151627540588379, 1.2215334177017212, 1.1259431838989258, 1.195621132850647, 1.2451423406600952, 1.2243961095809937, 1.1661878824234009, 1.1994489431381226, 1.127516269683838, 1.0478888750076294, 1.2014273405075073, 1.2476288080215454, 1.165405511856079, 1.1883403062820435]",sae,Pre-64
1,beta,36,10.0,0.4642138821845151,0.4576483090311837,0.4512831480526399,0.5,0.6031055233182893,0.6753925104988936,30,"[0, 1, 2, 3, 4, 5, 6, 7, 8, 9, 10, 11, 12, 13, 14, 15, 16, 17, 18, 19, 20, 21, 22, 23, 24, 25, 26, 27, 28, 29]","[1.1789084672927856, 1.1453419923782349, 1.1322602033615112, 1.1648893356323242, 1.0651395320892334, 1.1846054792404175, 1.141721487045288, 1.157162070274353, 1.1999086141586304, 1.0772851705551147, 1.1159154176712036, 1.2064303159713745, 1.127974510192871, 1.1429641246795654, 1.1640619039535522, 1.2071683406829834, 1.1763486862182617, 1.1451680660247803, 1.1947323083877563, 1.1258301734924316, 1.1810296773910522, 1.130793571472168, 1.1566245555877686, 1.1185775995254517, 1.1979726552963257, 1.140467643737793, 1.1513619422912598, 1.1503264904022217, 1.1800856590270996, 1.1112136840820312]",sae,Pre-64
1,beta,24,3.0,0.4501416387440968,0.4383559369047743,0.4360051502527298,0.5,0.6188330126613704,0.6395171300893744,30,"[0, 1, 2, 3, 4, 5, 6, 7, 8, 9, 10, 11, 12, 13, 14, 15, 16, 17, 18, 19, 20, 21, 22, 23, 24, 25, 26, 27, 28, 29]","[1.2124673128128052, 1.1755998134613037, 1.1868178844451904, 1.2273244857788086, 1.242689609527588, 1.1841548681259155, 1.1860560178756714, 1.1832525730133057, 1.2021790742874146, 1.0739104747772217, 1.2058616876602173, 1.1563575267791748, 1.2078834772109985, 1.2294706106185913, 1.1749554872512817, 1.1637247800827026, 1.237532138824463, 1.0551373958587646, 1.169660210609436, 1.2379261255264282, 1.2216182947158813, 1.238648533821106, 1.1921476125717163, 1.2000505924224854, 1.1518317461013794, 1.1153621673583984, 1.1851884126663208, 1.1612211465835571, 1.239385962486267, 1.1791527271270752]",sae,Pre-64
1,beta,23,100.0,0.4478205607315014,0.4344954522622479,0.4293385389136565,0.5,0.6150139710231751,0.6687422750907323,30,"[0, 1, 2, 3, 4, 5, 6, 7, 8, 9, 10, 11, 12, 13, 14, 15, 16, 17, 18, 19, 20, 21, 22, 23, 24, 25, 26, 27, 28, 29]","[1.1367353200912476, 1.1628820896148682, 1.1104114055633545, 1.2438031435012817, 1.0608277320861816, 1.1336368322372437, 1.211327075958252, 1.1689966917037964, 1.136163353919983, 1.248887538909912, 1.2434972524642944, 1.19732666015625, 1.1961266994476318, 1.0783805847167969, 1.1963282823562622, 1.2420802116394043, 0.9979529976844788, 1.167960286140442, 1.1316879987716675, 1.1474251747131348, 1.2360974550247192, 1.2508002519607544, 1.1319223642349243, 1.2472549676895142, 1.2268574237823486, 1.1909486055374146, 1.1608943939208984, 1.1226544380187988, 1.1709887981414795, 1.2530566453933716]",sae,Pre-64
1,beta,1,0.23,0.4560357198099471,0.4497423189216591,0.4435175306915255,0.5,0.5964054457666336,0.6809407021768901,30,"[0, 1, 2, 3, 4, 5, 6, 7, 8, 9, 10, 11, 12, 13, 14, 15, 16, 17, 18, 19, 20, 21, 22, 23, 24, 25, 26, 27, 28, 29]","[1.3022472858428955, 1.2233095169067383, 1.258290410041809, 1.1665189266204834, 1.2353777885437012, 1.188262939453125, 1.1751654148101807, 1.2505910396575928, 1.1779954433441162, 1.2102890014648438, 1.2098469734191895, 1.2456132173538208, 1.2998696565628052, 1.1907448768615723, 1.2936478853225708, 1.1284563541412354, 1.1523464918136597, 1.2116698026657104, 1.277127981185913, 1.309802532196045, 1.2979308366775513, 1.2628889083862305, 1.2399377822875977, 1.2207883596420288, 1.1817909479141235, 1.1999751329421997, 1.2139743566513062, 1.2258312702178955, 1.3077932596206665, 1.2237401008605957]",sae,Pre-64
1,beta,46,75.0,0.4545712902572906,0.4417269056853911,0.4421724236010882,0.5,0.6270377926330811,0.6841009761445498,30,"[0, 1, 2, 3, 4, 5, 6, 7, 8, 9, 10, 11, 12, 13, 14, 15, 16, 17, 18, 19, 20, 21, 22, 23, 24, 25, 26, 27, 28, 29]","[1.154767394065857, 1.227081537246704, 1.2429275512695312, 1.2448883056640625, 1.1829752922058105, 1.2766703367233276, 1.184883952140808, 1.2525430917739868, 1.2228230237960815, 1.2935329675674438, 1.0590815544128418, 1.1557743549346924, 1.295918583869934, 1.1653231382369995, 1.2226365804672241, 1.2752548456192017, 1.2336431741714478, 1.2529560327529907, 1.253047227859497, 1.2707768678665161, 1.200863003730774, 1.2171014547348022, 1.2470494508743286, 1.232546091079712, 1.2547560930252075, 1.260716199874878, 1.2299758195877075, 1.279518485069275, 1.224043607711792, 1.2248477935791016]",sae,Pre-64
1,beta,32,75.0,0.4555596844830426,0.4475674839123162,0.4484132427872235,0.5,0.5924839124839124,0.6273726788012502,30,"[0, 1, 2, 3, 4, 5, 6, 7, 8, 9, 10, 11, 12, 13, 14, 15, 16, 17, 18, 19, 20, 21, 22, 23, 24, 25, 26, 27, 28, 29]","[1.28597891330719, 1.1913915872573853, 1.2832305431365967, 1.218367338180542, 1.2208343744277954, 1.3007514476776123, 1.2324695587158203, 1.1970856189727783, 1.2136499881744385, 1.2141656875610352, 1.2057666778564453, 1.2006953954696655, 1.2301374673843384, 1.1585408449172974, 1.1468251943588257, 1.169873833656311, 1.1970511674880981, 1.2234464883804321, 1.1713792085647583, 1.2120120525360107, 1.2902600765228271, 1.2123761177062988, 1.170460820198059, 1.290606141090393, 1.2252774238586426, 1.167966604232788, 1.2753394842147827, 1.0860527753829956, 1.292422890663147, 1.2855812311172485]",sae,Pre-64
1,beta,9,0.22,0.448644851968101,0.4348910401892977,0.4421534838583524,0.5,0.6286670530281078,0.6714488554042306,30,"[0, 1, 2, 3, 4, 5, 6, 7, 8, 9, 10, 11, 12, 13, 14, 15, 16, 17, 18, 19, 20, 21, 22, 23, 24, 25, 26, 27, 28, 29]","[1.3248519897460938, 1.2604577541351318, 1.344796061515808, 1.3225702047348022, 1.2621731758117676, 1.1264373064041138, 1.3185957670211792, 1.2433966398239136, 1.3228622674942017, 1.2047882080078125, 1.312293529510498, 1.266576886177063, 1.2712945938110352, 1.3108303546905518, 1.3572418689727783, 1.2792903184890747, 1.2412159442901611, 1.3328227996826172, 1.3436198234558105, 1.2406562566757202, 1.3300751447677612, 1.3385542631149292, 1.2438241243362427, 1.32944917678833, 1.344948410987854, 1.3288835287094116, 1.1962032318115234, 1.1412577629089355, 1.2582120895385742, 1.3457621335983276]",sae,Pre-64
1,beta,4,75.0,0.4589558369307028,0.4477177462853796,0.4493181864938039,0.5,0.61034827708266,0.6615802514735983,30,"[0, 1, 2, 3, 4, 5, 6, 7, 8, 9, 10, 11, 12, 13, 14, 15, 16, 17, 18, 19, 20, 21, 22, 23, 24, 25, 26, 27, 28, 29]","[1.1777721643447876, 1.1554479598999023, 1.123734712600708, 1.2367613315582275, 1.1010112762451172, 1.1309430599212646, 1.145643711090088, 1.1165508031845093, 1.1993235349655151, 1.1947863101959229, 1.1990617513656616, 1.1123532056808472, 1.2366323471069336, 1.1637712717056274, 1.1139233112335205, 1.1837881803512573, 1.1833724975585938, 1.168279767036438, 1.1406776905059814, 1.2084177732467651, 1.1869065761566162, 1.2237598896026611, 1.1760855913162231, 1.0962145328521729, 1.1903668642044067, 1.1116077899932861, 1.1601639986038208, 1.1707360744476318, 1.2161426544189453, 1.1170037984848022]",sae,Pre-64
1,beta,10,0.5,0.4493907433353129,0.4390813823454372,0.4344056235297167,0.5,0.6232207829487961,0.6743909002834692,30,"[0, 1, 2, 3, 4, 5, 6, 7, 8, 9, 10, 11, 12, 13, 14, 15, 16, 17, 18, 19, 20, 21, 22, 23, 24, 25, 26, 27, 28, 29]","[1.1427899599075317, 1.068242073059082, 1.199394941329956, 1.158583641052246, 1.149035930633545, 1.1689698696136475, 1.2380726337432861, 1.1728394031524658, 1.0578781366348267, 1.1875046491622925, 1.1654369831085205, 1.1715285778045654, 1.1657956838607788, 1.1442753076553345, 1.2309560775756836, 1.1749398708343506, 1.1827489137649536, 1.12376070022583, 1.1349002122879028, 1.1247795820236206, 1.1484092473983765, 1.1541001796722412, 1.2148005962371826, 1.210876226425171, 1.1075263023376465, 1.1338322162628174, 1.1668912172317505, 1.1912418603897095, 1.1516903638839722, 1.169378399848938]",sae,Pre-64
1,beta,5,2.0,0.4445517550333296,0.4301735816232515,0.4225007820122157,0.5,0.6070910659257547,0.6842133226655333,30,"[0, 1, 2, 3, 4, 5, 6, 7, 8, 9, 10, 11, 12, 13, 14, 15, 16, 17, 18, 19, 20, 21, 22, 23, 24, 25, 26, 27, 28, 29]","[1.204357385635376, 1.1163825988769531, 1.1249853372573853, 1.2326985597610474, 1.2355924844741821, 1.143419623374939, 1.1704707145690918, 1.1541118621826172, 1.2013881206512451, 1.1368167400360107, 1.2147825956344604, 1.2316826581954956, 1.1647292375564575, 1.1742970943450928, 1.2483549118041992, 1.1848121881484985, 1.1945708990097046, 1.215935230255127, 1.0952128171920776, 1.1795579195022583, 1.241766095161438, 1.18599534034729, 1.2278627157211304, 1.1371809244155884, 1.1636097431182861, 1.2409509420394897, 1.11619234085083, 1.1437363624572754, 1.2238935232162476, 1.1628071069717407]",sae,Pre-64
1,beta,1,20.0,0.4560357198099471,0.4497423189216591,0.4373350343316181,0.5,0.5964054457666336,0.680948080464655,30,"[0, 1, 2, 3, 4, 5, 6, 7, 8, 9, 10, 11, 12, 13, 14, 15, 16, 17, 18, 19, 20, 21, 22, 23, 24, 25, 26, 27, 28, 29]","[1.2484626770019531, 1.183357834815979, 1.2077564001083374, 1.127197027206421, 1.1837691068649292, 1.1471096277236938, 1.1291790008544922, 1.2051725387573242, 1.1376121044158936, 1.1618740558624268, 1.1627427339553833, 1.1907955408096313, 1.2489014863967896, 1.1427462100982666, 1.2440361976623535, 1.078278660774231, 1.0989395380020142, 1.1663775444030762, 1.2298505306243896, 1.2602465152740479, 1.2476614713668823, 1.2094584703445435, 1.1924338340759277, 1.1765055656433105, 1.1376926898956299, 1.1597349643707275, 1.16420316696167, 1.178998589515686, 1.2568261623382568, 1.1711331605911255]",sae,Pre-64
1,beta,11,0.3,0.4566976193509867,0.4496008864727478,0.4314025118568114,0.5,0.5995106990682213,0.709773142295266,30,"[0, 1, 2, 3, 4, 5, 6, 7, 8, 9, 10, 11, 12, 13, 14, 15, 16, 17, 18, 19, 20, 21, 22, 23, 24, 25, 26, 27, 28, 29]","[1.197404384613037, 1.0159912109375, 1.1595122814178467, 1.0947496891021729, 1.2204711437225342, 1.0870051383972168, 1.1269891262054443, 1.0375356674194336, 1.2077991962432861, 1.2207576036453247, 1.2321844100952148, 1.2301312685012817, 1.2398982048034668, 1.1524134874343872, 1.143661618232727, 1.0850900411605835, 1.17250657081604, 1.1216024160385132, 1.160549521446228, 1.1942617893218994, 1.178363561630249, 1.1898934841156006, 1.2164463996887207, 1.1637935638427734, 1.1526267528533936, 1.2090473175048828, 1.2035871744155884, 1.1137361526489258, 1.1602522134780884, 1.1377544403076172]",sae,Pre-64
1,beta,49,500.0,0.462130925118617,0.4524487678230295,0.4454607633090832,0.5,0.6141152509743157,0.6817230713245997,30,"[0, 1, 2, 3, 4, 5, 6, 7, 8, 9, 10, 11, 12, 13, 14, 15, 16, 17, 18, 19, 20, 21, 22, 23, 24, 25, 26, 27, 28, 29]","[1.1816726922988892, 1.2170988321304321, 1.2116214036941528, 1.200257420539856, 1.1416643857955933, 1.1891062259674072, 1.246652603149414, 1.1470645666122437, 1.2520469427108765, 1.2268033027648926, 1.168094277381897, 1.1698029041290283, 1.2142579555511475, 1.222419023513794, 1.2369354963302612, 1.197393536567688, 1.2860667705535889, 1.2591131925582886, 1.1340359449386597, 1.2283560037612915, 1.2687814235687256, 1.1859486103057861, 1.263270378112793, 1.2230288982391357, 1.1918312311172485, 1.2190265655517578, 1.2284297943115234, 1.191718339920044, 1.0950191020965576, 1.1822810173034668]",sae,Pre-64
1,beta,26,1000.0,0.4502231978181314,0.4442488029476733,0.4432506511993272,0.5,0.5832450787939482,0.6475593742568525,30,"[0, 1, 2, 3, 4, 5, 6, 7, 8, 9, 10, 11, 12, 13, 14, 15, 16, 17, 18, 19, 20, 21, 22, 23, 24, 25, 26, 27, 28, 29]","[1.1555442810058594, 1.2041875123977661, 1.299892783164978, 1.115403652191162, 1.1977704763412476, 1.2426538467407227, 1.2137271165847778, 1.1166235208511353, 1.202622890472412, 1.1893163919448853, 1.098173975944519, 1.2942622900009155, 1.250457763671875, 1.2013744115829468, 1.2439463138580322, 1.1272211074829102, 1.1953763961791992, 1.1167938709259033, 1.2241944074630737, 1.2015106678009033, 1.1450039148330688, 1.2828484773635864, 1.2133245468139648, 1.2307840585708618, 1.2933491468429565, 1.3005832433700562, 1.1806293725967407, 1.226503849029541, 1.0538688898086548, 1.1579833030700684]",sae,Pre-64
1,beta,20,30.0,0.4408022875601419,0.4262939306313442,0.4199481867154162,0.5,0.6176087118064704,0.6488779225692263,30,"[0, 1, 2, 3, 4, 5, 6, 7, 8, 9, 10, 11, 12, 13, 14, 15, 16, 17, 18, 19, 20, 21, 22, 23, 24, 25, 26, 27, 28, 29]","[1.1888443231582642, 1.2588075399398804, 1.2090791463851929, 1.276505947113037, 1.265021800994873, 1.2415491342544556, 1.253626823425293, 1.1762081384658813, 1.2560367584228516, 1.204184651374817, 1.1926451921463013, 1.1942633390426636, 1.285210132598877, 1.1553280353546143, 1.1849594116210938, 1.2904577255249023, 1.1613073348999023, 1.195784091949463, 1.2340788841247559, 1.2251707315444946, 1.236037015914917, 1.167548418045044, 1.2559117078781128, 1.2980648279190063, 1.249900221824646, 1.1806350946426392, 1.2032898664474487, 1.2339420318603516, 1.1950137615203857, 1.2724168300628662]",sae,Pre-64
1,beta,37,100.0,0.4546908257221888,0.444978337644671,0.4248521975553931,0.5,0.6058579085235571,0.7202592918965247,30,"[0, 1, 2, 3, 4, 5, 6, 7, 8, 9, 10, 11, 12, 13, 14, 15, 16, 17, 18, 19, 20, 21, 22, 23, 24, 25, 26, 27, 28, 29]","[1.1383056640625, 1.213341236114502, 1.177707552909851, 1.16965913772583, 1.1041587591171265, 1.2045390605926514, 1.1453032493591309, 1.249243140220642, 1.2818135023117065, 1.2036993503570557, 1.1849234104156494, 1.1868669986724854, 1.214905858039856, 1.1719192266464233, 1.2408273220062256, 1.1888898611068726, 1.1841654777526855, 1.2297459840774536, 1.199540138244629, 1.1944150924682617, 1.1982941627502441, 1.2023546695709229, 1.2497965097427368, 1.2272303104400635, 1.1954416036605835, 1.2279680967330933, 1.1945136785507202, 1.198485016822815, 1.2278281450271606, 1.2478563785552979]",sae,Pre-64
1,beta,4,0.21,0.4589558369307028,0.4477177462853796,0.452905568890858,0.5,0.61034827708266,0.6592455792049496,30,"[0, 1, 2, 3, 4, 5, 6, 7, 8, 9, 10, 11, 12, 13, 14, 15, 16, 17, 18, 19, 20, 21, 22, 23, 24, 25, 26, 27, 28, 29]","[1.2978484630584717, 1.2796142101287842, 1.2196327447891235, 1.3508238792419434, 1.194493055343628, 1.2326605319976807, 1.2648199796676636, 1.2160911560058594, 1.3102113008499146, 1.3189589977264404, 1.306602954864502, 1.2332308292388916, 1.3514071702957153, 1.2567646503448486, 1.2106572389602661, 1.2981278896331787, 1.2978037595748901, 1.2736095190048218, 1.2349973917007446, 1.3258124589920044, 1.2865793704986572, 1.342771291732788, 1.2946070432662964, 1.198964238166809, 1.2903505563735962, 1.2241816520690918, 1.2514410018920898, 1.2666839361190796, 1.330418586730957, 1.2111767530441284]",sae,Pre-64
1,beta,40,0.2,0.44666181227492,0.4340193094910912,0.4315737676841432,0.5,0.6093636266731638,0.6691071890846518,30,"[0, 1, 2, 3, 4, 5, 6, 7, 8, 9, 10, 11, 12, 13, 14, 15, 16, 17, 18, 19, 20, 21, 22, 23, 24, 25, 26, 27, 28, 29]","[1.353455662727356, 1.297049641609192, 1.2961474657058716, 1.2363603115081787, 1.2692210674285889, 1.2998310327529907, 1.301904559135437, 1.3123961687088013, 1.3272955417633057, 1.3321906328201294, 1.275064468383789, 1.2822200059890747, 1.348940372467041, 1.2369962930679321, 1.2551137208938599, 1.3664047718048096, 1.2647380828857422, 1.302336573600769, 1.2545562982559204, 1.250806212425232, 1.2611415386199951, 1.2708666324615479, 1.3259148597717285, 1.2900736331939697, 1.3394858837127686, 1.269204020500183, 1.333217740058899, 1.2334375381469727, 1.3747512102127075, 1.2625200748443604]",sae,Pre-64
1,beta,26,1.5,0.4502231978181314,0.4442488029476733,0.4433499305828294,0.5,0.5832450787939482,0.6475593742568525,30,"[0, 1, 2, 3, 4, 5, 6, 7, 8, 9, 10, 11, 12, 13, 14, 15, 16, 17, 18, 19, 20, 21, 22, 23, 24, 25, 26, 27, 28, 29]","[1.1555442810058594, 1.2041875123977661, 1.299892783164978, 1.115403652191162, 1.1977704763412476, 1.2426538467407227, 1.2137271165847778, 1.1166235208511353, 1.202622890472412, 1.1893163919448853, 1.098173975944519, 1.2942622900009155, 1.250457763671875, 1.2013744115829468, 1.2439463138580322, 1.1272211074829102, 1.1953763961791992, 1.1167938709259033, 1.2241944074630737, 1.2015106678009033, 1.1450039148330688, 1.2828484773635864, 1.2133245468139648, 1.2307840585708618, 1.2933491468429565, 1.3005832433700562, 1.1806293725967407, 1.226503849029541, 1.0538688898086548, 1.1579833030700684]",sae,Pre-64
1,beta,6,30.0,0.4540822999211705,0.4457917896713532,0.4322978406105228,0.5,0.5933447799067053,0.6652910519198336,30,"[0, 1, 2, 3, 4, 5, 6, 7, 8, 9, 10, 11, 12, 13, 14, 15, 16, 17, 18, 19, 20, 21, 22, 23, 24, 25, 26, 27, 28, 29]","[1.2093437910079956, 1.2324018478393555, 1.1689670085906982, 1.2286028861999512, 1.1660292148590088, 1.1364821195602417, 1.1552339792251587, 1.210248351097107, 1.1588280200958252, 1.2276009321212769, 1.1634801626205444, 1.1048387289047241, 1.1711478233337402, 1.1197253465652466, 1.0116533041000366, 1.2269690036773682, 1.129739761352539, 1.1970460414886475, 1.1658244132995605, 1.1922228336334229, 1.1664220094680786, 1.1494638919830322, 1.2115159034729004, 1.2004733085632324, 1.147264838218689, 1.1653865575790405, 1.1267348527908325, 1.1380363702774048, 1.188260555267334, 1.2108981609344482]",sae,Pre-64
1,beta,31,0.21,0.4497611378811508,0.4308970333737342,0.4263365388095558,0.5,0.642735734520437,0.7068234375903335,30,"[0, 1, 2, 3, 4, 5, 6, 7, 8, 9, 10, 11, 12, 13, 14, 15, 16, 17, 18, 19, 20, 21, 22, 23, 24, 25, 26, 27, 28, 29]","[1.1868829727172852, 1.1684132814407349, 1.1411691904067993, 1.1192221641540527, 1.1979950666427612, 1.2012416124343872, 1.1268763542175293, 1.1949924230575562, 1.1851063966751099, 1.1678438186645508, 1.1846915483474731, 1.1878143548965454, 1.2181352376937866, 1.073760986328125, 1.2400416135787964, 1.1805418729782104, 1.1810487508773804, 1.162557601928711, 1.1839708089828491, 1.1404868364334106, 1.2300362586975098, 1.1923527717590332, 1.2170655727386475, 1.2127258777618408, 1.1911245584487915, 1.1909171342849731, 1.1074947118759155, 1.2370617389678955, 1.1450209617614746, 1.2102415561676025]",sae,Pre-64
1,beta,12,0.2,0.4455148672091349,0.4361346773072694,0.4082161203168435,0.5,0.5892778403611032,0.7318275941048066,30,"[0, 1, 2, 3, 4, 5, 6, 7, 8, 9, 10, 11, 12, 13, 14, 15, 16, 17, 18, 19, 20, 21, 22, 23, 24, 25, 26, 27, 28, 29]","[1.212005853652954, 1.2981294393539429, 1.2246978282928467, 1.1265122890472412, 1.281233310699463, 1.2267955541610718, 1.2330909967422485, 1.292677402496338, 1.316767930984497, 1.202968955039978, 1.2044541835784912, 1.353143334388733, 1.2131699323654175, 1.2921146154403687, 1.191614031791687, 1.3536674976348877, 1.1643041372299194, 1.317959189414978, 1.260770320892334, 1.3326064348220825, 1.325927972793579, 1.2574809789657593, 1.2373849153518677, 1.3514914512634277, 1.327062726020813, 1.1921443939208984, 1.3300411701202393, 1.2960820198059082, 1.248670220375061, 1.3602406978607178]",sae,Pre-64
1,beta,42,20.0,0.4546678683050885,0.4407690563496341,0.4378816268500025,0.5,0.6336081445133979,0.6603511208928656,30,"[0, 1, 2, 3, 4, 5, 6, 7, 8, 9, 10, 11, 12, 13, 14, 15, 16, 17, 18, 19, 20, 21, 22, 23, 24, 25, 26, 27, 28, 29]","[1.2767118215560913, 1.1509020328521729, 1.2741888761520386, 1.2517021894454956, 1.16533625125885, 1.2553739547729492, 1.1647206544876099, 1.148014783859253, 1.1693377494812012, 1.2613091468811035, 1.2386943101882935, 1.2795376777648926, 1.1614588499069214, 1.0049147605895996, 1.2809103727340698, 1.1924101114273071, 1.141250491142273, 1.1302461624145508, 1.240049958229065, 1.2147595882415771, 1.1706880331039429, 1.1570767164230347, 1.171014428138733, 1.1616032123565674, 1.189007043838501, 1.1533206701278687, 1.2752232551574707, 1.16252863407135, 1.2145106792449951, 1.1530125141143799]",sae,Pre-64
1,beta,45,5.0,0.4515599815008028,0.4347157609968581,0.4262295733728545,0.5,0.6289673345145609,0.6747383883815667,30,"[0, 1, 2, 3, 4, 5, 6, 7, 8, 9, 10, 11, 12, 13, 14, 15, 16, 17, 18, 19, 20, 21, 22, 23, 24, 25, 26, 27, 28, 29]","[1.2118186950683594, 1.2046393156051636, 1.1175212860107422, 1.2471874952316284, 1.2435009479522705, 1.0702455043792725, 1.2621617317199707, 1.1873860359191895, 1.158481478691101, 1.0991942882537842, 1.1809848546981812, 1.2580912113189697, 1.2084110975265503, 1.1058392524719238, 1.1608388423919678, 1.1815924644470215, 1.1621969938278198, 1.0576989650726318, 1.1889337301254272, 1.2040725946426392, 1.2099356651306152, 1.1275392770767212, 1.2057688236236572, 1.0658499002456665, 1.0492150783538818, 1.2386078834533691, 1.1468443870544434, 1.167812705039978, 1.0608655214309692, 1.248781681060791]",sae,Pre-64
1,beta,16,5.0,0.4519396108125126,0.4401978349795346,0.4229159052924959,0.5,0.6159012314439947,0.7157482046462309,30,"[0, 1, 2, 3, 4, 5, 6, 7, 8, 9, 10, 11, 12, 13, 14, 15, 16, 17, 18, 19, 20, 21, 22, 23, 24, 25, 26, 27, 28, 29]","[1.155144453048706, 1.1337980031967163, 1.1233099699020386, 1.1950212717056274, 1.1797491312026978, 1.1431095600128174, 1.194365382194519, 1.1770823001861572, 1.1407045125961304, 1.1889445781707764, 1.1803953647613525, 1.1736708879470825, 1.1382813453674316, 1.1618629693984985, 1.068888545036316, 1.121972918510437, 1.2042245864868164, 1.0445743799209595, 1.1478757858276367, 1.1736332178115845, 1.2176194190979004, 1.1968461275100708, 1.194488763809204, 1.1921454668045044, 1.079857349395752, 1.1655960083007812, 1.083346962928772, 1.1446884870529175, 1.1000053882598877, 1.1300923824310303]",sae,Pre-64
1,beta,13,1000.0,0.4619123366083722,0.4531466051409948,0.4353358523040135,0.5,0.6127276801885291,0.7084227751366117,30,"[0, 1, 2, 3, 4, 5, 6, 7, 8, 9, 10, 11, 12, 13, 14, 15, 16, 17, 18, 19, 20, 21, 22, 23, 24, 25, 26, 27, 28, 29]","[1.2620290517807007, 1.0841492414474487, 1.2518304586410522, 1.2009828090667725, 1.1773443222045898, 1.2524205446243286, 1.1896860599517822, 1.205586552619934, 1.2011864185333252, 1.204891324043274, 1.2614386081695557, 1.189528465270996, 1.1975116729736328, 1.2220771312713623, 1.2205173969268799, 1.1578680276870728, 1.1433484554290771, 1.2188818454742432, 1.1746560335159302, 1.1710954904556274, 1.1613126993179321, 1.1272764205932617, 1.1385637521743774, 1.1813597679138184, 1.1625311374664307, 1.1538347005844116, 1.1776994466781616, 1.1675361394882202, 1.191448450088501, 1.2053452730178833]",sae,Pre-64
1,beta,17,0.4,0.4599327030141671,0.4513468217402507,0.4356333898997919,0.5,0.6120635717004715,0.6982794453738126,30,"[0, 1, 2, 3, 4, 5, 6, 7, 8, 9, 10, 11, 12, 13, 14, 15, 16, 17, 18, 19, 20, 21, 22, 23, 24, 25, 26, 27, 28, 29]","[1.253448724746704, 1.157033085823059, 1.1724380254745483, 1.21102774143219, 1.2398598194122314, 1.1416960954666138, 1.2152034044265747, 1.1179237365722656, 1.1752480268478394, 1.1612284183502197, 1.2127126455307007, 1.234884262084961, 1.1886143684387207, 1.2384566068649292, 1.1679030656814575, 1.1839061975479126, 1.2392202615737915, 1.1842913627624512, 1.217572808265686, 1.1993213891983032, 1.1283472776412964, 1.197530746459961, 1.0647335052490234, 1.1836165189743042, 1.1550945043563843, 1.1692523956298828, 1.1686493158340454, 1.191864013671875, 1.1417936086654663, 1.2131496667861938]",sae,Pre-64
1,beta,39,0.3,0.4461088087810431,0.4292341094433316,0.4300405092619591,0.5,0.6205127278095635,0.6663985224954883,30,"[0, 1, 2, 3, 4, 5, 6, 7, 8, 9, 10, 11, 12, 13, 14, 15, 16, 17, 18, 19, 20, 21, 22, 23, 24, 25, 26, 27, 28, 29]","[1.2167242765426636, 1.2661759853363037, 1.2168524265289307, 1.191296100616455, 1.1658016443252563, 1.237444519996643, 1.2047537565231323, 1.2446072101593018, 1.187147617340088, 1.2308412790298462, 1.2082666158676147, 1.1262651681900024, 1.233420968055725, 1.161228060722351, 1.229992389678955, 1.284380555152893, 1.2190605401992798, 1.2491788864135742, 1.174752116203308, 1.109976887702942, 1.1900057792663574, 1.2503405809402466, 1.1461279392242432, 1.1576392650604248, 1.2476980686187744, 1.2323284149169922, 1.0786281824111938, 1.1811329126358032, 1.2901197671890259, 1.1893621683120728]",sae,Pre-64
1,beta,27,0.23,0.4609757262074365,0.4537266978541116,0.4543084770420211,0.5,0.5914172664146189,0.6586944771843638,30,"[0, 1, 2, 3, 4, 5, 6, 7, 8, 9, 10, 11, 12, 13, 14, 15, 16, 17, 18, 19, 20, 21, 22, 23, 24, 25, 26, 27, 28, 29]","[1.30433189868927, 1.345109224319458, 1.306747555732727, 1.2893733978271484, 1.3322172164916992, 1.2531368732452393, 1.343014121055603, 1.2267171144485474, 1.29026198387146, 1.282227635383606, 1.2424131631851196, 1.3452320098876953, 1.2830122709274292, 1.2494516372680664, 1.2873982191085815, 1.2143917083740234, 1.2585805654525757, 1.313916563987732, 1.2785775661468506, 1.267669439315796, 1.3478608131408691, 1.3248353004455566, 1.2479346990585327, 1.200830340385437, 1.2801811695098877, 1.3476126194000244, 1.2633370161056519, 1.313596248626709, 1.2189143896102905, 1.2916988134384155]",sae,Pre-64
1,beta,33,2.0,0.4492211383258522,0.4377959816952598,0.4223402424961981,0.5,0.6165210074526608,0.6954138560095032,30,"[0, 1, 2, 3, 4, 5, 6, 7, 8, 9, 10, 11, 12, 13, 14, 15, 16, 17, 18, 19, 20, 21, 22, 23, 24, 25, 26, 27, 28, 29]","[1.1849273443222046, 1.2562428712844849, 1.2136778831481934, 1.194433331489563, 1.149998426437378, 1.2687307596206665, 1.1574212312698364, 1.2470797300338745, 1.2527871131896973, 1.2536271810531616, 1.1950736045837402, 1.2495068311691284, 1.1756917238235474, 1.1588196754455566, 1.1325362920761108, 1.2413465976715088, 1.1629266738891602, 1.1944456100463867, 1.2464298009872437, 1.2438013553619385, 1.1899774074554443, 1.159067153930664, 1.2561681270599365, 1.2361953258514404, 1.2687146663665771, 1.1437739133834839, 1.1919195652008057, 1.171987533569336, 1.145799160003662, 1.191154956817627]",sae,Pre-64
1,beta,44,0.21,0.4469012312759677,0.43811650775401,0.4504526358642166,0.5,0.5982762074796864,0.6191953474395008,30,"[0, 1, 2, 3, 4, 5, 6, 7, 8, 9, 10, 11, 12, 13, 14, 15, 16, 17, 18, 19, 20, 21, 22, 23, 24, 25, 26, 27, 28, 29]","[1.2328534126281738, 1.2432632446289062, 1.1659767627716064, 1.206896185874939, 1.2343660593032837, 1.2805567979812622, 1.243254542350769, 1.1861038208007812, 1.2501475811004639, 1.2800955772399902, 1.2281302213668823, 1.196824312210083, 1.234688639640808, 1.2085975408554077, 1.2957861423492432, 1.2916812896728516, 1.1771479845046997, 1.07296884059906, 1.2419933080673218, 1.2252814769744873, 1.2023658752441406, 1.1831647157669067, 1.220410943031311, 1.2380656003952026, 1.2853046655654907, 1.1772876977920532, 1.2010564804077148, 1.2346757650375366, 1.2158080339431763, 1.2455809116363525]",sae,Pre-64
1,beta,38,0.5,0.4455661720406026,0.4298851252298221,0.4288492348997147,0.5,0.6303640517897944,0.6635567402894135,30,"[0, 1, 2, 3, 4, 5, 6, 7, 8, 9, 10, 11, 12, 13, 14, 15, 16, 17, 18, 19, 20, 21, 22, 23, 24, 25, 26, 27, 28, 29]","[1.1721346378326416, 1.1665115356445312, 1.1951327323913574, 1.2084224224090576, 1.1932506561279297, 1.0943678617477417, 1.22554349899292, 1.190416932106018, 1.0534244775772095, 1.212303638458252, 1.196964144706726, 1.1929432153701782, 1.2093898057937622, 1.185971736907959, 1.2129939794540405, 1.1697133779525757, 1.1856392621994019, 1.237824559211731, 1.137427806854248, 1.2083672285079956, 1.1895427703857422, 1.2017890214920044, 1.2302438020706177, 1.1494355201721191, 1.191596269607544, 1.2291513681411743, 1.1410502195358276, 1.2461069822311401, 1.175614595413208, 1.249431848526001]",sae,Pre-64
1,beta,21,1.0,0.4504746503440228,0.4381370334360364,0.4271024277148048,0.5,0.6200058082774133,0.686910676108207,30,"[0, 1, 2, 3, 4, 5, 6, 7, 8, 9, 10, 11, 12, 13, 14, 15, 16, 17, 18, 19, 20, 21, 22, 23, 24, 25, 26, 27, 28, 29]","[1.1140649318695068, 1.152727723121643, 1.2438535690307617, 1.230009913444519, 1.1658810377120972, 1.1943459510803223, 1.1483663320541382, 1.1402873992919922, 1.204589605331421, 1.1714168787002563, 1.23432457447052, 1.17771315574646, 1.132249355316162, 1.1423084735870361, 1.1501163244247437, 1.1399269104003906, 1.1680771112442017, 1.1623523235321045, 1.1109286546707153, 1.2336747646331787, 1.1268517971038818, 1.2345601320266724, 1.125869870185852, 1.1168842315673828, 1.180175542831421, 1.1148767471313477, 1.053167700767517, 1.1537359952926636, 1.2132099866867065, 1.1823461055755615]",sae,Pre-64
1,beta,41,1000.0,0.4543678569363413,0.4427951465832617,0.4470912810108336,0.5,0.6190905384235713,0.6706238331294664,30,"[0, 1, 2, 3, 4, 5, 6, 7, 8, 9, 10, 11, 12, 13, 14, 15, 16, 17, 18, 19, 20, 21, 22, 23, 24, 25, 26, 27, 28, 29]","[1.1356950998306274, 1.1843740940093994, 1.0599017143249512, 1.0706007480621338, 1.0468002557754517, 1.210906744003296, 1.101571798324585, 1.1551228761672974, 1.140668272972107, 1.1793739795684814, 1.185392141342163, 1.1593207120895386, 1.1646181344985962, 1.1845898628234863, 1.201792597770691, 1.1444034576416016, 1.0762401819229126, 1.1555777788162231, 1.1304680109024048, 1.1696642637252808, 1.0725892782211304, 1.1413424015045166, 1.1628625392913818, 1.156077265739441, 1.1492286920547485, 1.137248158454895, 1.1817694902420044, 1.172348141670227, 1.1405194997787476, 1.0922468900680542]",sae,Pre-64
1,beta,44,200.0,0.4469012312759677,0.43811650775401,0.4425603581874884,0.5,0.5982762074796864,0.6190848668045466,30,"[0, 1, 2, 3, 4, 5, 6, 7, 8, 9, 10, 11, 12, 13, 14, 15, 16, 17, 18, 19, 20, 21, 22, 23, 24, 25, 26, 27, 28, 29]","[1.188148856163025, 1.2002507448196411, 1.1204805374145508, 1.1610747575759888, 1.1904850006103516, 1.2366626262664795, 1.1955641508102417, 1.144327998161316, 1.206619143486023, 1.2314187288284302, 1.1892151832580566, 1.1514842510223389, 1.187224268913269, 1.1622644662857056, 1.248563528060913, 1.2472829818725586, 1.1387724876403809, 1.0304396152496338, 1.2001614570617676, 1.1816792488098145, 1.1582975387573242, 1.1419570446014404, 1.1716670989990234, 1.1951204538345337, 1.2422082424163818, 1.1315513849258423, 1.152037262916565, 1.1923751831054688, 1.1700479984283447, 1.2005369663238525]",sae,Pre-64
1,beta,21,500.0,0.4504746503440228,0.4381370334360364,0.4313713200240022,0.5,0.6200058082774133,0.686910676108207,30,"[0, 1, 2, 3, 4, 5, 6, 7, 8, 9, 10, 11, 12, 13, 14, 15, 16, 17, 18, 19, 20, 21, 22, 23, 24, 25, 26, 27, 28, 29]","[1.1140649318695068, 1.152727723121643, 1.2438535690307617, 1.230009913444519, 1.1658810377120972, 1.1943459510803223, 1.1483663320541382, 1.1402873992919922, 1.204589605331421, 1.1714168787002563, 1.23432457447052, 1.17771315574646, 1.132249355316162, 1.1423084735870361, 1.1501163244247437, 1.1399269104003906, 1.1680771112442017, 1.1623523235321045, 1.1109286546707153, 1.2336747646331787, 1.1268517971038818, 1.2345601320266724, 1.125869870185852, 1.1168842315673828, 1.180175542831421, 1.1148767471313477, 1.053167700767517, 1.1537359952926636, 1.2132099866867065, 1.1823461055755615]",sae,Pre-64
1,beta,1,0.75,0.4560357198099471,0.4497423189216591,0.440474581914957,0.5,0.5964054457666336,0.680948080464655,30,"[0, 1, 2, 3, 4, 5, 6, 7, 8, 9, 10, 11, 12, 13, 14, 15, 16, 17, 18, 19, 20, 21, 22, 23, 24, 25, 26, 27, 28, 29]","[1.2484626770019531, 1.183357834815979, 1.2077564001083374, 1.127197027206421, 1.1837691068649292, 1.1471096277236938, 1.1291790008544922, 1.2051725387573242, 1.1376121044158936, 1.1618740558624268, 1.1627427339553833, 1.1907955408096313, 1.2489014863967896, 1.1427462100982666, 1.2440361976623535, 1.078278660774231, 1.0989395380020142, 1.1663775444030762, 1.2298505306243896, 1.2602465152740479, 1.2476614713668823, 1.2094584703445435, 1.1924338340759277, 1.1765055656433105, 1.1376926898956299, 1.1597349643707275, 1.16420316696167, 1.178998589515686, 1.2568261623382568, 1.1711331605911255]",sae,Pre-64
1,beta,49,0.25,0.462130925118617,0.4524487678230295,0.4462707482384424,0.5,0.6141152509743157,0.6820620275156126,30,"[0, 1, 2, 3, 4, 5, 6, 7, 8, 9, 10, 11, 12, 13, 14, 15, 16, 17, 18, 19, 20, 21, 22, 23, 24, 25, 26, 27, 28, 29]","[1.195610523223877, 1.2339738607406616, 1.2274729013442993, 1.2181955575942993, 1.1577876806259155, 1.2040090560913086, 1.2636535167694092, 1.1616418361663818, 1.2683128118515015, 1.2436504364013672, 1.1828570365905762, 1.1839925050735474, 1.2312763929367065, 1.2395942211151123, 1.2554214000701904, 1.2154113054275513, 1.3021290302276611, 1.2758945226669312, 1.1539452075958252, 1.2446385622024536, 1.2854292392730713, 1.2034330368041992, 1.2803947925567627, 1.2391146421432495, 1.2064875364303589, 1.2346521615982056, 1.2449657917022705, 1.2066279649734497, 1.1109901666641235, 1.1994011402130127]",sae,Pre-64
1,beta,39,3.0,0.4461088087810431,0.4292341094433316,0.423808558843031,0.5,0.6205127278095635,0.6657718484774533,30,"[0, 1, 2, 3, 4, 5, 6, 7, 8, 9, 10, 11, 12, 13, 14, 15, 16, 17, 18, 19, 20, 21, 22, 23, 24, 25, 26, 27, 28, 29]","[1.1917375326156616, 1.236011266708374, 1.1890162229537964, 1.1643238067626953, 1.140978217124939, 1.2120108604431152, 1.1828933954238892, 1.2210265398025513, 1.1605393886566162, 1.199174165725708, 1.1834092140197754, 1.0992392301559448, 1.2075473070144653, 1.1379015445709229, 1.20431649684906, 1.2560211420059204, 1.1885234117507935, 1.2229002714157104, 1.1480319499969482, 1.0825574398040771, 1.1679973602294922, 1.2216445207595825, 1.1227527856826782, 1.1278188228607178, 1.2215803861618042, 1.2034790515899658, 1.0507583618164062, 1.1575127840042114, 1.2623809576034546, 1.1674622297286987]",sae,Pre-64
1,beta,11,3.0,0.4566976193509867,0.4496008864727478,0.4309995386946526,0.5,0.5995106990682213,0.709773142295266,30,"[0, 1, 2, 3, 4, 5, 6, 7, 8, 9, 10, 11, 12, 13, 14, 15, 16, 17, 18, 19, 20, 21, 22, 23, 24, 25, 26, 27, 28, 29]","[1.197404384613037, 1.0159912109375, 1.1595122814178467, 1.0947496891021729, 1.2204711437225342, 1.0870051383972168, 1.1269891262054443, 1.0375356674194336, 1.2077991962432861, 1.2207576036453247, 1.2321844100952148, 1.2301312685012817, 1.2398982048034668, 1.1524134874343872, 1.143661618232727, 1.0850900411605835, 1.17250657081604, 1.1216024160385132, 1.160549521446228, 1.1942617893218994, 1.178363561630249, 1.1898934841156006, 1.2164463996887207, 1.1637935638427734, 1.1526267528533936, 1.2090473175048828, 1.2035871744155884, 1.1137361526489258, 1.1602522134780884, 1.1377544403076172]",sae,Pre-64
1,beta,17,0.21,0.4599327030141671,0.4513468217402507,0.439526174619726,0.5,0.6120635717004715,0.7004904827674721,30,"[0, 1, 2, 3, 4, 5, 6, 7, 8, 9, 10, 11, 12, 13, 14, 15, 16, 17, 18, 19, 20, 21, 22, 23, 24, 25, 26, 27, 28, 29]","[1.303931474685669, 1.202843189239502, 1.2210547924041748, 1.2618653774261475, 1.2989312410354614, 1.1945894956588745, 1.2675527334213257, 1.1577523946762085, 1.225580096244812, 1.216809868812561, 1.2725425958633423, 1.288033366203308, 1.2386863231658936, 1.2937887907028198, 1.226708173751831, 1.2365435361862183, 1.2982696294784546, 1.2355704307556152, 1.272227168083191, 1.2476904392242432, 1.175868034362793, 1.2500630617141724, 1.114948034286499, 1.231884479522705, 1.2092475891113281, 1.2187165021896362, 1.2135123014450073, 1.2390133142471313, 1.1951675415039062, 1.2781845331192017]",sae,Pre-64
1,beta,37,0.22,0.4546908257221888,0.444978337644671,0.4248521975553931,0.5,0.6058579085235571,0.7202592918965247,30,"[0, 1, 2, 3, 4, 5, 6, 7, 8, 9, 10, 11, 12, 13, 14, 15, 16, 17, 18, 19, 20, 21, 22, 23, 24, 25, 26, 27, 28, 29]","[1.1383056640625, 1.213341236114502, 1.177707552909851, 1.16965913772583, 1.1041587591171265, 1.2045390605926514, 1.1453032493591309, 1.249243140220642, 1.2818135023117065, 1.2036993503570557, 1.1849234104156494, 1.1868669986724854, 1.214905858039856, 1.1719192266464233, 1.2408273220062256, 1.1888898611068726, 1.1841654777526855, 1.2297459840774536, 1.199540138244629, 1.1944150924682617, 1.1982941627502441, 1.2023546695709229, 1.2497965097427368, 1.2272303104400635, 1.1954416036605835, 1.2279680967330933, 1.1945136785507202, 1.198485016822815, 1.2278281450271606, 1.2478563785552979]",sae,Pre-64
1,beta,35,500.0,0.4566193215888805,0.4379483378046387,0.4275639338118701,0.5,0.637290178651746,0.711674432830182,30,"[0, 1, 2, 3, 4, 5, 6, 7, 8, 9, 10, 11, 12, 13, 14, 15, 16, 17, 18, 19, 20, 21, 22, 23, 24, 25, 26, 27, 28, 29]","[1.1419644355773926, 1.1713181734085083, 1.240107536315918, 1.195743441581726, 1.1811882257461548, 1.1707707643508911, 1.1092125177383423, 1.2573636770248413, 1.2576355934143066, 1.1896233558654785, 1.2206906080245972, 1.1313600540161133, 1.1883442401885986, 1.0861045122146606, 1.169890284538269, 1.1350536346435547, 1.2416034936904907, 1.1306434869766235, 1.220120906829834, 1.109336495399475, 1.1400814056396484, 1.1308884620666504, 1.1600199937820435, 1.0872516632080078, 1.1515733003616333, 1.1778661012649536, 1.1567775011062622, 1.2329468727111816, 1.2157437801361084, 1.209161400794983]",sae,Pre-64
1,beta,0,1.5,0.4600628296558519,0.4487196928272481,0.4294260616841683,0.5,0.6146148452673732,0.7212500893551071,30,"[0, 1, 2, 3, 4, 5, 6, 7, 8, 9, 10, 11, 12, 13, 14, 15, 16, 17, 18, 19, 20, 21, 22, 23, 24, 25, 26, 27, 28, 29]","[1.1609565019607544, 1.205399990081787, 1.1734585762023926, 1.2161903381347656, 1.1425961256027222, 1.1842118501663208, 1.2070008516311646, 1.2379403114318848, 1.2223178148269653, 1.1959354877471924, 1.181226134300232, 1.1726235151290894, 1.2236276865005493, 1.2120070457458496, 1.218804955482483, 1.1687568426132202, 1.1801352500915527, 1.143155813217163, 1.0709192752838135, 1.2054029703140259, 1.1369202136993408, 1.1508759260177612, 1.2216984033584595, 1.1585367918014526, 1.1669466495513916, 1.1062743663787842, 1.2285964488983154, 1.136776089668274, 1.1998835802078247, 1.1328357458114624]",sae,Pre-64
1,beta,34,30.0,0.4568527557813058,0.4470225010708758,0.4345677750759839,0.5,0.6011606799053854,0.6760287318218534,30,"[0, 1, 2, 3, 4, 5, 6, 7, 8, 9, 10, 11, 12, 13, 14, 15, 16, 17, 18, 19, 20, 21, 22, 23, 24, 25, 26, 27, 28, 29]","[1.137890338897705, 1.2171109914779663, 1.2127997875213623, 1.1824638843536377, 1.152029275894165, 1.1444475650787354, 1.1735047101974487, 1.0769213438034058, 1.1361875534057617, 1.1606651544570923, 1.2005587816238403, 1.015907645225525, 1.1853113174438477, 1.0790728330612183, 1.1112900972366333, 1.1400375366210938, 1.2139219045639038, 1.2259365320205688, 1.1806495189666748, 1.1336230039596558, 1.175050139427185, 1.2325819730758667, 1.1709409952163696, 1.1730239391326904, 1.1460753679275513, 1.094346284866333, 1.2428449392318726, 1.229536533355713, 1.2293792963027954, 1.190686821937561]",sae,Pre-64
1,beta,22,10.0,0.4519005213187685,0.4442985770479847,0.4292281556600411,0.5,0.5939599289403404,0.6815271356133603,30,"[0, 1, 2, 3, 4, 5, 6, 7, 8, 9, 10, 11, 12, 13, 14, 15, 16, 17, 18, 19, 20, 21, 22, 23, 24, 25, 26, 27, 28, 29]","[1.1179190874099731, 1.168941855430603, 1.1830703020095825, 1.1668369770050049, 1.2358616590499878, 1.1766568422317505, 1.1327937841415405, 1.165419340133667, 1.125562310218811, 1.1434152126312256, 1.1285946369171143, 1.224861741065979, 1.1848485469818115, 1.2125139236450195, 1.133904218673706, 1.1921454668045044, 1.203025460243225, 1.2069814205169678, 1.1357468366622925, 1.1382958889007568, 1.198440432548523, 1.1977695226669312, 1.207923412322998, 1.1743204593658447, 1.1639965772628784, 1.2263959646224976, 1.1249594688415527, 1.1282567977905273, 1.2587064504623413, 1.1409783363342285]",sae,Pre-64
1,beta,22,0.22,0.4519005213187685,0.4442985770479847,0.4398732190737021,0.5,0.5939599289403404,0.681375663243097,30,"[0, 1, 2, 3, 4, 5, 6, 7, 8, 9, 10, 11, 12, 13, 14, 15, 16, 17, 18, 19, 20, 21, 22, 23, 24, 25, 26, 27, 28, 29]","[1.2001107931137085, 1.2584052085876465, 1.2662638425827026, 1.2544177770614624, 1.3201326131820679, 1.2495787143707275, 1.2203973531723022, 1.2352076768875122, 1.2039414644241333, 1.2308274507522583, 1.2033073902130127, 1.3097681999206543, 1.2640119791030884, 1.2950704097747803, 1.2016546726226807, 1.2734814882278442, 1.2878636121749878, 1.2767250537872314, 1.2032463550567627, 1.2153780460357666, 1.2782998085021973, 1.2751935720443726, 1.2836955785751343, 1.2452061176300049, 1.250459909439087, 1.3081010580062866, 1.2039257287979126, 1.2088390588760376, 1.340636968612671, 1.2064448595046997]",sae,Pre-64
1,beta,16,0.75,0.4519396108125126,0.4401978349795346,0.4246391412290985,0.5,0.6159012314439947,0.7157482046462309,30,"[0, 1, 2, 3, 4, 5, 6, 7, 8, 9, 10, 11, 12, 13, 14, 15, 16, 17, 18, 19, 20, 21, 22, 23, 24, 25, 26, 27, 28, 29]","[1.155144453048706, 1.1337980031967163, 1.1233099699020386, 1.1950212717056274, 1.1797491312026978, 1.1431095600128174, 1.194365382194519, 1.1770823001861572, 1.1407045125961304, 1.1889445781707764, 1.1803953647613525, 1.1736708879470825, 1.1382813453674316, 1.1618629693984985, 1.068888545036316, 1.121972918510437, 1.2042245864868164, 1.0445743799209595, 1.1478757858276367, 1.1736332178115845, 1.2176194190979004, 1.1968461275100708, 1.194488763809204, 1.1921454668045044, 1.079857349395752, 1.1655960083007812, 1.083346962928772, 1.1446884870529175, 1.1000053882598877, 1.1300923824310303]",sae,Pre-64
1,beta,6,0.25,0.4540822999211705,0.4457917896713532,0.4384936900712481,0.5,0.5933447799067053,0.6652910519198336,30,"[0, 1, 2, 3, 4, 5, 6, 7, 8, 9, 10, 11, 12, 13, 14, 15, 16, 17, 18, 19, 20, 21, 22, 23, 24, 25, 26, 27, 28, 29]","[1.2093437910079956, 1.2324018478393555, 1.1689670085906982, 1.2286028861999512, 1.1660292148590088, 1.1364821195602417, 1.1552339792251587, 1.210248351097107, 1.1588280200958252, 1.2276009321212769, 1.1634801626205444, 1.1048387289047241, 1.1711478233337402, 1.1197253465652466, 1.0116533041000366, 1.2269690036773682, 1.129739761352539, 1.1970460414886475, 1.1658244132995605, 1.1922228336334229, 1.1664220094680786, 1.1494638919830322, 1.2115159034729004, 1.2004733085632324, 1.147264838218689, 1.1653865575790405, 1.1267348527908325, 1.1380363702774048, 1.188260555267334, 1.2108981609344482]",sae,Pre-64
1,beta,7,1.0,0.4564836922581216,0.4420418003909208,0.4278448824333599,0.5,0.6095136152062148,0.7000084039932237,30,"[0, 1, 2, 3, 4, 5, 6, 7, 8, 9, 10, 11, 12, 13, 14, 15, 16, 17, 18, 19, 20, 21, 22, 23, 24, 25, 26, 27, 28, 29]","[1.186367392539978, 1.203552484512329, 1.2273681163787842, 1.1744158267974854, 1.2427024841308594, 1.194297194480896, 1.1417649984359741, 1.1899380683898926, 1.274727702140808, 1.2103523015975952, 1.1130813360214233, 1.1793581247329712, 1.1271109580993652, 1.140200138092041, 1.2939406633377075, 1.2133886814117432, 1.183907389640808, 1.1221195459365845, 1.2292346954345703, 1.2417727708816528, 1.200108528137207, 1.2005424499511719, 1.201027750968933, 1.1506562232971191, 1.259361982345581, 1.2019909620285034, 1.2091292142868042, 1.0751577615737915, 1.2751001119613647, 1.1631182432174683]",sae,Pre-64
1,beta,18,75.0,0.4575117633693479,0.4471831599677374,0.4182839141236465,0.5,0.6052065040104606,0.7279783219994782,30,"[0, 1, 2, 3, 4, 5, 6, 7, 8, 9, 10, 11, 12, 13, 14, 15, 16, 17, 18, 19, 20, 21, 22, 23, 24, 25, 26, 27, 28, 29]","[1.08156156539917, 1.1808451414108276, 1.2274887561798096, 1.1775970458984375, 1.1839946508407593, 1.1783868074417114, 1.302558422088623, 1.1474957466125488, 1.2003755569458008, 1.1137614250183105, 1.279771089553833, 1.1947054862976074, 1.217077374458313, 1.243087649345398, 1.1674503087997437, 1.1044795513153076, 1.2428091764450073, 1.1572407484054565, 1.1403177976608276, 1.0754040479660034, 1.2844663858413696, 1.1361045837402344, 1.2445805072784424, 1.2017990350723267, 1.1962649822235107, 1.1700507402420044, 1.2117968797683716, 1.2385376691818237, 1.2291908264160156, 1.181313395500183]",sae,Pre-64
1,beta,47,75.0,0.4460371044958436,0.4257646434940195,0.4033451395960316,0.5,0.6434257056516428,0.7291872950556163,30,"[0, 1, 2, 3, 4, 5, 6, 7, 8, 9, 10, 11, 12, 13, 14, 15, 16, 17, 18, 19, 20, 21, 22, 23, 24, 25, 26, 27, 28, 29]","[1.2948559522628784, 1.148354411125183, 1.1743416786193848, 1.1649647951126099, 1.246188759803772, 1.2814688682556152, 1.2447621822357178, 1.2164852619171143, 1.2303695678710938, 1.1912521123886108, 1.1916992664337158, 1.1139793395996094, 1.1724560260772705, 1.2962146997451782, 1.1174935102462769, 1.2390276193618774, 1.1683082580566406, 1.2478612661361694, 1.090547800064087, 1.1480519771575928, 1.1796824932098389, 1.2337864637374878, 1.2272014617919922, 1.1476048231124878, 1.2347866296768188, 1.1138331890106201, 1.1005412340164185, 1.2123545408248901, 1.1655439138412476, 1.21992826461792]",sae,Pre-64
1,beta,34,0.25,0.4568527557813058,0.4470225010708758,0.4441150996808873,0.5,0.6011606799053854,0.6760851879409729,30,"[0, 1, 2, 3, 4, 5, 6, 7, 8, 9, 10, 11, 12, 13, 14, 15, 16, 17, 18, 19, 20, 21, 22, 23, 24, 25, 26, 27, 28, 29]","[1.1790015697479248, 1.253794550895691, 1.2522262334823608, 1.220732569694519, 1.1845570802688599, 1.1816418170928955, 1.213033676147461, 1.1185649633407593, 1.1681137084960938, 1.196033239364624, 1.2360464334487915, 1.0515773296356201, 1.2267552614212036, 1.1228902339935303, 1.143654227256775, 1.1776341199874878, 1.2513703107833862, 1.2690049409866333, 1.2095705270767212, 1.1716326475143433, 1.2115381956100464, 1.2705483436584473, 1.2090250253677368, 1.2096996307373047, 1.18524968624115, 1.1289193630218506, 1.283990502357483, 1.2700518369674683, 1.2672361135482788, 1.2279605865478516]",sae,Pre-64
1,beta,12,50.0,0.4455148672091349,0.4361346773072694,0.4067994034030875,0.5,0.5892778403611032,0.732179722690948,30,"[0, 1, 2, 3, 4, 5, 6, 7, 8, 9, 10, 11, 12, 13, 14, 15, 16, 17, 18, 19, 20, 21, 22, 23, 24, 25, 26, 27, 28, 29]","[1.1510069370269775, 1.238104224205017, 1.1669384241104126, 1.0727007389068604, 1.2094347476959229, 1.160822868347168, 1.1686755418777466, 1.231000304222107, 1.250001072883606, 1.1482594013214111, 1.1463829278945923, 1.2851383686065674, 1.1506091356277466, 1.2207391262054443, 1.1269334554672241, 1.2875975370407104, 1.111490249633789, 1.2468537092208862, 1.1965770721435547, 1.2625105381011963, 1.2613308429718018, 1.1978631019592285, 1.1764955520629883, 1.2832802534103394, 1.261273980140686, 1.1248352527618408, 1.2639222145080566, 1.2385042905807495, 1.1889654397964478, 1.2939741611480713]",sae,Pre-64
1,beta,15,0.23,0.4529015220185267,0.4424399871594601,0.4292547994999625,0.5,0.6161071485640408,0.7104373974055405,30,"[0, 1, 2, 3, 4, 5, 6, 7, 8, 9, 10, 11, 12, 13, 14, 15, 16, 17, 18, 19, 20, 21, 22, 23, 24, 25, 26, 27, 28, 29]","[1.2298136949539185, 1.1845684051513672, 1.2188117504119873, 1.241117238998413, 1.2626404762268066, 1.214813470840454, 1.2047184705734253, 1.226792573928833, 1.2608880996704102, 1.2781963348388672, 1.2494226694107056, 1.1826013326644897, 1.3097741603851318, 1.2765148878097534, 1.1981154680252075, 1.2439608573913574, 1.203865885734558, 1.2917484045028687, 1.1797101497650146, 1.2533586025238037, 1.3098026514053345, 1.2836754322052002, 1.2267320156097412, 1.2567533254623413, 1.1923658847808838, 1.1088746786117554, 1.2684500217437744, 1.3168082237243652, 1.2297120094299316, 1.2432918548583984]",sae,Pre-64
1,beta,26,0.2,0.4502231978181314,0.4442488029476733,0.4543279596191928,0.5,0.5832450787939482,0.6467130169168074,30,"[0, 1, 2, 3, 4, 5, 6, 7, 8, 9, 10, 11, 12, 13, 14, 15, 16, 17, 18, 19, 20, 21, 22, 23, 24, 25, 26, 27, 28, 29]","[1.1928296089172363, 1.2404786348342896, 1.3458384275436401, 1.1563516855239868, 1.2403268814086914, 1.2882307767868042, 1.2576169967651367, 1.163774013519287, 1.2436301708221436, 1.231652021408081, 1.1424747705459595, 1.3435319662094116, 1.2970775365829468, 1.2433035373687744, 1.2939270734786987, 1.1718345880508423, 1.2391550540924072, 1.1535779237747192, 1.2687033414840698, 1.248026728630066, 1.1860671043395996, 1.3334819078445435, 1.254472017288208, 1.2726444005966187, 1.3419125080108643, 1.341975212097168, 1.219064712524414, 1.2665356397628784, 1.0912959575653076, 1.2032641172409058]",sae,Pre-64
1,beta,44,0.75,0.4469012312759677,0.43811650775401,0.4433875894181467,0.5,0.5982762074796864,0.6190848668045466,30,"[0, 1, 2, 3, 4, 5, 6, 7, 8, 9, 10, 11, 12, 13, 14, 15, 16, 17, 18, 19, 20, 21, 22, 23, 24, 25, 26, 27, 28, 29]","[1.188148856163025, 1.2002507448196411, 1.1204805374145508, 1.1610747575759888, 1.1904850006103516, 1.2366626262664795, 1.1955641508102417, 1.144327998161316, 1.206619143486023, 1.2314187288284302, 1.1892151832580566, 1.1514842510223389, 1.187224268913269, 1.1622644662857056, 1.248563528060913, 1.2472829818725586, 1.1387724876403809, 1.0304396152496338, 1.2001614570617676, 1.1816792488098145, 1.1582975387573242, 1.1419570446014404, 1.1716670989990234, 1.1951204538345337, 1.2422082424163818, 1.1315513849258423, 1.152037262916565, 1.1923751831054688, 1.1700479984283447, 1.2005369663238525]",sae,Pre-64
1,beta,30,200.0,0.4638407167611665,0.4544841508273655,0.4349917136696578,0.5,0.6043368975359404,0.6920299717760999,30,"[0, 1, 2, 3, 4, 5, 6, 7, 8, 9, 10, 11, 12, 13, 14, 15, 16, 17, 18, 19, 20, 21, 22, 23, 24, 25, 26, 27, 28, 29]","[1.234999656677246, 1.1741113662719727, 1.2121046781539917, 1.183706521987915, 1.188236951828003, 1.1696803569793701, 1.186059832572937, 1.151381492614746, 1.14472234249115, 1.1600751876831055, 1.2435591220855713, 1.1388177871704102, 1.1140148639678955, 1.1526716947555542, 1.2056300640106201, 1.2250553369522095, 1.1707159280776978, 1.1746101379394531, 1.240835428237915, 1.1718575954437256, 1.142357349395752, 1.105589747428894, 1.171762228012085, 1.1619601249694824, 1.262255311012268, 1.1716129779815674, 1.202602505683899, 1.1705881357192993, 1.21686589717865, 1.1907846927642822]",sae,Pre-64
1,beta,26,50.0,0.4502231978181314,0.4442488029476733,0.4406448312449547,0.5,0.5832450787939482,0.6475593742568525,30,"[0, 1, 2, 3, 4, 5, 6, 7, 8, 9, 10, 11, 12, 13, 14, 15, 16, 17, 18, 19, 20, 21, 22, 23, 24, 25, 26, 27, 28, 29]","[1.1555442810058594, 1.2041875123977661, 1.299892783164978, 1.115403652191162, 1.1977704763412476, 1.2426538467407227, 1.2137271165847778, 1.1166235208511353, 1.202622890472412, 1.1893163919448853, 1.098173975944519, 1.2942622900009155, 1.250457763671875, 1.2013744115829468, 1.2439463138580322, 1.1272211074829102, 1.1953763961791992, 1.1167938709259033, 1.2241944074630737, 1.2015106678009033, 1.1450039148330688, 1.2828484773635864, 1.2133245468139648, 1.2307840585708618, 1.2933491468429565, 1.3005832433700562, 1.1806293725967407, 1.226503849029541, 1.0538688898086548, 1.1579833030700684]",sae,Pre-64
1,beta,5,0.21,0.4445517550333296,0.4301735816232515,0.4267032160632633,0.5,0.6070910659257547,0.6834148003225343,30,"[0, 1, 2, 3, 4, 5, 6, 7, 8, 9, 10, 11, 12, 13, 14, 15, 16, 17, 18, 19, 20, 21, 22, 23, 24, 25, 26, 27, 28, 29]","[1.2796783447265625, 1.1877914667129517, 1.1932786703109741, 1.306003212928772, 1.3080127239227295, 1.2268255949020386, 1.2360392808914185, 1.2222241163253784, 1.2756457328796387, 1.2080613374710083, 1.286360502243042, 1.3069895505905151, 1.2362483739852905, 1.2428556680679321, 1.3172515630722046, 1.2621768712997437, 1.2652860879898071, 1.2941436767578125, 1.1752550601959229, 1.2457373142242432, 1.3175694942474365, 1.2524582147598267, 1.3070183992385864, 1.2057079076766968, 1.239798903465271, 1.3128582239151, 1.1912285089492798, 1.2186763286590576, 1.2968671321868896, 1.239850401878357]",sae,Pre-64
1,beta,16,200.0,0.4519396108125126,0.4401978349795346,0.4265240655428548,0.5,0.6159012314439947,0.7157482046462309,30,"[0, 1, 2, 3, 4, 5, 6, 7, 8, 9, 10, 11, 12, 13, 14, 15, 16, 17, 18, 19, 20, 21, 22, 23, 24, 25, 26, 27, 28, 29]","[1.155144453048706, 1.1337980031967163, 1.1233099699020386, 1.1950212717056274, 1.1797491312026978, 1.1431095600128174, 1.194365382194519, 1.1770823001861572, 1.1407045125961304, 1.1889445781707764, 1.1803953647613525, 1.1736708879470825, 1.1382813453674316, 1.1618629693984985, 1.068888545036316, 1.121972918510437, 1.2042245864868164, 1.0445743799209595, 1.1478757858276367, 1.1736332178115845, 1.2176194190979004, 1.1968461275100708, 1.194488763809204, 1.1921454668045044, 1.079857349395752, 1.1655960083007812, 1.083346962928772, 1.1446884870529175, 1.1000053882598877, 1.1300923824310303]",sae,Pre-64
1,beta,10,100.0,0.4493907433353129,0.4390813823454372,0.4344056235297167,0.5,0.6232207829487961,0.6743909002834692,30,"[0, 1, 2, 3, 4, 5, 6, 7, 8, 9, 10, 11, 12, 13, 14, 15, 16, 17, 18, 19, 20, 21, 22, 23, 24, 25, 26, 27, 28, 29]","[1.1427899599075317, 1.068242073059082, 1.199394941329956, 1.158583641052246, 1.149035930633545, 1.1689698696136475, 1.2380726337432861, 1.1728394031524658, 1.0578781366348267, 1.1875046491622925, 1.1654369831085205, 1.1715285778045654, 1.1657956838607788, 1.1442753076553345, 1.2309560775756836, 1.1749398708343506, 1.1827489137649536, 1.12376070022583, 1.1349002122879028, 1.1247795820236206, 1.1484092473983765, 1.1541001796722412, 1.2148005962371826, 1.210876226425171, 1.1075263023376465, 1.1338322162628174, 1.1668912172317505, 1.1912418603897095, 1.1516903638839722, 1.169378399848938]",sae,Pre-64
1,beta,27,1000.0,0.4609757262074365,0.4537266978541116,0.4516783014725056,0.5,0.5914172664146189,0.6586614698443567,30,"[0, 1, 2, 3, 4, 5, 6, 7, 8, 9, 10, 11, 12, 13, 14, 15, 16, 17, 18, 19, 20, 21, 22, 23, 24, 25, 26, 27, 28, 29]","[1.2290319204330444, 1.2658694982528687, 1.2246942520141602, 1.2191146612167358, 1.2526310682296753, 1.1830732822418213, 1.2688981294631958, 1.1652835607528687, 1.2092324495315552, 1.1985894441604614, 1.1707059144973755, 1.268323302268982, 1.2084215879440308, 1.1814098358154297, 1.2069700956344604, 1.1506013870239258, 1.180336356163025, 1.2344633340835571, 1.2088221311569214, 1.1903407573699951, 1.2684584856033325, 1.2527191638946533, 1.1786249876022339, 1.1301987171173096, 1.2132477760314941, 1.2670561075210571, 1.1951019763946533, 1.2304065227508545, 1.1527602672576904, 1.2162050008773804]",sae,Pre-64
1,beta,29,0.75,0.4558655961502112,0.4409050416793991,0.445368763230365,0.5,0.6296548282533407,0.6689000750796879,30,"[0, 1, 2, 3, 4, 5, 6, 7, 8, 9, 10, 11, 12, 13, 14, 15, 16, 17, 18, 19, 20, 21, 22, 23, 24, 25, 26, 27, 28, 29]","[1.194935917854309, 1.1385749578475952, 1.0295852422714233, 1.238612413406372, 1.1851270198822021, 1.162545919418335, 1.2411545515060425, 1.166039228439331, 1.2299060821533203, 1.2362966537475586, 1.1895782947540283, 1.2295013666152954, 1.231622576713562, 1.2365245819091797, 1.1724414825439453, 1.2314629554748535, 1.110655665397644, 1.1652898788452148, 1.1510244607925415, 1.1959142684936523, 1.249851107597351, 1.2568353414535522, 1.1828466653823853, 1.198325514793396, 1.1877683401107788, 1.1336921453475952, 1.1967061758041382, 1.2367507219314575, 1.2920050621032715, 1.1695195436477661]",sae,Pre-64
1,beta,45,0.21,0.4515599815008028,0.4347157609968581,0.4342144484167906,0.5,0.6289673345145609,0.6746020928929474,30,"[0, 1, 2, 3, 4, 5, 6, 7, 8, 9, 10, 11, 12, 13, 14, 15, 16, 17, 18, 19, 20, 21, 22, 23, 24, 25, 26, 27, 28, 29]","[1.2667722702026367, 1.25432288646698, 1.1693021059036255, 1.3038434982299805, 1.3015785217285156, 1.129026174545288, 1.3208229541778564, 1.254329800605774, 1.2086434364318848, 1.1548482179641724, 1.2344673871994019, 1.3154913187026978, 1.262922763824463, 1.1639024019241333, 1.210425853729248, 1.2376068830490112, 1.219147801399231, 1.1073647737503052, 1.2454851865768433, 1.2538751363754272, 1.270237922668457, 1.1856564283370972, 1.26503324508667, 1.1175333261489868, 1.1055583953857422, 1.2950716018676758, 1.2016713619232178, 1.2160812616348267, 1.1144391298294067, 1.306175708770752]",sae,Pre-64
1,beta,27,1.5,0.4609757262074365,0.4537266978541116,0.4472662080319531,0.5,0.5914172664146189,0.6586614698443567,30,"[0, 1, 2, 3, 4, 5, 6, 7, 8, 9, 10, 11, 12, 13, 14, 15, 16, 17, 18, 19, 20, 21, 22, 23, 24, 25, 26, 27, 28, 29]","[1.2290319204330444, 1.2658694982528687, 1.2246942520141602, 1.2191146612167358, 1.2526310682296753, 1.1830732822418213, 1.2688981294631958, 1.1652835607528687, 1.2092324495315552, 1.1985894441604614, 1.1707059144973755, 1.268323302268982, 1.2084215879440308, 1.1814098358154297, 1.2069700956344604, 1.1506013870239258, 1.180336356163025, 1.2344633340835571, 1.2088221311569214, 1.1903407573699951, 1.2684584856033325, 1.2527191638946533, 1.1786249876022339, 1.1301987171173096, 1.2132477760314941, 1.2670561075210571, 1.1951019763946533, 1.2304065227508545, 1.1527602672576904, 1.2162050008773804]",sae,Pre-64
1,beta,7,30.0,0.4564836922581216,0.4420418003909208,0.4246563531879836,0.5,0.6095136152062148,0.7000084039932237,30,"[0, 1, 2, 3, 4, 5, 6, 7, 8, 9, 10, 11, 12, 13, 14, 15, 16, 17, 18, 19, 20, 21, 22, 23, 24, 25, 26, 27, 28, 29]","[1.186367392539978, 1.203552484512329, 1.2273681163787842, 1.1744158267974854, 1.2427024841308594, 1.194297194480896, 1.1417649984359741, 1.1899380683898926, 1.274727702140808, 1.2103523015975952, 1.1130813360214233, 1.1793581247329712, 1.1271109580993652, 1.140200138092041, 1.2939406633377075, 1.2133886814117432, 1.183907389640808, 1.1221195459365845, 1.2292346954345703, 1.2417727708816528, 1.200108528137207, 1.2005424499511719, 1.201027750968933, 1.1506562232971191, 1.259361982345581, 1.2019909620285034, 1.2091292142868042, 1.0751577615737915, 1.2751001119613647, 1.1631182432174683]",sae,Pre-64
1,beta,17,5.0,0.4599327030141671,0.4513468217402507,0.4356333898997919,0.5,0.6120635717004715,0.6982794453738126,30,"[0, 1, 2, 3, 4, 5, 6, 7, 8, 9, 10, 11, 12, 13, 14, 15, 16, 17, 18, 19, 20, 21, 22, 23, 24, 25, 26, 27, 28, 29]","[1.253448724746704, 1.157033085823059, 1.1724380254745483, 1.21102774143219, 1.2398598194122314, 1.1416960954666138, 1.2152034044265747, 1.1179237365722656, 1.1752480268478394, 1.1612284183502197, 1.2127126455307007, 1.234884262084961, 1.1886143684387207, 1.2384566068649292, 1.1679030656814575, 1.1839061975479126, 1.2392202615737915, 1.1842913627624512, 1.217572808265686, 1.1993213891983032, 1.1283472776412964, 1.197530746459961, 1.0647335052490234, 1.1836165189743042, 1.1550945043563843, 1.1692523956298828, 1.1686493158340454, 1.191864013671875, 1.1417936086654663, 1.2131496667861938]",sae,Pre-64
1,beta,2,0.23,0.4419681213812466,0.4306250660512843,0.4187140548992864,0.5,0.6028191218064636,0.6885838317800342,30,"[0, 1, 2, 3, 4, 5, 6, 7, 8, 9, 10, 11, 12, 13, 14, 15, 16, 17, 18, 19, 20, 21, 22, 23, 24, 25, 26, 27, 28, 29]","[1.1775423288345337, 1.1914876699447632, 1.1719732284545898, 1.2240161895751953, 1.162027359008789, 1.2320667505264282, 1.2029626369476318, 1.1968086957931519, 1.1483550071716309, 1.155085563659668, 1.1784672737121582, 1.16243314743042, 1.1972126960754395, 1.231345534324646, 1.2209758758544922, 1.184875726699829, 1.2126270532608032, 1.2674225568771362, 1.256864309310913, 1.2425628900527954, 1.185804009437561, 1.1857033967971802, 1.2300031185150146, 1.2205129861831665, 1.1919268369674683, 1.1699734926223755, 1.2157871723175049, 1.2082509994506836, 1.0474655628204346, 1.2579944133758545]",sae,Pre-64
1,beta,2,200.0,0.4419681213812466,0.4306250660512843,0.4211426135076977,0.5,0.6028191218064636,0.6886562804284323,30,"[0, 1, 2, 3, 4, 5, 6, 7, 8, 9, 10, 11, 12, 13, 14, 15, 16, 17, 18, 19, 20, 21, 22, 23, 24, 25, 26, 27, 28, 29]","[1.1491129398345947, 1.1618432998657227, 1.1426033973693848, 1.191449761390686, 1.1310452222824097, 1.2005151510238647, 1.17189359664917, 1.1661605834960938, 1.12075674533844, 1.1253643035888672, 1.1488215923309326, 1.1343861818313599, 1.16419517993927, 1.20036780834198, 1.190604567527771, 1.1571122407913208, 1.179641604423523, 1.2343209981918335, 1.221923589706421, 1.2101647853851318, 1.1568256616592407, 1.1531498432159424, 1.1994770765304565, 1.1852316856384277, 1.1635690927505493, 1.1419733762741089, 1.1855614185333252, 1.1774711608886719, 1.0223711729049683, 1.220582127571106]",sae,Pre-64
1,beta,0,1000.0,0.4600628296558519,0.4487196928272481,0.4294260616841683,0.5,0.6146148452673732,0.7212500893551071,30,"[0, 1, 2, 3, 4, 5, 6, 7, 8, 9, 10, 11, 12, 13, 14, 15, 16, 17, 18, 19, 20, 21, 22, 23, 24, 25, 26, 27, 28, 29]","[1.1609565019607544, 1.205399990081787, 1.1734585762023926, 1.2161903381347656, 1.1425961256027222, 1.1842118501663208, 1.2070008516311646, 1.2379403114318848, 1.2223178148269653, 1.1959354877471924, 1.181226134300232, 1.1726235151290894, 1.2236276865005493, 1.2120070457458496, 1.218804955482483, 1.1687568426132202, 1.1801352500915527, 1.143155813217163, 1.0709192752838135, 1.2054029703140259, 1.1369202136993408, 1.1508759260177612, 1.2216984033584595, 1.1585367918014526, 1.1669466495513916, 1.1062743663787842, 1.2285964488983154, 1.136776089668274, 1.1998835802078247, 1.1328357458114624]",sae,Pre-64
1,beta,46,0.4,0.4545712902572906,0.4417269056853911,0.444051160835387,0.5,0.6270377926330811,0.6841223609382507,30,"[0, 1, 2, 3, 4, 5, 6, 7, 8, 9, 10, 11, 12, 13, 14, 15, 16, 17, 18, 19, 20, 21, 22, 23, 24, 25, 26, 27, 28, 29]","[1.1605839729309082, 1.2325963973999023, 1.2481722831726074, 1.249533772468567, 1.1887978315353394, 1.2818208932876587, 1.1905152797698975, 1.2588187456130981, 1.227943778038025, 1.2995549440383911, 1.0653156042099, 1.1619406938552856, 1.3013006448745728, 1.1704630851745605, 1.2270970344543457, 1.2811660766601562, 1.2396571636199951, 1.2584072351455688, 1.2591217756271362, 1.277535080909729, 1.2051252126693726, 1.2233694791793823, 1.2517229318618774, 1.2378768920898438, 1.2598581314086914, 1.2671061754226685, 1.2359105348587036, 1.2851537466049194, 1.2299818992614746, 1.2298767566680908]",sae,Pre-64
1,beta,23,0.5,0.4478205607315014,0.4344954522622479,0.4291124310373708,0.5,0.6150139710231751,0.6687422750907323,30,"[0, 1, 2, 3, 4, 5, 6, 7, 8, 9, 10, 11, 12, 13, 14, 15, 16, 17, 18, 19, 20, 21, 22, 23, 24, 25, 26, 27, 28, 29]","[1.1367353200912476, 1.1628820896148682, 1.1104114055633545, 1.2438031435012817, 1.0608277320861816, 1.1336368322372437, 1.211327075958252, 1.1689966917037964, 1.136163353919983, 1.248887538909912, 1.2434972524642944, 1.19732666015625, 1.1961266994476318, 1.0783805847167969, 1.1963282823562622, 1.2420802116394043, 0.9979529976844788, 1.167960286140442, 1.1316879987716675, 1.1474251747131348, 1.2360974550247192, 1.2508002519607544, 1.1319223642349243, 1.2472549676895142, 1.2268574237823486, 1.1909486055374146, 1.1608943939208984, 1.1226544380187988, 1.1709887981414795, 1.2530566453933716]",sae,Pre-64
1,beta,40,50.0,0.44666181227492,0.4340193094910912,0.4277079325824439,0.5,0.6093636266731638,0.6687813123391555,30,"[0, 1, 2, 3, 4, 5, 6, 7, 8, 9, 10, 11, 12, 13, 14, 15, 16, 17, 18, 19, 20, 21, 22, 23, 24, 25, 26, 27, 28, 29]","[1.2192795276641846, 1.1627495288848877, 1.1719245910644531, 1.11849045753479, 1.135270118713379, 1.1779391765594482, 1.1913443803787231, 1.1937462091445923, 1.2064859867095947, 1.201514720916748, 1.149951457977295, 1.1584373712539673, 1.2228493690490723, 1.112459421157837, 1.1239572763442993, 1.2368988990783691, 1.1208115816116333, 1.179778814315796, 1.1400268077850342, 1.1179053783416748, 1.1553407907485962, 1.1589585542678833, 1.194280743598938, 1.1646192073822021, 1.205991506576538, 1.145589828491211, 1.2156630754470825, 1.108210802078247, 1.2394895553588867, 1.1593530178070068]",sae,Pre-64
1,beta,38,100.0,0.4455661720406026,0.4298851252298221,0.430590426492465,0.5,0.6303640517897944,0.6635567402894135,30,"[0, 1, 2, 3, 4, 5, 6, 7, 8, 9, 10, 11, 12, 13, 14, 15, 16, 17, 18, 19, 20, 21, 22, 23, 24, 25, 26, 27, 28, 29]","[1.1721346378326416, 1.1665115356445312, 1.1951327323913574, 1.2084224224090576, 1.1932506561279297, 1.0943678617477417, 1.22554349899292, 1.190416932106018, 1.0534244775772095, 1.212303638458252, 1.196964144706726, 1.1929432153701782, 1.2093898057937622, 1.185971736907959, 1.2129939794540405, 1.1697133779525757, 1.1856392621994019, 1.237824559211731, 1.137427806854248, 1.2083672285079956, 1.1895427703857422, 1.2017890214920044, 1.2302438020706177, 1.1494355201721191, 1.191596269607544, 1.2291513681411743, 1.1410502195358276, 1.2461069822311401, 1.175614595413208, 1.249431848526001]",sae,Pre-64
1,beta,6,2.0,0.4540822999211705,0.4457917896713532,0.4353294342975377,0.5,0.5933447799067053,0.6652910519198336,30,"[0, 1, 2, 3, 4, 5, 6, 7, 8, 9, 10, 11, 12, 13, 14, 15, 16, 17, 18, 19, 20, 21, 22, 23, 24, 25, 26, 27, 28, 29]","[1.2093437910079956, 1.2324018478393555, 1.1689670085906982, 1.2286028861999512, 1.1660292148590088, 1.1364821195602417, 1.1552339792251587, 1.210248351097107, 1.1588280200958252, 1.2276009321212769, 1.1634801626205444, 1.1048387289047241, 1.1711478233337402, 1.1197253465652466, 1.0116533041000366, 1.2269690036773682, 1.129739761352539, 1.1970460414886475, 1.1658244132995605, 1.1922228336334229, 1.1664220094680786, 1.1494638919830322, 1.2115159034729004, 1.2004733085632324, 1.147264838218689, 1.1653865575790405, 1.1267348527908325, 1.1380363702774048, 1.188260555267334, 1.2108981609344482]",sae,Pre-64
1,beta,13,1.5,0.4619123366083722,0.4531466051409948,0.4353358523040135,0.5,0.6127276801885291,0.7084227751366117,30,"[0, 1, 2, 3, 4, 5, 6, 7, 8, 9, 10, 11, 12, 13, 14, 15, 16, 17, 18, 19, 20, 21, 22, 23, 24, 25, 26, 27, 28, 29]","[1.2620290517807007, 1.0841492414474487, 1.2518304586410522, 1.2009828090667725, 1.1773443222045898, 1.2524205446243286, 1.1896860599517822, 1.205586552619934, 1.2011864185333252, 1.204891324043274, 1.2614386081695557, 1.189528465270996, 1.1975116729736328, 1.2220771312713623, 1.2205173969268799, 1.1578680276870728, 1.1433484554290771, 1.2188818454742432, 1.1746560335159302, 1.1710954904556274, 1.1613126993179321, 1.1272764205932617, 1.1385637521743774, 1.1813597679138184, 1.1625311374664307, 1.1538347005844116, 1.1776994466781616, 1.1675361394882202, 1.191448450088501, 1.2053452730178833]",sae,Pre-64
1,beta,47,2.0,0.4460371044958436,0.4257646434940195,0.402082061847923,0.5,0.6434257056516428,0.7291872950556163,30,"[0, 1, 2, 3, 4, 5, 6, 7, 8, 9, 10, 11, 12, 13, 14, 15, 16, 17, 18, 19, 20, 21, 22, 23, 24, 25, 26, 27, 28, 29]","[1.2948559522628784, 1.148354411125183, 1.1743416786193848, 1.1649647951126099, 1.246188759803772, 1.2814688682556152, 1.2447621822357178, 1.2164852619171143, 1.2303695678710938, 1.1912521123886108, 1.1916992664337158, 1.1139793395996094, 1.1724560260772705, 1.2962146997451782, 1.1174935102462769, 1.2390276193618774, 1.1683082580566406, 1.2478612661361694, 1.090547800064087, 1.1480519771575928, 1.1796824932098389, 1.2337864637374878, 1.2272014617919922, 1.1476048231124878, 1.2347866296768188, 1.1138331890106201, 1.1005412340164185, 1.2123545408248901, 1.1655439138412476, 1.21992826461792]",sae,Pre-64
1,beta,28,20.0,0.4589844236982603,0.4495627040154577,0.4339612314283441,0.5,0.5987249917034086,0.6954499122931779,30,"[0, 1, 2, 3, 4, 5, 6, 7, 8, 9, 10, 11, 12, 13, 14, 15, 16, 17, 18, 19, 20, 21, 22, 23, 24, 25, 26, 27, 28, 29]","[1.1352343559265137, 1.0775038003921509, 1.0399432182312012, 1.2336927652359009, 1.179149866104126, 1.2072476148605347, 1.1323752403259277, 1.10542631149292, 1.2175010442733765, 1.2215855121612549, 1.176476240158081, 1.2057819366455078, 1.218854308128357, 1.2209949493408203, 1.1551659107208252, 1.1379764080047607, 1.1653257608413696, 1.2166705131530762, 1.183241605758667, 1.1995640993118286, 1.135400652885437, 1.153017282485962, 1.1304819583892822, 1.08482027053833, 1.1267801523208618, 1.205606460571289, 1.2566165924072266, 1.1601134538650513, 1.1428003311157227, 1.122060775756836]",sae,Pre-64
1,beta,41,1.5,0.4543678569363413,0.4427951465832617,0.4411023537002445,0.5,0.6190905384235713,0.6706238331294664,30,"[0, 1, 2, 3, 4, 5, 6, 7, 8, 9, 10, 11, 12, 13, 14, 15, 16, 17, 18, 19, 20, 21, 22, 23, 24, 25, 26, 27, 28, 29]","[1.1356950998306274, 1.1843740940093994, 1.0599017143249512, 1.0706007480621338, 1.0468002557754517, 1.210906744003296, 1.101571798324585, 1.1551228761672974, 1.140668272972107, 1.1793739795684814, 1.185392141342163, 1.1593207120895386, 1.1646181344985962, 1.1845898628234863, 1.201792597770691, 1.1444034576416016, 1.0762401819229126, 1.1555777788162231, 1.1304680109024048, 1.1696642637252808, 1.0725892782211304, 1.1413424015045166, 1.1628625392913818, 1.156077265739441, 1.1492286920547485, 1.137248158454895, 1.1817694902420044, 1.172348141670227, 1.1405194997787476, 1.0922468900680542]",sae,Pre-64
1,beta,2,20.0,0.4419681213812466,0.4306250660512843,0.4161743613416426,0.5,0.6028191218064636,0.6886562804284323,30,"[0, 1, 2, 3, 4, 5, 6, 7, 8, 9, 10, 11, 12, 13, 14, 15, 16, 17, 18, 19, 20, 21, 22, 23, 24, 25, 26, 27, 28, 29]","[1.1491129398345947, 1.1618432998657227, 1.1426033973693848, 1.191449761390686, 1.1310452222824097, 1.2005151510238647, 1.17189359664917, 1.1661605834960938, 1.12075674533844, 1.1253643035888672, 1.1488215923309326, 1.1343861818313599, 1.16419517993927, 1.20036780834198, 1.190604567527771, 1.1571122407913208, 1.179641604423523, 1.2343209981918335, 1.221923589706421, 1.2101647853851318, 1.1568256616592407, 1.1531498432159424, 1.1994770765304565, 1.1852316856384277, 1.1635690927505493, 1.1419733762741089, 1.1855614185333252, 1.1774711608886719, 1.0223711729049683, 1.220582127571106]",sae,Pre-64
1,beta,46,5.0,0.4545712902572906,0.4417269056853911,0.43507554762973,0.5,0.6270377926330811,0.6841009761445498,30,"[0, 1, 2, 3, 4, 5, 6, 7, 8, 9, 10, 11, 12, 13, 14, 15, 16, 17, 18, 19, 20, 21, 22, 23, 24, 25, 26, 27, 28, 29]","[1.154767394065857, 1.227081537246704, 1.2429275512695312, 1.2448883056640625, 1.1829752922058105, 1.2766703367233276, 1.184883952140808, 1.2525430917739868, 1.2228230237960815, 1.2935329675674438, 1.0590815544128418, 1.1557743549346924, 1.295918583869934, 1.1653231382369995, 1.2226365804672241, 1.2752548456192017, 1.2336431741714478, 1.2529560327529907, 1.253047227859497, 1.2707768678665161, 1.200863003730774, 1.2171014547348022, 1.2470494508743286, 1.232546091079712, 1.2547560930252075, 1.260716199874878, 1.2299758195877075, 1.279518485069275, 1.224043607711792, 1.2248477935791016]",sae,Pre-64
1,beta,19,2.0,0.4469965829377276,0.435497383761294,0.4095089300215969,0.5,0.6104665954706788,0.7106605521877061,30,"[0, 1, 2, 3, 4, 5, 6, 7, 8, 9, 10, 11, 12, 13, 14, 15, 16, 17, 18, 19, 20, 21, 22, 23, 24, 25, 26, 27, 28, 29]","[1.1908780336380005, 1.1948882341384888, 1.261419415473938, 1.2143750190734863, 1.1074068546295166, 1.138035535812378, 1.1818253993988037, 1.2405482530593872, 1.1682370901107788, 1.2502057552337646, 1.23455810546875, 1.2729377746582031, 1.1755164861679077, 1.1892448663711548, 1.0957870483398438, 1.117355465888977, 1.255409598350525, 1.2807034254074097, 1.139570951461792, 1.1753686666488647, 1.285911202430725, 1.180781364440918, 1.1631584167480469, 1.175125002861023, 1.172812819480896, 1.2548409700393677, 1.2710891962051392, 1.194553017616272, 1.1372811794281006, 1.1591088771820068]",sae,Pre-64
1,beta,3,5.0,0.4557259332451328,0.444824285747971,0.4402149632802112,0.5,0.6042731979176,0.6513497732311597,30,"[0, 1, 2, 3, 4, 5, 6, 7, 8, 9, 10, 11, 12, 13, 14, 15, 16, 17, 18, 19, 20, 21, 22, 23, 24, 25, 26, 27, 28, 29]","[1.2173471450805664, 1.2437915802001953, 1.2303599119186401, 1.1470088958740234, 1.225160837173462, 1.2187906503677368, 1.2136988639831543, 1.2373769283294678, 1.0408121347427368, 1.2769273519515991, 1.1646583080291748, 1.2723538875579834, 1.2085832357406616, 1.1533737182617188, 1.2780166864395142, 1.220745325088501, 1.2246323823928833, 1.232620120048523, 1.1631330251693726, 1.1876789331436157, 1.1246399879455566, 1.1998945474624634, 1.1904420852661133, 1.2890866994857788, 1.2598119974136353, 1.2086460590362549, 1.220794439315796, 1.200886607170105, 1.255966067314148, 1.1892025470733643]",sae,Pre-64
1,beta,43,0.23,0.4515364523902173,0.4432102910589974,0.4327899252171968,0.5,0.6060785767234989,0.6967279466271312,30,"[0, 1, 2, 3, 4, 5, 6, 7, 8, 9, 10, 11, 12, 13, 14, 15, 16, 17, 18, 19, 20, 21, 22, 23, 24, 25, 26, 27, 28, 29]","[1.2137269973754883, 1.2966495752334595, 1.2138888835906982, 1.1676738262176514, 1.2102769613265991, 1.1480684280395508, 1.1920170783996582, 1.177064299583435, 1.259727120399475, 1.1724348068237305, 1.1425949335098267, 1.2585235834121704, 1.2058279514312744, 1.1739577054977417, 1.1621994972229004, 1.0888837575912476, 1.250617504119873, 1.1916553974151611, 1.2415788173675537, 1.2100411653518677, 1.173439860343933, 1.1695396900177002, 1.238284707069397, 1.2358100414276123, 1.1332714557647705, 1.2508617639541626, 1.267849326133728, 1.178114891052246, 1.2484055757522583, 1.2684884071350098]",sae,Pre-64
1,beta,35,1.0,0.4566193215888805,0.4379483378046387,0.425702008914307,0.5,0.637290178651746,0.711674432830182,30,"[0, 1, 2, 3, 4, 5, 6, 7, 8, 9, 10, 11, 12, 13, 14, 15, 16, 17, 18, 19, 20, 21, 22, 23, 24, 25, 26, 27, 28, 29]","[1.1419644355773926, 1.1713181734085083, 1.240107536315918, 1.195743441581726, 1.1811882257461548, 1.1707707643508911, 1.1092125177383423, 1.2573636770248413, 1.2576355934143066, 1.1896233558654785, 1.2206906080245972, 1.1313600540161133, 1.1883442401885986, 1.0861045122146606, 1.169890284538269, 1.1350536346435547, 1.2416034936904907, 1.1306434869766235, 1.220120906829834, 1.109336495399475, 1.1400814056396484, 1.1308884620666504, 1.1600199937820435, 1.0872516632080078, 1.1515733003616333, 1.1778661012649536, 1.1567775011062622, 1.2329468727111816, 1.2157437801361084, 1.209161400794983]",sae,Pre-64
1,beta,22,1.0,0.4519005213187685,0.4442985770479847,0.433944714757233,0.5,0.5939599289403404,0.6815271356133603,30,"[0, 1, 2, 3, 4, 5, 6, 7, 8, 9, 10, 11, 12, 13, 14, 15, 16, 17, 18, 19, 20, 21, 22, 23, 24, 25, 26, 27, 28, 29]","[1.1179190874099731, 1.168941855430603, 1.1830703020095825, 1.1668369770050049, 1.2358616590499878, 1.1766568422317505, 1.1327937841415405, 1.165419340133667, 1.125562310218811, 1.1434152126312256, 1.1285946369171143, 1.224861741065979, 1.1848485469818115, 1.2125139236450195, 1.133904218673706, 1.1921454668045044, 1.203025460243225, 1.2069814205169678, 1.1357468366622925, 1.1382958889007568, 1.198440432548523, 1.1977695226669312, 1.207923412322998, 1.1743204593658447, 1.1639965772628784, 1.2263959646224976, 1.1249594688415527, 1.1282567977905273, 1.2587064504623413, 1.1409783363342285]",sae,Pre-64
1,beta,34,2.0,0.4568527557813058,0.4470225010708758,0.4378896238535071,0.5,0.6011606799053854,0.6760287318218534,30,"[0, 1, 2, 3, 4, 5, 6, 7, 8, 9, 10, 11, 12, 13, 14, 15, 16, 17, 18, 19, 20, 21, 22, 23, 24, 25, 26, 27, 28, 29]","[1.137890338897705, 1.2171109914779663, 1.2127997875213623, 1.1824638843536377, 1.152029275894165, 1.1444475650787354, 1.1735047101974487, 1.0769213438034058, 1.1361875534057617, 1.1606651544570923, 1.2005587816238403, 1.015907645225525, 1.1853113174438477, 1.0790728330612183, 1.1112900972366333, 1.1400375366210938, 1.2139219045639038, 1.2259365320205688, 1.1806495189666748, 1.1336230039596558, 1.175050139427185, 1.2325819730758667, 1.1709409952163696, 1.1730239391326904, 1.1460753679275513, 1.094346284866333, 1.2428449392318726, 1.229536533355713, 1.2293792963027954, 1.190686821937561]",sae,Pre-64
1,beta,40,3.0,0.44666181227492,0.4340193094910912,0.4243267483872048,0.5,0.6093636266731638,0.6687813123391555,30,"[0, 1, 2, 3, 4, 5, 6, 7, 8, 9, 10, 11, 12, 13, 14, 15, 16, 17, 18, 19, 20, 21, 22, 23, 24, 25, 26, 27, 28, 29]","[1.2192795276641846, 1.1627495288848877, 1.1719245910644531, 1.11849045753479, 1.135270118713379, 1.1779391765594482, 1.1913443803787231, 1.1937462091445923, 1.2064859867095947, 1.201514720916748, 1.149951457977295, 1.1584373712539673, 1.2228493690490723, 1.112459421157837, 1.1239572763442993, 1.2368988990783691, 1.1208115816116333, 1.179778814315796, 1.1400268077850342, 1.1179053783416748, 1.1553407907485962, 1.1589585542678833, 1.194280743598938, 1.1646192073822021, 1.205991506576538, 1.145589828491211, 1.2156630754470825, 1.108210802078247, 1.2394895553588867, 1.1593530178070068]",sae,Pre-64
1,beta,8,500.0,0.4517491928182039,0.4406431065890545,0.4326960575723772,0.5,0.6098144493254953,0.6772260068051754,30,"[0, 1, 2, 3, 4, 5, 6, 7, 8, 9, 10, 11, 12, 13, 14, 15, 16, 17, 18, 19, 20, 21, 22, 23, 24, 25, 26, 27, 28, 29]","[1.1187007427215576, 1.218583345413208, 1.1729588508605957, 1.1930103302001953, 1.2442059516906738, 1.182166576385498, 1.2270926237106323, 1.164693832397461, 1.2057322263717651, 1.212062120437622, 1.2319320440292358, 1.18947172164917, 1.188055396080017, 1.2018784284591675, 1.2228853702545166, 1.1608076095581055, 1.179728627204895, 1.1950958967208862, 1.1249150037765503, 1.1465964317321777, 1.1464855670928955, 1.1299797296524048, 1.2297531366348267, 1.1591399908065796, 1.2222727537155151, 1.227508783340454, 1.1398975849151611, 1.22318696975708, 1.2009252309799194, 1.166541337966919]",sae,Pre-64
1,beta,22,500.0,0.4519005213187685,0.4442985770479847,0.4367168433296196,0.5,0.5939599289403404,0.6815271356133603,30,"[0, 1, 2, 3, 4, 5, 6, 7, 8, 9, 10, 11, 12, 13, 14, 15, 16, 17, 18, 19, 20, 21, 22, 23, 24, 25, 26, 27, 28, 29]","[1.1179190874099731, 1.168941855430603, 1.1830703020095825, 1.1668369770050049, 1.2358616590499878, 1.1766568422317505, 1.1327937841415405, 1.165419340133667, 1.125562310218811, 1.1434152126312256, 1.1285946369171143, 1.224861741065979, 1.1848485469818115, 1.2125139236450195, 1.133904218673706, 1.1921454668045044, 1.203025460243225, 1.2069814205169678, 1.1357468366622925, 1.1382958889007568, 1.198440432548523, 1.1977695226669312, 1.207923412322998, 1.1743204593658447, 1.1639965772628784, 1.2263959646224976, 1.1249594688415527, 1.1282567977905273, 1.2587064504623413, 1.1409783363342285]",sae,Pre-64
1,beta,10,0.22,0.4493907433353129,0.4390813823454372,0.4378373003843949,0.5,0.6232207829487961,0.6759539273027378,30,"[0, 1, 2, 3, 4, 5, 6, 7, 8, 9, 10, 11, 12, 13, 14, 15, 16, 17, 18, 19, 20, 21, 22, 23, 24, 25, 26, 27, 28, 29]","[1.2089459896087646, 1.1357555389404297, 1.2757426500320435, 1.223952293395996, 1.2155101299285889, 1.2388136386871338, 1.309783935546875, 1.24134361743927, 1.122108817100525, 1.258243203163147, 1.228647232055664, 1.2435916662216187, 1.2375370264053345, 1.213839054107666, 1.3042733669281006, 1.2429250478744507, 1.2497889995574951, 1.185957670211792, 1.2102382183074951, 1.186739444732666, 1.209848165512085, 1.2176464796066284, 1.2838068008422852, 1.279460072517395, 1.1831896305084229, 1.1915634870529175, 1.2310343980789185, 1.2508567571640015, 1.222180962562561, 1.2471935749053955]",sae,Pre-64
1,beta,24,100.0,0.4501416387440968,0.4383559369047743,0.4411166262125068,0.5,0.6188330126613704,0.6395171300893744,30,"[0, 1, 2, 3, 4, 5, 6, 7, 8, 9, 10, 11, 12, 13, 14, 15, 16, 17, 18, 19, 20, 21, 22, 23, 24, 25, 26, 27, 28, 29]","[1.2124673128128052, 1.1755998134613037, 1.1868178844451904, 1.2273244857788086, 1.242689609527588, 1.1841548681259155, 1.1860560178756714, 1.1832525730133057, 1.2021790742874146, 1.0739104747772217, 1.2058616876602173, 1.1563575267791748, 1.2078834772109985, 1.2294706106185913, 1.1749554872512817, 1.1637247800827026, 1.237532138824463, 1.0551373958587646, 1.169660210609436, 1.2379261255264282, 1.2216182947158813, 1.238648533821106, 1.1921476125717163, 1.2000505924224854, 1.1518317461013794, 1.1153621673583984, 1.1851884126663208, 1.1612211465835571, 1.239385962486267, 1.1791527271270752]",sae,Pre-64
1,beta,9,10.0,0.448644851968101,0.4348910401892977,0.4304003784104903,0.5,0.6286670530281078,0.67439727615184,30,"[0, 1, 2, 3, 4, 5, 6, 7, 8, 9, 10, 11, 12, 13, 14, 15, 16, 17, 18, 19, 20, 21, 22, 23, 24, 25, 26, 27, 28, 29]","[1.2153398990631104, 1.1627874374389648, 1.2425429821014404, 1.2238517999649048, 1.1654289960861206, 1.0477313995361328, 1.2183655500411987, 1.1352207660675049, 1.2167727947235107, 1.1058458089828491, 1.2178144454956055, 1.1729799509048462, 1.177621603012085, 1.2170661687850952, 1.2525821924209595, 1.1896530389785767, 1.1452741622924805, 1.2327814102172852, 1.2428123950958252, 1.1500693559646606, 1.2273743152618408, 1.2386215925216675, 1.1544575691223145, 1.2277216911315918, 1.2480170726776123, 1.2276045083999634, 1.1016136407852173, 1.0502220392227173, 1.1683142185211182, 1.2417500019073486]",sae,Pre-64
1,beta,18,0.21,0.4575117633693479,0.4471831599677374,0.4182839141236465,0.5,0.6052065040104606,0.7279783219994782,30,"[0, 1, 2, 3, 4, 5, 6, 7, 8, 9, 10, 11, 12, 13, 14, 15, 16, 17, 18, 19, 20, 21, 22, 23, 24, 25, 26, 27, 28, 29]","[1.08156156539917, 1.1808451414108276, 1.2274887561798096, 1.1775970458984375, 1.1839946508407593, 1.1783868074417114, 1.302558422088623, 1.1474957466125488, 1.2003755569458008, 1.1137614250183105, 1.279771089553833, 1.1947054862976074, 1.217077374458313, 1.243087649345398, 1.1674503087997437, 1.1044795513153076, 1.2428091764450073, 1.1572407484054565, 1.1403177976608276, 1.0754040479660034, 1.2844663858413696, 1.1361045837402344, 1.2445805072784424, 1.2017990350723267, 1.1962649822235107, 1.1700507402420044, 1.2117968797683716, 1.2385376691818237, 1.2291908264160156, 1.181313395500183]",sae,Pre-64
1,beta,12,3.0,0.4455148672091349,0.4361346773072694,0.4023438425897288,0.5,0.5892778403611032,0.732179722690948,30,"[0, 1, 2, 3, 4, 5, 6, 7, 8, 9, 10, 11, 12, 13, 14, 15, 16, 17, 18, 19, 20, 21, 22, 23, 24, 25, 26, 27, 28, 29]","[1.1510069370269775, 1.238104224205017, 1.1669384241104126, 1.0727007389068604, 1.2094347476959229, 1.160822868347168, 1.1686755418777466, 1.231000304222107, 1.250001072883606, 1.1482594013214111, 1.1463829278945923, 1.2851383686065674, 1.1506091356277466, 1.2207391262054443, 1.1269334554672241, 1.2875975370407104, 1.111490249633789, 1.2468537092208862, 1.1965770721435547, 1.2625105381011963, 1.2613308429718018, 1.1978631019592285, 1.1764955520629883, 1.2832802534103394, 1.261273980140686, 1.1248352527618408, 1.2639222145080566, 1.2385042905807495, 1.1889654397964478, 1.2939741611480713]",sae,Pre-64
1,beta,23,0.22,0.4478205607315014,0.4344954522622479,0.4317269217414636,0.5,0.6150139710231751,0.6708345246902094,30,"[0, 1, 2, 3, 4, 5, 6, 7, 8, 9, 10, 11, 12, 13, 14, 15, 16, 17, 18, 19, 20, 21, 22, 23, 24, 25, 26, 27, 28, 29]","[1.2228834629058838, 1.252979040145874, 1.2149827480316162, 1.3408936262130737, 1.1520226001739502, 1.2235758304595947, 1.3195462226867676, 1.2627482414245605, 1.2185297012329102, 1.3438328504562378, 1.3357245922088623, 1.293777585029602, 1.283060073852539, 1.1668912172317505, 1.2808024883270264, 1.3356949090957642, 1.0676630735397339, 1.2660691738128662, 1.2133933305740356, 1.2287311553955078, 1.332159399986267, 1.3477689027786255, 1.2175085544586182, 1.3426133394241333, 1.3293381929397583, 1.2744773626327515, 1.235650897026062, 1.221969723701477, 1.257129192352295, 1.3482939004898071]",sae,Pre-64
1,beta,19,75.0,0.4469965829377276,0.435497383761294,0.4115444306539579,0.5,0.6104665954706788,0.7106605521877061,30,"[0, 1, 2, 3, 4, 5, 6, 7, 8, 9, 10, 11, 12, 13, 14, 15, 16, 17, 18, 19, 20, 21, 22, 23, 24, 25, 26, 27, 28, 29]","[1.1908780336380005, 1.1948882341384888, 1.261419415473938, 1.2143750190734863, 1.1074068546295166, 1.138035535812378, 1.1818253993988037, 1.2405482530593872, 1.1682370901107788, 1.2502057552337646, 1.23455810546875, 1.2729377746582031, 1.1755164861679077, 1.1892448663711548, 1.0957870483398438, 1.117355465888977, 1.255409598350525, 1.2807034254074097, 1.139570951461792, 1.1753686666488647, 1.285911202430725, 1.180781364440918, 1.1631584167480469, 1.175125002861023, 1.172812819480896, 1.2548409700393677, 1.2710891962051392, 1.194553017616272, 1.1372811794281006, 1.1591088771820068]",sae,Pre-64
1,beta,7,0.25,0.4564836922581216,0.4420418003909208,0.4333921427740224,0.5,0.6095136152062148,0.7003740514176946,30,"[0, 1, 2, 3, 4, 5, 6, 7, 8, 9, 10, 11, 12, 13, 14, 15, 16, 17, 18, 19, 20, 21, 22, 23, 24, 25, 26, 27, 28, 29]","[1.2060999870300293, 1.2253410816192627, 1.2445310354232788, 1.1968040466308594, 1.2633419036865234, 1.214377760887146, 1.1614537239074707, 1.212956190109253, 1.2982044219970703, 1.2304288148880005, 1.1354246139526367, 1.1973568201065063, 1.149430513381958, 1.1636441946029663, 1.317396879196167, 1.233650803565979, 1.1997264623641968, 1.1449309587478638, 1.2479844093322754, 1.2616827487945557, 1.2214738130569458, 1.2237229347229004, 1.2218767404556274, 1.1737252473831177, 1.2808432579040527, 1.2255070209503174, 1.2267301082611084, 1.095694899559021, 1.2962969541549683, 1.1817973852157593]",sae,Pre-64
1,beta,13,50.0,0.4619123366083722,0.4531466051409948,0.4353358523040135,0.5,0.6127276801885291,0.7084227751366117,30,"[0, 1, 2, 3, 4, 5, 6, 7, 8, 9, 10, 11, 12, 13, 14, 15, 16, 17, 18, 19, 20, 21, 22, 23, 24, 25, 26, 27, 28, 29]","[1.2620290517807007, 1.0841492414474487, 1.2518304586410522, 1.2009828090667725, 1.1773443222045898, 1.2524205446243286, 1.1896860599517822, 1.205586552619934, 1.2011864185333252, 1.204891324043274, 1.2614386081695557, 1.189528465270996, 1.1975116729736328, 1.2220771312713623, 1.2205173969268799, 1.1578680276870728, 1.1433484554290771, 1.2188818454742432, 1.1746560335159302, 1.1710954904556274, 1.1613126993179321, 1.1272764205932617, 1.1385637521743774, 1.1813597679138184, 1.1625311374664307, 1.1538347005844116, 1.1776994466781616, 1.1675361394882202, 1.191448450088501, 1.2053452730178833]",sae,Pre-64
1,beta,23,10.0,0.4478205607315014,0.4344954522622479,0.4243132807327889,0.5,0.6150139710231751,0.6687422750907323,30,"[0, 1, 2, 3, 4, 5, 6, 7, 8, 9, 10, 11, 12, 13, 14, 15, 16, 17, 18, 19, 20, 21, 22, 23, 24, 25, 26, 27, 28, 29]","[1.1367353200912476, 1.1628820896148682, 1.1104114055633545, 1.2438031435012817, 1.0608277320861816, 1.1336368322372437, 1.211327075958252, 1.1689966917037964, 1.136163353919983, 1.248887538909912, 1.2434972524642944, 1.19732666015625, 1.1961266994476318, 1.0783805847167969, 1.1963282823562622, 1.2420802116394043, 0.9979529976844788, 1.167960286140442, 1.1316879987716675, 1.1474251747131348, 1.2360974550247192, 1.2508002519607544, 1.1319223642349243, 1.2472549676895142, 1.2268574237823486, 1.1909486055374146, 1.1608943939208984, 1.1226544380187988, 1.1709887981414795, 1.2530566453933716]",sae,Pre-64
1,beta,27,0.2,0.4609757262074365,0.4537266978541116,0.4543084770420211,0.5,0.5914172664146189,0.6586917265726966,30,"[0, 1, 2, 3, 4, 5, 6, 7, 8, 9, 10, 11, 12, 13, 14, 15, 16, 17, 18, 19, 20, 21, 22, 23, 24, 25, 26, 27, 28, 29]","[1.304716944694519, 1.345491647720337, 1.3071315288543701, 1.2897573709487915, 1.3325999975204468, 1.2535208463668823, 1.3433985710144043, 1.227102518081665, 1.290644884109497, 1.2826095819473267, 1.2427979707717896, 1.3456153869628906, 1.2833952903747559, 1.249837040901184, 1.287782073020935, 1.214776635169983, 1.258963704109192, 1.31429922580719, 1.2789621353149414, 1.2680528163909912, 1.3482433557510376, 1.325218915939331, 1.2483192682266235, 1.2012139558792114, 1.2805646657943726, 1.3479952812194824, 1.2637217044830322, 1.3139805793762207, 1.219299077987671, 1.2920821905136108]",sae,Pre-64
1,beta,35,30.0,0.4566193215888805,0.4379483378046387,0.423261025735241,0.5,0.637290178651746,0.711674432830182,30,"[0, 1, 2, 3, 4, 5, 6, 7, 8, 9, 10, 11, 12, 13, 14, 15, 16, 17, 18, 19, 20, 21, 22, 23, 24, 25, 26, 27, 28, 29]","[1.1419644355773926, 1.1713181734085083, 1.240107536315918, 1.195743441581726, 1.1811882257461548, 1.1707707643508911, 1.1092125177383423, 1.2573636770248413, 1.2576355934143066, 1.1896233558654785, 1.2206906080245972, 1.1313600540161133, 1.1883442401885986, 1.0861045122146606, 1.169890284538269, 1.1350536346435547, 1.2416034936904907, 1.1306434869766235, 1.220120906829834, 1.109336495399475, 1.1400814056396484, 1.1308884620666504, 1.1600199937820435, 1.0872516632080078, 1.1515733003616333, 1.1778661012649536, 1.1567775011062622, 1.2329468727111816, 1.2157437801361084, 1.209161400794983]",sae,Pre-64
1,beta,48,75.0,0.4556814132376,0.4510566266980289,0.4513132938842384,0.5,0.5923878577171784,0.5876994552846448,30,"[0, 1, 2, 3, 4, 5, 6, 7, 8, 9, 10, 11, 12, 13, 14, 15, 16, 17, 18, 19, 20, 21, 22, 23, 24, 25, 26, 27, 28, 29]","[1.314848780632019, 1.2628027200698853, 1.241004228591919, 1.2374732494354248, 1.2198200225830078, 1.1986083984375, 1.2501070499420166, 1.1745821237564087, 1.2252157926559448, 1.2332372665405273, 1.2725598812103271, 1.2326319217681885, 1.2322970628738403, 1.2276474237442017, 1.1980329751968384, 1.24959397315979, 1.2403693199157715, 1.2576123476028442, 1.2807153463363647, 1.1356396675109863, 1.2306994199752808, 1.2764241695404053, 1.2865550518035889, 1.136379361152649, 1.2335848808288574, 1.253692626953125, 1.2959669828414917, 1.2499793767929077, 1.2189946174621582, 1.252404808998108]",sae,Pre-64
1,beta,31,200.0,0.4497611378811508,0.4308970333737342,0.4263365388095558,0.5,0.642735734520437,0.7068234375903335,30,"[0, 1, 2, 3, 4, 5, 6, 7, 8, 9, 10, 11, 12, 13, 14, 15, 16, 17, 18, 19, 20, 21, 22, 23, 24, 25, 26, 27, 28, 29]","[1.1868829727172852, 1.1684132814407349, 1.1411691904067993, 1.1192221641540527, 1.1979950666427612, 1.2012416124343872, 1.1268763542175293, 1.1949924230575562, 1.1851063966751099, 1.1678438186645508, 1.1846915483474731, 1.1878143548965454, 1.2181352376937866, 1.073760986328125, 1.2400416135787964, 1.1805418729782104, 1.1810487508773804, 1.162557601928711, 1.1839708089828491, 1.1404868364334106, 1.2300362586975098, 1.1923527717590332, 1.2170655727386475, 1.2127258777618408, 1.1911245584487915, 1.1909171342849731, 1.1074947118759155, 1.2370617389678955, 1.1450209617614746, 1.2102415561676025]",sae,Pre-64
1,beta,35,0.25,0.4566193215888805,0.4379483378046387,0.4283049448911984,0.5,0.637290178651746,0.7122681395390678,30,"[0, 1, 2, 3, 4, 5, 6, 7, 8, 9, 10, 11, 12, 13, 14, 15, 16, 17, 18, 19, 20, 21, 22, 23, 24, 25, 26, 27, 28, 29]","[1.2314083576202393, 1.273541808128357, 1.3433023691177368, 1.2902483940124512, 1.2757337093353271, 1.2624047994613647, 1.2029961347579956, 1.3613227605819702, 1.3642678260803223, 1.287192702293396, 1.32831871509552, 1.2194483280181885, 1.2808905839920044, 1.169700264930725, 1.2709994316101074, 1.2269693613052368, 1.3410588502883911, 1.2158175706863403, 1.3135806322097778, 1.210242509841919, 1.23028564453125, 1.2238179445266724, 1.2546935081481934, 1.1894534826278687, 1.244145393371582, 1.277813196182251, 1.2518713474273682, 1.3189102411270142, 1.3293263912200928, 1.2989691495895386]",sae,Pre-64
1,beta,40,0.3,0.44666181227492,0.4340193094910912,0.429682020672628,0.5,0.6093636266731638,0.6685924865613913,30,"[0, 1, 2, 3, 4, 5, 6, 7, 8, 9, 10, 11, 12, 13, 14, 15, 16, 17, 18, 19, 20, 21, 22, 23, 24, 25, 26, 27, 28, 29]","[1.2604886293411255, 1.2029478549957275, 1.210067629814148, 1.1508533954620361, 1.177878737449646, 1.2117291688919067, 1.223522424697876, 1.2287333011627197, 1.241877794265747, 1.241756796836853, 1.1840627193450928, 1.1961164474487305, 1.2597346305847168, 1.1487274169921875, 1.163629174232483, 1.2771941423416138, 1.1630467176437378, 1.2165412902832031, 1.1731268167495728, 1.1577973365783691, 1.1874923706054688, 1.1900863647460938, 1.2351657152175903, 1.2008336782455444, 1.2448986768722534, 1.1839591264724731, 1.2515517473220825, 1.146994948387146, 1.27842378616333, 1.1909734010696411]",sae,Pre-64
1,beta,12,0.3,0.4455148672091349,0.4361346773072694,0.4067339582087563,0.5,0.5892778403611032,0.732179722690948,30,"[0, 1, 2, 3, 4, 5, 6, 7, 8, 9, 10, 11, 12, 13, 14, 15, 16, 17, 18, 19, 20, 21, 22, 23, 24, 25, 26, 27, 28, 29]","[1.1510069370269775, 1.238104224205017, 1.1669384241104126, 1.0727007389068604, 1.2094347476959229, 1.160822868347168, 1.1686755418777466, 1.231000304222107, 1.250001072883606, 1.1482594013214111, 1.1463829278945923, 1.2851383686065674, 1.1506091356277466, 1.2207391262054443, 1.1269334554672241, 1.2875975370407104, 1.111490249633789, 1.2468537092208862, 1.1965770721435547, 1.2625105381011963, 1.2613308429718018, 1.1978631019592285, 1.1764955520629883, 1.2832802534103394, 1.261273980140686, 1.1248352527618408, 1.2639222145080566, 1.2385042905807495, 1.1889654397964478, 1.2939741611480713]",sae,Pre-64
1,beta,0,0.3,0.4600628296558519,0.4487196928272481,0.4294260616841683,0.5,0.6146148452673732,0.7212500893551071,30,"[0, 1, 2, 3, 4, 5, 6, 7, 8, 9, 10, 11, 12, 13, 14, 15, 16, 17, 18, 19, 20, 21, 22, 23, 24, 25, 26, 27, 28, 29]","[1.1609565019607544, 1.205399990081787, 1.1734585762023926, 1.2161903381347656, 1.1425961256027222, 1.1842118501663208, 1.2070008516311646, 1.2379403114318848, 1.2223178148269653, 1.1959354877471924, 1.181226134300232, 1.1726235151290894, 1.2236276865005493, 1.2120070457458496, 1.218804955482483, 1.1687568426132202, 1.1801352500915527, 1.143155813217163, 1.0709192752838135, 1.2054029703140259, 1.1369202136993408, 1.1508759260177612, 1.2216984033584595, 1.1585367918014526, 1.1669466495513916, 1.1062743663787842, 1.2285964488983154, 1.136776089668274, 1.1998835802078247, 1.1328357458114624]",sae,Pre-64
1,beta,14,1000.0,0.4467366851483266,0.4421697276018216,0.4236898416391712,0.5,0.5934222168898753,0.7004071746726857,30,"[0, 1, 2, 3, 4, 5, 6, 7, 8, 9, 10, 11, 12, 13, 14, 15, 16, 17, 18, 19, 20, 21, 22, 23, 24, 25, 26, 27, 28, 29]","[1.1700234413146973, 1.0681921243667603, 1.1210544109344482, 1.148490071296692, 1.1765847206115723, 1.143620252609253, 1.1391699314117432, 1.1990078687667847, 1.1443272829055786, 1.177550196647644, 1.0939750671386719, 1.0375179052352905, 1.0638422966003418, 1.1846389770507812, 1.1842373609542847, 1.1451287269592285, 1.202758550643921, 1.1907190084457397, 1.1267846822738647, 1.1308374404907227, 1.1608028411865234, 1.1382582187652588, 1.1897944211959839, 1.1014028787612915, 1.1924012899398804, 1.182306170463562, 1.1216769218444824, 1.1922364234924316, 1.183416485786438, 1.0683033466339111]",sae,Pre-64
1,beta,32,0.21,0.4555596844830426,0.4475674839123162,0.4653927582286377,0.5,0.5924839124839124,0.6294362934362934,30,"[0, 1, 2, 3, 4, 5, 6, 7, 8, 9, 10, 11, 12, 13, 14, 15, 16, 17, 18, 19, 20, 21, 22, 23, 24, 25, 26, 27, 28, 29]","[1.3364202976226807, 1.2420778274536133, 1.3340507745742798, 1.266827940940857, 1.2720729112625122, 1.353201150894165, 1.2802810668945312, 1.2549477815628052, 1.2555902004241943, 1.2582470178604126, 1.2543638944625854, 1.2471951246261597, 1.2786097526550293, 1.200431227684021, 1.1900720596313477, 1.2078065872192383, 1.2373435497283936, 1.276284098625183, 1.2214231491088867, 1.2596304416656494, 1.340077519416809, 1.2587958574295044, 1.2084946632385254, 1.33608078956604, 1.273397445678711, 1.210862398147583, 1.3247334957122803, 1.129747986793518, 1.343581199645996, 1.3353807926177979]",sae,Pre-64
1,beta,28,0.23,0.4589844236982603,0.4495627040154577,0.4363597930098649,0.5,0.5987249917034086,0.6954499122931779,30,"[0, 1, 2, 3, 4, 5, 6, 7, 8, 9, 10, 11, 12, 13, 14, 15, 16, 17, 18, 19, 20, 21, 22, 23, 24, 25, 26, 27, 28, 29]","[1.1352343559265137, 1.0775038003921509, 1.0399432182312012, 1.2336927652359009, 1.179149866104126, 1.2072476148605347, 1.1323752403259277, 1.10542631149292, 1.2175010442733765, 1.2215855121612549, 1.176476240158081, 1.2057819366455078, 1.218854308128357, 1.2209949493408203, 1.1551659107208252, 1.1379764080047607, 1.1653257608413696, 1.2166705131530762, 1.183241605758667, 1.1995640993118286, 1.135400652885437, 1.153017282485962, 1.1304819583892822, 1.08482027053833, 1.1267801523208618, 1.205606460571289, 1.2566165924072266, 1.1601134538650513, 1.1428003311157227, 1.122060775756836]",sae,Pre-64
1,beta,5,0.4,0.4445517550333296,0.4301735816232515,0.4245154437456085,0.5,0.6070910659257547,0.6842133226655333,30,"[0, 1, 2, 3, 4, 5, 6, 7, 8, 9, 10, 11, 12, 13, 14, 15, 16, 17, 18, 19, 20, 21, 22, 23, 24, 25, 26, 27, 28, 29]","[1.204357385635376, 1.1163825988769531, 1.1249853372573853, 1.2326985597610474, 1.2355924844741821, 1.143419623374939, 1.1704707145690918, 1.1541118621826172, 1.2013881206512451, 1.1368167400360107, 1.2147825956344604, 1.2316826581954956, 1.1647292375564575, 1.1742970943450928, 1.2483549118041992, 1.1848121881484985, 1.1945708990097046, 1.215935230255127, 1.0952128171920776, 1.1795579195022583, 1.241766095161438, 1.18599534034729, 1.2278627157211304, 1.1371809244155884, 1.1636097431182861, 1.2409509420394897, 1.11619234085083, 1.1437363624572754, 1.2238935232162476, 1.1628071069717407]",sae,Pre-64
1,beta,31,5.0,0.4497611378811508,0.4308970333737342,0.4222350350309037,0.5,0.642735734520437,0.7068234375903335,30,"[0, 1, 2, 3, 4, 5, 6, 7, 8, 9, 10, 11, 12, 13, 14, 15, 16, 17, 18, 19, 20, 21, 22, 23, 24, 25, 26, 27, 28, 29]","[1.1868829727172852, 1.1684132814407349, 1.1411691904067993, 1.1192221641540527, 1.1979950666427612, 1.2012416124343872, 1.1268763542175293, 1.1949924230575562, 1.1851063966751099, 1.1678438186645508, 1.1846915483474731, 1.1878143548965454, 1.2181352376937866, 1.073760986328125, 1.2400416135787964, 1.1805418729782104, 1.1810487508773804, 1.162557601928711, 1.1839708089828491, 1.1404868364334106, 1.2300362586975098, 1.1923527717590332, 1.2170655727386475, 1.2127258777618408, 1.1911245584487915, 1.1909171342849731, 1.1074947118759155, 1.2370617389678955, 1.1450209617614746, 1.2102415561676025]",sae,Pre-64
1,beta,46,0.21,0.4545712902572906,0.4417269056853911,0.4450798430768721,0.5,0.6270377926330811,0.6841223609382507,30,"[0, 1, 2, 3, 4, 5, 6, 7, 8, 9, 10, 11, 12, 13, 14, 15, 16, 17, 18, 19, 20, 21, 22, 23, 24, 25, 26, 27, 28, 29]","[1.1605839729309082, 1.2325963973999023, 1.2481722831726074, 1.249533772468567, 1.1887978315353394, 1.2818208932876587, 1.1905152797698975, 1.2588187456130981, 1.227943778038025, 1.2995549440383911, 1.0653156042099, 1.1619406938552856, 1.3013006448745728, 1.1704630851745605, 1.2270970344543457, 1.2811660766601562, 1.2396571636199951, 1.2584072351455688, 1.2591217756271362, 1.277535080909729, 1.2051252126693726, 1.2233694791793823, 1.2517229318618774, 1.2378768920898438, 1.2598581314086914, 1.2671061754226685, 1.2359105348587036, 1.2851537466049194, 1.2299818992614746, 1.2298767566680908]",sae,Pre-64
1,beta,28,1000.0,0.4589844236982603,0.4495627040154577,0.4363597930098649,0.5,0.5987249917034086,0.6954499122931779,30,"[0, 1, 2, 3, 4, 5, 6, 7, 8, 9, 10, 11, 12, 13, 14, 15, 16, 17, 18, 19, 20, 21, 22, 23, 24, 25, 26, 27, 28, 29]","[1.1352343559265137, 1.0775038003921509, 1.0399432182312012, 1.2336927652359009, 1.179149866104126, 1.2072476148605347, 1.1323752403259277, 1.10542631149292, 1.2175010442733765, 1.2215855121612549, 1.176476240158081, 1.2057819366455078, 1.218854308128357, 1.2209949493408203, 1.1551659107208252, 1.1379764080047607, 1.1653257608413696, 1.2166705131530762, 1.183241605758667, 1.1995640993118286, 1.135400652885437, 1.153017282485962, 1.1304819583892822, 1.08482027053833, 1.1267801523208618, 1.205606460571289, 1.2566165924072266, 1.1601134538650513, 1.1428003311157227, 1.122060775756836]",sae,Pre-64
1,beta,28,1.5,0.4589844236982603,0.4495627040154577,0.4358965748544498,0.5,0.5987249917034086,0.6954499122931779,30,"[0, 1, 2, 3, 4, 5, 6, 7, 8, 9, 10, 11, 12, 13, 14, 15, 16, 17, 18, 19, 20, 21, 22, 23, 24, 25, 26, 27, 28, 29]","[1.1352343559265137, 1.0775038003921509, 1.0399432182312012, 1.2336927652359009, 1.179149866104126, 1.2072476148605347, 1.1323752403259277, 1.10542631149292, 1.2175010442733765, 1.2215855121612549, 1.176476240158081, 1.2057819366455078, 1.218854308128357, 1.2209949493408203, 1.1551659107208252, 1.1379764080047607, 1.1653257608413696, 1.2166705131530762, 1.183241605758667, 1.1995640993118286, 1.135400652885437, 1.153017282485962, 1.1304819583892822, 1.08482027053833, 1.1267801523208618, 1.205606460571289, 1.2566165924072266, 1.1601134538650513, 1.1428003311157227, 1.122060775756836]",sae,Pre-64
1,beta,38,0.22,0.4455661720406026,0.4298851252298221,0.4346108235539569,0.5,0.6303640517897944,0.6627494287890328,30,"[0, 1, 2, 3, 4, 5, 6, 7, 8, 9, 10, 11, 12, 13, 14, 15, 16, 17, 18, 19, 20, 21, 22, 23, 24, 25, 26, 27, 28, 29]","[1.3100770711898804, 1.2897335290908813, 1.3220189809799194, 1.3522944450378418, 1.3187432289123535, 1.2080353498458862, 1.3671153783798218, 1.3245474100112915, 1.179326057434082, 1.3372803926467896, 1.3177307844161987, 1.3319854736328125, 1.3462109565734863, 1.3122209310531616, 1.3585816621780396, 1.2953985929489136, 1.3018643856048584, 1.3759723901748657, 1.265739917755127, 1.3306246995925903, 1.3092761039733887, 1.3189560174942017, 1.3687433004379272, 1.2729820013046265, 1.3130018711090088, 1.3666963577270508, 1.2644507884979248, 1.3716464042663574, 1.2977066040039062, 1.3807604312896729]",sae,Pre-64
1,beta,18,0.4,0.4575117633693479,0.4471831599677374,0.4182839141236465,0.5,0.6052065040104606,0.7279783219994782,30,"[0, 1, 2, 3, 4, 5, 6, 7, 8, 9, 10, 11, 12, 13, 14, 15, 16, 17, 18, 19, 20, 21, 22, 23, 24, 25, 26, 27, 28, 29]","[1.08156156539917, 1.1808451414108276, 1.2274887561798096, 1.1775970458984375, 1.1839946508407593, 1.1783868074417114, 1.302558422088623, 1.1474957466125488, 1.2003755569458008, 1.1137614250183105, 1.279771089553833, 1.1947054862976074, 1.217077374458313, 1.243087649345398, 1.1674503087997437, 1.1044795513153076, 1.2428091764450073, 1.1572407484054565, 1.1403177976608276, 1.0754040479660034, 1.2844663858413696, 1.1361045837402344, 1.2445805072784424, 1.2017990350723267, 1.1962649822235107, 1.1700507402420044, 1.2117968797683716, 1.2385376691818237, 1.2291908264160156, 1.181313395500183]",sae,Pre-64
1,beta,33,0.4,0.4492211383258522,0.4377959816952598,0.4223402424961981,0.5,0.6165210074526608,0.6954138560095032,30,"[0, 1, 2, 3, 4, 5, 6, 7, 8, 9, 10, 11, 12, 13, 14, 15, 16, 17, 18, 19, 20, 21, 22, 23, 24, 25, 26, 27, 28, 29]","[1.1849273443222046, 1.2562428712844849, 1.2136778831481934, 1.194433331489563, 1.149998426437378, 1.2687307596206665, 1.1574212312698364, 1.2470797300338745, 1.2527871131896973, 1.2536271810531616, 1.1950736045837402, 1.2495068311691284, 1.1756917238235474, 1.1588196754455566, 1.1325362920761108, 1.2413465976715088, 1.1629266738891602, 1.1944456100463867, 1.2464298009872437, 1.2438013553619385, 1.1899774074554443, 1.159067153930664, 1.2561681270599365, 1.2361953258514404, 1.2687146663665771, 1.1437739133834839, 1.1919195652008057, 1.171987533569336, 1.145799160003662, 1.191154956817627]",sae,Pre-64
1,beta,3,200.0,0.4557259332451328,0.444824285747971,0.4444485532136908,0.5,0.6042731979176,0.6513497732311597,30,"[0, 1, 2, 3, 4, 5, 6, 7, 8, 9, 10, 11, 12, 13, 14, 15, 16, 17, 18, 19, 20, 21, 22, 23, 24, 25, 26, 27, 28, 29]","[1.2173471450805664, 1.2437915802001953, 1.2303599119186401, 1.1470088958740234, 1.225160837173462, 1.2187906503677368, 1.2136988639831543, 1.2373769283294678, 1.0408121347427368, 1.2769273519515991, 1.1646583080291748, 1.2723538875579834, 1.2085832357406616, 1.1533737182617188, 1.2780166864395142, 1.220745325088501, 1.2246323823928833, 1.232620120048523, 1.1631330251693726, 1.1876789331436157, 1.1246399879455566, 1.1998945474624634, 1.1904420852661133, 1.2890866994857788, 1.2598119974136353, 1.2086460590362549, 1.220794439315796, 1.200886607170105, 1.255966067314148, 1.1892025470733643]",sae,Pre-64
1,beta,41,50.0,0.4543678569363413,0.4427951465832617,0.4470912810108336,0.5,0.6190905384235713,0.6706238331294664,30,"[0, 1, 2, 3, 4, 5, 6, 7, 8, 9, 10, 11, 12, 13, 14, 15, 16, 17, 18, 19, 20, 21, 22, 23, 24, 25, 26, 27, 28, 29]","[1.1356950998306274, 1.1843740940093994, 1.0599017143249512, 1.0706007480621338, 1.0468002557754517, 1.210906744003296, 1.101571798324585, 1.1551228761672974, 1.140668272972107, 1.1793739795684814, 1.185392141342163, 1.1593207120895386, 1.1646181344985962, 1.1845898628234863, 1.201792597770691, 1.1444034576416016, 1.0762401819229126, 1.1555777788162231, 1.1304680109024048, 1.1696642637252808, 1.0725892782211304, 1.1413424015045166, 1.1628625392913818, 1.156077265739441, 1.1492286920547485, 1.137248158454895, 1.1817694902420044, 1.172348141670227, 1.1405194997787476, 1.0922468900680542]",sae,Pre-64
1,beta,18,5.0,0.4575117633693479,0.4471831599677374,0.4173416353012888,0.5,0.6052065040104606,0.7279783219994782,30,"[0, 1, 2, 3, 4, 5, 6, 7, 8, 9, 10, 11, 12, 13, 14, 15, 16, 17, 18, 19, 20, 21, 22, 23, 24, 25, 26, 27, 28, 29]","[1.08156156539917, 1.1808451414108276, 1.2274887561798096, 1.1775970458984375, 1.1839946508407593, 1.1783868074417114, 1.302558422088623, 1.1474957466125488, 1.2003755569458008, 1.1137614250183105, 1.279771089553833, 1.1947054862976074, 1.217077374458313, 1.243087649345398, 1.1674503087997437, 1.1044795513153076, 1.2428091764450073, 1.1572407484054565, 1.1403177976608276, 1.0754040479660034, 1.2844663858413696, 1.1361045837402344, 1.2445805072784424, 1.2017990350723267, 1.1962649822235107, 1.1700507402420044, 1.2117968797683716, 1.2385376691818237, 1.2291908264160156, 1.181313395500183]",sae,Pre-64
1,beta,49,30.0,0.462130925118617,0.4524487678230295,0.4417515138633621,0.5,0.6141152509743157,0.6817230713245997,30,"[0, 1, 2, 3, 4, 5, 6, 7, 8, 9, 10, 11, 12, 13, 14, 15, 16, 17, 18, 19, 20, 21, 22, 23, 24, 25, 26, 27, 28, 29]","[1.1816726922988892, 1.2170988321304321, 1.2116214036941528, 1.200257420539856, 1.1416643857955933, 1.1891062259674072, 1.246652603149414, 1.1470645666122437, 1.2520469427108765, 1.2268033027648926, 1.168094277381897, 1.1698029041290283, 1.2142579555511475, 1.222419023513794, 1.2369354963302612, 1.197393536567688, 1.2860667705535889, 1.2591131925582886, 1.1340359449386597, 1.2283560037612915, 1.2687814235687256, 1.1859486103057861, 1.263270378112793, 1.2230288982391357, 1.1918312311172485, 1.2190265655517578, 1.2284297943115234, 1.191718339920044, 1.0950191020965576, 1.1822810173034668]",sae,Pre-64
1,beta,8,30.0,0.4517491928182039,0.4406431065890545,0.4271184763366932,0.5,0.6098144493254953,0.6772260068051754,30,"[0, 1, 2, 3, 4, 5, 6, 7, 8, 9, 10, 11, 12, 13, 14, 15, 16, 17, 18, 19, 20, 21, 22, 23, 24, 25, 26, 27, 28, 29]","[1.1187007427215576, 1.218583345413208, 1.1729588508605957, 1.1930103302001953, 1.2442059516906738, 1.182166576385498, 1.2270926237106323, 1.164693832397461, 1.2057322263717651, 1.212062120437622, 1.2319320440292358, 1.18947172164917, 1.188055396080017, 1.2018784284591675, 1.2228853702545166, 1.1608076095581055, 1.179728627204895, 1.1950958967208862, 1.1249150037765503, 1.1465964317321777, 1.1464855670928955, 1.1299797296524048, 1.2297531366348267, 1.1591399908065796, 1.2222727537155151, 1.227508783340454, 1.1398975849151611, 1.22318696975708, 1.2009252309799194, 1.166541337966919]",sae,Pre-64
1,beta,21,0.25,0.4504746503440228,0.4381370334360364,0.4341804384267116,0.5,0.6200058082774133,0.6869276684091498,30,"[0, 1, 2, 3, 4, 5, 6, 7, 8, 9, 10, 11, 12, 13, 14, 15, 16, 17, 18, 19, 20, 21, 22, 23, 24, 25, 26, 27, 28, 29]","[1.1804338693618774, 1.2129778861999512, 1.3117804527282715, 1.3022232055664062, 1.2421576976776123, 1.2580534219741821, 1.2121933698654175, 1.2139945030212402, 1.2774630784988403, 1.2381800413131714, 1.3011056184768677, 1.2548295259475708, 1.1991779804229736, 1.2129067182540894, 1.2156922817230225, 1.2089307308197021, 1.228488802909851, 1.2312936782836914, 1.1713840961456299, 1.3056879043579102, 1.1832549571990967, 1.3058596849441528, 1.179628849029541, 1.1756540536880493, 1.2411152124404907, 1.1754940748214722, 1.1187663078308105, 1.2165944576263428, 1.283007025718689, 1.247885823249817]",sae,Pre-64
1,beta,42,1000.0,0.4546678683050885,0.4407690563496341,0.4414323613368524,0.5,0.6336081445133979,0.6603511208928656,30,"[0, 1, 2, 3, 4, 5, 6, 7, 8, 9, 10, 11, 12, 13, 14, 15, 16, 17, 18, 19, 20, 21, 22, 23, 24, 25, 26, 27, 28, 29]","[1.2767118215560913, 1.1509020328521729, 1.2741888761520386, 1.2517021894454956, 1.16533625125885, 1.2553739547729492, 1.1647206544876099, 1.148014783859253, 1.1693377494812012, 1.2613091468811035, 1.2386943101882935, 1.2795376777648926, 1.1614588499069214, 1.0049147605895996, 1.2809103727340698, 1.1924101114273071, 1.141250491142273, 1.1302461624145508, 1.240049958229065, 1.2147595882415771, 1.1706880331039429, 1.1570767164230347, 1.171014428138733, 1.1616032123565674, 1.189007043838501, 1.1533206701278687, 1.2752232551574707, 1.16252863407135, 1.2145106792449951, 1.1530125141143799]",sae,Pre-64
1,beta,25,3.0,0.4465066892532915,0.4352791138475453,0.4297350250318006,0.5,0.6270054355300688,0.6623169470140464,30,"[0, 1, 2, 3, 4, 5, 6, 7, 8, 9, 10, 11, 12, 13, 14, 15, 16, 17, 18, 19, 20, 21, 22, 23, 24, 25, 26, 27, 28, 29]","[1.2349497079849243, 1.2300689220428467, 1.1594949960708618, 1.2379430532455444, 1.2391033172607422, 1.2348957061767578, 1.1245805025100708, 1.155241847038269, 1.2080327272415161, 1.1094435453414917, 1.245295763015747, 1.160856008529663, 1.2375980615615845, 1.172969102859497, 1.15664803981781, 1.1831228733062744, 1.0464048385620117, 1.1029119491577148, 1.1445536613464355, 1.177851676940918, 1.2662200927734375, 1.0758339166641235, 1.214041829109192, 1.1855113506317139, 1.210127353668213, 1.1676115989685059, 1.270385980606079, 1.2399115562438965, 1.2544312477111816, 1.10956871509552]",sae,Pre-64
1,beta,47,0.4,0.4460371044958436,0.4257646434940195,0.4033451395960316,0.5,0.6434257056516428,0.7291872950556163,30,"[0, 1, 2, 3, 4, 5, 6, 7, 8, 9, 10, 11, 12, 13, 14, 15, 16, 17, 18, 19, 20, 21, 22, 23, 24, 25, 26, 27, 28, 29]","[1.2948559522628784, 1.148354411125183, 1.1743416786193848, 1.1649647951126099, 1.246188759803772, 1.2814688682556152, 1.2447621822357178, 1.2164852619171143, 1.2303695678710938, 1.1912521123886108, 1.1916992664337158, 1.1139793395996094, 1.1724560260772705, 1.2962146997451782, 1.1174935102462769, 1.2390276193618774, 1.1683082580566406, 1.2478612661361694, 1.090547800064087, 1.1480519771575928, 1.1796824932098389, 1.2337864637374878, 1.2272014617919922, 1.1476048231124878, 1.2347866296768188, 1.1138331890106201, 1.1005412340164185, 1.2123545408248901, 1.1655439138412476, 1.21992826461792]",sae,Pre-64
1,beta,36,500.0,0.4642138821845151,0.4576483090311837,0.4535059149965175,0.5,0.6031055233182893,0.6753925104988936,30,"[0, 1, 2, 3, 4, 5, 6, 7, 8, 9, 10, 11, 12, 13, 14, 15, 16, 17, 18, 19, 20, 21, 22, 23, 24, 25, 26, 27, 28, 29]","[1.1789084672927856, 1.1453419923782349, 1.1322602033615112, 1.1648893356323242, 1.0651395320892334, 1.1846054792404175, 1.141721487045288, 1.157162070274353, 1.1999086141586304, 1.0772851705551147, 1.1159154176712036, 1.2064303159713745, 1.127974510192871, 1.1429641246795654, 1.1640619039535522, 1.2071683406829834, 1.1763486862182617, 1.1451680660247803, 1.1947323083877563, 1.1258301734924316, 1.1810296773910522, 1.130793571472168, 1.1566245555877686, 1.1185775995254517, 1.1979726552963257, 1.140467643737793, 1.1513619422912598, 1.1503264904022217, 1.1800856590270996, 1.1112136840820312]",sae,Pre-64
1,beta,29,20.0,0.4558655961502112,0.4409050416793991,0.4426189070494733,0.5,0.6296548282533407,0.6689000750796879,30,"[0, 1, 2, 3, 4, 5, 6, 7, 8, 9, 10, 11, 12, 13, 14, 15, 16, 17, 18, 19, 20, 21, 22, 23, 24, 25, 26, 27, 28, 29]","[1.194935917854309, 1.1385749578475952, 1.0295852422714233, 1.238612413406372, 1.1851270198822021, 1.162545919418335, 1.2411545515060425, 1.166039228439331, 1.2299060821533203, 1.2362966537475586, 1.1895782947540283, 1.2295013666152954, 1.231622576713562, 1.2365245819091797, 1.1724414825439453, 1.2314629554748535, 1.110655665397644, 1.1652898788452148, 1.1510244607925415, 1.1959142684936523, 1.249851107597351, 1.2568353414535522, 1.1828466653823853, 1.198325514793396, 1.1877683401107788, 1.1336921453475952, 1.1967061758041382, 1.2367507219314575, 1.2920050621032715, 1.1695195436477661]",sae,Pre-64
1,beta,41,0.2,0.4543678569363413,0.4427951465832617,0.4466290837668921,0.5,0.6190905384235713,0.6738685379514582,30,"[0, 1, 2, 3, 4, 5, 6, 7, 8, 9, 10, 11, 12, 13, 14, 15, 16, 17, 18, 19, 20, 21, 22, 23, 24, 25, 26, 27, 28, 29]","[1.256523847579956, 1.3102325201034546, 1.2075215578079224, 1.1979907751083374, 1.180122971534729, 1.3525445461273193, 1.234222650527954, 1.2807186841964722, 1.2592350244522095, 1.3157663345336914, 1.3170125484466553, 1.2777730226516724, 1.2852368354797363, 1.3242436647415161, 1.332324504852295, 1.2725189924240112, 1.2226054668426514, 1.2829126119613647, 1.2725492715835571, 1.2922618389129639, 1.2007158994674683, 1.2631702423095703, 1.2770111560821533, 1.2794556617736816, 1.275861382484436, 1.2610020637512207, 1.308089256286621, 1.3133206367492676, 1.2690140008926392, 1.2182502746582031]",sae,Pre-64
1,beta,27,0.3,0.4609757262074365,0.4537266978541116,0.4516783014725056,0.5,0.5914172664146189,0.6586614698443567,30,"[0, 1, 2, 3, 4, 5, 6, 7, 8, 9, 10, 11, 12, 13, 14, 15, 16, 17, 18, 19, 20, 21, 22, 23, 24, 25, 26, 27, 28, 29]","[1.2290319204330444, 1.2658694982528687, 1.2246942520141602, 1.2191146612167358, 1.2526310682296753, 1.1830732822418213, 1.2688981294631958, 1.1652835607528687, 1.2092324495315552, 1.1985894441604614, 1.1707059144973755, 1.268323302268982, 1.2084215879440308, 1.1814098358154297, 1.2069700956344604, 1.1506013870239258, 1.180336356163025, 1.2344633340835571, 1.2088221311569214, 1.1903407573699951, 1.2684584856033325, 1.2527191638946533, 1.1786249876022339, 1.1301987171173096, 1.2132477760314941, 1.2670561075210571, 1.1951019763946533, 1.2304065227508545, 1.1527602672576904, 1.2162050008773804]",sae,Pre-64
1,beta,2,0.75,0.4419681213812466,0.4306250660512843,0.4161960049568081,0.5,0.6028191218064636,0.6885867297259702,30,"[0, 1, 2, 3, 4, 5, 6, 7, 8, 9, 10, 11, 12, 13, 14, 15, 16, 17, 18, 19, 20, 21, 22, 23, 24, 25, 26, 27, 28, 29]","[1.1771537065505981, 1.1910992860794067, 1.1715853214263916, 1.223628044128418, 1.1616389751434326, 1.2316783666610718, 1.202574610710144, 1.1964203119277954, 1.1479665040969849, 1.154697060585022, 1.1780788898468018, 1.1620447635650635, 1.196824312210083, 1.230957269668579, 1.2205873727798462, 1.1844875812530518, 1.2122389078140259, 1.2670342922210693, 1.2564760446548462, 1.2421746253967285, 1.1854153871536255, 1.1853156089782715, 1.2296148538589478, 1.2201249599456787, 1.1915385723114014, 1.1695853471755981, 1.215398907661438, 1.2078626155853271, 1.0470768213272095, 1.2576062679290771]",sae,Pre-64
1,beta,15,20.0,0.4529015220185267,0.4424399871594601,0.4249020519707111,0.5,0.6161071485640408,0.710238382312352,30,"[0, 1, 2, 3, 4, 5, 6, 7, 8, 9, 10, 11, 12, 13, 14, 15, 16, 17, 18, 19, 20, 21, 22, 23, 24, 25, 26, 27, 28, 29]","[1.17221999168396, 1.125728726387024, 1.1524420976638794, 1.18513822555542, 1.1932274103164673, 1.1606303453445435, 1.152201533317566, 1.1706732511520386, 1.198472023010254, 1.2162184715270996, 1.1902236938476562, 1.1268775463104248, 1.2425992488861084, 1.2129015922546387, 1.1411244869232178, 1.1768995523452759, 1.151627540588379, 1.2215334177017212, 1.1259431838989258, 1.195621132850647, 1.2451423406600952, 1.2243961095809937, 1.1661878824234009, 1.1994489431381226, 1.127516269683838, 1.0478888750076294, 1.2014273405075073, 1.2476288080215454, 1.165405511856079, 1.1883403062820435]",sae,Pre-64
1,beta,16,0.23,0.4519396108125126,0.4401978349795346,0.4280409389306349,0.5,0.6159012314439947,0.7162377096587623,30,"[0, 1, 2, 3, 4, 5, 6, 7, 8, 9, 10, 11, 12, 13, 14, 15, 16, 17, 18, 19, 20, 21, 22, 23, 24, 25, 26, 27, 28, 29]","[1.1816209554672241, 1.1549581289291382, 1.1470751762390137, 1.2204339504241943, 1.2079501152038574, 1.1650669574737549, 1.2193406820297241, 1.202949047088623, 1.166831135749817, 1.215118646621704, 1.2106332778930664, 1.1998188495635986, 1.1620501279830933, 1.1870239973068237, 1.0926952362060547, 1.147868037223816, 1.2300060987472534, 1.06680428981781, 1.1719449758529663, 1.1980247497558594, 1.2465425729751587, 1.2221548557281494, 1.220442295074463, 1.217284917831421, 1.1057026386260986, 1.1924437284469604, 1.1101329326629639, 1.1702896356582642, 1.1249547004699707, 1.1529654264450073]",sae,Pre-64
1,beta,30,0.75,0.4638407167611665,0.4544841508273655,0.4349917136696578,0.5,0.6043368975359404,0.6920299717760999,30,"[0, 1, 2, 3, 4, 5, 6, 7, 8, 9, 10, 11, 12, 13, 14, 15, 16, 17, 18, 19, 20, 21, 22, 23, 24, 25, 26, 27, 28, 29]","[1.234999656677246, 1.1741113662719727, 1.2121046781539917, 1.183706521987915, 1.188236951828003, 1.1696803569793701, 1.186059832572937, 1.151381492614746, 1.14472234249115, 1.1600751876831055, 1.2435591220855713, 1.1388177871704102, 1.1140148639678955, 1.1526716947555542, 1.2056300640106201, 1.2250553369522095, 1.1707159280776978, 1.1746101379394531, 1.240835428237915, 1.1718575954437256, 1.142357349395752, 1.105589747428894, 1.171762228012085, 1.1619601249694824, 1.262255311012268, 1.1716129779815674, 1.202602505683899, 1.1705881357192993, 1.21686589717865, 1.1907846927642822]",sae,Pre-64
1,beta,33,75.0,0.4492211383258522,0.4377959816952598,0.4223402424961981,0.5,0.6165210074526608,0.6954138560095032,30,"[0, 1, 2, 3, 4, 5, 6, 7, 8, 9, 10, 11, 12, 13, 14, 15, 16, 17, 18, 19, 20, 21, 22, 23, 24, 25, 26, 27, 28, 29]","[1.1849273443222046, 1.2562428712844849, 1.2136778831481934, 1.194433331489563, 1.149998426437378, 1.2687307596206665, 1.1574212312698364, 1.2470797300338745, 1.2527871131896973, 1.2536271810531616, 1.1950736045837402, 1.2495068311691284, 1.1756917238235474, 1.1588196754455566, 1.1325362920761108, 1.2413465976715088, 1.1629266738891602, 1.1944456100463867, 1.2464298009872437, 1.2438013553619385, 1.1899774074554443, 1.159067153930664, 1.2561681270599365, 1.2361953258514404, 1.2687146663665771, 1.1437739133834839, 1.1919195652008057, 1.171987533569336, 1.145799160003662, 1.191154956817627]",sae,Pre-64
1,beta,11,0.5,0.4566976193509867,0.4496008864727478,0.4314025118568114,0.5,0.5995106990682213,0.709773142295266,30,"[0, 1, 2, 3, 4, 5, 6, 7, 8, 9, 10, 11, 12, 13, 14, 15, 16, 17, 18, 19, 20, 21, 22, 23, 24, 25, 26, 27, 28, 29]","[1.197404384613037, 1.0159912109375, 1.1595122814178467, 1.0947496891021729, 1.2204711437225342, 1.0870051383972168, 1.1269891262054443, 1.0375356674194336, 1.2077991962432861, 1.2207576036453247, 1.2321844100952148, 1.2301312685012817, 1.2398982048034668, 1.1524134874343872, 1.143661618232727, 1.0850900411605835, 1.17250657081604, 1.1216024160385132, 1.160549521446228, 1.1942617893218994, 1.178363561630249, 1.1898934841156006, 1.2164463996887207, 1.1637935638427734, 1.1526267528533936, 1.2090473175048828, 1.2035871744155884, 1.1137361526489258, 1.1602522134780884, 1.1377544403076172]",sae,Pre-64
1,beta,9,500.0,0.448644851968101,0.4348910401892977,0.4389724985373917,0.5,0.6286670530281078,0.67439727615184,30,"[0, 1, 2, 3, 4, 5, 6, 7, 8, 9, 10, 11, 12, 13, 14, 15, 16, 17, 18, 19, 20, 21, 22, 23, 24, 25, 26, 27, 28, 29]","[1.2153398990631104, 1.1627874374389648, 1.2425429821014404, 1.2238517999649048, 1.1654289960861206, 1.0477313995361328, 1.2183655500411987, 1.1352207660675049, 1.2167727947235107, 1.1058458089828491, 1.2178144454956055, 1.1729799509048462, 1.177621603012085, 1.2170661687850952, 1.2525821924209595, 1.1896530389785767, 1.1452741622924805, 1.2327814102172852, 1.2428123950958252, 1.1500693559646606, 1.2273743152618408, 1.2386215925216675, 1.1544575691223145, 1.2277216911315918, 1.2480170726776123, 1.2276045083999634, 1.1016136407852173, 1.0502220392227173, 1.1683142185211182, 1.2417500019073486]",sae,Pre-64
1,beta,25,100.0,0.4465066892532915,0.4352791138475453,0.4343063238453831,0.5,0.6270054355300688,0.6623169470140464,30,"[0, 1, 2, 3, 4, 5, 6, 7, 8, 9, 10, 11, 12, 13, 14, 15, 16, 17, 18, 19, 20, 21, 22, 23, 24, 25, 26, 27, 28, 29]","[1.2349497079849243, 1.2300689220428467, 1.1594949960708618, 1.2379430532455444, 1.2391033172607422, 1.2348957061767578, 1.1245805025100708, 1.155241847038269, 1.2080327272415161, 1.1094435453414917, 1.245295763015747, 1.160856008529663, 1.2375980615615845, 1.172969102859497, 1.15664803981781, 1.1831228733062744, 1.0464048385620117, 1.1029119491577148, 1.1445536613464355, 1.177851676940918, 1.2662200927734375, 1.0758339166641235, 1.214041829109192, 1.1855113506317139, 1.210127353668213, 1.1676115989685059, 1.270385980606079, 1.2399115562438965, 1.2544312477111816, 1.10956871509552]",sae,Pre-64
1,beta,13,0.2,0.4619123366083722,0.4531466051409948,0.4367075282311671,0.5,0.6127276801885291,0.7078491260660782,30,"[0, 1, 2, 3, 4, 5, 6, 7, 8, 9, 10, 11, 12, 13, 14, 15, 16, 17, 18, 19, 20, 21, 22, 23, 24, 25, 26, 27, 28, 29]","[1.3735026121139526, 1.1877881288528442, 1.3566572666168213, 1.2979987859725952, 1.2708396911621094, 1.359592080116272, 1.3000727891921997, 1.3045423030853271, 1.3227711915969849, 1.305139183998108, 1.3681654930114746, 1.2972553968429565, 1.3116117715835571, 1.3350040912628174, 1.3328087329864502, 1.2644017934799194, 1.251541256904602, 1.327895164489746, 1.2948428392410278, 1.2965433597564697, 1.2687292098999023, 1.2237048149108887, 1.2472119331359863, 1.273288607597351, 1.2891180515289307, 1.2453224658966064, 1.2882146835327148, 1.2600672245025635, 1.3029392957687378, 1.3047760725021362]",sae,Pre-64
1,beta,8,1.0,0.4517491928182039,0.4406431065890545,0.4313251153515833,0.5,0.6098144493254953,0.6772260068051754,30,"[0, 1, 2, 3, 4, 5, 6, 7, 8, 9, 10, 11, 12, 13, 14, 15, 16, 17, 18, 19, 20, 21, 22, 23, 24, 25, 26, 27, 28, 29]","[1.1187007427215576, 1.218583345413208, 1.1729588508605957, 1.1930103302001953, 1.2442059516906738, 1.182166576385498, 1.2270926237106323, 1.164693832397461, 1.2057322263717651, 1.212062120437622, 1.2319320440292358, 1.18947172164917, 1.188055396080017, 1.2018784284591675, 1.2228853702545166, 1.1608076095581055, 1.179728627204895, 1.1950958967208862, 1.1249150037765503, 1.1465964317321777, 1.1464855670928955, 1.1299797296524048, 1.2297531366348267, 1.1591399908065796, 1.2222727537155151, 1.227508783340454, 1.1398975849151611, 1.22318696975708, 1.2009252309799194, 1.166541337966919]",sae,Pre-64
1,beta,11,0.22,0.4566976193509867,0.4496008864727478,0.4314025118568114,0.5,0.5995106990682213,0.709773142295266,30,"[0, 1, 2, 3, 4, 5, 6, 7, 8, 9, 10, 11, 12, 13, 14, 15, 16, 17, 18, 19, 20, 21, 22, 23, 24, 25, 26, 27, 28, 29]","[1.197404384613037, 1.0159912109375, 1.1595122814178467, 1.0947496891021729, 1.2204711437225342, 1.0870051383972168, 1.1269891262054443, 1.0375356674194336, 1.2077991962432861, 1.2207576036453247, 1.2321844100952148, 1.2301312685012817, 1.2398982048034668, 1.1524134874343872, 1.143661618232727, 1.0850900411605835, 1.17250657081604, 1.1216024160385132, 1.160549521446228, 1.1942617893218994, 1.178363561630249, 1.1898934841156006, 1.2164463996887207, 1.1637935638427734, 1.1526267528533936, 1.2090473175048828, 1.2035871744155884, 1.1137361526489258, 1.1602522134780884, 1.1377544403076172]",sae,Pre-64
1,beta,37,10.0,0.4546908257221888,0.444978337644671,0.4248521975553931,0.5,0.6058579085235571,0.7202592918965247,30,"[0, 1, 2, 3, 4, 5, 6, 7, 8, 9, 10, 11, 12, 13, 14, 15, 16, 17, 18, 19, 20, 21, 22, 23, 24, 25, 26, 27, 28, 29]","[1.1383056640625, 1.213341236114502, 1.177707552909851, 1.16965913772583, 1.1041587591171265, 1.2045390605926514, 1.1453032493591309, 1.249243140220642, 1.2818135023117065, 1.2036993503570557, 1.1849234104156494, 1.1868669986724854, 1.214905858039856, 1.1719192266464233, 1.2408273220062256, 1.1888898611068726, 1.1841654777526855, 1.2297459840774536, 1.199540138244629, 1.1944150924682617, 1.1982941627502441, 1.2023546695709229, 1.2497965097427368, 1.2272303104400635, 1.1954416036605835, 1.2279680967330933, 1.1945136785507202, 1.198485016822815, 1.2278281450271606, 1.2478563785552979]",sae,Pre-64
1,beta,24,0.22,0.4501416387440968,0.4383559369047743,0.4439103152590113,0.5,0.6188330126613704,0.6395171300893744,30,"[0, 1, 2, 3, 4, 5, 6, 7, 8, 9, 10, 11, 12, 13, 14, 15, 16, 17, 18, 19, 20, 21, 22, 23, 24, 25, 26, 27, 28, 29]","[1.2124673128128052, 1.1755998134613037, 1.1868178844451904, 1.2273244857788086, 1.242689609527588, 1.1841548681259155, 1.1860560178756714, 1.1832525730133057, 1.2021790742874146, 1.0739104747772217, 1.2058616876602173, 1.1563575267791748, 1.2078834772109985, 1.2294706106185913, 1.1749554872512817, 1.1637247800827026, 1.237532138824463, 1.0551373958587646, 1.169660210609436, 1.2379261255264282, 1.2216182947158813, 1.238648533821106, 1.1921476125717163, 1.2000505924224854, 1.1518317461013794, 1.1153621673583984, 1.1851884126663208, 1.1612211465835571, 1.239385962486267, 1.1791527271270752]",sae,Pre-64
1,beta,14,50.0,0.4467366851483266,0.4421697276018216,0.4236898416391712,0.5,0.5934222168898753,0.7004071746726857,30,"[0, 1, 2, 3, 4, 5, 6, 7, 8, 9, 10, 11, 12, 13, 14, 15, 16, 17, 18, 19, 20, 21, 22, 23, 24, 25, 26, 27, 28, 29]","[1.1700234413146973, 1.0681921243667603, 1.1210544109344482, 1.148490071296692, 1.1765847206115723, 1.143620252609253, 1.1391699314117432, 1.1990078687667847, 1.1443272829055786, 1.177550196647644, 1.0939750671386719, 1.0375179052352905, 1.0638422966003418, 1.1846389770507812, 1.1842373609542847, 1.1451287269592285, 1.202758550643921, 1.1907190084457397, 1.1267846822738647, 1.1308374404907227, 1.1608028411865234, 1.1382582187652588, 1.1897944211959839, 1.1014028787612915, 1.1924012899398804, 1.182306170463562, 1.1216769218444824, 1.1922364234924316, 1.183416485786438, 1.0683033466339111]",sae,Pre-64
1,beta,36,30.0,0.4642138821845151,0.4576483090311837,0.4481195685191836,0.5,0.6031055233182893,0.6753925104988936,30,"[0, 1, 2, 3, 4, 5, 6, 7, 8, 9, 10, 11, 12, 13, 14, 15, 16, 17, 18, 19, 20, 21, 22, 23, 24, 25, 26, 27, 28, 29]","[1.1789084672927856, 1.1453419923782349, 1.1322602033615112, 1.1648893356323242, 1.0651395320892334, 1.1846054792404175, 1.141721487045288, 1.157162070274353, 1.1999086141586304, 1.0772851705551147, 1.1159154176712036, 1.2064303159713745, 1.127974510192871, 1.1429641246795654, 1.1640619039535522, 1.2071683406829834, 1.1763486862182617, 1.1451680660247803, 1.1947323083877563, 1.1258301734924316, 1.1810296773910522, 1.130793571472168, 1.1566245555877686, 1.1185775995254517, 1.1979726552963257, 1.140467643737793, 1.1513619422912598, 1.1503264904022217, 1.1800856590270996, 1.1112136840820312]",sae,Pre-64
1,beta,36,0.25,0.4642138821845151,0.4576483090311837,0.4548920672643469,0.5,0.6031055233182893,0.6751166059676699,30,"[0, 1, 2, 3, 4, 5, 6, 7, 8, 9, 10, 11, 12, 13, 14, 15, 16, 17, 18, 19, 20, 21, 22, 23, 24, 25, 26, 27, 28, 29]","[1.2348458766937256, 1.1980258226394653, 1.187253713607788, 1.2196226119995117, 1.1169891357421875, 1.245617389678955, 1.1951779127120972, 1.2179263830184937, 1.2561448812484741, 1.1290091276168823, 1.165134310722351, 1.2594491243362427, 1.17818021774292, 1.1944636106491089, 1.2194406986236572, 1.2659258842468262, 1.2303904294967651, 1.1980981826782227, 1.2523579597473145, 1.1749072074890137, 1.2295887470245361, 1.1840250492095947, 1.2086344957351685, 1.1807312965393066, 1.2507789134979248, 1.2001221179962158, 1.2022337913513184, 1.2018026113510132, 1.2350807189941406, 1.1583003997802734]",sae,Pre-64
1,beta,5,75.0,0.4445517550333296,0.4301735816232515,0.4245154437456085,0.5,0.6070910659257547,0.6842133226655333,30,"[0, 1, 2, 3, 4, 5, 6, 7, 8, 9, 10, 11, 12, 13, 14, 15, 16, 17, 18, 19, 20, 21, 22, 23, 24, 25, 26, 27, 28, 29]","[1.204357385635376, 1.1163825988769531, 1.1249853372573853, 1.2326985597610474, 1.2355924844741821, 1.143419623374939, 1.1704707145690918, 1.1541118621826172, 1.2013881206512451, 1.1368167400360107, 1.2147825956344604, 1.2316826581954956, 1.1647292375564575, 1.1742970943450928, 1.2483549118041992, 1.1848121881484985, 1.1945708990097046, 1.215935230255127, 1.0952128171920776, 1.1795579195022583, 1.241766095161438, 1.18599534034729, 1.2278627157211304, 1.1371809244155884, 1.1636097431182861, 1.2409509420394897, 1.11619234085083, 1.1437363624572754, 1.2238935232162476, 1.1628071069717407]",sae,Pre-64
1,beta,45,200.0,0.4515599815008028,0.4347157609968581,0.4337510175995336,0.5,0.6289673345145609,0.6747383883815667,30,"[0, 1, 2, 3, 4, 5, 6, 7, 8, 9, 10, 11, 12, 13, 14, 15, 16, 17, 18, 19, 20, 21, 22, 23, 24, 25, 26, 27, 28, 29]","[1.2118186950683594, 1.2046393156051636, 1.1175212860107422, 1.2471874952316284, 1.2435009479522705, 1.0702455043792725, 1.2621617317199707, 1.1873860359191895, 1.158481478691101, 1.0991942882537842, 1.1809848546981812, 1.2580912113189697, 1.2084110975265503, 1.1058392524719238, 1.1608388423919678, 1.1815924644470215, 1.1621969938278198, 1.0576989650726318, 1.1889337301254272, 1.2040725946426392, 1.2099356651306152, 1.1275392770767212, 1.2057688236236572, 1.0658499002456665, 1.0492150783538818, 1.2386078834533691, 1.1468443870544434, 1.167812705039978, 1.0608655214309692, 1.248781681060791]",sae,Pre-64
1,beta,24,10.0,0.4501416387440968,0.4383559369047743,0.4342845362862631,0.5,0.6188330126613704,0.6395171300893744,30,"[0, 1, 2, 3, 4, 5, 6, 7, 8, 9, 10, 11, 12, 13, 14, 15, 16, 17, 18, 19, 20, 21, 22, 23, 24, 25, 26, 27, 28, 29]","[1.2124673128128052, 1.1755998134613037, 1.1868178844451904, 1.2273244857788086, 1.242689609527588, 1.1841548681259155, 1.1860560178756714, 1.1832525730133057, 1.2021790742874146, 1.0739104747772217, 1.2058616876602173, 1.1563575267791748, 1.2078834772109985, 1.2294706106185913, 1.1749554872512817, 1.1637247800827026, 1.237532138824463, 1.0551373958587646, 1.169660210609436, 1.2379261255264282, 1.2216182947158813, 1.238648533821106, 1.1921476125717163, 1.2000505924224854, 1.1518317461013794, 1.1153621673583984, 1.1851884126663208, 1.1612211465835571, 1.239385962486267, 1.1791527271270752]",sae,Pre-64
1,beta,41,0.3,0.4543678569363413,0.4427951465832617,0.4448736605086798,0.5,0.6190905384235713,0.6706238331294664,30,"[0, 1, 2, 3, 4, 5, 6, 7, 8, 9, 10, 11, 12, 13, 14, 15, 16, 17, 18, 19, 20, 21, 22, 23, 24, 25, 26, 27, 28, 29]","[1.1356950998306274, 1.1843740940093994, 1.0599017143249512, 1.0706007480621338, 1.0468002557754517, 1.210906744003296, 1.101571798324585, 1.1551228761672974, 1.140668272972107, 1.1793739795684814, 1.185392141342163, 1.1593207120895386, 1.1646181344985962, 1.1845898628234863, 1.201792597770691, 1.1444034576416016, 1.0762401819229126, 1.1555777788162231, 1.1304680109024048, 1.1696642637252808, 1.0725892782211304, 1.1413424015045166, 1.1628625392913818, 1.156077265739441, 1.1492286920547485, 1.137248158454895, 1.1817694902420044, 1.172348141670227, 1.1405194997787476, 1.0922468900680542]",sae,Pre-64
1,beta,14,1.5,0.4467366851483266,0.4421697276018216,0.4194421201112414,0.5,0.5934222168898753,0.7004071746726857,30,"[0, 1, 2, 3, 4, 5, 6, 7, 8, 9, 10, 11, 12, 13, 14, 15, 16, 17, 18, 19, 20, 21, 22, 23, 24, 25, 26, 27, 28, 29]","[1.1700234413146973, 1.0681921243667603, 1.1210544109344482, 1.148490071296692, 1.1765847206115723, 1.143620252609253, 1.1391699314117432, 1.1990078687667847, 1.1443272829055786, 1.177550196647644, 1.0939750671386719, 1.0375179052352905, 1.0638422966003418, 1.1846389770507812, 1.1842373609542847, 1.1451287269592285, 1.202758550643921, 1.1907190084457397, 1.1267846822738647, 1.1308374404907227, 1.1608028411865234, 1.1382582187652588, 1.1897944211959839, 1.1014028787612915, 1.1924012899398804, 1.182306170463562, 1.1216769218444824, 1.1922364234924316, 1.183416485786438, 1.0683033466339111]",sae,Pre-64
1,beta,8,0.25,0.4517491928182039,0.4406431065890545,0.435087654693021,0.5,0.6098144493254953,0.6772238846091269,30,"[0, 1, 2, 3, 4, 5, 6, 7, 8, 9, 10, 11, 12, 13, 14, 15, 16, 17, 18, 19, 20, 21, 22, 23, 24, 25, 26, 27, 28, 29]","[1.1516616344451904, 1.2512608766555786, 1.2039889097213745, 1.2243646383285522, 1.2731736898422241, 1.2134910821914673, 1.25882887840271, 1.1933776140213013, 1.2346559762954712, 1.2459849119186401, 1.2667418718338013, 1.2185465097427368, 1.2180358171463013, 1.234413504600525, 1.2521560192108154, 1.192091464996338, 1.211248755455017, 1.2265242338180542, 1.1557433605194092, 1.180948257446289, 1.1779544353485107, 1.1600197553634644, 1.2591300010681152, 1.191296935081482, 1.2542582750320435, 1.258955717086792, 1.16862952709198, 1.2547630071640015, 1.2269108295440674, 1.2007771730422974]",sae,Pre-64
1,beta,20,75.0,0.4408022875601419,0.4262939306313442,0.4278583956468565,0.5,0.6176087118064704,0.6488779225692263,30,"[0, 1, 2, 3, 4, 5, 6, 7, 8, 9, 10, 11, 12, 13, 14, 15, 16, 17, 18, 19, 20, 21, 22, 23, 24, 25, 26, 27, 28, 29]","[1.1888443231582642, 1.2588075399398804, 1.2090791463851929, 1.276505947113037, 1.265021800994873, 1.2415491342544556, 1.253626823425293, 1.1762081384658813, 1.2560367584228516, 1.204184651374817, 1.1926451921463013, 1.1942633390426636, 1.285210132598877, 1.1553280353546143, 1.1849594116210938, 1.2904577255249023, 1.1613073348999023, 1.195784091949463, 1.2340788841247559, 1.2251707315444946, 1.236037015914917, 1.167548418045044, 1.2559117078781128, 1.2980648279190063, 1.249900221824646, 1.1806350946426392, 1.2032898664474487, 1.2339420318603516, 1.1950137615203857, 1.2724168300628662]",sae,Pre-64
1,beta,32,200.0,0.4555596844830426,0.4475674839123162,0.4488774703267766,0.5,0.5924839124839124,0.6273726788012502,30,"[0, 1, 2, 3, 4, 5, 6, 7, 8, 9, 10, 11, 12, 13, 14, 15, 16, 17, 18, 19, 20, 21, 22, 23, 24, 25, 26, 27, 28, 29]","[1.28597891330719, 1.1913915872573853, 1.2832305431365967, 1.218367338180542, 1.2208343744277954, 1.3007514476776123, 1.2324695587158203, 1.1970856189727783, 1.2136499881744385, 1.2141656875610352, 1.2057666778564453, 1.2006953954696655, 1.2301374673843384, 1.1585408449172974, 1.1468251943588257, 1.169873833656311, 1.1970511674880981, 1.2234464883804321, 1.1713792085647583, 1.2120120525360107, 1.2902600765228271, 1.2123761177062988, 1.170460820198059, 1.290606141090393, 1.2252774238586426, 1.167966604232788, 1.2753394842147827, 1.0860527753829956, 1.292422890663147, 1.2855812311172485]",sae,Pre-64
1,beta,39,0.5,0.4461088087810431,0.4292341094433316,0.4275987139999653,0.5,0.6205127278095635,0.6664007821373802,30,"[0, 1, 2, 3, 4, 5, 6, 7, 8, 9, 10, 11, 12, 13, 14, 15, 16, 17, 18, 19, 20, 21, 22, 23, 24, 25, 26, 27, 28, 29]","[1.2166494131088257, 1.2661011219024658, 1.2167775630950928, 1.1912212371826172, 1.165726900100708, 1.2373696565628052, 1.204679012298584, 1.2445322275161743, 1.18707275390625, 1.2307664155960083, 1.2081917524337769, 1.1261903047561646, 1.2333459854125977, 1.1611533164978027, 1.2299174070358276, 1.2843056917190552, 1.218985676765442, 1.2491041421890259, 1.1746773719787598, 1.109902024269104, 1.189931035041809, 1.2502657175064087, 1.1460530757904053, 1.1575645208358765, 1.2476232051849365, 1.2322535514831543, 1.078553318977356, 1.1810580492019653, 1.2900447845458984, 1.1892873048782349]",sae,Pre-64
1,beta,43,20.0,0.4515364523902173,0.4432102910589974,0.4271744673498296,0.5,0.6060785767234989,0.6967279466271312,30,"[0, 1, 2, 3, 4, 5, 6, 7, 8, 9, 10, 11, 12, 13, 14, 15, 16, 17, 18, 19, 20, 21, 22, 23, 24, 25, 26, 27, 28, 29]","[1.2137269973754883, 1.2966495752334595, 1.2138888835906982, 1.1676738262176514, 1.2102769613265991, 1.1480684280395508, 1.1920170783996582, 1.177064299583435, 1.259727120399475, 1.1724348068237305, 1.1425949335098267, 1.2585235834121704, 1.2058279514312744, 1.1739577054977417, 1.1621994972229004, 1.0888837575912476, 1.250617504119873, 1.1916553974151611, 1.2415788173675537, 1.2100411653518677, 1.173439860343933, 1.1695396900177002, 1.238284707069397, 1.2358100414276123, 1.1332714557647705, 1.2508617639541626, 1.267849326133728, 1.178114891052246, 1.2484055757522583, 1.2684884071350098]",sae,Pre-64
1,beta,48,2.0,0.4556814132376,0.4510566266980289,0.4596461293932593,0.5,0.5923878577171784,0.5876994552846448,30,"[0, 1, 2, 3, 4, 5, 6, 7, 8, 9, 10, 11, 12, 13, 14, 15, 16, 17, 18, 19, 20, 21, 22, 23, 24, 25, 26, 27, 28, 29]","[1.314848780632019, 1.2628027200698853, 1.241004228591919, 1.2374732494354248, 1.2198200225830078, 1.1986083984375, 1.2501070499420166, 1.1745821237564087, 1.2252157926559448, 1.2332372665405273, 1.2725598812103271, 1.2326319217681885, 1.2322970628738403, 1.2276474237442017, 1.1980329751968384, 1.24959397315979, 1.2403693199157715, 1.2576123476028442, 1.2807153463363647, 1.1356396675109863, 1.2306994199752808, 1.2764241695404053, 1.2865550518035889, 1.136379361152649, 1.2335848808288574, 1.253692626953125, 1.2959669828414917, 1.2499793767929077, 1.2189946174621582, 1.252404808998108]",sae,Pre-64
1,beta,24,0.5,0.4501416387440968,0.4383559369047743,0.4398779616932353,0.5,0.6188330126613704,0.6395171300893744,30,"[0, 1, 2, 3, 4, 5, 6, 7, 8, 9, 10, 11, 12, 13, 14, 15, 16, 17, 18, 19, 20, 21, 22, 23, 24, 25, 26, 27, 28, 29]","[1.2124673128128052, 1.1755998134613037, 1.1868178844451904, 1.2273244857788086, 1.242689609527588, 1.1841548681259155, 1.1860560178756714, 1.1832525730133057, 1.2021790742874146, 1.0739104747772217, 1.2058616876602173, 1.1563575267791748, 1.2078834772109985, 1.2294706106185913, 1.1749554872512817, 1.1637247800827026, 1.237532138824463, 1.0551373958587646, 1.169660210609436, 1.2379261255264282, 1.2216182947158813, 1.238648533821106, 1.1921476125717163, 1.2000505924224854, 1.1518317461013794, 1.1153621673583984, 1.1851884126663208, 1.1612211465835571, 1.239385962486267, 1.1791527271270752]",sae,Pre-64
1,beta,29,0.23,0.4558655961502112,0.4409050416793991,0.4501157015830821,0.5,0.6296548282533407,0.6686513080500112,30,"[0, 1, 2, 3, 4, 5, 6, 7, 8, 9, 10, 11, 12, 13, 14, 15, 16, 17, 18, 19, 20, 21, 22, 23, 24, 25, 26, 27, 28, 29]","[1.2166404724121094, 1.1617834568023682, 1.0457669496536255, 1.2598114013671875, 1.2041974067687988, 1.1851147413253784, 1.264754295349121, 1.1854718923568726, 1.2501896619796753, 1.2580816745758057, 1.2110515832901, 1.246904969215393, 1.2537517547607422, 1.2579467296600342, 1.1948243379592896, 1.250482201576233, 1.1329160928726196, 1.186251163482666, 1.1693034172058105, 1.2170265913009644, 1.2724037170410156, 1.278314471244812, 1.2036514282226562, 1.2183235883712769, 1.2085530757904053, 1.1537811756134033, 1.2184944152832031, 1.2634598016738892, 1.3129812479019165, 1.1892914772033691]",sae,Pre-64
1,beta,4,200.0,0.4589558369307028,0.4477177462853796,0.4493181864938039,0.5,0.61034827708266,0.6615802514735983,30,"[0, 1, 2, 3, 4, 5, 6, 7, 8, 9, 10, 11, 12, 13, 14, 15, 16, 17, 18, 19, 20, 21, 22, 23, 24, 25, 26, 27, 28, 29]","[1.1777721643447876, 1.1554479598999023, 1.123734712600708, 1.2367613315582275, 1.1010112762451172, 1.1309430599212646, 1.145643711090088, 1.1165508031845093, 1.1993235349655151, 1.1947863101959229, 1.1990617513656616, 1.1123532056808472, 1.2366323471069336, 1.1637712717056274, 1.1139233112335205, 1.1837881803512573, 1.1833724975585938, 1.168279767036438, 1.1406776905059814, 1.2084177732467651, 1.1869065761566162, 1.2237598896026611, 1.1760855913162231, 1.0962145328521729, 1.1903668642044067, 1.1116077899932861, 1.1601639986038208, 1.1707360744476318, 1.2161426544189453, 1.1170037984848022]",sae,Pre-64
1,beta,42,50.0,0.4546678683050885,0.4407690563496341,0.4397989734739594,0.5,0.6336081445133979,0.6603511208928656,30,"[0, 1, 2, 3, 4, 5, 6, 7, 8, 9, 10, 11, 12, 13, 14, 15, 16, 17, 18, 19, 20, 21, 22, 23, 24, 25, 26, 27, 28, 29]","[1.2767118215560913, 1.1509020328521729, 1.2741888761520386, 1.2517021894454956, 1.16533625125885, 1.2553739547729492, 1.1647206544876099, 1.148014783859253, 1.1693377494812012, 1.2613091468811035, 1.2386943101882935, 1.2795376777648926, 1.1614588499069214, 1.0049147605895996, 1.2809103727340698, 1.1924101114273071, 1.141250491142273, 1.1302461624145508, 1.240049958229065, 1.2147595882415771, 1.1706880331039429, 1.1570767164230347, 1.171014428138733, 1.1616032123565674, 1.189007043838501, 1.1533206701278687, 1.2752232551574707, 1.16252863407135, 1.2145106792449951, 1.1530125141143799]",sae,Pre-64
1,beta,42,1.5,0.4546678683050885,0.4407690563496341,0.4353298279379919,0.5,0.6336081445133979,0.6603511208928656,30,"[0, 1, 2, 3, 4, 5, 6, 7, 8, 9, 10, 11, 12, 13, 14, 15, 16, 17, 18, 19, 20, 21, 22, 23, 24, 25, 26, 27, 28, 29]","[1.2767118215560913, 1.1509020328521729, 1.2741888761520386, 1.2517021894454956, 1.16533625125885, 1.2553739547729492, 1.1647206544876099, 1.148014783859253, 1.1693377494812012, 1.2613091468811035, 1.2386943101882935, 1.2795376777648926, 1.1614588499069214, 1.0049147605895996, 1.2809103727340698, 1.1924101114273071, 1.141250491142273, 1.1302461624145508, 1.240049958229065, 1.2147595882415771, 1.1706880331039429, 1.1570767164230347, 1.171014428138733, 1.1616032123565674, 1.189007043838501, 1.1533206701278687, 1.2752232551574707, 1.16252863407135, 1.2145106792449951, 1.1530125141143799]",sae,Pre-64
1,beta,13,0.3,0.4619123366083722,0.4531466051409948,0.4353358523040135,0.5,0.6127276801885291,0.7084227751366117,30,"[0, 1, 2, 3, 4, 5, 6, 7, 8, 9, 10, 11, 12, 13, 14, 15, 16, 17, 18, 19, 20, 21, 22, 23, 24, 25, 26, 27, 28, 29]","[1.2620290517807007, 1.0841492414474487, 1.2518304586410522, 1.2009828090667725, 1.1773443222045898, 1.2524205446243286, 1.1896860599517822, 1.205586552619934, 1.2011864185333252, 1.204891324043274, 1.2614386081695557, 1.189528465270996, 1.1975116729736328, 1.2220771312713623, 1.2205173969268799, 1.1578680276870728, 1.1433484554290771, 1.2188818454742432, 1.1746560335159302, 1.1710954904556274, 1.1613126993179321, 1.1272764205932617, 1.1385637521743774, 1.1813597679138184, 1.1625311374664307, 1.1538347005844116, 1.1776994466781616, 1.1675361394882202, 1.191448450088501, 1.2053452730178833]",sae,Pre-64
1,beta,1,0.3,0.4560357198099471,0.4497423189216591,0.4425539776105798,0.5,0.5964054457666336,0.6809407021768901,30,"[0, 1, 2, 3, 4, 5, 6, 7, 8, 9, 10, 11, 12, 13, 14, 15, 16, 17, 18, 19, 20, 21, 22, 23, 24, 25, 26, 27, 28, 29]","[1.3021605014801025, 1.2232224941253662, 1.2582035064697266, 1.1664320230484009, 1.2352910041809082, 1.188175916671753, 1.175078272819519, 1.2505041360855103, 1.1779083013534546, 1.2102019786834717, 1.2097599506378174, 1.2455263137817383, 1.2997828722000122, 1.1906579732894897, 1.2935609817504883, 1.1283693313598633, 1.1522595882415771, 1.2115827798843384, 1.277040958404541, 1.309715747833252, 1.2978440523147583, 1.262802004814148, 1.2398509979248047, 1.2207014560699463, 1.181704044342041, 1.1998882293701172, 1.213887333869934, 1.225744366645813, 1.307706594467163, 1.2236531972885132]",sae,Pre-64
1,beta,21,30.0,0.4504746503440228,0.4381370334360364,0.4231785309595632,0.5,0.6200058082774133,0.686910676108207,30,"[0, 1, 2, 3, 4, 5, 6, 7, 8, 9, 10, 11, 12, 13, 14, 15, 16, 17, 18, 19, 20, 21, 22, 23, 24, 25, 26, 27, 28, 29]","[1.1140649318695068, 1.152727723121643, 1.2438535690307617, 1.230009913444519, 1.1658810377120972, 1.1943459510803223, 1.1483663320541382, 1.1402873992919922, 1.204589605331421, 1.1714168787002563, 1.23432457447052, 1.17771315574646, 1.132249355316162, 1.1423084735870361, 1.1501163244247437, 1.1399269104003906, 1.1680771112442017, 1.1623523235321045, 1.1109286546707153, 1.2336747646331787, 1.1268517971038818, 1.2345601320266724, 1.125869870185852, 1.1168842315673828, 1.180175542831421, 1.1148767471313477, 1.053167700767517, 1.1537359952926636, 1.2132099866867065, 1.1823461055755615]",sae,Pre-64
1,beta,33,0.21,0.4492211383258522,0.4377959816952598,0.4223402424961981,0.5,0.6165210074526608,0.6954138560095032,30,"[0, 1, 2, 3, 4, 5, 6, 7, 8, 9, 10, 11, 12, 13, 14, 15, 16, 17, 18, 19, 20, 21, 22, 23, 24, 25, 26, 27, 28, 29]","[1.1849273443222046, 1.2562428712844849, 1.2136778831481934, 1.194433331489563, 1.149998426437378, 1.2687307596206665, 1.1574212312698364, 1.2470797300338745, 1.2527871131896973, 1.2536271810531616, 1.1950736045837402, 1.2495068311691284, 1.1756917238235474, 1.1588196754455566, 1.1325362920761108, 1.2413465976715088, 1.1629266738891602, 1.1944456100463867, 1.2464298009872437, 1.2438013553619385, 1.1899774074554443, 1.159067153930664, 1.2561681270599365, 1.2361953258514404, 1.2687146663665771, 1.1437739133834839, 1.1919195652008057, 1.171987533569336, 1.145799160003662, 1.191154956817627]",sae,Pre-64
1,beta,48,0.4,0.4556814132376,0.4510566266980289,0.4721577435148632,0.5,0.5923878577171784,0.5876994552846448,30,"[0, 1, 2, 3, 4, 5, 6, 7, 8, 9, 10, 11, 12, 13, 14, 15, 16, 17, 18, 19, 20, 21, 22, 23, 24, 25, 26, 27, 28, 29]","[1.314848780632019, 1.2628027200698853, 1.241004228591919, 1.2374732494354248, 1.2198200225830078, 1.1986083984375, 1.2501070499420166, 1.1745821237564087, 1.2252157926559448, 1.2332372665405273, 1.2725598812103271, 1.2326319217681885, 1.2322970628738403, 1.2276474237442017, 1.1980329751968384, 1.24959397315979, 1.2403693199157715, 1.2576123476028442, 1.2807153463363647, 1.1356396675109863, 1.2306994199752808, 1.2764241695404053, 1.2865550518035889, 1.136379361152649, 1.2335848808288574, 1.253692626953125, 1.2959669828414917, 1.2499793767929077, 1.2189946174621582, 1.252404808998108]",sae,Pre-64
1,beta,30,20.0,0.4638407167611665,0.4544841508273655,0.4335420938600008,0.5,0.6043368975359404,0.6920299717760999,30,"[0, 1, 2, 3, 4, 5, 6, 7, 8, 9, 10, 11, 12, 13, 14, 15, 16, 17, 18, 19, 20, 21, 22, 23, 24, 25, 26, 27, 28, 29]","[1.234999656677246, 1.1741113662719727, 1.2121046781539917, 1.183706521987915, 1.188236951828003, 1.1696803569793701, 1.186059832572937, 1.151381492614746, 1.14472234249115, 1.1600751876831055, 1.2435591220855713, 1.1388177871704102, 1.1140148639678955, 1.1526716947555542, 1.2056300640106201, 1.2250553369522095, 1.1707159280776978, 1.1746101379394531, 1.240835428237915, 1.1718575954437256, 1.142357349395752, 1.105589747428894, 1.171762228012085, 1.1619601249694824, 1.262255311012268, 1.1716129779815674, 1.202602505683899, 1.1705881357192993, 1.21686589717865, 1.1907846927642822]",sae,Pre-64
1,beta,4,5.0,0.4589558369307028,0.4477177462853796,0.4450158251938102,0.5,0.61034827708266,0.6615802514735983,30,"[0, 1, 2, 3, 4, 5, 6, 7, 8, 9, 10, 11, 12, 13, 14, 15, 16, 17, 18, 19, 20, 21, 22, 23, 24, 25, 26, 27, 28, 29]","[1.1777721643447876, 1.1554479598999023, 1.123734712600708, 1.2367613315582275, 1.1010112762451172, 1.1309430599212646, 1.145643711090088, 1.1165508031845093, 1.1993235349655151, 1.1947863101959229, 1.1990617513656616, 1.1123532056808472, 1.2366323471069336, 1.1637712717056274, 1.1139233112335205, 1.1837881803512573, 1.1833724975585938, 1.168279767036438, 1.1406776905059814, 1.2084177732467651, 1.1869065761566162, 1.2237598896026611, 1.1760855913162231, 1.0962145328521729, 1.1903668642044067, 1.1116077899932861, 1.1601639986038208, 1.1707360744476318, 1.2161426544189453, 1.1170037984848022]",sae,Pre-64
1,beta,36,1.0,0.4642138821845151,0.4576483090311837,0.4535059149965175,0.5,0.6031055233182893,0.6753925104988936,30,"[0, 1, 2, 3, 4, 5, 6, 7, 8, 9, 10, 11, 12, 13, 14, 15, 16, 17, 18, 19, 20, 21, 22, 23, 24, 25, 26, 27, 28, 29]","[1.1789084672927856, 1.1453419923782349, 1.1322602033615112, 1.1648893356323242, 1.0651395320892334, 1.1846054792404175, 1.141721487045288, 1.157162070274353, 1.1999086141586304, 1.0772851705551147, 1.1159154176712036, 1.2064303159713745, 1.127974510192871, 1.1429641246795654, 1.1640619039535522, 1.2071683406829834, 1.1763486862182617, 1.1451680660247803, 1.1947323083877563, 1.1258301734924316, 1.1810296773910522, 1.130793571472168, 1.1566245555877686, 1.1185775995254517, 1.1979726552963257, 1.140467643737793, 1.1513619422912598, 1.1503264904022217, 1.1800856590270996, 1.1112136840820312]",sae,Pre-64
1,beta,39,0.22,0.4461088087810431,0.4292341094433316,0.4319173348816821,0.5,0.6205127278095635,0.6663970160675603,30,"[0, 1, 2, 3, 4, 5, 6, 7, 8, 9, 10, 11, 12, 13, 14, 15, 16, 17, 18, 19, 20, 21, 22, 23, 24, 25, 26, 27, 28, 29]","[1.2167541980743408, 1.266205906867981, 1.2168824672698975, 1.1913260221481323, 1.1658315658569336, 1.2374744415283203, 1.2047836780548096, 1.244637131690979, 1.1871775388717651, 1.2308712005615234, 1.208296537399292, 1.1262949705123901, 1.2334508895874023, 1.1612579822540283, 1.2300223112106323, 1.2844104766845703, 1.219090461730957, 1.2492088079452515, 1.1747820377349854, 1.1100069284439087, 1.1900358200073242, 1.2503705024719238, 1.1461578607559204, 1.157669186592102, 1.2477281093597412, 1.2323583364486694, 1.078658103942871, 1.18116295337677, 1.2901496887207031, 1.18939208984375]",sae,Pre-64
1,beta,15,1000.0,0.4529015220185267,0.4424399871594601,0.4300215896187788,0.5,0.6161071485640408,0.710238382312352,30,"[0, 1, 2, 3, 4, 5, 6, 7, 8, 9, 10, 11, 12, 13, 14, 15, 16, 17, 18, 19, 20, 21, 22, 23, 24, 25, 26, 27, 28, 29]","[1.17221999168396, 1.125728726387024, 1.1524420976638794, 1.18513822555542, 1.1932274103164673, 1.1606303453445435, 1.152201533317566, 1.1706732511520386, 1.198472023010254, 1.2162184715270996, 1.1902236938476562, 1.1268775463104248, 1.2425992488861084, 1.2129015922546387, 1.1411244869232178, 1.1768995523452759, 1.151627540588379, 1.2215334177017212, 1.1259431838989258, 1.195621132850647, 1.2451423406600952, 1.2243961095809937, 1.1661878824234009, 1.1994489431381226, 1.127516269683838, 1.0478888750076294, 1.2014273405075073, 1.2476288080215454, 1.165405511856079, 1.1883403062820435]",sae,Pre-64
1,beta,19,0.4,0.4469965829377276,0.435497383761294,0.4115444306539579,0.5,0.6104665954706788,0.7106605521877061,30,"[0, 1, 2, 3, 4, 5, 6, 7, 8, 9, 10, 11, 12, 13, 14, 15, 16, 17, 18, 19, 20, 21, 22, 23, 24, 25, 26, 27, 28, 29]","[1.1908780336380005, 1.1948882341384888, 1.261419415473938, 1.2143750190734863, 1.1074068546295166, 1.138035535812378, 1.1818253993988037, 1.2405482530593872, 1.1682370901107788, 1.2502057552337646, 1.23455810546875, 1.2729377746582031, 1.1755164861679077, 1.1892448663711548, 1.0957870483398438, 1.117355465888977, 1.255409598350525, 1.2807034254074097, 1.139570951461792, 1.1753686666488647, 1.285911202430725, 1.180781364440918, 1.1631584167480469, 1.175125002861023, 1.172812819480896, 1.2548409700393677, 1.2710891962051392, 1.194553017616272, 1.1372811794281006, 1.1591088771820068]",sae,Pre-64
1,beta,45,0.75,0.4515599815008028,0.4347157609968581,0.4282383497226778,0.5,0.6289673345145609,0.6746020928929475,30,"[0, 1, 2, 3, 4, 5, 6, 7, 8, 9, 10, 11, 12, 13, 14, 15, 16, 17, 18, 19, 20, 21, 22, 23, 24, 25, 26, 27, 28, 29]","[1.2665703296661377, 1.2541208267211914, 1.169100046157837, 1.303641438484192, 1.3013765811920166, 1.1288241147994995, 1.3206208944320679, 1.2541277408599854, 1.2084413766860962, 1.1546461582183838, 1.2342653274536133, 1.3152892589569092, 1.2627207040786743, 1.1637003421783447, 1.2102237939834595, 1.237404704093933, 1.2189457416534424, 1.1071627140045166, 1.2452830076217651, 1.2536731958389282, 1.270035743713379, 1.1854543685913086, 1.2648311853408813, 1.1173312664031982, 1.1053564548492432, 1.2948696613311768, 1.2014693021774292, 1.215879201889038, 1.1142371892929077, 1.3059735298156738]",sae,Pre-64
1,beta,44,0.23,0.4469012312759677,0.43811650775401,0.4494319907221952,0.5,0.5982762074796864,0.6191953474395008,30,"[0, 1, 2, 3, 4, 5, 6, 7, 8, 9, 10, 11, 12, 13, 14, 15, 16, 17, 18, 19, 20, 21, 22, 23, 24, 25, 26, 27, 28, 29]","[1.2328509092330933, 1.2432607412338257, 1.1659742593765259, 1.2068936824798584, 1.2343635559082031, 1.2805542945861816, 1.2432520389556885, 1.1861013174057007, 1.2501450777053833, 1.2800930738449097, 1.2281277179718018, 1.1968218088150024, 1.2346861362457275, 1.2085950374603271, 1.2957836389541626, 1.291678786277771, 1.1771454811096191, 1.0729663372039795, 1.2419908046722412, 1.2252789735794067, 1.20236337184906, 1.1831622123718262, 1.2204084396362305, 1.238063097000122, 1.2853021621704102, 1.1772851943969727, 1.2010539770126343, 1.234673261642456, 1.2158055305480957, 1.245578408241272]",sae,Pre-64
1,beta,1,1.5,0.4560357198099471,0.4497423189216591,0.4390518730207901,0.5,0.5964054457666336,0.680948080464655,30,"[0, 1, 2, 3, 4, 5, 6, 7, 8, 9, 10, 11, 12, 13, 14, 15, 16, 17, 18, 19, 20, 21, 22, 23, 24, 25, 26, 27, 28, 29]","[1.2484626770019531, 1.183357834815979, 1.2077564001083374, 1.127197027206421, 1.1837691068649292, 1.1471096277236938, 1.1291790008544922, 1.2051725387573242, 1.1376121044158936, 1.1618740558624268, 1.1627427339553833, 1.1907955408096313, 1.2489014863967896, 1.1427462100982666, 1.2440361976623535, 1.078278660774231, 1.0989395380020142, 1.1663775444030762, 1.2298505306243896, 1.2602465152740479, 1.2476614713668823, 1.2094584703445435, 1.1924338340759277, 1.1765055656433105, 1.1376926898956299, 1.1597349643707275, 1.16420316696167, 1.178998589515686, 1.2568261623382568, 1.1711331605911255]",sae,Pre-64
1,beta,26,100.0,0.4502231978181314,0.4442488029476733,0.4425810312982066,0.5,0.5832450787939482,0.6475593742568525,30,"[0, 1, 2, 3, 4, 5, 6, 7, 8, 9, 10, 11, 12, 13, 14, 15, 16, 17, 18, 19, 20, 21, 22, 23, 24, 25, 26, 27, 28, 29]","[1.1555442810058594, 1.2041875123977661, 1.299892783164978, 1.115403652191162, 1.1977704763412476, 1.2426538467407227, 1.2137271165847778, 1.1166235208511353, 1.202622890472412, 1.1893163919448853, 1.098173975944519, 1.2942622900009155, 1.250457763671875, 1.2013744115829468, 1.2439463138580322, 1.1272211074829102, 1.1953763961791992, 1.1167938709259033, 1.2241944074630737, 1.2015106678009033, 1.1450039148330688, 1.2828484773635864, 1.2133245468139648, 1.2307840585708618, 1.2933491468429565, 1.3005832433700562, 1.1806293725967407, 1.226503849029541, 1.0538688898086548, 1.1579833030700684]",sae,Pre-64
1,beta,10,500.0,0.4493907433353129,0.4390813823454372,0.4344056235297167,0.5,0.6232207829487961,0.6743909002834692,30,"[0, 1, 2, 3, 4, 5, 6, 7, 8, 9, 10, 11, 12, 13, 14, 15, 16, 17, 18, 19, 20, 21, 22, 23, 24, 25, 26, 27, 28, 29]","[1.1427899599075317, 1.068242073059082, 1.199394941329956, 1.158583641052246, 1.149035930633545, 1.1689698696136475, 1.2380726337432861, 1.1728394031524658, 1.0578781366348267, 1.1875046491622925, 1.1654369831085205, 1.1715285778045654, 1.1657956838607788, 1.1442753076553345, 1.2309560775756836, 1.1749398708343506, 1.1827489137649536, 1.12376070022583, 1.1349002122879028, 1.1247795820236206, 1.1484092473983765, 1.1541001796722412, 1.2148005962371826, 1.210876226425171, 1.1075263023376465, 1.1338322162628174, 1.1668912172317505, 1.1912418603897095, 1.1516903638839722, 1.169378399848938]",sae,Pre-64
1,beta,43,1000.0,0.4515364523902173,0.4432102910589974,0.4341806443478864,0.5,0.6060785767234989,0.6967279466271312,30,"[0, 1, 2, 3, 4, 5, 6, 7, 8, 9, 10, 11, 12, 13, 14, 15, 16, 17, 18, 19, 20, 21, 22, 23, 24, 25, 26, 27, 28, 29]","[1.2137269973754883, 1.2966495752334595, 1.2138888835906982, 1.1676738262176514, 1.2102769613265991, 1.1480684280395508, 1.1920170783996582, 1.177064299583435, 1.259727120399475, 1.1724348068237305, 1.1425949335098267, 1.2585235834121704, 1.2058279514312744, 1.1739577054977417, 1.1621994972229004, 1.0888837575912476, 1.250617504119873, 1.1916553974151611, 1.2415788173675537, 1.2100411653518677, 1.173439860343933, 1.1695396900177002, 1.238284707069397, 1.2358100414276123, 1.1332714557647705, 1.2508617639541626, 1.267849326133728, 1.178114891052246, 1.2484055757522583, 1.2684884071350098]",sae,Pre-64
1,beta,42,0.3,0.4546678683050885,0.4407690563496341,0.438119024625074,0.5,0.6336081445133979,0.6603511208928656,30,"[0, 1, 2, 3, 4, 5, 6, 7, 8, 9, 10, 11, 12, 13, 14, 15, 16, 17, 18, 19, 20, 21, 22, 23, 24, 25, 26, 27, 28, 29]","[1.2767118215560913, 1.1509020328521729, 1.2741888761520386, 1.2517021894454956, 1.16533625125885, 1.2553739547729492, 1.1647206544876099, 1.148014783859253, 1.1693377494812012, 1.2613091468811035, 1.2386943101882935, 1.2795376777648926, 1.1614588499069214, 1.0049147605895996, 1.2809103727340698, 1.1924101114273071, 1.141250491142273, 1.1302461624145508, 1.240049958229065, 1.2147595882415771, 1.1706880331039429, 1.1570767164230347, 1.171014428138733, 1.1616032123565674, 1.189007043838501, 1.1533206701278687, 1.2752232551574707, 1.16252863407135, 1.2145106792449951, 1.1530125141143799]",sae,Pre-64
1,beta,17,0.75,0.4599327030141671,0.4513468217402507,0.4356333898997919,0.5,0.6120635717004715,0.6982794453738126,30,"[0, 1, 2, 3, 4, 5, 6, 7, 8, 9, 10, 11, 12, 13, 14, 15, 16, 17, 18, 19, 20, 21, 22, 23, 24, 25, 26, 27, 28, 29]","[1.253448724746704, 1.157033085823059, 1.1724380254745483, 1.21102774143219, 1.2398598194122314, 1.1416960954666138, 1.2152034044265747, 1.1179237365722656, 1.1752480268478394, 1.1612284183502197, 1.2127126455307007, 1.234884262084961, 1.1886143684387207, 1.2384566068649292, 1.1679030656814575, 1.1839061975479126, 1.2392202615737915, 1.1842913627624512, 1.217572808265686, 1.1993213891983032, 1.1283472776412964, 1.197530746459961, 1.0647335052490234, 1.1836165189743042, 1.1550945043563843, 1.1692523956298828, 1.1686493158340454, 1.191864013671875, 1.1417936086654663, 1.2131496667861938]",sae,Pre-64
1,beta,20,2.0,0.4408022875601419,0.4262939306313442,0.4218637147029798,0.5,0.6176087118064704,0.6488779225692263,30,"[0, 1, 2, 3, 4, 5, 6, 7, 8, 9, 10, 11, 12, 13, 14, 15, 16, 17, 18, 19, 20, 21, 22, 23, 24, 25, 26, 27, 28, 29]","[1.1888443231582642, 1.2588075399398804, 1.2090791463851929, 1.276505947113037, 1.265021800994873, 1.2415491342544556, 1.253626823425293, 1.1762081384658813, 1.2560367584228516, 1.204184651374817, 1.1926451921463013, 1.1942633390426636, 1.285210132598877, 1.1553280353546143, 1.1849594116210938, 1.2904577255249023, 1.1613073348999023, 1.195784091949463, 1.2340788841247559, 1.2251707315444946, 1.236037015914917, 1.167548418045044, 1.2559117078781128, 1.2980648279190063, 1.249900221824646, 1.1806350946426392, 1.2032898664474487, 1.2339420318603516, 1.1950137615203857, 1.2724168300628662]",sae,Pre-64
1,beta,10,10.0,0.4493907433353129,0.4390813823454372,0.4308069385704751,0.5,0.6232207829487961,0.6743909002834692,30,"[0, 1, 2, 3, 4, 5, 6, 7, 8, 9, 10, 11, 12, 13, 14, 15, 16, 17, 18, 19, 20, 21, 22, 23, 24, 25, 26, 27, 28, 29]","[1.1427899599075317, 1.068242073059082, 1.199394941329956, 1.158583641052246, 1.149035930633545, 1.1689698696136475, 1.2380726337432861, 1.1728394031524658, 1.0578781366348267, 1.1875046491622925, 1.1654369831085205, 1.1715285778045654, 1.1657956838607788, 1.1442753076553345, 1.2309560775756836, 1.1749398708343506, 1.1827489137649536, 1.12376070022583, 1.1349002122879028, 1.1247795820236206, 1.1484092473983765, 1.1541001796722412, 1.2148005962371826, 1.210876226425171, 1.1075263023376465, 1.1338322162628174, 1.1668912172317505, 1.1912418603897095, 1.1516903638839722, 1.169378399848938]",sae,Pre-64
1,beta,30,0.23,0.4638407167611665,0.4544841508273655,0.4368581832465081,0.5,0.6043368975359404,0.6921780159219091,30,"[0, 1, 2, 3, 4, 5, 6, 7, 8, 9, 10, 11, 12, 13, 14, 15, 16, 17, 18, 19, 20, 21, 22, 23, 24, 25, 26, 27, 28, 29]","[1.2714629173278809, 1.216941237449646, 1.249403953552246, 1.2194628715515137, 1.2206077575683594, 1.2070852518081665, 1.2214417457580566, 1.1905086040496826, 1.1793811321258545, 1.1943403482437134, 1.2793980836868286, 1.1783415079116821, 1.1566166877746582, 1.1869984865188599, 1.2442402839660645, 1.2612272500991821, 1.2057756185531616, 1.210519790649414, 1.2780747413635254, 1.2084003686904907, 1.1810014247894287, 1.1398158073425293, 1.2164109945297241, 1.1989225149154663, 1.308112621307373, 1.205594778060913, 1.244554042816162, 1.2033895254135132, 1.2533267736434937, 1.225109577178955]",sae,Pre-64
1,beta,6,0.4,0.4540822999211705,0.4457917896713532,0.4384936900712481,0.5,0.5933447799067053,0.6652910519198336,30,"[0, 1, 2, 3, 4, 5, 6, 7, 8, 9, 10, 11, 12, 13, 14, 15, 16, 17, 18, 19, 20, 21, 22, 23, 24, 25, 26, 27, 28, 29]","[1.2093437910079956, 1.2324018478393555, 1.1689670085906982, 1.2286028861999512, 1.1660292148590088, 1.1364821195602417, 1.1552339792251587, 1.210248351097107, 1.1588280200958252, 1.2276009321212769, 1.1634801626205444, 1.1048387289047241, 1.1711478233337402, 1.1197253465652466, 1.0116533041000366, 1.2269690036773682, 1.129739761352539, 1.1970460414886475, 1.1658244132995605, 1.1922228336334229, 1.1664220094680786, 1.1494638919830322, 1.2115159034729004, 1.2004733085632324, 1.147264838218689, 1.1653865575790405, 1.1267348527908325, 1.1380363702774048, 1.188260555267334, 1.2108981609344482]",sae,Pre-64
1,beta,3,0.75,0.4557259332451328,0.444824285747971,0.4420004701870795,0.5,0.6042731979176,0.6513497732311597,30,"[0, 1, 2, 3, 4, 5, 6, 7, 8, 9, 10, 11, 12, 13, 14, 15, 16, 17, 18, 19, 20, 21, 22, 23, 24, 25, 26, 27, 28, 29]","[1.2173471450805664, 1.2437915802001953, 1.2303599119186401, 1.1470088958740234, 1.225160837173462, 1.2187906503677368, 1.2136988639831543, 1.2373769283294678, 1.0408121347427368, 1.2769273519515991, 1.1646583080291748, 1.2723538875579834, 1.2085832357406616, 1.1533737182617188, 1.2780166864395142, 1.220745325088501, 1.2246323823928833, 1.232620120048523, 1.1631330251693726, 1.1876789331436157, 1.1246399879455566, 1.1998945474624634, 1.1904420852661133, 1.2890866994857788, 1.2598119974136353, 1.2086460590362549, 1.220794439315796, 1.200886607170105, 1.255966067314148, 1.1892025470733643]",sae,Pre-64
1,beta,0,50.0,0.4600628296558519,0.4487196928272481,0.4294260616841683,0.5,0.6146148452673732,0.7212500893551071,30,"[0, 1, 2, 3, 4, 5, 6, 7, 8, 9, 10, 11, 12, 13, 14, 15, 16, 17, 18, 19, 20, 21, 22, 23, 24, 25, 26, 27, 28, 29]","[1.1609565019607544, 1.205399990081787, 1.1734585762023926, 1.2161903381347656, 1.1425961256027222, 1.1842118501663208, 1.2070008516311646, 1.2379403114318848, 1.2223178148269653, 1.1959354877471924, 1.181226134300232, 1.1726235151290894, 1.2236276865005493, 1.2120070457458496, 1.218804955482483, 1.1687568426132202, 1.1801352500915527, 1.143155813217163, 1.0709192752838135, 1.2054029703140259, 1.1369202136993408, 1.1508759260177612, 1.2216984033584595, 1.1585367918014526, 1.1669466495513916, 1.1062743663787842, 1.2285964488983154, 1.136776089668274, 1.1998835802078247, 1.1328357458114624]",sae,Pre-64
1,beta,37,500.0,0.4546908257221888,0.444978337644671,0.4248521975553931,0.5,0.6058579085235571,0.7202592918965247,30,"[0, 1, 2, 3, 4, 5, 6, 7, 8, 9, 10, 11, 12, 13, 14, 15, 16, 17, 18, 19, 20, 21, 22, 23, 24, 25, 26, 27, 28, 29]","[1.1383056640625, 1.213341236114502, 1.177707552909851, 1.16965913772583, 1.1041587591171265, 1.2045390605926514, 1.1453032493591309, 1.249243140220642, 1.2818135023117065, 1.2036993503570557, 1.1849234104156494, 1.1868669986724854, 1.214905858039856, 1.1719192266464233, 1.2408273220062256, 1.1888898611068726, 1.1841654777526855, 1.2297459840774536, 1.199540138244629, 1.1944150924682617, 1.1982941627502441, 1.2023546695709229, 1.2497965097427368, 1.2272303104400635, 1.1954416036605835, 1.2279680967330933, 1.1945136785507202, 1.198485016822815, 1.2278281450271606, 1.2478563785552979]",sae,Pre-64
1,beta,14,0.3,0.4467366851483266,0.4421697276018216,0.4252766935648359,0.5,0.5934222168898753,0.7002984447877143,30,"[0, 1, 2, 3, 4, 5, 6, 7, 8, 9, 10, 11, 12, 13, 14, 15, 16, 17, 18, 19, 20, 21, 22, 23, 24, 25, 26, 27, 28, 29]","[1.2319774627685547, 1.1254947185516357, 1.180652141571045, 1.2095531225204468, 1.2407035827636719, 1.2049381732940674, 1.1939254999160767, 1.2625792026519775, 1.2074793577194214, 1.2448663711547852, 1.156242847442627, 1.09896719455719, 1.125591516494751, 1.249427318572998, 1.2511919736862183, 1.2083667516708374, 1.2675617933273315, 1.2592158317565918, 1.187086582183838, 1.1954535245895386, 1.224406361579895, 1.203590989112854, 1.2569607496261597, 1.1601707935333252, 1.2608274221420288, 1.2516772747039795, 1.187154769897461, 1.2597626447677612, 1.2472258806228638, 1.130468726158142]",sae,Pre-64
1,beta,17,0.23,0.4599327030141671,0.4513468217402507,0.439526174619726,0.5,0.6120635717004715,0.7004933997033476,30,"[0, 1, 2, 3, 4, 5, 6, 7, 8, 9, 10, 11, 12, 13, 14, 15, 16, 17, 18, 19, 20, 21, 22, 23, 24, 25, 26, 27, 28, 29]","[1.303862452507019, 1.202773928642273, 1.220985770225525, 1.261796236038208, 1.2988624572753906, 1.1945202350616455, 1.2674837112426758, 1.157683253288269, 1.225510835647583, 1.2167410850524902, 1.272473692893982, 1.2879642248153687, 1.238616943359375, 1.2937194108963013, 1.2266391515731812, 1.2364741563796997, 1.2982006072998047, 1.2355014085769653, 1.272157907485962, 1.2476214170455933, 1.175798773765564, 1.2499938011169434, 1.11487877368927, 1.231815218925476, 1.2091784477233887, 1.2186474800109863, 1.2134430408477783, 1.238944172859192, 1.1950982809066772, 1.2781153917312622]",sae,Pre-64
1,beta,3,0.23,0.4557259332451328,0.444824285747971,0.4491420846286,0.5,0.6042731979176,0.6517472329576497,30,"[0, 1, 2, 3, 4, 5, 6, 7, 8, 9, 10, 11, 12, 13, 14, 15, 16, 17, 18, 19, 20, 21, 22, 23, 24, 25, 26, 27, 28, 29]","[1.2530301809310913, 1.2808738946914673, 1.266353726387024, 1.1885746717453003, 1.2604156732559204, 1.2612903118133545, 1.2488610744476318, 1.279489278793335, 1.0720407962799072, 1.3166701793670654, 1.2017492055892944, 1.30901038646698, 1.2489413022994995, 1.193983793258667, 1.3207612037658691, 1.258803129196167, 1.261841893196106, 1.270561933517456, 1.2034422159194946, 1.2215808629989624, 1.164648175239563, 1.2385963201522827, 1.225141167640686, 1.3296196460723877, 1.2970281839370728, 1.2447139024734497, 1.2556164264678955, 1.2390379905700684, 1.2975361347198486, 1.2356675863265991]",sae,Pre-64
1,beta,32,5.0,0.4555596844830426,0.4475674839123162,0.4481688794795108,0.5,0.5924839124839124,0.6273726788012502,30,"[0, 1, 2, 3, 4, 5, 6, 7, 8, 9, 10, 11, 12, 13, 14, 15, 16, 17, 18, 19, 20, 21, 22, 23, 24, 25, 26, 27, 28, 29]","[1.28597891330719, 1.1913915872573853, 1.2832305431365967, 1.218367338180542, 1.2208343744277954, 1.3007514476776123, 1.2324695587158203, 1.1970856189727783, 1.2136499881744385, 1.2141656875610352, 1.2057666778564453, 1.2006953954696655, 1.2301374673843384, 1.1585408449172974, 1.1468251943588257, 1.169873833656311, 1.1970511674880981, 1.2234464883804321, 1.1713792085647583, 1.2120120525360107, 1.2902600765228271, 1.2123761177062988, 1.170460820198059, 1.290606141090393, 1.2252774238586426, 1.167966604232788, 1.2753394842147827, 1.0860527753829956, 1.292422890663147, 1.2855812311172485]",sae,Pre-64
1,beta,22,0.25,0.4519005213187685,0.4442985770479847,0.4398732190737021,0.5,0.5939599289403404,0.6813425746185249,30,"[0, 1, 2, 3, 4, 5, 6, 7, 8, 9, 10, 11, 12, 13, 14, 15, 16, 17, 18, 19, 20, 21, 22, 23, 24, 25, 26, 27, 28, 29]","[1.1823886632919312, 1.2428430318832397, 1.2515047788619995, 1.238369107246399, 1.304651141166687, 1.235814094543457, 1.20487642288208, 1.221534252166748, 1.1878141164779663, 1.2131160497665405, 1.189430594444275, 1.2949787378311157, 1.2506366968154907, 1.2787054777145386, 1.1883481740951538, 1.258556842803955, 1.2715239524841309, 1.2630436420440674, 1.1893423795700073, 1.1995724439620972, 1.2616267204284668, 1.261397361755371, 1.2714669704437256, 1.2309421300888062, 1.2339179515838623, 1.2915526628494263, 1.1906019449234009, 1.1918914318084717, 1.324565052986145, 1.194543480873108]",sae,Pre-64
1,beta,9,1.0,0.448644851968101,0.4348910401892977,0.4349664147335771,0.5,0.6286670530281078,0.67439727615184,30,"[0, 1, 2, 3, 4, 5, 6, 7, 8, 9, 10, 11, 12, 13, 14, 15, 16, 17, 18, 19, 20, 21, 22, 23, 24, 25, 26, 27, 28, 29]","[1.2153398990631104, 1.1627874374389648, 1.2425429821014404, 1.2238517999649048, 1.1654289960861206, 1.0477313995361328, 1.2183655500411987, 1.1352207660675049, 1.2167727947235107, 1.1058458089828491, 1.2178144454956055, 1.1729799509048462, 1.177621603012085, 1.2170661687850952, 1.2525821924209595, 1.1896530389785767, 1.1452741622924805, 1.2327814102172852, 1.2428123950958252, 1.1500693559646606, 1.2273743152618408, 1.2386215925216675, 1.1544575691223145, 1.2277216911315918, 1.2480170726776123, 1.2276045083999634, 1.1016136407852173, 1.0502220392227173, 1.1683142185211182, 1.2417500019073486]",sae,Pre-64
1,beta,31,0.75,0.4497611378811508,0.4308970333737342,0.4230827598110808,0.5,0.642735734520437,0.7068234375903335,30,"[0, 1, 2, 3, 4, 5, 6, 7, 8, 9, 10, 11, 12, 13, 14, 15, 16, 17, 18, 19, 20, 21, 22, 23, 24, 25, 26, 27, 28, 29]","[1.1868829727172852, 1.1684132814407349, 1.1411691904067993, 1.1192221641540527, 1.1979950666427612, 1.2012416124343872, 1.1268763542175293, 1.1949924230575562, 1.1851063966751099, 1.1678438186645508, 1.1846915483474731, 1.1878143548965454, 1.2181352376937866, 1.073760986328125, 1.2400416135787964, 1.1805418729782104, 1.1810487508773804, 1.162557601928711, 1.1839708089828491, 1.1404868364334106, 1.2300362586975098, 1.1923527717590332, 1.2170655727386475, 1.2127258777618408, 1.1911245584487915, 1.1909171342849731, 1.1074947118759155, 1.2370617389678955, 1.1450209617614746, 1.2102415561676025]",sae,Pre-64
1,beta,16,1000.0,0.4519396108125126,0.4401978349795346,0.4265240655428548,0.5,0.6159012314439947,0.7157482046462309,30,"[0, 1, 2, 3, 4, 5, 6, 7, 8, 9, 10, 11, 12, 13, 14, 15, 16, 17, 18, 19, 20, 21, 22, 23, 24, 25, 26, 27, 28, 29]","[1.155144453048706, 1.1337980031967163, 1.1233099699020386, 1.1950212717056274, 1.1797491312026978, 1.1431095600128174, 1.194365382194519, 1.1770823001861572, 1.1407045125961304, 1.1889445781707764, 1.1803953647613525, 1.1736708879470825, 1.1382813453674316, 1.1618629693984985, 1.068888545036316, 1.121972918510437, 1.2042245864868164, 1.0445743799209595, 1.1478757858276367, 1.1736332178115845, 1.2176194190979004, 1.1968461275100708, 1.194488763809204, 1.1921454668045044, 1.079857349395752, 1.1655960083007812, 1.083346962928772, 1.1446884870529175, 1.1000053882598877, 1.1300923824310303]",sae,Pre-64
1,beta,11,100.0,0.4566976193509867,0.4496008864727478,0.4314025118568114,0.5,0.5995106990682213,0.709773142295266,30,"[0, 1, 2, 3, 4, 5, 6, 7, 8, 9, 10, 11, 12, 13, 14, 15, 16, 17, 18, 19, 20, 21, 22, 23, 24, 25, 26, 27, 28, 29]","[1.197404384613037, 1.0159912109375, 1.1595122814178467, 1.0947496891021729, 1.2204711437225342, 1.0870051383972168, 1.1269891262054443, 1.0375356674194336, 1.2077991962432861, 1.2207576036453247, 1.2321844100952148, 1.2301312685012817, 1.2398982048034668, 1.1524134874343872, 1.143661618232727, 1.0850900411605835, 1.17250657081604, 1.1216024160385132, 1.160549521446228, 1.1942617893218994, 1.178363561630249, 1.1898934841156006, 1.2164463996887207, 1.1637935638427734, 1.1526267528533936, 1.2090473175048828, 1.2035871744155884, 1.1137361526489258, 1.1602522134780884, 1.1377544403076172]",sae,Pre-64
1,beta,17,200.0,0.4599327030141671,0.4513468217402507,0.4356333898997919,0.5,0.6120635717004715,0.6982794453738126,30,"[0, 1, 2, 3, 4, 5, 6, 7, 8, 9, 10, 11, 12, 13, 14, 15, 16, 17, 18, 19, 20, 21, 22, 23, 24, 25, 26, 27, 28, 29]","[1.253448724746704, 1.157033085823059, 1.1724380254745483, 1.21102774143219, 1.2398598194122314, 1.1416960954666138, 1.2152034044265747, 1.1179237365722656, 1.1752480268478394, 1.1612284183502197, 1.2127126455307007, 1.234884262084961, 1.1886143684387207, 1.2384566068649292, 1.1679030656814575, 1.1839061975479126, 1.2392202615737915, 1.1842913627624512, 1.217572808265686, 1.1993213891983032, 1.1283472776412964, 1.197530746459961, 1.0647335052490234, 1.1836165189743042, 1.1550945043563843, 1.1692523956298828, 1.1686493158340454, 1.191864013671875, 1.1417936086654663, 1.2131496667861938]",sae,Pre-64
1,beta,27,50.0,0.4609757262074365,0.4537266978541116,0.4500596841332828,0.5,0.5914172664146189,0.6586614698443567,30,"[0, 1, 2, 3, 4, 5, 6, 7, 8, 9, 10, 11, 12, 13, 14, 15, 16, 17, 18, 19, 20, 21, 22, 23, 24, 25, 26, 27, 28, 29]","[1.2290319204330444, 1.2658694982528687, 1.2246942520141602, 1.2191146612167358, 1.2526310682296753, 1.1830732822418213, 1.2688981294631958, 1.1652835607528687, 1.2092324495315552, 1.1985894441604614, 1.1707059144973755, 1.268323302268982, 1.2084215879440308, 1.1814098358154297, 1.2069700956344604, 1.1506013870239258, 1.180336356163025, 1.2344633340835571, 1.2088221311569214, 1.1903407573699951, 1.2684584856033325, 1.2527191638946533, 1.1786249876022339, 1.1301987171173096, 1.2132477760314941, 1.2670561075210571, 1.1951019763946533, 1.2304065227508545, 1.1527602672576904, 1.2162050008773804]",sae,Pre-64
1,beta,26,3.0,0.4502231978181314,0.4442488029476733,0.4415524839708267,0.5,0.5832450787939482,0.6475593742568525,30,"[0, 1, 2, 3, 4, 5, 6, 7, 8, 9, 10, 11, 12, 13, 14, 15, 16, 17, 18, 19, 20, 21, 22, 23, 24, 25, 26, 27, 28, 29]","[1.1555442810058594, 1.2041875123977661, 1.299892783164978, 1.115403652191162, 1.1977704763412476, 1.2426538467407227, 1.2137271165847778, 1.1166235208511353, 1.202622890472412, 1.1893163919448853, 1.098173975944519, 1.2942622900009155, 1.250457763671875, 1.2013744115829468, 1.2439463138580322, 1.1272211074829102, 1.1953763961791992, 1.1167938709259033, 1.2241944074630737, 1.2015106678009033, 1.1450039148330688, 1.2828484773635864, 1.2133245468139648, 1.2307840585708618, 1.2933491468429565, 1.3005832433700562, 1.1806293725967407, 1.226503849029541, 1.0538688898086548, 1.1579833030700684]",sae,Pre-64
1,beta,20,0.4,0.4408022875601419,0.4262939306313442,0.4248850603913063,0.5,0.6176087118064704,0.6489184551675685,30,"[0, 1, 2, 3, 4, 5, 6, 7, 8, 9, 10, 11, 12, 13, 14, 15, 16, 17, 18, 19, 20, 21, 22, 23, 24, 25, 26, 27, 28, 29]","[1.2041441202163696, 1.2740190029144287, 1.223834753036499, 1.293362021446228, 1.2796738147735596, 1.2611643075942993, 1.270215630531311, 1.193863034248352, 1.2699110507965088, 1.2214508056640625, 1.21253502368927, 1.2114572525024414, 1.3029855489730835, 1.1725252866744995, 1.202069640159607, 1.3047332763671875, 1.181536316871643, 1.2079493999481201, 1.2497507333755493, 1.2427210807800293, 1.2502549886703491, 1.1820441484451294, 1.2715024948120117, 1.315726637840271, 1.2680692672729492, 1.1940715312957764, 1.2189545631408691, 1.2491756677627563, 1.209532380104065, 1.2923754453659058]",sae,Pre-64
1,beta,34,0.4,0.4568527557813058,0.4470225010708758,0.4418676041465709,0.5,0.6011606799053854,0.676085187940973,30,"[0, 1, 2, 3, 4, 5, 6, 7, 8, 9, 10, 11, 12, 13, 14, 15, 16, 17, 18, 19, 20, 21, 22, 23, 24, 25, 26, 27, 28, 29]","[1.1789828538894653, 1.2537758350372314, 1.2522075176239014, 1.2207138538360596, 1.1845382452011108, 1.181623101234436, 1.2130149602890015, 1.1185462474822998, 1.1680948734283447, 1.1960145235061646, 1.236027717590332, 1.0515586137771606, 1.2267364263534546, 1.1228715181350708, 1.1436355113983154, 1.1776152849197388, 1.2513514757156372, 1.2689862251281738, 1.2095518112182617, 1.1716138124465942, 1.211519479751587, 1.2705295085906982, 1.2090063095092773, 1.2096809148788452, 1.1852308511734009, 1.1289006471633911, 1.2839716672897339, 1.2700330018997192, 1.2672173976898193, 1.227941870689392]",sae,Pre-64
1,beta,28,0.3,0.4589844236982603,0.4495627040154577,0.4363597930098649,0.5,0.5987249917034086,0.6954499122931779,30,"[0, 1, 2, 3, 4, 5, 6, 7, 8, 9, 10, 11, 12, 13, 14, 15, 16, 17, 18, 19, 20, 21, 22, 23, 24, 25, 26, 27, 28, 29]","[1.1352343559265137, 1.0775038003921509, 1.0399432182312012, 1.2336927652359009, 1.179149866104126, 1.2072476148605347, 1.1323752403259277, 1.10542631149292, 1.2175010442733765, 1.2215855121612549, 1.176476240158081, 1.2057819366455078, 1.218854308128357, 1.2209949493408203, 1.1551659107208252, 1.1379764080047607, 1.1653257608413696, 1.2166705131530762, 1.183241605758667, 1.1995640993118286, 1.135400652885437, 1.153017282485962, 1.1304819583892822, 1.08482027053833, 1.1267801523208618, 1.205606460571289, 1.2566165924072266, 1.1601134538650513, 1.1428003311157227, 1.122060775756836]",sae,Pre-64
1,beta,44,1000.0,0.4469012312759677,0.43811650775401,0.4429723083514642,0.5,0.5982762074796864,0.6190848668045466,30,"[0, 1, 2, 3, 4, 5, 6, 7, 8, 9, 10, 11, 12, 13, 14, 15, 16, 17, 18, 19, 20, 21, 22, 23, 24, 25, 26, 27, 28, 29]","[1.188148856163025, 1.2002507448196411, 1.1204805374145508, 1.1610747575759888, 1.1904850006103516, 1.2366626262664795, 1.1955641508102417, 1.144327998161316, 1.206619143486023, 1.2314187288284302, 1.1892151832580566, 1.1514842510223389, 1.187224268913269, 1.1622644662857056, 1.248563528060913, 1.2472829818725586, 1.1387724876403809, 1.0304396152496338, 1.2001614570617676, 1.1816792488098145, 1.1582975387573242, 1.1419570446014404, 1.1716670989990234, 1.1951204538345337, 1.2422082424163818, 1.1315513849258423, 1.152037262916565, 1.1923751831054688, 1.1700479984283447, 1.2005369663238525]",sae,Pre-64
1,beta,4,0.75,0.4589558369307028,0.4477177462853796,0.4493181864938039,0.5,0.61034827708266,0.6615802514735983,30,"[0, 1, 2, 3, 4, 5, 6, 7, 8, 9, 10, 11, 12, 13, 14, 15, 16, 17, 18, 19, 20, 21, 22, 23, 24, 25, 26, 27, 28, 29]","[1.1777721643447876, 1.1554479598999023, 1.123734712600708, 1.2367613315582275, 1.1010112762451172, 1.1309430599212646, 1.145643711090088, 1.1165508031845093, 1.1993235349655151, 1.1947863101959229, 1.1990617513656616, 1.1123532056808472, 1.2366323471069336, 1.1637712717056274, 1.1139233112335205, 1.1837881803512573, 1.1833724975585938, 1.168279767036438, 1.1406776905059814, 1.2084177732467651, 1.1869065761566162, 1.2237598896026611, 1.1760855913162231, 1.0962145328521729, 1.1903668642044067, 1.1116077899932861, 1.1601639986038208, 1.1707360744476318, 1.2161426544189453, 1.1170037984848022]",sae,Pre-64
1,beta,1,1000.0,0.4560357198099471,0.4497423189216591,0.4414277873228484,0.5,0.5964054457666336,0.680948080464655,30,"[0, 1, 2, 3, 4, 5, 6, 7, 8, 9, 10, 11, 12, 13, 14, 15, 16, 17, 18, 19, 20, 21, 22, 23, 24, 25, 26, 27, 28, 29]","[1.2484626770019531, 1.183357834815979, 1.2077564001083374, 1.127197027206421, 1.1837691068649292, 1.1471096277236938, 1.1291790008544922, 1.2051725387573242, 1.1376121044158936, 1.1618740558624268, 1.1627427339553833, 1.1907955408096313, 1.2489014863967896, 1.1427462100982666, 1.2440361976623535, 1.078278660774231, 1.0989395380020142, 1.1663775444030762, 1.2298505306243896, 1.2602465152740479, 1.2476614713668823, 1.2094584703445435, 1.1924338340759277, 1.1765055656433105, 1.1376926898956299, 1.1597349643707275, 1.16420316696167, 1.178998589515686, 1.2568261623382568, 1.1711331605911255]",sae,Pre-64
1,beta,38,500.0,0.4455661720406026,0.4298851252298221,0.430590426492465,0.5,0.6303640517897944,0.6635567402894135,30,"[0, 1, 2, 3, 4, 5, 6, 7, 8, 9, 10, 11, 12, 13, 14, 15, 16, 17, 18, 19, 20, 21, 22, 23, 24, 25, 26, 27, 28, 29]","[1.1721346378326416, 1.1665115356445312, 1.1951327323913574, 1.2084224224090576, 1.1932506561279297, 1.0943678617477417, 1.22554349899292, 1.190416932106018, 1.0534244775772095, 1.212303638458252, 1.196964144706726, 1.1929432153701782, 1.2093898057937622, 1.185971736907959, 1.2129939794540405, 1.1697133779525757, 1.1856392621994019, 1.237824559211731, 1.137427806854248, 1.2083672285079956, 1.1895427703857422, 1.2017890214920044, 1.2302438020706177, 1.1494355201721191, 1.191596269607544, 1.2291513681411743, 1.1410502195358276, 1.2461069822311401, 1.175614595413208, 1.249431848526001]",sae,Pre-64
1,beta,25,0.5,0.4465066892532915,0.4352791138475453,0.4353254807584532,0.5,0.6270054355300688,0.6624963374453606,30,"[0, 1, 2, 3, 4, 5, 6, 7, 8, 9, 10, 11, 12, 13, 14, 15, 16, 17, 18, 19, 20, 21, 22, 23, 24, 25, 26, 27, 28, 29]","[1.2607378959655762, 1.2584633827209473, 1.1831459999084473, 1.270492672920227, 1.2683809995651245, 1.2654422521591187, 1.151223063468933, 1.1815227270126343, 1.2377591133117676, 1.1347160339355469, 1.2735860347747803, 1.1921162605285645, 1.2696119546890259, 1.2003412246704102, 1.18048894405365, 1.208627462387085, 1.0687081813812256, 1.1262019872665405, 1.1684787273406982, 1.201785683631897, 1.2946903705596924, 1.1040090322494507, 1.2437561750411987, 1.2124722003936768, 1.2361669540405273, 1.193769097328186, 1.2990989685058594, 1.2643187046051025, 1.2824516296386719, 1.1391175985336304]",sae,Pre-64
1,beta,16,20.0,0.4519396108125126,0.4401978349795346,0.421958879679846,0.5,0.6159012314439947,0.7157482046462309,30,"[0, 1, 2, 3, 4, 5, 6, 7, 8, 9, 10, 11, 12, 13, 14, 15, 16, 17, 18, 19, 20, 21, 22, 23, 24, 25, 26, 27, 28, 29]","[1.155144453048706, 1.1337980031967163, 1.1233099699020386, 1.1950212717056274, 1.1797491312026978, 1.1431095600128174, 1.194365382194519, 1.1770823001861572, 1.1407045125961304, 1.1889445781707764, 1.1803953647613525, 1.1736708879470825, 1.1382813453674316, 1.1618629693984985, 1.068888545036316, 1.121972918510437, 1.2042245864868164, 1.0445743799209595, 1.1478757858276367, 1.1736332178115845, 1.2176194190979004, 1.1968461275100708, 1.194488763809204, 1.1921454668045044, 1.079857349395752, 1.1655960083007812, 1.083346962928772, 1.1446884870529175, 1.1000053882598877, 1.1300923824310303]",sae,Pre-64
1,beta,39,100.0,0.4461088087810431,0.4292341094433316,0.4297945582794436,0.5,0.6205127278095635,0.6657718484774533,30,"[0, 1, 2, 3, 4, 5, 6, 7, 8, 9, 10, 11, 12, 13, 14, 15, 16, 17, 18, 19, 20, 21, 22, 23, 24, 25, 26, 27, 28, 29]","[1.1917375326156616, 1.236011266708374, 1.1890162229537964, 1.1643238067626953, 1.140978217124939, 1.2120108604431152, 1.1828933954238892, 1.2210265398025513, 1.1605393886566162, 1.199174165725708, 1.1834092140197754, 1.0992392301559448, 1.2075473070144653, 1.1379015445709229, 1.20431649684906, 1.2560211420059204, 1.1885234117507935, 1.2229002714157104, 1.1480319499969482, 1.0825574398040771, 1.1679973602294922, 1.2216445207595825, 1.1227527856826782, 1.1278188228607178, 1.2215803861618042, 1.2034790515899658, 1.0507583618164062, 1.1575127840042114, 1.2623809576034546, 1.1674622297286987]",sae,Pre-64
1,beta,49,2.0,0.462130925118617,0.4524487678230295,0.4428769818874527,0.5,0.6141152509743157,0.6817230713245997,30,"[0, 1, 2, 3, 4, 5, 6, 7, 8, 9, 10, 11, 12, 13, 14, 15, 16, 17, 18, 19, 20, 21, 22, 23, 24, 25, 26, 27, 28, 29]","[1.1816726922988892, 1.2170988321304321, 1.2116214036941528, 1.200257420539856, 1.1416643857955933, 1.1891062259674072, 1.246652603149414, 1.1470645666122437, 1.2520469427108765, 1.2268033027648926, 1.168094277381897, 1.1698029041290283, 1.2142579555511475, 1.222419023513794, 1.2369354963302612, 1.197393536567688, 1.2860667705535889, 1.2591131925582886, 1.1340359449386597, 1.2283560037612915, 1.2687814235687256, 1.1859486103057861, 1.263270378112793, 1.2230288982391357, 1.1918312311172485, 1.2190265655517578, 1.2284297943115234, 1.191718339920044, 1.0950191020965576, 1.1822810173034668]",sae,Pre-64
1,beta,15,1.5,0.4529015220185267,0.4424399871594601,0.4254874519443375,0.5,0.6161071485640408,0.710238382312352,30,"[0, 1, 2, 3, 4, 5, 6, 7, 8, 9, 10, 11, 12, 13, 14, 15, 16, 17, 18, 19, 20, 21, 22, 23, 24, 25, 26, 27, 28, 29]","[1.17221999168396, 1.125728726387024, 1.1524420976638794, 1.18513822555542, 1.1932274103164673, 1.1606303453445435, 1.152201533317566, 1.1706732511520386, 1.198472023010254, 1.2162184715270996, 1.1902236938476562, 1.1268775463104248, 1.2425992488861084, 1.2129015922546387, 1.1411244869232178, 1.1768995523452759, 1.151627540588379, 1.2215334177017212, 1.1259431838989258, 1.195621132850647, 1.2451423406600952, 1.2243961095809937, 1.1661878824234009, 1.1994489431381226, 1.127516269683838, 1.0478888750076294, 1.2014273405075073, 1.2476288080215454, 1.165405511856079, 1.1883403062820435]",sae,Pre-64
1,beta,38,10.0,0.4455661720406026,0.4298851252298221,0.4231703968008897,0.5,0.6303640517897944,0.6635567402894135,30,"[0, 1, 2, 3, 4, 5, 6, 7, 8, 9, 10, 11, 12, 13, 14, 15, 16, 17, 18, 19, 20, 21, 22, 23, 24, 25, 26, 27, 28, 29]","[1.1721346378326416, 1.1665115356445312, 1.1951327323913574, 1.2084224224090576, 1.1932506561279297, 1.0943678617477417, 1.22554349899292, 1.190416932106018, 1.0534244775772095, 1.212303638458252, 1.196964144706726, 1.1929432153701782, 1.2093898057937622, 1.185971736907959, 1.2129939794540405, 1.1697133779525757, 1.1856392621994019, 1.237824559211731, 1.137427806854248, 1.2083672285079956, 1.1895427703857422, 1.2017890214920044, 1.2302438020706177, 1.1494355201721191, 1.191596269607544, 1.2291513681411743, 1.1410502195358276, 1.2461069822311401, 1.175614595413208, 1.249431848526001]",sae,Pre-64
1,beta,41,3.0,0.4543678569363413,0.4427951465832617,0.4401316004071032,0.5,0.6190905384235713,0.6706238331294664,30,"[0, 1, 2, 3, 4, 5, 6, 7, 8, 9, 10, 11, 12, 13, 14, 15, 16, 17, 18, 19, 20, 21, 22, 23, 24, 25, 26, 27, 28, 29]","[1.1356950998306274, 1.1843740940093994, 1.0599017143249512, 1.0706007480621338, 1.0468002557754517, 1.210906744003296, 1.101571798324585, 1.1551228761672974, 1.140668272972107, 1.1793739795684814, 1.185392141342163, 1.1593207120895386, 1.1646181344985962, 1.1845898628234863, 1.201792597770691, 1.1444034576416016, 1.0762401819229126, 1.1555777788162231, 1.1304680109024048, 1.1696642637252808, 1.0725892782211304, 1.1413424015045166, 1.1628625392913818, 1.156077265739441, 1.1492286920547485, 1.137248158454895, 1.1817694902420044, 1.172348141670227, 1.1405194997787476, 1.0922468900680542]",sae,Pre-64
1,beta,3,20.0,0.4557259332451328,0.444824285747971,0.4437964381513395,0.5,0.6042731979176,0.6513497732311597,30,"[0, 1, 2, 3, 4, 5, 6, 7, 8, 9, 10, 11, 12, 13, 14, 15, 16, 17, 18, 19, 20, 21, 22, 23, 24, 25, 26, 27, 28, 29]","[1.2173471450805664, 1.2437915802001953, 1.2303599119186401, 1.1470088958740234, 1.225160837173462, 1.2187906503677368, 1.2136988639831543, 1.2373769283294678, 1.0408121347427368, 1.2769273519515991, 1.1646583080291748, 1.2723538875579834, 1.2085832357406616, 1.1533737182617188, 1.2780166864395142, 1.220745325088501, 1.2246323823928833, 1.232620120048523, 1.1631330251693726, 1.1876789331436157, 1.1246399879455566, 1.1998945474624634, 1.1904420852661133, 1.2890866994857788, 1.2598119974136353, 1.2086460590362549, 1.220794439315796, 1.200886607170105, 1.255966067314148, 1.1892025470733643]",sae,Pre-64
1,beta,7,2.0,0.4564836922581216,0.4420418003909208,0.4265008846958014,0.5,0.6095136152062148,0.7000084039932237,30,"[0, 1, 2, 3, 4, 5, 6, 7, 8, 9, 10, 11, 12, 13, 14, 15, 16, 17, 18, 19, 20, 21, 22, 23, 24, 25, 26, 27, 28, 29]","[1.186367392539978, 1.203552484512329, 1.2273681163787842, 1.1744158267974854, 1.2427024841308594, 1.194297194480896, 1.1417649984359741, 1.1899380683898926, 1.274727702140808, 1.2103523015975952, 1.1130813360214233, 1.1793581247329712, 1.1271109580993652, 1.140200138092041, 1.2939406633377075, 1.2133886814117432, 1.183907389640808, 1.1221195459365845, 1.2292346954345703, 1.2417727708816528, 1.200108528137207, 1.2005424499511719, 1.201027750968933, 1.1506562232971191, 1.259361982345581, 1.2019909620285034, 1.2091292142868042, 1.0751577615737915, 1.2751001119613647, 1.1631182432174683]",sae,Pre-64
1,beta,10,1.0,0.4493907433353129,0.4390813823454372,0.4344056235297167,0.5,0.6232207829487961,0.6743909002834692,30,"[0, 1, 2, 3, 4, 5, 6, 7, 8, 9, 10, 11, 12, 13, 14, 15, 16, 17, 18, 19, 20, 21, 22, 23, 24, 25, 26, 27, 28, 29]","[1.1427899599075317, 1.068242073059082, 1.199394941329956, 1.158583641052246, 1.149035930633545, 1.1689698696136475, 1.2380726337432861, 1.1728394031524658, 1.0578781366348267, 1.1875046491622925, 1.1654369831085205, 1.1715285778045654, 1.1657956838607788, 1.1442753076553345, 1.2309560775756836, 1.1749398708343506, 1.1827489137649536, 1.12376070022583, 1.1349002122879028, 1.1247795820236206, 1.1484092473983765, 1.1541001796722412, 1.2148005962371826, 1.210876226425171, 1.1075263023376465, 1.1338322162628174, 1.1668912172317505, 1.1912418603897095, 1.1516903638839722, 1.169378399848938]",sae,Pre-64
1,beta,32,0.75,0.4555596844830426,0.4475674839123162,0.4549887737262105,0.5,0.5924839124839124,0.6273726788012502,30,"[0, 1, 2, 3, 4, 5, 6, 7, 8, 9, 10, 11, 12, 13, 14, 15, 16, 17, 18, 19, 20, 21, 22, 23, 24, 25, 26, 27, 28, 29]","[1.28597891330719, 1.1913915872573853, 1.2832305431365967, 1.218367338180542, 1.2208343744277954, 1.3007514476776123, 1.2324695587158203, 1.1970856189727783, 1.2136499881744385, 1.2141656875610352, 1.2057666778564453, 1.2006953954696655, 1.2301374673843384, 1.1585408449172974, 1.1468251943588257, 1.169873833656311, 1.1970511674880981, 1.2234464883804321, 1.1713792085647583, 1.2120120525360107, 1.2902600765228271, 1.2123761177062988, 1.170460820198059, 1.290606141090393, 1.2252774238586426, 1.167966604232788, 1.2753394842147827, 1.0860527753829956, 1.292422890663147, 1.2855812311172485]",sae,Pre-64
1,beta,43,1.5,0.4515364523902173,0.4432102910589974,0.4278682342515935,0.5,0.6060785767234989,0.6967279466271312,30,"[0, 1, 2, 3, 4, 5, 6, 7, 8, 9, 10, 11, 12, 13, 14, 15, 16, 17, 18, 19, 20, 21, 22, 23, 24, 25, 26, 27, 28, 29]","[1.2137269973754883, 1.2966495752334595, 1.2138888835906982, 1.1676738262176514, 1.2102769613265991, 1.1480684280395508, 1.1920170783996582, 1.177064299583435, 1.259727120399475, 1.1724348068237305, 1.1425949335098267, 1.2585235834121704, 1.2058279514312744, 1.1739577054977417, 1.1621994972229004, 1.0888837575912476, 1.250617504119873, 1.1916553974151611, 1.2415788173675537, 1.2100411653518677, 1.173439860343933, 1.1695396900177002, 1.238284707069397, 1.2358100414276123, 1.1332714557647705, 1.2508617639541626, 1.267849326133728, 1.178114891052246, 1.2484055757522583, 1.2684884071350098]",sae,Pre-64
1,beta,12,0.5,0.4455148672091349,0.4361346773072694,0.4042678490875638,0.5,0.5892778403611032,0.732179722690948,30,"[0, 1, 2, 3, 4, 5, 6, 7, 8, 9, 10, 11, 12, 13, 14, 15, 16, 17, 18, 19, 20, 21, 22, 23, 24, 25, 26, 27, 28, 29]","[1.1510069370269775, 1.238104224205017, 1.1669384241104126, 1.0727007389068604, 1.2094347476959229, 1.160822868347168, 1.1686755418777466, 1.231000304222107, 1.250001072883606, 1.1482594013214111, 1.1463829278945923, 1.2851383686065674, 1.1506091356277466, 1.2207391262054443, 1.1269334554672241, 1.2875975370407104, 1.111490249633789, 1.2468537092208862, 1.1965770721435547, 1.2625105381011963, 1.2613308429718018, 1.1978631019592285, 1.1764955520629883, 1.2832802534103394, 1.261273980140686, 1.1248352527618408, 1.2639222145080566, 1.2385042905807495, 1.1889654397964478, 1.2939741611480713]",sae,Pre-64
1,beta,45,0.23,0.4515599815008028,0.4347157609968581,0.4332856122969024,0.5,0.6289673345145609,0.6746028500901065,30,"[0, 1, 2, 3, 4, 5, 6, 7, 8, 9, 10, 11, 12, 13, 14, 15, 16, 17, 18, 19, 20, 21, 22, 23, 24, 25, 26, 27, 28, 29]","[1.266764760017395, 1.2543153762817383, 1.1692945957183838, 1.3038361072540283, 1.301571011543274, 1.1290186643600464, 1.3208154439926147, 1.2543222904205322, 1.2086360454559326, 1.1548407077789307, 1.2344598770141602, 1.315483808517456, 1.2629152536392212, 1.1638948917388916, 1.2104183435440063, 1.2375993728637695, 1.2191402912139893, 1.107357382774353, 1.2454776763916016, 1.253867745399475, 1.2702304124832153, 1.1856489181518555, 1.2650257349014282, 1.1175258159637451, 1.10555100440979, 1.2950642108917236, 1.201663851737976, 1.216073751449585, 1.114431619644165, 1.3061681985855103]",sae,Pre-64
1,beta,6,75.0,0.4540822999211705,0.4457917896713532,0.4384936900712481,0.5,0.5933447799067053,0.6652910519198336,30,"[0, 1, 2, 3, 4, 5, 6, 7, 8, 9, 10, 11, 12, 13, 14, 15, 16, 17, 18, 19, 20, 21, 22, 23, 24, 25, 26, 27, 28, 29]","[1.2093437910079956, 1.2324018478393555, 1.1689670085906982, 1.2286028861999512, 1.1660292148590088, 1.1364821195602417, 1.1552339792251587, 1.210248351097107, 1.1588280200958252, 1.2276009321212769, 1.1634801626205444, 1.1048387289047241, 1.1711478233337402, 1.1197253465652466, 1.0116533041000366, 1.2269690036773682, 1.129739761352539, 1.1970460414886475, 1.1658244132995605, 1.1922228336334229, 1.1664220094680786, 1.1494638919830322, 1.2115159034729004, 1.2004733085632324, 1.147264838218689, 1.1653865575790405, 1.1267348527908325, 1.1380363702774048, 1.188260555267334, 1.2108981609344482]",sae,Pre-64
1,beta,40,0.5,0.44666181227492,0.4340193094910912,0.4277079325824439,0.5,0.6093636266731638,0.6687813123391555,30,"[0, 1, 2, 3, 4, 5, 6, 7, 8, 9, 10, 11, 12, 13, 14, 15, 16, 17, 18, 19, 20, 21, 22, 23, 24, 25, 26, 27, 28, 29]","[1.2192795276641846, 1.1627495288848877, 1.1719245910644531, 1.11849045753479, 1.135270118713379, 1.1779391765594482, 1.1913443803787231, 1.1937462091445923, 1.2064859867095947, 1.201514720916748, 1.149951457977295, 1.1584373712539673, 1.2228493690490723, 1.112459421157837, 1.1239572763442993, 1.2368988990783691, 1.1208115816116333, 1.179778814315796, 1.1400268077850342, 1.1179053783416748, 1.1553407907485962, 1.1589585542678833, 1.194280743598938, 1.1646192073822021, 1.205991506576538, 1.145589828491211, 1.2156630754470825, 1.108210802078247, 1.2394895553588867, 1.1593530178070068]",sae,Pre-64
1,beta,46,200.0,0.4545712902572906,0.4417269056853911,0.4421724236010882,0.5,0.6270377926330811,0.6841009761445498,30,"[0, 1, 2, 3, 4, 5, 6, 7, 8, 9, 10, 11, 12, 13, 14, 15, 16, 17, 18, 19, 20, 21, 22, 23, 24, 25, 26, 27, 28, 29]","[1.154767394065857, 1.227081537246704, 1.2429275512695312, 1.2448883056640625, 1.1829752922058105, 1.2766703367233276, 1.184883952140808, 1.2525430917739868, 1.2228230237960815, 1.2935329675674438, 1.0590815544128418, 1.1557743549346924, 1.295918583869934, 1.1653231382369995, 1.2226365804672241, 1.2752548456192017, 1.2336431741714478, 1.2529560327529907, 1.253047227859497, 1.2707768678665161, 1.200863003730774, 1.2171014547348022, 1.2470494508743286, 1.232546091079712, 1.2547560930252075, 1.260716199874878, 1.2299758195877075, 1.279518485069275, 1.224043607711792, 1.2248477935791016]",sae,Pre-64
1,beta,34,75.0,0.4568527557813058,0.4470225010708758,0.4413985530215953,0.5,0.6011606799053854,0.6760287318218534,30,"[0, 1, 2, 3, 4, 5, 6, 7, 8, 9, 10, 11, 12, 13, 14, 15, 16, 17, 18, 19, 20, 21, 22, 23, 24, 25, 26, 27, 28, 29]","[1.137890338897705, 1.2171109914779663, 1.2127997875213623, 1.1824638843536377, 1.152029275894165, 1.1444475650787354, 1.1735047101974487, 1.0769213438034058, 1.1361875534057617, 1.1606651544570923, 1.2005587816238403, 1.015907645225525, 1.1853113174438477, 1.0790728330612183, 1.1112900972366333, 1.1400375366210938, 1.2139219045639038, 1.2259365320205688, 1.1806495189666748, 1.1336230039596558, 1.175050139427185, 1.2325819730758667, 1.1709409952163696, 1.1730239391326904, 1.1460753679275513, 1.094346284866333, 1.2428449392318726, 1.229536533355713, 1.2293792963027954, 1.190686821937561]",sae,Pre-64
1,beta,5,5.0,0.4445517550333296,0.4301735816232515,0.4216970138912662,0.5,0.6070910659257547,0.6842133226655333,30,"[0, 1, 2, 3, 4, 5, 6, 7, 8, 9, 10, 11, 12, 13, 14, 15, 16, 17, 18, 19, 20, 21, 22, 23, 24, 25, 26, 27, 28, 29]","[1.204357385635376, 1.1163825988769531, 1.1249853372573853, 1.2326985597610474, 1.2355924844741821, 1.143419623374939, 1.1704707145690918, 1.1541118621826172, 1.2013881206512451, 1.1368167400360107, 1.2147825956344604, 1.2316826581954956, 1.1647292375564575, 1.1742970943450928, 1.2483549118041992, 1.1848121881484985, 1.1945708990097046, 1.215935230255127, 1.0952128171920776, 1.1795579195022583, 1.241766095161438, 1.18599534034729, 1.2278627157211304, 1.1371809244155884, 1.1636097431182861, 1.2409509420394897, 1.11619234085083, 1.1437363624572754, 1.2238935232162476, 1.1628071069717407]",sae,Pre-64
1,beta,26,0.5,0.4502231978181314,0.4442488029476733,0.4489731158531949,0.5,0.5832450787939482,0.6475593742568525,30,"[0, 1, 2, 3, 4, 5, 6, 7, 8, 9, 10, 11, 12, 13, 14, 15, 16, 17, 18, 19, 20, 21, 22, 23, 24, 25, 26, 27, 28, 29]","[1.1555442810058594, 1.2041875123977661, 1.299892783164978, 1.115403652191162, 1.1977704763412476, 1.2426538467407227, 1.2137271165847778, 1.1166235208511353, 1.202622890472412, 1.1893163919448853, 1.098173975944519, 1.2942622900009155, 1.250457763671875, 1.2013744115829468, 1.2439463138580322, 1.1272211074829102, 1.1953763961791992, 1.1167938709259033, 1.2241944074630737, 1.2015106678009033, 1.1450039148330688, 1.2828484773635864, 1.2133245468139648, 1.2307840585708618, 1.2933491468429565, 1.3005832433700562, 1.1806293725967407, 1.226503849029541, 1.0538688898086548, 1.1579833030700684]",sae,Pre-64
1,beta,37,1.0,0.4546908257221888,0.444978337644671,0.4248521975553931,0.5,0.6058579085235571,0.7202592918965247,30,"[0, 1, 2, 3, 4, 5, 6, 7, 8, 9, 10, 11, 12, 13, 14, 15, 16, 17, 18, 19, 20, 21, 22, 23, 24, 25, 26, 27, 28, 29]","[1.1383056640625, 1.213341236114502, 1.177707552909851, 1.16965913772583, 1.1041587591171265, 1.2045390605926514, 1.1453032493591309, 1.249243140220642, 1.2818135023117065, 1.2036993503570557, 1.1849234104156494, 1.1868669986724854, 1.214905858039856, 1.1719192266464233, 1.2408273220062256, 1.1888898611068726, 1.1841654777526855, 1.2297459840774536, 1.199540138244629, 1.1944150924682617, 1.1982941627502441, 1.2023546695709229, 1.2497965097427368, 1.2272303104400635, 1.1954416036605835, 1.2279680967330933, 1.1945136785507202, 1.198485016822815, 1.2278281450271606, 1.2478563785552979]",sae,Pre-64
1,beta,19,0.21,0.4469965829377276,0.435497383761294,0.4126882780877415,0.5,0.6104665954706788,0.711840782737067,30,"[0, 1, 2, 3, 4, 5, 6, 7, 8, 9, 10, 11, 12, 13, 14, 15, 16, 17, 18, 19, 20, 21, 22, 23, 24, 25, 26, 27, 28, 29]","[1.2495204210281372, 1.2591546773910522, 1.330098271369934, 1.2788034677505493, 1.1830308437347412, 1.2021814584732056, 1.2472738027572632, 1.3101812601089478, 1.2314786911010742, 1.3266773223876953, 1.3129098415374756, 1.3463664054870605, 1.2477420568466187, 1.2589540481567383, 1.1634191274642944, 1.1869174242019653, 1.3186790943145752, 1.3512622117996216, 1.203231930732727, 1.2364205121994019, 1.3595657348632812, 1.2450668811798096, 1.2380092144012451, 1.2397186756134033, 1.239036202430725, 1.3224666118621826, 1.3423590660095215, 1.2640457153320312, 1.2075128555297852, 1.218979001045227]",sae,Pre-64
1,beta,0,3.0,0.4600628296558519,0.4487196928272481,0.4289887729322772,0.5,0.6146148452673732,0.7212500893551071,30,"[0, 1, 2, 3, 4, 5, 6, 7, 8, 9, 10, 11, 12, 13, 14, 15, 16, 17, 18, 19, 20, 21, 22, 23, 24, 25, 26, 27, 28, 29]","[1.1609565019607544, 1.205399990081787, 1.1734585762023926, 1.2161903381347656, 1.1425961256027222, 1.1842118501663208, 1.2070008516311646, 1.2379403114318848, 1.2223178148269653, 1.1959354877471924, 1.181226134300232, 1.1726235151290894, 1.2236276865005493, 1.2120070457458496, 1.218804955482483, 1.1687568426132202, 1.1801352500915527, 1.143155813217163, 1.0709192752838135, 1.2054029703140259, 1.1369202136993408, 1.1508759260177612, 1.2216984033584595, 1.1585367918014526, 1.1669466495513916, 1.1062743663787842, 1.2285964488983154, 1.136776089668274, 1.1998835802078247, 1.1328357458114624]",sae,Pre-64
1,beta,47,5.0,0.4460371044958436,0.4257646434940195,0.4017885321563725,0.5,0.6434257056516428,0.7291872950556163,30,"[0, 1, 2, 3, 4, 5, 6, 7, 8, 9, 10, 11, 12, 13, 14, 15, 16, 17, 18, 19, 20, 21, 22, 23, 24, 25, 26, 27, 28, 29]","[1.2948559522628784, 1.148354411125183, 1.1743416786193848, 1.1649647951126099, 1.246188759803772, 1.2814688682556152, 1.2447621822357178, 1.2164852619171143, 1.2303695678710938, 1.1912521123886108, 1.1916992664337158, 1.1139793395996094, 1.1724560260772705, 1.2962146997451782, 1.1174935102462769, 1.2390276193618774, 1.1683082580566406, 1.2478612661361694, 1.090547800064087, 1.1480519771575928, 1.1796824932098389, 1.2337864637374878, 1.2272014617919922, 1.1476048231124878, 1.2347866296768188, 1.1138331890106201, 1.1005412340164185, 1.2123545408248901, 1.1655439138412476, 1.21992826461792]",sae,Pre-64
1,beta,44,20.0,0.4469012312759677,0.43811650775401,0.4425803747566057,0.5,0.5982762074796864,0.6190848668045466,30,"[0, 1, 2, 3, 4, 5, 6, 7, 8, 9, 10, 11, 12, 13, 14, 15, 16, 17, 18, 19, 20, 21, 22, 23, 24, 25, 26, 27, 28, 29]","[1.188148856163025, 1.2002507448196411, 1.1204805374145508, 1.1610747575759888, 1.1904850006103516, 1.2366626262664795, 1.1955641508102417, 1.144327998161316, 1.206619143486023, 1.2314187288284302, 1.1892151832580566, 1.1514842510223389, 1.187224268913269, 1.1622644662857056, 1.248563528060913, 1.2472829818725586, 1.1387724876403809, 1.0304396152496338, 1.2001614570617676, 1.1816792488098145, 1.1582975387573242, 1.1419570446014404, 1.1716670989990234, 1.1951204538345337, 1.2422082424163818, 1.1315513849258423, 1.152037262916565, 1.1923751831054688, 1.1700479984283447, 1.2005369663238525]",sae,Pre-64
1,beta,16,1.5,0.4519396108125126,0.4401978349795346,0.423556174648833,0.5,0.6159012314439947,0.7157482046462309,30,"[0, 1, 2, 3, 4, 5, 6, 7, 8, 9, 10, 11, 12, 13, 14, 15, 16, 17, 18, 19, 20, 21, 22, 23, 24, 25, 26, 27, 28, 29]","[1.155144453048706, 1.1337980031967163, 1.1233099699020386, 1.1950212717056274, 1.1797491312026978, 1.1431095600128174, 1.194365382194519, 1.1770823001861572, 1.1407045125961304, 1.1889445781707764, 1.1803953647613525, 1.1736708879470825, 1.1382813453674316, 1.1618629693984985, 1.068888545036316, 1.121972918510437, 1.2042245864868164, 1.0445743799209595, 1.1478757858276367, 1.1736332178115845, 1.2176194190979004, 1.1968461275100708, 1.194488763809204, 1.1921454668045044, 1.079857349395752, 1.1655960083007812, 1.083346962928772, 1.1446884870529175, 1.1000053882598877, 1.1300923824310303]",sae,Pre-64
1,beta,22,30.0,0.4519005213187685,0.4442985770479847,0.4284256700737002,0.5,0.5939599289403404,0.6815271356133603,30,"[0, 1, 2, 3, 4, 5, 6, 7, 8, 9, 10, 11, 12, 13, 14, 15, 16, 17, 18, 19, 20, 21, 22, 23, 24, 25, 26, 27, 28, 29]","[1.1179190874099731, 1.168941855430603, 1.1830703020095825, 1.1668369770050049, 1.2358616590499878, 1.1766568422317505, 1.1327937841415405, 1.165419340133667, 1.125562310218811, 1.1434152126312256, 1.1285946369171143, 1.224861741065979, 1.1848485469818115, 1.2125139236450195, 1.133904218673706, 1.1921454668045044, 1.203025460243225, 1.2069814205169678, 1.1357468366622925, 1.1382958889007568, 1.198440432548523, 1.1977695226669312, 1.207923412322998, 1.1743204593658447, 1.1639965772628784, 1.2263959646224976, 1.1249594688415527, 1.1282567977905273, 1.2587064504623413, 1.1409783363342285]",sae,Pre-64
1,beta,46,0.75,0.4545712902572906,0.4417269056853911,0.4403575491348105,0.5,0.6270377926330811,0.6841223609382507,30,"[0, 1, 2, 3, 4, 5, 6, 7, 8, 9, 10, 11, 12, 13, 14, 15, 16, 17, 18, 19, 20, 21, 22, 23, 24, 25, 26, 27, 28, 29]","[1.1605839729309082, 1.2325963973999023, 1.2481722831726074, 1.249533772468567, 1.1887978315353394, 1.2818208932876587, 1.1905152797698975, 1.2588187456130981, 1.227943778038025, 1.2995549440383911, 1.0653156042099, 1.1619406938552856, 1.3013006448745728, 1.1704630851745605, 1.2270970344543457, 1.2811660766601562, 1.2396571636199951, 1.2584072351455688, 1.2591217756271362, 1.277535080909729, 1.2051252126693726, 1.2233694791793823, 1.2517229318618774, 1.2378768920898438, 1.2598581314086914, 1.2671061754226685, 1.2359105348587036, 1.2851537466049194, 1.2299818992614746, 1.2298767566680908]",sae,Pre-64
1,beta,29,1.5,0.4558655961502112,0.4409050416793991,0.443580505076614,0.5,0.6296548282533407,0.6689000750796879,30,"[0, 1, 2, 3, 4, 5, 6, 7, 8, 9, 10, 11, 12, 13, 14, 15, 16, 17, 18, 19, 20, 21, 22, 23, 24, 25, 26, 27, 28, 29]","[1.194935917854309, 1.1385749578475952, 1.0295852422714233, 1.238612413406372, 1.1851270198822021, 1.162545919418335, 1.2411545515060425, 1.166039228439331, 1.2299060821533203, 1.2362966537475586, 1.1895782947540283, 1.2295013666152954, 1.231622576713562, 1.2365245819091797, 1.1724414825439453, 1.2314629554748535, 1.110655665397644, 1.1652898788452148, 1.1510244607925415, 1.1959142684936523, 1.249851107597351, 1.2568353414535522, 1.1828466653823853, 1.198325514793396, 1.1877683401107788, 1.1336921453475952, 1.1967061758041382, 1.2367507219314575, 1.2920050621032715, 1.1695195436477661]",sae,Pre-64
1,beta,29,1000.0,0.4558655961502112,0.4409050416793991,0.4467718572227585,0.5,0.6296548282533407,0.6689000750796879,30,"[0, 1, 2, 3, 4, 5, 6, 7, 8, 9, 10, 11, 12, 13, 14, 15, 16, 17, 18, 19, 20, 21, 22, 23, 24, 25, 26, 27, 28, 29]","[1.194935917854309, 1.1385749578475952, 1.0295852422714233, 1.238612413406372, 1.1851270198822021, 1.162545919418335, 1.2411545515060425, 1.166039228439331, 1.2299060821533203, 1.2362966537475586, 1.1895782947540283, 1.2295013666152954, 1.231622576713562, 1.2365245819091797, 1.1724414825439453, 1.2314629554748535, 1.110655665397644, 1.1652898788452148, 1.1510244607925415, 1.1959142684936523, 1.249851107597351, 1.2568353414535522, 1.1828466653823853, 1.198325514793396, 1.1877683401107788, 1.1336921453475952, 1.1967061758041382, 1.2367507219314575, 1.2920050621032715, 1.1695195436477661]",sae,Pre-64
1,beta,13,3.0,0.4619123366083722,0.4531466051409948,0.434697541889448,0.5,0.6127276801885291,0.7084227751366117,30,"[0, 1, 2, 3, 4, 5, 6, 7, 8, 9, 10, 11, 12, 13, 14, 15, 16, 17, 18, 19, 20, 21, 22, 23, 24, 25, 26, 27, 28, 29]","[1.2620290517807007, 1.0841492414474487, 1.2518304586410522, 1.2009828090667725, 1.1773443222045898, 1.2524205446243286, 1.1896860599517822, 1.205586552619934, 1.2011864185333252, 1.204891324043274, 1.2614386081695557, 1.189528465270996, 1.1975116729736328, 1.2220771312713623, 1.2205173969268799, 1.1578680276870728, 1.1433484554290771, 1.2188818454742432, 1.1746560335159302, 1.1710954904556274, 1.1613126993179321, 1.1272764205932617, 1.1385637521743774, 1.1813597679138184, 1.1625311374664307, 1.1538347005844116, 1.1776994466781616, 1.1675361394882202, 1.191448450088501, 1.2053452730178833]",sae,Pre-64
1,beta,44,1.5,0.4469012312759677,0.43811650775401,0.4412148997689124,0.5,0.5982762074796864,0.6190848668045466,30,"[0, 1, 2, 3, 4, 5, 6, 7, 8, 9, 10, 11, 12, 13, 14, 15, 16, 17, 18, 19, 20, 21, 22, 23, 24, 25, 26, 27, 28, 29]","[1.188148856163025, 1.2002507448196411, 1.1204805374145508, 1.1610747575759888, 1.1904850006103516, 1.2366626262664795, 1.1955641508102417, 1.144327998161316, 1.206619143486023, 1.2314187288284302, 1.1892151832580566, 1.1514842510223389, 1.187224268913269, 1.1622644662857056, 1.248563528060913, 1.2472829818725586, 1.1387724876403809, 1.0304396152496338, 1.2001614570617676, 1.1816792488098145, 1.1582975387573242, 1.1419570446014404, 1.1716670989990234, 1.1951204538345337, 1.2422082424163818, 1.1315513849258423, 1.152037262916565, 1.1923751831054688, 1.1700479984283447, 1.2005369663238525]",sae,Pre-64
1,beta,49,75.0,0.462130925118617,0.4524487678230295,0.4454607633090832,0.5,0.6141152509743157,0.6817230713245997,30,"[0, 1, 2, 3, 4, 5, 6, 7, 8, 9, 10, 11, 12, 13, 14, 15, 16, 17, 18, 19, 20, 21, 22, 23, 24, 25, 26, 27, 28, 29]","[1.1816726922988892, 1.2170988321304321, 1.2116214036941528, 1.200257420539856, 1.1416643857955933, 1.1891062259674072, 1.246652603149414, 1.1470645666122437, 1.2520469427108765, 1.2268033027648926, 1.168094277381897, 1.1698029041290283, 1.2142579555511475, 1.222419023513794, 1.2369354963302612, 1.197393536567688, 1.2860667705535889, 1.2591131925582886, 1.1340359449386597, 1.2283560037612915, 1.2687814235687256, 1.1859486103057861, 1.263270378112793, 1.2230288982391357, 1.1918312311172485, 1.2190265655517578, 1.2284297943115234, 1.191718339920044, 1.0950191020965576, 1.1822810173034668]",sae,Pre-64
1,beta,23,1.0,0.4478205607315014,0.4344954522622479,0.4272969940382902,0.5,0.6150139710231751,0.6687422750907323,30,"[0, 1, 2, 3, 4, 5, 6, 7, 8, 9, 10, 11, 12, 13, 14, 15, 16, 17, 18, 19, 20, 21, 22, 23, 24, 25, 26, 27, 28, 29]","[1.1367353200912476, 1.1628820896148682, 1.1104114055633545, 1.2438031435012817, 1.0608277320861816, 1.1336368322372437, 1.211327075958252, 1.1689966917037964, 1.136163353919983, 1.248887538909912, 1.2434972524642944, 1.19732666015625, 1.1961266994476318, 1.0783805847167969, 1.1963282823562622, 1.2420802116394043, 0.9979529976844788, 1.167960286140442, 1.1316879987716675, 1.1474251747131348, 1.2360974550247192, 1.2508002519607544, 1.1319223642349243, 1.2472549676895142, 1.2268574237823486, 1.1909486055374146, 1.1608943939208984, 1.1226544380187988, 1.1709887981414795, 1.2530566453933716]",sae,Pre-64
1,beta,6,5.0,0.4540822999211705,0.4457917896713532,0.4348908860007054,0.5,0.5933447799067053,0.6652910519198336,30,"[0, 1, 2, 3, 4, 5, 6, 7, 8, 9, 10, 11, 12, 13, 14, 15, 16, 17, 18, 19, 20, 21, 22, 23, 24, 25, 26, 27, 28, 29]","[1.2093437910079956, 1.2324018478393555, 1.1689670085906982, 1.2286028861999512, 1.1660292148590088, 1.1364821195602417, 1.1552339792251587, 1.210248351097107, 1.1588280200958252, 1.2276009321212769, 1.1634801626205444, 1.1048387289047241, 1.1711478233337402, 1.1197253465652466, 1.0116533041000366, 1.2269690036773682, 1.129739761352539, 1.1970460414886475, 1.1658244132995605, 1.1922228336334229, 1.1664220094680786, 1.1494638919830322, 1.2115159034729004, 1.2004733085632324, 1.147264838218689, 1.1653865575790405, 1.1267348527908325, 1.1380363702774048, 1.188260555267334, 1.2108981609344482]",sae,Pre-64
1,beta,38,1.0,0.4455661720406026,0.4298851252298221,0.4261780735757396,0.5,0.6303640517897944,0.6635567402894135,30,"[0, 1, 2, 3, 4, 5, 6, 7, 8, 9, 10, 11, 12, 13, 14, 15, 16, 17, 18, 19, 20, 21, 22, 23, 24, 25, 26, 27, 28, 29]","[1.1721346378326416, 1.1665115356445312, 1.1951327323913574, 1.2084224224090576, 1.1932506561279297, 1.0943678617477417, 1.22554349899292, 1.190416932106018, 1.0534244775772095, 1.212303638458252, 1.196964144706726, 1.1929432153701782, 1.2093898057937622, 1.185971736907959, 1.2129939794540405, 1.1697133779525757, 1.1856392621994019, 1.237824559211731, 1.137427806854248, 1.2083672285079956, 1.1895427703857422, 1.2017890214920044, 1.2302438020706177, 1.1494355201721191, 1.191596269607544, 1.2291513681411743, 1.1410502195358276, 1.2461069822311401, 1.175614595413208, 1.249431848526001]",sae,Pre-64
1,beta,11,10.0,0.4566976193509867,0.4496008864727478,0.4307321680587881,0.5,0.5995106990682213,0.709773142295266,30,"[0, 1, 2, 3, 4, 5, 6, 7, 8, 9, 10, 11, 12, 13, 14, 15, 16, 17, 18, 19, 20, 21, 22, 23, 24, 25, 26, 27, 28, 29]","[1.197404384613037, 1.0159912109375, 1.1595122814178467, 1.0947496891021729, 1.2204711437225342, 1.0870051383972168, 1.1269891262054443, 1.0375356674194336, 1.2077991962432861, 1.2207576036453247, 1.2321844100952148, 1.2301312685012817, 1.2398982048034668, 1.1524134874343872, 1.143661618232727, 1.0850900411605835, 1.17250657081604, 1.1216024160385132, 1.160549521446228, 1.1942617893218994, 1.178363561630249, 1.1898934841156006, 1.2164463996887207, 1.1637935638427734, 1.1526267528533936, 1.2090473175048828, 1.2035871744155884, 1.1137361526489258, 1.1602522134780884, 1.1377544403076172]",sae,Pre-64
1,beta,9,30.0,0.448644851968101,0.4348910401892977,0.4298736689148461,0.5,0.6286670530281078,0.67439727615184,30,"[0, 1, 2, 3, 4, 5, 6, 7, 8, 9, 10, 11, 12, 13, 14, 15, 16, 17, 18, 19, 20, 21, 22, 23, 24, 25, 26, 27, 28, 29]","[1.2153398990631104, 1.1627874374389648, 1.2425429821014404, 1.2238517999649048, 1.1654289960861206, 1.0477313995361328, 1.2183655500411987, 1.1352207660675049, 1.2167727947235107, 1.1058458089828491, 1.2178144454956055, 1.1729799509048462, 1.177621603012085, 1.2170661687850952, 1.2525821924209595, 1.1896530389785767, 1.1452741622924805, 1.2327814102172852, 1.2428123950958252, 1.1500693559646606, 1.2273743152618408, 1.2386215925216675, 1.1544575691223145, 1.2277216911315918, 1.2480170726776123, 1.2276045083999634, 1.1016136407852173, 1.0502220392227173, 1.1683142185211182, 1.2417500019073486]",sae,Pre-64
1,beta,2,1.5,0.4419681213812466,0.4306250660512843,0.4155612129367054,0.5,0.6028191218064636,0.6886562804284323,30,"[0, 1, 2, 3, 4, 5, 6, 7, 8, 9, 10, 11, 12, 13, 14, 15, 16, 17, 18, 19, 20, 21, 22, 23, 24, 25, 26, 27, 28, 29]","[1.1491129398345947, 1.1618432998657227, 1.1426033973693848, 1.191449761390686, 1.1310452222824097, 1.2005151510238647, 1.17189359664917, 1.1661605834960938, 1.12075674533844, 1.1253643035888672, 1.1488215923309326, 1.1343861818313599, 1.16419517993927, 1.20036780834198, 1.190604567527771, 1.1571122407913208, 1.179641604423523, 1.2343209981918335, 1.221923589706421, 1.2101647853851318, 1.1568256616592407, 1.1531498432159424, 1.1994770765304565, 1.1852316856384277, 1.1635690927505493, 1.1419733762741089, 1.1855614185333252, 1.1774711608886719, 1.0223711729049683, 1.220582127571106]",sae,Pre-64
1,beta,18,0.75,0.4575117633693479,0.4471831599677374,0.4182839141236465,0.5,0.6052065040104606,0.7279783219994782,30,"[0, 1, 2, 3, 4, 5, 6, 7, 8, 9, 10, 11, 12, 13, 14, 15, 16, 17, 18, 19, 20, 21, 22, 23, 24, 25, 26, 27, 28, 29]","[1.08156156539917, 1.1808451414108276, 1.2274887561798096, 1.1775970458984375, 1.1839946508407593, 1.1783868074417114, 1.302558422088623, 1.1474957466125488, 1.2003755569458008, 1.1137614250183105, 1.279771089553833, 1.1947054862976074, 1.217077374458313, 1.243087649345398, 1.1674503087997437, 1.1044795513153076, 1.2428091764450073, 1.1572407484054565, 1.1403177976608276, 1.0754040479660034, 1.2844663858413696, 1.1361045837402344, 1.2445805072784424, 1.2017990350723267, 1.1962649822235107, 1.1700507402420044, 1.2117968797683716, 1.2385376691818237, 1.2291908264160156, 1.181313395500183]",sae,Pre-64
1,beta,23,500.0,0.4478205607315014,0.4344954522622479,0.4293385389136565,0.5,0.6150139710231751,0.6687422750907323,30,"[0, 1, 2, 3, 4, 5, 6, 7, 8, 9, 10, 11, 12, 13, 14, 15, 16, 17, 18, 19, 20, 21, 22, 23, 24, 25, 26, 27, 28, 29]","[1.1367353200912476, 1.1628820896148682, 1.1104114055633545, 1.2438031435012817, 1.0608277320861816, 1.1336368322372437, 1.211327075958252, 1.1689966917037964, 1.136163353919983, 1.248887538909912, 1.2434972524642944, 1.19732666015625, 1.1961266994476318, 1.0783805847167969, 1.1963282823562622, 1.2420802116394043, 0.9979529976844788, 1.167960286140442, 1.1316879987716675, 1.1474251747131348, 1.2360974550247192, 1.2508002519607544, 1.1319223642349243, 1.2472549676895142, 1.2268574237823486, 1.1909486055374146, 1.1608943939208984, 1.1226544380187988, 1.1709887981414795, 1.2530566453933716]",sae,Pre-64
1,beta,7,0.4,0.4564836922581216,0.4420418003909208,0.4310317599892944,0.5,0.6095136152062148,0.7003755258024706,30,"[0, 1, 2, 3, 4, 5, 6, 7, 8, 9, 10, 11, 12, 13, 14, 15, 16, 17, 18, 19, 20, 21, 22, 23, 24, 25, 26, 27, 28, 29]","[1.2059879302978516, 1.225229024887085, 1.2444190979003906, 1.1966921091079712, 1.2632297277450562, 1.2142658233642578, 1.161341667175293, 1.2128441333770752, 1.298092246055603, 1.2303166389465332, 1.135312557220459, 1.1972447633743286, 1.1493184566497803, 1.1635321378707886, 1.3172847032546997, 1.2335385084152222, 1.1996142864227295, 1.1448190212249756, 1.2478724718093872, 1.261570692062378, 1.221361756324768, 1.2236108779907227, 1.2217646837234497, 1.1736133098602295, 1.2807310819625854, 1.2253949642181396, 1.2266180515289307, 1.0955829620361328, 1.29618501663208, 1.1816853284835815]",sae,Pre-64
1,beta,1,50.0,0.4560357198099471,0.4497423189216591,0.4414277873228484,0.5,0.5964054457666336,0.680948080464655,30,"[0, 1, 2, 3, 4, 5, 6, 7, 8, 9, 10, 11, 12, 13, 14, 15, 16, 17, 18, 19, 20, 21, 22, 23, 24, 25, 26, 27, 28, 29]","[1.2484626770019531, 1.183357834815979, 1.2077564001083374, 1.127197027206421, 1.1837691068649292, 1.1471096277236938, 1.1291790008544922, 1.2051725387573242, 1.1376121044158936, 1.1618740558624268, 1.1627427339553833, 1.1907955408096313, 1.2489014863967896, 1.1427462100982666, 1.2440361976623535, 1.078278660774231, 1.0989395380020142, 1.1663775444030762, 1.2298505306243896, 1.2602465152740479, 1.2476614713668823, 1.2094584703445435, 1.1924338340759277, 1.1765055656433105, 1.1376926898956299, 1.1597349643707275, 1.16420316696167, 1.178998589515686, 1.2568261623382568, 1.1711331605911255]",sae,Pre-64
1,beta,21,2.0,0.4504746503440228,0.4381370334360364,0.4255221217060856,0.5,0.6200058082774133,0.686910676108207,30,"[0, 1, 2, 3, 4, 5, 6, 7, 8, 9, 10, 11, 12, 13, 14, 15, 16, 17, 18, 19, 20, 21, 22, 23, 24, 25, 26, 27, 28, 29]","[1.1140649318695068, 1.152727723121643, 1.2438535690307617, 1.230009913444519, 1.1658810377120972, 1.1943459510803223, 1.1483663320541382, 1.1402873992919922, 1.204589605331421, 1.1714168787002563, 1.23432457447052, 1.17771315574646, 1.132249355316162, 1.1423084735870361, 1.1501163244247437, 1.1399269104003906, 1.1680771112442017, 1.1623523235321045, 1.1109286546707153, 1.2336747646331787, 1.1268517971038818, 1.2345601320266724, 1.125869870185852, 1.1168842315673828, 1.180175542831421, 1.1148767471313477, 1.053167700767517, 1.1537359952926636, 1.2132099866867065, 1.1823461055755615]",sae,Pre-64
1,beta,47,0.21,0.4460371044958436,0.4257646434940195,0.4038360844656299,0.5,0.6434257056516428,0.7299395614993892,30,"[0, 1, 2, 3, 4, 5, 6, 7, 8, 9, 10, 11, 12, 13, 14, 15, 16, 17, 18, 19, 20, 21, 22, 23, 24, 25, 26, 27, 28, 29]","[1.3219809532165527, 1.1735544204711914, 1.1991384029388428, 1.1897330284118652, 1.2710384130477905, 1.3101564645767212, 1.2691153287887573, 1.2434643507003784, 1.2556713819503784, 1.2169086933135986, 1.217942237854004, 1.1417641639709473, 1.1965277194976807, 1.3246017694473267, 1.1456221342086792, 1.2676188945770264, 1.1950535774230957, 1.274144172668457, 1.1170272827148438, 1.172392725944519, 1.2065603733062744, 1.256048560142517, 1.2581391334533691, 1.1766026020050049, 1.2608524560928345, 1.1375914812088013, 1.1245815753936768, 1.2416300773620605, 1.1852155923843384, 1.2449398040771484]",sae,Pre-64
1,beta,19,5.0,0.4469965829377276,0.435497383761294,0.4090127171822075,0.5,0.6104665954706788,0.7106605521877061,30,"[0, 1, 2, 3, 4, 5, 6, 7, 8, 9, 10, 11, 12, 13, 14, 15, 16, 17, 18, 19, 20, 21, 22, 23, 24, 25, 26, 27, 28, 29]","[1.1908780336380005, 1.1948882341384888, 1.261419415473938, 1.2143750190734863, 1.1074068546295166, 1.138035535812378, 1.1818253993988037, 1.2405482530593872, 1.1682370901107788, 1.2502057552337646, 1.23455810546875, 1.2729377746582031, 1.1755164861679077, 1.1892448663711548, 1.0957870483398438, 1.117355465888977, 1.255409598350525, 1.2807034254074097, 1.139570951461792, 1.1753686666488647, 1.285911202430725, 1.180781364440918, 1.1631584167480469, 1.175125002861023, 1.172812819480896, 1.2548409700393677, 1.2710891962051392, 1.194553017616272, 1.1372811794281006, 1.1591088771820068]",sae,Pre-64
1,beta,35,2.0,0.4566193215888805,0.4379483378046387,0.4252507816242478,0.5,0.637290178651746,0.711674432830182,30,"[0, 1, 2, 3, 4, 5, 6, 7, 8, 9, 10, 11, 12, 13, 14, 15, 16, 17, 18, 19, 20, 21, 22, 23, 24, 25, 26, 27, 28, 29]","[1.1419644355773926, 1.1713181734085083, 1.240107536315918, 1.195743441581726, 1.1811882257461548, 1.1707707643508911, 1.1092125177383423, 1.2573636770248413, 1.2576355934143066, 1.1896233558654785, 1.2206906080245972, 1.1313600540161133, 1.1883442401885986, 1.0861045122146606, 1.169890284538269, 1.1350536346435547, 1.2416034936904907, 1.1306434869766235, 1.220120906829834, 1.109336495399475, 1.1400814056396484, 1.1308884620666504, 1.1600199937820435, 1.0872516632080078, 1.1515733003616333, 1.1778661012649536, 1.1567775011062622, 1.2329468727111816, 1.2157437801361084, 1.209161400794983]",sae,Pre-64
1,beta,12,10.0,0.4455148672091349,0.4361346773072694,0.4039241159645564,0.5,0.5892778403611032,0.732179722690948,30,"[0, 1, 2, 3, 4, 5, 6, 7, 8, 9, 10, 11, 12, 13, 14, 15, 16, 17, 18, 19, 20, 21, 22, 23, 24, 25, 26, 27, 28, 29]","[1.1510069370269775, 1.238104224205017, 1.1669384241104126, 1.0727007389068604, 1.2094347476959229, 1.160822868347168, 1.1686755418777466, 1.231000304222107, 1.250001072883606, 1.1482594013214111, 1.1463829278945923, 1.2851383686065674, 1.1506091356277466, 1.2207391262054443, 1.1269334554672241, 1.2875975370407104, 1.111490249633789, 1.2468537092208862, 1.1965770721435547, 1.2625105381011963, 1.2613308429718018, 1.1978631019592285, 1.1764955520629883, 1.2832802534103394, 1.261273980140686, 1.1248352527618408, 1.2639222145080566, 1.2385042905807495, 1.1889654397964478, 1.2939741611480713]",sae,Pre-64
1,beta,33,5.0,0.4492211383258522,0.4377959816952598,0.4223402424961981,0.5,0.6165210074526608,0.6954138560095032,30,"[0, 1, 2, 3, 4, 5, 6, 7, 8, 9, 10, 11, 12, 13, 14, 15, 16, 17, 18, 19, 20, 21, 22, 23, 24, 25, 26, 27, 28, 29]","[1.1849273443222046, 1.2562428712844849, 1.2136778831481934, 1.194433331489563, 1.149998426437378, 1.2687307596206665, 1.1574212312698364, 1.2470797300338745, 1.2527871131896973, 1.2536271810531616, 1.1950736045837402, 1.2495068311691284, 1.1756917238235474, 1.1588196754455566, 1.1325362920761108, 1.2413465976715088, 1.1629266738891602, 1.1944456100463867, 1.2464298009872437, 1.2438013553619385, 1.1899774074554443, 1.159067153930664, 1.2561681270599365, 1.2361953258514404, 1.2687146663665771, 1.1437739133834839, 1.1919195652008057, 1.171987533569336, 1.145799160003662, 1.191154956817627]",sae,Pre-64
1,beta,29,0.3,0.4558655961502112,0.4409050416793991,0.4487083188838403,0.5,0.6296548282533407,0.6686498094534468,30,"[0, 1, 2, 3, 4, 5, 6, 7, 8, 9, 10, 11, 12, 13, 14, 15, 16, 17, 18, 19, 20, 21, 22, 23, 24, 25, 26, 27, 28, 29]","[1.2165882587432861, 1.1617311239242554, 1.0457146167755127, 1.2597591876983643, 1.2041451930999756, 1.1850624084472656, 1.2647019624710083, 1.1854196786880493, 1.250137448310852, 1.2580294609069824, 1.2109994888305664, 1.2468526363372803, 1.253699541091919, 1.257894515991211, 1.1947720050811768, 1.2504297494888306, 1.1328637599945068, 1.1861989498138428, 1.1692510843276978, 1.2169743776321411, 1.2723513841629028, 1.2782622575759888, 1.203599214553833, 1.2182713747024536, 1.208500862121582, 1.15372896194458, 1.2184422016143799, 1.263407588005066, 1.3129290342330933, 1.1892391443252563]",sae,Pre-64
1,beta,28,50.0,0.4589844236982603,0.4495627040154577,0.4363597930098649,0.5,0.5987249917034086,0.6954499122931779,30,"[0, 1, 2, 3, 4, 5, 6, 7, 8, 9, 10, 11, 12, 13, 14, 15, 16, 17, 18, 19, 20, 21, 22, 23, 24, 25, 26, 27, 28, 29]","[1.1352343559265137, 1.0775038003921509, 1.0399432182312012, 1.2336927652359009, 1.179149866104126, 1.2072476148605347, 1.1323752403259277, 1.10542631149292, 1.2175010442733765, 1.2215855121612549, 1.176476240158081, 1.2057819366455078, 1.218854308128357, 1.2209949493408203, 1.1551659107208252, 1.1379764080047607, 1.1653257608413696, 1.2166705131530762, 1.183241605758667, 1.1995640993118286, 1.135400652885437, 1.153017282485962, 1.1304819583892822, 1.08482027053833, 1.1267801523208618, 1.205606460571289, 1.2566165924072266, 1.1601134538650513, 1.1428003311157227, 1.122060775756836]",sae,Pre-64
1,beta,2,50.0,0.4419681213812466,0.4306250660512843,0.4211426135076977,0.5,0.6028191218064636,0.6886562804284323,30,"[0, 1, 2, 3, 4, 5, 6, 7, 8, 9, 10, 11, 12, 13, 14, 15, 16, 17, 18, 19, 20, 21, 22, 23, 24, 25, 26, 27, 28, 29]","[1.1491129398345947, 1.1618432998657227, 1.1426033973693848, 1.191449761390686, 1.1310452222824097, 1.2005151510238647, 1.17189359664917, 1.1661605834960938, 1.12075674533844, 1.1253643035888672, 1.1488215923309326, 1.1343861818313599, 1.16419517993927, 1.20036780834198, 1.190604567527771, 1.1571122407913208, 1.179641604423523, 1.2343209981918335, 1.221923589706421, 1.2101647853851318, 1.1568256616592407, 1.1531498432159424, 1.1994770765304565, 1.1852316856384277, 1.1635690927505493, 1.1419733762741089, 1.1855614185333252, 1.1774711608886719, 1.0223711729049683, 1.220582127571106]",sae,Pre-64
1,beta,23,0.25,0.4478205607315014,0.4344954522622479,0.4317269217414636,0.5,0.6150139710231751,0.6708314990219527,30,"[0, 1, 2, 3, 4, 5, 6, 7, 8, 9, 10, 11, 12, 13, 14, 15, 16, 17, 18, 19, 20, 21, 22, 23, 24, 25, 26, 27, 28, 29]","[1.2225968837738037, 1.252692699432373, 1.2146977186203003, 1.3406076431274414, 1.1517369747161865, 1.2232894897460938, 1.319260835647583, 1.2624620199203491, 1.2182432413101196, 1.3435465097427368, 1.3354382514953613, 1.2934913635253906, 1.2827732563018799, 1.1666048765182495, 1.2805157899856567, 1.3354085683822632, 1.0673757791519165, 1.2657837867736816, 1.2131067514419556, 1.22844398021698, 1.331872820854187, 1.3474829196929932, 1.2172220945358276, 1.342327356338501, 1.329052209854126, 1.2741907835006714, 1.235364556312561, 1.2216835021972656, 1.2568429708480835, 1.3480076789855957]",sae,Pre-64
1,beta,18,200.0,0.4575117633693479,0.4471831599677374,0.4182839141236465,0.5,0.6052065040104606,0.7279783219994782,30,"[0, 1, 2, 3, 4, 5, 6, 7, 8, 9, 10, 11, 12, 13, 14, 15, 16, 17, 18, 19, 20, 21, 22, 23, 24, 25, 26, 27, 28, 29]","[1.08156156539917, 1.1808451414108276, 1.2274887561798096, 1.1775970458984375, 1.1839946508407593, 1.1783868074417114, 1.302558422088623, 1.1474957466125488, 1.2003755569458008, 1.1137614250183105, 1.279771089553833, 1.1947054862976074, 1.217077374458313, 1.243087649345398, 1.1674503087997437, 1.1044795513153076, 1.2428091764450073, 1.1572407484054565, 1.1403177976608276, 1.0754040479660034, 1.2844663858413696, 1.1361045837402344, 1.2445805072784424, 1.2017990350723267, 1.1962649822235107, 1.1700507402420044, 1.2117968797683716, 1.2385376691818237, 1.2291908264160156, 1.181313395500183]",sae,Pre-64
1,beta,25,0.22,0.4465066892532915,0.4352791138475453,0.4369155522245641,0.5,0.6270054355300688,0.6624963374453606,30,"[0, 1, 2, 3, 4, 5, 6, 7, 8, 9, 10, 11, 12, 13, 14, 15, 16, 17, 18, 19, 20, 21, 22, 23, 24, 25, 26, 27, 28, 29]","[1.2607728242874146, 1.2584983110427856, 1.1831810474395752, 1.270527720451355, 1.2684160470962524, 1.265477180480957, 1.151258111000061, 1.1815577745437622, 1.237794041633606, 1.1347510814666748, 1.2736210823059082, 1.1921511888504028, 1.2696468830108643, 1.200376272201538, 1.1805239915847778, 1.2086623907089233, 1.068743109703064, 1.1262370347976685, 1.1685137748718262, 1.201820731163025, 1.2947254180908203, 1.1040440797805786, 1.243791103363037, 1.2125072479248047, 1.2362018823623657, 1.1938040256500244, 1.2991340160369873, 1.2643537521362305, 1.2824866771697998, 1.1391526460647583]",sae,Pre-64
1,beta,12,100.0,0.4455148672091349,0.4361346773072694,0.4067994034030875,0.5,0.5892778403611032,0.732179722690948,30,"[0, 1, 2, 3, 4, 5, 6, 7, 8, 9, 10, 11, 12, 13, 14, 15, 16, 17, 18, 19, 20, 21, 22, 23, 24, 25, 26, 27, 28, 29]","[1.1510069370269775, 1.238104224205017, 1.1669384241104126, 1.0727007389068604, 1.2094347476959229, 1.160822868347168, 1.1686755418777466, 1.231000304222107, 1.250001072883606, 1.1482594013214111, 1.1463829278945923, 1.2851383686065674, 1.1506091356277466, 1.2207391262054443, 1.1269334554672241, 1.2875975370407104, 1.111490249633789, 1.2468537092208862, 1.1965770721435547, 1.2625105381011963, 1.2613308429718018, 1.1978631019592285, 1.1764955520629883, 1.2832802534103394, 1.261273980140686, 1.1248352527618408, 1.2639222145080566, 1.2385042905807495, 1.1889654397964478, 1.2939741611480713]",sae,Pre-64
1,beta,22,2.0,0.4519005213187685,0.4442985770479847,0.4317337039341601,0.5,0.5939599289403404,0.6815271356133603,30,"[0, 1, 2, 3, 4, 5, 6, 7, 8, 9, 10, 11, 12, 13, 14, 15, 16, 17, 18, 19, 20, 21, 22, 23, 24, 25, 26, 27, 28, 29]","[1.1179190874099731, 1.168941855430603, 1.1830703020095825, 1.1668369770050049, 1.2358616590499878, 1.1766568422317505, 1.1327937841415405, 1.165419340133667, 1.125562310218811, 1.1434152126312256, 1.1285946369171143, 1.224861741065979, 1.1848485469818115, 1.2125139236450195, 1.133904218673706, 1.1921454668045044, 1.203025460243225, 1.2069814205169678, 1.1357468366622925, 1.1382958889007568, 1.198440432548523, 1.1977695226669312, 1.207923412322998, 1.1743204593658447, 1.1639965772628784, 1.2263959646224976, 1.1249594688415527, 1.1282567977905273, 1.2587064504623413, 1.1409783363342285]",sae,Pre-64
1,beta,27,3.0,0.4609757262074365,0.4537266978541116,0.4453848227949522,0.5,0.5914172664146189,0.6586614698443567,30,"[0, 1, 2, 3, 4, 5, 6, 7, 8, 9, 10, 11, 12, 13, 14, 15, 16, 17, 18, 19, 20, 21, 22, 23, 24, 25, 26, 27, 28, 29]","[1.2290319204330444, 1.2658694982528687, 1.2246942520141602, 1.2191146612167358, 1.2526310682296753, 1.1830732822418213, 1.2688981294631958, 1.1652835607528687, 1.2092324495315552, 1.1985894441604614, 1.1707059144973755, 1.268323302268982, 1.2084215879440308, 1.1814098358154297, 1.2069700956344604, 1.1506013870239258, 1.180336356163025, 1.2344633340835571, 1.2088221311569214, 1.1903407573699951, 1.2684584856033325, 1.2527191638946533, 1.1786249876022339, 1.1301987171173096, 1.2132477760314941, 1.2670561075210571, 1.1951019763946533, 1.2304065227508545, 1.1527602672576904, 1.2162050008773804]",sae,Pre-64
1,beta,40,100.0,0.44666181227492,0.4340193094910912,0.4277079325824439,0.5,0.6093636266731638,0.6687813123391555,30,"[0, 1, 2, 3, 4, 5, 6, 7, 8, 9, 10, 11, 12, 13, 14, 15, 16, 17, 18, 19, 20, 21, 22, 23, 24, 25, 26, 27, 28, 29]","[1.2192795276641846, 1.1627495288848877, 1.1719245910644531, 1.11849045753479, 1.135270118713379, 1.1779391765594482, 1.1913443803787231, 1.1937462091445923, 1.2064859867095947, 1.201514720916748, 1.149951457977295, 1.1584373712539673, 1.2228493690490723, 1.112459421157837, 1.1239572763442993, 1.2368988990783691, 1.1208115816116333, 1.179778814315796, 1.1400268077850342, 1.1179053783416748, 1.1553407907485962, 1.1589585542678833, 1.194280743598938, 1.1646192073822021, 1.205991506576538, 1.145589828491211, 1.2156630754470825, 1.108210802078247, 1.2394895553588867, 1.1593530178070068]",sae,Pre-64
1,beta,34,5.0,0.4568527557813058,0.4470225010708758,0.437199284883457,0.5,0.6011606799053854,0.6760287318218534,30,"[0, 1, 2, 3, 4, 5, 6, 7, 8, 9, 10, 11, 12, 13, 14, 15, 16, 17, 18, 19, 20, 21, 22, 23, 24, 25, 26, 27, 28, 29]","[1.137890338897705, 1.2171109914779663, 1.2127997875213623, 1.1824638843536377, 1.152029275894165, 1.1444475650787354, 1.1735047101974487, 1.0769213438034058, 1.1361875534057617, 1.1606651544570923, 1.2005587816238403, 1.015907645225525, 1.1853113174438477, 1.0790728330612183, 1.1112900972366333, 1.1400375366210938, 1.2139219045639038, 1.2259365320205688, 1.1806495189666748, 1.1336230039596558, 1.175050139427185, 1.2325819730758667, 1.1709409952163696, 1.1730239391326904, 1.1460753679275513, 1.094346284866333, 1.2428449392318726, 1.229536533355713, 1.2293792963027954, 1.190686821937561]",sae,Pre-64
1,beta,9,0.25,0.448644851968101,0.4348910401892977,0.4421534838583524,0.5,0.6286670530281078,0.6714459576934221,30,"[0, 1, 2, 3, 4, 5, 6, 7, 8, 9, 10, 11, 12, 13, 14, 15, 16, 17, 18, 19, 20, 21, 22, 23, 24, 25, 26, 27, 28, 29]","[1.3245186805725098, 1.2601252794265747, 1.3444631099700928, 1.3222365379333496, 1.2618396282196045, 1.1261025667190552, 1.3182626962661743, 1.2430639266967773, 1.3225289583206177, 1.2044552564620972, 1.3119597434997559, 1.2662433385849, 1.2709615230560303, 1.3104965686798096, 1.3569087982177734, 1.2789558172225952, 1.2408829927444458, 1.3324897289276123, 1.3432866334915161, 1.2403216361999512, 1.3297420740127563, 1.3382209539413452, 1.2434900999069214, 1.3291159868240356, 1.3446153402328491, 1.3285504579544067, 1.195870041847229, 1.1409244537353516, 1.257878065109253, 1.34542977809906]",sae,Pre-64
1,beta,4,20.0,0.4589558369307028,0.4477177462853796,0.4451764718815508,0.5,0.61034827708266,0.6615802514735983,30,"[0, 1, 2, 3, 4, 5, 6, 7, 8, 9, 10, 11, 12, 13, 14, 15, 16, 17, 18, 19, 20, 21, 22, 23, 24, 25, 26, 27, 28, 29]","[1.1777721643447876, 1.1554479598999023, 1.123734712600708, 1.2367613315582275, 1.1010112762451172, 1.1309430599212646, 1.145643711090088, 1.1165508031845093, 1.1993235349655151, 1.1947863101959229, 1.1990617513656616, 1.1123532056808472, 1.2366323471069336, 1.1637712717056274, 1.1139233112335205, 1.1837881803512573, 1.1833724975585938, 1.168279767036438, 1.1406776905059814, 1.2084177732467651, 1.1869065761566162, 1.2237598896026611, 1.1760855913162231, 1.0962145328521729, 1.1903668642044067, 1.1116077899932861, 1.1601639986038208, 1.1707360744476318, 1.2161426544189453, 1.1170037984848022]",sae,Pre-64
1,beta,2,1000.0,0.4419681213812466,0.4306250660512843,0.4211426135076977,0.5,0.6028191218064636,0.6886562804284323,30,"[0, 1, 2, 3, 4, 5, 6, 7, 8, 9, 10, 11, 12, 13, 14, 15, 16, 17, 18, 19, 20, 21, 22, 23, 24, 25, 26, 27, 28, 29]","[1.1491129398345947, 1.1618432998657227, 1.1426033973693848, 1.191449761390686, 1.1310452222824097, 1.2005151510238647, 1.17189359664917, 1.1661605834960938, 1.12075674533844, 1.1253643035888672, 1.1488215923309326, 1.1343861818313599, 1.16419517993927, 1.20036780834198, 1.190604567527771, 1.1571122407913208, 1.179641604423523, 1.2343209981918335, 1.221923589706421, 1.2101647853851318, 1.1568256616592407, 1.1531498432159424, 1.1994770765304565, 1.1852316856384277, 1.1635690927505493, 1.1419733762741089, 1.1855614185333252, 1.1774711608886719, 1.0223711729049683, 1.220582127571106]",sae,Pre-64
1,beta,42,3.0,0.4546678683050885,0.4407690563496341,0.4345220989099065,0.5,0.6336081445133979,0.6603511208928656,30,"[0, 1, 2, 3, 4, 5, 6, 7, 8, 9, 10, 11, 12, 13, 14, 15, 16, 17, 18, 19, 20, 21, 22, 23, 24, 25, 26, 27, 28, 29]","[1.2767118215560913, 1.1509020328521729, 1.2741888761520386, 1.2517021894454956, 1.16533625125885, 1.2553739547729492, 1.1647206544876099, 1.148014783859253, 1.1693377494812012, 1.2613091468811035, 1.2386943101882935, 1.2795376777648926, 1.1614588499069214, 1.0049147605895996, 1.2809103727340698, 1.1924101114273071, 1.141250491142273, 1.1302461624145508, 1.240049958229065, 1.2147595882415771, 1.1706880331039429, 1.1570767164230347, 1.171014428138733, 1.1616032123565674, 1.189007043838501, 1.1533206701278687, 1.2752232551574707, 1.16252863407135, 1.2145106792449951, 1.1530125141143799]",sae,Pre-64
1,beta,35,0.4,0.4566193215888805,0.4379483378046387,0.426902187900249,0.5,0.637290178651746,0.711674432830182,30,"[0, 1, 2, 3, 4, 5, 6, 7, 8, 9, 10, 11, 12, 13, 14, 15, 16, 17, 18, 19, 20, 21, 22, 23, 24, 25, 26, 27, 28, 29]","[1.1419644355773926, 1.1713181734085083, 1.240107536315918, 1.195743441581726, 1.1811882257461548, 1.1707707643508911, 1.1092125177383423, 1.2573636770248413, 1.2576355934143066, 1.1896233558654785, 1.2206906080245972, 1.1313600540161133, 1.1883442401885986, 1.0861045122146606, 1.169890284538269, 1.1350536346435547, 1.2416034936904907, 1.1306434869766235, 1.220120906829834, 1.109336495399475, 1.1400814056396484, 1.1308884620666504, 1.1600199937820435, 1.0872516632080078, 1.1515733003616333, 1.1778661012649536, 1.1567775011062622, 1.2329468727111816, 1.2157437801361084, 1.209161400794983]",sae,Pre-64
1,beta,25,10.0,0.4465066892532915,0.4352791138475453,0.4280681614144255,0.5,0.6270054355300688,0.6623169470140464,30,"[0, 1, 2, 3, 4, 5, 6, 7, 8, 9, 10, 11, 12, 13, 14, 15, 16, 17, 18, 19, 20, 21, 22, 23, 24, 25, 26, 27, 28, 29]","[1.2349497079849243, 1.2300689220428467, 1.1594949960708618, 1.2379430532455444, 1.2391033172607422, 1.2348957061767578, 1.1245805025100708, 1.155241847038269, 1.2080327272415161, 1.1094435453414917, 1.245295763015747, 1.160856008529663, 1.2375980615615845, 1.172969102859497, 1.15664803981781, 1.1831228733062744, 1.0464048385620117, 1.1029119491577148, 1.1445536613464355, 1.177851676940918, 1.2662200927734375, 1.0758339166641235, 1.214041829109192, 1.1855113506317139, 1.210127353668213, 1.1676115989685059, 1.270385980606079, 1.2399115562438965, 1.2544312477111816, 1.10956871509552]",sae,Pre-64
1,beta,17,20.0,0.4599327030141671,0.4513468217402507,0.4347960153876162,0.5,0.6120635717004715,0.6982794453738126,30,"[0, 1, 2, 3, 4, 5, 6, 7, 8, 9, 10, 11, 12, 13, 14, 15, 16, 17, 18, 19, 20, 21, 22, 23, 24, 25, 26, 27, 28, 29]","[1.253448724746704, 1.157033085823059, 1.1724380254745483, 1.21102774143219, 1.2398598194122314, 1.1416960954666138, 1.2152034044265747, 1.1179237365722656, 1.1752480268478394, 1.1612284183502197, 1.2127126455307007, 1.234884262084961, 1.1886143684387207, 1.2384566068649292, 1.1679030656814575, 1.1839061975479126, 1.2392202615737915, 1.1842913627624512, 1.217572808265686, 1.1993213891983032, 1.1283472776412964, 1.197530746459961, 1.0647335052490234, 1.1836165189743042, 1.1550945043563843, 1.1692523956298828, 1.1686493158340454, 1.191864013671875, 1.1417936086654663, 1.2131496667861938]",sae,Pre-64
1,beta,28,3.0,0.4589844236982603,0.4495627040154577,0.4352762382175527,0.5,0.5987249917034086,0.6954499122931779,30,"[0, 1, 2, 3, 4, 5, 6, 7, 8, 9, 10, 11, 12, 13, 14, 15, 16, 17, 18, 19, 20, 21, 22, 23, 24, 25, 26, 27, 28, 29]","[1.1352343559265137, 1.0775038003921509, 1.0399432182312012, 1.2336927652359009, 1.179149866104126, 1.2072476148605347, 1.1323752403259277, 1.10542631149292, 1.2175010442733765, 1.2215855121612549, 1.176476240158081, 1.2057819366455078, 1.218854308128357, 1.2209949493408203, 1.1551659107208252, 1.1379764080047607, 1.1653257608413696, 1.2166705131530762, 1.183241605758667, 1.1995640993118286, 1.135400652885437, 1.153017282485962, 1.1304819583892822, 1.08482027053833, 1.1267801523208618, 1.205606460571289, 1.2566165924072266, 1.1601134538650513, 1.1428003311157227, 1.122060775756836]",sae,Pre-64
1,beta,39,10.0,0.4461088087810431,0.4292341094433316,0.4231533532947444,0.5,0.6205127278095635,0.6657718484774533,30,"[0, 1, 2, 3, 4, 5, 6, 7, 8, 9, 10, 11, 12, 13, 14, 15, 16, 17, 18, 19, 20, 21, 22, 23, 24, 25, 26, 27, 28, 29]","[1.1917375326156616, 1.236011266708374, 1.1890162229537964, 1.1643238067626953, 1.140978217124939, 1.2120108604431152, 1.1828933954238892, 1.2210265398025513, 1.1605393886566162, 1.199174165725708, 1.1834092140197754, 1.0992392301559448, 1.2075473070144653, 1.1379015445709229, 1.20431649684906, 1.2560211420059204, 1.1885234117507935, 1.2229002714157104, 1.1480319499969482, 1.0825574398040771, 1.1679973602294922, 1.2216445207595825, 1.1227527856826782, 1.1278188228607178, 1.2215803861618042, 1.2034790515899658, 1.0507583618164062, 1.1575127840042114, 1.2623809576034546, 1.1674622297286987]",sae,Pre-64
1,beta,41,0.5,0.4543678569363413,0.4427951465832617,0.4434513383175256,0.5,0.6190905384235713,0.6706238331294664,30,"[0, 1, 2, 3, 4, 5, 6, 7, 8, 9, 10, 11, 12, 13, 14, 15, 16, 17, 18, 19, 20, 21, 22, 23, 24, 25, 26, 27, 28, 29]","[1.1356950998306274, 1.1843740940093994, 1.0599017143249512, 1.0706007480621338, 1.0468002557754517, 1.210906744003296, 1.101571798324585, 1.1551228761672974, 1.140668272972107, 1.1793739795684814, 1.185392141342163, 1.1593207120895386, 1.1646181344985962, 1.1845898628234863, 1.201792597770691, 1.1444034576416016, 1.0762401819229126, 1.1555777788162231, 1.1304680109024048, 1.1696642637252808, 1.0725892782211304, 1.1413424015045166, 1.1628625392913818, 1.156077265739441, 1.1492286920547485, 1.137248158454895, 1.1817694902420044, 1.172348141670227, 1.1405194997787476, 1.0922468900680542]",sae,Pre-64
1,beta,8,2.0,0.4517491928182039,0.4406431065890545,0.4298261245447466,0.5,0.6098144493254953,0.6772260068051754,30,"[0, 1, 2, 3, 4, 5, 6, 7, 8, 9, 10, 11, 12, 13, 14, 15, 16, 17, 18, 19, 20, 21, 22, 23, 24, 25, 26, 27, 28, 29]","[1.1187007427215576, 1.218583345413208, 1.1729588508605957, 1.1930103302001953, 1.2442059516906738, 1.182166576385498, 1.2270926237106323, 1.164693832397461, 1.2057322263717651, 1.212062120437622, 1.2319320440292358, 1.18947172164917, 1.188055396080017, 1.2018784284591675, 1.2228853702545166, 1.1608076095581055, 1.179728627204895, 1.1950958967208862, 1.1249150037765503, 1.1465964317321777, 1.1464855670928955, 1.1299797296524048, 1.2297531366348267, 1.1591399908065796, 1.2222727537155151, 1.227508783340454, 1.1398975849151611, 1.22318696975708, 1.2009252309799194, 1.166541337966919]",sae,Pre-64
1,beta,48,5.0,0.4556814132376,0.4510566266980289,0.4560109838419784,0.5,0.5923878577171784,0.5876994552846448,30,"[0, 1, 2, 3, 4, 5, 6, 7, 8, 9, 10, 11, 12, 13, 14, 15, 16, 17, 18, 19, 20, 21, 22, 23, 24, 25, 26, 27, 28, 29]","[1.314848780632019, 1.2628027200698853, 1.241004228591919, 1.2374732494354248, 1.2198200225830078, 1.1986083984375, 1.2501070499420166, 1.1745821237564087, 1.2252157926559448, 1.2332372665405273, 1.2725598812103271, 1.2326319217681885, 1.2322970628738403, 1.2276474237442017, 1.1980329751968384, 1.24959397315979, 1.2403693199157715, 1.2576123476028442, 1.2807153463363647, 1.1356396675109863, 1.2306994199752808, 1.2764241695404053, 1.2865550518035889, 1.136379361152649, 1.2335848808288574, 1.253692626953125, 1.2959669828414917, 1.2499793767929077, 1.2189946174621582, 1.252404808998108]",sae,Pre-64
1,beta,18,20.0,0.4575117633693479,0.4471831599677374,0.4163969378834705,0.5,0.6052065040104606,0.7279783219994782,30,"[0, 1, 2, 3, 4, 5, 6, 7, 8, 9, 10, 11, 12, 13, 14, 15, 16, 17, 18, 19, 20, 21, 22, 23, 24, 25, 26, 27, 28, 29]","[1.08156156539917, 1.1808451414108276, 1.2274887561798096, 1.1775970458984375, 1.1839946508407593, 1.1783868074417114, 1.302558422088623, 1.1474957466125488, 1.2003755569458008, 1.1137614250183105, 1.279771089553833, 1.1947054862976074, 1.217077374458313, 1.243087649345398, 1.1674503087997437, 1.1044795513153076, 1.2428091764450073, 1.1572407484054565, 1.1403177976608276, 1.0754040479660034, 1.2844663858413696, 1.1361045837402344, 1.2445805072784424, 1.2017990350723267, 1.1962649822235107, 1.1700507402420044, 1.2117968797683716, 1.2385376691818237, 1.2291908264160156, 1.181313395500183]",sae,Pre-64
1,beta,13,0.5,0.4619123366083722,0.4531466051409948,0.4353358523040135,0.5,0.6127276801885291,0.7084227751366117,30,"[0, 1, 2, 3, 4, 5, 6, 7, 8, 9, 10, 11, 12, 13, 14, 15, 16, 17, 18, 19, 20, 21, 22, 23, 24, 25, 26, 27, 28, 29]","[1.2620290517807007, 1.0841492414474487, 1.2518304586410522, 1.2009828090667725, 1.1773443222045898, 1.2524205446243286, 1.1896860599517822, 1.205586552619934, 1.2011864185333252, 1.204891324043274, 1.2614386081695557, 1.189528465270996, 1.1975116729736328, 1.2220771312713623, 1.2205173969268799, 1.1578680276870728, 1.1433484554290771, 1.2188818454742432, 1.1746560335159302, 1.1710954904556274, 1.1613126993179321, 1.1272764205932617, 1.1385637521743774, 1.1813597679138184, 1.1625311374664307, 1.1538347005844116, 1.1776994466781616, 1.1675361394882202, 1.191448450088501, 1.2053452730178833]",sae,Pre-64
1,beta,0,100.0,0.4600628296558519,0.4487196928272481,0.4294260616841683,0.5,0.6146148452673732,0.7212500893551071,30,"[0, 1, 2, 3, 4, 5, 6, 7, 8, 9, 10, 11, 12, 13, 14, 15, 16, 17, 18, 19, 20, 21, 22, 23, 24, 25, 26, 27, 28, 29]","[1.1609565019607544, 1.205399990081787, 1.1734585762023926, 1.2161903381347656, 1.1425961256027222, 1.1842118501663208, 1.2070008516311646, 1.2379403114318848, 1.2223178148269653, 1.1959354877471924, 1.181226134300232, 1.1726235151290894, 1.2236276865005493, 1.2120070457458496, 1.218804955482483, 1.1687568426132202, 1.1801352500915527, 1.143155813217163, 1.0709192752838135, 1.2054029703140259, 1.1369202136993408, 1.1508759260177612, 1.2216984033584595, 1.1585367918014526, 1.1669466495513916, 1.1062743663787842, 1.2285964488983154, 1.136776089668274, 1.1998835802078247, 1.1328357458114624]",sae,Pre-64
1,beta,30,1.5,0.4638407167611665,0.4544841508273655,0.4349917136696578,0.5,0.6043368975359404,0.6920299717760999,30,"[0, 1, 2, 3, 4, 5, 6, 7, 8, 9, 10, 11, 12, 13, 14, 15, 16, 17, 18, 19, 20, 21, 22, 23, 24, 25, 26, 27, 28, 29]","[1.234999656677246, 1.1741113662719727, 1.2121046781539917, 1.183706521987915, 1.188236951828003, 1.1696803569793701, 1.186059832572937, 1.151381492614746, 1.14472234249115, 1.1600751876831055, 1.2435591220855713, 1.1388177871704102, 1.1140148639678955, 1.1526716947555542, 1.2056300640106201, 1.2250553369522095, 1.1707159280776978, 1.1746101379394531, 1.240835428237915, 1.1718575954437256, 1.142357349395752, 1.105589747428894, 1.171762228012085, 1.1619601249694824, 1.262255311012268, 1.1716129779815674, 1.202602505683899, 1.1705881357192993, 1.21686589717865, 1.1907846927642822]",sae,Pre-64
1,beta,15,50.0,0.4529015220185267,0.4424399871594601,0.4300215896187788,0.5,0.6161071485640408,0.710238382312352,30,"[0, 1, 2, 3, 4, 5, 6, 7, 8, 9, 10, 11, 12, 13, 14, 15, 16, 17, 18, 19, 20, 21, 22, 23, 24, 25, 26, 27, 28, 29]","[1.17221999168396, 1.125728726387024, 1.1524420976638794, 1.18513822555542, 1.1932274103164673, 1.1606303453445435, 1.152201533317566, 1.1706732511520386, 1.198472023010254, 1.2162184715270996, 1.1902236938476562, 1.1268775463104248, 1.2425992488861084, 1.2129015922546387, 1.1411244869232178, 1.1768995523452759, 1.151627540588379, 1.2215334177017212, 1.1259431838989258, 1.195621132850647, 1.2451423406600952, 1.2243961095809937, 1.1661878824234009, 1.1994489431381226, 1.127516269683838, 1.0478888750076294, 1.2014273405075073, 1.2476288080215454, 1.165405511856079, 1.1883403062820435]",sae,Pre-64
1,beta,30,1000.0,0.4638407167611665,0.4544841508273655,0.4349917136696578,0.5,0.6043368975359404,0.6920299717760999,30,"[0, 1, 2, 3, 4, 5, 6, 7, 8, 9, 10, 11, 12, 13, 14, 15, 16, 17, 18, 19, 20, 21, 22, 23, 24, 25, 26, 27, 28, 29]","[1.234999656677246, 1.1741113662719727, 1.2121046781539917, 1.183706521987915, 1.188236951828003, 1.1696803569793701, 1.186059832572937, 1.151381492614746, 1.14472234249115, 1.1600751876831055, 1.2435591220855713, 1.1388177871704102, 1.1140148639678955, 1.1526716947555542, 1.2056300640106201, 1.2250553369522095, 1.1707159280776978, 1.1746101379394531, 1.240835428237915, 1.1718575954437256, 1.142357349395752, 1.105589747428894, 1.171762228012085, 1.1619601249694824, 1.262255311012268, 1.1716129779815674, 1.202602505683899, 1.1705881357192993, 1.21686589717865, 1.1907846927642822]",sae,Pre-64
1,beta,40,10.0,0.44666181227492,0.4340193094910912,0.4233566861613702,0.5,0.6093636266731638,0.6687813123391555,30,"[0, 1, 2, 3, 4, 5, 6, 7, 8, 9, 10, 11, 12, 13, 14, 15, 16, 17, 18, 19, 20, 21, 22, 23, 24, 25, 26, 27, 28, 29]","[1.2192795276641846, 1.1627495288848877, 1.1719245910644531, 1.11849045753479, 1.135270118713379, 1.1779391765594482, 1.1913443803787231, 1.1937462091445923, 1.2064859867095947, 1.201514720916748, 1.149951457977295, 1.1584373712539673, 1.2228493690490723, 1.112459421157837, 1.1239572763442993, 1.2368988990783691, 1.1208115816116333, 1.179778814315796, 1.1400268077850342, 1.1179053783416748, 1.1553407907485962, 1.1589585542678833, 1.194280743598938, 1.1646192073822021, 1.205991506576538, 1.145589828491211, 1.2156630754470825, 1.108210802078247, 1.2394895553588867, 1.1593530178070068]",sae,Pre-64
1,beta,14,3.0,0.4467366851483266,0.4421697276018216,0.4185288144017053,0.5,0.5934222168898753,0.7004071746726857,30,"[0, 1, 2, 3, 4, 5, 6, 7, 8, 9, 10, 11, 12, 13, 14, 15, 16, 17, 18, 19, 20, 21, 22, 23, 24, 25, 26, 27, 28, 29]","[1.1700234413146973, 1.0681921243667603, 1.1210544109344482, 1.148490071296692, 1.1765847206115723, 1.143620252609253, 1.1391699314117432, 1.1990078687667847, 1.1443272829055786, 1.177550196647644, 1.0939750671386719, 1.0375179052352905, 1.0638422966003418, 1.1846389770507812, 1.1842373609542847, 1.1451287269592285, 1.202758550643921, 1.1907190084457397, 1.1267846822738647, 1.1308374404907227, 1.1608028411865234, 1.1382582187652588, 1.1897944211959839, 1.1014028787612915, 1.1924012899398804, 1.182306170463562, 1.1216769218444824, 1.1922364234924316, 1.183416485786438, 1.0683033466339111]",sae,Pre-64
1,beta,45,20.0,0.4515599815008028,0.4347157609968581,0.430822053678022,0.5,0.6289673345145609,0.6747383883815667,30,"[0, 1, 2, 3, 4, 5, 6, 7, 8, 9, 10, 11, 12, 13, 14, 15, 16, 17, 18, 19, 20, 21, 22, 23, 24, 25, 26, 27, 28, 29]","[1.2118186950683594, 1.2046393156051636, 1.1175212860107422, 1.2471874952316284, 1.2435009479522705, 1.0702455043792725, 1.2621617317199707, 1.1873860359191895, 1.158481478691101, 1.0991942882537842, 1.1809848546981812, 1.2580912113189697, 1.2084110975265503, 1.1058392524719238, 1.1608388423919678, 1.1815924644470215, 1.1621969938278198, 1.0576989650726318, 1.1889337301254272, 1.2040725946426392, 1.2099356651306152, 1.1275392770767212, 1.2057688236236572, 1.0658499002456665, 1.0492150783538818, 1.2386078834533691, 1.1468443870544434, 1.167812705039978, 1.0608655214309692, 1.248781681060791]",sae,Pre-64
1,beta,37,0.25,0.4546908257221888,0.444978337644671,0.4248521975553931,0.5,0.6058579085235571,0.7202592918965247,30,"[0, 1, 2, 3, 4, 5, 6, 7, 8, 9, 10, 11, 12, 13, 14, 15, 16, 17, 18, 19, 20, 21, 22, 23, 24, 25, 26, 27, 28, 29]","[1.1383056640625, 1.213341236114502, 1.177707552909851, 1.16965913772583, 1.1041587591171265, 1.2045390605926514, 1.1453032493591309, 1.249243140220642, 1.2818135023117065, 1.2036993503570557, 1.1849234104156494, 1.1868669986724854, 1.214905858039856, 1.1719192266464233, 1.2408273220062256, 1.1888898611068726, 1.1841654777526855, 1.2297459840774536, 1.199540138244629, 1.1944150924682617, 1.1982941627502441, 1.2023546695709229, 1.2497965097427368, 1.2272303104400635, 1.1954416036605835, 1.2279680967330933, 1.1945136785507202, 1.198485016822815, 1.2278281450271606, 1.2478563785552979]",sae,Pre-64
1,beta,49,0.4,0.462130925118617,0.4524487678230295,0.4458368627313446,0.5,0.6141152509743157,0.6820620275156126,30,"[0, 1, 2, 3, 4, 5, 6, 7, 8, 9, 10, 11, 12, 13, 14, 15, 16, 17, 18, 19, 20, 21, 22, 23, 24, 25, 26, 27, 28, 29]","[1.1955918073654175, 1.2339551448822021, 1.2274540662765503, 1.2181768417358398, 1.157768964767456, 1.2039903402328491, 1.2636346817016602, 1.1616230010986328, 1.2682939767837524, 1.2436317205429077, 1.1828383207321167, 1.183973789215088, 1.2312575578689575, 1.2395755052566528, 1.255402684211731, 1.2153924703598022, 1.302110195159912, 1.2758756875991821, 1.1539263725280762, 1.2446198463439941, 1.2854105234146118, 1.2034142017364502, 1.2803760766983032, 1.2390958070755005, 1.2064688205718994, 1.234633445739746, 1.2449469566345215, 1.2066092491149902, 1.110971450805664, 1.1993824243545532]",sae,Pre-64
1,beta,33,200.0,0.4492211383258522,0.4377959816952598,0.4223402424961981,0.5,0.6165210074526608,0.6954138560095032,30,"[0, 1, 2, 3, 4, 5, 6, 7, 8, 9, 10, 11, 12, 13, 14, 15, 16, 17, 18, 19, 20, 21, 22, 23, 24, 25, 26, 27, 28, 29]","[1.1849273443222046, 1.2562428712844849, 1.2136778831481934, 1.194433331489563, 1.149998426437378, 1.2687307596206665, 1.1574212312698364, 1.2470797300338745, 1.2527871131896973, 1.2536271810531616, 1.1950736045837402, 1.2495068311691284, 1.1756917238235474, 1.1588196754455566, 1.1325362920761108, 1.2413465976715088, 1.1629266738891602, 1.1944456100463867, 1.2464298009872437, 1.2438013553619385, 1.1899774074554443, 1.159067153930664, 1.2561681270599365, 1.2361953258514404, 1.2687146663665771, 1.1437739133834839, 1.1919195652008057, 1.171987533569336, 1.145799160003662, 1.191154956817627]",sae,Pre-64
1,beta,7,75.0,0.4564836922581216,0.4420418003909208,0.4313737553479332,0.5,0.6095136152062148,0.7000084039932237,30,"[0, 1, 2, 3, 4, 5, 6, 7, 8, 9, 10, 11, 12, 13, 14, 15, 16, 17, 18, 19, 20, 21, 22, 23, 24, 25, 26, 27, 28, 29]","[1.186367392539978, 1.203552484512329, 1.2273681163787842, 1.1744158267974854, 1.2427024841308594, 1.194297194480896, 1.1417649984359741, 1.1899380683898926, 1.274727702140808, 1.2103523015975952, 1.1130813360214233, 1.1793581247329712, 1.1271109580993652, 1.140200138092041, 1.2939406633377075, 1.2133886814117432, 1.183907389640808, 1.1221195459365845, 1.2292346954345703, 1.2417727708816528, 1.200108528137207, 1.2005424499511719, 1.201027750968933, 1.1506562232971191, 1.259361982345581, 1.2019909620285034, 1.2091292142868042, 1.0751577615737915, 1.2751001119613647, 1.1631182432174683]",sae,Pre-64
1,beta,24,1.0,0.4501416387440968,0.4383559369047743,0.4378499436686751,0.5,0.6188330126613704,0.6395171300893744,30,"[0, 1, 2, 3, 4, 5, 6, 7, 8, 9, 10, 11, 12, 13, 14, 15, 16, 17, 18, 19, 20, 21, 22, 23, 24, 25, 26, 27, 28, 29]","[1.2124673128128052, 1.1755998134613037, 1.1868178844451904, 1.2273244857788086, 1.242689609527588, 1.1841548681259155, 1.1860560178756714, 1.1832525730133057, 1.2021790742874146, 1.0739104747772217, 1.2058616876602173, 1.1563575267791748, 1.2078834772109985, 1.2294706106185913, 1.1749554872512817, 1.1637247800827026, 1.237532138824463, 1.0551373958587646, 1.169660210609436, 1.2379261255264282, 1.2216182947158813, 1.238648533821106, 1.1921476125717163, 1.2000505924224854, 1.1518317461013794, 1.1153621673583984, 1.1851884126663208, 1.1612211465835571, 1.239385962486267, 1.1791527271270752]",sae,Pre-64
1,beta,10,30.0,0.4493907433353129,0.4390813823454372,0.4286161939339917,0.5,0.6232207829487961,0.6743909002834692,30,"[0, 1, 2, 3, 4, 5, 6, 7, 8, 9, 10, 11, 12, 13, 14, 15, 16, 17, 18, 19, 20, 21, 22, 23, 24, 25, 26, 27, 28, 29]","[1.1427899599075317, 1.068242073059082, 1.199394941329956, 1.158583641052246, 1.149035930633545, 1.1689698696136475, 1.2380726337432861, 1.1728394031524658, 1.0578781366348267, 1.1875046491622925, 1.1654369831085205, 1.1715285778045654, 1.1657956838607788, 1.1442753076553345, 1.2309560775756836, 1.1749398708343506, 1.1827489137649536, 1.12376070022583, 1.1349002122879028, 1.1247795820236206, 1.1484092473983765, 1.1541001796722412, 1.2148005962371826, 1.210876226425171, 1.1075263023376465, 1.1338322162628174, 1.1668912172317505, 1.1912418603897095, 1.1516903638839722, 1.169378399848938]",sae,Pre-64
1,beta,37,30.0,0.4546908257221888,0.444978337644671,0.4238307267210252,0.5,0.6058579085235571,0.7202592918965247,30,"[0, 1, 2, 3, 4, 5, 6, 7, 8, 9, 10, 11, 12, 13, 14, 15, 16, 17, 18, 19, 20, 21, 22, 23, 24, 25, 26, 27, 28, 29]","[1.1383056640625, 1.213341236114502, 1.177707552909851, 1.16965913772583, 1.1041587591171265, 1.2045390605926514, 1.1453032493591309, 1.249243140220642, 1.2818135023117065, 1.2036993503570557, 1.1849234104156494, 1.1868669986724854, 1.214905858039856, 1.1719192266464233, 1.2408273220062256, 1.1888898611068726, 1.1841654777526855, 1.2297459840774536, 1.199540138244629, 1.1944150924682617, 1.1982941627502441, 1.2023546695709229, 1.2497965097427368, 1.2272303104400635, 1.1954416036605835, 1.2279680967330933, 1.1945136785507202, 1.198485016822815, 1.2278281450271606, 1.2478563785552979]",sae,Pre-64
1,beta,24,500.0,0.4501416387440968,0.4383559369047743,0.4411345802081871,0.5,0.6188330126613704,0.6395171300893744,30,"[0, 1, 2, 3, 4, 5, 6, 7, 8, 9, 10, 11, 12, 13, 14, 15, 16, 17, 18, 19, 20, 21, 22, 23, 24, 25, 26, 27, 28, 29]","[1.2124673128128052, 1.1755998134613037, 1.1868178844451904, 1.2273244857788086, 1.242689609527588, 1.1841548681259155, 1.1860560178756714, 1.1832525730133057, 1.2021790742874146, 1.0739104747772217, 1.2058616876602173, 1.1563575267791748, 1.2078834772109985, 1.2294706106185913, 1.1749554872512817, 1.1637247800827026, 1.237532138824463, 1.0551373958587646, 1.169660210609436, 1.2379261255264282, 1.2216182947158813, 1.238648533821106, 1.1921476125717163, 1.2000505924224854, 1.1518317461013794, 1.1153621673583984, 1.1851884126663208, 1.1612211465835571, 1.239385962486267, 1.1791527271270752]",sae,Pre-64
1,beta,36,2.0,0.4642138821845151,0.4576483090311837,0.4530642238504686,0.5,0.6031055233182893,0.6753925104988936,30,"[0, 1, 2, 3, 4, 5, 6, 7, 8, 9, 10, 11, 12, 13, 14, 15, 16, 17, 18, 19, 20, 21, 22, 23, 24, 25, 26, 27, 28, 29]","[1.1789084672927856, 1.1453419923782349, 1.1322602033615112, 1.1648893356323242, 1.0651395320892334, 1.1846054792404175, 1.141721487045288, 1.157162070274353, 1.1999086141586304, 1.0772851705551147, 1.1159154176712036, 1.2064303159713745, 1.127974510192871, 1.1429641246795654, 1.1640619039535522, 1.2071683406829834, 1.1763486862182617, 1.1451680660247803, 1.1947323083877563, 1.1258301734924316, 1.1810296773910522, 1.130793571472168, 1.1566245555877686, 1.1185775995254517, 1.1979726552963257, 1.140467643737793, 1.1513619422912598, 1.1503264904022217, 1.1800856590270996, 1.1112136840820312]",sae,Pre-64
1,beta,47,200.0,0.4460371044958436,0.4257646434940195,0.4033451395960316,0.5,0.6434257056516428,0.7291872950556163,30,"[0, 1, 2, 3, 4, 5, 6, 7, 8, 9, 10, 11, 12, 13, 14, 15, 16, 17, 18, 19, 20, 21, 22, 23, 24, 25, 26, 27, 28, 29]","[1.2948559522628784, 1.148354411125183, 1.1743416786193848, 1.1649647951126099, 1.246188759803772, 1.2814688682556152, 1.2447621822357178, 1.2164852619171143, 1.2303695678710938, 1.1912521123886108, 1.1916992664337158, 1.1139793395996094, 1.1724560260772705, 1.2962146997451782, 1.1174935102462769, 1.2390276193618774, 1.1683082580566406, 1.2478612661361694, 1.090547800064087, 1.1480519771575928, 1.1796824932098389, 1.2337864637374878, 1.2272014617919922, 1.1476048231124878, 1.2347866296768188, 1.1138331890106201, 1.1005412340164185, 1.2123545408248901, 1.1655439138412476, 1.21992826461792]",sae,Pre-64
1,beta,5,200.0,0.4445517550333296,0.4301735816232515,0.4245154437456085,0.5,0.6070910659257547,0.6842133226655333,30,"[0, 1, 2, 3, 4, 5, 6, 7, 8, 9, 10, 11, 12, 13, 14, 15, 16, 17, 18, 19, 20, 21, 22, 23, 24, 25, 26, 27, 28, 29]","[1.204357385635376, 1.1163825988769531, 1.1249853372573853, 1.2326985597610474, 1.2355924844741821, 1.143419623374939, 1.1704707145690918, 1.1541118621826172, 1.2013881206512451, 1.1368167400360107, 1.2147825956344604, 1.2316826581954956, 1.1647292375564575, 1.1742970943450928, 1.2483549118041992, 1.1848121881484985, 1.1945708990097046, 1.215935230255127, 1.0952128171920776, 1.1795579195022583, 1.241766095161438, 1.18599534034729, 1.2278627157211304, 1.1371809244155884, 1.1636097431182861, 1.2409509420394897, 1.11619234085083, 1.1437363624572754, 1.2238935232162476, 1.1628071069717407]",sae,Pre-64
1,beta,43,50.0,0.4515364523902173,0.4432102910589974,0.4337940784286295,0.5,0.6060785767234989,0.6967279466271312,30,"[0, 1, 2, 3, 4, 5, 6, 7, 8, 9, 10, 11, 12, 13, 14, 15, 16, 17, 18, 19, 20, 21, 22, 23, 24, 25, 26, 27, 28, 29]","[1.2137269973754883, 1.2966495752334595, 1.2138888835906982, 1.1676738262176514, 1.2102769613265991, 1.1480684280395508, 1.1920170783996582, 1.177064299583435, 1.259727120399475, 1.1724348068237305, 1.1425949335098267, 1.2585235834121704, 1.2058279514312744, 1.1739577054977417, 1.1621994972229004, 1.0888837575912476, 1.250617504119873, 1.1916553974151611, 1.2415788173675537, 1.2100411653518677, 1.173439860343933, 1.1695396900177002, 1.238284707069397, 1.2358100414276123, 1.1332714557647705, 1.2508617639541626, 1.267849326133728, 1.178114891052246, 1.2484055757522583, 1.2684884071350098]",sae,Pre-64
1,beta,46,20.0,0.4545712902572906,0.4417269056853911,0.4364613397110827,0.5,0.6270377926330811,0.6841009761445498,30,"[0, 1, 2, 3, 4, 5, 6, 7, 8, 9, 10, 11, 12, 13, 14, 15, 16, 17, 18, 19, 20, 21, 22, 23, 24, 25, 26, 27, 28, 29]","[1.154767394065857, 1.227081537246704, 1.2429275512695312, 1.2448883056640625, 1.1829752922058105, 1.2766703367233276, 1.184883952140808, 1.2525430917739868, 1.2228230237960815, 1.2935329675674438, 1.0590815544128418, 1.1557743549346924, 1.295918583869934, 1.1653231382369995, 1.2226365804672241, 1.2752548456192017, 1.2336431741714478, 1.2529560327529907, 1.253047227859497, 1.2707768678665161, 1.200863003730774, 1.2171014547348022, 1.2470494508743286, 1.232546091079712, 1.2547560930252075, 1.260716199874878, 1.2299758195877075, 1.279518485069275, 1.224043607711792, 1.2248477935791016]",sae,Pre-64
1,beta,31,20.0,0.4497611378811508,0.4308970333737342,0.4210645343504314,0.5,0.642735734520437,0.7068234375903335,30,"[0, 1, 2, 3, 4, 5, 6, 7, 8, 9, 10, 11, 12, 13, 14, 15, 16, 17, 18, 19, 20, 21, 22, 23, 24, 25, 26, 27, 28, 29]","[1.1868829727172852, 1.1684132814407349, 1.1411691904067993, 1.1192221641540527, 1.1979950666427612, 1.2012416124343872, 1.1268763542175293, 1.1949924230575562, 1.1851063966751099, 1.1678438186645508, 1.1846915483474731, 1.1878143548965454, 1.2181352376937866, 1.073760986328125, 1.2400416135787964, 1.1805418729782104, 1.1810487508773804, 1.162557601928711, 1.1839708089828491, 1.1404868364334106, 1.2300362586975098, 1.1923527717590332, 1.2170655727386475, 1.2127258777618408, 1.1911245584487915, 1.1909171342849731, 1.1074947118759155, 1.2370617389678955, 1.1450209617614746, 1.2102415561676025]",sae,Pre-64
1,beta,21,75.0,0.4504746503440228,0.4381370334360364,0.4313713200240022,0.5,0.6200058082774133,0.686910676108207,30,"[0, 1, 2, 3, 4, 5, 6, 7, 8, 9, 10, 11, 12, 13, 14, 15, 16, 17, 18, 19, 20, 21, 22, 23, 24, 25, 26, 27, 28, 29]","[1.1140649318695068, 1.152727723121643, 1.2438535690307617, 1.230009913444519, 1.1658810377120972, 1.1943459510803223, 1.1483663320541382, 1.1402873992919922, 1.204589605331421, 1.1714168787002563, 1.23432457447052, 1.17771315574646, 1.132249355316162, 1.1423084735870361, 1.1501163244247437, 1.1399269104003906, 1.1680771112442017, 1.1623523235321045, 1.1109286546707153, 1.2336747646331787, 1.1268517971038818, 1.2345601320266724, 1.125869870185852, 1.1168842315673828, 1.180175542831421, 1.1148767471313477, 1.053167700767517, 1.1537359952926636, 1.2132099866867065, 1.1823461055755615]",sae,Pre-64
1,beta,20,5.0,0.4408022875601419,0.4262939306313442,0.4203136302266294,0.5,0.6176087118064704,0.6488779225692263,30,"[0, 1, 2, 3, 4, 5, 6, 7, 8, 9, 10, 11, 12, 13, 14, 15, 16, 17, 18, 19, 20, 21, 22, 23, 24, 25, 26, 27, 28, 29]","[1.1888443231582642, 1.2588075399398804, 1.2090791463851929, 1.276505947113037, 1.265021800994873, 1.2415491342544556, 1.253626823425293, 1.1762081384658813, 1.2560367584228516, 1.204184651374817, 1.1926451921463013, 1.1942633390426636, 1.285210132598877, 1.1553280353546143, 1.1849594116210938, 1.2904577255249023, 1.1613073348999023, 1.195784091949463, 1.2340788841247559, 1.2251707315444946, 1.236037015914917, 1.167548418045044, 1.2559117078781128, 1.2980648279190063, 1.249900221824646, 1.1806350946426392, 1.2032898664474487, 1.2339420318603516, 1.1950137615203857, 1.2724168300628662]",sae,Pre-64
1,beta,35,75.0,0.4566193215888805,0.4379483378046387,0.4275639338118701,0.5,0.637290178651746,0.711674432830182,30,"[0, 1, 2, 3, 4, 5, 6, 7, 8, 9, 10, 11, 12, 13, 14, 15, 16, 17, 18, 19, 20, 21, 22, 23, 24, 25, 26, 27, 28, 29]","[1.1419644355773926, 1.1713181734085083, 1.240107536315918, 1.195743441581726, 1.1811882257461548, 1.1707707643508911, 1.1092125177383423, 1.2573636770248413, 1.2576355934143066, 1.1896233558654785, 1.2206906080245972, 1.1313600540161133, 1.1883442401885986, 1.0861045122146606, 1.169890284538269, 1.1350536346435547, 1.2416034936904907, 1.1306434869766235, 1.220120906829834, 1.109336495399475, 1.1400814056396484, 1.1308884620666504, 1.1600199937820435, 1.0872516632080078, 1.1515733003616333, 1.1778661012649536, 1.1567775011062622, 1.2329468727111816, 1.2157437801361084, 1.209161400794983]",sae,Pre-64
1,beta,8,75.0,0.4517491928182039,0.4406431065890545,0.4326960575723772,0.5,0.6098144493254953,0.6772260068051754,30,"[0, 1, 2, 3, 4, 5, 6, 7, 8, 9, 10, 11, 12, 13, 14, 15, 16, 17, 18, 19, 20, 21, 22, 23, 24, 25, 26, 27, 28, 29]","[1.1187007427215576, 1.218583345413208, 1.1729588508605957, 1.1930103302001953, 1.2442059516906738, 1.182166576385498, 1.2270926237106323, 1.164693832397461, 1.2057322263717651, 1.212062120437622, 1.2319320440292358, 1.18947172164917, 1.188055396080017, 1.2018784284591675, 1.2228853702545166, 1.1608076095581055, 1.179728627204895, 1.1950958967208862, 1.1249150037765503, 1.1465964317321777, 1.1464855670928955, 1.1299797296524048, 1.2297531366348267, 1.1591399908065796, 1.2222727537155151, 1.227508783340454, 1.1398975849151611, 1.22318696975708, 1.2009252309799194, 1.166541337966919]",sae,Pre-64
1,beta,11,500.0,0.4566976193509867,0.4496008864727478,0.4314025118568114,0.5,0.5995106990682213,0.709773142295266,30,"[0, 1, 2, 3, 4, 5, 6, 7, 8, 9, 10, 11, 12, 13, 14, 15, 16, 17, 18, 19, 20, 21, 22, 23, 24, 25, 26, 27, 28, 29]","[1.197404384613037, 1.0159912109375, 1.1595122814178467, 1.0947496891021729, 1.2204711437225342, 1.0870051383972168, 1.1269891262054443, 1.0375356674194336, 1.2077991962432861, 1.2207576036453247, 1.2321844100952148, 1.2301312685012817, 1.2398982048034668, 1.1524134874343872, 1.143661618232727, 1.0850900411605835, 1.17250657081604, 1.1216024160385132, 1.160549521446228, 1.1942617893218994, 1.178363561630249, 1.1898934841156006, 1.2164463996887207, 1.1637935638427734, 1.1526267528533936, 1.2090473175048828, 1.2035871744155884, 1.1137361526489258, 1.1602522134780884, 1.1377544403076172]",sae,Pre-64
1,beta,23,30.0,0.4478205607315014,0.4344954522622479,0.4231534061165883,0.5,0.6150139710231751,0.6687422750907323,30,"[0, 1, 2, 3, 4, 5, 6, 7, 8, 9, 10, 11, 12, 13, 14, 15, 16, 17, 18, 19, 20, 21, 22, 23, 24, 25, 26, 27, 28, 29]","[1.1367353200912476, 1.1628820896148682, 1.1104114055633545, 1.2438031435012817, 1.0608277320861816, 1.1336368322372437, 1.211327075958252, 1.1689966917037964, 1.136163353919983, 1.248887538909912, 1.2434972524642944, 1.19732666015625, 1.1961266994476318, 1.0783805847167969, 1.1963282823562622, 1.2420802116394043, 0.9979529976844788, 1.167960286140442, 1.1316879987716675, 1.1474251747131348, 1.2360974550247192, 1.2508002519607544, 1.1319223642349243, 1.2472549676895142, 1.2268574237823486, 1.1909486055374146, 1.1608943939208984, 1.1226544380187988, 1.1709887981414795, 1.2530566453933716]",sae,Pre-64
1,beta,47,0.75,0.4460371044958436,0.4257646434940195,0.4033451395960316,0.5,0.6434257056516428,0.7291872950556163,30,"[0, 1, 2, 3, 4, 5, 6, 7, 8, 9, 10, 11, 12, 13, 14, 15, 16, 17, 18, 19, 20, 21, 22, 23, 24, 25, 26, 27, 28, 29]","[1.2948559522628784, 1.148354411125183, 1.1743416786193848, 1.1649647951126099, 1.246188759803772, 1.2814688682556152, 1.2447621822357178, 1.2164852619171143, 1.2303695678710938, 1.1912521123886108, 1.1916992664337158, 1.1139793395996094, 1.1724560260772705, 1.2962146997451782, 1.1174935102462769, 1.2390276193618774, 1.1683082580566406, 1.2478612661361694, 1.090547800064087, 1.1480519771575928, 1.1796824932098389, 1.2337864637374878, 1.2272014617919922, 1.1476048231124878, 1.2347866296768188, 1.1138331890106201, 1.1005412340164185, 1.2123545408248901, 1.1655439138412476, 1.21992826461792]",sae,Pre-64
1,beta,31,0.23,0.4497611378811508,0.4308970333737342,0.4262221267401975,0.5,0.642735734520437,0.7068234375903335,30,"[0, 1, 2, 3, 4, 5, 6, 7, 8, 9, 10, 11, 12, 13, 14, 15, 16, 17, 18, 19, 20, 21, 22, 23, 24, 25, 26, 27, 28, 29]","[1.1868829727172852, 1.1684132814407349, 1.1411691904067993, 1.1192221641540527, 1.1979950666427612, 1.2012416124343872, 1.1268763542175293, 1.1949924230575562, 1.1851063966751099, 1.1678438186645508, 1.1846915483474731, 1.1878143548965454, 1.2181352376937866, 1.073760986328125, 1.2400416135787964, 1.1805418729782104, 1.1810487508773804, 1.162557601928711, 1.1839708089828491, 1.1404868364334106, 1.2300362586975098, 1.1923527717590332, 1.2170655727386475, 1.2127258777618408, 1.1911245584487915, 1.1909171342849731, 1.1074947118759155, 1.2370617389678955, 1.1450209617614746, 1.2102415561676025]",sae,Pre-64
1,beta,48,200.0,0.4556814132376,0.4510566266980289,0.4520297461127678,0.5,0.5923878577171784,0.5876994552846448,30,"[0, 1, 2, 3, 4, 5, 6, 7, 8, 9, 10, 11, 12, 13, 14, 15, 16, 17, 18, 19, 20, 21, 22, 23, 24, 25, 26, 27, 28, 29]","[1.314848780632019, 1.2628027200698853, 1.241004228591919, 1.2374732494354248, 1.2198200225830078, 1.1986083984375, 1.2501070499420166, 1.1745821237564087, 1.2252157926559448, 1.2332372665405273, 1.2725598812103271, 1.2326319217681885, 1.2322970628738403, 1.2276474237442017, 1.1980329751968384, 1.24959397315979, 1.2403693199157715, 1.2576123476028442, 1.2807153463363647, 1.1356396675109863, 1.2306994199752808, 1.2764241695404053, 1.2865550518035889, 1.136379361152649, 1.2335848808288574, 1.253692626953125, 1.2959669828414917, 1.2499793767929077, 1.2189946174621582, 1.252404808998108]",sae,Pre-64
1,beta,26,10.0,0.4502231978181314,0.4442488029476733,0.4386859385409231,0.5,0.5832450787939482,0.6475593742568525,30,"[0, 1, 2, 3, 4, 5, 6, 7, 8, 9, 10, 11, 12, 13, 14, 15, 16, 17, 18, 19, 20, 21, 22, 23, 24, 25, 26, 27, 28, 29]","[1.1555442810058594, 1.2041875123977661, 1.299892783164978, 1.115403652191162, 1.1977704763412476, 1.2426538467407227, 1.2137271165847778, 1.1166235208511353, 1.202622890472412, 1.1893163919448853, 1.098173975944519, 1.2942622900009155, 1.250457763671875, 1.2013744115829468, 1.2439463138580322, 1.1272211074829102, 1.1953763961791992, 1.1167938709259033, 1.2241944074630737, 1.2015106678009033, 1.1450039148330688, 1.2828484773635864, 1.2133245468139648, 1.2307840585708618, 1.2933491468429565, 1.3005832433700562, 1.1806293725967407, 1.226503849029541, 1.0538688898086548, 1.1579833030700684]",sae,Pre-64
1,beta,43,0.3,0.4515364523902173,0.4432102910589974,0.4316837755271505,0.5,0.6060785767234989,0.6967279466271312,30,"[0, 1, 2, 3, 4, 5, 6, 7, 8, 9, 10, 11, 12, 13, 14, 15, 16, 17, 18, 19, 20, 21, 22, 23, 24, 25, 26, 27, 28, 29]","[1.2137269973754883, 1.2966495752334595, 1.2138888835906982, 1.1676738262176514, 1.2102769613265991, 1.1480684280395508, 1.1920170783996582, 1.177064299583435, 1.259727120399475, 1.1724348068237305, 1.1425949335098267, 1.2585235834121704, 1.2058279514312744, 1.1739577054977417, 1.1621994972229004, 1.0888837575912476, 1.250617504119873, 1.1916553974151611, 1.2415788173675537, 1.2100411653518677, 1.173439860343933, 1.1695396900177002, 1.238284707069397, 1.2358100414276123, 1.1332714557647705, 1.2508617639541626, 1.267849326133728, 1.178114891052246, 1.2484055757522583, 1.2684884071350098]",sae,Pre-64
1,beta,3,1.5,0.4557259332451328,0.444824285747971,0.440048509573409,0.5,0.6042731979176,0.6513497732311597,30,"[0, 1, 2, 3, 4, 5, 6, 7, 8, 9, 10, 11, 12, 13, 14, 15, 16, 17, 18, 19, 20, 21, 22, 23, 24, 25, 26, 27, 28, 29]","[1.2173471450805664, 1.2437915802001953, 1.2303599119186401, 1.1470088958740234, 1.225160837173462, 1.2187906503677368, 1.2136988639831543, 1.2373769283294678, 1.0408121347427368, 1.2769273519515991, 1.1646583080291748, 1.2723538875579834, 1.2085832357406616, 1.1533737182617188, 1.2780166864395142, 1.220745325088501, 1.2246323823928833, 1.232620120048523, 1.1631330251693726, 1.1876789331436157, 1.1246399879455566, 1.1998945474624634, 1.1904420852661133, 1.2890866994857788, 1.2598119974136353, 1.2086460590362549, 1.220794439315796, 1.200886607170105, 1.255966067314148, 1.1892025470733643]",sae,Pre-64
1,beta,27,100.0,0.4609757262074365,0.4537266978541116,0.4516783014725056,0.5,0.5914172664146189,0.6586614698443567,30,"[0, 1, 2, 3, 4, 5, 6, 7, 8, 9, 10, 11, 12, 13, 14, 15, 16, 17, 18, 19, 20, 21, 22, 23, 24, 25, 26, 27, 28, 29]","[1.2290319204330444, 1.2658694982528687, 1.2246942520141602, 1.2191146612167358, 1.2526310682296753, 1.1830732822418213, 1.2688981294631958, 1.1652835607528687, 1.2092324495315552, 1.1985894441604614, 1.1707059144973755, 1.268323302268982, 1.2084215879440308, 1.1814098358154297, 1.2069700956344604, 1.1506013870239258, 1.180336356163025, 1.2344633340835571, 1.2088221311569214, 1.1903407573699951, 1.2684584856033325, 1.2527191638946533, 1.1786249876022339, 1.1301987171173096, 1.2132477760314941, 1.2670561075210571, 1.1951019763946533, 1.2304065227508545, 1.1527602672576904, 1.2162050008773804]",sae,Pre-64
1,beta,19,0.75,0.4469965829377276,0.435497383761294,0.4102618671853438,0.5,0.6104665954706788,0.7106605521877061,30,"[0, 1, 2, 3, 4, 5, 6, 7, 8, 9, 10, 11, 12, 13, 14, 15, 16, 17, 18, 19, 20, 21, 22, 23, 24, 25, 26, 27, 28, 29]","[1.1908780336380005, 1.1948882341384888, 1.261419415473938, 1.2143750190734863, 1.1074068546295166, 1.138035535812378, 1.1818253993988037, 1.2405482530593872, 1.1682370901107788, 1.2502057552337646, 1.23455810546875, 1.2729377746582031, 1.1755164861679077, 1.1892448663711548, 1.0957870483398438, 1.117355465888977, 1.255409598350525, 1.2807034254074097, 1.139570951461792, 1.1753686666488647, 1.285911202430725, 1.180781364440918, 1.1631584167480469, 1.175125002861023, 1.172812819480896, 1.2548409700393677, 1.2710891962051392, 1.194553017616272, 1.1372811794281006, 1.1591088771820068]",sae,Pre-64
1,beta,45,1000.0,0.4515599815008028,0.4347157609968581,0.4338067708529527,0.5,0.6289673345145609,0.6747383883815667,30,"[0, 1, 2, 3, 4, 5, 6, 7, 8, 9, 10, 11, 12, 13, 14, 15, 16, 17, 18, 19, 20, 21, 22, 23, 24, 25, 26, 27, 28, 29]","[1.2118186950683594, 1.2046393156051636, 1.1175212860107422, 1.2471874952316284, 1.2435009479522705, 1.0702455043792725, 1.2621617317199707, 1.1873860359191895, 1.158481478691101, 1.0991942882537842, 1.1809848546981812, 1.2580912113189697, 1.2084110975265503, 1.1058392524719238, 1.1608388423919678, 1.1815924644470215, 1.1621969938278198, 1.0576989650726318, 1.1889337301254272, 1.2040725946426392, 1.2099356651306152, 1.1275392770767212, 1.2057688236236572, 1.0658499002456665, 1.0492150783538818, 1.2386078834533691, 1.1468443870544434, 1.167812705039978, 1.0608655214309692, 1.248781681060791]",sae,Pre-64
1,beta,15,0.3,0.4529015220185267,0.4424399871594601,0.4284118443215009,0.5,0.6161071485640408,0.7104519240546783,30,"[0, 1, 2, 3, 4, 5, 6, 7, 8, 9, 10, 11, 12, 13, 14, 15, 16, 17, 18, 19, 20, 21, 22, 23, 24, 25, 26, 27, 28, 29]","[1.1927778720855713, 1.1442453861236572, 1.1761606931686401, 1.2072666883468628, 1.2167092561721802, 1.1792570352554321, 1.1694177389144897, 1.1919076442718506, 1.2219332456588745, 1.2391242980957031, 1.2103255987167358, 1.1446863412857056, 1.2652772665023804, 1.233768343925476, 1.1630961894989014, 1.2003110647201538, 1.1706291437149048, 1.2441874742507935, 1.14444899559021, 1.216774821281433, 1.2655062675476074, 1.2446293830871582, 1.1856228113174438, 1.2192357778549194, 1.1511465311050415, 1.0717037916183472, 1.224746823310852, 1.2716789245605469, 1.1863014698028564, 1.207101583480835]",sae,Pre-64
1,beta,36,75.0,0.4642138821845151,0.4576483090311837,0.4535059149965175,0.5,0.6031055233182893,0.6753925104988936,30,"[0, 1, 2, 3, 4, 5, 6, 7, 8, 9, 10, 11, 12, 13, 14, 15, 16, 17, 18, 19, 20, 21, 22, 23, 24, 25, 26, 27, 28, 29]","[1.1789084672927856, 1.1453419923782349, 1.1322602033615112, 1.1648893356323242, 1.0651395320892334, 1.1846054792404175, 1.141721487045288, 1.157162070274353, 1.1999086141586304, 1.0772851705551147, 1.1159154176712036, 1.2064303159713745, 1.127974510192871, 1.1429641246795654, 1.1640619039535522, 1.2071683406829834, 1.1763486862182617, 1.1451680660247803, 1.1947323083877563, 1.1258301734924316, 1.1810296773910522, 1.130793571472168, 1.1566245555877686, 1.1185775995254517, 1.1979726552963257, 1.140467643737793, 1.1513619422912598, 1.1503264904022217, 1.1800856590270996, 1.1112136840820312]",sae,Pre-64
1,beta,16,50.0,0.4519396108125126,0.4401978349795346,0.4265240655428548,0.5,0.6159012314439947,0.7157482046462309,30,"[0, 1, 2, 3, 4, 5, 6, 7, 8, 9, 10, 11, 12, 13, 14, 15, 16, 17, 18, 19, 20, 21, 22, 23, 24, 25, 26, 27, 28, 29]","[1.155144453048706, 1.1337980031967163, 1.1233099699020386, 1.1950212717056274, 1.1797491312026978, 1.1431095600128174, 1.194365382194519, 1.1770823001861572, 1.1407045125961304, 1.1889445781707764, 1.1803953647613525, 1.1736708879470825, 1.1382813453674316, 1.1618629693984985, 1.068888545036316, 1.121972918510437, 1.2042245864868164, 1.0445743799209595, 1.1478757858276367, 1.1736332178115845, 1.2176194190979004, 1.1968461275100708, 1.194488763809204, 1.1921454668045044, 1.079857349395752, 1.1655960083007812, 1.083346962928772, 1.1446884870529175, 1.1000053882598877, 1.1300923824310303]",sae,Pre-64
1,beta,24,30.0,0.4501416387440968,0.4383559369047743,0.4339455560581706,0.5,0.6188330126613704,0.6395171300893744,30,"[0, 1, 2, 3, 4, 5, 6, 7, 8, 9, 10, 11, 12, 13, 14, 15, 16, 17, 18, 19, 20, 21, 22, 23, 24, 25, 26, 27, 28, 29]","[1.2124673128128052, 1.1755998134613037, 1.1868178844451904, 1.2273244857788086, 1.242689609527588, 1.1841548681259155, 1.1860560178756714, 1.1832525730133057, 1.2021790742874146, 1.0739104747772217, 1.2058616876602173, 1.1563575267791748, 1.2078834772109985, 1.2294706106185913, 1.1749554872512817, 1.1637247800827026, 1.237532138824463, 1.0551373958587646, 1.169660210609436, 1.2379261255264282, 1.2216182947158813, 1.238648533821106, 1.1921476125717163, 1.2000505924224854, 1.1518317461013794, 1.1153621673583984, 1.1851884126663208, 1.1612211465835571, 1.239385962486267, 1.1791527271270752]",sae,Pre-64
1,beta,17,1000.0,0.4599327030141671,0.4513468217402507,0.4356333898997919,0.5,0.6120635717004715,0.6982794453738126,30,"[0, 1, 2, 3, 4, 5, 6, 7, 8, 9, 10, 11, 12, 13, 14, 15, 16, 17, 18, 19, 20, 21, 22, 23, 24, 25, 26, 27, 28, 29]","[1.253448724746704, 1.157033085823059, 1.1724380254745483, 1.21102774143219, 1.2398598194122314, 1.1416960954666138, 1.2152034044265747, 1.1179237365722656, 1.1752480268478394, 1.1612284183502197, 1.2127126455307007, 1.234884262084961, 1.1886143684387207, 1.2384566068649292, 1.1679030656814575, 1.1839061975479126, 1.2392202615737915, 1.1842913627624512, 1.217572808265686, 1.1993213891983032, 1.1283472776412964, 1.197530746459961, 1.0647335052490234, 1.1836165189743042, 1.1550945043563843, 1.1692523956298828, 1.1686493158340454, 1.191864013671875, 1.1417936086654663, 1.2131496667861938]",sae,Pre-64
1,beta,38,30.0,0.4455661720406026,0.4298851252298221,0.4228880692508185,0.5,0.6303640517897944,0.6635567402894135,30,"[0, 1, 2, 3, 4, 5, 6, 7, 8, 9, 10, 11, 12, 13, 14, 15, 16, 17, 18, 19, 20, 21, 22, 23, 24, 25, 26, 27, 28, 29]","[1.1721346378326416, 1.1665115356445312, 1.1951327323913574, 1.2084224224090576, 1.1932506561279297, 1.0943678617477417, 1.22554349899292, 1.190416932106018, 1.0534244775772095, 1.212303638458252, 1.196964144706726, 1.1929432153701782, 1.2093898057937622, 1.185971736907959, 1.2129939794540405, 1.1697133779525757, 1.1856392621994019, 1.237824559211731, 1.137427806854248, 1.2083672285079956, 1.1895427703857422, 1.2017890214920044, 1.2302438020706177, 1.1494355201721191, 1.191596269607544, 1.2291513681411743, 1.1410502195358276, 1.2461069822311401, 1.175614595413208, 1.249431848526001]",sae,Pre-64
1,beta,29,50.0,0.4558655961502112,0.4409050416793991,0.4444198026216828,0.5,0.6296548282533407,0.6689000750796879,30,"[0, 1, 2, 3, 4, 5, 6, 7, 8, 9, 10, 11, 12, 13, 14, 15, 16, 17, 18, 19, 20, 21, 22, 23, 24, 25, 26, 27, 28, 29]","[1.194935917854309, 1.1385749578475952, 1.0295852422714233, 1.238612413406372, 1.1851270198822021, 1.162545919418335, 1.2411545515060425, 1.166039228439331, 1.2299060821533203, 1.2362966537475586, 1.1895782947540283, 1.2295013666152954, 1.231622576713562, 1.2365245819091797, 1.1724414825439453, 1.2314629554748535, 1.110655665397644, 1.1652898788452148, 1.1510244607925415, 1.1959142684936523, 1.249851107597351, 1.2568353414535522, 1.1828466653823853, 1.198325514793396, 1.1877683401107788, 1.1336921453475952, 1.1967061758041382, 1.2367507219314575, 1.2920050621032715, 1.1695195436477661]",sae,Pre-64
1,beta,39,500.0,0.4461088087810431,0.4292341094433316,0.4297945582794436,0.5,0.6205127278095635,0.6657718484774533,30,"[0, 1, 2, 3, 4, 5, 6, 7, 8, 9, 10, 11, 12, 13, 14, 15, 16, 17, 18, 19, 20, 21, 22, 23, 24, 25, 26, 27, 28, 29]","[1.1917375326156616, 1.236011266708374, 1.1890162229537964, 1.1643238067626953, 1.140978217124939, 1.2120108604431152, 1.1828933954238892, 1.2210265398025513, 1.1605393886566162, 1.199174165725708, 1.1834092140197754, 1.0992392301559448, 1.2075473070144653, 1.1379015445709229, 1.20431649684906, 1.2560211420059204, 1.1885234117507935, 1.2229002714157104, 1.1480319499969482, 1.0825574398040771, 1.1679973602294922, 1.2216445207595825, 1.1227527856826782, 1.1278188228607178, 1.2215803861618042, 1.2034790515899658, 1.0507583618164062, 1.1575127840042114, 1.2623809576034546, 1.1674622297286987]",sae,Pre-64
1,beta,34,200.0,0.4568527557813058,0.4470225010708758,0.4413985530215953,0.5,0.6011606799053854,0.6760287318218534,30,"[0, 1, 2, 3, 4, 5, 6, 7, 8, 9, 10, 11, 12, 13, 14, 15, 16, 17, 18, 19, 20, 21, 22, 23, 24, 25, 26, 27, 28, 29]","[1.137890338897705, 1.2171109914779663, 1.2127997875213623, 1.1824638843536377, 1.152029275894165, 1.1444475650787354, 1.1735047101974487, 1.0769213438034058, 1.1361875534057617, 1.1606651544570923, 1.2005587816238403, 1.015907645225525, 1.1853113174438477, 1.0790728330612183, 1.1112900972366333, 1.1400375366210938, 1.2139219045639038, 1.2259365320205688, 1.1806495189666748, 1.1336230039596558, 1.175050139427185, 1.2325819730758667, 1.1709409952163696, 1.1730239391326904, 1.1460753679275513, 1.094346284866333, 1.2428449392318726, 1.229536533355713, 1.2293792963027954, 1.190686821937561]",sae,Pre-64
1,beta,5,0.75,0.4445517550333296,0.4301735816232515,0.4245154437456085,0.5,0.6070910659257547,0.6842133226655333,30,"[0, 1, 2, 3, 4, 5, 6, 7, 8, 9, 10, 11, 12, 13, 14, 15, 16, 17, 18, 19, 20, 21, 22, 23, 24, 25, 26, 27, 28, 29]","[1.204357385635376, 1.1163825988769531, 1.1249853372573853, 1.2326985597610474, 1.2355924844741821, 1.143419623374939, 1.1704707145690918, 1.1541118621826172, 1.2013881206512451, 1.1368167400360107, 1.2147825956344604, 1.2316826581954956, 1.1647292375564575, 1.1742970943450928, 1.2483549118041992, 1.1848121881484985, 1.1945708990097046, 1.215935230255127, 1.0952128171920776, 1.1795579195022583, 1.241766095161438, 1.18599534034729, 1.2278627157211304, 1.1371809244155884, 1.1636097431182861, 1.2409509420394897, 1.11619234085083, 1.1437363624572754, 1.2238935232162476, 1.1628071069717407]",sae,Pre-64
1,beta,21,0.4,0.4504746503440228,0.4381370334360364,0.4311294635996217,0.5,0.6200058082774133,0.6869276684091498,30,"[0, 1, 2, 3, 4, 5, 6, 7, 8, 9, 10, 11, 12, 13, 14, 15, 16, 17, 18, 19, 20, 21, 22, 23, 24, 25, 26, 27, 28, 29]","[1.1803776025772095, 1.2129217386245728, 1.311724305152893, 1.3021670579910278, 1.2421014308929443, 1.2579972743988037, 1.212137222290039, 1.2139384746551514, 1.2774068117141724, 1.2381240129470825, 1.3010495901107788, 1.2547733783721924, 1.1991218328475952, 1.212850570678711, 1.215636134147644, 1.2088747024536133, 1.2284326553344727, 1.2312376499176025, 1.1713279485702515, 1.3056316375732422, 1.1831986904144287, 1.3058035373687744, 1.1795728206634521, 1.1755977869033813, 1.2410591840744019, 1.1754379272460938, 1.1187101602554321, 1.2165383100509644, 1.2829509973526, 1.247829794883728]",sae,Pre-64
1,beta,11,1.0,0.4566976193509867,0.4496008864727478,0.4314025118568114,0.5,0.5995106990682213,0.709773142295266,30,"[0, 1, 2, 3, 4, 5, 6, 7, 8, 9, 10, 11, 12, 13, 14, 15, 16, 17, 18, 19, 20, 21, 22, 23, 24, 25, 26, 27, 28, 29]","[1.197404384613037, 1.0159912109375, 1.1595122814178467, 1.0947496891021729, 1.2204711437225342, 1.0870051383972168, 1.1269891262054443, 1.0375356674194336, 1.2077991962432861, 1.2207576036453247, 1.2321844100952148, 1.2301312685012817, 1.2398982048034668, 1.1524134874343872, 1.143661618232727, 1.0850900411605835, 1.17250657081604, 1.1216024160385132, 1.160549521446228, 1.1942617893218994, 1.178363561630249, 1.1898934841156006, 1.2164463996887207, 1.1637935638427734, 1.1526267528533936, 1.2090473175048828, 1.2035871744155884, 1.1137361526489258, 1.1602522134780884, 1.1377544403076172]",sae,Pre-64
1,beta,41,100.0,0.4543678569363413,0.4427951465832617,0.4470912810108336,0.5,0.6190905384235713,0.6706238331294664,30,"[0, 1, 2, 3, 4, 5, 6, 7, 8, 9, 10, 11, 12, 13, 14, 15, 16, 17, 18, 19, 20, 21, 22, 23, 24, 25, 26, 27, 28, 29]","[1.1356950998306274, 1.1843740940093994, 1.0599017143249512, 1.0706007480621338, 1.0468002557754517, 1.210906744003296, 1.101571798324585, 1.1551228761672974, 1.140668272972107, 1.1793739795684814, 1.185392141342163, 1.1593207120895386, 1.1646181344985962, 1.1845898628234863, 1.201792597770691, 1.1444034576416016, 1.0762401819229126, 1.1555777788162231, 1.1304680109024048, 1.1696642637252808, 1.0725892782211304, 1.1413424015045166, 1.1628625392913818, 1.156077265739441, 1.1492286920547485, 1.137248158454895, 1.1817694902420044, 1.172348141670227, 1.1405194997787476, 1.0922468900680542]",sae,Pre-64
1,beta,6,200.0,0.4540822999211705,0.4457917896713532,0.4384936900712481,0.5,0.5933447799067053,0.6652910519198336,30,"[0, 1, 2, 3, 4, 5, 6, 7, 8, 9, 10, 11, 12, 13, 14, 15, 16, 17, 18, 19, 20, 21, 22, 23, 24, 25, 26, 27, 28, 29]","[1.2093437910079956, 1.2324018478393555, 1.1689670085906982, 1.2286028861999512, 1.1660292148590088, 1.1364821195602417, 1.1552339792251587, 1.210248351097107, 1.1588280200958252, 1.2276009321212769, 1.1634801626205444, 1.1048387289047241, 1.1711478233337402, 1.1197253465652466, 1.0116533041000366, 1.2269690036773682, 1.129739761352539, 1.1970460414886475, 1.1658244132995605, 1.1922228336334229, 1.1664220094680786, 1.1494638919830322, 1.2115159034729004, 1.2004733085632324, 1.147264838218689, 1.1653865575790405, 1.1267348527908325, 1.1380363702774048, 1.188260555267334, 1.2108981609344482]",sae,Pre-64
1,beta,33,0.75,0.4492211383258522,0.4377959816952598,0.4223402424961981,0.5,0.6165210074526608,0.6954138560095032,30,"[0, 1, 2, 3, 4, 5, 6, 7, 8, 9, 10, 11, 12, 13, 14, 15, 16, 17, 18, 19, 20, 21, 22, 23, 24, 25, 26, 27, 28, 29]","[1.1849273443222046, 1.2562428712844849, 1.2136778831481934, 1.194433331489563, 1.149998426437378, 1.2687307596206665, 1.1574212312698364, 1.2470797300338745, 1.2527871131896973, 1.2536271810531616, 1.1950736045837402, 1.2495068311691284, 1.1756917238235474, 1.1588196754455566, 1.1325362920761108, 1.2413465976715088, 1.1629266738891602, 1.1944456100463867, 1.2464298009872437, 1.2438013553619385, 1.1899774074554443, 1.159067153930664, 1.2561681270599365, 1.2361953258514404, 1.2687146663665771, 1.1437739133834839, 1.1919195652008057, 1.171987533569336, 1.145799160003662, 1.191154956817627]",sae,Pre-64
1,beta,19,200.0,0.4469965829377276,0.435497383761294,0.4115444306539579,0.5,0.6104665954706788,0.7106605521877061,30,"[0, 1, 2, 3, 4, 5, 6, 7, 8, 9, 10, 11, 12, 13, 14, 15, 16, 17, 18, 19, 20, 21, 22, 23, 24, 25, 26, 27, 28, 29]","[1.1908780336380005, 1.1948882341384888, 1.261419415473938, 1.2143750190734863, 1.1074068546295166, 1.138035535812378, 1.1818253993988037, 1.2405482530593872, 1.1682370901107788, 1.2502057552337646, 1.23455810546875, 1.2729377746582031, 1.1755164861679077, 1.1892448663711548, 1.0957870483398438, 1.117355465888977, 1.255409598350525, 1.2807034254074097, 1.139570951461792, 1.1753686666488647, 1.285911202430725, 1.180781364440918, 1.1631584167480469, 1.175125002861023, 1.172812819480896, 1.2548409700393677, 1.2710891962051392, 1.194553017616272, 1.1372811794281006, 1.1591088771820068]",sae,Pre-64
1,beta,30,50.0,0.4638407167611665,0.4544841508273655,0.4349917136696578,0.5,0.6043368975359404,0.6920299717760999,30,"[0, 1, 2, 3, 4, 5, 6, 7, 8, 9, 10, 11, 12, 13, 14, 15, 16, 17, 18, 19, 20, 21, 22, 23, 24, 25, 26, 27, 28, 29]","[1.234999656677246, 1.1741113662719727, 1.2121046781539917, 1.183706521987915, 1.188236951828003, 1.1696803569793701, 1.186059832572937, 1.151381492614746, 1.14472234249115, 1.1600751876831055, 1.2435591220855713, 1.1388177871704102, 1.1140148639678955, 1.1526716947555542, 1.2056300640106201, 1.2250553369522095, 1.1707159280776978, 1.1746101379394531, 1.240835428237915, 1.1718575954437256, 1.142357349395752, 1.105589747428894, 1.171762228012085, 1.1619601249694824, 1.262255311012268, 1.1716129779815674, 1.202602505683899, 1.1705881357192993, 1.21686589717865, 1.1907846927642822]",sae,Pre-64
1,beta,44,50.0,0.4469012312759677,0.43811650775401,0.4405295180628805,0.5,0.5982762074796864,0.6190848668045466,30,"[0, 1, 2, 3, 4, 5, 6, 7, 8, 9, 10, 11, 12, 13, 14, 15, 16, 17, 18, 19, 20, 21, 22, 23, 24, 25, 26, 27, 28, 29]","[1.188148856163025, 1.2002507448196411, 1.1204805374145508, 1.1610747575759888, 1.1904850006103516, 1.2366626262664795, 1.1955641508102417, 1.144327998161316, 1.206619143486023, 1.2314187288284302, 1.1892151832580566, 1.1514842510223389, 1.187224268913269, 1.1622644662857056, 1.248563528060913, 1.2472829818725586, 1.1387724876403809, 1.0304396152496338, 1.2001614570617676, 1.1816792488098145, 1.1582975387573242, 1.1419570446014404, 1.1716670989990234, 1.1951204538345337, 1.2422082424163818, 1.1315513849258423, 1.152037262916565, 1.1923751831054688, 1.1700479984283447, 1.2005369663238525]",sae,Pre-64
1,beta,45,1.5,0.4515599815008028,0.4347157609968581,0.4272786329684899,0.5,0.6289673345145609,0.6747383883815667,30,"[0, 1, 2, 3, 4, 5, 6, 7, 8, 9, 10, 11, 12, 13, 14, 15, 16, 17, 18, 19, 20, 21, 22, 23, 24, 25, 26, 27, 28, 29]","[1.2118186950683594, 1.2046393156051636, 1.1175212860107422, 1.2471874952316284, 1.2435009479522705, 1.0702455043792725, 1.2621617317199707, 1.1873860359191895, 1.158481478691101, 1.0991942882537842, 1.1809848546981812, 1.2580912113189697, 1.2084110975265503, 1.1058392524719238, 1.1608388423919678, 1.1815924644470215, 1.1621969938278198, 1.0576989650726318, 1.1889337301254272, 1.2040725946426392, 1.2099356651306152, 1.1275392770767212, 1.2057688236236572, 1.0658499002456665, 1.0492150783538818, 1.2386078834533691, 1.1468443870544434, 1.167812705039978, 1.0608655214309692, 1.248781681060791]",sae,Pre-64
1,beta,32,20.0,0.4555596844830426,0.4475674839123162,0.4494373618878855,0.5,0.5924839124839124,0.6273726788012502,30,"[0, 1, 2, 3, 4, 5, 6, 7, 8, 9, 10, 11, 12, 13, 14, 15, 16, 17, 18, 19, 20, 21, 22, 23, 24, 25, 26, 27, 28, 29]","[1.28597891330719, 1.1913915872573853, 1.2832305431365967, 1.218367338180542, 1.2208343744277954, 1.3007514476776123, 1.2324695587158203, 1.1970856189727783, 1.2136499881744385, 1.2141656875610352, 1.2057666778564453, 1.2006953954696655, 1.2301374673843384, 1.1585408449172974, 1.1468251943588257, 1.169873833656311, 1.1970511674880981, 1.2234464883804321, 1.1713792085647583, 1.2120120525360107, 1.2902600765228271, 1.2123761177062988, 1.170460820198059, 1.290606141090393, 1.2252774238586426, 1.167966604232788, 1.2753394842147827, 1.0860527753829956, 1.292422890663147, 1.2855812311172485]",sae,Pre-64
1,beta,22,75.0,0.4519005213187685,0.4442985770479847,0.4367168433296196,0.5,0.5939599289403404,0.6815271356133603,30,"[0, 1, 2, 3, 4, 5, 6, 7, 8, 9, 10, 11, 12, 13, 14, 15, 16, 17, 18, 19, 20, 21, 22, 23, 24, 25, 26, 27, 28, 29]","[1.1179190874099731, 1.168941855430603, 1.1830703020095825, 1.1668369770050049, 1.2358616590499878, 1.1766568422317505, 1.1327937841415405, 1.165419340133667, 1.125562310218811, 1.1434152126312256, 1.1285946369171143, 1.224861741065979, 1.1848485469818115, 1.2125139236450195, 1.133904218673706, 1.1921454668045044, 1.203025460243225, 1.2069814205169678, 1.1357468366622925, 1.1382958889007568, 1.198440432548523, 1.1977695226669312, 1.207923412322998, 1.1743204593658447, 1.1639965772628784, 1.2263959646224976, 1.1249594688415527, 1.1282567977905273, 1.2587064504623413, 1.1409783363342285]",sae,Pre-64
1,beta,13,100.0,0.4619123366083722,0.4531466051409948,0.4353358523040135,0.5,0.6127276801885291,0.7084227751366117,30,"[0, 1, 2, 3, 4, 5, 6, 7, 8, 9, 10, 11, 12, 13, 14, 15, 16, 17, 18, 19, 20, 21, 22, 23, 24, 25, 26, 27, 28, 29]","[1.2620290517807007, 1.0841492414474487, 1.2518304586410522, 1.2009828090667725, 1.1773443222045898, 1.2524205446243286, 1.1896860599517822, 1.205586552619934, 1.2011864185333252, 1.204891324043274, 1.2614386081695557, 1.189528465270996, 1.1975116729736328, 1.2220771312713623, 1.2205173969268799, 1.1578680276870728, 1.1433484554290771, 1.2188818454742432, 1.1746560335159302, 1.1710954904556274, 1.1613126993179321, 1.1272764205932617, 1.1385637521743774, 1.1813597679138184, 1.1625311374664307, 1.1538347005844116, 1.1776994466781616, 1.1675361394882202, 1.191448450088501, 1.2053452730178833]",sae,Pre-64
1,beta,27,0.5,0.4609757262074365,0.4537266978541116,0.451195819434031,0.5,0.5914172664146189,0.6586614698443567,30,"[0, 1, 2, 3, 4, 5, 6, 7, 8, 9, 10, 11, 12, 13, 14, 15, 16, 17, 18, 19, 20, 21, 22, 23, 24, 25, 26, 27, 28, 29]","[1.2290319204330444, 1.2658694982528687, 1.2246942520141602, 1.2191146612167358, 1.2526310682296753, 1.1830732822418213, 1.2688981294631958, 1.1652835607528687, 1.2092324495315552, 1.1985894441604614, 1.1707059144973755, 1.268323302268982, 1.2084215879440308, 1.1814098358154297, 1.2069700956344604, 1.1506013870239258, 1.180336356163025, 1.2344633340835571, 1.2088221311569214, 1.1903407573699951, 1.2684584856033325, 1.2527191638946533, 1.1786249876022339, 1.1301987171173096, 1.2132477760314941, 1.2670561075210571, 1.1951019763946533, 1.2304065227508545, 1.1527602672576904, 1.2162050008773804]",sae,Pre-64
1,beta,1,3.0,0.4560357198099471,0.4497423189216591,0.4381060319731675,0.5,0.5964054457666336,0.680948080464655,30,"[0, 1, 2, 3, 4, 5, 6, 7, 8, 9, 10, 11, 12, 13, 14, 15, 16, 17, 18, 19, 20, 21, 22, 23, 24, 25, 26, 27, 28, 29]","[1.2484626770019531, 1.183357834815979, 1.2077564001083374, 1.127197027206421, 1.1837691068649292, 1.1471096277236938, 1.1291790008544922, 1.2051725387573242, 1.1376121044158936, 1.1618740558624268, 1.1627427339553833, 1.1907955408096313, 1.2489014863967896, 1.1427462100982666, 1.2440361976623535, 1.078278660774231, 1.0989395380020142, 1.1663775444030762, 1.2298505306243896, 1.2602465152740479, 1.2476614713668823, 1.2094584703445435, 1.1924338340759277, 1.1765055656433105, 1.1376926898956299, 1.1597349643707275, 1.16420316696167, 1.178998589515686, 1.2568261623382568, 1.1711331605911255]",sae,Pre-64
1,beta,17,1.5,0.4599327030141671,0.4513468217402507,0.4356333898997919,0.5,0.6120635717004715,0.6982794453738126,30,"[0, 1, 2, 3, 4, 5, 6, 7, 8, 9, 10, 11, 12, 13, 14, 15, 16, 17, 18, 19, 20, 21, 22, 23, 24, 25, 26, 27, 28, 29]","[1.253448724746704, 1.157033085823059, 1.1724380254745483, 1.21102774143219, 1.2398598194122314, 1.1416960954666138, 1.2152034044265747, 1.1179237365722656, 1.1752480268478394, 1.1612284183502197, 1.2127126455307007, 1.234884262084961, 1.1886143684387207, 1.2384566068649292, 1.1679030656814575, 1.1839061975479126, 1.2392202615737915, 1.1842913627624512, 1.217572808265686, 1.1993213891983032, 1.1283472776412964, 1.197530746459961, 1.0647335052490234, 1.1836165189743042, 1.1550945043563843, 1.1692523956298828, 1.1686493158340454, 1.191864013671875, 1.1417936086654663, 1.2131496667861938]",sae,Pre-64
1,beta,12,500.0,0.4455148672091349,0.4361346773072694,0.4067994034030875,0.5,0.5892778403611032,0.732179722690948,30,"[0, 1, 2, 3, 4, 5, 6, 7, 8, 9, 10, 11, 12, 13, 14, 15, 16, 17, 18, 19, 20, 21, 22, 23, 24, 25, 26, 27, 28, 29]","[1.1510069370269775, 1.238104224205017, 1.1669384241104126, 1.0727007389068604, 1.2094347476959229, 1.160822868347168, 1.1686755418777466, 1.231000304222107, 1.250001072883606, 1.1482594013214111, 1.1463829278945923, 1.2851383686065674, 1.1506091356277466, 1.2207391262054443, 1.1269334554672241, 1.2875975370407104, 1.111490249633789, 1.2468537092208862, 1.1965770721435547, 1.2625105381011963, 1.2613308429718018, 1.1978631019592285, 1.1764955520629883, 1.2832802534103394, 1.261273980140686, 1.1248352527618408, 1.2639222145080566, 1.2385042905807495, 1.1889654397964478, 1.2939741611480713]",sae,Pre-64
1,beta,39,1.0,0.4461088087810431,0.4292341094433316,0.4252844720948667,0.5,0.6205127278095635,0.6663940032117044,30,"[0, 1, 2, 3, 4, 5, 6, 7, 8, 9, 10, 11, 12, 13, 14, 15, 16, 17, 18, 19, 20, 21, 22, 23, 24, 25, 26, 27, 28, 29]","[1.216462254524231, 1.2659140825271606, 1.2165905237197876, 1.191034197807312, 1.1655396223068237, 1.2371826171875, 1.2044917345046997, 1.2443451881408691, 1.1868855953216553, 1.2305794954299927, 1.2080047130584717, 1.1260032653808594, 1.2331589460372925, 1.160966157913208, 1.2297303676605225, 1.28411865234375, 1.2187986373901367, 1.2489168643951416, 1.174490213394165, 1.1097151041030884, 1.1897438764572144, 1.2500786781311035, 1.1458661556243896, 1.1573774814605713, 1.2474361658096313, 1.2320665121078491, 1.0783662796020508, 1.1808710098266602, 1.2898577451705933, 1.1891001462936401]",sae,Pre-64
1,beta,28,100.0,0.4589844236982603,0.4495627040154577,0.4363597930098649,0.5,0.5987249917034086,0.6954499122931779,30,"[0, 1, 2, 3, 4, 5, 6, 7, 8, 9, 10, 11, 12, 13, 14, 15, 16, 17, 18, 19, 20, 21, 22, 23, 24, 25, 26, 27, 28, 29]","[1.1352343559265137, 1.0775038003921509, 1.0399432182312012, 1.2336927652359009, 1.179149866104126, 1.2072476148605347, 1.1323752403259277, 1.10542631149292, 1.2175010442733765, 1.2215855121612549, 1.176476240158081, 1.2057819366455078, 1.218854308128357, 1.2209949493408203, 1.1551659107208252, 1.1379764080047607, 1.1653257608413696, 1.2166705131530762, 1.183241605758667, 1.1995640993118286, 1.135400652885437, 1.153017282485962, 1.1304819583892822, 1.08482027053833, 1.1267801523208618, 1.205606460571289, 1.2566165924072266, 1.1601134538650513, 1.1428003311157227, 1.122060775756836]",sae,Pre-64
1,beta,42,100.0,0.4546678683050885,0.4407690563496341,0.441373671958306,0.5,0.6336081445133979,0.6603511208928656,30,"[0, 1, 2, 3, 4, 5, 6, 7, 8, 9, 10, 11, 12, 13, 14, 15, 16, 17, 18, 19, 20, 21, 22, 23, 24, 25, 26, 27, 28, 29]","[1.2767118215560913, 1.1509020328521729, 1.2741888761520386, 1.2517021894454956, 1.16533625125885, 1.2553739547729492, 1.1647206544876099, 1.148014783859253, 1.1693377494812012, 1.2613091468811035, 1.2386943101882935, 1.2795376777648926, 1.1614588499069214, 1.0049147605895996, 1.2809103727340698, 1.1924101114273071, 1.141250491142273, 1.1302461624145508, 1.240049958229065, 1.2147595882415771, 1.1706880331039429, 1.1570767164230347, 1.171014428138733, 1.1616032123565674, 1.189007043838501, 1.1533206701278687, 1.2752232551574707, 1.16252863407135, 1.2145106792449951, 1.1530125141143799]",sae,Pre-64
1,beta,46,1000.0,0.4545712902572906,0.4417269056853911,0.4421724236010882,0.5,0.6270377926330811,0.6841009761445498,30,"[0, 1, 2, 3, 4, 5, 6, 7, 8, 9, 10, 11, 12, 13, 14, 15, 16, 17, 18, 19, 20, 21, 22, 23, 24, 25, 26, 27, 28, 29]","[1.154767394065857, 1.227081537246704, 1.2429275512695312, 1.2448883056640625, 1.1829752922058105, 1.2766703367233276, 1.184883952140808, 1.2525430917739868, 1.2228230237960815, 1.2935329675674438, 1.0590815544128418, 1.1557743549346924, 1.295918583869934, 1.1653231382369995, 1.2226365804672241, 1.2752548456192017, 1.2336431741714478, 1.2529560327529907, 1.253047227859497, 1.2707768678665161, 1.200863003730774, 1.2171014547348022, 1.2470494508743286, 1.232546091079712, 1.2547560930252075, 1.260716199874878, 1.2299758195877075, 1.279518485069275, 1.224043607711792, 1.2248477935791016]",sae,Pre-64
1,beta,3,1000.0,0.4557259332451328,0.444824285747971,0.4445124516593589,0.5,0.6042731979176,0.6513497732311597,30,"[0, 1, 2, 3, 4, 5, 6, 7, 8, 9, 10, 11, 12, 13, 14, 15, 16, 17, 18, 19, 20, 21, 22, 23, 24, 25, 26, 27, 28, 29]","[1.2173471450805664, 1.2437915802001953, 1.2303599119186401, 1.1470088958740234, 1.225160837173462, 1.2187906503677368, 1.2136988639831543, 1.2373769283294678, 1.0408121347427368, 1.2769273519515991, 1.1646583080291748, 1.2723538875579834, 1.2085832357406616, 1.1533737182617188, 1.2780166864395142, 1.220745325088501, 1.2246323823928833, 1.232620120048523, 1.1631330251693726, 1.1876789331436157, 1.1246399879455566, 1.1998945474624634, 1.1904420852661133, 1.2890866994857788, 1.2598119974136353, 1.2086460590362549, 1.220794439315796, 1.200886607170105, 1.255966067314148, 1.1892025470733643]",sae,Pre-64
1,beta,7,5.0,0.4564836922581216,0.4420418003909208,0.4261423382195769,0.5,0.6095136152062148,0.7000084039932237,30,"[0, 1, 2, 3, 4, 5, 6, 7, 8, 9, 10, 11, 12, 13, 14, 15, 16, 17, 18, 19, 20, 21, 22, 23, 24, 25, 26, 27, 28, 29]","[1.186367392539978, 1.203552484512329, 1.2273681163787842, 1.1744158267974854, 1.2427024841308594, 1.194297194480896, 1.1417649984359741, 1.1899380683898926, 1.274727702140808, 1.2103523015975952, 1.1130813360214233, 1.1793581247329712, 1.1271109580993652, 1.140200138092041, 1.2939406633377075, 1.2133886814117432, 1.183907389640808, 1.1221195459365845, 1.2292346954345703, 1.2417727708816528, 1.200108528137207, 1.2005424499511719, 1.201027750968933, 1.1506562232971191, 1.259361982345581, 1.2019909620285034, 1.2091292142868042, 1.0751577615737915, 1.2751001119613647, 1.1631182432174683]",sae,Pre-64
1,beta,18,1000.0,0.4575117633693479,0.4471831599677374,0.4182839141236465,0.5,0.6052065040104606,0.7279783219994782,30,"[0, 1, 2, 3, 4, 5, 6, 7, 8, 9, 10, 11, 12, 13, 14, 15, 16, 17, 18, 19, 20, 21, 22, 23, 24, 25, 26, 27, 28, 29]","[1.08156156539917, 1.1808451414108276, 1.2274887561798096, 1.1775970458984375, 1.1839946508407593, 1.1783868074417114, 1.302558422088623, 1.1474957466125488, 1.2003755569458008, 1.1137614250183105, 1.279771089553833, 1.1947054862976074, 1.217077374458313, 1.243087649345398, 1.1674503087997437, 1.1044795513153076, 1.2428091764450073, 1.1572407484054565, 1.1403177976608276, 1.0754040479660034, 1.2844663858413696, 1.1361045837402344, 1.2445805072784424, 1.2017990350723267, 1.1962649822235107, 1.1700507402420044, 1.2117968797683716, 1.2385376691818237, 1.2291908264160156, 1.181313395500183]",sae,Pre-64
1,beta,13,10.0,0.4619123366083722,0.4531466051409948,0.4350286745343597,0.5,0.6127276801885291,0.7084227751366117,30,"[0, 1, 2, 3, 4, 5, 6, 7, 8, 9, 10, 11, 12, 13, 14, 15, 16, 17, 18, 19, 20, 21, 22, 23, 24, 25, 26, 27, 28, 29]","[1.2620290517807007, 1.0841492414474487, 1.2518304586410522, 1.2009828090667725, 1.1773443222045898, 1.2524205446243286, 1.1896860599517822, 1.205586552619934, 1.2011864185333252, 1.204891324043274, 1.2614386081695557, 1.189528465270996, 1.1975116729736328, 1.2220771312713623, 1.2205173969268799, 1.1578680276870728, 1.1433484554290771, 1.2188818454742432, 1.1746560335159302, 1.1710954904556274, 1.1613126993179321, 1.1272764205932617, 1.1385637521743774, 1.1813597679138184, 1.1625311374664307, 1.1538347005844116, 1.1776994466781616, 1.1675361394882202, 1.191448450088501, 1.2053452730178833]",sae,Pre-64
1,beta,20,200.0,0.4408022875601419,0.4262939306313442,0.427879448243761,0.5,0.6176087118064704,0.6488779225692263,30,"[0, 1, 2, 3, 4, 5, 6, 7, 8, 9, 10, 11, 12, 13, 14, 15, 16, 17, 18, 19, 20, 21, 22, 23, 24, 25, 26, 27, 28, 29]","[1.1888443231582642, 1.2588075399398804, 1.2090791463851929, 1.276505947113037, 1.265021800994873, 1.2415491342544556, 1.253626823425293, 1.1762081384658813, 1.2560367584228516, 1.204184651374817, 1.1926451921463013, 1.1942633390426636, 1.285210132598877, 1.1553280353546143, 1.1849594116210938, 1.2904577255249023, 1.1613073348999023, 1.195784091949463, 1.2340788841247559, 1.2251707315444946, 1.236037015914917, 1.167548418045044, 1.2559117078781128, 1.2980648279190063, 1.249900221824646, 1.1806350946426392, 1.2032898664474487, 1.2339420318603516, 1.1950137615203857, 1.2724168300628662]",sae,Pre-64
1,beta,40,500.0,0.44666181227492,0.4340193094910912,0.4277079325824439,0.5,0.6093636266731638,0.6687813123391555,30,"[0, 1, 2, 3, 4, 5, 6, 7, 8, 9, 10, 11, 12, 13, 14, 15, 16, 17, 18, 19, 20, 21, 22, 23, 24, 25, 26, 27, 28, 29]","[1.2192795276641846, 1.1627495288848877, 1.1719245910644531, 1.11849045753479, 1.135270118713379, 1.1779391765594482, 1.1913443803787231, 1.1937462091445923, 1.2064859867095947, 1.201514720916748, 1.149951457977295, 1.1584373712539673, 1.2228493690490723, 1.112459421157837, 1.1239572763442993, 1.2368988990783691, 1.1208115816116333, 1.179778814315796, 1.1400268077850342, 1.1179053783416748, 1.1553407907485962, 1.1589585542678833, 1.194280743598938, 1.1646192073822021, 1.205991506576538, 1.145589828491211, 1.2156630754470825, 1.108210802078247, 1.2394895553588867, 1.1593530178070068]",sae,Pre-64
1,beta,3,50.0,0.4557259332451328,0.444824285747971,0.4416715786618769,0.5,0.6042731979176,0.6513497732311597,30,"[0, 1, 2, 3, 4, 5, 6, 7, 8, 9, 10, 11, 12, 13, 14, 15, 16, 17, 18, 19, 20, 21, 22, 23, 24, 25, 26, 27, 28, 29]","[1.2173471450805664, 1.2437915802001953, 1.2303599119186401, 1.1470088958740234, 1.225160837173462, 1.2187906503677368, 1.2136988639831543, 1.2373769283294678, 1.0408121347427368, 1.2769273519515991, 1.1646583080291748, 1.2723538875579834, 1.2085832357406616, 1.1533737182617188, 1.2780166864395142, 1.220745325088501, 1.2246323823928833, 1.232620120048523, 1.1631330251693726, 1.1876789331436157, 1.1246399879455566, 1.1998945474624634, 1.1904420852661133, 1.2890866994857788, 1.2598119974136353, 1.2086460590362549, 1.220794439315796, 1.200886607170105, 1.255966067314148, 1.1892025470733643]",sae,Pre-64
1,beta,14,100.0,0.4467366851483266,0.4421697276018216,0.4236898416391712,0.5,0.5934222168898753,0.7004071746726857,30,"[0, 1, 2, 3, 4, 5, 6, 7, 8, 9, 10, 11, 12, 13, 14, 15, 16, 17, 18, 19, 20, 21, 22, 23, 24, 25, 26, 27, 28, 29]","[1.1700234413146973, 1.0681921243667603, 1.1210544109344482, 1.148490071296692, 1.1765847206115723, 1.143620252609253, 1.1391699314117432, 1.1990078687667847, 1.1443272829055786, 1.177550196647644, 1.0939750671386719, 1.0375179052352905, 1.0638422966003418, 1.1846389770507812, 1.1842373609542847, 1.1451287269592285, 1.202758550643921, 1.1907190084457397, 1.1267846822738647, 1.1308374404907227, 1.1608028411865234, 1.1382582187652588, 1.1897944211959839, 1.1014028787612915, 1.1924012899398804, 1.182306170463562, 1.1216769218444824, 1.1922364234924316, 1.183416485786438, 1.0683033466339111]",sae,Pre-64
1,beta,5,20.0,0.4445517550333296,0.4301735816232515,0.4207782263918074,0.5,0.6070910659257547,0.6842133226655333,30,"[0, 1, 2, 3, 4, 5, 6, 7, 8, 9, 10, 11, 12, 13, 14, 15, 16, 17, 18, 19, 20, 21, 22, 23, 24, 25, 26, 27, 28, 29]","[1.204357385635376, 1.1163825988769531, 1.1249853372573853, 1.2326985597610474, 1.2355924844741821, 1.143419623374939, 1.1704707145690918, 1.1541118621826172, 1.2013881206512451, 1.1368167400360107, 1.2147825956344604, 1.2316826581954956, 1.1647292375564575, 1.1742970943450928, 1.2483549118041992, 1.1848121881484985, 1.1945708990097046, 1.215935230255127, 1.0952128171920776, 1.1795579195022583, 1.241766095161438, 1.18599534034729, 1.2278627157211304, 1.1371809244155884, 1.1636097431182861, 1.2409509420394897, 1.11619234085083, 1.1437363624572754, 1.2238935232162476, 1.1628071069717407]",sae,Pre-64
1,beta,43,3.0,0.4515364523902173,0.4432102910589974,0.4271282622112568,0.5,0.6060785767234989,0.6967279466271312,30,"[0, 1, 2, 3, 4, 5, 6, 7, 8, 9, 10, 11, 12, 13, 14, 15, 16, 17, 18, 19, 20, 21, 22, 23, 24, 25, 26, 27, 28, 29]","[1.2137269973754883, 1.2966495752334595, 1.2138888835906982, 1.1676738262176514, 1.2102769613265991, 1.1480684280395508, 1.1920170783996582, 1.177064299583435, 1.259727120399475, 1.1724348068237305, 1.1425949335098267, 1.2585235834121704, 1.2058279514312744, 1.1739577054977417, 1.1621994972229004, 1.0888837575912476, 1.250617504119873, 1.1916553974151611, 1.2415788173675537, 1.2100411653518677, 1.173439860343933, 1.1695396900177002, 1.238284707069397, 1.2358100414276123, 1.1332714557647705, 1.2508617639541626, 1.267849326133728, 1.178114891052246, 1.2484055757522583, 1.2684884071350098]",sae,Pre-64
1,beta,9,2.0,0.448644851968101,0.4348910401892977,0.4336035100164903,0.5,0.6286670530281078,0.67439727615184,30,"[0, 1, 2, 3, 4, 5, 6, 7, 8, 9, 10, 11, 12, 13, 14, 15, 16, 17, 18, 19, 20, 21, 22, 23, 24, 25, 26, 27, 28, 29]","[1.2153398990631104, 1.1627874374389648, 1.2425429821014404, 1.2238517999649048, 1.1654289960861206, 1.0477313995361328, 1.2183655500411987, 1.1352207660675049, 1.2167727947235107, 1.1058458089828491, 1.2178144454956055, 1.1729799509048462, 1.177621603012085, 1.2170661687850952, 1.2525821924209595, 1.1896530389785767, 1.1452741622924805, 1.2327814102172852, 1.2428123950958252, 1.1500693559646606, 1.2273743152618408, 1.2386215925216675, 1.1544575691223145, 1.2277216911315918, 1.2480170726776123, 1.2276045083999634, 1.1016136407852173, 1.0502220392227173, 1.1683142185211182, 1.2417500019073486]",sae,Pre-64
1,beta,29,3.0,0.4558655961502112,0.4409050416793991,0.441780724807862,0.5,0.6296548282533407,0.6689000750796879,30,"[0, 1, 2, 3, 4, 5, 6, 7, 8, 9, 10, 11, 12, 13, 14, 15, 16, 17, 18, 19, 20, 21, 22, 23, 24, 25, 26, 27, 28, 29]","[1.194935917854309, 1.1385749578475952, 1.0295852422714233, 1.238612413406372, 1.1851270198822021, 1.162545919418335, 1.2411545515060425, 1.166039228439331, 1.2299060821533203, 1.2362966537475586, 1.1895782947540283, 1.2295013666152954, 1.231622576713562, 1.2365245819091797, 1.1724414825439453, 1.2314629554748535, 1.110655665397644, 1.1652898788452148, 1.1510244607925415, 1.1959142684936523, 1.249851107597351, 1.2568353414535522, 1.1828466653823853, 1.198325514793396, 1.1877683401107788, 1.1336921453475952, 1.1967061758041382, 1.2367507219314575, 1.2920050621032715, 1.1695195436477661]",sae,Pre-64
1,beta,23,2.0,0.4478205607315014,0.4344954522622479,0.4255263064004082,0.5,0.6150139710231751,0.6687422750907323,30,"[0, 1, 2, 3, 4, 5, 6, 7, 8, 9, 10, 11, 12, 13, 14, 15, 16, 17, 18, 19, 20, 21, 22, 23, 24, 25, 26, 27, 28, 29]","[1.1367353200912476, 1.1628820896148682, 1.1104114055633545, 1.2438031435012817, 1.0608277320861816, 1.1336368322372437, 1.211327075958252, 1.1689966917037964, 1.136163353919983, 1.248887538909912, 1.2434972524642944, 1.19732666015625, 1.1961266994476318, 1.0783805847167969, 1.1963282823562622, 1.2420802116394043, 0.9979529976844788, 1.167960286140442, 1.1316879987716675, 1.1474251747131348, 1.2360974550247192, 1.2508002519607544, 1.1319223642349243, 1.2472549676895142, 1.2268574237823486, 1.1909486055374146, 1.1608943939208984, 1.1226544380187988, 1.1709887981414795, 1.2530566453933716]",sae,Pre-64
1,beta,41,10.0,0.4543678569363413,0.4427951465832617,0.4396116860754192,0.5,0.6190905384235713,0.6706238331294664,30,"[0, 1, 2, 3, 4, 5, 6, 7, 8, 9, 10, 11, 12, 13, 14, 15, 16, 17, 18, 19, 20, 21, 22, 23, 24, 25, 26, 27, 28, 29]","[1.1356950998306274, 1.1843740940093994, 1.0599017143249512, 1.0706007480621338, 1.0468002557754517, 1.210906744003296, 1.101571798324585, 1.1551228761672974, 1.140668272972107, 1.1793739795684814, 1.185392141342163, 1.1593207120895386, 1.1646181344985962, 1.1845898628234863, 1.201792597770691, 1.1444034576416016, 1.0762401819229126, 1.1555777788162231, 1.1304680109024048, 1.1696642637252808, 1.0725892782211304, 1.1413424015045166, 1.1628625392913818, 1.156077265739441, 1.1492286920547485, 1.137248158454895, 1.1817694902420044, 1.172348141670227, 1.1405194997787476, 1.0922468900680542]",sae,Pre-64
1,beta,4,1000.0,0.4589558369307028,0.4477177462853796,0.4493181864938039,0.5,0.61034827708266,0.6615802514735983,30,"[0, 1, 2, 3, 4, 5, 6, 7, 8, 9, 10, 11, 12, 13, 14, 15, 16, 17, 18, 19, 20, 21, 22, 23, 24, 25, 26, 27, 28, 29]","[1.1777721643447876, 1.1554479598999023, 1.123734712600708, 1.2367613315582275, 1.1010112762451172, 1.1309430599212646, 1.145643711090088, 1.1165508031845093, 1.1993235349655151, 1.1947863101959229, 1.1990617513656616, 1.1123532056808472, 1.2366323471069336, 1.1637712717056274, 1.1139233112335205, 1.1837881803512573, 1.1833724975585938, 1.168279767036438, 1.1406776905059814, 1.2084177732467651, 1.1869065761566162, 1.2237598896026611, 1.1760855913162231, 1.0962145328521729, 1.1903668642044067, 1.1116077899932861, 1.1601639986038208, 1.1707360744476318, 1.2161426544189453, 1.1170037984848022]",sae,Pre-64
1,beta,19,20.0,0.4469965829377276,0.435497383761294,0.4083365445919013,0.5,0.6104665954706788,0.7106605521877061,30,"[0, 1, 2, 3, 4, 5, 6, 7, 8, 9, 10, 11, 12, 13, 14, 15, 16, 17, 18, 19, 20, 21, 22, 23, 24, 25, 26, 27, 28, 29]","[1.1908780336380005, 1.1948882341384888, 1.261419415473938, 1.2143750190734863, 1.1074068546295166, 1.138035535812378, 1.1818253993988037, 1.2405482530593872, 1.1682370901107788, 1.2502057552337646, 1.23455810546875, 1.2729377746582031, 1.1755164861679077, 1.1892448663711548, 1.0957870483398438, 1.117355465888977, 1.255409598350525, 1.2807034254074097, 1.139570951461792, 1.1753686666488647, 1.285911202430725, 1.180781364440918, 1.1631584167480469, 1.175125002861023, 1.172812819480896, 1.2548409700393677, 1.2710891962051392, 1.194553017616272, 1.1372811794281006, 1.1591088771820068]",sae,Pre-64
1,beta,49,5.0,0.462130925118617,0.4524487678230295,0.4433491407381135,0.5,0.6141152509743157,0.6817230713245997,30,"[0, 1, 2, 3, 4, 5, 6, 7, 8, 9, 10, 11, 12, 13, 14, 15, 16, 17, 18, 19, 20, 21, 22, 23, 24, 25, 26, 27, 28, 29]","[1.1816726922988892, 1.2170988321304321, 1.2116214036941528, 1.200257420539856, 1.1416643857955933, 1.1891062259674072, 1.246652603149414, 1.1470645666122437, 1.2520469427108765, 1.2268033027648926, 1.168094277381897, 1.1698029041290283, 1.2142579555511475, 1.222419023513794, 1.2369354963302612, 1.197393536567688, 1.2860667705535889, 1.2591131925582886, 1.1340359449386597, 1.2283560037612915, 1.2687814235687256, 1.1859486103057861, 1.263270378112793, 1.2230288982391357, 1.1918312311172485, 1.2190265655517578, 1.2284297943115234, 1.191718339920044, 1.0950191020965576, 1.1822810173034668]",sae,Pre-64
1,beta,35,5.0,0.4566193215888805,0.4379483378046387,0.4252694580026484,0.5,0.637290178651746,0.711674432830182,30,"[0, 1, 2, 3, 4, 5, 6, 7, 8, 9, 10, 11, 12, 13, 14, 15, 16, 17, 18, 19, 20, 21, 22, 23, 24, 25, 26, 27, 28, 29]","[1.1419644355773926, 1.1713181734085083, 1.240107536315918, 1.195743441581726, 1.1811882257461548, 1.1707707643508911, 1.1092125177383423, 1.2573636770248413, 1.2576355934143066, 1.1896233558654785, 1.2206906080245972, 1.1313600540161133, 1.1883442401885986, 1.0861045122146606, 1.169890284538269, 1.1350536346435547, 1.2416034936904907, 1.1306434869766235, 1.220120906829834, 1.109336495399475, 1.1400814056396484, 1.1308884620666504, 1.1600199937820435, 1.0872516632080078, 1.1515733003616333, 1.1778661012649536, 1.1567775011062622, 1.2329468727111816, 1.2157437801361084, 1.209161400794983]",sae,Pre-64
1,beta,9,75.0,0.448644851968101,0.4348910401892977,0.4389117657541305,0.5,0.6286670530281078,0.67439727615184,30,"[0, 1, 2, 3, 4, 5, 6, 7, 8, 9, 10, 11, 12, 13, 14, 15, 16, 17, 18, 19, 20, 21, 22, 23, 24, 25, 26, 27, 28, 29]","[1.2153398990631104, 1.1627874374389648, 1.2425429821014404, 1.2238517999649048, 1.1654289960861206, 1.0477313995361328, 1.2183655500411987, 1.1352207660675049, 1.2167727947235107, 1.1058458089828491, 1.2178144454956055, 1.1729799509048462, 1.177621603012085, 1.2170661687850952, 1.2525821924209595, 1.1896530389785767, 1.1452741622924805, 1.2327814102172852, 1.2428123950958252, 1.1500693559646606, 1.2273743152618408, 1.2386215925216675, 1.1544575691223145, 1.2277216911315918, 1.2480170726776123, 1.2276045083999634, 1.1016136407852173, 1.0502220392227173, 1.1683142185211182, 1.2417500019073486]",sae,Pre-64
1,beta,25,1.0,0.4465066892532915,0.4352791138475453,0.432059848245865,0.5,0.6270054355300688,0.6623169470140464,30,"[0, 1, 2, 3, 4, 5, 6, 7, 8, 9, 10, 11, 12, 13, 14, 15, 16, 17, 18, 19, 20, 21, 22, 23, 24, 25, 26, 27, 28, 29]","[1.2349497079849243, 1.2300689220428467, 1.1594949960708618, 1.2379430532455444, 1.2391033172607422, 1.2348957061767578, 1.1245805025100708, 1.155241847038269, 1.2080327272415161, 1.1094435453414917, 1.245295763015747, 1.160856008529663, 1.2375980615615845, 1.172969102859497, 1.15664803981781, 1.1831228733062744, 1.0464048385620117, 1.1029119491577148, 1.1445536613464355, 1.177851676940918, 1.2662200927734375, 1.0758339166641235, 1.214041829109192, 1.1855113506317139, 1.210127353668213, 1.1676115989685059, 1.270385980606079, 1.2399115562438965, 1.2544312477111816, 1.10956871509552]",sae,Pre-64
1,beta,1,100.0,0.4560357198099471,0.4497423189216591,0.4414277873228484,0.5,0.5964054457666336,0.680948080464655,30,"[0, 1, 2, 3, 4, 5, 6, 7, 8, 9, 10, 11, 12, 13, 14, 15, 16, 17, 18, 19, 20, 21, 22, 23, 24, 25, 26, 27, 28, 29]","[1.2484626770019531, 1.183357834815979, 1.2077564001083374, 1.127197027206421, 1.1837691068649292, 1.1471096277236938, 1.1291790008544922, 1.2051725387573242, 1.1376121044158936, 1.1618740558624268, 1.1627427339553833, 1.1907955408096313, 1.2489014863967896, 1.1427462100982666, 1.2440361976623535, 1.078278660774231, 1.0989395380020142, 1.1663775444030762, 1.2298505306243896, 1.2602465152740479, 1.2476614713668823, 1.2094584703445435, 1.1924338340759277, 1.1765055656433105, 1.1376926898956299, 1.1597349643707275, 1.16420316696167, 1.178998589515686, 1.2568261623382568, 1.1711331605911255]",sae,Pre-64
1,beta,49,200.0,0.462130925118617,0.4524487678230295,0.4454607633090832,0.5,0.6141152509743157,0.6817230713245997,30,"[0, 1, 2, 3, 4, 5, 6, 7, 8, 9, 10, 11, 12, 13, 14, 15, 16, 17, 18, 19, 20, 21, 22, 23, 24, 25, 26, 27, 28, 29]","[1.1816726922988892, 1.2170988321304321, 1.2116214036941528, 1.200257420539856, 1.1416643857955933, 1.1891062259674072, 1.246652603149414, 1.1470645666122437, 1.2520469427108765, 1.2268033027648926, 1.168094277381897, 1.1698029041290283, 1.2142579555511475, 1.222419023513794, 1.2369354963302612, 1.197393536567688, 1.2860667705535889, 1.2591131925582886, 1.1340359449386597, 1.2283560037612915, 1.2687814235687256, 1.1859486103057861, 1.263270378112793, 1.2230288982391357, 1.1918312311172485, 1.2190265655517578, 1.2284297943115234, 1.191718339920044, 1.0950191020965576, 1.1822810173034668]",sae,Pre-64
1,beta,31,1.5,0.4497611378811508,0.4308970333737342,0.4223685027224212,0.5,0.642735734520437,0.7068234375903335,30,"[0, 1, 2, 3, 4, 5, 6, 7, 8, 9, 10, 11, 12, 13, 14, 15, 16, 17, 18, 19, 20, 21, 22, 23, 24, 25, 26, 27, 28, 29]","[1.1868829727172852, 1.1684132814407349, 1.1411691904067993, 1.1192221641540527, 1.1979950666427612, 1.2012416124343872, 1.1268763542175293, 1.1949924230575562, 1.1851063966751099, 1.1678438186645508, 1.1846915483474731, 1.1878143548965454, 1.2181352376937866, 1.073760986328125, 1.2400416135787964, 1.1805418729782104, 1.1810487508773804, 1.162557601928711, 1.1839708089828491, 1.1404868364334106, 1.2300362586975098, 1.1923527717590332, 1.2170655727386475, 1.2127258777618408, 1.1911245584487915, 1.1909171342849731, 1.1074947118759155, 1.2370617389678955, 1.1450209617614746, 1.2102415561676025]",sae,Pre-64
1,beta,47,20.0,0.4460371044958436,0.4257646434940195,0.4015540919926522,0.5,0.6434257056516428,0.7291872950556163,30,"[0, 1, 2, 3, 4, 5, 6, 7, 8, 9, 10, 11, 12, 13, 14, 15, 16, 17, 18, 19, 20, 21, 22, 23, 24, 25, 26, 27, 28, 29]","[1.2948559522628784, 1.148354411125183, 1.1743416786193848, 1.1649647951126099, 1.246188759803772, 1.2814688682556152, 1.2447621822357178, 1.2164852619171143, 1.2303695678710938, 1.1912521123886108, 1.1916992664337158, 1.1139793395996094, 1.1724560260772705, 1.2962146997451782, 1.1174935102462769, 1.2390276193618774, 1.1683082580566406, 1.2478612661361694, 1.090547800064087, 1.1480519771575928, 1.1796824932098389, 1.2337864637374878, 1.2272014617919922, 1.1476048231124878, 1.2347866296768188, 1.1138331890106201, 1.1005412340164185, 1.2123545408248901, 1.1655439138412476, 1.21992826461792]",sae,Pre-64
1,beta,25,500.0,0.4465066892532915,0.4352791138475453,0.4343063238453831,0.5,0.6270054355300688,0.6623169470140464,30,"[0, 1, 2, 3, 4, 5, 6, 7, 8, 9, 10, 11, 12, 13, 14, 15, 16, 17, 18, 19, 20, 21, 22, 23, 24, 25, 26, 27, 28, 29]","[1.2349497079849243, 1.2300689220428467, 1.1594949960708618, 1.2379430532455444, 1.2391033172607422, 1.2348957061767578, 1.1245805025100708, 1.155241847038269, 1.2080327272415161, 1.1094435453414917, 1.245295763015747, 1.160856008529663, 1.2375980615615845, 1.172969102859497, 1.15664803981781, 1.1831228733062744, 1.0464048385620117, 1.1029119491577148, 1.1445536613464355, 1.177851676940918, 1.2662200927734375, 1.0758339166641235, 1.214041829109192, 1.1855113506317139, 1.210127353668213, 1.1676115989685059, 1.270385980606079, 1.2399115562438965, 1.2544312477111816, 1.10956871509552]",sae,Pre-64
1,beta,31,1000.0,0.4497611378811508,0.4308970333737342,0.4263365388095558,0.5,0.642735734520437,0.7068234375903335,30,"[0, 1, 2, 3, 4, 5, 6, 7, 8, 9, 10, 11, 12, 13, 14, 15, 16, 17, 18, 19, 20, 21, 22, 23, 24, 25, 26, 27, 28, 29]","[1.1868829727172852, 1.1684132814407349, 1.1411691904067993, 1.1192221641540527, 1.1979950666427612, 1.2012416124343872, 1.1268763542175293, 1.1949924230575562, 1.1851063966751099, 1.1678438186645508, 1.1846915483474731, 1.1878143548965454, 1.2181352376937866, 1.073760986328125, 1.2400416135787964, 1.1805418729782104, 1.1810487508773804, 1.162557601928711, 1.1839708089828491, 1.1404868364334106, 1.2300362586975098, 1.1923527717590332, 1.2170655727386475, 1.2127258777618408, 1.1911245584487915, 1.1909171342849731, 1.1074947118759155, 1.2370617389678955, 1.1450209617614746, 1.2102415561676025]",sae,Pre-64
1,beta,25,30.0,0.4465066892532915,0.4352791138475453,0.4272361187451629,0.5,0.6270054355300688,0.6623169470140464,30,"[0, 1, 2, 3, 4, 5, 6, 7, 8, 9, 10, 11, 12, 13, 14, 15, 16, 17, 18, 19, 20, 21, 22, 23, 24, 25, 26, 27, 28, 29]","[1.2349497079849243, 1.2300689220428467, 1.1594949960708618, 1.2379430532455444, 1.2391033172607422, 1.2348957061767578, 1.1245805025100708, 1.155241847038269, 1.2080327272415161, 1.1094435453414917, 1.245295763015747, 1.160856008529663, 1.2375980615615845, 1.172969102859497, 1.15664803981781, 1.1831228733062744, 1.0464048385620117, 1.1029119491577148, 1.1445536613464355, 1.177851676940918, 1.2662200927734375, 1.0758339166641235, 1.214041829109192, 1.1855113506317139, 1.210127353668213, 1.1676115989685059, 1.270385980606079, 1.2399115562438965, 1.2544312477111816, 1.10956871509552]",sae,Pre-64
1,beta,15,3.0,0.4529015220185267,0.4424399871594601,0.4251897185084243,0.5,0.6161071485640408,0.710238382312352,30,"[0, 1, 2, 3, 4, 5, 6, 7, 8, 9, 10, 11, 12, 13, 14, 15, 16, 17, 18, 19, 20, 21, 22, 23, 24, 25, 26, 27, 28, 29]","[1.17221999168396, 1.125728726387024, 1.1524420976638794, 1.18513822555542, 1.1932274103164673, 1.1606303453445435, 1.152201533317566, 1.1706732511520386, 1.198472023010254, 1.2162184715270996, 1.1902236938476562, 1.1268775463104248, 1.2425992488861084, 1.2129015922546387, 1.1411244869232178, 1.1768995523452759, 1.151627540588379, 1.2215334177017212, 1.1259431838989258, 1.195621132850647, 1.2451423406600952, 1.2243961095809937, 1.1661878824234009, 1.1994489431381226, 1.127516269683838, 1.0478888750076294, 1.2014273405075073, 1.2476288080215454, 1.165405511856079, 1.1883403062820435]",sae,Pre-64
1,beta,11,30.0,0.4566976193509867,0.4496008864727478,0.4309243520677049,0.5,0.5995106990682213,0.709773142295266,30,"[0, 1, 2, 3, 4, 5, 6, 7, 8, 9, 10, 11, 12, 13, 14, 15, 16, 17, 18, 19, 20, 21, 22, 23, 24, 25, 26, 27, 28, 29]","[1.197404384613037, 1.0159912109375, 1.1595122814178467, 1.0947496891021729, 1.2204711437225342, 1.0870051383972168, 1.1269891262054443, 1.0375356674194336, 1.2077991962432861, 1.2207576036453247, 1.2321844100952148, 1.2301312685012817, 1.2398982048034668, 1.1524134874343872, 1.143661618232727, 1.0850900411605835, 1.17250657081604, 1.1216024160385132, 1.160549521446228, 1.1942617893218994, 1.178363561630249, 1.1898934841156006, 1.2164463996887207, 1.1637935638427734, 1.1526267528533936, 1.2090473175048828, 1.2035871744155884, 1.1137361526489258, 1.1602522134780884, 1.1377544403076172]",sae,Pre-64
1,beta,37,75.0,0.4546908257221888,0.444978337644671,0.4248521975553931,0.5,0.6058579085235571,0.7202592918965247,30,"[0, 1, 2, 3, 4, 5, 6, 7, 8, 9, 10, 11, 12, 13, 14, 15, 16, 17, 18, 19, 20, 21, 22, 23, 24, 25, 26, 27, 28, 29]","[1.1383056640625, 1.213341236114502, 1.177707552909851, 1.16965913772583, 1.1041587591171265, 1.2045390605926514, 1.1453032493591309, 1.249243140220642, 1.2818135023117065, 1.2036993503570557, 1.1849234104156494, 1.1868669986724854, 1.214905858039856, 1.1719192266464233, 1.2408273220062256, 1.1888898611068726, 1.1841654777526855, 1.2297459840774536, 1.199540138244629, 1.1944150924682617, 1.1982941627502441, 1.2023546695709229, 1.2497965097427368, 1.2272303104400635, 1.1954416036605835, 1.2279680967330933, 1.1945136785507202, 1.198485016822815, 1.2278281450271606, 1.2478563785552979]",sae,Pre-64
1,beta,31,50.0,0.4497611378811508,0.4308970333737342,0.4263365388095558,0.5,0.642735734520437,0.7068234375903335,30,"[0, 1, 2, 3, 4, 5, 6, 7, 8, 9, 10, 11, 12, 13, 14, 15, 16, 17, 18, 19, 20, 21, 22, 23, 24, 25, 26, 27, 28, 29]","[1.1868829727172852, 1.1684132814407349, 1.1411691904067993, 1.1192221641540527, 1.1979950666427612, 1.2012416124343872, 1.1268763542175293, 1.1949924230575562, 1.1851063966751099, 1.1678438186645508, 1.1846915483474731, 1.1878143548965454, 1.2181352376937866, 1.073760986328125, 1.2400416135787964, 1.1805418729782104, 1.1810487508773804, 1.162557601928711, 1.1839708089828491, 1.1404868364334106, 1.2300362586975098, 1.1923527717590332, 1.2170655727386475, 1.2127258777618408, 1.1911245584487915, 1.1909171342849731, 1.1074947118759155, 1.2370617389678955, 1.1450209617614746, 1.2102415561676025]",sae,Pre-64
1,beta,37,2.0,0.4546908257221888,0.444978337644671,0.4248521975553931,0.5,0.6058579085235571,0.7202592918965247,30,"[0, 1, 2, 3, 4, 5, 6, 7, 8, 9, 10, 11, 12, 13, 14, 15, 16, 17, 18, 19, 20, 21, 22, 23, 24, 25, 26, 27, 28, 29]","[1.1383056640625, 1.213341236114502, 1.177707552909851, 1.16965913772583, 1.1041587591171265, 1.2045390605926514, 1.1453032493591309, 1.249243140220642, 1.2818135023117065, 1.2036993503570557, 1.1849234104156494, 1.1868669986724854, 1.214905858039856, 1.1719192266464233, 1.2408273220062256, 1.1888898611068726, 1.1841654777526855, 1.2297459840774536, 1.199540138244629, 1.1944150924682617, 1.1982941627502441, 1.2023546695709229, 1.2497965097427368, 1.2272303104400635, 1.1954416036605835, 1.2279680967330933, 1.1945136785507202, 1.198485016822815, 1.2278281450271606, 1.2478563785552979]",sae,Pre-64
1,beta,43,100.0,0.4515364523902173,0.4432102910589974,0.4341806443478864,0.5,0.6060785767234989,0.6967279466271312,30,"[0, 1, 2, 3, 4, 5, 6, 7, 8, 9, 10, 11, 12, 13, 14, 15, 16, 17, 18, 19, 20, 21, 22, 23, 24, 25, 26, 27, 28, 29]","[1.2137269973754883, 1.2966495752334595, 1.2138888835906982, 1.1676738262176514, 1.2102769613265991, 1.1480684280395508, 1.1920170783996582, 1.177064299583435, 1.259727120399475, 1.1724348068237305, 1.1425949335098267, 1.2585235834121704, 1.2058279514312744, 1.1739577054977417, 1.1621994972229004, 1.0888837575912476, 1.250617504119873, 1.1916553974151611, 1.2415788173675537, 1.2100411653518677, 1.173439860343933, 1.1695396900177002, 1.238284707069397, 1.2358100414276123, 1.1332714557647705, 1.2508617639541626, 1.267849326133728, 1.178114891052246, 1.2484055757522583, 1.2684884071350098]",sae,Pre-64
1,beta,26,500.0,0.4502231978181314,0.4442488029476733,0.4431135865908584,0.5,0.5832450787939482,0.6475593742568525,30,"[0, 1, 2, 3, 4, 5, 6, 7, 8, 9, 10, 11, 12, 13, 14, 15, 16, 17, 18, 19, 20, 21, 22, 23, 24, 25, 26, 27, 28, 29]","[1.1555442810058594, 1.2041875123977661, 1.299892783164978, 1.115403652191162, 1.1977704763412476, 1.2426538467407227, 1.2137271165847778, 1.1166235208511353, 1.202622890472412, 1.1893163919448853, 1.098173975944519, 1.2942622900009155, 1.250457763671875, 1.2013744115829468, 1.2439463138580322, 1.1272211074829102, 1.1953763961791992, 1.1167938709259033, 1.2241944074630737, 1.2015106678009033, 1.1450039148330688, 1.2828484773635864, 1.2133245468139648, 1.2307840585708618, 1.2933491468429565, 1.3005832433700562, 1.1806293725967407, 1.226503849029541, 1.0538688898086548, 1.1579833030700684]",sae,Pre-64
1,beta,21,200.0,0.4504746503440228,0.4381370334360364,0.4313713200240022,0.5,0.6200058082774133,0.686910676108207,30,"[0, 1, 2, 3, 4, 5, 6, 7, 8, 9, 10, 11, 12, 13, 14, 15, 16, 17, 18, 19, 20, 21, 22, 23, 24, 25, 26, 27, 28, 29]","[1.1140649318695068, 1.152727723121643, 1.2438535690307617, 1.230009913444519, 1.1658810377120972, 1.1943459510803223, 1.1483663320541382, 1.1402873992919922, 1.204589605331421, 1.1714168787002563, 1.23432457447052, 1.17771315574646, 1.132249355316162, 1.1423084735870361, 1.1501163244247437, 1.1399269104003906, 1.1680771112442017, 1.1623523235321045, 1.1109286546707153, 1.2336747646331787, 1.1268517971038818, 1.2345601320266724, 1.125869870185852, 1.1168842315673828, 1.180175542831421, 1.1148767471313477, 1.053167700767517, 1.1537359952926636, 1.2132099866867065, 1.1823461055755615]",sae,Pre-64
1,beta,15,100.0,0.4529015220185267,0.4424399871594601,0.4300215896187788,0.5,0.6161071485640408,0.710238382312352,30,"[0, 1, 2, 3, 4, 5, 6, 7, 8, 9, 10, 11, 12, 13, 14, 15, 16, 17, 18, 19, 20, 21, 22, 23, 24, 25, 26, 27, 28, 29]","[1.17221999168396, 1.125728726387024, 1.1524420976638794, 1.18513822555542, 1.1932274103164673, 1.1606303453445435, 1.152201533317566, 1.1706732511520386, 1.198472023010254, 1.2162184715270996, 1.1902236938476562, 1.1268775463104248, 1.2425992488861084, 1.2129015922546387, 1.1411244869232178, 1.1768995523452759, 1.151627540588379, 1.2215334177017212, 1.1259431838989258, 1.195621132850647, 1.2451423406600952, 1.2243961095809937, 1.1661878824234009, 1.1994489431381226, 1.127516269683838, 1.0478888750076294, 1.2014273405075073, 1.2476288080215454, 1.165405511856079, 1.1883403062820435]",sae,Pre-64
1,beta,32,1000.0,0.4555596844830426,0.4475674839123162,0.4493967118409911,0.5,0.5924839124839124,0.6273726788012502,30,"[0, 1, 2, 3, 4, 5, 6, 7, 8, 9, 10, 11, 12, 13, 14, 15, 16, 17, 18, 19, 20, 21, 22, 23, 24, 25, 26, 27, 28, 29]","[1.28597891330719, 1.1913915872573853, 1.2832305431365967, 1.218367338180542, 1.2208343744277954, 1.3007514476776123, 1.2324695587158203, 1.1970856189727783, 1.2136499881744385, 1.2141656875610352, 1.2057666778564453, 1.2006953954696655, 1.2301374673843384, 1.1585408449172974, 1.1468251943588257, 1.169873833656311, 1.1970511674880981, 1.2234464883804321, 1.1713792085647583, 1.2120120525360107, 1.2902600765228271, 1.2123761177062988, 1.170460820198059, 1.290606141090393, 1.2252774238586426, 1.167966604232788, 1.2753394842147827, 1.0860527753829956, 1.292422890663147, 1.2855812311172485]",sae,Pre-64
1,beta,27,10.0,0.4609757262074365,0.4537266978541116,0.4436938834638626,0.5,0.5914172664146189,0.6586614698443567,30,"[0, 1, 2, 3, 4, 5, 6, 7, 8, 9, 10, 11, 12, 13, 14, 15, 16, 17, 18, 19, 20, 21, 22, 23, 24, 25, 26, 27, 28, 29]","[1.2290319204330444, 1.2658694982528687, 1.2246942520141602, 1.2191146612167358, 1.2526310682296753, 1.1830732822418213, 1.2688981294631958, 1.1652835607528687, 1.2092324495315552, 1.1985894441604614, 1.1707059144973755, 1.268323302268982, 1.2084215879440308, 1.1814098358154297, 1.2069700956344604, 1.1506013870239258, 1.180336356163025, 1.2344633340835571, 1.2088221311569214, 1.1903407573699951, 1.2684584856033325, 1.2527191638946533, 1.1786249876022339, 1.1301987171173096, 1.2132477760314941, 1.2670561075210571, 1.1951019763946533, 1.2304065227508545, 1.1527602672576904, 1.2162050008773804]",sae,Pre-64
1,beta,21,5.0,0.4504746503440228,0.4381370334360364,0.4244906437576263,0.5,0.6200058082774133,0.686910676108207,30,"[0, 1, 2, 3, 4, 5, 6, 7, 8, 9, 10, 11, 12, 13, 14, 15, 16, 17, 18, 19, 20, 21, 22, 23, 24, 25, 26, 27, 28, 29]","[1.1140649318695068, 1.152727723121643, 1.2438535690307617, 1.230009913444519, 1.1658810377120972, 1.1943459510803223, 1.1483663320541382, 1.1402873992919922, 1.204589605331421, 1.1714168787002563, 1.23432457447052, 1.17771315574646, 1.132249355316162, 1.1423084735870361, 1.1501163244247437, 1.1399269104003906, 1.1680771112442017, 1.1623523235321045, 1.1109286546707153, 1.2336747646331787, 1.1268517971038818, 1.2345601320266724, 1.125869870185852, 1.1168842315673828, 1.180175542831421, 1.1148767471313477, 1.053167700767517, 1.1537359952926636, 1.2132099866867065, 1.1823461055755615]",sae,Pre-64
1,beta,5,1000.0,0.4445517550333296,0.4301735816232515,0.4245154437456085,0.5,0.6070910659257547,0.6842133226655333,30,"[0, 1, 2, 3, 4, 5, 6, 7, 8, 9, 10, 11, 12, 13, 14, 15, 16, 17, 18, 19, 20, 21, 22, 23, 24, 25, 26, 27, 28, 29]","[1.204357385635376, 1.1163825988769531, 1.1249853372573853, 1.2326985597610474, 1.2355924844741821, 1.143419623374939, 1.1704707145690918, 1.1541118621826172, 1.2013881206512451, 1.1368167400360107, 1.2147825956344604, 1.2316826581954956, 1.1647292375564575, 1.1742970943450928, 1.2483549118041992, 1.1848121881484985, 1.1945708990097046, 1.215935230255127, 1.0952128171920776, 1.1795579195022583, 1.241766095161438, 1.18599534034729, 1.2278627157211304, 1.1371809244155884, 1.1636097431182861, 1.2409509420394897, 1.11619234085083, 1.1437363624572754, 1.2238935232162476, 1.1628071069717407]",sae,Pre-64
1,beta,17,50.0,0.4599327030141671,0.4513468217402507,0.4356333898997919,0.5,0.6120635717004715,0.6982794453738126,30,"[0, 1, 2, 3, 4, 5, 6, 7, 8, 9, 10, 11, 12, 13, 14, 15, 16, 17, 18, 19, 20, 21, 22, 23, 24, 25, 26, 27, 28, 29]","[1.253448724746704, 1.157033085823059, 1.1724380254745483, 1.21102774143219, 1.2398598194122314, 1.1416960954666138, 1.2152034044265747, 1.1179237365722656, 1.1752480268478394, 1.1612284183502197, 1.2127126455307007, 1.234884262084961, 1.1886143684387207, 1.2384566068649292, 1.1679030656814575, 1.1839061975479126, 1.2392202615737915, 1.1842913627624512, 1.217572808265686, 1.1993213891983032, 1.1283472776412964, 1.197530746459961, 1.0647335052490234, 1.1836165189743042, 1.1550945043563843, 1.1692523956298828, 1.1686493158340454, 1.191864013671875, 1.1417936086654663, 1.2131496667861938]",sae,Pre-64
1,beta,39,30.0,0.4461088087810431,0.4292341094433316,0.4224342418883079,0.5,0.6205127278095635,0.6657718484774533,30,"[0, 1, 2, 3, 4, 5, 6, 7, 8, 9, 10, 11, 12, 13, 14, 15, 16, 17, 18, 19, 20, 21, 22, 23, 24, 25, 26, 27, 28, 29]","[1.1917375326156616, 1.236011266708374, 1.1890162229537964, 1.1643238067626953, 1.140978217124939, 1.2120108604431152, 1.1828933954238892, 1.2210265398025513, 1.1605393886566162, 1.199174165725708, 1.1834092140197754, 1.0992392301559448, 1.2075473070144653, 1.1379015445709229, 1.20431649684906, 1.2560211420059204, 1.1885234117507935, 1.2229002714157104, 1.1480319499969482, 1.0825574398040771, 1.1679973602294922, 1.2216445207595825, 1.1227527856826782, 1.1278188228607178, 1.2215803861618042, 1.2034790515899658, 1.0507583618164062, 1.1575127840042114, 1.2623809576034546, 1.1674622297286987]",sae,Pre-64
1,beta,45,50.0,0.4515599815008028,0.4347157609968581,0.4336371700781649,0.5,0.6289673345145609,0.6747383883815667,30,"[0, 1, 2, 3, 4, 5, 6, 7, 8, 9, 10, 11, 12, 13, 14, 15, 16, 17, 18, 19, 20, 21, 22, 23, 24, 25, 26, 27, 28, 29]","[1.2118186950683594, 1.2046393156051636, 1.1175212860107422, 1.2471874952316284, 1.2435009479522705, 1.0702455043792725, 1.2621617317199707, 1.1873860359191895, 1.158481478691101, 1.0991942882537842, 1.1809848546981812, 1.2580912113189697, 1.2084110975265503, 1.1058392524719238, 1.1608388423919678, 1.1815924644470215, 1.1621969938278198, 1.0576989650726318, 1.1889337301254272, 1.2040725946426392, 1.2099356651306152, 1.1275392770767212, 1.2057688236236572, 1.0658499002456665, 1.0492150783538818, 1.2386078834533691, 1.1468443870544434, 1.167812705039978, 1.0608655214309692, 1.248781681060791]",sae,Pre-64
1,beta,27,500.0,0.4609757262074365,0.4537266978541116,0.4516783014725056,0.5,0.5914172664146189,0.6586614698443567,30,"[0, 1, 2, 3, 4, 5, 6, 7, 8, 9, 10, 11, 12, 13, 14, 15, 16, 17, 18, 19, 20, 21, 22, 23, 24, 25, 26, 27, 28, 29]","[1.2290319204330444, 1.2658694982528687, 1.2246942520141602, 1.2191146612167358, 1.2526310682296753, 1.1830732822418213, 1.2688981294631958, 1.1652835607528687, 1.2092324495315552, 1.1985894441604614, 1.1707059144973755, 1.268323302268982, 1.2084215879440308, 1.1814098358154297, 1.2069700956344604, 1.1506013870239258, 1.180336356163025, 1.2344633340835571, 1.2088221311569214, 1.1903407573699951, 1.2684584856033325, 1.2527191638946533, 1.1786249876022339, 1.1301987171173096, 1.2132477760314941, 1.2670561075210571, 1.1951019763946533, 1.2304065227508545, 1.1527602672576904, 1.2162050008773804]",sae,Pre-64
1,beta,33,1000.0,0.4492211383258522,0.4377959816952598,0.4223402424961981,0.5,0.6165210074526608,0.6954138560095032,30,"[0, 1, 2, 3, 4, 5, 6, 7, 8, 9, 10, 11, 12, 13, 14, 15, 16, 17, 18, 19, 20, 21, 22, 23, 24, 25, 26, 27, 28, 29]","[1.1849273443222046, 1.2562428712844849, 1.2136778831481934, 1.194433331489563, 1.149998426437378, 1.2687307596206665, 1.1574212312698364, 1.2470797300338745, 1.2527871131896973, 1.2536271810531616, 1.1950736045837402, 1.2495068311691284, 1.1756917238235474, 1.1588196754455566, 1.1325362920761108, 1.2413465976715088, 1.1629266738891602, 1.1944456100463867, 1.2464298009872437, 1.2438013553619385, 1.1899774074554443, 1.159067153930664, 1.2561681270599365, 1.2361953258514404, 1.2687146663665771, 1.1437739133834839, 1.1919195652008057, 1.171987533569336, 1.145799160003662, 1.191154956817627]",sae,Pre-64
1,beta,29,100.0,0.4558655961502112,0.4409050416793991,0.4463097465279557,0.5,0.6296548282533407,0.6689000750796879,30,"[0, 1, 2, 3, 4, 5, 6, 7, 8, 9, 10, 11, 12, 13, 14, 15, 16, 17, 18, 19, 20, 21, 22, 23, 24, 25, 26, 27, 28, 29]","[1.194935917854309, 1.1385749578475952, 1.0295852422714233, 1.238612413406372, 1.1851270198822021, 1.162545919418335, 1.2411545515060425, 1.166039228439331, 1.2299060821533203, 1.2362966537475586, 1.1895782947540283, 1.2295013666152954, 1.231622576713562, 1.2365245819091797, 1.1724414825439453, 1.2314629554748535, 1.110655665397644, 1.1652898788452148, 1.1510244607925415, 1.1959142684936523, 1.249851107597351, 1.2568353414535522, 1.1828466653823853, 1.198325514793396, 1.1877683401107788, 1.1336921453475952, 1.1967061758041382, 1.2367507219314575, 1.2920050621032715, 1.1695195436477661]",sae,Pre-64
1,beta,7,200.0,0.4564836922581216,0.4420418003909208,0.4313737553479332,0.5,0.6095136152062148,0.7000084039932237,30,"[0, 1, 2, 3, 4, 5, 6, 7, 8, 9, 10, 11, 12, 13, 14, 15, 16, 17, 18, 19, 20, 21, 22, 23, 24, 25, 26, 27, 28, 29]","[1.186367392539978, 1.203552484512329, 1.2273681163787842, 1.1744158267974854, 1.2427024841308594, 1.194297194480896, 1.1417649984359741, 1.1899380683898926, 1.274727702140808, 1.2103523015975952, 1.1130813360214233, 1.1793581247329712, 1.1271109580993652, 1.140200138092041, 1.2939406633377075, 1.2133886814117432, 1.183907389640808, 1.1221195459365845, 1.2292346954345703, 1.2417727708816528, 1.200108528137207, 1.2005424499511719, 1.201027750968933, 1.1506562232971191, 1.259361982345581, 1.2019909620285034, 1.2091292142868042, 1.0751577615737915, 1.2751001119613647, 1.1631182432174683]",sae,Pre-64
1,beta,33,20.0,0.4492211383258522,0.4377959816952598,0.420582309614074,0.5,0.6165210074526608,0.6954138560095032,30,"[0, 1, 2, 3, 4, 5, 6, 7, 8, 9, 10, 11, 12, 13, 14, 15, 16, 17, 18, 19, 20, 21, 22, 23, 24, 25, 26, 27, 28, 29]","[1.1849273443222046, 1.2562428712844849, 1.2136778831481934, 1.194433331489563, 1.149998426437378, 1.2687307596206665, 1.1574212312698364, 1.2470797300338745, 1.2527871131896973, 1.2536271810531616, 1.1950736045837402, 1.2495068311691284, 1.1756917238235474, 1.1588196754455566, 1.1325362920761108, 1.2413465976715088, 1.1629266738891602, 1.1944456100463867, 1.2464298009872437, 1.2438013553619385, 1.1899774074554443, 1.159067153930664, 1.2561681270599365, 1.2361953258514404, 1.2687146663665771, 1.1437739133834839, 1.1919195652008057, 1.171987533569336, 1.145799160003662, 1.191154956817627]",sae,Pre-64
1,beta,41,500.0,0.4543678569363413,0.4427951465832617,0.4470912810108336,0.5,0.6190905384235713,0.6706238331294664,30,"[0, 1, 2, 3, 4, 5, 6, 7, 8, 9, 10, 11, 12, 13, 14, 15, 16, 17, 18, 19, 20, 21, 22, 23, 24, 25, 26, 27, 28, 29]","[1.1356950998306274, 1.1843740940093994, 1.0599017143249512, 1.0706007480621338, 1.0468002557754517, 1.210906744003296, 1.101571798324585, 1.1551228761672974, 1.140668272972107, 1.1793739795684814, 1.185392141342163, 1.1593207120895386, 1.1646181344985962, 1.1845898628234863, 1.201792597770691, 1.1444034576416016, 1.0762401819229126, 1.1555777788162231, 1.1304680109024048, 1.1696642637252808, 1.0725892782211304, 1.1413424015045166, 1.1628625392913818, 1.156077265739441, 1.1492286920547485, 1.137248158454895, 1.1817694902420044, 1.172348141670227, 1.1405194997787476, 1.0922468900680542]",sae,Pre-64
1,beta,35,200.0,0.4566193215888805,0.4379483378046387,0.4275639338118701,0.5,0.637290178651746,0.711674432830182,30,"[0, 1, 2, 3, 4, 5, 6, 7, 8, 9, 10, 11, 12, 13, 14, 15, 16, 17, 18, 19, 20, 21, 22, 23, 24, 25, 26, 27, 28, 29]","[1.1419644355773926, 1.1713181734085083, 1.240107536315918, 1.195743441581726, 1.1811882257461548, 1.1707707643508911, 1.1092125177383423, 1.2573636770248413, 1.2576355934143066, 1.1896233558654785, 1.2206906080245972, 1.1313600540161133, 1.1883442401885986, 1.0861045122146606, 1.169890284538269, 1.1350536346435547, 1.2416034936904907, 1.1306434869766235, 1.220120906829834, 1.109336495399475, 1.1400814056396484, 1.1308884620666504, 1.1600199937820435, 1.0872516632080078, 1.1515733003616333, 1.1778661012649536, 1.1567775011062622, 1.2329468727111816, 1.2157437801361084, 1.209161400794983]",sae,Pre-64
1,beta,13,500.0,0.4619123366083722,0.4531466051409948,0.4353358523040135,0.5,0.6127276801885291,0.7084227751366117,30,"[0, 1, 2, 3, 4, 5, 6, 7, 8, 9, 10, 11, 12, 13, 14, 15, 16, 17, 18, 19, 20, 21, 22, 23, 24, 25, 26, 27, 28, 29]","[1.2620290517807007, 1.0841492414474487, 1.2518304586410522, 1.2009828090667725, 1.1773443222045898, 1.2524205446243286, 1.1896860599517822, 1.205586552619934, 1.2011864185333252, 1.204891324043274, 1.2614386081695557, 1.189528465270996, 1.1975116729736328, 1.2220771312713623, 1.2205173969268799, 1.1578680276870728, 1.1433484554290771, 1.2188818454742432, 1.1746560335159302, 1.1710954904556274, 1.1613126993179321, 1.1272764205932617, 1.1385637521743774, 1.1813597679138184, 1.1625311374664307, 1.1538347005844116, 1.1776994466781616, 1.1675361394882202, 1.191448450088501, 1.2053452730178833]",sae,Pre-64
1,beta,23,75.0,0.4478205607315014,0.4344954522622479,0.4293385389136565,0.5,0.6150139710231751,0.6687422750907323,30,"[0, 1, 2, 3, 4, 5, 6, 7, 8, 9, 10, 11, 12, 13, 14, 15, 16, 17, 18, 19, 20, 21, 22, 23, 24, 25, 26, 27, 28, 29]","[1.1367353200912476, 1.1628820896148682, 1.1104114055633545, 1.2438031435012817, 1.0608277320861816, 1.1336368322372437, 1.211327075958252, 1.1689966917037964, 1.136163353919983, 1.248887538909912, 1.2434972524642944, 1.19732666015625, 1.1961266994476318, 1.0783805847167969, 1.1963282823562622, 1.2420802116394043, 0.9979529976844788, 1.167960286140442, 1.1316879987716675, 1.1474251747131348, 1.2360974550247192, 1.2508002519607544, 1.1319223642349243, 1.2472549676895142, 1.2268574237823486, 1.1909486055374146, 1.1608943939208984, 1.1226544380187988, 1.1709887981414795, 1.2530566453933716]",sae,Pre-64
1,beta,19,1000.0,0.4469965829377276,0.435497383761294,0.4115444306539579,0.5,0.6104665954706788,0.7106605521877061,30,"[0, 1, 2, 3, 4, 5, 6, 7, 8, 9, 10, 11, 12, 13, 14, 15, 16, 17, 18, 19, 20, 21, 22, 23, 24, 25, 26, 27, 28, 29]","[1.1908780336380005, 1.1948882341384888, 1.261419415473938, 1.2143750190734863, 1.1074068546295166, 1.138035535812378, 1.1818253993988037, 1.2405482530593872, 1.1682370901107788, 1.2502057552337646, 1.23455810546875, 1.2729377746582031, 1.1755164861679077, 1.1892448663711548, 1.0957870483398438, 1.117355465888977, 1.255409598350525, 1.2807034254074097, 1.139570951461792, 1.1753686666488647, 1.285911202430725, 1.180781364440918, 1.1631584167480469, 1.175125002861023, 1.172812819480896, 1.2548409700393677, 1.2710891962051392, 1.194553017616272, 1.1372811794281006, 1.1591088771820068]",sae,Pre-64
1,beta,47,1000.0,0.4460371044958436,0.42576464349401955,0.4033451395960316,0.5,0.6434257056516428,0.7291872950556163,30,"[0, 1, 2, 3, 4, 5, 6, 7, 8, 9, 10, 11, 12, 13, 14, 15, 16, 17, 18, 19, 20, 21, 22, 23, 24, 25, 26, 27, 28, 29]","[1.2948559522628784, 1.148354411125183, 1.1743416786193848, 1.1649647951126099, 1.246188759803772, 1.2814688682556152, 1.2447621822357178, 1.2164852619171143, 1.2303695678710938, 1.1912521123886108, 1.1916992664337158, 1.1139793395996094, 1.1724560260772705, 1.2962146997451782, 1.1174935102462769, 1.2390276193618774, 1.1683082580566406, 1.2478612661361694, 1.090547800064087, 1.1480519771575928, 1.1796824932098389, 1.2337864637374878, 1.2272014617919922, 1.1476048231124878, 1.2347866296768188, 1.1138331890106201, 1.1005412340164185, 1.2123545408248901, 1.1655439138412476, 1.21992826461792]",sae,Pre-64
